30 217
6 17
12 17
2 6
2 12
17 25
2 25
6 8
8 12
17 20
2 20
8 20
6 22
12 22
20 22
22 25
17 23
8 23
22 23
2 16
8 16
16 22
6 16
12 16
16 20
16 25
18 22
16 18
6 29
12 29
25 29
20 29
2 14
8 14
14 22
14 16
14 29
6 21
12 21
20 21
21 25
3 17
2 3
3 8
3 22
3 16
3 21
6 27
12 27
16 26
0 26
26 27
8 28
22 28
16 28
0 28
6 28
12 28
18 28
1 28
1 23
2 24
8 24
22 24
16 24
24 29
21 24
24 27
24 28
24 25
6 24
12 24
4 29
0 4
4 27
4 28
4 24
4 20
9 16
9 21
9 27
9 23
9 24
9 20
2 13
8 13
13 22
13 16
13 29
0 13
13 28
13 25
13 24
13 20
6 13
12 13
13 18
3 13
1 13
19 27
19 23
19 25
13 19
19 26
12 19
11 22
11 16
11 29
11 21
11 28
11 23
11 24
11 20
9 11
11 26
6 11
1 11
11 18
11 19
4 11
2 5
5 8
5 22
5 16
5 29
5 21
5 28
5 23
5 25
5 20
5 26
5 12
5 14
5 11
9 15
12 15
14 15
6 15
15 19
10 15
4 15
15 18
1 10
3 10
5 10
7 14
6 7
7 19
5 7
7 18
3 7
3 5
4 5
6 19
1 19
4 19
13 14
9 13
6 9
9 12
4 9
1 9
3 9
4 12
4 14
4 18
14 24
20 24
1 24
1 26
1 6
1 18
1 3
3 28
26 28
23 28
25 26
20 26
6 26
12 26
18 26
3 26
25 27
3 27
14 27
20 27
23 27
3 25
3 14
3 6
14 21
14 23
14 20
12 14
6 14
18 29
23 29
0 18
18 23
18 25
12 18
6 18
16 23
0 23
6 23
12 23
23 25
0 20
20 25
6 20
12 20
8 25
0 25
6 25
12 25
0 12
6 12
0 6
