30 130
2 4
4 20
2 8
8 20
8 29
4 21
8 21
19 21
2 5
5 29
4 5
5 8
2 7
7 20
7 29
5 7
4 7
7 19
2 25
20 25
25 29
5 25
4 25
8 25
6 29
6 25
4 6
6 26
4 14
4 28
19 28
8 28
14 28
4 27
27 28
6 27
18 29
5 18
4 18
18 28
1 29
1 5
1 4
1 26
1 18
21 24
5 24
4 24
19 24
1 24
8 24
2 23
20 23
23 29
5 23
19 23
23 26
6 23
1 3
3 7
6 17
3 17
0 17
0 12
8 22
12 22
9 26
8 9
9 23
9 14
9 17
9 22
22 24
7 12
12 17
2 10
10 20
10 29
5 10
4 10
10 19
1 10
10 18
8 10
10 14
10 17
16 25
16 26
6 16
16 18
0 16
15 23
11 15
7 15
15 24
11 16
10 16
13 25
13 19
6 13
3 13
0 13
13 27
7 13
13 16
3 23
0 3
23 24
23 27
14 24
0 1
1 8
14 18
18 27
8 18
7 27
14 27
0 28
26 28
6 14
0 25
25 26
19 25
7 26
5 19
8 19
4 29
0 4
2 29
0 29
