30 130
15 21
12 21
13 15
12 13
15 27
21 27
13 27
1 15
1 12
1 27
14 21
1 14
13 14
4 15
4 12
4 27
4 14
4 13
19 21
1 19
10 15
10 27
10 13
10 19
15 22
22 27
13 22
19 22
21 22
1 22
4 22
15 17
12 17
17 27
14 17
13 17
17 19
17 22
21 26
1 26
10 26
17 26
13 23
0 23
21 23
4 23
1 23
6 15
6 13
6 19
6 22
6 23
13 18
0 18
21 29
10 29
3 29
23 25
7 15
0 7
7 25
7 10
2 13
5 21
1 5
2 5
4 5
2 29
2 24
2 8
1 8
25 28
18 28
15 20
12 20
20 27
13 20
20 22
0 20
20 29
10 20
3 11
9 11
1 9
6 9
9 21
11 20
4 11
20 21
20 28
17 20
17 28
2 28
4 28
2 6
2 7
21 24
7 24
16 24
4 16
3 16
7 16
4 7
21 25
10 25
3 25
1 3
3 21
18 29
10 18
6 18
4 18
1 18
1 6
6 17
17 23
10 17
17 21
10 22
0 22
4 19
0 19
0 14
1 13
0 1
0 27
13 21
0 13
0 21
0 15
