30 130
5 25
17 22
4 25
4 17
19 25
19 22
4 19
5 19
10 25
10 17
10 19
0 10
18 25
18 19
1 25
0 1
1 4
1 22
1 5
6 17
6 19
1 6
14 18
3 12
12 29
18 29
2 22
2 4
2 5
13 25
0 13
2 13
13 14
25 28
0 28
1 28
14 28
4 28
11 28
9 21
13 21
11 21
15 25
15 17
15 19
0 15
12 15
15 18
15 28
15 21
24 25
19 24
1 24
9 24
24 28
22 24
24 27
25 26
19 26
2 26
9 26
10 26
22 26
26 27
1 7
7 18
7 28
3 7
7 10
7 16
16 22
16 24
5 16
16 23
13 16
5 7
7 23
10 23
23 26
6 23
11 23
13 26
4 26
5 27
20 27
20 29
5 20
3 20
8 24
6 24
4 8
8 29
8 15
13 15
3 15
4 15
3 21
6 21
11 22
11 29
6 11
13 28
3 13
2 9
9 14
9 29
9 22
6 9
10 29
4 29
4 12
5 12
12 22
3 14
3 22
10 14
6 14
4 14
5 6
1 18
10 18
18 22
5 18
5 10
4 10
0 4
5 17
0 5
22 25
0 22
