30 217
10 13
13 16
7 10
7 16
13 15
7 15
10 17
16 17
15 17
13 17
8 10
8 13
2 8
7 8
8 17
10 14
13 14
8 14
10 26
13 26
7 26
17 26
2 26
10 18
16 18
15 18
13 18
8 18
18 26
9 10
9 16
9 15
9 13
8 9
9 26
9 17
7 9
2 9
9 14
9 18
10 12
12 16
12 13
8 12
9 12
12 18
3 10
3 9
2 3
3 7
3 17
1 10
1 13
1 26
1 3
1 2
10 20
18 20
2 20
7 20
10 19
13 19
7 19
19 20
1 19
6 12
10 11
11 16
11 15
11 13
8 11
11 26
9 11
3 11
2 11
7 11
1 11
6 11
11 19
11 14
10 22
13 22
22 26
18 22
2 22
20 22
22 28
7 27
20 27
22 27
6 27
5 10
5 13
5 26
5 9
3 5
5 20
1 5
5 6
5 17
5 12
5 19
10 21
16 21
13 21
8 21
9 21
18 21
3 21
1 21
21 22
4 10
4 15
4 13
4 8
4 26
4 9
2 4
4 7
4 22
4 21
0 4
10 23
16 23
13 23
8 23
23 26
18 23
2 23
7 23
1 23
4 23
19 23
10 24
18 24
3 24
1 24
22 24
4 24
14 24
0 24
24 28
12 24
23 24
24 27
14 23
17 23
23 27
10 25
13 25
8 25
18 25
2 25
7 25
22 25
4 25
5 25
0 25
14 25
12 25
21 25
23 25
4 28
13 29
9 29
2 29
20 29
22 29
4 29
19 29
0 29
28 29
11 29
27 29
21 29
5 21
0 21
14 21
12 21
5 27
14 27
11 27
0 22
0 28
11 28
17 28
12 28
11 17
6 19
6 14
17 19
12 19
17 20
1 20
14 20
1 14
1 17
3 14
3 12
7 12
12 17
17 18
2 18
7 18
14 18
14 26
2 17
7 17
0 17
2 15
7 13
2 7
0 7
2 16
2 13
2 10
0 2
