30 130
5 22
1 5
5 27
21 22
1 21
21 27
0 21
5 12
14 22
1 14
14 27
0 14
12 14
6 22
5 6
6 21
6 14
22 25
1 25
0 25
6 25
7 22
1 18
14 18
5 18
1 10
10 18
1 26
12 26
5 26
10 26
15 26
5 15
1 11
11 14
11 26
11 15
5 11
4 22
1 4
0 4
4 6
2 22
2 14
2 5
1 3
3 6
2 3
3 11
3 21
1 29
14 29
7 29
5 8
8 25
8 29
20 22
6 20
2 20
8 20
5 20
0 28
18 28
2 28
7 28
24 26
15 24
5 24
24 29
24 28
21 24
28 29
20 28
1 9
9 14
7 9
9 15
5 9
9 28
9 25
22 23
1 23
23 27
0 23
12 23
18 23
7 23
11 23
21 23
10 19
5 19
19 23
19 25
17 20
17 23
9 23
3 20
3 29
13 22
1 13
12 13
13 14
13 26
13 15
10 13
13 29
4 16
5 16
3 16
13 16
13 25
2 4
2 21
4 11
4 5
4 21
4 10
5 10
10 25
7 18
18 21
5 7
7 25
5 14
14 21
12 21
5 21
0 5
1 22
0 1
