30 217
6 13
6 16
13 28
16 28
26 28
6 28
1 13
1 16
1 26
1 28
5 13
5 16
5 28
1 5
5 6
2 13
2 16
2 26
2 28
2 5
6 29
1 29
2 29
13 14
14 16
14 26
14 28
5 14
14 29
11 28
6 11
1 11
2 11
13 15
15 16
15 26
15 28
5 15
15 29
11 15
13 22
16 22
22 26
22 28
5 22
6 22
1 22
2 22
15 22
14 22
13 21
16 21
21 26
21 28
5 21
11 21
21 22
12 16
12 26
12 28
11 12
12 22
6 12
1 12
12 14
12 15
2 12
12 21
7 16
7 28
7 12
16 23
23 28
22 23
27 28
6 27
1 27
8 16
8 26
8 28
5 8
8 22
8 27
16 18
18 28
12 18
2 18
10 13
10 16
10 28
5 10
9 12
1 9
6 9
9 14
2 9
9 15
13 20
16 20
20 26
20 28
5 20
11 20
9 20
20 27
18 20
3 13
3 16
3 26
3 28
3 5
3 29
3 11
3 22
3 9
2 3
3 23
10 17
1 17
6 17
3 17
15 17
25 28
25 27
10 25
17 25
7 25
20 25
13 19
16 19
19 28
19 22
2 19
19 23
18 19
3 19
1 19
7 19
9 24
2 24
10 24
19 24
7 24
20 24
8 24
6 24
15 24
1 24
6 19
4 19
8 19
4 21
4 8
0 4
4 6
4 25
14 25
1 25
0 25
0 17
17 21
1 3
3 6
3 8
3 14
3 20
14 20
20 21
0 20
1 20
9 10
10 23
1 10
6 10
10 18
10 14
0 10
6 18
1 18
7 18
18 21
8 18
8 21
8 15
8 14
21 27
0 27
15 27
23 27
6 23
1 23
14 23
7 23
15 23
7 15
0 7
1 7
6 7
2 21
6 21
15 21
14 21
2 15
6 15
0 15
11 14
2 14
1 14
0 14
2 6
1 2
0 2
1 6
0 28
6 26
13 16
0 16
