30 130
3 26
26 29
13 26
3 12
12 29
12 13
12 26
3 15
15 29
12 15
6 29
6 12
6 26
6 15
3 4
4 29
4 13
4 12
4 6
6 7
9 15
9 19
9 26
8 9
7 19
3 27
27 29
13 27
12 27
17 27
7 27
19 27
22 28
2 29
2 12
2 6
17 18
17 23
18 23
2 23
1 29
1 12
1 17
1 7
1 22
10 29
10 18
2 10
6 16
7 16
16 19
10 16
16 26
0 16
15 16
16 20
19 24
24 28
4 24
3 14
14 29
13 14
12 14
14 17
14 18
14 22
1 14
4 14
14 21
14 24
25 29
7 25
2 25
1 25
8 25
14 25
3 11
11 29
11 13
11 12
6 11
11 18
11 19
11 28
11 26
8 11
11 23
11 25
24 25
20 24
8 10
5 6
5 7
2 5
5 10
5 8
5 21
5 27
5 23
1 10
10 26
1 15
1 23
4 23
0 23
15 18
2 18
18 26
2 21
0 2
21 28
4 21
21 27
27 28
4 28
8 27
15 27
4 19
19 26
4 7
15 22
15 26
0 15
17 26
0 26
3 29
17 29
8 17
8 22
0 22
