30 130
1 29
8 29
8 10
8 9
9 27
1 27
8 27
20 29
10 20
9 20
20 27
1 18
8 18
22 29
10 22
9 22
22 27
18 22
1 12
8 12
10 17
9 17
17 27
12 17
0 17
1 25
8 25
11 25
25 26
2 9
2 20
1 2
2 26
2 22
7 10
7 9
7 12
7 20
2 7
0 15
1 19
15 19
1 28
15 28
26 28
3 9
3 11
3 28
3 8
1 5
10 13
9 13
13 27
12 13
11 13
13 20
5 13
8 13
13 22
24 26
15 24
22 24
7 24
16 24
5 21
21 26
21 24
16 21
7 21
3 21
4 5
4 26
4 14
4 16
4 17
6 9
6 27
0 6
6 20
2 6
6 15
6 14
1 6
4 6
9 23
23 27
0 23
20 23
2 23
15 23
22 23
1 23
6 23
3 23
13 16
7 13
3 13
5 8
5 14
8 14
1 14
3 14
7 15
15 22
7 17
1 26
17 26
1 11
11 20
8 11
11 22
11 17
8 17
17 22
1 17
12 20
12 22
0 12
0 22
18 20
1 20
8 20
0 27
0 8
1 8
1 10
1 9
0 1
9 10
0 9
