30 130
0 5
19 22
19 28
22 28
19 20
20 28
8 22
8 20
14 22
14 20
15 19
15 28
14 15
6 19
6 22
6 20
3 28
3 6
13 19
6 13
13 22
13 20
3 13
19 25
25 28
13 25
1 22
1 20
16 19
14 16
1 16
10 22
10 16
10 15
10 20
10 21
9 19
9 14
17 22
19 26
6 26
17 26
11 22
3 11
13 29
11 29
16 29
26 29
25 29
12 29
12 15
19 24
24 28
14 24
6 24
17 24
11 24
3 24
15 24
4 24
4 21
3 7
7 9
18 19
18 28
13 18
11 18
16 18
18 29
0 18
7 18
18 26
18 25
7 26
7 20
4 7
2 21
2 25
3 23
15 23
19 27
27 28
14 27
6 27
13 27
1 27
16 27
9 27
24 27
22 27
23 27
21 27
23 26
0 23
2 23
2 4
12 24
20 24
12 22
12 20
0 12
20 29
11 26
9 26
22 26
9 17
9 10
3 9
9 21
0 9
3 16
16 22
16 20
1 15
1 25
15 25
21 25
0 25
13 21
3 22
6 15
6 21
5 15
15 22
14 21
20 22
21 28
5 22
19 21
5 21
