30 174
10 18
3 18
0 3
10 12
3 12
10 13
3 13
13 18
12 13
0 13
10 29
3 29
13 29
7 13
7 18
7 12
0 7
7 29
10 25
13 25
7 25
10 26
13 26
7 26
18 26
0 26
12 26
26 29
25 26
10 28
13 28
26 28
18 28
2 12
0 2
2 29
18 24
2 24
10 27
13 27
7 27
18 27
12 27
0 27
10 21
13 21
21 26
18 21
21 27
12 19
0 19
19 25
19 21
19 24
10 17
13 17
17 26
17 18
0 17
12 17
17 29
10 20
13 20
7 20
18 20
17 20
20 24
0 20
13 15
15 18
15 17
0 15
12 15
5 13
5 18
5 15
5 24
5 29
1 10
1 13
1 26
1 18
1 15
14 26
14 18
14 15
12 14
0 14
14 28
10 16
16 18
16 27
14 16
0 16
23 29
1 23
16 23
9 23
10 22
18 22
22 27
22 24
22 29
22 23
20 22
10 11
3 11
11 13
7 11
11 26
11 18
11 17
11 24
0 4
4 12
4 29
4 11
11 23
11 16
11 21
11 22
6 11
12 22
6 22
12 16
16 21
8 15
8 27
0 8
8 9
8 16
8 28
8 25
8 12
1 14
9 14
14 29
1 29
1 25
1 28
1 12
1 5
5 20
5 28
5 25
5 6
9 15
0 9
9 25
9 28
9 20
6 20
20 21
17 25
6 17
6 19
0 6
6 25
0 21
21 25
21 28
27 29
24 27
12 24
0 24
2 25
2 28
12 28
18 25
18 29
12 29
12 18
0 18
0 10
