30 217
6 10
10 13
13 22
6 14
13 14
10 15
15 22
14 15
5 6
5 13
5 15
5 10
5 22
5 14
3 6
3 13
3 15
3 5
6 19
5 19
10 19
19 22
14 19
6 21
5 21
19 21
10 24
22 24
14 24
3 24
6 11
11 13
11 15
5 11
11 19
11 24
11 22
6 27
5 27
19 27
22 27
10 27
14 27
3 27
6 16
15 16
5 16
16 19
16 22
16 27
6 12
5 12
12 19
12 22
10 12
12 14
6 23
5 23
19 23
22 23
12 23
4 6
4 5
4 19
4 22
4 10
4 14
3 4
6 18
15 18
5 18
18 19
18 22
18 27
12 18
4 18
1 10
1 14
1 18
1 21
1 3
1 16
1 11
1 23
6 29
5 29
19 29
22 29
12 29
10 29
14 29
6 9
5 9
9 19
9 22
9 27
9 12
9 29
0 9
9 11
9 16
2 11
2 16
2 10
2 21
6 7
5 7
7 22
7 29
0 7
6 26
22 26
0 26
10 26
14 26
3 26
21 26
6 20
5 20
20 22
20 29
20 26
16 20
14 20
10 20
7 20
22 28
17 28
14 28
9 28
10 28
20 28
6 8
5 8
8 22
8 12
8 11
8 16
8 14
2 8
8 10
8 18
8 20
8 28
21 28
20 23
17 26
18 26
10 17
14 17
7 17
17 21
5 25
22 25
11 25
17 25
2 25
9 25
10 25
18 25
21 25
23 25
17 23
2 7
7 9
7 23
7 18
3 7
2 9
9 10
9 21
11 29
18 29
3 29
23 29
11 18
14 18
10 18
3 18
4 21
4 16
4 11
4 23
0 23
14 23
10 23
3 23
12 16
11 12
3 12
12 21
0 12
0 16
11 16
10 16
14 16
3 16
21 27
11 27
10 11
11 14
21 24
21 22
0 21
10 21
3 21
3 19
3 22
3 14
3 10
14 22
0 14
10 14
10 22
0 10
6 22
0 22
