30 217
12 29
1 29
1 23
12 17
1 17
17 23
0 17
19 23
19 29
5 12
1 5
5 23
0 5
5 19
11 12
11 23
11 19
11 29
12 28
1 28
23 28
0 28
19 28
11 28
10 12
1 10
10 23
0 10
10 19
10 29
5 10
10 17
10 28
9 12
1 9
9 23
0 9
9 19
9 11
9 10
23 24
10 24
24 29
17 24
5 24
24 28
9 24
1 16
16 23
16 19
16 24
4 19
4 11
4 29
4 17
4 28
4 5
12 15
1 15
15 23
0 15
11 15
10 15
4 15
15 29
15 28
15 17
5 15
1 18
18 23
11 18
10 18
15 18
18 29
18 28
5 18
0 7
7 10
4 7
7 18
2 12
2 23
0 2
26 29
5 26
17 26
26 28
2 26
20 23
20 26
11 27
10 27
27 29
17 27
27 28
5 27
3 12
1 3
3 23
0 3
3 19
3 11
3 27
3 15
3 18
3 5
3 29
21 29
21 28
8 21
6 12
6 23
6 19
6 24
4 6
6 20
6 21
5 6
0 25
24 25
25 27
15 25
2 25
25 29
12 14
14 23
0 14
10 14
14 27
14 20
2 14
14 25
14 29
7 14
9 14
14 28
12 13
1 13
13 23
0 13
11 13
13 24
4 13
13 20
2 13
5 13
13 29
13 14
13 16
13 28
22 23
22 24
22 27
15 22
18 22
22 25
22 29
8 22
17 22
3 22
13 22
6 22
7 13
14 16
8 25
16 25
9 25
6 25
6 8
6 9
6 28
6 7
8 29
8 17
7 8
3 8
3 17
3 9
3 7
2 27
20 27
15 20
20 29
20 28
17 20
5 20
2 20
2 29
2 16
2 17
2 7
2 9
5 7
7 16
9 18
16 18
17 18
4 9
4 16
16 29
16 17
9 16
5 9
9 28
5 28
28 29
17 28
5 11
11 17
5 29
5 17
17 19
17 29
23 29
0 29
12 23
0 23
