30 217
23 27
9 27
19 27
9 19
8 27
8 9
8 19
8 23
6 27
6 9
6 8
6 25
23 25
19 25
18 25
27 29
9 29
8 29
25 29
10 27
9 10
8 10
6 10
10 19
10 23
10 18
10 29
11 27
9 11
8 11
10 11
11 18
17 27
9 17
8 17
10 17
17 18
17 19
17 23
6 17
17 29
11 17
4 27
4 9
4 8
4 25
4 10
4 18
4 17
7 27
7 18
7 23
7 19
6 7
7 29
7 11
4 7
5 27
5 9
5 10
5 18
5 7
24 27
9 24
10 24
18 24
17 24
23 24
6 24
19 24
24 29
11 24
13 27
9 13
8 13
10 13
13 18
13 17
7 13
13 24
13 23
20 27
18 20
17 20
20 24
20 23
6 20
19 20
15 17
11 15
15 23
15 20
13 15
3 27
3 9
23 26
6 26
19 26
26 29
11 26
4 26
3 26
0 26
21 27
9 21
10 21
18 21
7 21
6 21
19 21
21 23
21 29
1 17
1 21
1 23
1 20
1 13
6 16
16 19
1 16
2 27
2 18
2 7
2 21
2 23
2 20
2 13
2 16
22 27
10 22
18 22
11 22
22 23
0 22
4 22
3 22
19 22
6 22
5 22
2 22
2 6
18 28
24 28
11 28
23 28
13 28
1 28
15 28
19 28
2 28
28 29
12 23
0 12
11 14
14 23
4 14
6 14
14 19
12 14
3 14
5 14
1 12
12 15
6 12
2 12
12 19
1 6
1 19
4 21
3 21
11 21
3 23
3 20
3 19
3 6
3 15
3 29
15 19
6 15
13 20
13 19
6 13
5 24
5 23
0 5
4 5
5 19
5 6
5 29
4 23
0 4
4 6
4 19
4 29
6 11
11 19
11 23
11 29
18 29
23 29
0 29
6 29
19 29
6 18
6 23
0 6
6 19
8 18
18 19
19 23
0 19
9 23
9 18
18 23
0 23
18 27
0 18
