30 174
0 20
4 20
0 8
4 8
12 20
0 27
4 27
12 27
12 22
20 22
22 27
0 19
4 19
12 19
19 22
20 23
8 23
19 23
23 27
1 4
1 12
1 22
1 23
17 20
8 17
17 27
17 19
1 17
0 11
4 11
11 12
11 22
11 17
6 20
6 8
6 19
6 27
6 11
21 22
6 21
20 21
11 21
9 12
6 9
9 20
3 20
3 9
1 3
4 7
7 12
7 22
7 17
7 20
7 11
3 7
5 20
5 21
12 28
6 28
20 28
11 28
3 28
5 28
10 20
10 11
9 10
5 10
10 19
12 15
15 22
15 20
11 15
9 15
5 15
10 15
8 15
15 27
0 24
4 24
12 24
22 24
23 24
6 24
20 24
9 24
3 24
16 22
16 20
8 18
18 27
16 18
12 29
22 29
20 29
18 29
3 29
16 29
9 26
16 26
14 26
14 15
14 28
14 29
7 14
14 19
12 25
22 25
17 25
20 25
2 25
2 19
18 25
9 25
5 25
25 26
1 25
13 26
13 15
13 24
13 29
8 13
13 25
25 28
7 25
25 29
26 29
21 26
26 27
19 29
21 29
18 19
11 16
9 16
3 16
8 16
16 24
16 27
1 16
10 24
15 24
21 24
24 28
24 27
7 10
10 28
1 10
21 28
7 28
5 7
5 19
1 7
7 8
3 8
3 27
9 19
9 21
1 21
21 27
1 6
11 20
8 11
1 11
11 27
1 20
1 8
1 19
19 20
8 19
19 27
8 22
20 27
8 27
8 12
8 20
