30 174
2 29
25 29
2 25
4 29
4 25
19 25
2 19
4 19
12 29
12 25
12 19
2 26
4 26
16 29
16 25
16 19
16 26
4 16
2 17
12 17
16 17
9 29
9 25
9 19
9 26
9 17
4 7
1 2
1 16
1 12
1 7
0 1
21 29
21 25
19 21
21 26
17 21
1 21
2 21
4 8
17 24
2 24
5 25
5 26
4 5
5 24
5 21
15 17
7 15
15 21
4 14
14 17
14 16
2 14
18 25
18 26
4 18
7 18
16 18
14 18
13 17
13 24
2 6
6 12
11 29
11 25
11 19
11 26
4 11
11 24
6 11
11 21
11 22
11 12
5 11
11 18
2 11
3 4
3 24
3 16
3 14
3 15
17 27
7 27
24 27
21 27
15 27
5 27
16 28
9 28
13 28
27 28
5 28
23 29
19 23
4 23
7 23
16 23
15 23
13 23
12 23
0 23
8 23
2 23
23 28
18 28
2 28
3 27
12 27
2 27
3 5
3 8
3 11
20 25
19 20
4 20
7 20
20 21
9 20
13 20
10 25
10 19
4 10
10 24
10 16
10 14
10 22
10 18
5 10
10 20
0 10
8 10
0 20
8 20
18 20
3 20
6 13
13 14
2 13
8 13
13 22
2 22
12 22
18 22
0 18
9 14
14 15
2 15
5 15
0 15
2 5
12 24
8 24
8 21
8 9
8 12
9 21
2 7
7 16
7 9
2 9
0 9
9 12
2 16
0 16
12 26
0 26
4 12
0 12
0 19
2 4
0 4
0 25
0 29
