30 174
23 28
12 28
12 19
21 23
12 21
17 28
17 19
17 21
7 23
7 12
7 17
7 19
22 28
21 22
14 23
12 14
14 17
14 19
14 22
14 28
14 21
5 23
5 12
5 17
5 19
5 22
5 14
5 21
5 28
1 23
1 19
1 14
1 21
1 28
14 26
21 26
1 26
5 26
9 19
9 21
9 28
0 25
4 22
4 28
1 4
4 25
3 23
3 12
3 17
3 19
3 14
3 28
0 3
3 25
17 20
19 20
14 20
20 21
20 28
20 25
6 19
6 21
6 28
0 6
6 20
2 20
15 28
5 15
9 15
2 15
4 15
5 16
8 23
8 12
8 17
8 19
8 14
8 21
1 8
0 8
3 8
8 16
13 19
13 28
1 13
0 13
13 20
8 13
13 16
17 24
19 24
14 24
21 24
24 28
5 24
9 24
8 24
6 24
13 24
17 29
19 29
21 29
28 29
0 29
25 29
20 29
8 29
4 29
10 14
10 21
1 10
5 10
3 10
9 10
6 10
7 10
10 26
10 29
11 23
11 19
11 22
11 28
1 11
11 25
5 11
8 11
4 11
4 27
16 27
11 27
17 18
18 19
18 22
18 28
0 18
5 18
18 20
2 18
6 18
18 27
7 18
15 18
11 26
11 29
24 29
7 24
13 15
13 26
7 16
15 16
2 6
2 4
2 26
6 26
3 20
3 4
3 7
3 9
9 25
7 25
9 26
7 9
1 5
7 14
7 22
7 21
7 28
0 7
19 21
21 28
19 28
0 28
19 23
0 19
