30 130
1 15
1 13
12 15
12 13
1 16
12 16
15 27
13 27
16 27
1 19
12 19
19 27
9 15
9 13
9 19
0 9
1 9
9 27
19 24
1 24
24 27
1 18
18 24
1 21
21 27
21 24
15 23
16 23
0 23
1 23
23 27
12 28
23 28
2 15
2 16
2 19
0 2
2 27
2 28
1 10
10 24
10 17
2 10
5 17
20 27
20 28
18 20
15 25
13 25
19 25
0 25
1 25
25 28
20 25
14 18
14 20
9 14
12 14
14 25
11 18
11 14
5 11
1 6
6 24
6 18
2 6
6 10
6 11
7 15
7 13
0 7
1 7
7 27
7 24
7 18
2 7
3 15
0 3
1 3
3 28
3 17
3 20
3 5
3 7
3 22
9 22
22 23
22 25
3 9
6 7
7 11
4 21
2 4
21 29
20 29
12 29
4 29
26 29
6 26
12 26
25 26
25 29
4 10
4 12
4 7
11 25
5 20
5 23
5 10
9 10
2 17
2 23
21 23
9 23
12 23
18 21
12 21
12 24
9 24
0 19
0 27
1 27
12 27
0 16
1 8
8 12
0 12
1 12
0 1
0 15
