30 130
12 27
12 14
27 28
14 28
7 12
7 28
7 27
14 16
16 24
19 27
16 19
10 27
10 14
1 10
23 28
23 27
10 23
15 23
9 27
9 16
9 14
12 18
18 28
18 27
9 18
14 26
4 26
2 27
13 28
13 27
9 13
2 13
3 13
21 28
21 27
21 26
10 21
5 26
2 5
5 14
5 21
25 27
9 25
25 26
2 25
5 25
10 22
2 22
14 22
5 22
18 22
22 25
19 22
22 24
13 25
23 25
14 17
17 21
17 19
0 17
17 25
1 17
7 25
5 24
4 5
26 29
3 29
14 29
11 28
11 27
9 11
2 11
8 18
8 19
6 8
6 29
6 24
1 6
6 18
4 6
8 11
11 29
11 19
11 23
4 11
20 27
16 20
9 20
15 20
14 20
20 21
13 20
0 20
18 20
11 20
1 29
23 29
21 29
7 21
13 21
13 24
13 23
2 4
2 7
3 4
4 18
4 7
24 26
18 26
10 18
1 18
7 9
3 9
3 15
3 19
3 7
3 23
1 23
1 15
14 15
15 24
1 14
10 19
7 19
19 24
7 16
0 7
14 27
24 27
0 24
