30 217
7 27
1 27
27 28
7 25
1 25
25 28
4 27
6 7
1 6
6 28
4 6
9 27
6 9
5 7
1 5
5 28
4 5
5 9
5 27
5 6
5 25
7 14
1 14
14 28
4 14
9 14
5 14
14 19
1 18
5 18
18 19
18 27
6 18
18 25
14 18
5 21
18 21
21 27
6 21
21 25
3 19
3 18
7 24
1 24
24 28
5 24
19 24
0 24
24 27
6 24
24 25
1 26
26 28
4 26
9 26
5 26
26 27
24 26
7 22
1 22
22 28
5 22
19 22
18 22
22 27
21 22
6 22
22 25
5 12
0 12
12 24
12 22
12 26
20 27
20 21
20 26
12 20
20 25
14 20
1 29
9 29
5 29
0 29
27 29
21 29
1 13
13 18
13 27
13 22
13 25
6 13
7 15
1 15
4 15
9 15
15 19
15 18
15 27
15 21
13 15
5 8
0 8
8 27
8 22
8 10
8 12
7 11
1 11
11 28
4 11
5 11
11 27
11 24
11 21
11 26
10 11
11 15
1 17
5 17
17 19
17 18
17 27
17 21
13 17
12 17
11 17
17 25
6 17
7 16
1 16
4 16
9 16
5 16
0 16
16 24
16 22
16 26
12 16
2 7
1 2
2 28
2 4
2 9
2 5
2 19
0 2
2 27
2 24
2 26
2 12
2 11
2 25
2 23
14 23
23 29
16 23
20 23
15 23
2 6
2 29
2 16
14 16
6 16
16 17
8 16
8 17
17 20
8 11
3 11
11 14
8 25
8 29
3 8
10 25
10 15
10 29
3 10
14 15
6 15
15 20
3 15
13 29
13 14
13 26
3 13
25 29
3 29
20 29
12 14
6 12
14 22
22 26
6 26
25 26
14 24
3 24
3 21
3 14
3 6
0 18
0 14
14 27
5 19
9 25
6 19
0 6
6 27
6 25
4 25
19 25
0 25
25 27
19 27
0 27
1 7
1 19
0 19
