30 217
3 21
21 28
5 28
5 16
3 16
6 21
5 6
6 16
3 8
6 8
8 28
4 21
4 5
4 16
4 8
5 12
12 16
3 12
6 12
12 28
4 12
21 23
5 23
16 23
8 23
12 23
22 23
3 23
23 28
6 23
4 23
17 23
4 17
21 25
5 25
16 25
8 25
12 25
22 25
23 25
4 25
3 25
25 28
6 25
5 18
16 18
18 22
18 23
18 25
3 18
5 11
4 11
11 25
3 11
6 11
11 28
11 18
15 22
4 15
14 15
3 15
11 15
3 29
28 29
6 29
10 21
5 10
10 16
8 10
10 12
10 22
10 23
4 10
10 14
3 10
10 29
10 18
10 28
6 10
3 13
13 18
10 13
13 28
13 17
7 23
4 7
7 14
3 7
7 11
1 23
1 4
1 25
1 3
1 29
25 26
3 9
9 28
6 9
9 26
9 17
2 5
2 16
2 12
2 22
2 23
2 4
2 25
2 9
2 3
1 2
2 15
2 28
5 27
16 27
12 27
22 27
23 27
4 27
25 27
3 27
27 29
26 27
10 27
5 24
12 24
23 24
4 24
14 24
9 24
11 24
18 24
15 24
24 27
0 24
17 24
2 24
13 24
20 21
5 20
16 20
8 20
12 20
20 22
20 23
4 20
14 20
3 20
11 20
20 26
1 20
20 27
0 20
7 20
2 20
6 20
17 27
2 27
6 27
2 17
0 9
3 26
26 28
6 26
17 26
14 19
3 19
11 19
19 26
15 19
19 28
0 19
7 19
6 19
13 19
1 26
1 6
1 28
1 7
1 15
7 15
7 28
0 7
7 13
10 17
0 10
18 29
15 29
6 15
18 28
6 18
0 18
17 25
3 17
6 17
12 22
4 22
3 4
4 6
4 28
4 14
6 22
6 14
3 6
6 28
16 28
16 22
22 28
14 28
3 28
0 28
3 5
3 22
3 14
0 3
5 22
14 22
0 14
