30 174
2 13
2 21
11 13
2 12
11 12
2 18
13 18
18 21
12 18
2 20
11 20
18 20
7 13
7 21
7 12
7 20
2 28
11 28
18 28
7 28
2 6
6 7
6 13
6 21
6 12
6 28
6 20
2 26
18 26
7 26
6 26
2 4
4 7
9 13
9 12
9 21
9 28
9 20
5 9
0 5
2 29
6 29
2 14
14 18
6 14
13 14
12 14
14 21
14 16
4 15
13 15
15 16
12 15
2 3
3 18
3 7
3 6
3 14
3 15
9 10
0 10
4 22
15 22
13 22
20 22
22 28
1 18
1 7
1 4
1 22
1 29
1 10
23 29
10 23
12 23
20 23
1 23
3 23
23 26
16 23
1 26
1 3
1 21
1 5
1 16
0 19
19 22
19 29
4 24
15 24
24 29
19 24
3 24
2 8
8 11
8 18
6 8
8 14
8 15
8 22
8 24
8 12
8 26
8 28
8 19
8 16
8 20
21 24
12 24
24 28
20 24
17 26
17 19
13 17
17 21
12 27
21 27
19 27
27 28
20 27
13 27
13 19
19 21
19 20
2 25
18 25
4 25
0 25
22 25
13 25
25 26
25 29
12 25
25 28
20 25
16 25
10 22
3 10
10 16
5 10
10 13
10 26
3 26
3 13
3 21
3 5
15 26
15 21
12 16
16 28
16 21
14 20
14 28
14 29
0 29
21 29
13 29
5 29
5 12
5 26
5 28
5 20
4 9
4 13
4 21
4 12
4 26
12 28
13 28
13 20
0 12
11 21
0 21
0 13
