30 130
2 20
17 20
2 5
5 17
3 20
3 5
0 3
14 17
3 14
20 24
5 24
0 24
14 24
15 17
3 15
15 24
14 15
9 20
5 9
0 9
17 27
14 27
9 27
12 20
5 12
0 12
14 23
12 23
20 22
5 22
22 23
22 27
14 29
12 29
20 28
5 28
0 28
2 16
16 17
3 16
16 24
14 16
7 14
7 20
5 7
7 16
7 15
0 7
6 7
1 20
0 1
1 6
1 5
6 27
6 23
14 25
12 25
25 28
25 29
25 27
23 25
25 26
13 15
13 23
13 26
13 19
13 20
4 15
4 23
4 13
0 4
4 20
11 17
11 14
9 11
11 12
11 28
11 29
11 27
5 11
16 21
10 21
10 19
6 10
7 8
8 27
0 18
18 20
8 18
5 18
5 8
8 26
0 8
8 10
8 25
11 21
0 21
0 11
11 20
4 11
16 19
19 25
6 25
6 26
6 16
16 28
16 27
15 16
5 16
16 20
28 29
15 28
20 29
5 29
15 29
27 29
23 29
15 23
20 23
12 27
20 27
9 15
15 20
5 15
14 20
5 14
0 14
0 5
0 17
0 2
