30 217
1 11
11 17
0 17
1 14
14 17
1 6
0 6
6 11
1 21
17 21
6 21
1 12
12 17
6 12
0 12
11 12
12 21
1 8
8 17
6 8
8 12
11 25
0 25
8 25
14 25
21 25
1 26
17 26
6 26
12 26
25 26
6 24
8 24
0 24
11 24
14 24
1 29
17 29
6 29
12 29
8 29
24 29
26 29
0 16
11 16
22 26
16 22
0 22
11 22
1 28
17 28
6 28
12 28
25 28
8 28
24 28
16 28
22 28
11 28
12 18
8 18
18 24
18 26
18 29
0 18
1 23
17 23
6 23
12 23
23 25
8 23
23 24
23 29
22 23
0 23
18 23
20 25
8 20
20 26
20 29
20 22
11 20
2 17
2 6
2 12
2 8
2 24
2 16
2 29
2 11
0 2
2 20
1 9
9 17
6 9
9 12
9 25
8 9
9 24
9 26
9 22
9 11
0 9
9 21
2 9
0 10
10 20
10 21
9 10
2 19
15 26
15 16
15 29
11 15
15 18
15 21
7 23
4 12
4 8
4 26
4 16
4 22
4 11
0 4
4 20
4 7
4 15
4 19
4 28
4 14
4 10
7 15
1 5
5 6
5 12
5 8
5 26
5 16
5 29
0 5
5 18
5 21
2 5
5 7
5 9
5 28
1 27
6 27
12 27
8 27
24 27
27 29
22 27
0 27
18 27
20 27
21 27
15 27
13 22
11 13
13 18
13 20
2 13
9 13
13 27
13 19
13 28
13 23
19 27
5 27
23 27
5 10
14 15
15 19
15 28
10 19
10 14
9 23
9 14
2 28
2 14
20 21
20 23
20 28
23 28
14 23
18 28
14 18
18 21
14 22
16 21
16 29
0 29
11 29
14 29
24 26
21 24
11 26
0 26
21 26
14 26
8 11
0 8
8 14
8 21
12 14
0 3
3 11
3 14
3 21
11 21
0 21
14 21
6 14
11 14
0 11
0 1
