30 130
1 16
11 16
1 11
9 11
16 23
11 23
1 17
17 23
9 17
17 29
1 4
4 9
4 23
3 16
3 11
3 4
8 16
8 11
8 17
4 8
1 8
8 23
8 9
16 21
11 21
4 21
8 21
9 18
1 18
18 21
18 19
19 21
6 11
4 6
6 18
6 21
6 19
11 27
4 27
9 27
16 25
11 25
4 25
8 25
9 25
25 29
25 27
1 25
3 25
20 25
20 27
8 12
12 21
10 12
12 20
1 12
1 7
15 18
15 21
6 15
15 27
5 10
5 27
5 19
5 15
22 25
3 22
5 22
10 13
3 13
13 14
13 23
13 22
17 28
8 28
9 28
21 28
6 28
3 28
1 28
13 28
0 28
15 28
12 22
15 22
19 26
5 26
0 26
26 29
7 15
7 12
9 24
1 2
2 10
2 24
2 23
3 24
24 27
19 24
7 24
12 24
24 29
20 29
1 20
20 23
23 25
6 27
14 27
6 29
6 10
3 19
1 19
3 18
18 23
1 21
3 21
3 8
4 29
9 29
14 29
23 29
9 23
14 23
0 23
1 9
1 10
9 16
9 10
10 14
0 14
