30 217
26 28
22 26
11 22
8 26
8 11
8 28
8 22
2 26
2 11
2 8
15 26
11 15
8 15
15 22
15 28
17 26
11 17
8 17
15 17
17 22
4 26
4 22
4 28
4 17
2 4
12 26
11 12
8 12
12 15
12 22
4 12
9 28
9 12
2 9
9 17
3 26
3 11
3 8
3 15
3 22
3 4
3 9
19 28
17 19
12 19
2 19
5 26
5 11
5 8
5 15
5 22
4 5
5 9
5 19
23 28
17 23
12 23
2 23
5 23
1 26
1 8
1 15
1 22
1 23
20 26
8 20
15 20
20 22
26 27
8 27
22 27
9 27
23 27
27 28
20 27
7 22
4 7
7 27
24 26
8 24
15 24
22 24
18 26
8 18
15 18
18 22
18 28
2 18
12 18
17 18
15 29
22 29
18 29
24 29
6 18
6 20
6 28
6 7
16 26
8 16
15 16
16 22
4 16
9 16
16 23
16 27
6 16
16 28
3 16
5 16
16 29
12 16
7 16
2 16
6 12
6 17
6 21
21 28
14 26
11 14
8 14
14 15
14 22
4 14
14 23
14 27
0 14
2 14
14 28
5 14
14 17
14 21
7 14
13 26
8 13
13 15
13 22
13 18
13 24
0 13
2 13
13 14
3 13
1 13
10 18
10 20
0 10
2 10
10 17
10 29
1 10
25 26
22 25
18 25
20 25
0 25
2 25
17 25
3 25
5 25
12 25
10 25
21 25
10 13
5 10
5 13
12 13
17 21
1 21
7 21
12 21
0 6
6 29
28 29
12 29
1 29
5 29
3 29
18 24
20 24
24 28
0 24
5 24
7 24
2 24
1 24
7 17
3 7
7 12
5 7
17 27
12 27
3 27
2 27
20 28
12 20
1 20
17 20
3 20
1 28
1 17
1 3
0 23
0 5
3 19
0 3
3 28
12 28
0 4
2 17
2 15
2 22
0 2
2 28
22 28
11 28
0 26
