30 174
14 28
7 28
14 24
7 24
3 28
3 24
3 19
14 16
7 16
3 16
9 28
9 24
9 16
14 18
7 18
12 18
19 27
18 27
14 15
3 15
16 20
15 20
13 14
11 28
11 19
11 16
1 14
28 29
19 29
16 29
1 29
15 29
26 28
24 26
16 26
18 26
13 26
14 26
26 29
26 27
8 28
8 19
8 16
1 8
8 15
8 26
4 28
4 24
14 21
7 21
22 28
19 22
21 22
18 22
15 22
20 22
11 22
4 22
8 22
22 27
22 29
0 22
23 28
23 24
19 23
18 23
13 23
23 26
11 23
9 23
8 23
23 27
0 23
5 13
5 20
5 11
3 5
5 12
5 14
0 5
5 23
10 28
10 19
10 16
10 18
10 13
10 20
4 10
9 10
8 10
10 14
6 24
6 19
6 21
6 18
6 15
6 20
6 11
3 6
6 8
6 14
6 29
4 17
9 17
8 17
17 27
6 17
7 17
4 25
3 25
12 25
25 27
6 25
17 25
5 25
7 25
10 17
6 10
5 10
10 22
7 23
22 23
3 21
4 21
1 4
4 15
4 26
4 8
4 7
4 12
3 4
3 8
8 27
12 26
3 26
20 26
11 29
9 29
12 29
14 29
7 29
0 29
1 7
1 11
11 13
11 20
11 27
9 11
11 14
13 20
3 13
9 13
12 13
7 20
14 20
9 20
7 15
15 27
9 27
7 27
9 18
7 9
3 9
3 14
3 12
7 19
2 14
2 7
7 12
14 19
12 14
0 14
12 19
0 12
