30 217
6 9
6 27
9 27
5 6
5 27
24 27
9 24
5 24
2 6
2 27
2 24
2 9
2 5
6 21
21 27
21 24
2 21
9 29
5 29
6 23
23 27
23 24
2 23
23 29
0 23
20 24
2 20
9 20
5 20
20 23
20 21
3 6
3 27
3 24
2 3
3 29
0 3
3 20
19 27
19 24
2 19
0 19
19 20
9 19
5 19
19 21
3 19
19 23
6 28
27 28
24 28
2 28
28 29
0 28
20 28
19 28
2 11
9 11
5 11
3 11
11 23
11 28
11 21
26 27
24 26
2 26
0 26
20 26
11 26
1 27
1 24
1 2
0 1
1 20
1 11
2 12
9 12
5 12
12 28
6 17
17 24
2 17
0 17
17 19
12 17
1 17
7 9
7 17
7 23
6 18
18 27
18 24
2 18
0 18
18 20
18 19
12 18
18 28
7 18
5 18
6 15
15 27
15 24
2 15
0 15
15 20
15 19
11 15
1 15
7 15
9 15
5 15
15 18
22 28
9 22
22 26
15 22
22 23
1 16
7 16
16 26
5 16
2 13
13 19
1 13
13 28
9 13
5 13
13 23
13 16
2 8
8 28
8 9
5 8
8 13
3 8
8 17
1 25
9 25
25 26
5 25
23 25
8 25
16 25
14 27
14 24
2 14
0 14
14 20
14 19
14 28
9 14
14 26
14 15
13 14
8 14
3 14
14 21
14 25
14 18
4 9
4 15
4 13
4 8
4 16
4 17
4 18
4 25
21 25
13 18
16 22
3 16
16 18
21 22
18 22
3 22
17 22
15 21
15 23
17 18
7 26
5 7
17 26
5 17
17 23
17 21
12 21
12 23
3 12
1 12
1 9
1 5
1 3
1 26
9 26
3 26
21 26
9 28
23 28
5 28
21 28
3 28
3 5
3 23
3 21
9 23
21 23
21 29
0 21
9 21
0 2
9 10
5 10
0 5
0 27
0 9
0 6
