30 217
9 14
14 25
14 18
9 18
18 25
14 17
17 18
0 17
2 18
2 9
2 25
14 19
18 19
0 19
2 19
1 18
1 9
1 25
1 19
1 17
8 14
8 18
2 8
1 8
18 24
9 24
24 25
17 24
19 24
8 24
14 22
18 22
0 22
2 22
1 22
22 24
19 22
15 18
2 15
15 19
9 10
10 25
10 17
14 21
18 21
0 21
2 21
1 21
19 21
10 21
15 21
9 21
21 25
6 14
6 18
2 6
1 6
6 19
6 10
6 21
6 25
18 20
2 20
19 20
15 20
18 29
9 29
25 29
12 18
9 28
25 28
17 28
7 18
7 19
7 10
7 28
7 15
7 29
7 25
7 9
4 18
4 24
4 19
4 15
4 29
4 25
4 9
14 16
16 18
0 16
2 16
1 16
16 24
16 19
15 16
16 21
16 25
9 16
4 16
16 22
7 16
18 26
1 26
19 26
26 28
21 26
26 29
9 26
4 26
22 26
16 26
6 26
3 14
3 18
0 3
2 3
1 3
3 19
3 10
3 28
3 29
3 25
3 20
3 9
3 22
20 27
9 27
22 27
17 27
8 27
3 27
12 27
13 20
9 13
13 22
13 27
7 13
13 17
5 21
5 25
5 9
4 5
5 22
5 12
5 8
5 6
5 17
5 11
11 16
7 11
11 17
11 12
11 13
14 23
18 23
2 23
23 24
10 23
23 28
21 23
23 25
20 23
9 23
4 23
16 23
7 23
17 23
23 26
13 23
3 6
3 8
3 26
3 12
8 26
6 16
4 8
4 22
4 7
7 17
12 28
12 29
12 25
12 20
9 12
6 12
8 12
20 29
8 29
20 25
9 20
6 20
17 20
6 9
6 8
21 22
17 21
8 21
8 10
10 15
9 15
15 25
15 22
8 15
15 17
22 25
9 22
8 19
8 9
9 19
19 25
17 19
2 17
17 25
9 17
0 25
9 25
0 9
