30 174
13 16
5 13
16 25
5 25
16 18
13 18
18 25
16 17
5 17
17 18
12 16
5 12
12 18
12 13
12 25
12 17
10 16
5 10
10 18
10 12
8 13
8 17
8 25
8 10
2 16
2 5
2 18
2 12
2 8
16 19
5 19
18 19
12 19
8 19
13 19
19 25
17 19
16 29
5 29
18 29
12 29
8 29
19 29
1 29
11 13
1 27
11 27
13 27
1 28
0 28
13 28
1 21
9 13
9 17
9 25
19 24
9 24
13 24
24 28
18 20
12 20
19 20
9 20
2 20
3 12
0 3
2 3
3 10
3 25
2 22
3 22
21 22
13 26
26 28
14 18
12 14
14 19
0 14
13 14
14 28
14 20
14 25
14 17
14 26
7 18
7 12
7 19
7 9
7 13
3 7
7 14
7 26
7 10
7 27
15 18
12 15
15 19
0 15
13 15
15 28
15 21
15 17
15 22
15 27
7 15
21 23
23 26
10 23
22 23
15 23
4 20
4 17
4 10
6 8
0 6
6 13
3 6
6 20
6 26
6 10
6 22
4 6
6 29
4 25
4 23
7 29
14 24
22 26
17 26
22 27
3 17
3 20
20 21
20 24
20 27
24 27
10 24
24 25
24 29
9 21
9 10
13 21
21 28
21 29
10 21
27 28
28 29
25 27
11 17
11 29
2 11
11 25
2 29
17 29
25 29
10 19
2 19
1 2
2 13
2 17
2 10
2 25
0 10
1 12
1 17
0 17
17 25
1 18
1 25
0 25
1 13
0 13
1 16
0 1
