30 174
7 15
7 23
15 23
3 7
3 23
10 23
10 15
10 21
3 10
7 9
9 23
9 10
7 18
18 23
15 18
3 18
9 18
18 21
5 7
5 23
5 10
5 18
8 23
8 15
8 21
3 8
8 9
5 8
7 12
12 23
8 12
7 22
22 23
10 22
15 22
3 22
21 22
9 22
5 22
17 23
17 22
17 21
18 28
22 28
12 28
15 28
7 16
16 23
10 16
16 18
8 16
7 19
19 23
10 19
18 19
8 19
15 19
9 19
3 19
19 21
5 19
7 24
23 24
18 24
19 24
12 24
24 28
16 24
17 24
15 25
9 25
3 25
25 27
20 25
11 23
11 19
11 21
11 28
11 15
9 11
11 20
1 21
1 11
1 5
1 20
1 3
1 13
13 17
5 13
13 15
13 20
2 23
2 19
2 21
6 7
6 23
6 10
6 18
6 8
14 15
3 14
9 14
14 21
5 14
6 14
6 25
6 15
0 6
6 27
7 26
22 26
12 26
6 26
1 26
3 26
26 27
4 21
4 28
4 16
4 26
4 15
4 27
4 9
4 24
20 26
2 26
5 6
12 29
6 29
16 29
17 29
27 29
20 29
0 29
5 29
2 6
2 11
2 13
2 20
2 9
0 2
1 15
11 17
5 20
16 27
0 27
24 27
3 24
5 24
16 19
12 16
16 28
0 16
9 16
17 28
3 28
9 17
0 17
12 22
12 15
3 12
9 12
5 21
5 15
9 21
9 15
3 9
3 21
3 15
0 3
21 23
15 21
7 21
0 21
