30 174
1 18
1 21
13 18
13 21
1 9
18 28
21 28
9 28
4 18
4 21
4 9
1 4
4 13
6 18
6 21
6 9
4 6
1 16
13 16
6 16
16 28
10 18
10 21
9 10
4 10
10 16
14 18
9 14
4 14
14 16
1 14
6 14
13 14
14 28
10 14
18 20
20 21
9 20
4 20
16 20
14 20
1 8
8 12
1 26
9 25
1 23
13 23
6 23
23 28
23 25
18 29
21 29
9 29
23 29
28 29
26 29
1 29
10 29
12 29
8 24
2 9
2 14
2 28
2 22
2 20
1 2
3 4
3 16
3 28
3 22
2 3
1 3
3 20
3 24
3 13
9 15
15 16
14 15
15 28
5 15
1 15
15 29
15 24
7 8
7 28
2 7
7 10
0 7
7 24
7 25
7 12
7 15
4 11
11 14
8 11
11 28
5 11
10 11
11 20
11 24
7 11
3 11
11 25
4 27
16 27
8 27
26 27
5 27
1 27
27 29
24 27
13 27
12 27
2 19
19 29
19 20
0 19
15 19
3 19
19 27
6 19
11 27
12 15
3 15
2 24
2 10
2 25
22 24
13 22
24 29
0 24
6 29
8 25
25 26
10 25
20 25
13 25
12 25
6 25
12 26
5 26
5 12
0 12
6 12
8 20
6 8
8 10
5 20
10 20
6 20
13 20
5 14
10 28
1 10
10 13
1 17
6 17
17 28
13 17
6 28
1 6
0 6
6 13
4 28
4 5
1 28
13 28
9 13
5 13
0 13
1 5
0 1
5 18
0 5
