30 130
3 7
7 18
3 18
7 21
18 21
2 3
7 10
10 18
2 10
3 15
7 8
8 18
3 16
6 7
6 18
6 16
6 26
3 26
10 26
12 26
3 25
18 28
15 28
3 28
5 28
24 28
8 24
7 13
13 16
13 26
13 24
9 25
5 9
0 9
9 13
7 11
11 16
3 11
11 25
9 11
11 12
5 11
9 29
22 29
7 17
17 18
2 17
15 17
17 26
17 24
0 17
17 22
5 17
17 29
17 21
13 17
18 20
15 20
3 20
20 28
0 20
20 22
5 20
8 20
19 25
12 19
19 20
1 4
4 21
4 12
4 6
1 12
1 10
1 19
7 14
14 18
14 26
14 24
14 25
6 14
10 23
14 23
7 27
18 27
26 27
27 28
0 27
6 27
20 27
23 27
1 27
11 27
21 23
14 19
1 14
11 14
8 19
13 22
10 29
11 29
13 29
10 13
8 13
5 24
10 24
21 24
5 12
5 21
0 28
25 28
6 28
12 25
8 25
10 12
3 6
0 6
6 21
6 8
8 16
16 21
8 15
3 8
8 21
10 15
0 10
2 21
3 21
0 18
0 3
0 7
