30 217
20 26
25 26
8 20
8 25
14 20
14 26
8 14
14 18
13 20
13 25
13 14
1 14
1 26
1 13
3 20
3 25
3 14
1 3
14 22
22 26
13 22
18 22
8 22
3 22
11 20
11 25
11 14
1 11
11 22
15 26
8 15
15 18
3 15
13 15
11 15
20 29
25 29
14 29
1 29
22 29
15 29
12 20
12 25
12 14
1 12
12 15
12 26
12 13
12 18
3 12
8 12
12 29
14 28
22 28
12 28
26 28
3 28
8 28
18 28
13 28
17 20
14 17
1 17
17 22
12 17
17 26
17 28
19 26
18 19
8 19
13 19
3 19
17 19
19 29
11 19
4 14
4 12
4 26
4 28
4 19
10 14
10 22
10 15
10 12
10 26
10 28
10 19
10 29
7 26
7 10
2 26
5 26
5 10
2 5
5 8
3 5
9 26
9 29
2 9
9 11
3 9
5 9
4 9
14 24
1 24
15 24
12 24
24 26
24 28
21 26
21 28
18 21
13 21
3 21
8 21
21 24
21 29
17 21
14 16
1 16
16 22
12 16
16 26
16 28
16 21
16 29
6 14
6 26
6 21
6 29
6 17
6 24
23 26
10 23
6 23
8 23
13 23
3 23
26 27
11 27
3 27
5 27
17 27
23 27
4 27
18 27
4 23
17 23
16 23
6 11
6 13
4 6
6 8
6 16
11 16
13 16
5 16
9 16
16 18
16 24
11 21
2 24
8 24
13 24
9 24
7 24
18 24
17 24
7 9
5 17
5 18
2 7
2 18
2 3
2 17
7 11
7 13
3 7
4 7
7 18
8 10
10 13
4 10
10 18
3 10
4 8
4 13
4 17
11 17
3 17
28 29
11 28
11 12
26 29
13 29
8 29
3 29
18 29
11 29
11 26
8 11
3 11
3 26
0 3
1 18
1 8
13 26
0 13
8 13
13 18
8 26
0 8
8 18
18 25
18 26
18 20
0 18
