30 217
6 20
20 22
6 22
7 20
7 22
8 20
8 22
6 8
12 20
12 22
8 12
8 23
6 23
12 23
7 23
9 20
9 22
8 9
9 23
4 8
4 6
4 7
4 12
4 9
20 27
22 27
8 27
23 27
4 27
8 15
6 15
7 15
12 15
9 15
15 27
20 21
21 22
8 21
21 23
4 21
15 21
2 6
2 7
2 12
2 9
2 27
17 20
17 22
8 17
17 23
4 17
15 17
2 17
6 17
7 17
12 17
17 27
9 17
1 20
1 22
1 8
1 23
1 4
1 17
18 20
18 22
8 18
2 18
18 27
6 18
12 18
7 18
9 18
1 18
8 26
17 26
18 26
7 26
3 6
3 12
16 20
8 16
16 27
7 16
3 16
0 16
6 16
20 25
22 25
8 25
23 25
4 25
15 25
2 25
17 25
25 27
5 20
5 8
5 15
5 17
5 18
5 6
5 12
5 7
5 9
18 29
5 29
7 29
20 28
8 28
27 28
5 28
3 28
6 28
12 28
21 28
9 28
28 29
11 18
5 11
3 11
11 28
6 11
14 20
14 22
8 14
14 23
14 15
14 17
14 27
5 14
0 14
14 16
11 14
6 14
9 14
7 24
16 24
24 29
0 13
13 16
13 29
10 20
8 10
10 27
7 10
0 10
10 28
10 11
10 13
6 10
10 14
10 25
1 10
13 24
9 13
13 25
1 13
14 24
12 24
24 25
24 26
14 21
11 26
11 12
1 11
6 19
19 26
1 19
19 25
9 19
19 29
21 29
6 29
12 29
5 25
3 25
16 25
9 25
21 25
12 16
3 26
1 3
6 26
9 26
21 26
1 26
1 7
1 9
1 12
17 21
2 21
0 2
21 27
7 21
0 21
6 21
12 21
0 15
6 27
7 27
12 27
9 27
0 27
7 9
0 9
0 23
7 12
0 12
6 12
7 8
0 8
6 7
0 7
0 22
0 6
0 20
