30 174
16 28
16 27
7 28
7 27
16 22
11 22
7 22
12 27
12 22
16 21
11 21
7 21
18 28
18 27
18 21
11 18
16 18
7 14
27 29
22 29
21 29
11 29
16 29
14 29
4 14
11 17
16 17
4 17
1 14
1 17
1 29
1 7
4 26
1 26
26 29
12 26
9 27
9 22
9 21
9 11
9 16
9 14
20 27
11 20
16 20
7 20
9 20
18 20
11 19
16 19
19 20
4 19
9 19
12 19
8 9
2 11
2 16
2 20
1 2
2 9
2 12
16 23
23 29
15 27
15 21
11 15
15 16
15 20
4 15
21 25
16 25
20 25
25 29
15 25
12 25
3 25
3 6
0 6
6 19
6 25
5 11
5 16
5 20
1 5
5 29
5 12
2 5
5 18
5 6
13 27
13 21
11 13
13 16
13 14
1 13
13 29
13 15
3 13
13 18
7 13
13 19
13 25
5 13
5 26
0 5
6 17
23 25
25 26
19 25
12 15
15 23
4 24
24 29
9 24
15 24
8 24
2 10
8 10
10 18
10 17
10 26
10 24
23 24
19 24
17 24
7 24
15 17
7 15
15 18
2 23
8 23
18 23
0 23
23 26
2 8
2 3
2 7
8 18
0 8
8 19
7 19
12 20
1 9
7 9
9 18
0 9
3 9
3 12
3 26
3 17
0 26
0 1
17 29
0 17
7 17
4 29
0 4
4 7
4 18
12 29
14 18
12 14
7 18
12 21
11 12
12 16
0 12
7 11
7 16
11 27
11 16
0 16
11 28
0 11
