30 174
8 27
8 14
24 27
7 8
7 24
1 8
1 27
1 14
1 7
8 26
24 26
1 26
8 16
16 27
7 16
16 26
14 16
3 8
3 24
1 3
3 16
3 27
2 14
2 7
2 26
8 19
1 19
19 27
2 19
7 19
15 27
7 15
15 26
14 15
15 19
8 17
17 24
16 17
17 27
7 17
15 17
5 8
1 5
5 16
5 27
2 5
4 27
4 7
8 23
1 23
16 23
23 27
7 23
4 23
5 23
23 26
0 23
19 23
18 26
18 19
18 23
8 10
1 10
10 16
10 27
7 10
10 15
4 10
8 28
1 28
16 28
27 28
2 28
7 28
25 28
22 25
22 28
19 22
8 29
27 29
2 29
15 29
5 29
28 29
14 29
3 29
22 29
5 20
20 26
0 20
20 29
13 19
3 13
4 11
11 26
11 14
11 19
11 13
11 22
9 11
11 23
13 17
9 13
13 20
20 22
20 23
17 20
9 29
17 29
18 22
8 21
1 21
16 21
21 27
7 21
4 21
5 21
21 26
0 21
3 21
21 22
8 12
12 27
7 12
4 12
5 12
12 28
12 14
3 12
12 18
12 21
12 17
12 23
9 21
10 21
14 28
17 28
19 28
10 28
10 14
3 10
10 18
9 10
10 17
4 26
4 14
4 5
3 5
5 25
5 26
9 25
19 25
14 25
17 25
3 25
0 17
9 15
3 15
0 19
2 3
3 7
3 14
26 27
7 26
6 26
6 14
9 26
14 26
7 27
7 14
14 24
14 27
9 27
0 9
