30 217
9 20
4 9
20 29
4 29
9 24
1 20
1 4
1 24
9 14
14 29
1 14
20 22
4 22
22 24
14 22
9 11
1 11
11 29
11 22
20 26
4 26
24 26
14 26
11 26
26 29
12 20
4 12
12 14
11 12
12 29
9 12
1 12
12 26
12 22
19 20
4 19
19 24
14 19
12 19
9 15
1 15
15 26
15 22
5 29
5 15
1 5
20 25
24 25
14 25
25 29
12 25
1 25
17 20
4 17
17 24
17 29
12 17
15 17
1 17
9 17
0 17
21 29
6 20
6 11
6 12
6 15
6 9
1 6
6 22
6 26
8 20
4 8
8 24
8 14
8 11
8 29
8 12
6 8
1 23
9 23
8 23
22 23
21 23
19 23
24 27
14 27
27 29
1 27
17 27
23 27
5 27
7 20
7 11
7 29
6 7
1 7
7 23
7 25
7 9
20 28
4 28
24 28
14 28
11 28
28 29
12 28
6 28
1 28
25 28
3 9
3 26
3 13
7 13
13 21
13 28
9 13
13 27
2 20
2 11
2 29
1 2
2 17
2 23
16 20
4 16
14 16
11 16
16 29
6 16
16 17
16 23
9 16
2 16
16 22
16 19
0 16
16 21
5 16
10 16
7 10
0 10
10 22
18 29
1 18
17 18
18 25
5 18
18 26
18 21
18 28
9 18
18 27
10 18
8 18
10 19
10 13
10 27
2 26
0 2
2 28
2 9
2 19
2 13
2 8
3 28
7 28
0 28
19 28
22 28
7 26
7 27
7 8
21 27
22 27
8 27
8 25
5 8
8 21
8 22
8 19
0 6
6 21
17 21
5 21
0 21
21 22
17 25
17 26
9 25
0 25
25 26
5 25
22 25
5 9
5 19
0 5
15 19
1 19
19 26
9 19
0 12
1 26
22 26
9 26
0 26
22 29
1 22
9 22
1 29
1 9
24 29
0 24
9 29
0 29
0 4
0 9
0 20
