30 174
11 26
22 26
16 22
11 16
12 26
12 16
14 16
11 14
2 26
2 16
2 14
2 11
18 22
2 18
12 18
13 26
13 16
13 14
11 13
13 18
22 27
12 27
2 27
17 26
16 17
14 17
11 17
17 18
17 27
2 8
8 12
8 22
8 17
16 19
14 19
11 19
19 27
8 19
19 22
17 19
6 16
6 14
6 11
16 21
14 21
11 21
18 21
26 28
16 28
14 28
11 28
12 28
22 28
2 28
10 26
10 16
10 14
10 11
10 28
8 10
10 17
6 10
11 29
21 29
9 11
8 9
9 22
9 13
9 24
17 24
24 29
1 28
1 22
1 9
1 17
1 29
23 28
21 23
17 23
0 23
1 23
13 23
12 23
15 16
14 15
11 15
15 18
15 28
8 15
15 22
0 15
16 25
14 25
11 25
18 25
25 28
21 25
9 25
25 29
2 25
15 25
5 25
13 25
20 25
3 22
3 6
3 29
3 23
1 4
3 4
4 19
4 10
7 22
6 7
7 25
3 7
4 7
7 13
7 12
7 19
4 20
3 19
3 20
13 20
12 20
15 20
15 23
5 15
15 19
10 15
10 23
1 5
1 24
1 2
5 24
2 24
10 24
12 24
6 9
2 9
9 29
10 29
19 29
12 29
10 13
21 28
13 28
2 21
21 22
12 21
6 21
5 21
17 21
6 17
6 13
2 6
6 19
2 19
5 17
12 17
13 27
13 22
2 13
2 22
2 5
12 14
14 22
11 12
12 22
0 12
5 12
11 22
5 11
0 5
