30 130
17 24
10 19
12 17
10 12
10 28
19 28
12 28
24 28
11 17
10 11
11 28
17 25
10 25
25 28
24 25
12 25
19 25
11 25
7 17
7 10
7 25
7 19
17 20
10 20
20 28
20 25
1 24
1 12
1 11
1 20
6 17
6 10
6 25
6 19
1 6
6 20
6 13
26 28
25 26
19 26
4 25
4 20
4 12
4 24
4 11
4 26
8 28
8 25
8 19
4 8
8 12
8 24
19 22
12 22
8 22
22 26
9 13
16 24
7 16
5 10
5 28
5 25
5 19
1 5
5 12
5 8
5 16
5 9
5 11
7 23
23 27
19 21
12 21
13 21
21 29
24 29
21 27
0 21
14 21
11 14
6 14
14 24
3 19
3 12
3 8
3 26
3 21
0 3
3 22
9 18
3 18
5 18
18 22
24 27
6 27
2 23
11 23
2 7
2 5
9 15
7 15
2 15
6 15
9 16
9 22
0 22
8 26
4 7
6 26
0 26
11 26
6 7
12 20
20 24
7 20
11 20
13 20
7 12
11 19
11 13
11 24
12 19
12 24
12 13
10 24
19 24
0 24
17 19
13 19
0 13
