30 174
6 22
6 20
20 22
4 20
6 25
20 25
6 13
13 20
13 22
4 13
6 15
15 20
13 15
8 20
8 13
8 22
4 8
8 15
8 25
6 7
7 8
7 22
4 7
7 15
7 25
6 26
20 26
13 26
8 26
7 26
4 26
7 19
4 19
19 22
19 25
6 21
13 21
4 21
22 23
21 23
6 18
18 20
13 18
8 18
4 18
18 23
10 22
10 24
7 27
1 8
1 4
1 22
1 25
1 15
5 6
5 20
5 13
5 8
5 7
1 5
5 10
5 26
8 16
16 23
16 19
16 26
16 22
16 18
3 16
0 3
3 22
3 21
6 12
12 13
7 12
4 12
10 12
12 27
14 20
13 14
4 14
1 14
10 14
2 27
2 22
0 2
2 15
17 20
13 17
7 17
17 23
17 27
2 17
11 22
11 17
11 18
11 15
0 17
3 17
17 22
17 25
15 17
10 29
2 29
16 29
18 29
22 29
25 29
5 29
12 29
2 14
2 25
14 22
14 21
12 14
14 24
4 9
1 9
9 19
9 26
9 14
9 18
9 22
9 21
9 25
4 28
1 28
10 28
26 28
16 28
18 28
9 28
15 28
22 28
24 28
14 25
3 12
5 12
12 15
12 25
5 16
5 21
5 22
5 24
1 27
19 27
22 27
15 27
26 27
24 27
0 24
21 24
22 24
10 18
18 22
0 18
0 23
15 23
23 25
19 21
21 26
21 22
0 19
19 26
22 26
4 15
0 15
15 25
13 25
4 25
4 22
0 22
4 6
0 4
