30 174
1 7
7 19
1 19
5 7
5 19
1 20
5 20
7 26
19 26
20 26
1 21
5 21
21 26
7 22
19 22
20 22
21 22
1 9
5 9
9 26
3 7
3 19
3 20
3 21
3 9
1 16
5 16
16 26
16 22
0 16
3 16
4 7
4 19
4 21
4 16
7 15
15 19
15 21
15 16
1 15
5 15
15 26
3 15
15 22
0 15
11 15
3 11
5 11
1 11
11 26
11 22
5 27
11 27
7 18
3 18
5 18
7 23
19 23
21 23
16 23
3 23
1 23
5 23
23 26
22 23
0 23
2 7
2 23
2 5
2 11
2 26
1 2
25 26
2 25
5 24
6 23
5 6
1 6
6 26
0 6
6 22
6 8
6 24
22 24
2 24
10 11
2 10
10 24
0 10
10 27
7 28
19 28
9 28
16 28
15 28
3 28
23 28
5 28
11 28
14 26
14 22
1 14
14 28
4 14
14 27
12 22
17 18
17 22
1 17
12 17
0 17
17 27
1 12
7 29
19 29
21 29
9 29
15 29
3 29
5 29
8 29
18 29
2 29
12 29
4 29
1 29
28 29
13 26
13 22
12 13
13 25
1 13
13 27
12 28
4 28
10 28
4 24
1 24
24 25
1 25
0 25
8 23
1 8
8 26
0 8
8 18
4 8
18 26
1 18
18 27
4 18
0 27
4 15
3 4
4 5
0 4
1 3
3 5
3 26
3 22
0 3
9 22
0 9
5 22
1 22
0 21
5 26
1 26
0 26
0 20
1 5
0 5
0 19
0 7
