30 130
0 21
21 26
0 15
7 15
0 18
21 25
18 25
0 19
19 25
7 19
6 21
6 15
6 19
0 3
1 3
1 5
3 23
19 23
22 23
10 21
10 15
3 10
10 19
18 27
5 27
0 27
25 27
7 27
20 27
20 25
0 24
14 24
14 23
6 14
0 14
10 14
3 9
5 9
9 27
9 25
6 9
9 12
9 20
9 14
19 29
5 29
27 29
25 29
22 29
17 22
11 12
7 11
11 20
16 21
15 16
3 16
16 19
16 27
16 25
16 22
11 16
1 16
9 16
16 26
4 6
0 4
1 4
12 28
0 28
20 28
2 3
2 5
2 24
2 6
2 22
2 17
2 20
2 7
1 13
2 13
13 14
13 29
2 28
4 28
26 28
4 16
4 29
0 11
11 17
17 26
1 17
17 29
10 29
9 29
7 14
12 24
6 12
0 12
12 26
12 20
20 26
10 27
8 10
10 22
0 10
1 10
7 10
8 22
1 8
7 8
1 22
7 23
23 25
1 23
23 26
0 23
6 23
3 5
5 19
0 5
5 6
5 26
6 25
6 7
19 26
25 26
0 25
7 18
7 26
15 26
