30 174
19 24
19 26
24 26
10 26
7 19
7 26
19 28
26 28
24 28
10 28
7 28
16 19
16 26
16 28
6 19
6 26
6 28
6 24
6 10
6 7
19 27
26 27
27 28
6 27
1 19
1 26
1 28
1 6
1 24
1 10
1 7
1 27
5 19
5 26
5 28
5 6
1 5
15 19
15 26
15 28
6 15
1 15
15 24
7 15
10 15
2 19
2 26
2 28
2 6
1 2
2 15
2 27
2 24
4 19
4 26
4 6
11 19
11 26
11 24
10 11
7 11
11 16
4 11
8 26
8 11
8 27
8 24
17 26
17 24
4 17
8 17
7 17
17 18
3 27
21 26
11 21
24 29
21 29
7 29
4 29
12 26
12 15
12 29
12 21
4 12
3 12
14 26
14 24
14 17
2 14
5 14
23 24
2 23
14 23
7 23
20 26
6 20
20 21
20 24
4 20
13 24
3 13
13 16
9 19
9 26
9 28
9 15
9 21
9 24
4 9
9 13
9 14
19 22
22 26
22 28
15 22
22 27
21 22
17 22
2 22
16 22
18 22
9 22
24 25
3 25
16 25
22 25
0 25
20 25
0 9
9 18
10 13
13 20
16 20
12 20
20 23
0 23
12 14
7 12
8 12
10 29
21 24
3 21
10 21
3 5
3 18
3 16
16 18
8 18
2 8
5 8
8 10
5 11
4 24
2 4
4 5
2 7
5 15
15 27
5 24
5 10
5 7
1 16
24 27
7 27
10 27
16 27
6 16
16 24
7 24
7 10
10 24
10 19
0 10
