30 130
6 7
7 19
6 18
18 19
5 19
5 7
5 18
0 5
6 26
19 26
5 26
3 7
3 18
3 26
0 3
2 19
2 3
8 19
5 8
7 8
8 18
0 8
17 19
5 17
8 17
7 17
17 18
19 23
3 23
7 24
18 24
6 27
5 27
24 27
7 27
13 18
13 23
7 11
11 18
11 22
3 14
11 14
7 14
14 18
14 26
10 19
5 10
10 11
10 14
10 18
8 12
7 12
12 13
12 23
3 21
14 21
6 28
5 28
11 28
7 28
21 28
22 28
16 28
8 29
7 29
18 29
0 29
26 29
16 29
1 28
1 12
1 29
1 15
4 26
1 4
0 4
4 22
1 21
17 29
2 16
8 20
7 20
18 20
20 23
2 20
16 20
20 22
10 20
16 17
16 27
2 28
26 28
12 21
15 25
25 27
21 25
0 25
10 21
21 22
12 15
10 12
10 26
0 10
14 22
13 22
2 22
11 26
11 15
7 15
13 15
15 27
15 17
13 27
23 27
17 27
23 24
7 23
2 23
17 23
2 8
2 7
2 26
0 26
7 9
9 18
7 18
0 18
0 19
0 7
0 6
