30 174
12 18
12 17
18 29
17 29
12 29
24 29
0 24
13 18
13 17
12 13
13 24
12 26
26 29
0 26
13 26
1 18
1 17
1 12
1 24
1 26
18 25
12 25
24 25
25 26
25 29
13 25
1 25
0 25
18 28
17 28
12 28
26 28
25 28
12 20
20 24
20 25
20 29
14 18
12 14
14 20
11 12
11 29
12 16
11 16
10 12
10 13
9 13
9 29
1 9
2 12
2 11
2 9
8 9
12 15
15 26
15 25
15 20
10 15
8 15
5 12
5 11
5 10
0 5
4 5
6 18
6 17
6 12
6 24
6 20
6 13
12 27
11 27
13 27
27 29
6 27
27 28
7 18
7 17
7 12
7 26
7 25
7 13
7 10
7 27
3 12
3 26
3 25
3 13
3 9
0 3
3 7
3 23
14 23
12 21
20 21
10 21
21 27
4 21
6 21
21 23
12 22
22 24
22 25
11 22
10 22
22 27
7 22
22 28
21 22
5 22
3 22
15 22
3 21
12 19
11 19
13 19
8 19
0 19
19 28
19 21
2 19
14 19
16 19
23 29
3 14
3 16
7 16
7 28
2 7
1 7
0 27
6 8
0 6
6 15
6 28
6 29
5 6
1 5
5 14
5 29
4 15
4 14
4 29
2 4
1 15
14 15
15 29
1 8
8 14
2 8
8 29
1 2
2 16
2 29
0 9
9 10
10 16
10 14
0 16
16 28
1 16
0 11
11 14
0 20
1 20
13 20
20 28
0 28
1 28
1 13
13 29
0 17
0 12
0 18
