30 130
17 27
6 17
24 27
6 24
10 17
10 15
4 27
4 6
4 10
4 15
4 24
1 17
1 4
19 27
6 19
10 19
15 19
19 24
1 19
1 20
17 20
19 20
13 15
13 24
13 20
20 22
4 22
17 22
14 15
14 22
15 16
16 24
16 20
16 17
16 23
3 17
8 27
8 10
8 15
8 24
8 16
3 8
11 18
8 11
7 11
1 2
2 22
2 28
14 28
4 28
13 28
10 25
15 25
24 25
1 25
16 25
3 25
11 25
14 25
13 25
25 29
5 24
5 22
5 18
5 8
5 23
5 29
5 19
6 26
10 26
15 26
24 26
20 26
3 26
2 26
23 26
13 26
5 26
19 26
0 26
25 28
4 12
7 12
12 25
12 17
19 28
2 19
2 17
2 14
2 7
4 21
7 21
19 21
0 21
7 17
9 18
9 14
9 23
7 9
0 9
9 17
0 11
4 11
8 23
8 19
8 13
8 17
3 23
3 19
18 23
0 23
16 18
4 16
0 16
18 22
13 18
14 18
4 14
13 22
0 13
0 20
4 17
10 24
15 24
17 24
0 24
6 15
15 17
15 27
0 15
