30 130
1 19
1 24
5 19
5 24
5 8
1 6
5 6
7 19
7 24
7 8
6 7
1 7
1 10
7 10
5 10
19 21
21 24
8 21
1 21
10 21
14 24
8 14
1 14
10 14
1 2
2 14
2 5
2 21
24 26
8 26
6 26
1 26
10 26
14 26
1 29
10 29
5 29
1 27
14 27
27 29
21 27
4 29
11 24
8 11
1 11
11 14
11 15
1 9
3 7
3 5
17 19
17 24
8 17
1 17
10 17
3 17
11 17
17 21
15 17
4 23
11 16
18 26
7 18
1 25
3 25
25 29
18 25
15 25
13 24
8 13
1 13
3 13
13 20
9 13
13 15
1 12
12 14
5 12
12 20
12 15
12 13
2 12
7 12
13 25
28 29
21 28
26 28
13 28
25 28
17 28
0 25
16 18
4 16
16 23
11 22
20 22
22 26
22 23
16 22
17 22
16 27
17 23
3 9
5 9
9 20
9 21
0 9
9 15
7 11
11 20
4 20
4 27
4 7
2 27
7 27
26 29
2 26
0 26
0 2
14 21
5 21
5 7
0 7
1 5
0 5
8 24
1 8
0 1
8 19
0 8
