30 217
3 20
20 25
3 25
7 20
7 25
20 21
21 25
3 21
7 21
1 20
1 25
1 21
12 20
12 21
3 12
7 12
5 20
5 25
5 21
5 12
0 5
3 9
7 9
1 9
5 9
20 24
24 25
21 24
12 24
0 24
9 24
20 22
21 22
3 22
7 22
1 22
5 22
18 20
18 25
18 21
12 18
0 18
18 22
17 20
17 21
3 17
7 17
5 17
1 17
17 18
15 20
15 21
12 15
0 15
15 22
15 17
1 15
20 28
21 28
12 28
0 28
22 28
20 29
21 29
12 29
17 29
3 29
7 29
1 29
5 29
28 29
24 29
18 29
14 20
14 21
0 14
14 29
1 14
14 28
10 20
0 10
1 10
10 28
11 20
11 21
0 11
11 17
11 29
3 11
7 11
11 24
10 11
11 18
11 15
13 20
13 21
12 13
13 22
6 20
3 6
6 7
6 13
6 24
6 28
5 6
6 18
8 20
0 8
1 8
6 8
8 10
8 15
8 14
8 24
16 20
16 17
1 16
16 28
10 16
15 16
20 23
23 25
21 23
12 23
0 23
9 23
22 23
17 23
1 23
23 28
11 23
3 26
23 26
5 26
14 26
3 23
13 23
16 23
23 24
4 20
3 4
4 23
4 24
4 8
20 27
15 27
3 27
14 27
19 20
19 21
0 19
19 29
1 19
6 19
10 19
15 19
3 19
16 19
18 19
5 19
7 19
19 27
4 27
18 27
2 3
2 24
2 16
2 13
2 27
2 7
4 5
4 18
14 23
14 16
5 16
8 16
8 13
7 8
13 28
11 13
3 13
13 24
5 13
13 18
5 11
3 10
7 10
10 24
10 14
7 14
14 18
3 28
7 28
15 28
5 28
3 15
7 15
15 18
1 18
3 18
22 24
3 24
7 24
1 5
3 5
5 7
1 12
0 12
0 1
1 3
1 7
0 21
0 7
3 7
0 25
0 3
0 20
