30 217
11 22
11 21
21 22
5 11
5 21
3 22
3 5
6 11
6 21
3 6
6 17
21 29
17 29
22 29
5 29
6 29
11 27
21 27
3 27
17 27
27 29
12 21
12 17
12 22
5 12
6 12
12 27
8 11
8 21
3 8
8 17
8 29
8 12
5 8
8 22
6 8
5 25
22 25
6 25
11 18
18 21
3 18
17 18
18 29
12 18
18 25
5 18
18 27
6 18
13 21
13 29
12 13
8 13
13 27
12 20
8 20
17 28
28 29
25 28
8 28
22 28
11 23
21 23
3 23
17 23
12 23
23 28
11 14
14 17
5 14
8 14
14 28
14 22
12 16
16 28
14 16
16 20
6 16
4 16
1 21
1 29
1 5
1 8
1 27
1 6
1 13
0 1
1 22
1 16
1 18
2 12
2 5
2 28
2 20
2 13
2 4
1 2
1 7
9 11
9 21
3 9
9 17
5 9
9 28
9 14
9 20
9 13
0 9
1 9
7 9
9 16
2 9
15 21
15 17
15 25
5 15
15 27
15 20
0 15
4 15
5 19
8 19
19 27
19 20
13 19
0 19
19 23
3 26
26 29
12 26
5 26
26 28
26 27
0 26
4 26
19 26
7 26
16 26
18 26
24 25
5 24
14 24
6 24
0 24
4 24
19 24
7 24
9 24
24 26
15 24
22 24
2 26
15 19
10 11
10 21
10 17
10 29
5 10
8 10
10 14
6 10
10 13
4 10
10 19
10 23
10 16
10 15
10 18
10 22
18 19
15 23
9 15
15 18
2 7
7 23
2 22
2 18
16 23
16 22
6 14
14 23
14 27
4 14
23 27
13 23
0 23
22 23
6 28
27 28
20 28
20 22
13 20
4 20
6 20
13 22
13 18
4 18
4 25
4 8
4 6
0 8
5 27
22 27
0 27
0 29
5 6
6 22
0 6
3 17
5 17
5 22
0 5
17 21
17 22
0 22
11 17
0 17
