30 174
3 27
13 27
13 14
3 20
13 20
26 27
14 26
3 21
13 21
21 26
6 27
6 14
6 20
6 21
1 3
1 13
1 26
1 6
2 13
2 27
2 14
2 20
2 21
1 2
3 22
13 22
22 26
6 22
2 22
10 13
10 26
6 10
2 10
10 27
10 14
10 21
10 20
1 10
6 9
9 10
9 14
9 27
13 17
2 17
14 17
17 27
17 20
17 21
1 17
9 17
13 24
2 24
14 24
24 27
17 24
5 14
5 27
5 17
5 21
5 20
8 14
8 27
8 17
5 8
7 21
1 7
7 9
4 14
4 27
20 28
21 28
1 28
11 13
11 26
6 11
10 11
11 14
11 27
11 28
5 11
1 11
11 18
0 18
18 22
4 18
25 27
20 25
21 29
13 15
15 26
6 15
2 15
14 15
15 27
23 27
20 23
21 23
15 23
1 23
12 26
2 12
10 12
12 14
12 27
12 23
12 29
8 12
12 25
9 16
12 16
4 16
0 16
12 24
4 12
5 15
15 29
1 15
9 15
15 21
15 22
4 15
25 29
1 25
11 25
0 25
10 19
14 19
19 27
19 20
7 19
8 19
19 25
19 22
19 21
9 19
0 11
11 22
11 24
0 28
4 28
4 20
4 7
4 9
7 8
8 9
8 24
8 21
5 24
0 5
20 24
21 24
0 24
17 22
9 20
10 22
14 22
22 27
20 22
1 22
21 22
1 14
1 27
1 20
0 1
14 21
21 27
20 21
20 26
14 20
20 27
14 27
0 27
3 14
0 14
