30 217
0 8
6 8
8 14
11 14
6 15
14 15
0 15
1 8
1 11
1 15
1 14
15 28
14 28
6 28
0 28
1 28
2 8
2 11
2 15
2 14
2 28
14 25
6 25
0 25
1 25
2 25
8 23
15 23
14 23
23 25
6 17
0 17
1 17
8 9
9 15
9 14
9 28
9 17
14 19
19 28
19 25
0 19
6 19
1 19
8 16
15 16
14 16
16 28
16 19
6 16
0 16
1 16
14 24
24 25
17 24
16 24
0 27
6 27
23 27
8 18
15 18
14 18
18 28
18 25
18 19
18 27
6 18
0 18
20 25
16 20
8 22
14 22
17 22
16 22
6 22
0 22
22 23
1 22
7 14
7 19
7 22
7 18
7 24
14 21
16 21
21 27
21 24
3 14
3 28
3 25
3 19
3 22
3 18
0 3
3 6
8 10
10 11
10 14
10 28
10 17
10 16
10 22
6 10
0 10
10 26
26 27
24 26
0 26
6 26
20 26
2 26
14 29
28 29
25 29
16 29
10 29
24 29
26 29
0 29
6 29
12 14
12 19
12 22
12 27
3 12
12 29
1 12
12 13
5 8
5 15
5 14
5 28
5 19
5 16
5 10
5 27
5 24
5 26
5 29
5 12
5 20
5 23
2 5
5 7
6 12
0 12
12 23
4 15
4 14
4 17
4 19
4 10
4 27
3 4
4 29
0 4
1 4
4 7
4 13
4 20
4 6
20 29
2 29
13 26
9 10
1 10
10 13
13 18
3 13
9 13
7 13
13 23
0 13
3 23
3 21
1 3
6 21
0 21
7 21
2 21
21 23
1 21
9 21
7 20
7 9
0 7
2 22
20 22
18 20
1 20
2 20
9 20
9 18
2 18
18 23
24 27
6 24
0 24
1 24
9 24
2 16
9 19
1 9
6 9
2 9
17 23
2 17
1 23
6 23
0 23
1 2
2 6
6 14
0 14
6 11
0 11
0 6
