30 130
8 14
14 18
8 9
9 18
9 28
14 24
9 24
1 8
1 18
1 28
1 24
1 9
1 14
8 22
18 22
22 28
22 24
9 22
1 22
9 21
14 21
10 28
9 10
10 21
14 20
12 28
9 12
1 12
12 20
19 21
19 20
14 19
6 28
6 9
1 6
5 14
5 6
6 19
1 27
20 27
14 27
22 27
21 23
13 14
13 16
13 23
1 2
2 13
2 14
17 28
14 15
8 11
11 18
11 28
9 11
11 21
11 15
11 19
11 17
2 11
26 28
9 26
1 26
20 26
19 26
6 26
11 26
4 9
4 21
4 14
4 6
15 29
27 29
4 29
10 29
22 29
2 29
4 23
4 26
3 28
3 9
1 3
3 13
3 14
3 17
3 16
3 4
3 22
2 3
7 14
7 17
7 11
7 22
7 10
7 26
0 26
11 25
23 25
12 25
10 25
15 17
15 16
10 15
14 17
2 17
16 17
2 10
13 22
19 23
23 27
16 23
0 23
12 27
6 27
6 10
6 22
12 19
12 16
12 22
0 12
10 20
21 22
1 16
9 14
9 16
18 28
14 28
8 28
16 28
0 16
