30 174
0 14
14 18
0 4
4 18
3 14
3 4
0 5
5 18
12 14
4 12
5 12
0 23
18 23
3 23
12 23
2 23
0 6
6 18
6 12
3 6
14 19
6 19
0 19
18 19
8 14
4 8
8 23
6 8
8 19
0 8
8 18
8 28
9 19
0 9
14 29
6 29
9 29
12 29
5 10
0 27
18 27
3 27
12 27
5 15
15 27
15 19
12 15
14 22
22 23
8 22
9 22
0 22
22 28
15 22
11 22
11 28
3 11
14 26
4 26
5 26
23 26
19 26
12 26
22 26
7 14
6 7
7 19
7 9
1 23
1 27
1 19
1 9
1 7
1 28
1 2
1 26
1 11
1 29
14 21
4 21
5 21
21 23
8 21
12 21
21 22
21 28
3 21
0 21
11 21
18 21
1 21
13 14
4 13
5 13
6 13
8 13
12 13
10 13
13 28
13 26
0 13
13 29
10 24
7 24
3 24
24 26
5 25
25 27
8 25
12 25
10 25
25 28
2 25
20 25
15 25
24 25
10 17
7 17
3 17
0 17
15 17
17 29
17 25
17 18
16 22
7 16
2 16
16 20
11 16
16 24
16 25
1 16
18 20
20 24
13 24
13 21
13 18
0 7
7 15
7 26
7 29
2 26
18 26
11 26
11 15
2 22
3 15
0 15
15 29
10 27
10 19
10 12
0 10
10 29
10 18
3 10
2 29
0 29
9 18
3 9
9 28
2 9
0 28
18 28
8 12
2 8
3 19
2 6
2 3
0 2
0 12
12 18
3 5
3 18
