30 174
8 22
22 29
4 22
4 8
4 29
17 22
4 17
8 16
16 29
16 17
22 25
4 25
16 25
8 15
15 29
15 17
10 22
4 10
10 15
7 8
7 29
7 17
7 10
7 25
3 22
3 4
3 7
3 8
8 21
21 29
17 21
10 21
21 25
18 22
8 18
18 21
5 22
5 8
5 21
5 29
5 17
5 10
5 25
22 26
4 26
7 26
8 26
5 26
10 26
0 26
26 29
17 26
13 22
4 13
7 13
8 13
13 21
10 13
13 26
13 17
8 27
10 27
26 27
27 29
11 22
4 11
8 11
5 11
10 11
11 27
11 13
8 12
10 12
0 12
12 17
8 28
17 28
28 29
14 22
4 14
14 15
8 14
14 21
10 14
2 8
2 29
2 17
2 14
2 25
8 23
10 23
23 26
2 23
23 27
18 23
1 22
1 4
1 8
1 5
1 26
1 17
1 13
1 18
1 12
8 24
5 24
24 26
24 27
24 28
24 25
1 24
8 9
9 17
9 13
9 25
9 29
9 11
9 24
9 23
3 24
6 29
6 24
8 19
11 19
6 19
19 23
6 14
1 23
8 20
20 25
1 20
11 20
3 20
14 20
3 23
14 17
14 28
12 14
14 29
11 14
25 28
12 28
3 28
12 18
12 29
11 12
3 27
18 27
13 27
13 29
13 18
5 18
0 18
18 29
18 25
3 21
3 10
0 3
3 25
3 29
8 10
10 29
10 17
10 25
15 25
8 25
0 25
17 25
8 17
0 17
17 29
8 29
0 29
0 8
