30 217
8 15
8 9
15 22
9 22
8 16
16 22
15 26
9 26
16 26
4 8
4 22
4 26
15 17
9 17
16 17
4 17
17 26
1 15
1 4
1 26
1 8
1 22
1 17
15 18
9 18
16 18
4 18
18 26
1 18
25 26
8 25
22 25
17 25
18 25
24 26
24 25
8 13
13 22
13 18
13 17
13 24
21 26
1 21
13 21
6 8
6 22
11 26
11 25
5 16
4 5
5 26
1 5
5 13
5 8
5 22
5 17
2 5
8 12
12 22
7 13
7 12
15 19
19 26
1 19
19 25
5 19
12 19
19 22
8 19
16 27
4 27
26 27
1 27
5 27
6 27
19 27
21 27
15 29
9 29
16 29
4 29
26 29
1 29
13 29
12 29
22 29
19 29
8 29
28 29
7 28
14 16
4 14
14 26
1 14
14 25
6 14
14 19
14 21
14 18
7 14
8 14
14 28
11 14
14 17
0 14
14 24
2 28
15 23
9 23
16 23
23 26
1 23
23 25
13 23
5 23
22 23
21 23
18 23
10 26
6 10
10 22
10 21
10 18
7 10
8 10
10 23
10 17
0 10
10 20
3 4
3 26
1 3
3 25
3 5
3 6
3 22
3 21
3 29
3 7
3 8
3 23
3 27
3 17
0 3
3 20
20 28
0 20
20 24
11 20
2 10
23 28
23 27
8 23
17 23
0 23
8 28
17 28
7 29
2 29
17 29
24 29
27 29
7 27
2 27
8 27
0 27
24 27
7 19
0 19
2 19
11 19
18 19
7 21
7 8
7 11
12 24
12 17
2 12
2 22
2 18
2 8
2 24
2 11
5 18
5 11
0 5
6 11
11 22
11 18
8 11
11 24
11 17
0 6
6 21
6 18
21 22
8 21
17 21
21 24
22 24
18 24
0 24
0 25
18 22
8 18
0 18
0 1
17 22
8 17
0 4
8 26
22 26
0 26
8 22
0 22
0 9
0 15
