30 174
2 26
18 26
2 17
17 18
7 26
7 17
2 9
9 18
7 9
3 26
3 9
3 17
1 3
10 26
9 10
10 17
1 10
2 23
18 23
3 23
10 23
4 26
4 17
4 9
4 21
21 23
5 26
5 17
18 24
3 24
23 24
4 8
8 26
1 8
2 14
14 18
3 14
10 14
14 23
8 14
5 14
14 26
2 6
3 6
4 6
6 8
6 14
2 22
3 22
22 23
8 22
14 22
22 26
0 22
14 15
15 22
9 28
26 28
19 28
2 12
12 18
7 12
3 12
12 23
8 12
5 12
12 14
12 28
12 26
0 12
18 25
3 25
23 25
8 25
14 25
9 25
12 25
5 16
16 22
16 28
16 17
16 25
16 26
2 20
10 20
4 20
8 20
5 20
14 20
9 20
12 20
16 20
1 20
16 29
1 11
11 15
11 29
11 26
0 29
20 29
26 29
21 29
15 20
20 21
0 20
16 24
16 21
9 27
17 27
26 27
6 27
13 27
1 13
13 15
13 21
13 24
13 19
19 27
0 27
25 27
1 25
6 25
24 25
0 25
19 25
12 24
12 15
12 19
6 19
15 19
19 26
15 28
6 28
24 28
6 15
15 26
6 22
9 22
22 24
17 22
1 22
6 17
1 6
6 24
0 14
14 21
8 17
8 24
8 9
5 24
0 24
21 24
1 5
5 21
5 9
9 21
17 21
21 26
4 23
23 26
17 23
9 23
1 23
0 23
0 10
1 9
1 17
0 1
0 3
9 26
9 17
17 26
0 17
0 2
