30 130
21 28
21 24
24 28
2 24
1 21
1 28
1 2
3 28
3 24
1 3
14 21
14 28
2 14
3 14
0 14
22 28
22 24
1 22
10 21
10 28
2 10
3 10
0 10
10 22
7 21
7 28
2 7
0 7
7 24
1 7
7 14
7 10
8 21
8 28
7 8
27 28
24 27
1 27
8 27
21 23
23 28
22 23
23 27
23 24
1 23
11 21
11 28
11 23
11 24
4 28
4 24
1 4
21 26
26 28
2 26
3 26
22 26
7 26
4 26
8 26
21 25
25 28
1 25
24 25
1 17
17 25
15 28
7 15
15 23
8 15
28 29
8 29
15 29
20 25
20 26
20 29
20 24
14 29
16 29
18 28
7 18
1 18
11 18
17 18
10 18
13 21
13 28
13 22
13 27
13 23
11 13
13 17
13 19
1 5
5 25
5 9
9 19
9 14
9 24
5 12
5 10
5 14
12 17
12 13
12 24
13 18
16 18
15 19
15 24
15 17
25 26
10 26
14 26
4 10
4 19
11 19
10 19
8 11
14 23
10 27
14 27
1 8
8 14
6 24
6 10
14 22
0 1
1 24
0 24
0 28
