30 217
5 26
5 29
5 24
9 26
9 29
9 24
21 29
21 24
5 21
17 26
17 29
17 24
17 21
5 28
11 26
11 29
11 24
11 21
11 28
23 29
23 24
21 23
5 23
9 23
11 23
4 26
4 29
4 24
4 21
4 28
4 23
2 5
2 11
2 4
14 26
14 29
14 24
14 21
14 28
14 23
2 14
5 10
10 14
4 10
10 11
9 10
10 17
1 29
1 23
1 10
1 11
1 17
22 29
11 22
14 22
15 29
15 24
15 21
15 23
10 15
11 15
14 15
15 22
5 7
7 12
13 29
13 21
7 13
11 13
9 18
5 18
13 18
20 29
20 28
10 20
0 20
18 20
17 20
20 22
5 20
4 20
15 20
1 20
9 20
14 16
16 22
0 25
22 25
6 29
6 24
6 21
6 23
6 7
0 6
6 14
6 17
6 25
5 6
27 29
23 27
10 27
11 27
14 27
17 27
22 27
4 27
6 27
3 29
3 24
3 21
3 28
3 23
2 3
3 10
0 3
3 14
3 22
3 25
3 12
3 27
3 13
3 6
19 29
19 21
19 28
19 23
10 19
11 19
0 19
17 19
12 19
5 19
19 27
13 19
3 19
8 26
8 29
8 24
8 21
8 28
8 23
2 8
8 11
0 8
8 17
8 25
8 12
4 8
8 15
8 13
8 20
8 19
6 8
1 19
16 19
3 16
3 9
9 27
13 27
1 27
6 13
1 6
6 9
13 25
5 25
1 25
16 25
4 25
12 16
4 16
15 16
16 20
9 16
13 17
12 13
1 13
4 7
7 17
7 14
0 7
11 12
0 12
12 17
9 12
12 15
5 12
5 15
4 15
1 15
9 15
9 22
4 22
1 22
1 5
11 14
0 14
5 14
14 17
4 14
2 17
2 9
4 11
4 5
4 9
17 23
5 11
9 11
9 28
17 28
0 17
5 17
9 21
0 21
0 9
0 5
26 29
0 29
