30 130
12 15
15 28
27 28
15 27
1 12
1 28
1 27
4 15
1 4
12 22
22 28
22 27
4 22
5 15
1 5
5 22
5 7
1 7
4 10
1 10
10 15
12 20
20 27
5 17
15 17
17 22
1 17
17 29
3 15
3 29
2 12
2 28
2 27
2 4
5 13
13 15
13 22
11 28
11 27
11 13
1 11
2 11
2 16
9 28
9 27
4 9
1 9
9 10
9 16
14 28
14 27
14 17
13 14
14 21
14 16
14 25
25 29
19 21
15 19
19 25
7 19
11 19
12 23
23 28
17 23
13 23
2 23
15 23
10 24
0 24
23 24
3 18
16 18
18 24
18 25
24 26
18 26
11 26
6 12
6 28
5 6
3 6
2 6
0 6
6 9
6 20
8 21
8 15
8 14
8 18
6 8
8 22
6 26
7 24
7 23
19 23
22 23
14 20
9 14
9 11
9 22
11 16
0 16
11 20
1 13
2 13
2 3
2 15
2 22
3 20
10 29
15 29
7 29
20 29
22 29
17 20
10 20
0 20
10 21
7 21
0 21
0 7
0 5
1 22
15 22
1 15
0 1
0 27
12 28
0 28
