40 312
24 38
19 38
19 24
16 38
16 19
9 16
18 24
16 18
35 38
19 35
9 35
18 35
13 38
13 19
9 13
13 18
13 24
13 16
13 35
3 38
3 19
3 9
3 18
3 13
23 38
19 23
9 23
18 23
13 23
23 24
16 23
23 35
5 38
5 19
5 9
5 18
5 13
5 23
13 30
23 30
24 30
16 30
30 35
10 38
10 19
9 10
10 18
10 13
10 23
10 30
13 20
20 23
20 24
16 20
20 35
3 20
10 20
5 20
0 20
19 39
9 39
13 39
20 39
0 39
13 15
15 20
0 15
19 25
25 30
24 25
16 25
25 35
5 25
10 25
3 25
9 14
14 25
24 33
16 33
33 35
10 33
3 33
5 33
1 19
1 23
1 33
1 4
12 38
12 19
9 12
12 18
12 13
12 23
12 30
12 25
12 33
12 15
3 12
12 24
12 16
19 36
23 36
25 36
4 36
12 36
28 38
19 28
9 28
18 28
13 28
23 28
28 30
20 28
28 33
15 28
12 28
24 28
16 28
5 28
13 17
17 23
0 17
4 17
12 17
17 28
17 36
1 17
29 38
19 29
13 29
23 29
29 33
15 29
12 29
24 29
16 29
6 29
22 38
19 22
9 22
13 22
22 23
22 30
0 22
15 22
22 29
22 28
26 39
33 34
4 34
3 34
24 34
26 34
11 38
11 19
9 11
11 18
11 13
11 23
11 30
11 20
11 25
3 11
11 29
11 24
11 26
5 11
8 25
4 8
3 8
8 29
8 24
8 11
8 31
31 39
16 31
5 31
2 24
26 32
16 32
7 17
7 32
6 7
7 22
7 8
7 35
7 36
2 7
0 27
4 27
27 29
27 28
17 27
27 32
6 27
21 38
19 21
9 21
18 21
13 21
21 23
21 30
20 21
0 21
4 21
3 21
21 28
21 24
21 32
21 34
21 35
21 37
1 21
21 22
10 21
6 37
27 37
2 37
14 37
5 37
16 27
5 27
14 27
2 27
6 32
2 32
14 32
2 31
2 8
2 36
14 31
1 8
8 10
8 36
1 11
11 22
11 34
11 36
11 39
1 34
16 34
5 34
14 34
34 39
22 26
5 26
10 26
26 35
5 22
16 22
22 39
1 22
14 29
10 29
6 24
6 17
6 36
6 10
6 14
16 17
14 17
17 35
28 35
28 36
1 36
35 36
5 12
12 35
1 12
1 24
1 35
14 33
3 14
14 24
10 14
4 25
4 24
4 16
4 35
4 15
15 24
15 16
15 35
10 15
5 15
15 39
3 39
24 39
16 39
35 39
10 39
0 10
3 10
10 24
5 10
5 30
3 30
0 5
3 23
0 3
3 24
3 16
3 35
0 35
16 35
0 16
16 24
9 19
9 24
0 24
9 38
0 9
