40 156
15 23
15 16
16 23
15 33
16 33
23 24
24 33
16 21
21 23
7 15
7 16
7 21
7 33
23 27
7 27
27 28
15 17
16 17
17 21
17 33
17 27
17 23
17 34
0 34
31 33
23 31
16 36
21 36
33 36
31 36
17 36
10 16
10 31
8 10
4 10
4 32
6 8
6 32
4 6
3 6
6 28
16 19
19 23
17 19
20 33
23 37
7 37
25 33
25 37
10 25
25 34
15 22
16 22
21 22
22 31
8 22
12 22
22 36
22 25
7 22
5 18
5 32
5 22
4 30
5 30
1 33
1 23
1 38
1 34
1 4
1 30
1 7
1 20
16 39
23 39
18 39
38 39
14 16
14 21
14 27
14 23
14 17
14 32
4 14
29 31
9 29
14 29
2 17
2 38
2 14
2 3
0 2
2 29
28 29
13 15
13 16
13 21
13 33
13 27
13 23
10 13
9 13
13 36
13 29
0 13
18 35
34 35
10 11
9 11
0 11
17 26
12 26
11 26
25 26
7 26
5 26
11 35
11 19
25 35
0 35
13 35
14 39
30 39
28 39
20 39
3 5
19 25
20 37
18 20
12 20
20 36
19 20
12 19
6 19
10 38
9 38
28 38
9 36
7 9
28 36
7 31
3 31
3 34
3 7
7 23
7 8
21 33
21 28
23 33
28 33
16 28
23 28
15 28
8 28
8 18
0 18
