40 156
12 35
10 12
10 33
32 35
10 32
12 24
24 33
24 32
10 22
22 35
22 24
1 12
1 33
1 32
1 22
0 1
12 20
20 33
20 32
20 22
1 20
7 12
7 33
30 35
10 30
7 30
12 37
10 28
28 35
0 28
28 37
15 28
11 12
11 32
1 11
12 18
18 32
18 30
11 18
10 18
1 16
16 18
11 16
14 28
7 14
12 23
7 23
14 23
13 30
13 18
9 12
7 9
9 27
9 14
3 14
3 9
3 10
1 26
17 34
7 17
17 35
31 35
27 39
31 39
15 29
23 29
10 29
29 39
3 6
25 34
18 25
25 35
9 25
6 25
21 25
15 21
2 12
2 32
1 2
2 7
2 11
2 9
2 17
2 23
2 25
2 10
24 25
6 8
6 26
8 39
5 12
5 22
5 28
5 18
5 11
5 14
5 17
5 16
5 8
19 20
19 39
19 26
5 19
27 36
9 36
3 36
16 36
8 36
13 36
37 39
0 31
31 37
20 31
17 31
17 20
17 37
26 34
34 37
14 26
3 26
0 26
24 26
15 27
0 27
13 27
4 13
16 38
13 38
0 13
13 37
4 24
4 15
4 23
23 37
15 23
14 16
16 24
18 35
11 15
0 11
11 37
10 15
24 28
30 37
7 24
7 20
20 35
20 24
0 20
1 10
1 35
24 35
10 35
0 10
33 35
0 12
