40 234
6 25
10 25
1 25
6 16
10 16
1 16
14 25
14 16
6 9
9 10
1 9
9 14
25 26
16 26
6 32
10 32
1 32
14 32
26 32
10 37
25 37
16 37
6 15
10 15
1 15
14 15
15 26
15 37
15 25
25 39
11 16
10 38
1 38
26 38
37 38
25 38
11 38
0 38
9 24
2 10
1 2
2 26
2 37
2 25
2 39
2 24
2 16
4 10
4 11
4 39
4 16
25 27
27 39
24 27
4 27
10 35
1 35
26 35
35 37
25 35
11 35
0 35
6 12
10 12
1 12
25 33
16 33
12 33
9 33
12 25
11 12
0 12
12 13
9 12
5 19
8 38
9 31
8 31
10 17
17 37
17 25
11 17
0 17
17 24
9 17
8 17
17 29
9 34
32 34
21 39
16 21
4 21
21 32
2 21
3 24
3 16
3 4
3 19
3 21
0 30
16 30
9 30
5 30
3 30
30 34
2 30
3 22
7 10
7 37
7 25
7 39
0 7
4 7
7 19
5 7
7 21
7 15
7 22
10 18
18 37
18 25
18 39
0 18
16 18
4 18
8 18
18 29
7 18
6 23
10 23
1 23
14 23
23 26
23 37
23 25
11 23
23 24
13 23
4 23
5 23
3 23
23 34
23 30
21 36
19 28
28 32
3 28
28 35
28 36
10 20
20 37
20 25
11 20
0 20
16 20
9 20
20 32
3 20
20 28
17 20
12 20
20 38
20 22
27 28
12 28
23 36
35 36
2 36
31 36
18 23
23 31
18 27
2 18
18 22
7 12
7 38
22 30
22 27
17 30
15 21
21 34
15 34
17 34
34 35
17 35
17 27
29 38
27 29
12 29
29 31
15 31
31 35
31 38
8 32
5 8
5 15
2 5
5 12
12 35
12 38
13 35
9 13
19 35
32 35
19 27
27 32
2 27
4 38
2 4
2 15
16 24
24 38
15 38
0 11
11 39
9 39
15 39
32 39
16 39
0 15
15 16
9 15
32 37
9 37
25 32
0 32
16 32
9 32
9 26
0 26
16 25
0 25
6 10
0 10
