40 234
2 21
2 38
21 38
2 13
13 38
21 34
13 34
2 7
7 38
7 34
7 35
21 32
13 32
32 36
24 36
0 36
17 21
2 9
9 38
9 34
9 35
9 32
9 24
23 35
21 22
13 22
22 23
2 25
25 38
24 25
22 25
33 38
23 33
0 33
21 33
13 33
2 39
38 39
32 39
24 39
33 39
17 39
36 39
2 14
14 38
14 35
14 22
14 33
6 32
6 24
6 33
2 28
28 38
28 35
23 28
28 33
21 28
15 28
6 15
15 39
15 21
3 28
2 4
4 38
4 32
4 22
4 23
4 6
16 24
16 22
16 23
4 16
20 33
4 20
20 39
1 35
1 22
0 1
1 6
1 20
1 25
2 5
5 38
5 35
5 22
0 5
5 6
5 25
1 5
5 21
4 27
21 27
3 27
5 27
9 27
15 27
31 35
24 31
0 31
28 31
4 31
25 31
3 31
27 31
18 25
1 18
29 33
17 29
20 29
10 38
10 34
10 35
10 24
0 10
4 10
10 39
10 36
3 10
20 37
10 37
29 37
14 19
19 37
19 31
7 19
23 30
4 30
25 30
10 30
14 30
30 36
3 11
11 36
8 20
8 21
3 8
8 36
8 11
8 19
12 28
6 12
12 20
1 12
3 12
12 14
11 12
5 12
12 30
8 12
8 13
11 30
9 11
19 30
26 35
23 26
0 26
26 28
26 39
1 26
26 29
26 36
26 31
15 26
16 26
26 30
15 37
18 37
5 37
13 37
10 14
10 29
7 10
13 29
16 29
29 36
18 29
14 18
16 18
18 31
7 18
15 31
7 27
5 13
5 9
1 13
1 9
20 21
16 20
16 25
16 36
15 16
9 16
3 4
4 21
3 39
3 15
13 28
6 28
7 28
6 21
6 14
6 13
14 39
14 21
13 14
7 39
25 33
17 25
9 25
13 25
7 22
21 23
13 23
0 23
9 23
9 17
9 21
7 9
17 36
24 32
21 24
13 24
7 24
0 7
7 21
7 13
34 35
13 35
0 13
35 38
21 35
0 21
2 35
0 35
