40 156
6 34
6 17
1 34
1 17
1 39
6 11
1 11
17 22
22 39
11 22
4 39
4 11
4 6
1 4
20 34
17 20
20 39
4 20
6 20
6 27
37 39
11 37
28 37
1 37
10 28
10 37
32 37
10 32
7 32
31 39
4 31
6 31
31 37
5 30
30 31
6 25
14 34
14 17
14 39
4 14
6 15
15 22
13 39
4 13
13 15
13 27
17 21
4 21
6 21
21 27
9 21
1 21
13 21
0 21
20 21
3 5
3 31
18 37
1 18
15 24
24 27
23 24
22 24
1 24
29 39
11 29
6 29
28 29
24 29
20 29
23 29
34 38
17 38
38 39
11 38
6 38
27 38
24 38
29 38
13 38
2 9
2 32
2 18
26 32
25 26
2 26
26 30
8 15
8 28
5 8
1 8
8 13
12 23
2 12
8 12
13 19
12 19
19 22
32 33
31 33
14 33
0 33
19 33
7 33
8 10
8 26
7 26
2 38
3 38
7 38
25 29
14 29
20 24
14 23
18 23
10 23
3 18
7 18
3 20
3 21
9 13
9 14
13 31
14 15
14 36
14 22
0 14
25 36
25 37
22 25
25 30
20 25
22 30
20 30
5 31
7 31
1 10
0 10
10 16
16 22
0 37
0 28
27 28
20 27
22 27
4 22
0 11
6 35
1 35
1 6
0 1
17 39
6 39
0 6
34 39
0 39
