40 234
5 6
6 20
5 39
20 39
6 35
35 39
5 14
14 20
14 35
14 37
5 7
6 7
7 39
5 8
8 20
8 35
8 37
7 8
31 37
6 31
31 39
14 31
8 31
5 15
15 37
15 31
6 15
15 39
14 15
8 15
0 15
1 31
1 15
10 37
2 6
2 39
5 22
20 22
22 35
22 37
7 22
2 22
7 19
15 19
6 38
38 39
19 38
5 34
15 34
34 38
10 34
13 37
13 15
13 38
5 29
20 29
29 35
29 37
7 29
29 31
29 38
13 29
8 29
5 18
18 20
18 37
7 18
18 31
2 18
10 18
1 18
18 29
5 9
9 15
9 10
1 9
9 13
9 36
4 5
4 31
4 19
1 4
4 8
0 12
12 39
4 12
3 5
3 37
3 7
2 3
3 19
6 27
14 27
7 11
11 31
10 11
11 27
8 11
11 36
4 11
9 11
23 31
2 23
19 23
13 23
23 34
23 29
5 16
16 37
7 16
2 16
16 19
1 16
13 16
16 29
4 16
16 28
14 28
10 25
1 25
25 34
25 29
22 25
21 34
21 29
21 22
9 21
22 32
21 32
32 33
0 33
24 38
13 24
8 24
24 36
22 24
23 24
24 28
11 24
24 25
24 33
19 26
13 26
26 34
12 26
16 26
14 26
26 32
11 26
26 33
5 17
15 17
10 17
17 27
8 17
17 29
17 22
14 17
17 32
17 18
6 17
17 26
32 39
21 23
3 21
21 25
25 28
25 39
3 25
3 28
0 28
3 16
16 18
16 23
23 39
11 23
6 23
0 11
3 27
27 39
3 8
3 12
30 34
30 36
4 30
9 30
30 39
0 30
18 30
3 30
3 6
6 12
4 9
4 14
4 6
9 39
0 9
14 36
18 36
14 18
18 39
6 18
22 29
6 13
13 39
13 34
22 34
0 34
8 38
6 19
19 39
19 22
0 19
1 22
0 22
2 8
2 14
2 10
6 10
10 39
1 10
10 14
1 6
1 8
0 1
6 8
8 14
7 14
6 14
37 39
20 37
6 37
5 37
0 37
