40 234
11 36
21 36
11 14
14 21
14 27
27 36
19 27
11 20
20 21
20 27
1 11
1 21
1 27
1 19
1 36
1 14
11 32
21 32
27 32
1 32
13 21
1 13
2 36
2 14
2 19
2 3
18 36
14 18
18 19
4 11
4 21
4 27
1 4
2 4
4 18
4 36
4 32
2 10
10 13
4 10
10 32
3 26
10 26
7 13
27 33
1 33
2 33
33 36
14 33
19 33
21 35
1 35
13 35
33 35
12 21
1 12
12 13
17 19
14 17
17 36
12 17
11 37
21 37
27 37
1 37
2 37
33 37
19 37
36 37
14 37
12 37
1 30
14 34
19 34
34 36
30 34
30 37
13 23
23 33
12 23
23 35
13 25
25 33
12 25
23 25
0 28
28 32
28 29
8 37
8 23
8 28
13 16
16 18
4 16
16 32
16 28
8 16
2 6
6 33
6 37
4 6
6 32
28 39
6 39
31 36
30 31
31 39
25 31
19 31
20 31
30 39
20 39
29 39
14 39
25 39
6 30
6 36
6 29
3 6
6 16
24 37
24 32
10 24
12 38
4 38
28 38
2 22
18 22
12 22
4 22
10 22
22 38
3 22
22 30
16 22
22 24
22 25
14 22
20 38
24 38
35 38
5 32
5 38
5 36
5 30
5 16
5 19
15 21
15 27
1 15
15 33
15 37
15 23
15 32
8 15
15 36
9 12
4 9
9 28
8 9
3 9
9 15
9 25
9 19
9 16
9 29
15 35
15 19
5 15
7 15
5 7
19 38
7 38
6 24
24 30
19 24
24 29
7 24
16 20
16 25
8 29
8 25
8 14
3 8
29 35
14 29
25 28
28 36
19 25
14 23
19 23
23 36
20 23
23 30
10 30
30 35
20 37
12 35
12 19
12 14
7 12
10 35
35 36
20 35
7 35
7 33
20 33
4 7
7 10
7 36
3 7
10 20
10 19
3 4
3 18
18 32
3 32
3 14
3 20
2 13
2 20
13 14
13 19
13 36
13 32
14 32
1 20
14 20
0 14
14 36
19 21
0 36
11 19
0 19
