40 312
20 32
32 39
3 20
3 39
17 32
3 17
17 20
10 39
10 17
7 32
3 7
7 20
7 10
32 33
20 33
33 39
17 33
28 32
3 28
20 28
28 33
23 39
17 23
23 28
21 32
3 21
20 21
10 21
21 33
21 23
37 39
17 37
28 37
7 37
18 32
3 18
18 20
18 33
18 37
20 25
25 39
17 25
0 25
20 22
22 33
22 25
13 20
13 33
13 37
13 39
13 17
32 34
3 34
20 34
10 34
33 34
23 34
25 34
13 34
1 20
1 39
1 17
5 20
5 33
5 23
5 13
1 5
5 39
24 32
3 24
20 24
10 24
24 33
23 24
24 37
13 24
1 24
5 24
0 24
4 20
4 39
4 17
11 20
7 11
0 11
4 11
11 39
11 17
11 22
16 20
5 16
20 30
30 33
23 30
25 30
13 30
1 30
5 30
30 39
14 32
3 14
14 20
14 33
14 23
14 25
13 14
7 14
14 30
4 14
6 39
6 18
6 21
6 14
20 26
26 33
13 26
7 26
5 26
0 26
6 26
11 26
35 39
11 35
20 27
0 27
27 39
20 29
5 29
29 30
4 29
29 39
11 29
29 34
9 20
4 9
9 39
9 29
9 28
15 32
15 20
15 33
13 15
1 15
5 15
15 30
0 15
15 39
20 38
4 38
38 39
20 36
7 36
30 36
0 36
36 38
11 36
28 36
14 36
34 36
22 36
20 31
31 38
29 31
31 34
31 36
26 31
9 31
8 39
8 38
8 29
8 14
19 20
7 19
19 30
4 19
19 39
19 38
19 35
14 19
19 36
19 26
19 27
9 19
8 19
19 24
8 26
8 31
12 34
12 27
12 22
12 21
12 17
8 12
8 18
8 17
24 31
21 31
17 36
16 36
34 38
15 38
28 38
2 20
2 7
2 5
0 2
2 39
2 38
2 28
2 14
2 34
2 27
2 22
2 24
2 16
2 18
21 38
15 35
15 18
9 15
14 15
15 27
15 21
15 26
15 24
9 26
9 16
9 17
9 22
14 29
27 29
18 29
16 29
27 35
22 27
16 27
17 27
34 35
17 35
26 35
28 35
24 35
21 26
18 26
6 17
14 28
14 17
14 22
22 30
30 34
0 30
16 30
17 30
4 16
16 39
11 16
16 28
16 18
16 21
11 18
11 24
4 24
4 34
24 39
24 34
17 24
21 24
5 18
5 17
5 22
5 28
5 21
1 28
1 22
0 1
1 34
1 7
7 34
18 34
21 34
13 22
13 28
0 13
7 13
13 21
13 18
0 22
22 39
22 28
18 22
25 28
18 25
21 25
7 25
0 18
18 39
21 37
7 21
21 39
21 28
7 23
7 28
0 28
28 39
7 33
0 33
7 39
7 17
0 7
20 39
0 39
0 20
