40 390
2 16
2 39
13 16
13 39
2 3
3 13
16 28
28 39
2 10
10 13
10 28
2 15
13 15
15 28
15 16
15 39
3 15
10 15
2 37
13 37
28 37
15 37
16 25
25 39
10 25
3 25
25 37
2 33
13 33
28 33
15 33
25 33
12 16
12 39
3 12
10 12
12 37
12 33
2 31
13 31
28 31
15 31
25 31
12 31
2 14
13 14
14 28
14 15
14 25
14 16
14 39
3 14
10 14
14 37
14 31
2 23
13 23
23 28
15 23
23 25
12 23
14 23
1 2
1 13
1 15
1 14
1 16
1 39
1 10
1 3
1 37
1 33
1 31
1 23
15 18
18 25
1 18
16 18
18 39
3 18
10 18
18 37
27 28
25 27
1 27
18 27
14 29
18 29
16 29
29 39
10 29
3 29
29 37
29 31
2 19
19 28
15 19
19 25
14 19
19 29
0 19
19 37
2 5
5 13
5 15
5 25
1 5
5 18
5 29
15 20
20 25
1 20
20 29
16 20
20 39
10 20
3 20
20 37
20 33
1 34
18 34
20 34
34 37
5 34
34 39
2 7
7 13
7 28
7 15
7 25
7 12
7 14
7 18
7 20
7 37
7 23
7 39
3 7
7 10
7 34
7 27
6 15
6 14
16 35
35 39
10 35
3 35
35 37
28 32
15 32
32 35
18 32
29 32
32 37
5 32
32 39
16 32
7 32
3 32
8 15
8 12
8 14
8 35
8 20
5 8
8 21
8 39
8 16
6 8
8 31
8 32
21 22
22 39
16 22
6 22
2 24
13 24
15 24
12 24
14 24
18 24
0 24
24 37
21 24
16 24
7 24
3 24
24 33
16 17
3 17
17 24
17 32
1 36
35 36
0 36
20 36
5 36
36 39
16 36
6 36
24 36
17 36
22 36
27 36
2 11
11 13
11 15
11 12
1 11
11 29
0 11
11 37
11 21
11 39
11 16
6 11
11 31
11 17
2 4
4 13
4 28
4 15
4 25
4 12
1 4
4 35
0 4
4 20
4 23
4 39
4 16
4 7
4 31
4 17
4 33
16 26
6 26
26 31
4 26
22 26
2 30
28 30
15 30
12 30
14 30
18 30
0 30
30 37
23 30
30 39
16 30
6 30
3 30
30 32
22 30
27 30
30 33
19 30
26 30
30 34
26 36
26 34
15 38
14 38
35 38
29 38
0 38
20 38
23 38
38 39
16 38
7 38
24 38
17 38
4 38
27 38
33 38
26 38
8 38
10 38
19 26
4 34
4 11
9 23
9 39
9 16
3 9
9 31
9 32
4 9
9 33
9 36
9 34
9 19
9 10
11 33
11 36
11 19
10 11
8 11
34 36
17 27
10 17
24 31
19 24
24 27
22 24
22 32
10 22
19 22
8 22
8 27
8 33
8 19
32 34
19 32
31 35
23 35
6 35
33 35
6 18
6 20
6 37
5 6
6 23
6 7
3 6
6 10
6 19
7 33
3 34
31 34
10 34
5 20
5 16
5 39
5 10
3 5
5 33
5 23
5 21
16 21
21 39
10 21
3 21
19 21
21 31
21 27
19 39
16 19
23 29
27 29
27 37
16 27
3 27
27 33
10 27
18 33
0 23
23 37
16 23
23 39
10 23
3 23
23 33
14 33
0 31
31 37
31 39
16 31
3 31
10 31
33 39
16 33
0 37
16 37
37 39
10 37
3 37
0 10
10 39
10 16
3 10
3 28
0 3
3 39
3 16
0 39
16 39
0 16
