40 312
3 19
3 36
19 36
3 16
16 36
3 37
36 37
19 37
16 37
3 10
10 36
10 37
6 37
6 19
6 10
6 16
3 35
35 36
35 37
6 35
19 23
10 23
16 23
23 35
3 34
34 36
34 37
6 34
23 34
3 12
12 36
12 37
12 19
12 16
10 12
12 34
12 35
3 29
29 36
29 37
6 29
12 29
3 27
27 36
27 37
6 27
23 27
12 27
19 27
10 27
16 27
27 34
27 35
27 29
3 9
9 36
9 37
6 9
9 23
9 12
9 27
19 28
16 28
10 28
28 34
28 35
28 29
3 38
36 38
37 38
6 38
23 38
12 38
27 38
28 38
1 19
1 10
1 16
1 34
1 35
1 29
1 9
1 38
3 7
7 36
7 37
6 7
7 12
7 27
1 7
19 31
10 31
16 31
31 34
31 35
29 31
9 31
7 31
31 38
32 36
12 32
31 32
19 32
4 37
4 27
4 19
4 10
4 16
4 34
4 35
4 29
37 39
1 39
4 39
30 36
27 30
10 30
19 30
16 30
9 30
0 30
7 30
30 39
30 38
29 30
30 34
18 36
1 18
10 18
18 19
18 30
15 19
10 15
15 16
15 34
15 35
15 25
19 25
3 11
11 36
11 37
1 11
10 11
11 19
11 13
11 16
11 29
11 38
11 33
8 13
7 8
8 33
20 36
20 27
10 20
19 20
13 20
8 20
5 36
5 27
5 10
5 19
5 11
5 14
5 33
5 34
5 35
2 10
2 19
2 30
2 7
2 5
2 32
22 36
22 37
6 22
22 27
4 22
19 22
13 22
14 22
3 26
26 36
26 37
6 26
12 26
26 27
10 26
19 26
13 26
7 26
26 29
22 26
18 26
25 26
9 26
16 26
26 32
26 34
2 22
16 22
22 35
17 34
17 20
17 29
17 33
17 22
17 25
0 22
22 39
22 33
2 38
2 18
2 33
2 39
0 2
5 20
4 24
19 24
13 24
7 24
5 24
24 32
24 34
24 35
24 29
8 21
21 32
21 34
21 35
21 29
21 38
21 39
21 24
24 38
24 33
5 16
5 9
20 32
20 34
9 20
20 29
20 38
20 39
8 25
8 39
8 32
8 38
0 8
16 33
33 35
0 33
11 39
11 25
7 11
0 11
14 25
25 34
9 25
18 25
25 38
25 39
14 32
14 34
0 14
9 14
14 18
16 18
18 35
0 18
18 39
18 38
7 39
9 39
4 13
4 9
0 4
13 19
13 16
13 32
13 35
9 13
32 35
29 32
7 10
7 38
7 35
7 29
7 16
10 38
9 38
9 28
9 16
0 9
0 27
10 29
16 29
0 29
0 12
10 34
19 34
34 35
10 35
19 35
0 6
10 19
10 16
0 37
16 19
0 16
0 36
0 3
