40 390
30 38
6 38
26 30
6 26
6 33
33 38
26 33
11 30
6 11
11 33
6 20
20 38
20 26
11 20
1 30
1 6
1 33
1 20
31 38
26 31
11 31
1 31
23 30
6 23
23 33
20 23
23 31
8 38
8 26
8 11
1 8
14 30
6 14
14 33
14 20
14 31
8 14
18 38
18 26
11 18
1 18
18 23
14 18
30 34
6 34
33 34
20 34
31 34
8 34
18 34
4 30
4 6
4 33
4 20
4 8
4 38
4 26
4 11
1 4
4 14
4 23
4 34
6 28
28 33
20 28
4 28
28 34
28 38
26 28
11 28
1 28
14 28
30 37
6 37
33 37
20 37
31 37
8 37
18 37
4 37
34 37
28 37
5 6
4 5
5 34
4 36
25 38
25 26
11 25
1 25
14 25
23 25
15 30
6 15
15 33
15 20
15 31
8 15
15 18
4 15
15 25
15 36
6 12
8 12
4 12
12 36
12 38
12 26
11 12
1 12
9 34
9 28
9 12
9 15
35 38
26 35
11 35
9 35
30 32
6 32
32 33
20 32
8 32
4 32
32 34
32 36
5 32
12 32
32 35
32 38
26 32
11 32
21 34
21 36
21 28
12 21
21 32
28 29
12 29
29 35
29 38
26 29
21 29
1 29
10 30
6 10
10 33
10 20
8 10
10 18
10 25
10 36
10 28
10 15
7 28
7 15
7 38
7 26
7 11
7 14
1 7
6 17
17 18
4 17
17 25
17 28
7 17
17 35
0 17
17 37
17 21
17 38
17 26
13 30
6 13
13 33
13 20
8 13
13 18
4 13
13 36
13 28
12 13
7 13
0 13
13 14
14 24
24 38
24 26
13 24
27 37
24 27
11 27
20 39
18 39
34 39
25 39
5 39
15 39
7 39
0 39
37 39
21 39
17 39
38 39
26 39
10 39
19 33
18 19
19 34
19 25
5 19
12 19
19 32
0 19
19 37
19 21
11 19
19 39
16 34
16 28
5 16
15 16
16 32
0 16
16 37
16 24
11 16
5 22
15 22
22 32
22 29
14 22
22 24
11 22
22 38
22 26
16 22
3 6
3 18
3 34
3 36
3 5
3 12
3 7
3 29
3 14
3 24
3 11
3 22
3 16
3 38
3 23
3 19
1 3
3 10
22 23
13 22
2 6
2 33
2 20
2 31
2 8
2 18
2 34
2 25
2 5
2 12
2 7
2 32
2 29
2 21
2 17
2 22
2 16
2 38
2 26
2 23
2 9
2 10
16 38
16 26
16 27
16 19
19 38
19 23
19 26
1 19
27 39
1 39
9 39
27 38
26 27
1 27
13 27
10 27
11 24
23 24
13 17
13 38
13 23
9 13
10 13
1 13
17 23
10 17
1 17
7 23
7 10
10 29
10 14
10 21
10 26
9 10
9 29
11 29
29 37
14 21
21 38
21 26
1 21
9 21
32 37
0 32
14 32
1 35
9 37
9 11
9 38
9 23
9 26
12 15
0 12
15 38
15 26
11 15
1 15
15 37
0 15
15 23
0 25
25 36
36 38
26 36
11 36
1 36
14 36
23 36
5 36
5 38
5 26
5 11
1 5
5 14
5 37
5 23
0 37
37 38
26 37
23 37
23 28
0 4
34 38
26 34
11 34
1 34
14 34
23 34
0 34
0 14
14 38
14 26
1 14
11 14
8 23
0 8
0 23
23 38
1 38
1 26
0 20
0 11
11 38
11 26
0 33
0 26
26 38
0 6
0 38
0 30
