40 234
5 30
5 26
5 17
17 30
17 26
5 38
17 38
21 30
21 26
5 16
16 17
16 21
5 24
17 24
24 30
24 26
5 8
8 17
8 21
8 24
30 31
26 31
5 15
15 17
15 21
15 24
15 31
15 16
15 25
3 5
3 17
3 24
3 16
5 29
23 30
23 26
5 37
17 37
24 37
23 37
37 38
11 25
7 16
7 30
5 6
6 21
6 24
6 31
6 25
6 7
0 6
28 29
11 28
0 28
28 30
29 33
3 33
30 33
13 33
4 21
4 31
4 38
4 25
4 33
5 34
16 34
34 38
11 34
33 34
30 34
38 39
3 39
37 39
34 39
26 39
6 39
24 27
16 27
27 29
7 27
11 27
0 2
2 30
2 27
14 29
3 14
0 14
2 14
16 19
7 19
19 37
19 34
19 30
5 32
17 32
21 32
16 32
29 32
11 32
32 37
28 32
19 32
4 32
27 32
8 32
30 32
0 20
20 28
20 26
1 11
1 2
1 6
1 30
5 12
12 21
12 24
12 31
12 38
3 12
12 33
12 28
12 26
1 12
12 15
12 30
11 18
2 18
18 19
5 22
17 22
22 24
22 31
22 38
7 22
0 22
2 22
13 22
1 22
10 33
10 37
10 13
10 22
10 27
8 10
10 20
10 18
18 22
15 22
8 22
18 27
12 18
6 36
34 35
30 35
14 35
35 36
4 35
27 35
4 36
8 36
18 36
14 36
12 14
1 20
9 29
3 9
9 37
9 34
9 13
1 9
9 39
9 20
9 30
9 14
20 39
20 32
14 19
6 19
4 19
4 14
2 8
26 27
27 39
15 39
4 34
15 34
4 30
26 33
8 33
13 28
13 30
8 13
13 26
6 28
26 28
6 30
6 15
3 7
7 8
7 26
7 11
11 30
11 37
0 37
30 37
15 37
23 29
16 23
8 23
29 38
29 30
26 29
3 29
3 30
0 3
3 15
8 15
15 30
31 38
16 31
8 31
8 38
24 38
16 24
16 30
16 26
16 38
21 38
30 38
26 38
26 30
25 30
0 30
0 25
