40 312
24 38
24 29
29 33
24 33
1 38
1 29
1 33
24 35
1 35
20 38
20 29
20 33
20 35
13 24
1 13
13 20
14 38
14 29
14 33
14 35
13 14
19 29
19 33
19 35
19 24
1 19
19 20
26 38
26 29
26 33
26 35
13 26
19 26
29 32
32 33
13 32
19 32
24 32
1 32
20 32
26 32
14 32
3 38
3 29
3 33
3 35
3 13
3 19
3 32
24 34
1 34
20 34
26 34
3 34
14 34
25 29
25 33
25 32
24 25
1 25
20 25
4 25
16 32
16 25
16 24
1 16
16 20
27 29
27 33
27 32
16 27
31 32
16 31
19 36
24 36
1 36
20 36
32 39
36 39
31 39
3 39
26 39
7 33
7 13
7 19
7 16
7 31
11 38
11 29
11 33
11 35
11 13
11 19
11 25
11 36
6 11
11 24
1 11
23 29
23 33
23 35
19 23
23 25
16 23
6 23
11 23
36 37
3 37
24 37
1 37
20 37
3 8
8 37
9 24
9 20
1 9
15 29
15 33
15 35
13 15
15 19
15 16
15 36
3 15
9 15
7 15
10 32
10 36
6 10
3 10
10 37
10 23
10 15
10 28
14 28
15 28
1 28
24 28
22 29
22 33
22 35
13 22
22 32
22 25
6 22
11 22
22 26
7 22
17 24
17 22
17 27
2 31
2 11
2 37
2 7
2 17
2 39
5 38
5 29
5 33
5 35
5 13
5 19
5 32
5 16
5 6
3 5
5 26
5 23
5 17
5 14
2 5
21 38
21 29
21 33
19 21
21 25
21 36
21 31
11 21
9 21
7 21
10 21
21 28
5 21
2 21
18 39
18 20
18 21
0 18
12 29
12 13
12 25
12 16
6 12
3 12
12 26
12 23
10 12
12 14
8 12
12 20
4 12
12 27
30 31
3 30
30 37
7 30
10 30
30 39
8 30
20 30
21 30
0 30
12 30
27 30
12 18
18 27
1 21
21 27
5 22
0 5
5 8
4 5
0 2
2 24
2 22
2 27
4 17
8 17
14 17
22 28
22 24
0 22
1 22
15 22
4 28
0 10
1 10
10 20
15 39
15 20
15 24
4 15
1 15
8 9
8 23
8 14
8 27
8 24
1 8
27 37
23 37
4 37
23 24
23 27
20 23
0 23
7 23
11 14
4 11
0 11
7 11
11 26
7 26
7 24
7 14
7 39
14 39
0 39
1 39
20 39
14 36
6 36
26 36
31 36
24 31
1 31
3 31
20 31
27 31
26 31
3 27
14 27
4 16
3 16
4 6
4 26
4 20
4 24
1 4
14 25
25 26
3 25
3 24
1 3
24 26
14 26
0 26
1 26
14 19
6 19
6 14
14 20
6 13
6 20
1 6
6 24
0 24
29 38
6 29
0 6
