40 312
14 24
14 31
24 36
31 36
13 24
13 14
13 36
24 38
31 38
13 38
19 24
19 31
13 19
14 19
19 36
19 38
20 24
20 31
13 20
19 20
24 28
28 31
13 28
14 28
28 36
28 38
5 24
5 31
5 13
5 19
5 28
22 24
22 31
13 22
19 22
22 28
14 22
22 36
22 38
5 22
23 24
23 31
13 23
19 23
23 28
22 23
14 32
32 36
32 38
11 32
11 14
11 36
11 38
18 28
11 18
24 26
26 28
22 26
11 26
0 26
14 26
26 36
18 26
9 26
9 14
9 36
9 23
4 28
6 24
6 31
6 13
6 19
6 22
6 14
6 36
6 38
8 24
8 13
8 19
8 28
8 22
6 8
0 8
24 30
30 31
13 30
19 30
30 32
6 30
0 30
14 30
30 36
2 28
2 11
14 16
16 36
16 38
7 24
7 31
7 13
7 19
7 28
6 7
7 16
7 30
7 23
1 14
1 36
10 22
10 32
10 16
10 30
1 10
10 20
17 24
13 17
17 19
17 28
17 22
11 17
0 17
17 30
1 17
7 17
14 17
8 17
23 27
20 27
17 27
14 39
10 39
32 37
6 37
16 37
26 37
1 37
7 37
33 37
37 39
5 37
14 37
18 37
2 37
28 34
6 34
26 34
30 34
23 34
20 34
34 38
34 36
34 37
24 25
19 25
22 25
6 25
16 25
25 30
23 25
7 25
25 38
35 38
14 35
2 35
9 12
7 12
12 17
12 35
12 14
4 12
3 13
3 19
3 32
3 11
3 16
3 30
3 9
1 3
3 33
3 36
3 12
3 4
3 27
15 22
11 15
0 15
15 30
15 23
7 15
15 38
15 35
15 37
15 25
10 15
21 32
11 21
0 21
21 26
1 21
20 21
21 33
21 36
5 21
21 25
21 27
15 21
18 21
14 21
2 15
3 15
3 8
3 18
12 25
10 12
12 18
8 35
4 35
25 35
14 25
25 27
25 34
10 34
18 34
14 34
8 34
27 39
5 27
14 27
8 27
17 36
17 33
2 17
5 17
14 33
4 33
18 33
10 33
4 10
22 29
6 29
0 29
26 29
23 29
1 29
29 38
29 36
5 29
4 29
14 29
2 29
10 29
18 29
2 10
1 18
1 7
7 14
7 36
7 8
2 16
4 16
0 16
16 20
2 30
2 9
2 38
2 8
2 14
8 30
8 9
5 8
4 8
4 6
0 6
6 23
4 9
4 23
4 38
4 14
9 18
5 9
9 38
5 26
26 38
20 26
18 20
18 36
5 11
11 20
11 23
23 32
5 32
20 32
14 23
23 36
20 23
20 22
0 22
0 5
5 20
5 36
5 14
20 28
14 20
20 36
20 38
0 19
0 38
14 38
0 36
14 36
0 14
0 24
