40 312
22 27
27 39
9 22
9 39
27 28
11 22
11 39
11 28
27 37
9 37
11 37
22 25
25 39
25 28
25 37
2 27
2 11
2 9
2 25
1 22
1 39
1 28
1 37
1 2
1 27
1 9
1 11
1 25
0 1
6 39
6 37
1 6
1 12
12 27
11 12
9 12
0 12
12 25
10 39
10 28
1 10
10 12
10 27
21 22
21 39
21 28
21 37
2 21
1 21
12 21
21 27
11 21
9 21
0 21
10 21
6 21
8 22
8 39
2 8
1 8
8 27
8 21
11 38
9 38
12 26
11 18
9 18
18 25
0 18
2 35
1 35
27 35
18 35
35 38
10 35
7 21
7 10
6 7
7 35
3 7
31 38
6 31
20 31
10 20
17 31
0 17
4 12
4 27
9 32
11 32
10 32
27 29
21 29
29 32
29 31
17 29
16 29
2 13
1 13
12 13
13 27
13 38
0 13
7 13
22 30
30 37
2 30
1 30
27 30
18 30
30 38
0 30
17 30
27 34
18 34
31 34
0 34
30 34
16 34
22 36
36 39
28 36
36 37
1 36
12 36
27 36
18 36
36 38
10 36
7 36
30 36
13 36
34 36
26 36
5 22
5 39
5 28
5 37
1 5
5 12
5 27
5 18
5 21
5 31
5 17
3 5
5 36
5 20
19 39
19 28
1 19
12 19
19 27
18 19
19 32
10 19
7 19
16 19
19 36
19 26
11 19
9 19
7 33
30 33
13 33
33 34
19 33
33 35
4 33
14 27
14 18
14 21
10 14
7 14
14 16
13 14
14 20
14 26
15 22
15 39
15 28
15 37
2 15
1 15
12 15
15 27
15 21
0 15
7 15
3 15
13 15
15 20
15 26
11 15
4 15
15 29
9 15
14 15
14 33
9 14
5 14
14 25
11 33
5 33
5 19
24 32
10 24
17 24
24 30
13 24
20 24
19 24
24 35
24 29
24 25
23 32
10 23
17 23
23 30
3 23
23 34
23 24
23 35
4 23
23 25
9 23
23 29
8 24
8 19
5 35
5 6
5 8
35 36
6 36
8 36
20 34
34 35
6 34
25 34
4 34
25 30
16 30
13 30
11 30
9 13
13 25
13 29
20 29
4 29
11 29
25 29
4 32
0 4
4 17
3 4
4 20
4 26
4 11
9 17
17 26
17 20
11 17
3 20
8 20
11 31
16 31
0 31
9 31
8 31
10 16
6 16
3 16
16 26
16 35
9 16
3 25
3 8
3 11
7 8
6 35
25 35
18 26
26 38
0 26
11 26
6 26
9 26
8 38
25 38
6 8
8 9
8 11
21 25
9 10
0 10
6 12
6 27
0 6
6 9
6 25
0 2
25 27
0 25
0 37
11 27
0 11
9 28
0 28
9 27
0 39
0 27
0 22
