40 312
7 16
9 16
0 16
9 24
16 24
7 36
9 36
0 36
24 36
16 30
30 36
7 10
9 10
0 10
10 24
10 30
9 18
0 18
18 24
18 30
16 18
18 36
7 25
9 25
0 25
24 25
25 30
18 25
16 31
31 36
10 31
25 31
3 9
3 30
3 31
9 27
27 30
18 27
7 33
9 33
0 33
24 33
18 33
16 33
33 36
25 33
10 33
1 7
1 9
0 1
1 24
1 30
1 18
1 33
1 27
21 31
16 37
36 37
9 20
0 20
20 24
20 30
20 31
20 37
9 19
0 19
19 24
18 19
19 31
19 27
19 37
16 19
19 36
31 32
32 33
19 32
9 15
15 30
15 18
15 27
15 19
15 16
15 36
14 37
14 15
14 25
14 20
14 16
10 14
6 19
6 15
9 12
12 27
12 19
7 22
9 22
0 22
22 24
22 30
18 22
22 31
22 33
21 22
16 22
7 38
9 38
0 38
24 38
30 38
18 38
31 38
33 38
21 38
22 38
12 38
7 17
9 17
0 17
17 24
17 18
17 27
17 19
17 22
12 17
16 17
3 17
9 11
11 33
11 37
11 15
11 17
11 20
11 16
11 32
5 17
5 38
1 5
5 16
5 32
1 35
21 34
19 34
25 34
20 34
1 34
10 34
9 13
0 13
13 24
13 18
13 31
13 33
13 21
13 15
13 17
13 20
13 16
13 34
6 13
9 26
26 30
26 33
26 27
19 26
22 26
25 26
26 38
16 26
26 34
26 32
2 12
2 38
2 16
2 10
2 32
2 3
2 26
2 35
21 23
22 23
23 25
20 23
16 23
10 23
6 23
2 23
9 29
27 29
21 29
19 29
25 29
29 38
16 29
29 32
5 29
2 29
3 28
21 39
22 39
25 39
17 39
16 39
34 39
6 39
26 39
28 39
23 39
35 39
11 39
8 9
8 30
8 18
8 33
8 37
8 15
8 25
8 38
1 8
8 16
8 32
8 36
8 28
8 13
8 35
8 11
28 29
23 29
4 37
4 15
4 17
4 38
4 16
4 10
4 6
4 36
3 4
4 13
4 11
4 29
14 29
14 23
13 23
11 26
14 26
13 26
3 13
6 34
34 35
32 34
5 35
35 36
14 35
3 5
5 11
5 36
3 11
17 36
17 38
16 38
6 38
22 25
3 22
12 22
10 22
22 36
12 25
12 16
12 20
1 12
10 12
12 36
6 12
6 16
6 14
6 36
14 36
15 32
15 20
1 15
25 32
20 32
16 32
19 20
16 20
10 20
1 20
25 37
21 37
10 37
3 37
16 21
21 36
10 21
1 21
21 25
1 16
1 3
1 10
1 36
27 33
16 27
27 36
10 27
25 27
3 27
3 16
3 10
16 25
10 18
10 36
7 9
0 9
