40 312
5 38
5 24
4 38
4 24
5 23
4 23
5 21
4 21
21 38
21 24
5 36
4 36
21 36
23 36
0 36
23 30
24 30
30 38
30 36
2 5
2 4
2 21
2 23
0 2
2 30
2 38
18 24
18 36
2 18
1 5
1 4
1 21
1 23
0 1
1 30
1 38
1 18
14 23
14 30
14 38
14 24
14 36
1 14
2 14
5 29
4 29
21 29
23 29
0 29
29 30
14 29
24 27
27 36
38 39
27 39
21 37
0 37
37 38
17 24
17 36
2 17
1 17
5 26
4 26
21 26
23 26
0 26
26 30
26 38
18 26
17 26
26 27
26 37
23 35
35 38
14 35
24 31
31 36
1 31
2 31
19 23
19 38
17 19
19 31
19 39
19 35
19 26
2 6
10 21
10 30
10 38
10 17
10 39
20 38
20 27
20 24
4 8
8 21
8 23
8 38
8 18
8 24
8 39
1 8
4 7
7 21
7 23
7 38
7 14
7 27
7 24
7 8
7 20
5 33
4 33
21 33
23 33
0 33
30 33
33 38
18 33
17 33
24 33
33 39
33 35
26 33
6 33
11 23
11 38
11 18
11 24
11 39
11 35
11 26
11 33
22 39
22 35
22 26
2 15
15 36
15 22
13 24
8 13
2 13
13 15
13 36
24 32
32 39
26 32
15 32
29 32
32 36
12 21
12 23
0 12
12 30
12 38
12 27
12 24
12 35
12 20
12 15
12 22
12 32
12 19
5 28
4 28
21 28
23 28
0 28
28 38
14 28
27 28
24 28
8 28
2 28
6 28
28 29
28 32
3 18
3 31
3 24
3 8
3 20
3 6
3 36
3 11
3 28
3 7
5 9
4 9
9 21
9 23
0 9
9 30
9 38
9 17
9 37
9 35
9 26
9 33
9 22
9 36
3 9
5 25
4 25
21 25
23 25
0 25
25 30
25 38
18 25
14 25
24 25
25 37
8 25
20 25
15 25
22 25
11 25
13 25
5 16
4 16
16 21
16 23
0 16
16 38
14 16
16 24
16 37
16 20
2 16
16 33
16 22
13 16
16 19
16 25
23 34
34 38
14 34
31 34
34 37
34 35
6 34
15 34
34 36
11 34
19 34
28 34
7 34
16 34
1 16
9 25
1 25
7 9
9 12
3 10
12 28
7 28
10 12
13 32
1 32
7 13
1 13
11 22
7 22
10 11
11 19
7 33
29 33
10 33
8 36
8 20
8 35
20 29
10 20
2 20
6 10
10 29
10 19
1 10
1 6
6 19
19 29
31 35
24 35
26 35
26 36
2 26
17 37
24 37
36 37
29 37
37 39
1 37
2 39
36 39
2 27
27 29
2 29
29 36
1 29
1 24
1 2
36 38
24 36
21 23
23 38
23 24
0 24
24 38
0 38
