40 312
4 11
11 37
4 37
3 11
3 37
11 13
4 13
3 13
11 31
31 37
13 31
4 35
3 35
11 24
24 37
13 24
24 35
4 14
3 14
7 11
7 37
7 13
7 35
7 14
11 32
13 32
14 32
4 32
3 32
11 38
13 38
35 38
32 38
6 11
6 32
4 22
3 22
0 22
9 11
9 37
9 13
9 22
6 9
4 8
3 8
5 11
5 32
5 8
4 5
11 34
32 34
22 34
5 34
4 21
21 24
7 21
10 11
10 22
6 10
5 10
10 21
11 26
4 26
1 11
1 32
1 22
1 5
1 21
1 26
11 27
27 37
13 27
27 35
14 27
27 32
8 27
5 27
21 27
11 15
15 37
13 15
15 32
6 15
5 15
4 15
15 24
11 16
16 37
13 16
16 35
14 16
16 22
6 16
15 16
16 21
16 26
11 33
30 33
4 29
11 19
19 37
13 19
19 35
14 19
19 32
6 19
8 19
19 21
19 30
19 29
17 27
17 31
2 29
2 17
2 24
2 16
23 27
17 23
2 23
23 34
10 23
11 20
20 32
6 20
5 20
15 20
20 26
20 29
17 20
7 20
10 20
1 20
16 20
11 18
18 37
13 18
18 32
18 22
5 18
15 18
18 26
18 33
18 31
7 18
18 34
10 18
18 20
18 38
4 18
18 24
11 36
36 37
13 36
35 36
14 36
22 36
6 36
8 36
15 36
30 36
29 36
17 36
11 39
5 39
21 39
30 39
33 39
31 39
2 39
24 39
0 39
34 39
1 39
19 39
36 39
16 39
0 36
15 28
26 28
27 28
28 31
7 28
0 28
1 28
24 28
12 33
12 31
7 12
12 34
12 28
12 19
9 12
12 24
12 23
3 12
28 36
3 28
28 38
19 36
16 36
9 36
18 36
23 36
20 23
4 20
20 24
16 23
15 25
25 26
25 29
25 31
7 25
25 34
1 25
19 25
25 38
9 25
4 25
23 25
2 7
2 9
2 10
2 38
17 19
4 17
9 17
1 17
0 19
10 19
9 19
3 19
29 38
29 31
10 29
29 33
4 33
9 33
7 33
16 33
3 33
24 33
0 16
10 16
9 16
4 16
15 38
15 30
9 15
3 15
4 30
30 34
27 30
30 31
3 30
0 30
24 30
1 27
4 27
0 27
27 34
27 38
7 27
10 27
0 1
1 4
1 9
1 38
7 26
26 38
9 26
10 26
10 34
3 10
0 21
21 31
21 34
31 34
4 34
34 38
3 5
5 38
5 7
0 5
8 9
8 31
0 9
22 31
6 22
4 6
3 6
0 6
6 24
6 38
6 7
24 38
3 38
31 32
24 32
7 32
4 7
3 7
14 31
14 24
0 24
3 24
31 35
3 31
0 31
0 13
3 4
0 37
0 11
