40 156
17 27
14 17
14 39
9 27
9 14
27 36
36 39
17 36
27 35
35 36
34 35
21 27
21 39
17 21
21 35
9 21
4 27
4 14
4 36
4 34
4 21
23 36
23 39
17 23
23 35
9 23
0 23
3 27
3 23
2 39
2 17
2 35
2 3
2 9
16 27
16 36
16 34
16 23
2 16
3 16
15 25
27 33
21 33
6 39
6 17
1 27
1 36
1 34
1 21
1 6
17 32
22 36
21 22
3 22
22 32
22 39
15 22
0 22
17 22
24 27
21 24
6 24
4 29
9 29
24 29
29 39
1 12
12 26
26 39
7 39
7 9
7 35
7 26
7 31
0 5
5 31
4 5
7 30
5 30
23 37
3 37
25 37
35 37
24 37
16 38
10 38
0 19
10 19
19 31
3 20
8 35
8 20
20 39
9 20
20 35
18 20
20 30
19 20
10 17
10 37
28 37
4 37
28 30
1 31
11 12
11 33
0 11
11 16
11 26
1 11
18 26
22 26
12 33
12 24
12 17
9 24
13 25
9 13
13 24
13 17
4 13
1 13
18 24
17 24
18 22
1 32
32 33
1 15
1 16
4 6
0 6
6 35
6 33
15 33
33 35
9 33
4 33
0 15
15 17
0 25
16 25
4 25
16 35
4 16
3 17
3 39
0 3
4 23
35 39
9 36
9 34
9 39
17 34
27 39
34 39
0 34
