40 312
12 28
9 28
9 23
12 16
9 16
24 28
23 24
16 24
3 12
3 9
28 30
23 30
16 30
3 30
15 28
15 23
15 16
3 15
12 15
9 15
14 28
3 14
14 15
12 37
9 37
22 23
16 22
3 22
22 37
9 22
22 24
3 26
15 26
12 27
9 27
5 28
5 23
5 15
5 27
5 24
20 28
20 23
3 20
20 37
20 27
20 24
12 20
5 20
15 34
34 37
27 34
20 34
21 28
16 21
3 21
21 37
21 27
20 21
12 21
8 21
3 36
36 37
27 36
20 36
21 36
28 35
23 35
16 35
3 35
15 35
27 35
9 35
20 35
26 35
35 36
18 23
16 18
15 18
18 27
9 18
18 20
18 21
5 18
9 31
20 31
21 31
31 36
18 31
7 9
7 24
7 21
5 7
7 18
19 24
19 20
19 26
21 39
5 39
19 39
12 39
6 28
6 16
3 6
6 37
6 27
6 20
6 21
6 36
6 39
6 7
6 12
6 14
1 9
1 24
1 26
1 36
1 18
21 25
5 25
7 25
25 34
14 25
22 25
1 25
28 29
16 29
15 29
29 37
9 29
24 29
26 29
29 36
18 29
25 29
29 35
14 29
10 26
10 36
10 18
10 25
10 29
10 14
10 30
33 39
7 33
33 35
14 33
4 28
4 23
4 16
3 4
4 15
4 27
4 9
4 24
4 26
4 5
4 39
4 7
4 29
11 28
11 16
11 15
11 27
9 11
11 24
11 26
5 11
11 39
11 25
11 12
4 11
1 11
8 11
2 29
2 14
1 2
2 30
15 17
17 37
9 17
17 24
17 26
5 17
17 18
17 35
12 17
17 19
4 17
2 17
0 17
6 17
17 34
15 38
37 38
9 38
20 38
26 38
36 38
38 39
25 38
12 38
19 38
4 38
33 38
10 38
0 38
34 38
17 38
2 22
0 2
2 11
32 35
19 32
30 32
8 32
4 13
13 30
10 13
13 32
13 34
6 13
0 32
31 32
11 32
11 31
11 22
0 4
1 4
4 33
8 33
10 33
6 33
0 33
10 22
10 31
29 30
22 29
8 29
25 30
1 35
1 19
1 6
1 22
1 31
6 22
6 34
0 39
30 39
34 39
7 19
19 35
12 19
0 19
19 34
8 19
7 22
7 31
7 12
7 8
31 35
14 31
8 31
22 31
12 18
14 18
18 35
8 18
0 35
12 35
14 36
30 36
34 36
8 36
8 30
8 34
21 34
21 30
0 21
12 34
30 34
14 20
5 26
5 14
5 12
0 5
5 22
24 27
26 27
24 26
12 26
22 26
14 22
0 37
14 37
30 37
9 14
14 30
15 30
15 24
0 15
9 30
24 30
3 24
12 24
0 24
0 16
9 12
0 9
12 23
0 12
0 23
