40 234
16 23
16 19
19 23
19 38
3 16
3 23
3 38
15 19
3 15
16 27
23 27
27 38
15 27
5 19
3 5
16 39
23 39
38 39
15 39
5 39
19 39
3 39
27 39
16 28
23 28
28 38
15 28
5 28
28 39
7 23
7 19
3 7
2 16
2 23
2 38
2 39
2 7
14 16
14 23
14 39
14 19
3 14
16 26
23 26
15 26
5 26
26 39
14 26
26 28
11 23
11 19
16 36
23 36
36 39
7 36
6 19
3 6
6 22
3 22
16 30
23 30
30 38
5 30
30 39
7 30
28 30
11 30
21 23
7 21
21 28
21 30
26 35
25 35
10 23
10 11
10 30
10 36
10 21
13 23
3 13
13 30
10 13
12 23
11 12
12 19
10 12
12 13
23 31
14 31
28 31
3 31
30 31
10 31
12 31
26 31
22 31
31 36
21 31
0 31
6 20
11 20
20 35
20 27
12 20
23 37
3 37
19 37
29 37
1 37
4 16
4 23
4 38
4 5
4 39
4 7
4 28
4 11
4 30
4 37
4 13
4 26
4 25
4 20
0 4
23 32
32 39
14 32
11 32
19 32
32 37
26 32
8 19
8 27
8 12
8 26
2 8
8 32
8 22
1 34
8 34
25 34
21 34
22 34
0 34
2 32
23 24
24 39
6 24
3 24
24 35
24 27
1 24
24 26
2 24
20 24
18 23
18 39
14 18
3 18
18 35
18 37
13 18
18 29
18 24
18 20
1 33
26 33
25 33
21 33
18 33
9 14
17 19
3 17
9 17
1 17
9 19
9 10
9 13
9 25
2 9
9 36
9 18
9 33
24 32
22 32
4 32
22 37
27 37
27 29
13 29
20 29
0 29
21 29
29 36
20 36
12 21
12 22
13 36
10 25
1 25
2 25
21 35
21 22
19 30
30 36
22 30
6 36
1 6
6 28
11 36
0 36
11 26
26 27
2 14
14 27
14 28
1 14
2 28
2 3
2 19
2 27
1 2
7 28
7 27
19 28
3 28
27 28
5 27
3 27
19 27
3 19
1 19
1 23
0 1
