40 156
7 33
33 35
19 37
37 38
7 38
35 38
15 33
15 38
15 19
15 36
7 27
27 35
27 33
19 27
7 24
24 35
24 27
9 19
15 26
9 26
5 13
7 16
6 16
13 16
16 33
16 28
13 34
23 35
6 23
13 23
21 23
17 27
9 17
7 18
18 35
15 18
18 27
18 38
18 36
18 30
30 33
16 30
17 30
26 30
30 36
28 30
14 30
14 19
8 14
7 32
27 32
18 32
32 33
32 34
32 38
4 15
4 27
4 13
4 33
4 34
7 31
31 35
15 31
27 31
18 31
31 33
31 34
3 31
4 31
31 36
24 31
5 31
3 4
3 26
16 22
3 22
19 22
2 22
22 24
22 38
4 8
4 39
2 39
11 18
11 23
11 16
11 17
11 26
2 11
11 39
11 32
5 39
4 32
32 36
14 32
18 19
17 18
17 23
17 21
17 38
20 21
17 20
20 29
20 28
0 20
20 24
5 17
19 23
23 26
23 34
23 38
8 34
29 34
34 36
8 10
8 19
0 8
10 28
24 28
0 28
16 38
16 26
6 29
6 21
1 29
29 38
26 29
24 29
5 29
1 5
5 21
5 36
13 26
13 33
13 24
12 26
9 33
9 21
9 24
24 33
21 24
27 38
27 36
33 36
36 38
25 33
25 38
7 19
19 35
19 21
12 19
2 19
7 21
2 21
2 12
0 12
