40 156
6 29
6 27
27 29
5 6
5 27
29 31
6 30
27 30
30 31
31 38
29 38
5 38
30 38
6 24
24 27
24 38
28 29
17 28
6 26
26 27
26 28
5 26
6 36
27 36
28 36
26 36
10 18
23 38
13 23
13 30
23 24
23 29
5 9
9 23
9 30
9 29
6 39
27 39
31 39
29 39
30 39
4 39
25 29
4 25
2 39
2 25
6 7
7 27
7 31
7 12
7 24
3 7
6 15
15 27
15 38
15 26
15 18
3 15
22 31
12 22
5 22
15 22
3 22
14 37
1 14
1 2
33 39
26 33
5 33
0 33
1 33
29 33
4 33
22 33
1 10
16 37
0 16
16 34
17 34
30 34
20 28
20 26
20 37
20 24
20 34
21 28
21 26
5 21
0 21
3 11
11 29
11 21
7 8
8 24
8 11
2 8
4 8
8 14
17 21
6 32
27 32
31 32
12 32
24 32
0 32
16 32
21 32
32 36
14 32
20 21
20 36
10 20
14 16
2 16
9 14
4 37
19 37
35 37
15 19
19 30
19 22
2 19
10 19
10 22
15 30
4 15
3 35
3 4
0 7
2 7
7 17
2 36
25 35
4 35
5 39
35 39
23 35
17 35
9 35
10 23
23 36
5 18
18 36
30 36
0 26
12 17
0 17
17 29
12 24
12 29
24 29
0 38
5 30
5 31
0 27
0 6
