40 312
26 36
10 36
4 36
4 10
18 36
10 18
4 18
18 26
0 18
2 36
2 10
2 18
4 38
26 38
9 36
9 10
9 18
9 38
8 36
8 10
8 18
8 38
4 8
8 26
8 9
0 8
2 8
20 36
10 20
18 20
20 38
8 20
4 27
26 27
9 27
2 27
0 27
20 27
36 37
10 37
18 37
37 38
8 37
27 37
4 35
26 35
2 35
0 35
9 35
20 35
11 36
10 11
11 18
8 11
11 35
11 26
4 11
9 11
2 11
0 11
11 20
8 22
11 22
28 36
10 28
18 28
28 38
8 28
27 28
28 35
11 28
4 28
26 28
9 28
2 28
0 28
16 36
10 16
16 18
8 16
16 35
7 10
7 18
7 38
7 8
24 26
4 24
2 24
0 24
9 24
20 24
7 24
29 36
10 29
18 29
29 38
24 29
7 29
28 29
8 31
7 31
28 31
4 31
26 31
14 20
14 31
0 14
14 26
6 36
6 10
6 18
6 8
6 27
6 7
13 18
11 13
4 13
13 26
0 13
2 13
9 13
10 33
18 33
8 33
7 33
13 33
20 33
33 37
26 33
2 33
10 15
15 18
15 27
11 15
15 28
15 31
0 15
15 26
6 15
15 33
12 20
12 31
0 39
12 39
3 39
3 26
2 3
5 6
5 9
2 23
5 23
12 23
15 23
10 30
18 30
8 30
7 30
28 30
20 30
0 30
26 30
2 30
9 30
30 33
21 36
10 21
18 21
21 38
8 21
7 21
13 21
20 21
21 37
8 19
11 19
13 19
19 37
0 19
16 19
1 18
1 11
1 13
1 31
1 37
1 19
1 6
1 9
1 12
1 3
33 34
21 34
29 34
13 32
20 32
0 32
19 32
6 32
5 32
12 32
15 32
32 34
30 32
17 39
17 26
2 17
17 33
17 21
3 17
16 17
17 30
17 32
17 23
14 32
1 34
25 34
22 25
1 25
25 29
1 23
1 4
2 19
6 19
4 19
19 26
19 21
19 22
6 21
21 33
3 21
21 22
14 21
21 30
23 30
4 30
14 23
5 29
5 14
3 5
5 22
3 22
3 29
3 15
16 39
26 39
4 39
29 39
2 39
9 39
12 26
6 12
9 12
12 29
12 15
12 16
15 16
4 15
14 33
4 33
13 37
6 13
6 37
0 6
6 14
6 22
14 16
14 22
22 31
9 31
0 31
31 37
29 31
26 29
9 29
22 29
4 29
4 7
7 26
2 7
0 7
7 9
7 20
7 16
16 28
16 37
2 16
9 16
16 22
4 16
20 28
22 28
0 22
11 37
35 37
26 37
4 37
2 37
9 37
4 20
20 26
0 20
2 20
9 20
2 9
4 9
0 38
2 38
2 4
0 4
10 26
0 10
0 26
0 36
