40 390
1 28
1 22
21 28
21 22
1 37
21 37
28 38
22 38
37 38
20 28
20 22
20 37
1 20
20 21
20 38
12 28
12 22
12 37
12 20
1 32
21 32
32 38
12 32
16 28
16 22
16 37
16 20
16 32
5 20
5 32
1 5
5 21
5 12
5 38
5 16
28 30
22 30
30 37
20 30
30 32
5 30
1 39
21 39
12 39
38 39
30 39
16 39
11 28
11 22
11 37
11 20
11 32
5 11
11 39
28 36
22 36
20 36
5 36
36 39
1 36
21 36
12 36
36 38
30 36
16 36
28 31
22 31
20 31
31 32
5 31
31 36
19 20
19 32
5 19
19 36
6 28
6 22
6 37
6 20
6 32
5 6
6 39
6 36
1 6
6 38
6 12
6 21
6 30
6 16
6 19
8 20
8 36
6 8
10 28
10 37
10 20
10 32
5 10
10 39
6 10
1 10
10 12
10 21
10 38
10 30
8 10
17 20
10 17
20 33
33 39
19 33
9 20
9 36
9 19
1 9
9 38
9 12
9 21
9 16
9 30
9 31
18 28
18 22
18 37
18 20
18 32
5 18
18 39
18 36
18 19
9 18
7 20
7 39
6 7
7 10
1 7
7 21
7 38
7 12
7 16
25 37
20 25
5 25
25 36
6 25
9 25
7 25
25 31
33 35
35 38
1 35
2 19
2 9
2 10
2 31
2 35
4 7
4 31
0 4
4 35
27 28
22 27
27 37
20 27
5 27
27 36
6 27
10 27
27 33
7 27
0 27
4 27
13 20
13 39
6 13
13 19
10 13
13 38
0 13
4 13
2 13
13 21
13 16
8 13
13 25
14 37
14 20
5 14
14 39
6 14
10 14
14 33
14 38
0 14
4 14
13 14
14 25
14 30
14 17
28 29
20 29
5 29
29 36
19 29
9 29
10 29
29 31
29 35
4 29
2 29
18 29
29 30
17 29
14 29
11 29
1 29
21 29
12 29
19 34
9 34
7 34
34 38
34 35
1 3
3 8
24 33
24 38
24 31
3 24
13 24
24 25
24 30
24 34
26 33
26 38
26 31
26 35
2 26
18 26
6 15
9 15
15 33
15 38
15 31
4 15
2 15
15 25
0 23
23 35
2 23
23 25
15 23
17 23
14 23
16 23
8 23
21 23
1 23
23 26
12 15
15 16
15 26
1 15
8 15
15 30
11 15
24 26
17 26
11 26
26 27
26 34
8 26
24 27
21 24
12 24
11 24
1 24
3 16
3 30
3 17
3 34
3 25
2 34
18 34
25 34
11 34
16 34
21 34
27 34
29 34
8 14
14 16
14 21
12 14
13 27
13 30
12 13
18 27
25 27
17 27
16 27
1 27
8 27
1 4
4 11
2 4
4 18
4 12
2 17
2 11
1 2
2 18
11 35
25 35
17 35
16 35
21 35
12 25
16 25
11 25
7 18
0 7
7 31
7 11
7 30
18 38
0 18
18 21
17 18
18 30
8 18
1 18
0 9
9 33
1 33
21 33
33 38
12 33
17 33
30 33
8 33
11 33
17 31
17 30
11 17
1 17
10 16
10 31
8 38
0 8
8 30
8 11
8 12
6 11
1 19
12 19
19 38
19 21
16 19
19 30
19 31
11 19
1 31
21 31
12 31
0 31
11 36
0 36
1 11
0 39
0 30
21 30
16 30
0 5
16 38
16 21
12 16
0 32
12 38
0 12
1 12
12 21
0 20
1 38
21 38
0 38
0 21
0 22
0 1
0 28
