40 156
12 26
26 38
12 39
4 39
12 22
4 22
22 38
18 39
18 22
18 24
10 22
10 24
10 12
4 10
10 38
3 24
3 10
3 12
12 14
4 14
14 29
2 39
2 22
2 24
12 13
4 13
2 13
13 38
22 31
13 31
12 31
5 31
37 39
10 37
12 28
2 28
18 28
28 37
6 39
6 22
6 24
6 10
6 28
2 6
6 37
30 39
24 30
28 30
2 30
29 34
18 34
12 15
2 15
15 34
6 15
15 29
13 35
12 35
9 35
14 27
12 27
9 27
20 27
19 37
0 17
17 19
32 37
17 32
19 32
0 32
1 29
0 1
7 28
5 7
7 37
7 31
7 29
33 38
7 33
1 7
7 38
1 32
32 38
17 35
21 36
23 37
9 23
21 23
23 35
4 23
15 23
14 25
5 25
25 34
20 25
21 25
8 34
8 20
8 18
8 25
3 8
11 36
11 35
8 11
11 15
3 25
25 27
18 21
35 36
19 36
19 27
4 19
4 27
16 31
0 16
3 16
16 27
9 18
15 35
30 34
4 30
20 30
3 30
0 30
30 38
6 20
20 31
4 6
6 38
3 6
4 28
12 37
31 37
29 31
31 38
2 12
2 4
2 29
2 38
3 29
5 14
0 14
14 38
5 12
5 18
3 5
0 5
0 10
10 18
0 18
4 18
4 24
38 39
24 38
12 24
0 24
