40 156
5 18
5 7
11 18
7 11
11 32
25 32
18 22
7 22
5 23
23 25
22 23
18 34
7 34
5 29
25 29
22 29
29 34
29 32
18 36
7 36
1 36
1 32
25 35
18 35
7 35
11 17
17 25
17 22
17 35
6 35
6 18
6 7
6 17
6 10
10 27
7 10
10 24
28 36
28 29
23 28
24 28
8 17
8 28
13 35
13 29
12 13
3 23
30 39
25 37
34 37
6 37
29 37
12 37
37 39
2 10
2 24
2 8
4 10
4 23
2 4
4 7
14 23
3 14
13 14
14 37
14 21
14 18
4 21
4 28
2 37
2 18
7 37
20 30
20 24
17 20
20 37
30 33
6 15
15 32
12 15
15 39
19 36
19 31
18 31
10 19
15 19
26 30
15 26
26 38
9 25
9 34
9 35
9 27
9 12
9 24
9 13
9 28
9 26
9 18
16 32
16 27
16 30
16 39
16 17
16 19
16 26
16 18
26 28
1 38
0 38
19 38
19 33
0 19
15 33
7 15
13 33
0 33
20 33
1 20
1 39
3 39
3 13
0 3
3 17
8 13
18 24
10 23
6 32
17 27
17 23
7 17
30 35
12 35
23 35
30 32
1 30
1 7
0 1
27 36
18 27
27 29
12 27
18 29
7 29
23 29
12 34
23 34
32 34
22 32
18 32
7 32
7 25
18 25
12 18
12 25
0 12
