40 390
6 27
6 16
27 35
16 35
6 12
12 35
12 27
12 16
6 19
19 35
12 19
6 36
35 36
12 36
27 36
16 36
6 28
28 35
12 28
28 36
0 28
27 33
16 33
28 33
19 33
6 13
13 35
12 13
13 36
0 13
13 33
12 37
36 37
0 37
33 37
27 37
16 37
19 37
28 37
13 37
6 34
34 35
12 34
34 36
0 34
33 34
34 37
27 31
16 31
19 31
28 31
13 31
31 34
6 38
35 38
12 38
36 38
0 38
33 38
37 38
31 38
11 12
11 27
11 16
11 19
11 28
11 13
11 34
11 38
6 15
15 35
12 15
15 36
0 15
15 33
15 37
15 31
11 15
5 27
5 16
5 13
5 28
5 19
5 34
5 15
5 38
12 22
22 36
0 22
22 33
22 37
11 22
5 22
12 26
26 36
26 33
26 37
11 26
26 27
16 26
26 28
13 26
19 26
26 34
9 12
9 26
27 30
16 30
13 30
19 30
28 30
30 34
12 24
24 36
24 37
11 24
15 24
24 26
24 30
24 27
24 28
13 24
19 24
6 7
7 12
7 36
0 7
7 33
7 37
5 7
7 15
7 16
7 24
7 28
7 27
7 9
12 23
23 36
23 33
23 37
15 23
23 26
16 23
23 24
4 12
18 27
16 18
18 19
13 18
18 28
18 34
12 20
20 36
20 37
18 20
16 20
20 34
4 20
16 29
24 29
28 29
27 29
32 36
15 32
16 32
32 34
28 32
29 32
7 32
27 32
23 32
10 12
10 36
10 37
10 26
10 16
10 34
4 10
7 10
2 12
2 36
2 33
2 37
2 11
2 15
2 30
2 24
2 28
2 29
2 27
12 14
14 15
14 16
14 34
4 14
14 29
2 14
12 21
21 26
16 21
21 24
21 28
21 29
7 21
21 27
21 38
21 22
13 21
19 21
8 12
8 26
8 30
8 34
8 28
8 29
8 21
8 14
8 22
8 20
8 13
8 27
3 12
3 36
3 11
3 15
3 30
3 24
3 4
3 7
2 3
3 14
3 32
3 22
3 23
6 39
12 39
36 39
33 39
37 39
11 39
15 39
26 39
16 39
24 39
4 39
29 39
2 39
14 39
1 16
1 34
1 28
1 7
1 2
1 32
1 27
12 17
17 36
0 17
17 33
17 37
11 17
15 17
17 18
16 17
17 34
17 28
17 29
7 17
14 17
1 17
17 20
13 17
17 27
17 39
17 19
10 17
12 25
25 26
16 25
25 34
25 28
4 25
2 25
21 25
25 32
20 25
23 25
25 27
8 25
3 25
25 38
17 25
1 22
1 39
1 9
1 19
1 38
1 23
22 39
23 39
3 39
10 39
9 39
19 39
3 8
3 9
3 38
8 10
8 9
20 21
14 21
14 27
14 38
9 14
13 14
2 20
2 10
2 23
2 9
10 32
10 22
10 20
10 13
10 19
9 10
22 32
19 32
13 32
22 29
20 29
13 29
20 22
20 27
20 23
9 20
4 18
18 38
4 16
4 34
4 27
4 23
4 13
4 19
4 22
4 38
7 23
13 23
23 38
9 23
7 19
7 38
9 24
24 38
22 30
9 30
9 28
9 38
22 26
22 34
22 27
19 22
15 27
15 16
15 28
15 19
13 15
15 34
15 38
16 38
13 38
27 38
19 38
27 34
13 34
28 34
19 34
13 16
13 28
13 19
13 27
16 28
27 28
19 28
19 36
0 19
16 19
19 27
0 16
16 27
0 27
