40 390
28 35
11 28
11 16
22 35
11 22
15 28
15 16
15 22
1 28
1 16
1 22
1 35
1 11
1 15
9 28
9 16
9 22
1 9
16 31
1 31
31 35
11 31
15 31
26 28
16 26
22 26
1 26
26 31
1 32
32 35
11 32
15 32
26 32
9 32
14 28
14 16
14 22
1 14
14 31
14 32
9 14
10 16
1 10
10 31
9 10
10 35
10 11
10 15
10 26
27 28
16 27
22 27
1 27
27 31
27 32
9 27
10 27
12 16
12 22
1 12
12 31
12 32
9 12
10 12
12 35
11 12
12 15
12 26
7 16
7 32
7 12
9 25
25 35
11 25
15 25
25 26
16 39
9 39
10 39
25 39
1 20
20 32
12 20
10 37
35 37
11 37
15 37
26 37
20 37
6 9
6 37
6 25
6 14
6 7
6 39
4 7
2 28
2 16
2 22
1 2
2 31
2 32
2 9
2 37
2 20
13 16
1 13
13 31
9 13
12 13
13 25
13 35
11 13
13 15
7 13
13 26
13 27
9 19
19 25
13 19
14 19
10 17
12 17
17 25
17 35
11 17
15 17
17 27
0 17
10 29
29 37
20 29
17 29
7 29
2 29
4 29
8 10
8 37
8 20
8 13
1 34
9 34
10 34
25 34
13 34
14 34
17 34
34 35
11 34
15 34
27 34
5 16
1 5
5 31
5 32
5 10
5 12
5 20
5 14
5 34
5 7
23 28
16 23
22 23
1 23
23 31
23 32
9 23
10 23
12 23
23 37
20 23
14 23
17 23
23 39
23 35
11 23
5 23
8 23
28 33
16 33
22 33
1 33
31 33
32 33
9 33
25 33
20 33
14 33
33 34
33 39
23 33
11 33
23 38
11 38
35 38
6 38
29 38
20 36
14 36
7 36
36 39
23 36
8 36
36 38
6 36
30 34
30 39
4 30
8 30
30 35
30 36
5 30
26 30
0 30
21 25
14 21
17 21
2 21
4 21
8 21
21 35
6 21
21 26
3 28
3 16
1 3
3 31
3 32
3 9
3 12
3 25
3 13
3 14
3 7
3 39
3 23
3 11
3 6
3 36
3 26
3 29
3 27
3 33
3 21
0 3
15 21
21 27
19 21
21 30
16 24
22 24
1 24
24 31
24 32
9 24
12 24
24 37
20 24
13 24
24 34
2 24
23 24
11 24
24 35
24 36
5 24
24 29
0 24
24 33
24 30
16 18
18 31
12 18
18 37
18 20
17 18
7 18
2 18
4 18
8 18
18 38
6 18
18 26
18 29
0 18
18 33
18 27
18 24
15 30
0 36
15 36
27 36
33 38
27 38
15 38
5 33
26 33
0 33
19 33
23 26
5 8
5 35
0 5
5 27
5 15
5 29
26 34
8 34
2 34
7 8
8 35
0 8
8 27
8 29
6 29
19 29
15 29
7 17
17 19
17 39
2 19
4 19
11 19
19 35
6 19
19 26
15 19
19 27
0 13
13 39
2 13
2 39
2 35
2 11
2 4
2 15
0 2
4 35
4 15
4 11
0 4
4 6
6 35
6 26
27 37
14 37
0 37
20 35
11 20
15 20
20 26
20 39
35 39
11 39
26 39
27 39
7 25
14 25
7 35
7 11
7 15
0 7
12 27
12 14
11 27
15 27
10 14
0 10
14 35
11 14
14 15
14 26
0 32
9 26
11 26
26 35
9 31
0 31
9 35
9 11
9 15
0 9
0 1
11 15
0 22
11 35
16 35
0 35
0 16
