40 312
9 17
8 17
9 32
8 32
3 17
3 32
11 17
11 32
9 11
8 11
17 18
18 32
11 18
15 17
15 32
11 15
9 15
8 15
3 15
15 18
17 35
32 35
11 35
15 35
9 29
8 29
18 29
2 17
2 32
2 11
2 15
2 29
14 17
14 32
11 14
14 15
14 29
9 14
8 14
14 18
14 35
3 14
2 14
17 24
24 32
11 24
15 24
14 24
15 33
9 33
8 33
14 28
28 33
15 25
11 27
15 27
9 27
8 27
3 27
18 27
17 26
11 26
26 27
26 33
23 33
9 23
8 23
12 23
12 24
9 12
29 38
37 38
33 38
17 36
32 36
11 36
15 36
29 36
36 37
33 36
9 36
8 36
28 36
32 34
11 34
27 34
34 37
23 34
34 36
26 34
22 25
22 24
9 22
16 17
16 32
11 16
15 16
14 16
16 37
16 23
16 36
16 26
16 22
1 29
1 37
1 23
1 24
1 9
1 38
1 16
14 30
27 30
30 33
0 30
26 30
30 38
30 35
21 27
21 37
21 25
21 24
21 26
21 22
16 21
21 30
4 17
4 11
4 14
4 27
4 23
4 24
4 9
4 38
14 39
33 39
23 39
36 39
9 39
22 39
28 39
7 26
7 39
7 16
2 7
9 19
19 22
16 19
2 19
4 19
5 17
5 32
5 11
5 15
5 14
5 27
5 25
5 36
5 26
5 38
5 35
5 19
6 25
6 24
6 26
6 22
6 39
6 30
6 19
6 18
6 28
5 6
9 20
20 38
16 20
20 30
6 20
18 20
10 17
10 32
10 11
10 15
10 14
10 33
10 23
10 24
9 10
10 38
10 39
10 30
10 21
5 10
13 32
11 13
13 14
13 27
13 23
0 13
9 13
13 22
13 16
13 30
13 19
5 13
10 13
8 13
12 13
4 13
10 34
1 10
10 20
7 20
4 20
8 20
6 12
5 18
4 5
5 7
7 19
1 19
7 34
26 31
22 31
16 31
2 31
21 31
28 31
1 31
12 31
7 31
4 31
7 8
8 39
18 39
34 39
4 39
4 21
3 4
8 21
21 34
3 21
1 30
28 30
1 28
1 12
1 3
8 16
22 35
22 34
2 34
18 34
12 34
3 34
2 36
24 36
36 38
26 36
9 38
2 38
12 38
3 38
12 35
2 12
12 28
23 26
9 26
8 26
2 27
27 35
27 37
9 37
8 37
2 37
35 37
25 37
3 37
18 37
25 33
9 25
8 25
2 25
24 25
25 28
25 35
18 25
9 28
28 35
18 28
8 28
24 33
3 33
9 24
24 35
8 24
2 9
2 35
2 3
2 18
29 35
3 29
9 35
18 35
3 35
8 35
0 18
9 18
3 18
3 11
0 3
3 9
3 8
0 8
0 9
