40 156
7 26
17 26
7 22
14 26
14 22
7 27
24 27
7 38
9 26
9 38
7 35
5 26
5 35
5 37
26 31
27 31
7 21
21 24
16 21
37 39
14 39
11 26
11 38
11 34
2 26
2 22
2 27
7 19
2 19
14 19
6 27
6 19
6 34
10 34
10 30
24 29
8 26
8 38
8 34
8 30
8 29
0 8
17 33
16 33
28 33
24 28
11 28
25 35
15 25
13 25
7 25
25 28
6 25
13 20
20 31
20 33
20 25
3 13
3 9
4 27
4 38
4 34
4 39
4 7
4 9
2 4
3 4
23 37
23 39
23 29
0 23
12 26
12 19
12 37
12 30
12 29
7 12
12 31
5 12
10 12
12 23
4 23
23 24
14 23
13 36
16 36
31 36
4 36
2 18
18 36
18 24
8 18
5 36
3 20
3 5
3 14
20 24
8 25
1 33
1 10
1 5
1 6
8 33
8 11
0 29
10 29
0 10
10 11
10 14
6 30
6 17
0 6
2 6
6 11
17 19
2 37
2 15
2 13
2 9
2 14
11 15
0 15
15 17
15 31
7 11
11 16
13 34
7 34
17 34
13 39
9 13
9 39
17 39
16 39
7 16
0 16
5 16
21 31
31 32
9 31
14 31
5 32
7 32
24 32
5 17
9 35
9 24
24 38
14 27
17 27
14 37
14 17
17 22
7 17
7 37
0 37
