40 390
4 37
4 20
11 37
11 20
4 33
11 33
1 37
1 20
1 33
4 9
9 11
1 9
34 37
20 34
33 34
9 34
4 39
11 39
1 39
34 39
19 37
19 20
19 33
9 19
19 39
4 8
8 11
1 8
8 34
8 19
13 37
13 33
9 13
8 13
13 25
4 28
11 28
1 28
28 34
19 28
13 28
30 37
20 30
30 33
9 30
30 39
8 30
25 30
28 30
29 37
20 29
29 33
9 29
29 39
8 29
25 29
28 29
4 29
11 29
1 29
29 34
19 29
31 37
25 31
29 31
4 21
11 21
21 34
1 21
19 21
0 21
21 31
36 37
25 36
28 36
21 36
32 37
32 33
9 32
8 32
29 32
27 37
27 33
9 27
25 27
27 29
21 27
4 27
11 27
1 27
27 34
19 27
24 33
8 24
24 25
24 27
24 30
2 33
2 8
2 25
2 29
2 27
2 4
2 11
1 2
2 34
2 19
5 37
5 33
5 9
5 8
5 25
5 27
5 32
2 5
1 5
17 37
17 33
9 17
8 17
17 28
17 29
17 32
1 17
4 26
11 26
26 34
18 27
2 18
18 26
17 18
22 27
22 32
22 26
17 22
4 22
11 22
12 37
12 33
8 12
12 25
12 28
12 29
12 27
2 12
1 12
12 22
10 29
10 27
10 32
2 10
1 10
10 26
4 10
10 11
30 38
1 38
26 38
17 38
10 38
29 35
21 35
30 35
2 35
1 35
26 35
10 35
19 35
4 35
11 35
12 35
18 35
31 35
35 38
3 29
3 21
3 32
2 3
1 3
3 17
3 22
3 35
3 4
3 38
11 16
16 36
16 24
0 16
13 16
3 16
16 18
7 10
7 35
6 37
6 33
6 9
6 8
6 25
6 28
6 29
6 27
6 30
6 32
1 6
6 22
6 10
6 19
4 6
6 11
6 7
5 6
6 13
6 38
6 31
6 18
6 34
15 28
15 21
15 30
15 32
1 15
15 22
10 15
15 19
4 15
6 15
15 31
0 15
5 15
15 18
3 15
15 24
12 15
7 15
7 38
7 16
0 7
7 34
7 18
7 11
7 24
7 13
0 3
3 5
3 18
3 12
3 13
23 34
14 37
14 20
14 33
9 14
14 39
8 14
14 25
14 28
14 29
14 21
14 30
2 14
1 14
14 17
14 22
14 19
4 14
14 38
14 31
14 36
5 14
14 18
11 14
14 24
14 23
13 14
3 23
11 23
13 23
12 23
35 36
34 35
4 38
11 38
5 38
13 38
0 38
12 38
10 12
10 24
10 13
10 19
0 10
4 12
12 31
0 12
12 34
12 18
11 12
0 22
22 34
19 22
5 22
18 22
4 18
18 36
5 18
24 26
19 26
17 26
26 31
4 17
11 17
17 34
17 36
13 17
5 17
17 31
17 24
4 5
5 31
0 5
5 34
5 13
2 24
2 36
2 13
19 24
4 24
24 31
24 36
24 34
11 24
13 24
27 32
13 27
27 30
30 32
4 32
11 32
32 34
1 32
32 36
19 32
0 32
31 32
1 36
19 36
4 36
31 36
0 36
34 36
13 36
11 36
21 30
30 31
19 31
4 31
11 31
31 34
13 29
29 30
4 30
11 30
30 34
1 30
19 30
0 30
13 30
1 13
4 13
19 25
4 19
11 19
19 34
0 19
25 34
1 34
4 34
11 34
1 25
1 4
1 11
0 1
25 33
11 25
4 11
0 11
4 25
0 4
25 37
0 25
