40 234
21 28
1 28
21 37
1 37
28 37
21 34
1 34
34 37
28 30
30 34
19 21
1 19
19 37
19 30
28 39
34 39
19 39
5 21
5 37
5 39
21 22
22 37
22 39
22 28
22 34
19 22
2 21
1 2
2 37
2 30
2 39
2 22
16 28
16 34
16 19
0 16
21 29
29 37
29 30
22 29
16 29
4 37
25 28
25 34
19 25
11 37
11 25
21 32
1 32
32 37
22 32
16 32
28 32
32 34
10 32
4 10
10 11
16 26
13 21
1 13
13 37
13 30
13 39
13 22
9 21
1 9
9 37
9 30
9 39
9 25
9 28
9 34
7 37
7 25
7 9
4 7
21 36
36 37
36 39
22 36
32 36
4 36
31 36
2 36
28 36
17 21
1 17
17 37
17 30
17 39
17 25
17 32
4 17
17 19
17 26
17 28
20 37
13 20
20 26
2 20
6 19
6 26
6 20
3 19
2 3
0 3
3 18
15 26
15 29
15 28
3 15
9 14
13 14
14 31
2 14
14 28
0 14
19 23
2 23
0 24
24 28
9 12
12 32
11 12
12 29
12 24
12 17
10 12
16 27
4 27
11 27
27 29
27 28
0 27
12 27
19 38
29 38
20 38
18 38
17 38
9 33
13 33
11 33
29 33
20 33
8 37
8 22
8 9
8 13
8 31
8 29
8 28
3 8
8 34
8 23
8 33
8 10
14 33
10 33
33 38
0 35
18 35
12 35
33 35
15 35
7 35
36 38
27 38
10 27
5 27
5 12
23 24
14 23
23 34
5 23
7 23
7 14
14 15
15 34
6 15
3 6
3 7
6 17
6 34
6 36
10 20
18 20
5 20
17 18
5 18
17 36
34 36
5 36
7 31
31 34
26 31
2 7
0 7
7 10
5 9
9 13
9 19
13 32
13 28
13 34
13 26
5 13
26 28
26 29
10 26
11 32
19 32
4 11
11 28
2 11
11 34
5 11
4 25
4 16
4 28
0 4
4 29
29 34
2 16
2 19
2 5
0 22
5 22
19 28
0 19
0 34
0 37
0 1
0 21
