40 312
6 30
6 15
11 15
28 30
15 28
11 28
23 30
15 23
11 23
6 23
23 28
16 30
15 16
11 16
16 23
6 33
28 33
16 33
5 30
5 15
5 11
5 23
5 33
3 23
3 6
3 28
3 16
8 30
8 15
8 11
8 23
8 33
3 8
8 16
7 28
6 7
7 8
5 7
20 30
15 20
11 20
20 23
20 33
3 20
16 20
7 20
9 15
9 11
9 23
9 16
9 28
6 9
5 9
8 9
9 20
14 15
11 14
14 23
14 33
3 14
14 16
7 14
9 14
14 28
6 22
5 22
8 22
14 22
10 15
10 23
10 16
9 10
10 28
10 22
23 24
24 28
6 24
8 24
5 24
18 24
6 18
2 15
2 11
2 23
2 16
2 28
2 22
2 24
2 6
2 29
2 8
1 16
1 28
1 2
1 18
1 10
26 30
15 26
11 26
23 26
26 33
3 26
16 26
7 26
9 26
30 39
15 39
11 39
23 39
3 39
16 39
7 39
9 39
28 39
28 36
6 36
8 36
5 36
20 36
28 35
35 36
2 35
18 35
15 34
23 34
28 34
34 39
24 34
18 34
10 34
6 34
13 16
13 28
6 32
28 38
36 38
32 38
0 38
10 38
15 19
11 19
19 23
3 19
16 19
9 19
19 28
19 36
2 19
0 19
10 19
6 19
19 38
19 20
2 27
0 27
16 21
21 28
21 39
31 39
31 32
6 31
10 31
14 31
4 15
4 11
4 23
3 4
4 16
4 7
4 28
4 22
2 4
4 31
4 21
12 23
12 16
9 12
12 36
12 32
0 12
12 34
12 21
15 17
17 23
16 17
7 17
17 28
17 36
17 32
0 17
17 31
12 17
17 20
17 35
1 17
17 38
14 17
25 39
0 25
25 34
12 25
20 25
5 25
17 25
4 25
13 25
23 37
16 37
9 37
28 37
24 37
32 37
31 37
12 37
20 37
35 37
8 37
37 38
1 37
25 37
12 14
4 12
12 29
4 29
4 35
4 6
4 27
4 13
21 31
8 31
10 21
6 21
21 27
20 21
13 21
21 26
19 27
26 27
27 29
8 27
1 27
14 27
19 35
8 19
5 19
29 38
8 38
6 38
14 38
13 32
5 32
13 18
13 34
13 20
5 13
6 13
13 14
5 34
26 34
34 35
29 35
5 35
8 35
0 36
36 39
6 39
8 39
5 39
26 39
0 39
20 39
24 26
18 26
1 26
6 26
14 26
5 26
20 26
1 20
1 8
1 6
2 5
18 29
10 29
8 29
6 29
18 20
0 18
14 24
10 24
6 10
10 14
20 22
5 14
20 28
8 28
0 8
3 5
5 16
5 28
5 6
16 28
6 16
0 16
0 23
6 28
0 28
6 11
0 11
0 6
15 30
0 15
