40 234
1 9
9 15
1 7
7 15
1 23
15 23
9 23
1 17
15 17
17 23
9 38
1 29
15 29
23 29
29 38
9 24
1 16
15 16
16 23
16 38
16 24
9 21
17 21
7 21
16 21
21 29
4 15
4 23
4 38
4 24
4 21
9 20
7 20
20 29
16 20
17 20
3 23
3 20
9 37
15 27
23 27
27 38
23 36
20 36
9 36
7 36
1 39
15 39
23 39
38 39
24 39
36 39
37 39
27 39
0 39
26 27
15 18
18 36
9 32
16 32
29 32
13 32
9 13
4 13
13 29
10 15
10 23
10 38
10 24
10 21
10 36
10 13
13 33
8 24
8 20
8 13
8 9
8 29
3 8
8 17
8 33
7 8
6 24
6 21
6 32
6 8
0 6
24 35
35 36
32 35
8 35
27 35
6 35
13 28
28 33
26 28
15 19
19 23
19 24
19 20
19 32
8 19
19 26
17 19
10 19
18 19
9 19
19 28
0 2
2 19
15 30
23 30
21 30
30 36
30 32
30 33
27 30
17 30
3 30
12 26
12 19
12 30
12 39
10 12
22 28
3 22
18 22
22 29
12 22
2 22
25 37
25 33
0 25
6 25
25 30
10 25
7 25
12 25
4 25
5 9
5 16
5 25
2 5
4 12
9 30
2 30
30 39
2 39
2 18
2 4
28 29
11 28
3 11
9 34
11 34
29 34
34 35
11 16
10 14
31 32
31 37
0 31
6 31
17 31
31 39
9 31
29 31
14 31
16 31
11 14
14 35
11 35
28 35
18 28
7 28
10 35
7 35
4 6
6 16
6 29
6 7
9 33
0 33
4 33
16 33
10 33
10 27
10 17
9 10
7 13
13 17
18 32
18 27
18 26
3 18
9 18
4 18
17 26
16 26
26 39
29 39
4 39
0 36
17 36
27 36
27 37
9 27
27 29
4 27
16 37
3 37
0 37
0 3
3 17
3 16
3 7
4 20
4 17
0 21
16 17
7 16
7 24
17 24
24 29
7 29
7 38
17 38
0 38
7 23
0 23
0 7
0 15
0 9
0 1
