40 390
15 33
15 32
15 17
7 33
7 32
7 17
1 33
1 32
1 17
1 15
1 7
25 33
25 32
17 25
1 25
16 32
1 16
15 16
16 25
7 16
4 33
4 32
4 17
1 4
4 16
4 22
24 32
16 24
22 24
15 24
24 25
7 24
28 33
28 32
17 28
1 28
16 28
22 28
24 28
16 21
21 24
15 21
7 21
21 25
21 28
31 33
31 32
17 31
1 31
16 31
22 31
24 31
21 31
4 31
26 32
1 26
16 26
21 26
4 26
15 26
25 26
7 26
26 28
26 31
14 33
14 32
14 17
14 16
14 22
14 24
14 26
9 21
9 26
9 15
7 9
9 25
9 28
9 31
33 37
32 37
17 37
1 37
16 37
24 37
4 37
9 37
28 37
25 37
11 33
11 32
11 17
1 11
11 16
11 22
11 24
11 21
4 11
9 11
13 15
7 13
13 25
13 28
13 31
13 19
18 33
18 32
17 18
1 18
18 22
18 24
4 18
18 26
18 28
15 18
7 18
23 32
1 23
22 23
21 23
4 23
23 26
23 28
18 23
11 23
13 39
25 39
18 39
15 39
3 28
3 25
32 38
24 38
21 38
9 38
13 38
25 38
11 38
15 38
5 33
5 32
1 5
5 16
5 22
5 24
4 5
5 9
5 13
5 25
5 38
5 39
2 4
2 9
2 28
2 25
2 38
10 13
10 25
10 38
10 15
32 36
1 36
16 36
24 36
21 36
26 36
28 36
18 36
36 38
10 36
36 39
15 36
27 33
27 32
17 27
1 27
16 27
22 27
24 27
21 27
4 27
26 27
27 28
18 27
11 27
27 38
2 27
27 36
7 27
19 27
27 31
27 37
3 27
14 27
4 30
26 30
28 30
25 30
18 30
10 30
2 30
30 36
7 30
19 30
7 34
5 34
8 11
8 10
2 8
4 12
9 12
12 25
12 18
11 12
12 39
2 12
12 15
7 12
8 12
12 23
32 35
1 35
22 35
24 35
21 35
26 35
28 35
18 35
35 38
10 35
0 35
12 35
0 6
2 6
6 15
6 31
6 8
6 35
5 6
3 6
20 32
17 20
1 20
16 20
20 22
20 21
4 20
9 20
20 25
18 20
20 38
20 39
2 20
12 20
6 20
19 20
8 20
20 31
20 35
3 20
20 23
20 27
6 7
8 35
34 35
35 37
3 35
15 35
29 32
17 29
1 29
16 29
22 29
24 29
4 29
26 29
28 29
25 29
11 29
10 29
0 29
12 29
29 36
5 29
8 29
29 31
29 35
3 29
29 30
23 29
12 31
5 12
8 19
8 15
8 34
8 23
15 34
3 34
34 37
30 34
30 31
15 30
14 30
27 30
3 36
36 37
14 36
23 36
19 36
10 14
2 10
10 31
10 19
10 37
0 2
2 15
2 5
2 19
5 19
5 15
5 37
5 14
5 31
3 38
7 38
14 38
3 39
0 3
3 19
3 15
0 39
23 39
7 39
19 39
14 39
0 23
7 23
23 37
15 23
14 23
18 19
0 18
14 18
11 19
15 19
13 14
11 13
11 25
11 15
7 11
0 11
11 31
11 37
0 37
7 37
15 37
14 37
9 14
0 9
7 14
14 31
14 15
0 26
28 31
25 31
0 31
15 31
4 21
0 21
4 28
15 28
7 28
25 28
4 24
4 15
4 25
4 7
0 4
16 22
22 25
15 25
7 25
1 22
7 22
0 7
7 15
15 22
0 15
32 33
22 32
0 22
