40 234
15 33
11 15
2 33
2 11
15 16
2 16
16 30
33 36
11 36
16 36
26 33
15 26
26 36
26 30
2 26
10 33
10 11
10 26
10 30
13 15
2 13
13 36
10 13
7 33
7 30
7 13
1 11
1 26
1 30
1 15
1 2
19 33
19 26
1 19
15 35
31 33
26 31
13 31
31 35
0 31
19 31
30 34
34 35
19 34
34 39
0 39
2 25
25 36
23 25
25 39
5 33
5 26
5 30
1 5
5 34
5 36
5 25
5 15
5 29
22 29
7 22
4 11
4 26
4 30
1 4
4 34
0 4
4 25
11 32
26 32
30 32
8 15
1 37
8 37
34 37
0 37
25 37
15 37
29 37
7 37
4 37
18 33
11 18
16 18
18 26
1 18
8 18
2 18
18 36
18 23
18 32
17 18
17 31
17 39
9 23
9 32
9 17
9 31
11 14
14 30
13 14
8 14
2 14
14 36
14 19
14 15
14 29
3 11
3 26
3 13
3 35
3 34
0 3
3 19
3 32
3 29
3 7
12 33
11 12
12 16
12 30
12 13
12 35
2 12
12 36
12 19
12 15
3 12
7 12
5 12
12 39
10 12
12 24
3 24
20 23
13 28
8 28
2 28
0 28
23 28
28 32
20 28
7 28
27 30
1 27
2 27
27 36
19 27
15 27
27 28
7 27
14 27
27 39
24 27
10 27
34 38
0 38
25 38
15 38
28 38
14 38
22 38
21 22
21 38
9 21
20 21
9 38
20 38
4 28
10 28
3 20
20 31
5 20
9 20
3 10
14 24
5 24
6 23
6 15
6 29
6 14
6 22
6 18
6 24
6 37
9 14
18 31
4 18
18 39
18 37
10 37
8 32
2 32
0 32
19 32
10 32
31 32
4 32
4 31
4 39
4 22
5 7
5 10
15 25
10 25
23 39
31 39
23 34
34 36
15 34
23 36
23 31
35 36
10 35
2 35
19 35
7 35
19 36
10 19
7 19
1 36
1 7
0 1
0 7
2 10
30 36
15 36
2 30
2 15
0 2
11 30
15 30
30 33
0 30
