40 234
10 16
16 27
7 10
16 25
7 25
10 34
25 34
27 34
16 18
18 34
10 31
27 31
25 31
18 31
16 29
7 29
29 34
29 31
5 13
5 10
5 12
12 29
1 10
5 32
22 34
22 31
13 22
10 22
18 22
22 32
8 16
7 8
8 34
8 31
5 8
8 22
16 38
34 38
13 38
29 38
1 38
10 38
33 38
16 36
31 36
13 36
22 36
36 38
16 21
21 34
10 37
27 37
25 37
26 34
26 37
5 26
22 26
3 10
3 27
3 26
6 16
6 31
5 6
6 29
3 6
6 21
6 10
6 25
6 26
6 8
6 24
5 15
15 29
3 15
15 21
0 15
10 15
4 15
1 2
2 36
10 11
0 11
13 30
22 30
30 38
30 36
11 30
4 30
24 30
1 19
19 21
3 28
28 36
6 28
10 28
12 28
9 16
7 9
9 34
9 31
5 9
9 29
1 9
9 38
9 28
4 9
0 35
2 35
8 35
10 35
33 35
9 35
18 35
12 35
1 14
14 38
14 28
14 15
8 14
14 19
14 25
14 26
14 18
9 14
9 26
9 32
16 20
20 34
13 20
20 22
10 39
18 39
25 39
20 39
20 38
6 20
4 20
20 24
19 20
20 27
20 32
20 30
9 20
9 30
18 28
27 28
19 28
2 19
19 27
19 30
19 32
23 29
23 38
0 23
15 23
23 24
19 23
23 26
6 17
8 17
17 24
17 18
17 27
17 25
17 33
17 23
23 33
23 25
27 30
12 30
2 11
2 10
2 4
2 32
2 27
2 25
4 18
4 8
4 26
15 24
12 15
15 33
24 25
24 26
26 36
26 32
10 26
18 37
21 37
21 22
21 29
10 21
21 36
21 27
18 21
21 32
0 21
10 36
8 36
33 36
12 36
0 33
18 33
32 33
10 33
8 38
8 10
8 32
8 27
22 25
0 22
1 32
0 32
1 12
12 18
12 27
10 12
12 25
5 29
5 25
5 27
10 29
18 29
27 29
0 29
10 18
13 25
0 25
10 25
7 27
13 27
10 13
0 10
0 13
