40 234
6 9
6 11
9 38
6 7
7 38
6 33
9 33
6 23
23 38
23 33
9 23
11 23
7 23
5 6
5 38
5 33
5 23
5 27
9 28
11 28
7 28
5 28
6 22
22 33
22 23
9 31
7 31
11 31
3 23
3 31
2 9
6 12
12 33
12 23
12 31
2 12
6 21
21 33
21 23
23 35
9 35
11 35
7 35
23 25
25 35
2 25
21 25
2 8
6 24
24 38
24 33
23 24
24 27
24 31
24 28
21 24
11 24
3 24
23 26
26 31
9 26
33 37
35 37
26 37
21 37
12 37
4 26
1 6
1 31
1 28
1 5
1 34
21 34
9 34
28 30
21 30
9 30
12 32
30 32
9 19
19 30
8 15
12 15
15 19
15 37
6 39
33 39
23 39
35 39
26 39
21 39
9 39
12 39
8 20
20 30
20 25
10 33
10 35
1 10
10 24
9 10
10 20
10 32
10 25
16 26
1 16
17 29
3 17
16 17
5 17
4 16
16 19
0 16
16 34
10 16
6 18
18 33
18 23
18 35
18 26
1 18
8 18
4 18
18 20
18 37
16 18
10 18
18 22
18 34
16 22
13 33
13 35
13 28
13 24
8 13
12 13
13 20
13 37
11 13
10 13
13 34
3 13
7 10
20 39
6 36
33 36
23 36
31 36
26 36
1 36
12 36
30 36
20 36
25 36
36 39
15 36
29 36
7 36
37 39
11 39
15 39
7 39
5 15
15 22
19 22
14 19
3 14
14 25
14 29
0 14
14 34
19 32
19 37
7 32
5 32
11 32
3 32
7 30
30 34
29 30
0 34
5 34
1 9
1 7
1 4
4 8
4 5
0 4
4 11
4 37
4 22
7 37
7 26
11 26
26 29
24 29
0 29
11 29
3 29
7 29
8 24
5 24
22 24
0 8
8 12
8 25
0 25
22 25
5 25
0 35
21 35
21 28
9 21
0 21
12 21
3 12
2 3
0 2
3 11
3 5
22 31
22 28
9 22
5 22
11 33
7 33
7 27
7 9
11 38
11 27
9 11
0 11
9 27
0 27
