40 234
5 20
5 10
10 20
2 5
2 10
2 38
20 38
5 6
6 10
6 38
5 36
10 36
36 38
2 36
20 36
5 22
10 22
22 38
22 36
2 18
18 20
6 18
18 22
18 33
20 33
2 17
5 28
10 28
28 36
2 12
6 12
12 22
29 36
12 29
9 10
9 36
9 20
36 39
20 39
2 39
5 31
31 36
20 31
31 39
2 4
4 22
5 35
10 35
35 38
35 36
18 35
4 35
17 35
9 37
0 37
5 23
10 23
23 36
20 23
15 23
2 15
3 10
3 36
3 20
3 39
3 9
3 15
5 14
10 14
14 38
14 36
14 20
12 14
14 17
6 14
14 16
3 14
0 14
14 23
10 32
32 38
20 32
32 39
17 32
32 37
9 19
6 19
4 30
30 37
19 30
3 30
0 30
23 30
13 36
13 20
13 17
13 37
13 19
9 34
15 34
6 34
33 34
3 34
0 34
5 27
10 27
20 27
27 39
9 27
6 27
19 27
27 34
0 27
27 35
20 21
21 39
9 21
21 37
6 21
21 34
23 24
5 25
10 25
20 25
25 39
17 25
6 25
25 33
24 25
0 25
23 25
21 25
17 26
26 37
26 33
3 26
0 26
26 35
21 26
26 31
25 26
14 26
8 13
8 27
8 25
1 13
1 2
1 8
1 30
22 25
21 24
24 29
24 28
13 24
7 29
7 21
7 32
9 11
11 15
11 19
11 33
11 28
7 11
11 32
11 27
11 31
11 14
21 27
21 22
22 27
34 35
13 34
13 31
13 30
13 29
2 30
22 30
19 23
19 29
19 32
2 19
32 33
23 32
31 32
2 32
14 32
14 29
3 16
0 16
16 35
16 22
16 31
3 29
3 31
3 28
15 33
23 37
23 28
23 35
22 37
35 37
28 35
2 35
22 35
4 31
0 4
6 31
28 31
29 31
6 39
0 39
9 39
9 29
2 9
9 22
6 29
2 29
12 28
17 28
6 28
28 33
22 28
6 17
17 33
22 33
2 33
20 22
6 36
0 36
6 20
2 20
0 2
0 10
0 5
