40 390
1 14
1 29
9 14
1 32
9 32
1 8
8 9
8 14
8 32
1 11
9 11
8 11
14 15
11 15
1 18
9 18
8 18
15 18
14 25
25 29
25 32
11 25
18 25
1 27
9 27
8 27
15 27
25 27
14 27
1 16
8 16
16 25
14 16
16 18
16 29
16 32
11 16
1 26
9 26
8 26
15 26
25 26
14 26
16 26
8 37
14 37
11 37
32 37
29 37
18 37
27 37
1 34
9 34
8 34
15 34
25 34
14 34
16 34
34 37
1 39
9 39
8 39
15 39
14 39
16 39
37 39
11 39
32 39
29 39
18 39
26 39
27 39
14 21
16 21
21 39
12 14
12 18
12 32
12 29
11 12
12 27
23 25
14 23
16 23
12 23
18 23
1 35
9 35
8 35
15 35
14 35
16 35
35 37
12 35
18 35
11 35
29 35
32 35
26 35
34 35
1 6
6 8
6 25
6 14
6 37
6 39
6 18
6 35
14 31
29 31
31 32
11 31
1 28
9 28
8 28
15 28
25 28
14 28
28 37
28 39
5 11
5 32
5 29
5 28
5 34
2 8
2 15
2 14
2 16
2 37
2 12
2 18
2 5
0 2
1 33
9 33
8 33
15 33
14 33
16 33
33 37
33 39
18 33
31 33
1 17
9 17
8 17
15 17
17 25
14 17
17 37
17 39
17 18
17 31
0 17
17 29
17 32
11 17
4 14
4 31
4 17
4 33
14 30
30 33
1 7
7 8
7 14
7 16
7 37
7 12
7 18
7 35
7 17
7 28
7 30
1 20
9 20
8 20
15 20
20 25
14 20
20 39
12 20
18 20
20 35
0 20
20 28
20 30
7 20
23 36
20 36
4 36
14 19
19 35
0 19
19 28
19 30
1 10
8 10
10 25
10 14
10 37
10 12
10 18
10 35
0 10
10 28
10 30
3 23
3 10
3 6
2 3
3 26
3 34
13 14
12 13
13 18
13 35
13 31
13 33
13 23
13 20
4 13
3 13
13 34
13 26
1 38
9 38
8 38
15 38
25 38
14 38
16 38
38 39
18 38
35 38
31 38
33 38
30 38
20 38
4 38
3 38
11 38
26 38
13 38
36 38
2 38
32 38
13 29
8 22
14 22
16 22
22 39
18 22
5 22
17 22
22 33
22 23
20 22
6 22
3 22
22 34
22 26
13 22
22 27
14 24
5 24
0 24
24 28
23 24
20 24
4 24
19 24
11 24
7 24
24 29
24 36
2 24
22 24
22 32
13 32
3 32
10 34
10 19
10 11
6 10
10 29
2 10
4 10
10 21
6 19
7 19
19 27
11 19
19 29
19 36
19 21
11 36
26 36
21 36
29 36
20 27
20 26
20 32
4 7
7 11
2 7
7 27
7 21
7 26
6 30
4 30
30 34
2 30
21 30
4 29
4 26
4 11
17 26
17 28
17 33
17 23
17 34
11 33
32 33
29 33
23 33
2 33
26 33
2 6
2 34
2 29
2 27
0 5
5 21
28 31
11 28
27 28
28 32
6 28
21 28
28 29
27 31
6 31
6 27
6 32
6 21
6 34
23 35
23 26
11 23
23 27
23 29
23 32
12 26
12 21
12 34
18 21
0 21
21 34
21 32
21 29
21 27
34 39
0 34
27 34
26 34
26 37
18 26
16 27
18 27
0 27
27 32
14 18
18 32
11 18
18 29
15 29
15 32
11 14
0 11
11 32
11 29
8 29
14 32
0 32
9 29
14 29
0 29
0 14
