40 390
0 12
12 27
0 33
27 33
9 33
9 12
0 6
6 27
6 9
0 21
21 27
12 21
21 33
0 28
27 28
9 28
21 28
0 26
9 26
21 26
12 26
26 33
26 28
0 14
14 27
9 14
14 21
14 26
12 14
0 32
27 32
9 32
21 32
26 32
12 32
32 33
14 32
28 32
6 32
0 31
27 31
9 31
21 31
26 31
12 31
31 32
6 31
3 6
3 33
3 14
3 28
0 4
4 27
4 9
4 21
4 26
4 12
4 32
4 6
3 4
0 1
1 27
1 9
1 21
1 26
1 12
1 32
1 6
1 3
1 33
1 28
1 14
0 13
13 26
13 32
1 13
0 35
12 35
32 35
1 35
0 22
22 27
9 22
21 22
22 26
12 22
22 32
6 22
3 22
1 22
22 33
22 28
14 22
0 11
11 12
11 32
6 11
11 22
0 25
21 25
25 32
1 25
22 25
25 33
2 22
2 25
1 36
14 36
33 36
0 5
5 9
5 21
5 26
5 12
5 32
5 6
3 5
5 35
5 25
5 36
0 15
15 21
15 26
12 15
6 15
1 15
15 35
14 15
12 23
1 23
23 35
23 25
23 36
23 33
11 23
12 17
1 17
17 22
14 17
17 23
17 33
6 37
3 37
35 37
25 37
23 37
17 37
0 7
7 21
7 26
7 12
6 7
3 7
7 22
7 25
7 36
7 15
0 24
24 27
21 24
24 26
12 24
24 32
6 24
3 24
22 24
14 24
24 36
17 24
7 24
2 24
4 24
11 30
0 16
9 16
16 21
16 26
12 16
16 32
6 16
1 16
16 22
14 16
16 23
15 16
16 31
2 16
16 30
16 33
1 18
14 18
18 23
15 18
7 18
2 18
16 18
18 24
18 30
12 29
3 29
22 29
14 29
23 29
17 29
29 31
2 29
16 29
12 38
6 38
22 38
25 38
36 38
15 38
7 38
2 38
0 8
8 9
8 21
8 26
8 12
8 32
6 8
3 8
8 35
8 14
8 36
8 17
7 8
8 11
8 38
8 24
8 30
8 33
34 36
17 34
7 34
2 34
4 34
34 38
28 34
29 34
13 34
10 22
10 14
10 36
10 17
7 10
10 11
4 10
10 38
10 28
10 33
10 34
19 25
15 19
19 31
2 19
16 19
19 24
19 30
19 29
5 19
0 39
9 39
21 39
26 39
12 39
32 39
6 39
3 39
35 39
25 39
23 39
17 39
31 39
11 39
16 39
24 39
30 39
29 39
5 39
19 39
0 20
9 20
20 21
20 26
12 20
20 32
6 20
3 20
20 35
14 20
20 36
17 20
20 31
11 20
4 20
20 38
20 28
20 33
5 20
18 20
20 39
10 20
37 39
10 19
8 19
10 13
8 34
18 34
8 13
8 37
28 38
13 38
29 38
33 38
28 29
5 29
18 29
18 37
13 18
5 16
16 37
4 30
24 30
13 30
30 33
5 24
24 37
7 31
5 7
7 37
7 13
11 37
28 37
33 37
5 37
17 31
17 28
23 31
23 28
15 23
13 15
15 33
5 15
2 15
4 15
11 15
5 11
5 28
4 36
2 36
2 31
2 4
2 28
25 28
11 25
25 31
13 25
11 31
11 28
11 13
22 35
33 35
14 35
28 35
4 35
13 35
31 35
13 14
4 13
13 33
1 31
1 4
4 14
4 31
4 28
4 33
3 31
31 33
6 14
14 33
14 28
6 26
12 28
6 28
6 21
6 12
6 33
12 33
