40 156
10 34
1 34
10 19
1 19
19 34
19 20
20 35
6 34
6 20
24 35
19 24
24 26
24 37
25 34
25 37
25 36
10 28
1 28
28 34
20 28
24 28
15 34
15 20
15 30
15 37
15 36
11 35
11 19
9 11
9 29
4 30
4 29
4 36
36 39
4 39
1 31
31 34
30 31
15 31
9 31
7 35
7 38
28 38
38 39
27 35
7 27
2 6
23 34
23 29
6 23
7 8
8 23
3 39
3 19
10 16
1 16
16 34
16 20
16 24
16 37
9 16
16 23
3 16
0 16
9 14
14 28
13 14
5 30
5 37
5 35
5 28
5 22
5 26
0 5
32 35
23 32
5 32
26 32
1 18
18 34
11 18
15 18
9 18
4 18
18 31
18 22
18 32
12 31
9 21
7 21
21 31
13 21
10 17
17 34
11 17
17 37
6 17
4 17
2 17
17 21
17 27
8 17
12 21
12 27
12 18
25 32
14 22
8 22
14 16
14 19
16 19
3 8
33 39
26 33
25 33
8 33
0 23
2 23
2 27
2 13
2 25
27 38
0 38
25 38
7 31
31 39
4 26
4 13
6 29
6 9
11 13
13 15
6 13
13 26
15 35
15 28
28 36
19 28
25 28
26 37
19 37
26 35
24 36
24 30
19 30
6 30
30 35
6 35
19 36
0 19
34 35
34 36
10 35
1 35
1 36
0 36
