40 390
9 27
27 38
14 38
33 38
9 33
27 36
14 36
33 36
1 38
1 9
1 36
19 27
14 19
19 33
1 19
9 21
21 38
21 36
19 21
27 30
14 30
30 33
1 30
21 30
8 9
8 38
8 36
8 19
8 30
13 27
13 14
13 33
1 13
13 21
8 13
13 19
22 27
14 22
22 33
1 22
21 22
19 22
9 22
22 38
22 36
22 30
27 31
14 31
31 33
1 31
21 31
8 31
19 31
22 31
2 27
2 33
2 21
2 19
2 9
2 38
2 36
2 30
25 27
14 25
25 33
1 25
8 25
19 25
2 25
9 37
37 38
36 37
30 37
8 28
19 28
22 28
28 37
20 21
8 20
20 22
20 37
9 20
20 38
20 36
32 33
19 32
22 32
17 38
9 17
17 36
2 7
7 17
7 20
18 22
18 37
4 18
9 18
18 38
18 36
33 35
1 35
8 35
19 35
22 35
14 24
24 33
21 24
8 24
22 24
9 24
24 38
24 36
24 30
5 27
5 33
1 5
5 19
5 24
5 37
5 17
4 5
27 29
29 33
21 29
19 29
2 29
24 29
17 29
18 29
29 38
9 29
29 36
21 39
8 39
22 39
24 39
20 39
4 39
29 39
11 17
11 31
11 29
9 11
11 38
11 36
0 11
11 39
3 22
3 24
3 17
3 31
3 29
3 11
3 13
3 39
15 27
14 15
15 33
1 15
8 15
15 19
15 22
15 37
15 17
15 31
23 27
23 33
8 23
19 23
2 23
23 37
4 23
18 23
23 31
23 38
9 23
23 36
2 26
17 26
4 26
26 31
23 26
11 26
7 26
26 39
15 26
5 26
10 27
10 33
8 10
10 19
10 22
10 37
4 10
10 18
10 31
10 11
9 10
10 26
3 10
10 35
10 30
1 6
6 19
2 6
6 24
6 17
6 31
6 23
6 11
6 7
6 39
6 26
6 35
6 30
6 36
6 25
5 6
6 10
33 34
19 34
2 34
17 34
20 34
4 34
29 34
32 34
9 34
34 39
3 34
34 35
30 34
6 34
8 12
12 19
2 12
12 24
12 20
4 12
12 23
12 32
12 13
9 12
12 26
12 30
12 38
5 12
12 28
12 15
10 12
12 34
16 21
16 19
2 16
16 24
4 16
16 18
16 29
16 32
9 16
16 39
3 16
16 30
16 38
5 16
16 28
16 25
16 36
16 34
10 34
15 34
10 15
10 36
25 26
26 28
26 38
15 23
13 23
23 35
7 23
23 32
11 15
7 15
3 15
0 15
15 38
5 15
15 25
3 28
3 30
3 35
3 5
11 32
13 39
9 39
0 39
35 39
30 39
29 30
28 29
5 29
25 29
5 13
5 7
0 5
5 38
5 28
24 31
13 24
24 35
4 24
20 35
18 35
32 35
9 35
35 38
35 36
0 35
25 35
18 25
13 18
18 30
18 31
7 18
7 32
7 13
7 38
7 9
7 30
7 36
0 7
17 32
17 30
20 32
4 32
9 32
32 38
0 32
32 36
13 32
20 30
13 20
20 25
20 28
20 31
28 31
13 28
9 28
0 28
28 30
25 28
28 36
25 37
13 25
9 25
0 25
25 38
25 36
2 4
2 31
2 13
31 38
9 31
31 36
0 31
13 22
9 13
13 38
13 30
4 8
19 30
0 30
9 19
19 38
19 36
4 19
1 4
4 36
9 36
0 36
36 38
4 33
4 38
9 38
0 38
9 14
4 14
4 9
4 27
0 4
