40 312
16 17
16 22
17 25
22 25
16 32
25 32
5 32
10 17
10 22
10 32
16 19
19 25
5 19
10 19
16 36
25 36
17 36
22 36
32 36
19 36
7 16
7 25
5 7
7 10
7 36
10 34
34 36
17 34
22 34
32 34
7 34
19 34
16 38
25 38
5 38
10 38
36 38
34 38
17 35
22 35
32 35
35 38
7 35
19 35
9 17
9 22
9 32
5 18
9 18
14 16
14 25
14 36
14 34
14 17
14 22
14 32
4 16
4 25
4 5
4 10
4 36
4 9
4 14
2 36
2 9
2 14
2 17
2 22
2 32
2 18
10 13
13 34
0 13
2 13
7 13
4 13
13 17
6 36
6 9
0 6
6 14
17 23
22 23
23 32
5 24
24 34
9 24
14 24
23 24
4 24
13 24
24 38
12 16
12 25
5 12
10 12
12 36
12 34
12 14
2 12
7 12
15 17
15 22
15 32
15 18
6 15
4 15
12 15
8 17
8 22
8 32
0 27
14 27
8 27
4 27
13 27
22 27
16 26
25 26
5 26
10 26
26 36
26 34
0 26
2 26
23 26
15 26
16 21
21 25
5 21
10 21
21 36
21 34
9 21
14 21
21 23
4 21
23 37
4 37
21 37
37 38
12 37
13 29
22 29
12 29
16 31
9 31
0 31
2 31
7 31
4 31
13 31
21 31
12 31
29 31
1 31
16 33
25 33
33 36
33 34
0 33
2 33
23 33
15 33
21 33
22 33
26 33
16 20
20 36
0 20
14 20
2 20
7 20
3 17
3 19
3 20
3 32
20 38
12 20
20 29
20 33
17 20
20 24
18 20
20 27
16 30
25 30
5 30
30 34
0 30
2 30
23 30
4 30
13 30
30 38
26 30
20 30
18 30
6 30
30 37
27 30
7 11
4 11
11 13
11 22
11 12
1 11
6 11
11 32
11 27
11 30
11 17
11 24
30 31
18 33
32 33
31 33
27 33
19 33
17 33
31 37
13 28
28 38
12 28
28 29
1 28
28 32
19 28
17 28
28 31
1 39
32 39
19 39
27 39
28 39
31 39
29 37
19 29
6 29
1 29
18 37
6 37
19 37
17 37
18 21
21 26
17 21
21 38
12 21
1 21
6 21
22 26
17 26
26 32
6 26
26 27
1 26
19 26
1 27
24 27
7 8
1 8
1 15
1 38
1 32
12 38
12 18
12 24
18 24
24 32
19 24
17 24
23 38
6 23
19 23
6 13
6 18
6 17
6 32
13 22
2 7
2 4
4 7
4 17
4 22
14 18
14 38
14 19
7 18
18 22
18 19
7 9
9 19
9 38
0 9
0 38
7 38
22 38
32 38
0 7
7 17
7 22
7 19
0 19
19 22
0 32
5 22
0 22
17 22
5 17
0 17
0 5
