40 156
15 18
5 18
11 15
5 11
18 22
11 22
9 15
5 9
9 22
6 18
6 11
6 9
0 6
15 24
11 19
9 19
19 24
9 34
15 34
11 21
9 21
21 24
21 34
15 17
17 37
21 37
15 16
4 16
11 23
23 34
15 23
11 36
9 36
23 36
32 36
11 26
26 34
17 26
21 26
21 31
10 17
10 32
10 15
9 39
34 39
23 39
10 39
2 17
15 28
23 27
27 28
27 35
4 27
15 27
22 27
6 27
15 25
11 29
9 29
23 29
29 32
29 35
15 38
29 38
29 37
29 36
1 29
1 6
1 39
2 8
7 19
7 8
8 36
5 8
1 8
3 26
3 4
3 36
14 23
14 21
14 35
4 14
14 36
14 37
3 14
10 12
12 19
12 13
12 14
6 12
12 37
3 31
3 8
13 29
13 31
13 25
25 27
15 30
22 30
20 37
20 30
25 30
2 28
22 28
2 26
2 6
2 39
2 4
2 5
19 39
15 39
5 39
31 39
10 31
10 22
5 10
26 31
19 31
31 36
15 26
19 26
26 36
23 32
5 23
15 32
4 32
5 32
6 32
4 35
4 6
16 35
16 19
21 35
15 35
35 37
22 33
6 33
33 37
5 33
17 21
17 22
6 17
15 21
19 21
19 34
5 34
22 34
6 34
19 22
6 24
22 24
5 24
0 22
5 22
0 5
0 15
