40 234
1 15
4 15
1 30
4 30
15 36
30 36
2 36
1 38
4 38
36 38
15 21
21 30
2 21
21 38
2 9
1 9
9 36
4 9
9 21
2 7
7 9
1 13
13 36
4 13
2 32
9 32
13 32
1 32
15 29
29 30
2 29
9 29
1 25
25 36
4 25
21 25
24 25
22 24
18 24
7 24
15 33
2 33
33 38
9 33
25 33
1 33
18 33
0 33
7 35
33 35
18 39
33 39
30 31
2 31
31 38
9 31
22 31
1 31
14 15
14 30
2 14
9 14
14 25
1 14
3 14
7 14
14 21
22 34
1 34
7 34
15 27
2 27
27 38
9 27
22 27
1 23
23 36
7 23
23 27
3 27
8 25
1 8
3 8
8 27
8 21
8 36
26 34
3 37
27 37
37 39
36 37
26 37
6 13
1 6
3 6
6 27
6 39
6 36
6 24
6 32
17 22
1 17
17 18
7 17
17 21
17 36
17 26
6 17
14 17
20 30
2 20
20 38
9 20
20 22
1 20
3 20
7 20
20 33
20 34
19 24
16 21
4 16
16 19
10 39
10 34
10 24
10 16
10 20
10 29
8 10
5 18
5 27
5 21
5 36
5 24
5 10
5 32
5 20
12 39
12 34
12 24
12 16
12 32
0 12
5 12
28 33
28 34
26 28
16 28
28 35
28 31
17 28
12 28
5 17
0 16
16 31
19 35
19 20
19 31
19 29
20 35
20 37
17 20
6 14
6 35
6 37
32 37
8 37
29 37
8 26
26 32
8 35
0 8
8 29
27 31
27 34
27 32
27 36
21 27
21 34
14 34
0 34
14 24
14 32
14 29
0 14
3 36
3 31
3 21
3 29
31 39
4 31
31 35
0 31
29 31
35 39
0 39
4 39
4 35
32 33
29 33
21 33
24 33
4 24
25 29
0 25
18 29
7 29
4 29
18 21
7 18
4 18
18 32
4 32
13 22
1 22
22 36
4 22
7 22
21 22
0 7
4 7
0 9
21 36
1 36
4 36
0 36
2 4
1 11
4 11
1 4
1 2
0 1
0 2
