40 234
11 21
13 21
11 13
21 37
13 37
11 14
14 37
0 14
12 21
12 13
12 14
17 37
11 17
0 17
5 21
5 13
5 14
5 17
27 37
11 27
0 27
27 31
21 25
13 25
25 27
11 25
0 25
25 37
21 22
13 22
14 22
17 22
22 25
8 21
8 13
8 27
8 37
8 11
0 8
7 21
7 13
7 17
7 8
2 11
0 2
2 37
13 38
17 38
27 38
25 38
2 38
8 24
24 37
0 24
11 24
10 21
10 13
10 27
8 10
10 11
10 37
0 10
6 10
13 35
25 35
10 35
16 37
11 16
0 16
21 34
13 34
14 34
17 34
27 34
25 34
16 34
24 34
11 34
35 39
34 39
17 18
18 25
10 18
18 24
13 28
8 28
10 28
16 28
18 28
6 28
5 28
22 28
12 28
4 21
4 13
4 14
4 17
4 27
4 25
2 4
4 11
4 28
0 4
4 22
4 38
21 36
13 36
17 36
8 36
2 36
1 11
1 36
20 36
6 20
5 20
7 20
20 34
9 11
6 9
9 38
13 29
25 29
2 29
16 29
11 29
6 29
22 29
12 29
3 29
9 29
29 37
18 29
9 20
32 38
32 35
31 32
32 37
9 32
12 32
30 36
30 39
15 30
0 15
5 15
15 23
22 23
2 26
16 26
26 28
26 39
5 26
7 26
26 30
12 26
23 26
0 26
0 23
18 23
12 23
15 18
15 34
30 35
28 33
6 33
22 33
33 35
31 33
30 33
18 33
0 33
18 30
9 30
19 20
19 31
9 19
3 19
3 20
31 36
35 36
7 36
0 36
36 37
3 36
3 4
3 22
3 31
3 37
4 12
4 7
4 31
18 39
7 18
6 39
34 35
0 34
34 37
12 34
12 16
16 35
5 16
35 38
31 35
10 22
10 12
5 10
6 24
6 37
5 6
7 24
24 38
22 24
11 38
5 38
31 38
12 38
2 31
2 7
7 22
7 37
0 7
8 22
8 12
5 8
5 22
25 31
11 31
12 27
5 27
5 37
12 17
11 37
0 13
0 11
0 21
