40 312
8 34
6 34
6 8
9 34
6 9
8 32
9 32
27 34
6 27
27 32
18 34
6 18
18 32
8 18
9 18
18 27
34 35
6 35
32 35
18 35
8 25
9 25
25 27
25 35
3 34
3 6
3 18
3 25
3 27
1 34
1 18
1 25
1 8
1 9
1 35
1 3
14 34
6 14
14 32
14 18
14 25
14 27
1 14
8 22
9 22
22 35
3 22
21 34
18 21
1 21
21 22
8 10
9 10
10 35
16 34
6 16
16 32
16 18
16 25
16 27
1 16
10 16
14 16
3 16
13 27
13 22
7 27
7 10
7 8
7 9
7 35
5 6
5 18
5 27
5 22
5 7
12 14
8 12
9 12
12 35
15 34
15 18
15 25
15 22
14 15
12 15
31 34
18 31
27 31
1 31
10 31
3 31
8 31
9 31
18 28
1 28
14 28
3 28
28 31
4 34
4 6
4 32
4 18
4 25
4 27
1 4
4 10
4 14
3 4
4 35
4 8
4 9
4 28
29 35
4 29
20 34
18 20
20 27
1 20
7 20
3 20
20 35
8 26
2 10
2 3
2 31
2 26
2 15
0 2
7 17
3 17
17 35
17 20
15 17
0 17
2 17
11 31
4 11
11 21
0 11
2 11
34 39
6 39
18 39
25 39
27 39
1 39
7 39
3 39
13 39
26 39
20 39
34 38
6 38
27 38
22 38
14 38
12 38
35 38
4 38
21 38
0 38
5 38
31 36
26 36
21 36
36 38
2 36
5 36
8 36
9 36
1 30
10 30
14 30
12 30
30 31
20 30
15 30
0 30
30 36
11 30
15 19
24 31
24 26
21 24
24 38
8 24
33 34
6 33
18 33
25 33
27 33
22 33
14 33
12 33
13 33
26 33
21 33
24 33
34 37
6 37
18 37
25 37
27 37
10 37
7 37
12 37
35 37
20 37
15 37
0 37
19 37
33 37
16 37
9 37
29 37
5 37
8 33
5 33
33 39
9 33
16 33
9 24
0 24
24 29
19 24
8 19
17 19
13 23
4 23
21 23
0 23
2 23
8 23
19 23
23 30
23 28
23 29
19 30
9 19
30 39
17 30
29 36
38 39
16 38
28 38
2 39
11 39
17 39
16 39
11 28
11 17
8 11
16 17
2 28
20 26
9 26
8 20
16 20
9 20
20 29
5 29
28 29
9 29
4 15
4 5
15 28
5 28
9 28
13 31
15 31
15 16
8 15
12 13
0 12
5 12
5 13
5 21
5 16
7 13
7 14
0 7
3 7
8 13
9 13
13 16
0 13
13 21
8 16
3 10
10 21
3 21
21 35
8 21
14 22
0 22
8 14
9 14
14 35
3 8
3 9
0 25
27 35
8 35
9 35
0 35
0 18
8 27
9 27
0 27
0 6
0 34
