40 234
24 34
24 31
31 33
24 33
34 35
31 35
33 35
21 24
21 35
34 37
31 37
33 37
21 37
9 34
9 31
9 33
9 21
9 24
9 35
1 34
1 31
1 33
1 21
1 9
4 31
4 24
4 35
4 37
1 4
16 34
16 31
16 33
16 21
9 16
4 16
16 37
16 24
16 35
1 16
23 33
9 23
16 23
6 35
1 6
9 12
4 12
12 24
6 12
21 26
4 26
26 37
24 26
19 31
19 33
9 19
4 19
16 19
19 24
19 35
1 19
8 19
8 35
16 27
24 27
8 27
12 39
5 19
5 35
1 5
5 29
17 37
17 24
8 17
17 35
25 31
9 25
16 25
24 25
8 25
17 25
11 26
11 27
30 33
30 37
24 30
6 30
19 30
1 30
28 31
4 28
28 37
24 28
5 28
1 28
28 30
28 29
14 37
14 24
5 14
14 17
14 27
14 28
14 35
14 15
13 14
26 36
17 36
30 36
31 38
33 38
9 38
37 38
16 38
6 38
5 38
38 39
23 38
2 16
2 24
2 26
1 2
2 30
2 38
8 22
1 22
11 22
10 31
10 33
10 21
10 37
10 16
10 24
6 10
10 17
10 27
10 22
18 19
1 18
18 23
18 22
7 18
7 25
19 32
17 32
27 32
28 32
18 32
7 32
2 32
0 32
0 7
12 18
10 18
10 25
10 15
10 36
22 25
2 22
20 34
20 31
20 33
20 21
9 20
4 20
20 37
20 24
6 20
20 39
11 20
20 38
20 22
3 37
3 24
3 26
3 27
3 23
3 38
3 29
3 20
3 36
2 3
2 20
0 20
0 38
36 38
35 36
13 36
12 14
12 28
28 35
23 30
12 30
11 30
11 25
11 35
11 15
25 29
12 25
17 29
23 29
29 35
15 29
5 15
15 39
15 23
12 15
23 39
27 39
0 27
0 8
8 23
19 26
26 35
12 26
1 26
6 23
0 16
0 4
1 37
1 24
1 35
0 1
9 37
0 9
24 37
35 37
0 37
0 21
24 35
0 35
0 33
0 24
31 34
0 31
