40 234
19 38
19 39
9 39
2 19
14 19
9 14
2 14
14 22
22 39
22 38
0 22
19 31
9 31
2 31
22 31
14 28
28 38
28 39
19 36
9 36
2 36
22 36
28 36
31 36
11 14
11 39
11 38
19 33
9 33
2 33
31 33
11 33
19 37
9 37
2 37
22 37
28 37
31 37
14 30
30 39
0 30
30 37
30 38
12 19
12 22
11 12
12 30
12 36
18 19
18 30
10 14
5 10
5 36
5 33
0 5
31 34
34 37
34 36
18 34
14 17
19 21
9 21
2 21
21 22
21 31
17 21
10 21
18 21
13 21
8 19
8 30
8 36
7 33
7 8
10 29
7 29
13 29
23 31
23 30
17 23
7 23
23 39
19 35
35 37
10 35
33 35
23 35
8 35
12 35
12 24
15 19
2 15
11 15
15 30
10 15
15 36
15 33
0 15
12 15
15 29
5 15
19 20
9 20
2 20
20 22
20 31
20 37
20 36
7 20
13 20
8 20
20 34
15 20
17 27
18 27
27 33
8 27
14 27
27 39
19 25
25 28
25 31
25 37
25 36
7 25
25 33
0 25
25 34
25 39
25 27
21 25
12 26
24 26
21 26
26 38
32 35
3 19
3 31
3 11
3 37
3 17
3 18
3 23
0 3
3 14
3 39
3 21
3 38
3 32
13 16
0 16
14 16
16 24
16 27
3 16
5 16
4 16
26 32
29 32
25 26
1 4
1 25
5 27
20 27
20 29
20 38
5 20
15 24
15 38
24 29
24 35
29 35
35 38
4 35
14 23
4 23
23 38
8 23
23 29
5 29
8 33
8 12
8 14
8 21
14 21
21 39
4 21
4 17
4 18
4 13
4 34
4 39
12 13
13 34
0 13
0 34
12 34
34 38
5 34
10 38
10 18
14 18
18 38
12 18
18 39
12 14
14 37
36 37
37 38
37 39
33 37
0 37
33 36
0 33
33 38
11 36
0 36
36 39
28 31
0 28
14 31
31 39
31 38
0 31
14 39
2 39
2 38
0 2
6 39
6 38
0 39
9 38
0 9
0 19
