40 156
13 36
21 36
13 25
21 25
36 39
25 39
31 36
25 31
13 31
21 31
7 36
7 25
7 31
7 21
21 26
13 26
25 37
31 37
26 37
13 15
15 33
12 21
7 12
17 21
12 17
0 32
7 32
8 36
8 25
8 31
8 12
8 29
2 5
27 32
27 33
2 27
6 36
6 25
6 31
6 21
6 26
1 21
1 13
3 25
3 31
3 21
1 3
26 28
7 28
28 33
0 10
1 10
10 28
10 33
24 31
1 24
24 32
16 28
13 16
16 37
9 36
9 25
0 9
9 15
8 9
9 16
9 23
23 37
8 19
19 33
19 38
20 38
26 34
1 34
12 34
13 34
20 34
6 34
2 34
5 18
13 18
4 21
4 15
4 28
4 27
4 24
2 4
4 18
3 4
6 18
9 18
18 34
20 39
11 31
1 11
11 32
11 16
11 20
11 17
10 11
3 11
24 38
8 30
30 33
30 38
30 35
35 37
2 22
22 35
29 35
6 30
17 30
19 29
19 39
9 19
9 39
16 24
14 21
7 14
14 28
13 14
14 24
10 14
3 14
14 17
10 24
3 10
3 28
3 33
1 6
6 12
6 27
6 17
27 39
2 37
5 39
5 29
29 37
29 39
8 13
8 32
32 37
17 32
13 17
12 13
12 33
15 37
7 15
7 26
26 39
7 13
7 39
31 39
21 39
13 21
0 13
