40 156
7 39
2 7
2 34
7 35
2 35
35 39
7 33
33 34
33 35
2 16
16 39
16 33
7 14
14 34
14 35
14 16
2 38
38 39
3 7
3 34
3 35
3 38
20 39
2 20
3 20
20 33
14 20
15 20
8 39
2 8
8 27
13 27
7 30
30 35
7 10
10 34
11 39
2 11
3 11
34 36
35 36
11 36
10 17
11 31
17 31
21 31
21 39
27 31
22 24
22 27
8 12
12 17
4 7
4 35
4 10
4 17
4 12
4 36
2 4
0 4
4 30
4 14
3 28
12 28
0 28
14 28
12 22
6 24
10 26
17 26
26 37
27 37
2 37
30 37
15 37
19 26
19 37
15 19
19 30
3 19
19 31
26 33
18 26
18 27
14 18
18 39
9 18
9 36
1 24
1 5
1 23
1 15
1 6
1 2
12 23
18 23
23 36
15 26
5 26
5 36
3 5
5 33
5 6
6 12
6 36
3 6
12 33
22 39
3 22
22 31
25 31
0 25
31 33
17 36
2 17
0 17
14 36
11 33
10 11
0 11
10 39
2 10
10 14
10 30
24 30
15 30
14 32
30 32
3 32
2 32
30 39
24 39
24 27
27 39
8 13
3 8
13 39
2 13
13 33
13 15
13 14
3 13
0 15
33 38
14 38
0 38
14 33
0 33
0 35
2 29
29 39
2 39
0 2
34 39
0 34
0 7
