40 390
8 14
14 34
9 34
8 33
33 34
8 32
32 34
14 32
9 32
32 33
8 13
13 34
13 32
4 8
4 34
4 32
4 14
4 9
4 33
4 13
8 28
28 34
28 32
4 28
2 14
2 9
2 33
5 8
5 34
5 32
4 5
2 5
1 14
1 9
1 33
1 5
1 13
1 28
8 15
15 34
15 32
4 15
2 15
1 15
5 15
10 32
4 10
5 10
0 10
9 10
10 14
10 33
10 13
10 15
10 28
27 32
4 27
2 27
1 27
5 27
0 27
10 27
10 22
9 22
14 22
22 33
3 5
0 3
8 29
29 34
29 32
4 29
2 29
1 29
0 29
9 38
14 38
33 38
28 38
13 38
29 38
8 26
26 34
26 32
4 26
2 26
5 26
0 26
26 38
26 29
22 26
15 26
5 25
0 25
25 29
22 25
8 16
16 34
16 32
4 16
2 16
1 16
5 16
16 38
16 29
16 22
15 16
9 16
14 16
16 33
8 18
18 34
18 32
4 18
2 18
1 18
5 18
18 38
10 18
18 22
16 18
18 25
18 33
18 27
8 30
30 34
30 32
4 30
2 30
1 30
0 30
30 38
10 30
22 30
15 30
16 30
30 33
27 30
14 30
9 30
32 36
4 36
5 36
36 38
29 36
22 36
15 36
25 36
20 33
9 20
14 20
20 36
32 37
4 37
5 37
37 38
10 37
29 37
16 37
17 32
4 17
2 17
1 17
5 17
17 38
17 29
17 22
15 17
16 17
9 17
14 17
17 33
17 37
15 35
17 35
33 35
20 35
30 35
3 35
35 37
6 8
6 34
6 32
4 6
2 6
5 6
0 6
6 38
6 10
6 29
6 15
6 25
6 17
6 27
19 32
4 19
5 19
19 38
10 19
15 19
16 19
19 25
17 19
19 20
19 30
19 26
21 34
21 32
4 21
1 21
5 21
0 21
10 21
15 21
16 21
21 25
21 33
20 21
19 21
3 21
30 39
30 31
24 31
24 37
21 24
12 18
12 14
12 24
12 36
8 23
23 32
4 23
2 23
5 23
23 38
10 23
23 29
16 23
23 25
17 23
23 27
23 30
23 31
21 23
12 23
23 28
23 36
13 23
23 26
11 33
11 20
11 19
3 11
11 37
6 11
11 28
11 36
11 13
11 26
11 14
11 23
7 33
7 27
7 19
3 7
7 37
6 7
7 28
7 24
7 13
7 18
7 9
7 23
12 28
14 24
24 26
24 35
24 39
18 24
9 31
31 36
26 31
31 39
6 31
3 31
14 31
21 39
6 39
36 39
26 39
13 39
35 39
18 39
6 21
9 21
18 21
14 21
21 36
14 19
19 37
19 28
3 19
6 19
6 26
6 13
6 35
6 9
14 35
18 35
9 35
26 35
17 27
17 28
13 17
3 17
33 37
20 37
3 37
9 37
28 37
26 37
13 37
20 27
3 20
20 26
27 36
30 36
28 36
14 36
9 36
13 30
18 30
3 18
13 18
14 18
16 28
3 16
16 25
9 25
14 25
25 33
3 25
25 26
25 28
13 25
26 33
9 26
10 29
9 29
14 29
29 33
3 29
15 29
13 29
28 29
3 22
3 28
3 13
22 28
22 27
15 22
13 22
15 27
27 33
14 27
9 27
27 28
13 27
14 15
9 15
15 33
13 15
5 14
5 9
5 33
5 28
5 13
2 28
2 13
0 28
13 28
9 28
0 13
0 33
14 33
9 33
0 14
9 14
8 9
0 9
