40 390
11 21
11 14
14 24
14 19
11 23
23 24
19 23
13 23
23 39
11 20
20 24
19 20
13 20
20 39
18 20
18 21
18 23
14 18
10 11
10 24
10 19
10 13
10 39
10 18
11 17
17 24
17 19
17 39
17 21
14 17
17 23
17 20
10 17
11 12
12 24
12 19
12 13
12 39
12 18
12 17
11 33
24 33
19 33
33 39
17 33
21 33
20 33
14 33
23 33
10 33
12 33
4 11
4 24
4 19
4 13
4 39
4 18
4 17
4 33
4 14
20 26
21 26
23 26
10 26
4 26
12 26
0 26
11 15
15 24
15 19
15 18
15 17
15 33
14 15
15 26
1 20
1 23
1 10
14 28
21 28
1 28
19 38
33 38
14 38
8 11
8 24
8 19
8 17
8 14
8 26
8 23
8 21
8 20
8 10
8 12
4 8
6 14
6 8
1 6
21 25
20 25
23 25
10 25
11 30
24 30
19 30
30 39
18 30
17 30
30 33
8 30
25 30
30 38
14 27
26 27
21 27
27 38
23 27
20 27
27 30
12 27
27 28
11 35
24 35
19 35
13 35
35 39
18 35
17 35
33 35
14 35
26 35
21 35
25 35
27 35
11 37
19 37
18 37
33 37
14 37
8 37
1 37
4 37
21 31
25 31
4 31
20 31
23 31
9 24
9 19
9 17
9 33
9 14
9 26
9 21
9 25
9 31
9 37
9 23
7 21
7 38
4 7
6 7
7 23
11 32
24 32
19 32
32 39
17 32
32 33
14 32
21 32
25 32
32 38
4 32
32 37
7 32
11 16
16 19
16 18
16 33
14 16
8 16
16 21
4 16
16 31
16 27
16 23
16 32
11 36
19 36
17 36
33 36
14 36
8 36
21 36
36 38
31 36
6 36
7 36
16 36
5 19
5 17
5 14
5 26
5 21
5 38
4 5
5 27
5 7
5 16
5 10
5 28
5 35
0 5
11 34
19 34
18 34
17 34
14 34
8 34
21 34
4 34
31 34
27 34
34 37
7 34
5 34
0 34
10 34
9 34
32 34
3 11
3 19
3 18
3 33
3 14
3 26
1 3
3 25
3 31
3 6
3 23
3 7
3 5
3 36
3 34
2 23
2 16
2 15
2 35
2 36
2 34
2 3
2 9
19 29
17 29
14 29
8 29
1 29
29 38
27 29
29 37
23 29
16 29
0 29
29 35
29 36
12 29
2 29
29 30
28 29
1 22
22 38
4 22
22 27
22 37
16 22
0 22
22 35
22 36
12 22
22 32
20 22
22 29
3 22
2 32
3 20
3 30
3 28
30 34
5 20
5 36
35 36
20 36
10 36
16 20
16 30
12 16
15 32
0 32
12 32
28 32
9 32
7 35
7 10
7 9
7 15
9 15
9 35
9 20
9 30
9 28
15 31
6 31
10 31
31 37
6 37
35 37
20 37
23 37
0 37
12 37
15 35
30 35
28 35
15 27
6 30
23 30
15 30
10 30
20 30
25 38
6 25
12 25
0 25
6 20
6 23
0 6
6 12
6 28
6 10
8 38
21 38
23 38
20 38
10 38
28 38
23 28
0 28
10 28
12 28
1 12
1 4
1 15
4 15
15 23
12 15
0 15
10 15
4 21
4 20
4 23
4 10
0 4
12 14
12 21
0 12
10 12
12 20
10 14
10 21
0 10
10 20
14 20
20 21
20 23
14 39
21 39
14 23
21 23
13 14
13 21
14 21
21 24
19 24
19 21
0 21
11 19
0 19
