40 234
35 36
11 36
2 21
21 36
3 35
3 11
3 21
27 35
11 27
21 27
2 27
27 36
23 35
11 23
21 23
23 27
2 30
30 36
3 30
24 35
11 24
21 24
24 27
24 30
11 39
27 39
36 39
2 39
24 39
23 39
3 39
37 39
1 39
1 2
1 36
1 23
1 3
1 24
1 37
27 28
1 28
2 20
20 36
11 38
27 38
30 38
1 38
20 38
6 36
12 20
6 12
12 16
9 20
9 16
9 38
26 35
11 26
21 26
26 27
26 30
26 39
20 26
6 26
11 13
13 21
13 30
1 13
2 13
4 36
30 34
33 35
11 33
21 33
27 33
30 33
33 36
2 33
3 33
23 33
33 34
8 39
8 33
2 8
8 16
8 38
8 26
18 35
11 18
18 39
18 33
2 18
6 18
16 18
9 18
10 38
10 29
10 18
10 12
0 10
10 34
10 37
11 15
15 27
15 39
15 33
2 15
6 15
13 15
9 15
27 32
1 32
32 33
6 32
13 32
26 32
28 32
24 32
3 32
15 32
23 32
2 5
4 5
5 13
5 29
5 32
17 18
17 36
12 17
25 35
21 25
25 30
1 25
2 25
4 25
25 38
25 29
17 25
23 25
25 28
5 25
25 37
25 36
7 17
0 7
0 22
7 22
22 24
5 22
5 7
7 37
7 36
5 17
3 5
15 23
10 15
15 34
8 15
18 19
19 23
19 28
19 34
28 31
8 31
14 18
14 23
3 14
14 34
14 31
14 36
19 31
15 19
8 18
18 34
8 23
3 8
8 24
24 33
16 33
2 34
4 34
13 34
26 34
12 34
4 23
4 13
13 36
3 13
13 24
13 26
26 36
26 29
9 26
26 37
9 28
9 23
9 24
9 12
12 28
12 37
3 12
3 6
6 38
16 38
23 38
36 38
37 38
20 37
20 28
2 28
16 28
24 28
2 37
29 37
24 37
16 39
2 24
16 24
0 24
23 30
16 30
2 23
3 27
16 27
2 3
3 29
3 36
2 36
16 36
0 36
2 35
2 11
11 16
16 29
0 29
