40 312
2 14
14 33
17 33
11 17
2 11
11 33
14 24
17 24
11 24
14 29
17 29
11 29
2 29
29 33
24 29
14 27
17 27
11 27
27 29
2 18
18 33
18 24
18 27
9 14
9 17
9 11
9 29
9 18
2 34
33 34
24 34
9 34
27 34
14 31
17 31
11 31
29 31
18 31
31 34
2 37
33 37
24 37
14 21
17 21
11 21
21 29
18 21
21 34
21 37
29 32
32 37
2 32
32 33
24 32
21 32
32 39
31 32
27 32
17 30
30 32
2 10
10 33
10 24
7 11
7 32
7 10
2 7
7 33
7 24
17 19
11 19
19 29
19 32
7 19
19 30
2 19
19 33
17 23
11 23
23 29
18 23
10 23
19 23
6 17
6 11
6 29
6 32
6 7
6 30
6 19
2 6
6 33
6 39
12 17
12 34
7 12
12 30
6 12
12 27
2 36
11 13
13 29
7 13
13 30
13 39
19 38
2 38
33 38
6 16
16 38
16 36
6 28
27 28
2 28
2 3
3 28
22 39
22 38
22 27
22 23
22 25
1 10
1 19
1 39
1 38
1 36
1 28
1 12
1 13
8 39
8 38
2 8
8 28
8 25
1 8
26 29
26 34
26 32
26 30
26 39
26 27
2 26
23 26
25 26
24 26
15 29
15 37
15 32
15 30
15 19
15 38
15 36
15 28
12 15
13 15
15 26
15 16
15 33
9 15
0 15
5 29
5 37
5 10
5 7
5 6
5 38
2 5
5 28
5 12
5 24
5 26
5 16
5 33
5 15
4 23
4 24
4 22
10 35
7 35
6 35
27 35
2 35
23 35
13 35
1 35
26 35
0 35
17 20
11 20
20 29
20 34
10 20
20 30
19 20
20 27
2 20
20 36
20 25
20 24
20 22
20 35
3 20
4 20
20 21
20 31
4 35
31 35
3 35
4 5
4 8
0 4
5 31
8 26
0 26
26 31
8 33
3 8
8 31
8 21
1 9
1 22
0 1
1 3
9 22
16 22
22 33
21 22
13 25
9 25
3 25
16 25
3 16
0 3
3 9
13 28
12 28
28 31
16 28
13 16
16 33
16 21
13 38
0 38
9 38
13 36
13 31
13 21
13 24
12 36
23 36
0 36
24 36
12 23
12 33
12 21
12 24
0 12
6 23
6 9
6 24
23 27
2 23
9 23
23 33
21 23
19 24
19 39
19 31
19 21
7 21
7 31
7 9
7 30
9 10
10 30
10 31
10 39
10 27
2 30
30 33
24 30
27 30
21 30
9 32
21 27
2 21
21 31
9 21
9 37
27 37
31 37
31 39
2 31
24 31
9 27
9 33
0 9
27 39
2 27
27 33
29 39
24 39
2 24
24 33
11 39
33 39
2 33
2 17
2 39
0 2
17 39
0 39
