40 156
1 12
1 21
10 12
1 18
10 18
1 2
2 10
2 12
1 19
10 19
2 19
11 19
2 22
12 22
6 22
2 31
12 31
21 31
6 31
10 27
2 27
11 27
27 31
6 34
12 34
21 34
34 37
18 37
2 17
17 22
17 31
17 18
17 39
2 25
22 25
25 34
25 27
16 25
25 39
10 15
12 20
15 20
16 20
19 20
6 15
15 34
15 21
4 6
4 27
4 16
1 30
10 30
2 30
22 30
6 30
18 30
21 30
12 36
8 36
8 27
8 17
8 30
4 8
4 5
5 12
5 37
5 8
22 38
31 38
6 38
28 38
18 28
27 28
21 28
23 33
12 29
29 33
25 33
31 35
34 35
16 35
35 39
9 18
9 14
14 27
14 21
14 39
14 37
14 19
7 14
0 14
7 35
7 32
32 35
0 32
15 32
7 12
33 35
6 26
18 26
16 26
21 26
24 31
18 24
21 24
24 30
3 24
13 17
13 39
13 25
13 15
13 38
13 24
15 24
19 24
3 26
26 35
12 26
8 26
12 33
19 33
23 38
30 38
25 38
0 38
8 38
19 30
4 30
4 15
4 37
15 25
0 39
17 21
17 37
12 17
0 37
19 37
27 34
19 27
16 27
18 31
6 19
6 16
21 22
18 22
19 22
16 19
2 21
2 18
11 18
12 18
10 21
11 21
11 12
11 16
0 16
