40 390
7 25
7 23
25 27
23 27
25 37
23 37
7 37
27 37
25 30
23 30
30 37
25 29
23 29
29 37
27 29
7 29
29 30
0 29
13 25
13 23
13 37
13 29
31 37
29 31
27 31
7 31
30 31
0 31
13 31
18 25
18 23
18 37
18 29
18 31
4 37
4 29
4 7
4 27
4 30
0 4
11 25
11 23
11 37
11 29
11 31
4 11
20 25
20 23
20 37
20 29
20 31
4 20
20 30
20 27
7 20
0 20
13 20
11 20
18 20
21 25
21 23
21 37
21 29
21 31
4 21
20 21
21 27
21 30
7 21
0 21
13 21
11 21
18 21
25 35
23 35
35 37
29 35
31 35
4 35
20 35
21 35
30 35
18 35
14 37
14 29
14 20
14 21
14 30
14 27
7 14
0 14
13 14
11 14
19 25
19 23
19 37
19 29
19 31
4 19
19 20
19 21
19 30
18 19
14 19
0 19
32 37
29 32
30 32
18 32
0 32
27 32
7 32
13 32
11 32
32 35
12 25
12 23
12 37
12 29
12 31
4 12
12 20
12 21
12 30
12 18
12 14
0 12
12 32
25 28
28 37
28 29
20 28
28 30
18 28
14 28
0 28
7 28
27 28
13 28
11 28
19 28
12 28
8 25
8 37
8 29
8 31
8 20
8 21
8 30
8 18
8 14
8 28
8 27
15 37
15 29
15 30
15 18
0 15
2 25
2 23
2 37
2 29
2 31
2 20
2 30
2 18
0 2
2 32
2 7
2 27
2 11
2 13
17 21
17 30
0 17
2 17
30 33
0 33
7 33
27 33
13 33
11 33
3 37
3 30
0 3
2 3
3 33
3 27
5 27
5 19
5 7
24 30
24 32
24 27
15 24
5 24
0 26
26 28
26 27
15 26
3 26
7 26
37 38
30 38
0 38
28 38
27 38
19 38
12 38
26 38
7 38
1 25
1 37
1 29
1 31
1 4
1 21
1 30
1 18
1 14
1 2
1 33
1 27
1 5
1 13
10 37
10 30
0 10
2 10
10 27
10 15
5 10
10 26
7 10
30 39
0 39
27 39
19 39
5 39
10 39
7 39
25 34
23 34
34 37
29 34
4 34
21 34
30 34
18 34
14 34
28 34
27 34
12 34
3 34
13 34
34 39
7 34
17 34
34 35
6 27
6 15
5 6
6 13
6 7
1 6
6 24
6 35
6 11
6 34
22 25
22 37
22 29
22 31
20 22
21 22
22 30
18 22
0 22
22 32
22 27
15 22
12 22
13 22
22 39
3 16
10 16
16 39
1 16
33 36
19 36
3 36
26 36
36 39
16 36
24 36
11 36
36 38
22 36
16 17
16 22
16 35
9 37
9 21
9 30
9 18
9 14
9 32
9 33
9 19
3 9
9 10
7 9
1 9
8 9
9 11
9 38
9 22
8 22
22 34
35 39
10 11
1 10
1 24
1 38
8 38
11 38
17 26
8 26
24 26
7 24
17 24
8 24
5 35
3 5
3 7
3 13
33 35
17 33
12 17
13 17
7 17
11 17
17 35
2 35
2 15
15 27
15 19
7 15
15 35
8 15
8 12
7 8
8 35
12 27
12 19
7 12
12 13
11 12
19 32
19 27
7 19
11 19
14 35
0 35
13 35
11 30
11 18
0 11
11 27
7 11
4 18
4 13
18 30
7 18
18 27
0 18
13 18
13 30
0 13
13 27
7 13
7 30
27 30
0 30
0 37
0 27
7 27
0 23
0 7
0 25