40 390
12 17
17 25
1 25
17 22
22 25
12 22
17 18
1 18
18 22
11 25
11 12
11 18
17 34
1 34
22 34
11 34
7 17
1 7
7 22
7 12
7 25
7 18
7 34
10 17
1 10
10 22
10 11
7 10
4 25
4 12
4 18
4 34
17 38
1 38
22 38
11 38
7 38
4 38
25 36
12 36
34 36
18 36
10 36
36 38
9 17
1 9
9 22
9 11
7 9
4 9
9 36
7 13
13 25
12 13
13 34
13 18
10 13
13 38
9 13
2 17
1 2
2 22
2 11
2 7
2 13
26 38
12 26
25 26
26 34
18 26
10 26
9 26
17 24
1 24
7 24
13 24
24 26
19 25
12 19
18 19
19 34
10 19
9 19
0 19
21 38
19 21
8 22
7 8
8 26
17 30
1 30
22 30
7 30
30 38
20 38
20 25
12 20
18 20
20 34
10 20
15 17
1 15
15 22
11 15
7 15
4 15
15 36
13 15
15 26
15 20
8 15
5 17
1 5
5 22
5 11
5 7
5 13
5 38
5 20
5 8
5 25
5 12
5 34
5 18
17 23
1 23
22 23
11 23
7 23
4 23
23 36
13 23
23 38
20 23
5 23
15 23
3 38
3 26
3 30
6 17
1 6
6 22
6 11
6 7
4 6
6 36
6 13
6 38
6 20
6 8
6 25
6 12
6 34
6 18
26 37
30 37
5 37
6 37
10 37
25 37
12 37
27 30
5 27
3 27
27 37
12 27
14 38
14 20
14 30
14 15
10 14
14 37
14 27
14 21
28 38
20 28
8 28
6 28
10 28
17 31
22 31
7 31
13 31
31 38
26 31
8 31
5 31
15 31
3 31
25 31
12 31
22 32
13 32
26 32
20 32
30 32
15 32
10 32
31 32
32 37
28 32
0 32
14 32
17 29
1 29
7 29
13 29
29 38
20 29
5 29
15 29
10 29
29 37
27 29
21 29
0 29
29 32
25 29
38 39
30 39
5 39
6 39
15 39
31 39
25 35
12 35
18 35
28 35
35 39
34 35
16 17
1 16
16 22
7 16
16 26
16 20
8 16
15 16
10 16
3 16
16 35
16 27
16 28
16 32
16 25
16 34
9 16
16 29
16 23
33 35
27 33
28 33
14 33
12 33
33 34
18 33
9 33
16 33
24 33
24 35
0 35
21 39
28 39
14 39
12 39
18 39
34 39
2 39
29 39
9 39
9 29
2 29
23 29
9 32
18 32
25 32
23 32
28 31
0 31
9 31
23 31
21 31
2 31
23 28
18 28
14 28
9 28
24 28
12 14
14 34
2 14
14 24
25 27
9 27
21 27
27 34
24 27
34 37
18 37
21 37
23 37
2 37
6 24
0 6
6 9
3 6
6 21
6 10
3 25
3 12
0 3
2 3
3 9
3 23
3 18
3 34
3 24
0 23
23 25
23 34
18 23
2 23
5 10
5 9
5 15
12 15
15 25
15 18
15 34
2 15
20 30
25 30
12 30
18 30
30 34
10 30
8 30
9 30
0 30
8 25
8 12
8 34
8 18
8 10
2 8
8 24
8 21
10 21
2 21
12 21
21 25
0 21
9 21
19 24
2 19
10 24
24 25
24 34
18 24
9 24
2 24
2 26
0 2
2 12
2 18
0 13
9 38
9 25
25 38
12 38
34 38
18 38
10 38
0 38
4 10
10 12
10 25
10 34
10 18
0 34
12 34
0 18
12 18
0 22
0 25
12 25
1 12
0 1
0 12
0 17
