40 390
11 23
11 35
23 35
11 39
35 39
20 35
20 23
7 11
7 35
7 20
35 38
20 38
23 38
38 39
7 38
10 11
10 35
10 20
10 38
11 15
15 35
15 20
15 38
15 23
7 15
15 39
10 15
11 32
32 35
20 32
32 38
15 32
23 32
12 35
12 20
12 38
12 15
12 23
7 12
12 39
10 12
12 32
8 11
8 35
8 20
8 38
8 15
8 23
8 12
19 35
19 20
15 19
19 23
19 39
7 19
10 19
19 32
0 19
11 14
14 35
14 20
14 38
14 15
14 23
12 14
14 19
5 7
5 39
5 10
5 32
5 8
0 5
5 14
26 35
20 26
26 38
15 26
23 26
12 26
19 26
5 26
8 26
0 26
1 35
1 23
1 19
29 35
29 38
15 29
23 29
8 29
29 39
7 29
10 29
29 32
0 29
14 29
28 35
28 38
15 28
23 28
19 28
28 29
26 28
28 39
7 28
10 28
14 28
18 23
9 35
9 23
8 9
9 29
7 9
9 39
9 10
9 32
9 14
0 9
4 38
4 23
4 12
4 9
1 4
3 35
3 20
3 38
3 15
3 23
3 12
3 19
3 5
3 8
0 3
3 26
3 28
3 7
3 39
3 10
35 36
36 38
15 36
23 36
19 36
9 36
1 36
3 36
23 27
8 27
0 27
27 28
7 27
27 39
10 27
23 33
2 35
2 15
2 23
2 29
0 2
2 39
2 7
2 10
15 25
23 25
5 25
9 25
0 25
2 25
11 22
22 35
20 22
22 38
15 22
22 23
12 22
19 22
8 22
22 29
1 22
22 28
7 22
22 39
10 22
11 21
21 35
20 21
21 38
15 21
21 23
12 21
19 21
8 21
9 21
21 26
2 21
21 22
15 17
17 23
12 17
17 29
17 26
2 17
3 17
17 39
7 17
10 17
14 17
1 6
6 28
3 6
6 17
4 6
6 10
23 24
24 29
24 26
3 24
24 27
24 25
24 32
10 24
24 39
16 35
15 16
16 23
8 16
1 16
2 16
16 27
16 17
16 32
7 16
16 24
16 39
16 21
14 16
13 35
13 15
13 23
0 13
1 13
2 13
13 27
13 33
13 32
10 13
13 24
13 39
35 37
37 38
15 37
23 37
8 37
0 37
1 37
28 37
22 37
25 37
4 37
7 37
24 37
21 37
18 37
36 37
13 37
14 37
13 16
32 34
7 34
23 30
9 30
26 30
2 30
22 30
30 33
30 32
7 30
31 35
20 31
31 38
15 31
23 31
0 31
26 31
2 31
22 31
31 33
4 31
7 31
30 31
31 39
21 31
31 34
6 31
18 31
30 34
30 39
21 30
18 30
14 30
34 39
14 34
13 34
6 34
13 18
6 16
6 24
24 36
6 39
6 36
17 33
4 17
17 21
4 21
10 21
21 36
18 21
4 22
14 22
22 25
25 33
7 25
25 39
18 25
10 25
14 25
25 32
2 33
27 33
33 39
7 33
33 36
32 33
27 36
27 32
18 27
4 36
7 36
14 36
18 36
3 18
3 14
3 4
4 39
4 7
4 18
9 18
18 28
10 18
28 32
1 29
1 7
1 39
1 10
1 32
1 26
7 26
26 39
10 26
26 32
8 14
7 14
10 14
8 19
7 8
8 39
8 10
8 32
0 8
0 12
0 32
32 39
7 32
0 15
10 23
0 10
7 10
10 39
0 38
7 23
0 7
7 39
20 39
0 20
23 39
0 39
0 35
0 23
0 11