40 234
7 36
28 36
28 33
7 27
27 28
20 33
20 27
20 36
7 15
15 28
15 20
7 10
10 28
10 20
10 33
10 27
10 36
10 15
7 23
20 23
10 23
20 26
10 26
26 27
26 36
26 33
15 26
20 32
26 32
15 32
17 36
17 27
17 33
17 23
14 17
14 32
14 27
2 26
2 32
26 35
15 35
6 7
6 20
6 17
6 18
6 35
17 21
21 32
21 35
7 29
20 29
10 29
26 29
0 29
29 32
27 29
21 29
9 33
4 20
4 10
4 15
4 32
4 35
4 21
4 9
9 38
38 39
34 39
29 39
7 22
10 22
22 26
18 22
22 35
22 27
9 22
22 34
22 39
22 36
3 18
3 27
2 3
9 13
13 37
13 39
13 36
3 13
4 13
6 13
13 22
7 16
16 28
16 20
10 16
16 26
15 16
16 18
16 27
16 33
16 37
14 16
5 33
5 38
5 34
7 24
20 24
10 24
24 26
15 24
24 32
24 35
21 24
2 24
6 30
30 36
7 31
10 31
0 31
15 31
27 31
21 31
9 31
30 31
31 39
24 31
6 31
4 31
23 31
20 25
10 25
15 25
25 32
25 27
21 25
2 25
25 37
25 34
25 31
11 33
11 38
11 14
11 36
11 24
2 12
12 30
12 14
12 36
11 12
8 35
8 27
8 33
8 38
8 34
5 8
3 8
8 16
8 12
8 23
12 29
12 24
11 25
11 29
1 14
1 36
1 16
1 23
1 6
1 25
6 25
4 25
24 30
30 34
5 24
16 24
22 24
5 29
3 5
5 16
16 22
29 37
23 37
3 37
3 39
3 4
3 22
23 39
36 38
14 38
4 38
4 34
4 29
6 9
9 29
23 29
6 21
2 21
21 34
21 33
6 14
6 23
18 35
18 33
18 34
18 27
23 35
2 35
35 36
2 36
2 14
2 33
2 34
14 33
14 36
17 34
32 34
27 32
32 36
32 33
23 26
15 23
23 27
23 33
0 15
19 36
19 33
19 27
15 19
15 33
15 27
15 36
0 27
0 36
7 33
0 33
