40 312
9 30
15 30
9 15
9 12
12 15
12 29
8 30
8 9
8 12
0 8
9 24
12 24
0 24
24 29
15 24
8 24
30 33
9 33
12 33
0 33
24 33
15 19
19 29
8 19
13 30
9 13
12 13
0 13
13 24
13 19
9 38
29 38
15 38
8 38
13 38
33 38
7 30
7 9
7 12
0 7
7 24
7 38
9 10
10 15
10 29
8 10
10 13
10 33
17 30
9 17
12 17
0 17
17 24
17 38
10 17
1 29
1 15
1 8
1 13
1 33
9 16
1 16
30 37
9 37
12 37
0 37
24 37
19 37
37 38
10 37
28 30
9 28
12 28
24 28
10 28
28 29
15 28
8 28
28 33
2 30
2 9
2 12
0 2
2 24
2 19
2 38
2 28
2 37
15 22
22 29
26 30
9 26
12 26
0 26
24 26
26 38
10 26
1 26
26 28
22 26
17 26
3 9
3 10
3 37
3 22
3 17
17 35
17 18
18 35
9 23
23 33
23 29
21 30
9 21
12 21
0 21
21 24
19 21
21 38
21 28
21 37
21 33
21 29
21 23
16 21
18 21
9 11
11 24
11 37
2 11
11 29
11 23
11 16
9 27
12 27
24 27
27 38
10 27
4 15
4 29
4 8
6 9
4 6
6 37
6 33
6 29
6 35
6 23
6 27
6 8
9 31
10 31
31 33
2 31
17 31
31 35
5 9
2 5
5 29
5 35
5 16
29 36
35 36
5 36
18 36
11 36
6 36
9 34
4 34
28 34
22 34
17 34
3 34
16 34
5 34
31 34
15 34
21 34
34 36
9 14
14 22
2 14
3 14
14 23
14 27
8 14
14 15
14 34
14 26
13 14
23 32
18 32
11 32
15 32
21 32
14 32
20 33
20 22
17 20
20 23
16 20
20 27
8 20
20 31
20 21
20 26
20 36
20 32
32 36
26 34
30 39
9 39
12 39
24 39
38 39
4 39
28 39
22 39
2 39
3 39
23 39
27 39
8 39
6 39
7 39
36 39
13 39
25 29
25 35
5 25
18 25
11 25
6 25
7 25
25 26
25 39
13 25
5 15
5 26
5 31
5 13
27 31
11 31
26 31
6 31
21 31
6 7
4 7
4 27
27 28
2 27
27 29
3 27
16 27
11 27
26 27
11 21
11 15
7 21
7 23
18 23
8 18
15 18
7 18
16 35
3 35
13 35
3 15
3 7
3 8
3 26
15 26
2 22
8 22
2 29
2 15
2 16
2 7
13 28
28 37
17 28
29 37
15 37
8 37
13 37
16 37
33 37
16 17
13 16
8 16
1 17
17 33
15 17
8 17
7 10
7 33
7 29
7 8
7 13
13 33
13 29
8 13
13 15
19 33
29 33
15 33
8 33
0 15
15 29
9 29
29 30
0 29
