40 234
13 34
10 34
10 23
4 13
4 10
10 38
4 38
23 38
34 38
9 13
9 10
9 38
30 34
4 30
23 30
9 30
13 27
10 27
27 38
27 30
4 7
7 34
7 23
7 27
4 37
23 37
34 37
27 37
9 37
8 37
26 38
4 26
8 26
9 26
13 28
10 28
28 38
26 28
9 39
4 39
5 13
5 10
5 38
13 25
10 25
25 38
25 30
13 20
10 20
20 38
20 34
4 20
20 23
20 35
11 20
11 36
21 33
18 38
18 25
18 26
18 21
18 28
18 35
13 15
10 15
15 38
15 30
15 25
15 26
15 39
15 18
10 16
16 26
16 33
16 18
8 16
5 16
1 30
1 36
1 39
1 18
1 16
5 17
3 26
3 18
3 8
3 17
3 21
3 35
13 14
10 14
14 20
14 25
14 33
20 31
25 31
31 33
9 31
11 31
4 31
24 33
24 31
32 39
8 32
21 32
22 25
22 26
22 39
22 31
22 32
29 33
8 29
29 32
29 35
15 29
9 29
22 29
27 29
28 29
23 29
22 27
11 22
22 28
9 22
5 22
4 22
24 32
32 34
27 32
28 32
4 32
12 20
12 36
12 26
12 18
8 12
11 12
12 35
12 14
12 24
13 19
10 19
19 38
19 25
19 26
18 19
8 19
12 19
19 27
19 23
19 24
15 19
19 34
4 19
12 21
4 12
24 35
11 24
5 24
2 24
2 28
2 5
6 24
2 6
5 6
6 34
14 31
5 31
8 31
27 31
14 16
14 21
14 23
14 15
3 14
4 14
14 34
3 9
3 15
3 34
1 17
17 34
1 27
1 23
1 28
1 9
1 15
1 4
16 23
11 16
15 16
9 16
15 21
15 35
21 23
21 28
21 35
33 34
33 35
11 33
23 33
11 27
4 11
9 11
11 34
35 36
23 36
34 36
34 35
4 35
9 20
20 27
20 25
25 34
23 25
4 25
5 25
25 27
5 39
5 27
5 23
27 39
8 39
28 39
23 28
9 28
8 34
8 23
9 27
0 9
0 4
0 34
13 23
0 23
