40 312
10 13
10 39
13 39
10 24
24 39
13 38
10 21
21 39
21 38
13 16
10 28
28 39
28 38
16 28
13 28
23 28
23 24
21 23
10 30
30 39
30 38
16 30
13 30
23 30
13 20
20 28
20 24
20 21
20 30
10 31
31 39
31 38
16 31
13 31
12 28
12 21
12 24
12 31
10 27
27 39
27 38
16 27
13 27
23 27
12 27
20 27
0 27
21 27
1 10
1 13
1 21
1 24
1 28
1 30
1 31
1 27
10 26
26 39
26 38
16 26
13 26
23 26
12 26
20 26
0 26
21 26
1 26
4 13
4 21
9 10
9 39
9 38
9 16
9 13
9 23
9 12
9 20
0 9
9 21
9 24
9 28
9 31
10 32
32 39
32 38
16 32
13 32
21 32
9 32
19 32
7 10
7 16
7 13
7 20
7 9
7 19
7 24
10 17
17 38
13 17
0 17
10 14
14 39
14 38
14 16
13 14
14 21
1 14
14 28
14 17
14 24
10 36
36 39
13 36
20 36
9 36
14 36
3 24
3 17
3 28
3 36
3 27
10 29
29 39
29 38
16 29
13 29
21 29
1 29
19 29
3 29
13 37
0 37
9 37
14 37
6 37
5 32
5 28
1 15
15 19
7 15
5 15
11 13
0 11
1 11
11 14
7 11
6 11
11 15
4 11
21 22
14 22
7 22
8 22
10 18
13 18
18 20
18 21
9 18
14 18
3 18
8 18
18 28
18 22
2 9
2 14
2 3
2 6
2 18
2 4
3 33
5 33
15 33
18 33
22 33
31 33
10 35
35 39
35 38
16 35
13 35
23 35
12 35
20 35
0 35
21 35
1 35
14 35
6 35
5 35
28 35
4 35
33 35
30 35
31 35
9 34
19 34
7 34
6 34
15 34
17 34
29 34
11 34
34 37
34 36
34 35
26 34
32 35
24 35
32 33
26 33
2 33
2 30
2 37
2 36
7 25
5 25
18 25
25 29
22 25
25 27
25 31
25 32
25 26
2 25
2 26
17 18
18 36
18 37
4 8
8 17
17 22
22 29
22 36
11 22
22 37
11 27
11 37
11 30
11 32
15 30
15 37
15 29
15 32
15 31
5 24
5 37
32 37
26 37
4 6
6 29
6 26
6 30
6 27
4 29
29 32
27 29
29 30
3 30
28 36
4 36
27 36
31 36
24 36
14 31
7 17
4 17
17 26
17 31
17 30
17 24
7 32
7 31
7 26
24 32
4 9
9 30
4 19
4 28
4 27
19 28
19 30
19 26
19 27
26 28
26 30
27 28
24 27
27 31
20 31
0 31
21 31
28 31
24 31
0 20
0 30
21 30
24 30
0 28
21 28
24 28
16 21
16 24
13 21
0 21
21 24
24 38
13 24
0 24
0 39
0 13
0 10
