40 156
2 33
2 30
30 33
4 33
2 32
32 33
4 32
2 15
15 33
4 15
11 15
33 35
7 35
32 35
30 35
33 37
4 37
35 37
0 37
13 33
9 13
33 34
34 35
13 34
29 34
15 29
0 21
21 29
21 34
22 34
28 34
8 13
8 29
16 24
16 22
5 33
9 27
27 29
27 37
1 33
1 35
1 9
1 27
1 32
1 28
1 15
20 30
0 38
29 38
24 38
28 38
37 38
0 6
6 27
6 32
6 38
26 32
26 36
14 26
6 26
19 24
19 36
15 19
6 19
19 26
19 37
7 26
6 14
14 37
8 14
31 33
31 35
9 31
3 33
3 18
3 32
3 30
3 5
3 16
3 31
25 39
12 33
4 12
11 12
12 35
9 12
12 18
12 24
12 28
12 20
10 33
4 10
10 13
10 27
10 32
10 30
5 10
5 17
10 17
8 17
17 37
8 10
10 12
12 39
20 23
16 23
8 23
12 23
3 25
18 31
18 32
31 34
22 31
20 31
6 31
7 31
7 38
20 38
1 20
1 37
1 21
5 27
7 27
5 32
5 30
5 16
16 21
24 30
8 24
8 36
28 36
22 28
15 22
21 22
15 21
7 21
34 37
15 34
7 13
13 15
13 30
9 32
9 37
9 30
15 35
0 15
7 15
11 32
11 30
0 32
4 30
4 7
0 30
7 30
7 33
0 7
