40 234
12 25
7 12
19 25
7 19
12 17
0 17
11 25
7 11
11 17
12 28
0 28
11 28
19 28
23 25
7 23
17 23
23 28
12 26
11 26
0 26
19 26
14 25
7 14
14 26
12 37
19 37
0 37
11 37
14 37
23 37
33 37
7 20
20 26
12 21
11 21
0 21
19 21
21 23
13 21
12 34
11 34
19 34
0 34
4 34
4 20
4 12
4 19
4 33
10 33
10 23
16 37
16 34
12 16
0 16
16 19
10 16
5 33
4 5
25 32
7 32
32 37
12 29
11 29
19 29
0 29
22 25
7 22
22 28
22 26
22 34
22 29
7 15
15 26
15 37
15 20
12 15
18 21
15 18
12 18
2 39
0 39
11 39
10 39
21 24
15 24
12 24
0 24
11 24
3 12
0 3
3 19
3 36
3 32
3 22
3 23
15 35
0 35
11 35
33 35
3 35
24 35
23 35
32 38
11 31
10 31
31 32
31 39
16 31
6 25
6 7
6 26
6 20
6 15
2 6
6 19
4 6
6 32
6 31
6 23
6 13
1 25
1 7
1 17
1 26
1 21
1 34
1 12
0 1
1 19
1 4
1 3
1 24
1 18
1 6
1 13
1 16
6 16
31 38
18 31
35 38
38 39
7 27
20 27
15 27
0 27
11 27
10 27
3 27
24 27
27 35
27 39
22 27
27 38
14 38
14 35
22 36
13 36
24 36
9 24
23 24
22 24
9 14
9 13
9 39
18 39
22 39
0 2
2 33
2 18
2 22
2 19
2 14
18 33
4 18
5 18
7 30
26 30
21 30
20 30
15 30
0 30
11 30
4 30
30 32
5 30
18 30
14 30
22 30
8 23
8 30
8 16
8 13
16 18
15 23
15 19
15 22
11 22
14 22
29 32
12 32
19 32
32 33
4 32
5 32
5 16
5 13
5 14
4 10
10 14
13 34
14 34
12 13
13 19
13 33
13 23
14 21
20 21
12 20
0 20
20 33
11 20
20 23
19 20
12 33
14 33
12 14
23 26
19 23
11 23
11 12
0 11
17 19
0 7
0 25
