40 156
32 39
12 27
12 32
12 35
5 35
14 32
14 27
31 39
12 31
14 31
4 27
8 12
5 8
8 26
26 32
26 27
12 18
18 26
12 30
5 30
14 30
26 30
8 30
5 6
6 26
6 30
30 38
22 29
29 35
5 17
4 17
17 22
17 29
24 39
12 24
5 24
24 26
24 30
24 29
19 24
17 34
0 9
9 34
6 9
9 27
8 9
1 24
1 9
0 33
33 36
32 36
30 37
37 38
19 37
7 21
21 29
3 21
21 31
13 19
13 34
13 32
13 21
13 16
10 13
20 24
10 20
20 33
2 6
2 23
2 18
14 25
4 25
25 30
25 38
2 25
15 19
15 31
15 35
15 25
15 23
15 18
24 25
17 25
1 25
25 33
2 8
2 32
23 37
20 23
16 23
21 23
8 10
5 11
11 26
7 11
11 38
0 11
11 31
11 18
11 27
11 21
10 11
17 21
3 31
3 27
3 16
3 8
3 37
32 37
33 37
18 37
1 33
24 34
17 24
19 35
17 19
16 17
27 29
16 29
18 29
22 32
22 38
31 38
0 38
6 38
6 31
6 32
6 8
6 28
18 28
8 28
28 35
30 31
18 30
18 27
4 8
0 8
4 16
4 32
4 31
4 35
27 31
14 35
7 35
32 35
27 35
16 35
5 32
0 32
27 39
5 27
7 27
5 16
7 16
0 16
0 7
