40 312
17 38
11 17
11 38
3 17
3 11
11 21
21 38
3 21
10 17
10 11
10 21
11 31
21 31
31 38
3 31
10 31
11 25
21 25
25 31
19 38
3 19
10 19
19 25
17 23
11 23
21 23
23 31
19 23
23 25
17 30
11 30
21 30
30 31
19 30
25 30
30 38
10 30
3 30
11 22
21 22
22 31
22 25
22 30
7 38
7 10
3 7
7 24
18 24
36 38
36 39
27 36
24 27
10 27
26 38
11 35
21 35
31 35
25 35
30 35
18 35
26 35
14 35
23 35
22 35
3 35
10 35
16 25
16 18
16 36
14 16
9 11
9 21
9 31
9 19
9 30
9 18
9 26
9 14
5 17
5 11
5 21
5 31
5 19
5 25
5 30
34 38
3 34
10 34
18 34
0 34
6 25
6 34
6 26
6 24
6 23
11 15
15 25
15 30
15 18
15 36
15 27
15 23
15 22
6 15
2 15
11 12
12 19
7 12
12 18
12 26
12 14
9 12
12 15
2 12
8 17
8 11
8 21
8 31
8 19
8 25
8 30
7 8
8 26
8 24
8 9
30 32
18 32
14 32
24 32
9 32
10 32
32 38
1 17
1 11
1 21
1 31
1 19
1 25
1 30
1 7
1 14
1 27
1 32
1 15
1 2
14 37
27 37
24 37
32 37
2 37
23 33
32 33
33 37
8 33
6 33
1 33
13 31
13 25
13 30
13 34
13 14
13 27
9 13
13 32
2 13
13 37
6 13
13 16
4 23
4 15
3 4
4 37
4 10
1 4
4 13
4 5
0 4
23 29
15 29
3 29
29 37
6 29
29 35
11 28
21 28
28 31
19 28
28 30
18 28
26 28
24 28
23 28
22 28
3 28
10 28
6 28
16 28
28 29
28 38
5 28
28 39
29 33
11 20
20 31
19 20
20 25
7 20
20 34
20 36
20 24
20 23
15 20
2 20
20 37
16 20
20 35
12 20
20 33
20 29
20 38
4 29
12 13
5 13
13 33
33 38
5 37
1 37
1 6
1 35
0 1
1 5
0 32
8 32
32 39
8 22
5 8
0 8
8 38
8 39
6 8
8 12
10 12
12 35
12 39
0 12
15 16
2 6
6 39
23 34
5 34
5 36
5 27
5 9
5 22
5 10
0 5
0 9
9 23
9 16
9 22
9 39
16 22
10 16
16 35
0 16
16 38
35 39
22 26
0 26
14 26
2 14
10 14
14 38
2 27
2 24
2 3
2 39
27 38
27 39
23 27
0 39
38 39
3 36
24 36
23 36
3 24
0 24
22 24
0 7
7 18
18 38
3 18
18 22
10 18
10 22
22 38
3 22
23 30
3 23
0 19
25 38
3 25
10 25
0 25
0 31
3 10
10 38
0 21
3 38
0 3
0 11
0 17
