40 390
24 30
20 24
20 30
7 24
7 20
22 30
10 24
10 20
10 22
21 30
10 21
7 21
13 24
13 20
13 22
13 21
13 30
7 13
10 13
24 25
20 25
22 25
21 25
13 25
14 24
14 20
14 21
13 14
14 30
7 14
10 14
14 25
24 33
20 33
22 33
21 33
13 33
14 33
30 33
10 35
7 35
25 35
33 35
23 24
20 23
22 23
21 23
13 23
14 23
23 30
23 35
28 30
7 28
10 28
25 28
23 28
0 28
28 33
2 24
2 20
2 21
2 13
2 14
2 30
2 28
2 25
7 17
10 17
17 23
17 33
2 17
0 17
15 24
15 20
13 15
14 15
15 30
15 17
5 24
5 20
5 21
5 13
5 14
5 30
5 28
5 17
5 10
5 7
5 23
3 24
3 20
3 13
3 30
3 28
3 25
3 5
30 34
7 34
10 34
2 34
0 34
24 27
20 27
13 27
14 27
27 30
25 27
18 24
18 21
13 18
18 30
18 28
18 25
10 18
7 18
18 33
2 18
0 18
18 23
18 27
24 36
20 36
21 36
13 36
14 36
30 36
28 36
25 36
18 36
27 36
24 37
20 37
21 37
13 37
14 37
30 37
28 37
17 37
18 37
27 37
10 37
7 37
1 13
1 14
1 30
1 25
1 5
1 27
1 37
1 7
24 32
20 32
21 32
13 32
14 32
30 32
28 32
25 32
18 32
27 32
8 18
8 34
8 10
7 8
9 24
9 13
9 14
9 30
9 28
9 25
9 18
9 27
8 9
7 9
3 9
9 10
6 24
6 20
6 21
6 13
6 14
6 30
6 28
6 25
5 6
6 27
6 37
6 8
6 32
3 6
6 23
6 33
26 27
7 26
26 32
10 26
6 26
9 26
1 26
18 31
5 31
31 37
4 13
4 14
4 30
4 25
4 17
4 5
4 37
4 7
4 10
11 24
11 20
11 13
11 14
11 30
11 25
11 17
11 34
8 11
4 11
3 11
10 11
0 11
9 11
1 11
11 23
6 39
0 39
26 39
33 39
36 39
11 39
12 13
12 30
5 12
12 27
8 12
7 12
3 12
2 12
6 12
13 16
14 16
16 30
16 25
16 18
16 34
16 37
4 16
7 16
10 16
2 16
0 16
12 16
16 31
1 16
15 16
19 30
19 25
17 19
19 34
8 19
4 19
19 32
2 19
0 19
16 19
19 26
19 23
19 33
19 31
11 19
15 19
37 38
4 38
32 38
3 38
6 38
16 38
26 38
29 30
25 29
5 29
29 34
29 37
4 29
29 32
3 29
2 29
9 29
26 29
23 29
29 33
29 38
12 29
15 29
33 38
12 38
36 38
31 38
1 12
12 39
12 15
12 31
15 39
11 36
11 31
0 4
2 4
4 31
4 36
31 32
3 31
0 31
26 31
31 33
6 15
6 9
0 9
9 36
9 23
9 33
3 8
8 32
8 23
8 33
8 15
7 32
10 32
1 32
15 32
23 32
1 2
0 1
1 36
1 33
1 23
36 37
0 37
15 37
7 36
10 36
2 36
23 36
15 36
27 34
10 27
7 27
15 27
2 27
3 34
33 34
23 34
3 7
3 10
2 3
3 33
0 5
5 33
5 15
2 5
10 15
15 23
2 10
2 23
0 2
23 25
7 23
0 35
25 33
7 33
10 33
0 14
25 30
10 25
7 25
0 25
0 13
0 21
10 30
7 10
0 10
7 22
0 22
7 30
0 7
0 20
0 30
0 24
