40 390
31 33
31 35
7 33
7 35
5 31
5 7
11 31
7 11
11 33
11 35
27 31
7 27
11 27
22 33
22 35
22 27
5 22
4 31
4 7
4 11
4 22
11 14
14 33
14 35
5 14
14 27
4 14
3 31
3 7
3 11
3 22
3 14
7 39
11 39
22 39
14 39
33 39
35 39
27 39
5 39
4 39
3 39
31 37
7 37
11 37
22 37
14 37
37 39
20 33
20 35
5 20
20 27
3 20
4 20
20 37
29 31
7 29
11 29
22 29
14 29
29 39
20 29
15 31
7 15
11 15
15 22
14 15
15 39
15 20
15 33
15 35
5 15
15 27
3 15
4 15
15 37
7 13
11 13
13 22
13 14
13 39
13 15
11 34
33 34
34 35
5 34
27 34
4 34
3 34
34 37
31 32
7 32
11 32
22 32
14 32
32 39
20 32
15 32
32 34
15 25
25 33
25 35
5 25
25 27
3 25
4 25
25 37
1 11
1 25
7 16
11 16
16 22
14 16
16 39
16 20
16 34
33 38
35 38
5 38
27 38
3 38
4 38
37 38
7 17
11 17
17 39
17 20
17 38
17 25
16 17
17 32
17 33
7 18
11 18
18 34
18 25
21 33
21 35
5 21
21 27
4 21
3 21
21 37
18 21
21 26
26 32
26 33
6 33
6 35
6 27
5 6
24 31
7 24
11 24
22 24
14 24
24 39
20 24
15 24
24 34
24 38
16 24
24 37
24 33
6 24
24 27
5 24
11 36
36 39
15 36
25 36
21 36
36 37
33 36
18 36
7 23
11 23
14 23
23 39
20 23
15 23
23 34
23 25
16 23
23 37
23 33
6 23
11 19
19 39
15 19
19 38
16 19
19 37
19 33
6 19
19 35
5 19
19 27
12 33
12 19
1 12
12 17
12 36
10 27
1 10
10 36
0 10
10 24
9 16
9 32
9 18
6 9
9 27
1 9
3 9
9 10
8 33
8 18
8 23
1 8
3 8
8 26
8 29
0 8
8 9
4 8
30 33
18 30
19 30
1 30
5 30
26 30
13 30
8 30
4 30
0 30
12 30
29 30
7 28
11 28
28 39
15 28
28 34
28 38
21 28
28 32
28 33
18 28
27 28
17 28
3 28
28 36
13 28
8 28
28 29
0 28
24 28
28 35
9 35
4 9
2 7
2 11
2 15
2 38
2 25
2 37
2 33
2 18
2 27
2 5
2 36
2 10
2 13
2 35
2 4
2 9
2 12
2 24
9 29
9 24
10 12
10 13
10 26
12 13
12 35
12 29
0 12
3 19
19 29
1 19
19 23
0 19
23 35
5 23
23 27
1 23
3 23
23 26
13 23
23 36
1 36
3 36
35 36
24 36
29 36
24 26
4 24
0 24
6 13
0 6
6 26
4 6
17 26
3 26
26 35
4 26
13 26
13 21
18 32
18 35
5 18
18 27
4 18
3 18
17 18
17 27
1 17
17 35
17 29
13 17
3 17
0 17
16 38
29 38
16 33
16 35
5 16
16 27
4 16
3 16
16 29
1 16
16 37
1 32
1 33
1 35
1 5
25 32
13 25
32 37
32 33
32 35
27 32
5 32
3 32
4 32
29 32
29 34
13 34
13 37
13 33
3 13
13 35
15 29
29 33
27 29
5 29
0 29
33 37
35 37
5 37
27 37
4 37
3 37
3 33
3 5
3 4
4 33
4 27
4 5
4 35
27 33
27 35
5 27
5 11
5 33
5 35
0 5
33 35
0 33
