40 312
0 9
9 22
9 21
0 21
9 10
10 21
0 1
9 20
20 21
1 20
0 35
20 35
22 35
10 35
9 15
15 21
1 15
15 35
0 17
10 17
17 20
17 22
7 9
7 21
1 7
7 17
0 29
22 29
20 29
10 29
7 29
21 25
17 25
25 29
0 30
20 30
8 21
8 30
8 10
0 11
6 21
6 35
6 17
21 34
0 34
20 34
22 34
10 34
21 31
17 31
29 31
31 34
10 31
11 31
9 26
21 26
1 26
17 26
26 29
26 30
10 26
11 26
0 26
26 36
20 36
9 33
21 33
17 33
29 33
10 33
0 18
18 22
18 33
15 18
18 20
5 9
5 21
1 5
5 17
5 29
5 34
5 10
5 18
5 20
14 26
21 27
27 34
10 27
11 27
26 27
14 27
12 27
12 16
12 37
21 39
34 39
10 39
18 39
11 39
14 39
12 39
37 39
20 23
14 23
12 38
0 38
23 38
19 21
19 34
10 19
11 19
19 26
19 20
19 38
16 19
8 19
21 32
20 32
14 32
32 37
8 32
19 32
6 32
32 33
6 28
28 33
28 32
21 24
14 24
24 38
24 37
23 24
5 24
6 24
24 33
24 28
15 24
24 27
24 32
7 24
24 39
28 31
15 28
2 8
2 5
2 36
2 33
2 28
2 15
2 39
2 25
2 31
2 32
27 28
3 21
3 34
3 10
3 18
3 26
3 20
3 38
3 16
3 8
3 5
3 6
3 22
0 3
3 15
13 23
5 13
6 13
13 22
0 13
3 13
13 39
7 13
4 21
4 11
4 20
4 14
4 12
4 37
4 23
4 5
4 36
4 22
0 4
4 15
4 39
4 25
4 27
4 13
13 27
3 31
3 7
3 32
25 32
31 32
19 31
19 22
19 27
19 39
19 33
6 19
7 19
0 19
7 38
6 38
31 38
25 38
22 38
33 38
23 37
8 23
23 27
0 23
23 39
22 23
23 31
23 36
6 39
33 39
0 39
31 39
16 37
8 37
25 37
6 37
22 37
31 37
16 27
7 16
0 16
5 16
16 36
15 16
16 25
16 33
27 36
22 27
25 27
7 27
14 22
5 14
0 14
6 14
8 14
14 33
14 15
5 12
5 8
5 25
5 7
5 15
0 5
7 18
18 25
26 33
12 33
33 36
22 33
15 33
8 12
12 36
8 36
31 36
15 36
22 36
25 36
15 26
6 26
7 26
26 31
25 26
22 26
20 26
20 31
22 31
7 31
6 34
15 34
7 34
6 10
6 11
6 8
0 6
6 25
8 11
11 22
8 20
7 8
8 15
25 30
10 30
10 25
20 25
0 25
15 25
7 10
7 20
7 22
0 7
15 17
10 15
15 20
10 20
0 20
1 10
1 22
0 10
10 22
21 22
