40 156
19 22
8 19
6 19
6 22
10 19
6 10
19 35
22 35
8 35
10 35
17 19
6 17
17 35
12 22
8 12
10 12
19 23
6 23
23 35
12 23
23 29
2 10
2 22
2 8
7 10
2 7
14 19
12 14
10 14
2 14
11 14
14 30
15 29
22 31
8 31
15 31
17 31
10 18
13 22
8 13
13 18
10 16
13 16
22 38
27 38
22 27
16 27
9 27
9 23
19 28
28 35
10 28
2 28
11 28
8 28
8 33
23 33
22 33
21 33
19 34
6 34
10 34
29 34
33 34
15 34
19 37
35 37
10 37
18 37
4 22
3 4
11 36
14 36
15 36
36 37
3 36
22 36
18 26
8 26
17 26
16 26
26 37
3 26
3 34
3 7
3 21
4 24
8 24
1 24
1 7
4 5
5 23
1 5
5 34
5 22
5 16
1 17
19 25
6 25
10 25
18 25
4 25
14 25
25 37
9 25
24 25
25 30
7 24
21 24
4 37
30 37
34 37
22 34
32 33
14 32
28 32
30 32
7 32
32 39
9 39
15 21
21 28
8 20
17 20
20 21
0 20
9 28
22 28
0 9
11 27
17 27
16 23
16 30
16 22
18 22
8 18
15 18
0 15
15 30
7 14
7 23
2 23
2 11
17 23
12 17
10 17
0 17
10 22
8 10
6 8
8 29
0 8
22 29
11 22
11 29
0 11
