40 390
6 13
13 22
12 22
5 22
5 6
13 38
12 38
5 38
29 38
2 13
2 12
2 5
2 29
2 38
2 22
2 6
7 13
7 12
5 7
7 29
2 7
27 29
2 27
6 27
22 27
27 38
11 13
11 12
5 11
11 29
2 11
11 27
6 30
30 38
22 30
7 30
11 30
13 36
12 36
5 36
29 36
2 36
27 36
30 36
6 9
9 38
9 22
9 11
7 9
9 36
13 17
12 17
5 17
17 29
2 17
17 27
17 30
9 17
29 37
2 37
27 37
9 37
22 37
6 37
37 38
7 37
11 37
36 37
17 37
12 25
25 29
2 25
25 27
9 25
25 37
16 29
2 16
6 16
16 22
16 38
11 16
7 16
16 17
16 36
12 14
14 29
2 14
14 27
9 14
14 37
14 16
38 39
22 39
6 39
7 39
11 39
36 39
17 39
14 39
12 31
5 31
29 31
2 31
27 31
30 31
9 31
31 37
16 31
31 39
29 32
22 32
6 32
32 38
11 32
7 32
1 29
1 2
1 27
1 9
1 37
1 16
1 32
1 6
19 29
2 19
19 27
9 19
19 37
16 19
19 32
6 19
19 38
19 22
11 19
7 19
19 20
26 29
2 26
26 27
26 37
16 26
19 26
20 26
11 26
26 36
8 22
8 38
2 23
6 23
20 23
11 23
8 23
23 38
22 23
28 39
6 28
19 28
11 28
25 28
23 28
0 28
22 28
29 33
2 33
27 33
9 33
33 37
16 33
32 33
6 33
19 33
11 33
33 36
23 33
14 33
2 10
6 10
10 20
10 11
8 10
10 23
0 10
10 33
3 29
2 3
3 32
3 6
3 19
3 36
3 8
3 14
0 3
1 3
3 33
29 35
2 35
27 35
9 35
35 37
16 35
22 34
34 38
6 34
11 34
7 34
17 34
34 36
34 35
6 35
19 35
20 35
35 36
23 35
14 35
1 35
3 35
7 35
15 25
8 15
14 15
1 15
3 15
10 15
7 15
15 26
15 31
15 28
15 35
8 24
23 24
0 24
22 24
3 24
7 24
15 24
24 26
18 29
2 18
18 37
16 18
18 32
6 18
18 20
11 18
18 25
18 23
14 18
1 18
18 33
10 18
18 26
18 28
18 35
18 31
17 18
18 24
24 35
24 38
17 24
31 35
20 21
11 21
21 36
21 23
1 21
21 22
21 33
10 21
21 26
21 28
21 31
21 35
4 29
2 4
4 9
4 37
4 39
4 6
4 20
4 11
4 25
4 23
0 4
4 22
4 33
4 10
4 26
4 28
4 31
4 35
4 38
4 21
17 21
3 31
3 10
3 7
3 17
10 28
10 38
7 10
28 33
26 33
33 38
17 33
17 28
28 38
23 31
8 26
0 26
22 26
7 26
17 26
19 31
14 19
19 25
1 19
1 11
1 36
1 14
0 1
1 17
1 7
1 22
1 31
25 32
17 32
14 32
31 32
32 36
6 31
31 36
25 31
0 31
7 31
31 38
25 39
6 14
14 36
14 25
14 38
0 14
14 17
14 22
7 14
16 25
6 25
11 25
25 36
25 38
22 25
17 25
0 25
7 25
20 37
6 17
17 20
17 36
17 22
17 38
6 36
20 36
36 38
22 36
7 36
6 11
11 20
11 22
11 38
7 11
0 11
7 27
6 7
7 20
7 22
7 38
2 20
6 38
20 38
0 38
22 38
5 29
22 29
6 22
20 22
0 22
6 12
6 29
12 29
20 29
0 20
