40 390
20 27
20 30
27 33
18 20
18 33
8 27
8 18
8 30
10 20
10 33
8 10
10 27
10 30
10 18
20 21
21 33
8 21
10 21
10 22
22 27
22 30
18 22
20 25
25 33
8 25
10 25
22 25
11 27
11 18
11 30
11 21
11 25
20 35
33 35
8 35
10 35
22 35
11 35
0 35
8 13
10 13
13 22
13 27
13 18
13 30
13 21
13 25
3 20
3 33
3 8
3 10
3 22
0 3
3 13
3 25
12 27
12 18
12 30
12 21
9 12
25 37
20 32
32 33
10 32
22 32
0 32
13 32
12 32
27 32
30 32
18 32
6 20
6 33
6 8
6 10
0 6
6 25
6 32
6 35
23 27
18 23
23 30
17 20
17 33
8 17
10 17
17 22
11 17
0 17
13 17
17 25
17 37
17 23
24 32
24 35
23 24
24 27
18 24
25 26
26 35
24 26
4 8
4 10
0 4
4 25
4 32
4 35
4 37
4 27
4 6
1 20
1 33
1 8
1 10
1 22
1 11
0 1
1 25
1 32
1 35
1 23
1 4
7 32
7 35
7 37
7 24
7 27
20 38
33 38
10 38
22 38
0 38
13 38
12 38
35 38
37 38
7 38
8 39
10 39
22 39
13 39
32 39
37 39
23 39
4 39
7 39
27 39
10 36
13 36
25 36
32 36
23 36
24 36
36 39
1 36
20 31
31 33
8 31
10 31
22 31
11 31
0 31
13 31
31 32
31 37
23 31
24 31
31 39
1 31
27 28
17 28
2 10
2 25
2 32
2 35
2 23
2 24
1 2
14 24
4 14
1 14
14 27
20 29
29 33
8 29
10 29
22 29
0 29
13 29
25 29
12 29
29 35
23 29
7 29
29 39
14 29
28 29
6 29
18 29
21 29
29 36
8 16
10 16
16 22
13 16
16 25
16 35
16 37
4 16
1 16
14 16
16 31
2 16
16 18
16 36
3 16
12 19
19 35
19 37
4 19
7 19
1 19
19 28
6 19
17 19
19 21
3 19
5 18
5 21
5 19
5 16
5 30
5 38
10 15
13 15
15 25
15 37
15 24
4 15
15 39
14 15
15 28
6 15
15 17
15 21
3 15
15 29
15 30
15 27
5 15
9 15
5 26
16 19
20 34
33 34
8 34
10 34
22 34
11 34
0 34
13 34
25 34
34 35
24 34
4 34
7 34
14 34
31 34
6 34
18 34
21 34
3 34
19 34
30 34
27 34
9 34
26 34
19 26
19 38
16 30
9 16
16 29
27 29
29 38
29 30
14 17
14 21
14 26
3 14
2 14
9 14
2 28
2 6
2 26
2 18
2 30
2 3
2 27
2 21
2 38
18 28
28 31
28 38
28 30
27 31
21 31
3 31
9 31
26 31
6 31
31 36
6 36
18 36
3 36
36 38
26 36
27 36
9 36
9 39
21 39
38 39
18 39
26 39
3 39
1 38
17 38
3 38
26 38
9 38
3 7
7 9
1 7
7 30
7 17
6 7
1 27
1 18
1 6
1 30
4 26
4 21
4 18
4 30
17 26
18 26
26 27
9 24
24 30
17 24
6 17
17 21
9 17
17 27
17 30
6 23
3 23
21 23
6 27
6 9
21 32
3 32
32 37
27 37
18 37
30 37
9 37
21 37
9 18
9 27
3 12
3 18
3 30
13 35
25 35
27 35
18 35
30 35
0 25
25 27
18 25
25 30
21 25
21 22
0 21
21 30
21 27
0 18
30 33
0 30
0 27
