40 156
3 32
8 21
3 8
9 32
8 9
3 9
4 21
3 4
4 10
12 32
8 12
4 12
3 12
21 37
22 37
13 32
8 13
3 13
10 13
13 37
13 21
13 22
27 32
8 27
3 27
10 27
21 27
28 32
8 28
3 28
10 28
27 28
9 28
32 34
8 34
3 34
10 34
27 34
9 34
21 34
3 30
10 30
30 37
30 34
12 30
22 30
8 15
3 15
15 27
9 15
12 15
3 14
13 14
12 14
14 22
19 34
14 19
1 19
2 34
2 22
1 2
11 27
18 21
11 18
11 12
11 14
16 28
16 21
5 38
3 17
13 17
17 34
8 20
3 20
20 27
13 20
17 20
20 22
3 29
13 29
12 29
29 35
21 35
5 7
7 14
7 29
15 24
0 24
7 24
24 38
7 30
7 11
20 29
26 29
2 26
0 26
20 26
23 29
21 23
23 38
23 30
19 20
20 33
17 39
10 31
9 31
17 31
31 39
28 31
15 31
31 38
25 27
9 25
17 25
25 39
1 25
21 25
25 31
11 25
17 33
28 39
33 39
38 39
16 38
11 16
2 11
2 19
19 30
14 15
15 28
15 30
28 34
28 33
27 33
13 33
21 33
0 33
5 22
1 22
9 37
12 37
9 12
5 12
3 10
10 21
9 10
5 9
3 36
21 36
3 21
21 32
6 21
5 21
5 6
1 5
0 1
