40 156
14 21
14 19
11 21
11 19
20 21
19 20
14 20
11 20
21 28
19 28
20 28
3 28
14 32
28 32
11 32
16 19
16 20
16 32
5 14
15 19
15 20
15 32
5 15
15 24
14 34
7 21
7 19
7 20
5 7
7 14
7 34
4 15
4 7
4 11
33 36
20 30
28 30
13 21
13 19
13 32
13 28
13 29
13 30
11 13
27 33
14 26
26 28
11 26
19 37
20 37
26 37
14 37
33 37
34 37
8 37
2 14
3 31
5 31
9 29
0 9
9 31
9 35
30 35
8 35
18 29
7 18
18 35
13 18
18 37
0 18
1 3
1 28
1 14
1 36
1 35
1 6
1 24
14 39
36 39
8 39
2 39
24 39
1 39
21 23
19 23
20 23
3 23
23 26
23 28
9 23
23 31
23 35
2 23
12 23
12 16
3 22
14 22
9 22
17 22
10 28
10 14
10 15
7 10
10 38
27 38
4 38
0 38
10 27
10 22
10 24
6 22
22 23
0 22
7 31
2 31
14 25
25 30
25 31
25 27
25 37
16 25
6 31
2 8
2 24
4 37
17 26
14 17
15 17
17 36
11 17
17 27
16 17
13 27
13 16
29 30
30 34
30 36
6 36
6 33
4 6
0 34
24 34
11 15
15 16
5 11
5 16
11 16
14 28
11 28
0 28
3 20
3 11
0 11
3 14
3 21
0 3
