40 390
23 25
23 31
5 25
5 31
8 23
5 8
23 37
5 37
25 37
31 37
8 37
23 32
5 32
32 37
7 23
7 37
7 25
7 31
7 8
7 32
23 39
5 39
37 39
7 39
0 39
1 23
1 37
1 25
1 31
1 8
1 32
22 23
5 22
22 37
7 22
0 22
1 22
24 37
1 24
24 25
24 31
8 24
24 32
22 24
23 27
5 27
27 37
7 27
0 27
1 27
24 27
23 33
33 37
7 33
24 33
25 33
31 33
8 33
32 33
2 23
2 37
2 7
2 33
11 25
11 31
8 11
11 32
11 39
0 3
3 24
3 11
30 37
30 33
23 29
29 37
7 29
24 29
25 29
29 31
8 29
29 32
0 13
1 13
13 29
13 30
8 13
17 37
7 17
1 17
17 24
11 17
17 30
6 23
6 37
1 6
6 24
6 29
6 30
6 25
6 31
6 8
23 34
34 37
0 34
24 34
29 34
6 34
21 25
21 31
8 21
21 22
23 28
5 28
28 37
7 28
1 28
24 28
28 29
6 28
21 28
9 25
9 31
23 35
5 35
35 37
7 35
0 35
1 35
24 35
33 35
29 35
30 35
8 35
9 35
27 35
31 35
18 25
7 20
20 33
20 29
11 20
20 21
8 20
9 20
18 20
20 34
20 32
15 23
15 37
7 15
0 15
1 15
15 33
15 29
6 15
8 15
15 17
9 15
15 31
15 18
14 23
14 37
1 14
14 33
14 29
6 14
8 14
14 17
14 27
14 31
14 18
14 32
14 25
3 14
14 39
14 22
8 10
10 17
10 27
10 25
10 31
10 32
10 13
10 22
10 39
2 10
10 26
33 36
30 36
21 36
8 36
27 36
10 36
25 36
26 36
16 23
16 37
7 16
16 24
16 29
16 30
6 16
8 16
16 27
10 16
16 36
16 32
14 16
0 12
1 12
11 12
12 30
12 21
8 12
9 12
12 31
12 34
12 32
12 35
12 25
23 38
37 38
7 38
0 38
1 38
33 38
29 38
11 38
6 38
8 38
27 38
10 38
36 38
34 38
14 38
12 38
22 38
25 38
4 27
4 31
4 18
4 34
4 15
3 4
2 4
4 22
4 28
4 38
4 16
19 23
19 37
7 19
1 19
19 33
19 30
6 19
17 19
19 27
19 31
19 34
19 32
19 35
12 19
2 19
19 25
4 19
13 19
19 39
19 38
16 38
26 38
3 12
12 28
12 16
12 20
16 22
16 25
13 16
16 39
32 36
13 36
34 36
36 39
2 36
3 36
26 31
14 26
26 35
3 26
22 26
26 28
20 26
13 26
26 39
14 15
15 25
15 28
15 20
15 22
2 15
15 35
13 15
2 20
20 22
20 28
20 39
13 20
2 18
18 34
18 35
34 35
25 35
35 39
3 35
22 35
9 28
3 9
9 27
9 34
27 28
28 31
28 34
28 32
2 28
25 28
13 28
21 27
2 21
21 34
21 32
3 21
21 39
8 34
25 34
22 34
2 6
6 32
6 22
6 17
8 17
17 25
17 31
17 32
13 17
17 22
17 39
2 17
17 27
13 31
13 32
3 13
2 13
29 30
22 29
25 30
30 31
8 30
30 32
27 30
3 30
30 39
3 8
3 31
3 25
3 39
2 3
11 27
2 11
2 32
2 25
33 39
27 33
22 33
25 27
27 31
24 39
22 31
22 39
1 39
31 39
25 39
0 32
31 32
25 32
0 8
8 25
8 31
0 31
25 31
0 25
