40 156
9 10
10 25
9 25
10 32
25 32
9 13
13 32
10 19
19 25
13 19
4 9
4 32
4 19
3 10
3 25
3 13
3 4
9 14
14 32
10 11
11 25
11 14
9 38
32 38
3 38
6 25
6 38
9 20
6 20
20 27
27 28
7 25
7 14
7 20
7 28
9 23
9 15
15 35
15 32
15 19
13 18
18 38
10 33
33 38
2 9
2 32
2 21
18 21
21 28
16 33
16 22
2 8
8 22
5 25
9 31
31 32
0 31
5 31
5 20
5 22
5 8
5 6
5 34
34 35
7 34
3 34
17 20
17 28
12 17
12 16
12 36
12 19
7 12
1 28
1 6
1 21
1 12
29 33
18 29
17 29
16 29
29 36
21 29
1 29
0 29
1 3
3 17
11 17
17 36
17 19
34 36
11 36
30 36
11 30
30 35
7 30
19 34
5 32
5 27
0 5
6 8
26 37
19 26
0 26
3 26
8 37
8 19
32 39
11 39
27 39
8 39
0 8
9 22
16 23
0 16
9 16
16 21
9 21
21 35
0 2
2 33
9 33
18 33
11 33
3 33
6 33
9 24
18 24
24 32
0 24
9 18
11 18
18 35
3 18
23 35
32 35
3 35
7 23
7 32
7 27
19 28
6 27
27 32
11 27
6 11
6 32
11 38
19 38
3 14
14 19
3 9
9 19
0 13
0 25
0 9
0 10
