50 122
8 32
8 20
21 43
13 21
6 13
8 13
43 47
13 47
8 23
23 30
30 41
40 43
7 40
1 7
7 14
8 37
6 19
19 37
3 19
18 19
36 42
20 26
20 35
29 35
35 41
27 35
27 40
11 36
11 35
3 11
11 22
34 43
29 34
23 34
34 38
5 34
34 44
21 48
30 48
19 25
25 48
25 26
12 20
12 29
6 12
12 41
2 49
2 8
17 47
17 31
2 31
2 14
12 49
12 30
5 12
12 25
44 48
6 33
33 41
1 33
22 33
0 33
33 44
11 44
22 34
28 34
28 30
15 28
14 15
1 9
9 18
9 42
9 28
5 8
5 11
1 35
3 35
21 35
26 29
26 36
26 38
26 40
0 4
4 26
0 26
38 47
38 42
1 42
18 42
24 42
21 45
46 47
45 46
10 45
10 47
16 45
16 39
24 39
36 40
1 36
22 36
22 37
18 22
14 19
14 37
8 14
6 7
30 40
21 40
3 40
23 47
1 47
6 21
8 21
1 43
8 43
1 32
1 20
6 20
6 41
3 41
0 3
