50 245
5 17
17 25
8 25
17 46
8 46
5 46
25 46
0 46
17 28
28 46
25 39
5 39
0 39
33 39
0 33
5 33
25 33
28 33
45 46
33 45
25 45
17 31
31 45
12 17
8 12
12 39
12 45
9 17
9 39
9 12
4 46
4 33
39 40
33 40
4 40
17 35
8 35
35 46
35 45
1 14
1 35
17 49
45 49
12 49
4 49
47 49
31 49
17 43
8 43
43 46
33 43
12 43
4 43
17 44
44 46
39 44
33 44
14 44
3 28
29 45
3 29
4 41
35 41
41 44
17 37
33 37
12 37
4 37
37 41
1 37
37 43
28 37
14 48
35 48
44 48
20 27
6 27
3 6
6 41
17 23
8 23
23 46
23 45
12 23
4 23
23 47
23 40
42 48
23 42
15 41
15 23
15 36
7 44
7 31
12 13
4 13
13 44
13 31
13 40
38 48
1 38
13 38
0 38
28 38
16 46
16 33
16 45
4 16
16 44
16 22
22 25
9 22
21 48
21 22
13 21
21 38
21 40
6 21
15 21
21 37
13 16
16 38
10 41
1 10
10 36
10 16
10 49
6 10
2 20
2 42
2 10
18 32
9 32
2 32
0 32
4 19
19 35
19 41
19 23
19 36
6 19
30 46
30 39
14 30
30 35
30 47
30 31
19 30
7 30
30 40
9 30
5 30
18 24
6 24
15 24
24 34
30 34
5 19
19 28
11 19
11 28
11 40
26 43
26 38
26 49
5 26
0 26
11 26
10 11
11 37
16 49
16 18
9 16
0 13
7 13
7 15
7 40
7 42
7 20
15 25
15 42
9 36
36 42
20 36
20 42
37 42
23 29
20 23
6 23
6 28
6 25
20 35
20 48
0 20
9 20
18 48
28 48
25 48
18 31
18 43
18 37
5 18
29 41
40 41
29 43
25 29
29 49
9 29
5 29
0 29
3 44
0 3
3 31
43 44
0 44
5 44
1 43
43 49
25 43
40 49
9 47
31 47
1 47
1 5
1 28
1 31
0 14
14 35
5 35
25 35
35 40
4 9
12 28
12 25
12 31
5 12
0 31
5 45
0 45
28 39
25 28
5 25
5 8
0 8
0 17
