50 612
9 24
24 49
9 49
24 25
25 49
6 24
6 49
6 25
6 9
24 27
27 49
6 27
24 39
6 39
9 39
25 39
24 43
43 49
6 43
39 43
9 37
25 37
37 43
13 24
13 49
6 13
13 39
13 37
0 13
2 24
2 25
2 9
2 27
2 43
2 13
24 30
30 49
6 30
30 39
30 37
0 30
2 30
8 24
8 49
6 8
8 39
0 8
2 8
8 9
8 25
8 13
8 27
8 43
8 30
24 44
44 49
6 44
39 44
37 44
0 44
2 44
8 44
24 45
9 45
25 45
27 45
13 45
43 45
30 45
44 45
24 28
28 49
6 28
28 39
28 37
0 28
2 28
8 28
28 45
5 25
5 9
5 27
5 13
5 43
5 30
5 28
14 24
14 49
6 14
14 39
14 37
0 14
2 14
8 14
14 45
5 14
8 40
5 40
9 40
25 40
13 40
40 43
27 40
30 40
40 44
28 40
14 40
23 24
23 49
6 23
23 39
23 37
0 23
2 23
8 23
23 45
23 40
23 25
24 35
35 49
6 35
35 39
35 37
0 35
2 35
8 35
35 45
25 33
9 33
13 33
27 33
33 43
30 33
33 44
24 41
6 41
8 41
33 41
25 41
13 41
23 41
7 24
7 49
6 7
7 39
7 37
0 7
5 7
7 40
17 25
9 17
17 27
13 17
17 43
17 30
14 17
20 45
17 20
20 25
13 20
24 36
36 49
6 36
8 36
36 45
5 36
17 36
13 36
23 36
9 36
7 36
19 24
19 49
6 19
19 39
19 37
0 19
5 19
19 33
19 25
19 35
19 36
24 34
34 49
6 34
34 39
34 37
0 34
34 45
5 34
17 34
13 34
12 24
12 49
6 12
12 39
12 37
0 12
2 12
8 12
12 45
12 33
12 17
12 35
12 23
9 12
12 27
12 43
24 38
38 49
6 38
8 38
38 45
38 40
25 38
35 38
12 38
36 38
14 38
24 46
2 46
45 46
33 46
25 46
35 46
23 46
7 46
24 29
6 29
29 45
29 40
25 29
29 35
23 29
7 29
9 29
24 48
40 48
25 48
35 48
12 48
36 48
29 48
46 48
24 42
6 42
39 42
2 42
42 45
40 42
17 42
13 42
23 42
36 42
34 42
42 46
38 42
9 42
5 16
16 33
16 25
13 16
12 16
7 16
16 34
16 38
16 42
4 5
4 40
4 17
4 25
4 12
4 7
4 29
4 38
4 9
4 27
22 24
6 22
22 37
0 22
5 22
22 40
22 25
13 22
12 22
22 34
22 29
22 38
4 22
9 22
18 25
18 35
12 18
18 34
18 29
18 38
18 42
18 28
15 24
15 49
6 15
15 39
15 37
0 15
2 15
8 15
5 15
15 33
15 25
13 15
12 15
15 34
14 15
15 46
15 42
9 15
15 48
25 32
32 35
23 32
7 32
14 32
32 46
4 32
28 32
15 32
32 43
32 48
24 47
47 49
6 47
39 47
0 47
2 47
8 47
5 47
25 47
35 47
36 47
34 47
14 47
46 47
42 47
9 47
18 47
11 24
11 49
6 11
2 11
8 11
11 40
11 25
11 13
11 12
11 36
11 34
11 29
11 42
9 11
11 28
11 41
11 47
11 19
1 24
1 49
1 6
1 39
1 37
0 1
1 2
1 8
1 5
1 33
1 17
1 25
1 12
1 36
1 14
1 38
1 4
1 9
1 15
1 11
1 43
1 47
17 26
25 26
13 26
7 26
14 26
26 29
26 42
4 26
26 28
18 26
26 48
26 47
26 44
1 26
22 26
20 26
21 25
13 21
21 23
21 36
21 34
21 29
21 38
9 21
15 21
18 21
3 34
3 29
3 4
3 9
3 15
3 11
3 21
3 20
3 44
17 31
31 35
23 31
7 31
14 31
29 31
4 31
28 31
15 31
31 43
3 31
30 31
26 31
31 41
22 31
10 23
10 36
10 14
10 46
10 38
10 28
10 18
10 11
10 48
3 10
10 41
10 19
10 27
10 16
10 31
1 10
31 44
1 31
3 41
3 16
3 30
21 30
21 26
19 21
21 27
20 21
21 44
21 32
1 19
1 22
1 20
11 43
11 30
11 48
47 48
20 47
19 47
32 47
27 47
41 47
32 41
27 32
16 32
20 32
32 44
15 30
15 16
15 19
15 18
18 41
18 22
18 43
18 44
18 27
22 43
22 48
22 30
19 22
22 44
22 27
4 28
4 43
4 16
4 44
16 43
16 48
16 41
16 19
16 20
16 44
41 42
19 42
42 44
42 48
28 48
27 48
19 48
29 44
29 46
28 29
29 43
9 46
41 46
20 46
27 46
30 46
19 46
38 46
9 38
38 44
30 38
20 38
12 34
12 30
12 44
7 34
9 34
19 34
30 34
20 34
27 34
14 19
19 28
19 41
20 36
36 43
27 36
36 44
7 20
9 20
20 28
20 43
20 27
7 17
17 44
7 13
7 9
7 14
7 43
7 41
7 28
7 27
14 41
9 41
30 41
28 33
33 35
25 35
9 35
13 35
27 35
35 43
30 35
28 35
23 35
13 23
9 23
23 43
23 27
14 23
23 28
14 25
13 14
9 14
14 30
14 43
14 28
5 44
25 28
9 28
27 28
13 44
43 44
30 44
25 30
13 30
9 30
30 43
27 30
13 25
9 13
13 43
13 27
27 37
0 43
25 43
9 43
27 39
0 27
25 27
9 27
0 6
0 25
9 25
0 9
0 24
