50 490
5 22
5 9
9 21
22 34
9 34
0 34
22 33
9 33
0 33
5 33
21 33
22 46
9 46
0 46
33 46
22 40
9 40
0 40
33 40
21 40
5 40
34 40
4 22
4 9
0 4
4 33
4 40
22 28
9 28
0 28
28 33
28 40
5 28
21 28
4 28
28 34
22 37
9 37
0 37
33 37
37 40
28 37
32 33
28 32
5 32
21 32
32 46
4 32
32 34
32 37
12 22
9 12
0 12
12 33
12 40
12 28
12 32
5 12
21 38
4 38
34 38
37 38
38 46
12 38
11 22
9 11
0 11
11 33
11 40
11 28
11 32
5 11
11 38
8 21
8 34
8 37
8 46
4 8
8 11
0 25
25 33
5 25
8 25
25 37
32 45
5 45
21 45
45 46
4 45
34 45
14 22
9 14
0 14
14 33
14 40
14 28
14 32
5 14
14 37
14 45
11 14
4 14
21 44
44 45
11 44
10 37
0 31
31 33
31 40
28 31
31 32
5 31
21 31
31 45
4 31
1 32
1 5
1 21
1 31
1 11
1 4
28 47
5 47
21 47
45 47
31 47
4 47
33 43
28 43
5 43
38 43
37 43
31 43
43 46
43 47
22 36
9 36
0 36
33 36
36 40
28 36
32 36
5 36
36 37
31 36
11 36
4 36
36 47
11 18
4 18
18 36
21 26
26 31
10 26
4 26
26 44
26 43
15 47
15 26
0 30
30 33
30 40
28 30
30 32
5 30
30 37
30 45
30 46
10 30
30 36
24 31
10 24
24 44
12 24
35 46
35 47
35 44
24 35
0 6
6 33
6 40
6 28
6 32
6 21
6 37
6 31
6 11
6 10
6 44
6 26
16 28
5 16
16 21
16 31
11 16
10 16
16 47
16 26
16 24
17 22
9 17
0 17
17 33
17 40
17 28
5 17
17 38
17 21
17 31
11 17
4 17
17 47
17 26
16 17
6 29
2 36
2 26
2 24
2 29
39 46
4 39
39 44
36 39
30 39
25 39
0 19
19 40
19 28
5 19
19 37
19 45
11 19
10 19
19 44
19 26
6 19
19 29
12 19
19 34
17 19
14 19
15 19
18 19
7 22
7 9
0 7
7 33
7 40
7 28
7 32
7 8
7 37
7 45
7 11
4 7
7 47
7 26
7 30
7 29
7 19
7 43
7 12
21 48
37 48
11 48
10 48
47 48
24 48
30 48
25 48
41 44
24 41
30 41
29 41
20 22
0 20
20 33
20 40
20 28
20 32
5 20
20 38
20 37
20 45
11 20
10 20
20 44
20 24
20 30
20 29
20 41
20 39
20 43
3 39
3 20
3 18
3 48
3 17
3 34
13 21
13 31
13 46
4 13
13 47
13 26
13 16
6 13
13 41
13 43
12 13
13 48
13 15
23 33
23 40
5 23
23 38
21 23
23 45
23 46
10 23
23 44
23 36
16 23
23 25
23 41
23 43
9 49
0 49
33 49
40 49
28 49
32 49
5 49
38 49
21 49
37 49
46 49
4 49
47 49
26 49
30 49
29 49
41 49
43 49
23 49
1 49
15 49
17 49
12 49
27 46
4 27
27 44
24 27
16 27
25 27
27 41
20 27
27 49
7 27
17 27
2 27
1 27
28 42
5 42
21 42
42 45
42 46
4 42
36 42
24 42
16 42
25 42
39 42
18 42
12 42
35 42
15 42
23 42
3 42
27 42
23 48
17 23
23 34
13 23
1 13
3 13
2 20
18 20
12 20
35 41
41 48
41 43
18 48
7 48
35 48
2 48
2 7
1 7
7 15
19 39
2 39
1 39
35 39
15 39
2 14
2 34
1 2
29 43
12 29
17 29
17 18
17 35
14 17
6 16
1 16
16 43
12 16
6 35
6 18
6 14
6 25
1 6
6 15
25 35
12 35
14 35
34 35
24 34
24 30
14 30
25 30
15 30
30 34
14 15
15 34
18 26
18 25
1 18
18 34
12 36
36 43
14 36
25 36
1 36
14 43
34 43
25 47
1 47
1 14
31 34
31 46
10 31
10 46
10 25
10 34
10 44
10 12
34 44
14 44
12 14
25 45
12 45
11 25
25 34
11 21
11 37
11 46
12 21
12 37
12 46
5 37
21 37
34 37
37 46
4 37
28 46
4 5
4 21
4 46
40 46
5 46
21 46
34 46
33 34
5 34
21 34
0 5
5 21
21 22
0 21
