50 612
15 42
15 47
15 19
22 42
22 47
19 22
33 42
33 47
19 33
15 33
42 48
47 48
19 48
33 48
15 18
23 42
23 47
19 23
23 33
18 23
12 47
12 33
12 15
12 23
12 22
12 48
9 42
9 47
9 19
9 33
9 18
9 12
9 15
9 22
9 23
9 48
39 42
39 47
19 39
33 39
18 39
12 39
9 39
22 39
35 42
35 47
19 35
33 35
18 35
12 35
9 35
22 35
15 35
23 35
35 48
1 42
1 47
1 19
1 33
1 18
1 12
1 9
1 22
1 35
3 22
3 15
3 23
3 48
28 42
28 47
19 28
28 33
18 28
12 28
9 28
22 28
28 35
3 28
45 47
19 45
33 45
18 45
12 45
9 45
22 45
35 45
3 45
15 45
23 45
45 48
39 45
1 45
42 44
44 47
19 44
33 44
18 44
12 44
9 44
22 44
35 44
3 44
44 45
4 47
4 33
4 35
4 45
4 15
4 23
4 48
25 47
9 25
25 35
4 25
15 25
15 21
21 48
21 23
16 47
9 16
16 22
3 16
16 21
15 16
32 42
32 47
19 32
32 33
18 32
12 32
9 32
22 32
32 35
32 45
15 32
32 48
23 32
28 32
6 47
6 33
6 9
6 22
6 35
6 45
6 21
6 32
15 37
7 37
32 37
37 48
23 37
6 37
35 46
45 46
15 46
32 46
37 46
36 47
19 36
33 36
18 36
9 36
22 36
35 36
3 36
21 36
15 36
32 36
36 48
23 36
6 36
36 46
28 36
14 47
14 19
14 33
12 14
9 14
14 22
14 35
14 45
14 15
14 32
14 37
14 36
0 14
30 47
30 33
22 30
4 30
15 30
7 30
8 47
8 33
8 12
8 9
8 22
3 8
8 15
7 8
8 48
8 23
1 8
21 24
15 24
8 24
8 40
24 40
31 47
31 33
9 31
22 31
3 31
4 31
15 31
7 31
31 32
31 40
22 38
4 38
21 38
7 38
32 38
36 38
27 42
27 47
19 27
27 33
18 27
12 27
9 27
22 27
3 27
4 27
21 27
15 27
27 37
27 40
27 38
23 27
13 47
9 13
13 22
3 13
4 13
13 15
13 37
13 40
13 14
13 23
13 39
20 47
19 20
20 33
18 20
12 20
9 20
20 35
20 45
20 21
15 20
20 37
8 20
20 38
37 41
40 41
38 41
17 47
17 33
3 17
4 17
17 21
7 17
8 17
17 40
14 17
17 41
17 39
5 47
5 19
5 33
5 18
5 12
5 9
5 22
5 35
3 5
5 45
5 15
5 7
5 8
5 36
5 38
5 23
5 39
1 5
0 5
5 30
35 43
4 43
15 43
32 43
37 43
8 43
14 43
41 43
23 43
5 43
43 48
47 49
33 49
12 49
9 49
3 49
45 49
15 49
32 49
37 49
36 49
14 49
41 49
13 49
5 49
2 42
2 47
2 19
2 33
2 18
2 12
2 9
2 22
2 35
2 4
2 21
2 15
2 8
2 36
2 38
2 41
2 23
2 16
2 48
2 49
10 47
10 33
10 12
10 22
3 10
10 45
10 21
7 10
8 10
10 36
10 38
10 41
10 39
10 16
2 10
10 49
6 10
10 24
10 30
1 10
0 10
22 29
29 45
21 29
7 29
29 32
29 40
29 38
29 41
13 29
16 29
28 29
2 29
17 29
29 30
1 29
29 46
27 29
29 31
34 42
34 47
19 34
33 34
18 34
12 34
9 34
22 34
34 35
3 34
34 45
4 34
15 34
7 34
34 37
8 34
14 34
34 41
13 34
16 34
34 48
2 34
6 34
24 34
21 26
7 26
26 37
26 36
26 38
26 41
13 26
16 26
26 28
6 26
26 43
17 26
26 27
11 37
11 40
11 38
11 23
11 13
5 11
11 28
2 11
6 11
11 24
11 26
11 27
0 11
11 31
11 44
10 11
25 26
26 34
26 44
0 26
1 34
27 34
29 34
20 34
10 34
10 29
0 2
2 46
2 27
2 20
1 49
6 49
24 49
25 49
17 49
43 49
30 49
31 49
43 44
24 43
27 43
31 43
0 43
1 43
20 43
5 6
5 27
5 17
5 31
5 46
17 48
6 17
17 25
17 27
17 20
17 30
17 46
41 48
30 41
16 41
20 41
41 46
13 20
16 20
20 28
20 30
20 46
20 25
20 31
20 44
13 46
13 44
0 13
13 48
13 27
27 48
1 27
25 27
31 38
24 38
38 44
23 38
6 38
23 31
31 39
28 31
24 31
30 31
31 46
25 31
1 40
39 40
40 48
0 40
23 40
16 40
40 46
14 24
24 39
16 24
24 28
24 25
1 24
24 44
8 30
8 44
8 39
8 25
30 36
14 30
30 39
30 48
6 30
0 30
1 30
14 48
14 39
14 25
14 28
1 14
14 44
36 44
16 36
28 46
6 46
1 46
0 46
44 46
28 37
6 23
6 39
6 48
6 44
1 32
25 32
0 32
16 32
16 39
16 28
16 25
16 44
16 48
7 21
21 44
21 39
7 23
7 48
7 25
7 44
0 7
7 39
23 25
25 39
25 48
0 25
25 44
4 39
4 44
4 28
1 4
0 4
44 48
0 44
28 45
0 45
15 28
23 28
28 39
28 48
0 28
1 28
3 39
1 3
1 15
1 23
1 39
35 39
23 39
0 9
0 12
22 23
15 23
0 23
18 48
18 22
22 48
15 48
22 33
0 33
15 22
0 22
42 47
0 47
