50 490
3 30
3 34
30 34
3 12
12 34
4 30
4 12
3 37
34 37
4 37
31 37
31 36
30 36
36 37
12 36
3 7
7 34
4 7
7 31
7 36
3 17
17 34
4 17
17 31
17 36
17 30
17 37
12 17
7 17
3 13
13 34
4 13
13 31
13 36
13 17
18 34
18 31
18 30
18 37
12 18
13 18
7 18
3 5
5 34
4 5
5 31
5 36
5 17
5 18
34 43
31 43
36 43
17 43
18 43
30 43
37 43
12 43
3 20
20 34
4 20
20 31
20 36
17 20
18 20
20 43
3 47
34 47
4 47
31 47
36 47
17 47
43 47
30 47
37 47
12 47
7 47
13 47
20 47
5 47
3 21
21 34
4 21
21 31
21 36
17 21
18 21
21 43
21 47
21 45
0 21
31 41
41 43
30 42
12 42
37 42
5 42
20 42
7 42
13 42
41 42
34 48
31 48
18 48
47 48
42 48
0 48
7 48
34 40
31 40
36 40
17 40
40 43
40 47
8 34
8 31
8 36
8 17
8 18
8 45
8 42
8 30
8 12
8 37
8 20
8 13
7 8
5 8
15 34
15 31
15 36
15 17
15 18
15 47
8 15
15 41
7 15
15 40
15 30
15 37
12 15
1 3
1 34
1 4
1 31
1 36
1 17
1 43
1 47
1 42
1 41
1 40
1 15
39 45
0 39
23 45
23 41
23 30
12 23
23 37
23 26
14 30
12 14
14 37
14 20
5 14
13 14
32 34
31 32
17 32
32 47
8 32
32 41
14 32
15 32
7 24
15 24
24 39
24 30
24 32
18 46
45 46
8 46
0 46
7 46
15 46
24 46
1 44
26 44
3 9
9 34
4 9
9 31
9 36
9 17
9 18
9 47
8 9
9 41
7 9
9 15
9 39
9 44
6 31
6 43
6 45
0 6
6 40
6 29
6 39
11 23
11 15
11 29
11 30
27 31
17 27
18 27
27 47
8 27
7 27
14 27
27 40
24 27
11 27
5 27
6 27
21 27
32 38
1 38
24 49
11 49
9 49
12 49
13 49
38 49
46 49
22 29
11 22
5 22
12 22
21 22
22 49
22 37
7 19
19 29
19 24
3 28
28 34
28 31
17 28
28 43
28 47
28 45
28 41
23 28
15 28
28 39
11 28
25 34
25 31
18 25
25 47
25 42
25 41
23 25
25 29
25 39
25 28
9 25
12 25
25 30
25 49
25 32
10 18
10 43
10 45
7 10
10 14
10 40
10 24
10 44
5 10
10 12
10 30
10 27
10 37
10 19
10 25
10 48
3 35
34 35
4 35
31 35
35 36
17 35
18 35
35 43
8 35
0 35
23 35
29 35
24 35
28 35
9 35
12 35
30 35
13 35
32 35
10 35
26 35
1 35
25 35
20 35
10 46
22 25
1 25
25 46
28 48
20 28
12 28
28 32
19 28
28 30
26 28
16 23
15 16
16 24
11 16
16 28
12 16
13 16
16 27
16 49
16 19
16 48
16 20
5 33
6 33
21 33
27 33
33 37
19 33
22 33
16 33
2 8
0 2
2 7
2 29
2 39
2 11
2 5
2 21
2 13
2 27
2 32
2 26
2 48
2 16
2 33
2 20
33 46
9 19
6 19
19 21
19 27
19 49
19 20
19 22
22 26
22 48
48 49
27 38
26 27
11 37
6 11
11 21
5 11
6 9
6 37
6 20
6 30
6 13
1 6
6 48
9 30
9 20
9 13
9 21
9 32
44 46
13 44
5 46
12 46
13 46
37 46
26 46
1 46
13 24
24 37
21 32
13 32
32 48
26 32
1 32
14 29
29 30
29 37
26 29
12 29
29 48
5 29
26 39
12 26
26 30
20 26
20 23
21 23
13 23
5 23
23 39
39 40
30 39
20 39
21 39
1 39
12 39
1 5
1 30
1 37
1 48
15 21
8 40
0 40
7 40
30 40
12 40
37 40
5 40
13 40
20 40
40 48
5 48
21 48
30 41
37 41
12 41
13 41
7 41
5 41
20 41
21 41
12 21
21 30
20 45
0 20
7 20
20 30
13 20
20 37
13 43
7 43
5 43
43 45
5 45
0 5
5 7
5 37
5 12
13 45
0 13
7 13
13 37
7 45
0 7
7 30
7 37
7 12
37 45
0 37
30 37
4 31
12 31
12 45
0 12
31 34
30 31
30 45
0 30
3 31
31 45
0 45
