50 122
12 37
8 36
9 36
36 43
43 49
43 48
7 48
7 8
21 38
38 39
21 35
29 35
14 21
14 29
18 35
14 18
21 31
29 31
31 44
17 21
17 18
17 44
14 46
17 46
3 4
11 12
11 24
24 29
2 35
2 31
2 39
2 11
2 29
6 13
10 36
10 11
10 13
10 46
0 10
22 23
22 34
8 34
39 45
15 44
15 45
9 45
34 45
18 45
2 45
16 29
16 18
1 16
16 42
7 42
29 32
32 42
6 27
27 41
0 27
27 32
0 32
4 42
1 34
1 21
1 25
23 28
25 28
21 22
22 37
10 23
19 23
33 39
5 33
30 35
17 30
3 30
11 30
30 46
0 30
4 30
30 33
33 43
19 33
4 20
20 33
6 41
0 6
41 44
2 41
2 37
4 11
4 46
3 21
3 46
8 46
18 46
17 39
36 44
9 44
40 44
26 40
21 26
37 44
31 39
18 31
18 39
12 18
18 43
21 47
29 47
29 39
9 29
35 39
36 39
5 21
7 21
37 43
9 49
8 9
5 8
5 37
0 12
