50 245
41 42
41 49
28 42
28 49
27 41
27 28
24 42
24 49
24 27
36 41
28 36
24 36
42 44
44 49
26 41
26 28
26 44
33 42
33 49
26 33
33 36
18 28
18 44
18 33
18 49
18 42
16 18
7 42
2 18
2 7
2 19
5 37
6 42
6 37
25 41
25 28
25 44
25 49
5 25
28 30
30 49
5 30
30 42
25 30
41 45
28 45
44 45
45 49
17 42
17 26
17 45
1 17
1 30
1 27
1 37
14 18
7 14
14 27
27 39
14 39
18 29
29 30
19 29
17 43
18 43
29 43
39 43
14 43
9 29
9 37
26 46
22 46
11 27
11 37
11 46
11 25
11 22
11 42
40 44
40 49
5 40
30 40
27 40
39 40
3 41
3 28
3 33
3 49
3 5
3 18
3 6
3 39
29 35
0 35
8 35
8 10
8 21
5 34
18 34
19 34
20 34
31 44
31 33
31 49
7 31
6 31
20 31
14 31
31 40
25 31
9 31
31 43
31 36
34 35
22 34
4 34
34 48
3 38
22 38
34 38
41 47
28 47
44 47
33 47
5 47
30 47
19 47
29 47
46 47
45 47
47 48
43 47
13 47
42 47
13 38
1 13
9 13
26 38
36 38
34 36
4 8
12 21
4 12
2 12
12 26
32 41
28 32
32 44
32 49
18 32
7 32
29 32
0 32
32 35
32 40
25 32
4 32
1 32
32 42
8 16
1 8
16 35
3 35
35 45
3 42
3 40
2 3
15 33
15 49
15 17
7 15
15 27
0 15
3 15
15 45
15 48
15 43
2 15
15 42
11 40
40 45
2 40
11 16
14 23
22 23
21 23
23 36
2 23
1 23
22 25
9 46
46 48
9 10
9 21
9 36
10 43
1 10
16 43
21 29
26 29
21 39
14 21
21 26
37 39
16 39
14 36
1 14
17 27
17 36
30 45
27 45
37 45
26 45
45 48
27 30
30 36
6 25
0 25
25 48
16 25
6 26
19 37
2 37
37 42
2 42
7 16
7 26
16 19
16 26
18 19
27 33
26 49
5 26
27 44
36 44
36 49
27 36
0 36
27 49
42 49
5 42
19 42
5 19
19 48
0 48
