50 367
3 10
10 40
3 27
27 40
10 21
21 27
3 32
32 40
21 32
10 36
27 36
32 36
3 47
40 47
21 47
36 47
3 14
14 36
10 14
14 27
14 32
3 23
23 40
21 23
23 36
14 23
3 15
10 15
15 27
15 32
3 19
19 40
19 21
19 36
14 19
15 19
3 45
40 45
36 45
14 45
15 45
10 45
32 45
27 45
19 45
3 4
4 40
4 21
4 36
4 14
4 15
4 45
10 18
18 47
18 27
18 44
15 20
10 20
20 44
6 36
6 14
6 15
6 20
21 24
14 24
18 24
10 42
23 42
7 45
7 42
7 24
32 39
10 38
38 39
23 38
10 28
28 32
27 28
28 49
20 49
24 49
38 49
2 49
27 49
3 8
8 21
8 36
8 14
8 18
8 42
8 32
2 8
8 49
12 32
2 12
34 45
20 34
31 32
10 31
31 34
3 17
14 17
17 45
17 20
17 31
2 17
19 43
17 43
23 43
3 29
29 40
21 29
15 29
18 29
20 29
29 31
29 38
29 43
3 26
26 40
26 36
15 26
26 28
20 26
26 32
26 39
26 34
12 26
22 31
22 39
22 49
22 26
3 5
5 40
5 21
5 36
5 45
5 42
5 32
5 39
5 34
5 12
5 17
5 7
5 22
16 24
16 31
16 34
12 16
9 46
10 46
27 46
8 46
24 41
39 41
41 49
12 41
17 41
9 33
13 21
13 36
13 45
13 42
13 32
2 13
13 43
13 26
13 17
13 33
13 27
13 23
21 30
15 30
28 30
30 42
24 30
30 31
30 34
0 35
27 35
30 35
4 35
35 47
7 35
19 30
5 30
10 30
23 30
13 30
22 30
1 43
1 12
1 17
1 33
1 47
3 25
25 40
21 25
14 25
15 25
18 25
25 32
25 31
25 34
25 26
19 25
16 25
25 47
25 29
8 25
7 25
25 44
1 25
1 30
1 22
37 45
37 42
24 37
2 37
34 37
26 37
17 37
16 37
27 37
23 37
4 37
3 11
11 40
11 36
11 15
11 45
11 18
11 31
11 39
11 43
11 49
11 17
11 16
11 27
11 29
4 11
11 22
11 46
11 37
13 37
1 37
1 46
6 30
13 44
0 13
27 33
23 33
33 44
33 47
33 41
10 41
8 41
41 48
41 46
41 44
7 41
6 46
9 16
9 48
9 29
9 23
9 19
9 44
5 16
8 16
7 16
4 16
5 10
0 5
5 29
10 22
22 47
22 23
22 48
26 29
23 26
26 48
26 44
8 29
7 29
0 29
29 44
4 43
12 17
10 17
17 47
2 31
23 31
34 38
7 34
12 34
34 47
34 48
10 12
8 12
6 12
8 19
6 8
4 8
10 49
44 49
6 49
19 49
28 48
23 28
20 48
32 48
38 48
10 48
47 48
23 48
6 48
7 48
4 38
6 39
7 39
39 47
2 39
19 39
7 44
0 7
24 42
27 42
10 24
24 32
19 24
24 44
24 47
6 24
6 19
6 10
6 27
4 6
2 20
20 32
20 47
4 20
2 44
0 44
18 32
4 18
18 19
4 19
4 47
0 4
2 45
19 27
0 19
15 23
15 47
23 47
14 47
2 14
2 36
10 32
27 32
2 27
0 27
2 40
2 10
2 3
0 2
