50 490
14 24
24 49
14 42
42 49
24 47
11 14
11 49
11 47
39 42
11 39
24 39
14 40
40 49
40 47
39 40
14 44
44 49
44 47
42 44
24 44
11 44
40 44
14 34
34 49
34 47
34 39
34 44
6 42
6 24
6 11
6 40
6 34
8 14
8 49
8 47
8 39
8 44
6 8
14 38
38 44
24 38
38 42
11 38
38 40
8 38
34 38
14 32
32 49
32 39
32 44
32 38
13 32
0 32
2 14
2 49
2 47
2 44
2 6
2 38
2 13
2 24
2 11
2 42
2 40
2 34
13 29
2 29
11 29
8 29
20 42
20 24
13 23
4 14
4 49
4 47
4 39
4 44
4 38
4 13
4 11
4 42
4 24
4 40
4 8
4 34
14 30
30 49
30 47
30 39
30 44
30 38
0 30
4 30
0 21
4 21
21 42
11 21
21 24
21 40
14 25
25 49
25 44
25 38
0 25
24 27
11 27
27 42
27 40
27 34
8 27
14 17
17 49
17 27
4 17
2 17
11 17
14 26
26 49
26 39
26 44
6 26
26 38
13 26
26 27
2 26
8 26
26 42
24 26
11 15
15 26
15 23
15 42
18 25
15 18
18 29
13 45
4 45
11 45
3 42
3 24
2 10
3 10
10 23
22 42
0 35
27 35
21 35
8 35
23 35
22 35
32 35
17 35
9 35
9 25
9 29
0 41
4 41
2 41
11 41
26 41
22 41
25 41
14 31
31 49
31 44
31 38
13 31
4 31
2 31
8 31
26 31
22 31
31 35
25 31
29 31
31 34
14 46
44 46
13 46
4 46
2 46
8 46
20 46
42 46
18 46
31 46
29 46
9 46
21 37
11 37
20 37
37 42
25 37
30 37
14 48
38 48
0 48
27 48
21 48
26 48
20 48
23 48
35 48
31 48
0 7
4 7
7 21
7 8
7 23
7 42
7 18
7 30
7 48
33 38
4 33
21 33
3 33
20 33
33 42
18 33
30 33
33 48
24 33
33 34
16 21
3 16
16 26
16 22
16 18
16 30
16 29
16 33
20 43
42 43
35 43
30 43
43 48
33 43
16 43
14 28
28 44
13 28
4 28
21 28
11 28
26 28
28 42
18 28
25 28
28 29
28 46
28 43
28 45
7 28
24 28
5 14
5 44
5 13
5 27
5 11
5 8
5 26
5 23
5 18
5 31
5 48
5 9
5 46
5 45
5 17
5 7
5 41
5 28
5 10
14 19
19 49
19 47
19 39
19 44
19 38
0 19
19 27
11 19
8 19
19 26
19 22
19 35
19 31
19 29
9 19
19 46
19 45
7 19
19 40
5 19
16 19
19 28
14 36
36 49
36 47
36 39
36 44
36 38
0 36
2 36
11 36
8 36
26 36
22 36
25 36
30 36
29 36
33 36
36 46
36 43
34 36
24 36
15 36
19 36
2 12
11 12
12 23
12 22
12 18
12 30
12 48
9 12
12 37
12 34
12 17
12 24
12 15
12 41
12 36
12 16
28 36
10 28
10 43
40 43
15 43
34 43
7 43
16 45
16 34
16 24
16 41
1 14
1 49
1 44
1 38
0 1
1 27
1 21
1 8
1 26
1 22
1 35
1 25
1 29
1 9
1 37
1 45
1 17
1 40
1 15
1 10
1 16
1 32
33 40
7 33
32 33
15 33
7 37
7 24
7 40
7 41
45 48
24 48
40 48
37 48
15 48
37 46
37 45
24 37
37 41
37 40
32 37
15 46
34 46
17 46
31 45
31 41
17 31
10 31
29 41
9 41
34 41
24 41
32 41
9 17
9 10
9 45
10 35
35 40
24 35
34 35
10 22
22 40
22 32
10 30
10 45
10 17
10 40
10 32
3 40
3 45
3 32
20 45
23 45
18 45
17 45
18 30
15 25
15 17
15 40
15 32
26 34
17 26
17 23
17 25
17 32
25 27
21 25
11 25
23 25
25 42
25 30
24 25
8 21
21 30
21 34
11 30
20 30
30 42
30 32
30 40
4 23
2 23
11 23
20 23
23 32
23 24
23 42
20 29
20 40
29 42
29 32
29 34
2 8
2 32
11 32
32 34
32 40
8 13
0 8
8 11
8 42
8 24
8 40
8 34
13 34
0 34
34 42
24 34
13 44
13 40
0 40
11 40
11 13
0 11
11 24
11 42
42 47
13 42
0 42
24 42
13 24
0 24
13 14
0 13
