50 122
0 8
11 43
20 23
11 21
20 21
21 37
23 37
37 43
11 13
13 20
13 37
26 30
4 20
4 34
30 44
34 44
18 44
15 20
15 30
22 25
15 25
4 25
10 21
10 25
1 21
1 25
1 28
1 10
1 23
40 49
18 19
19 22
21 39
15 39
19 39
32 39
23 31
24 31
5 31
5 38
7 21
7 27
26 27
7 29
10 29
24 35
29 35
35 43
24 45
13 45
33 45
35 45
7 16
16 29
0 14
14 26
14 16
9 19
9 26
9 14
2 9
33 36
2 36
16 49
5 7
7 42
42 43
42 44
17 24
17 42
12 17
3 17
13 47
5 47
5 46
44 46
4 5
24 38
12 24
12 31
12 22
10 12
12 39
39 44
19 48
4 19
26 48
44 48
32 48
13 32
32 49
3 49
33 40
1 33
10 28
13 25
15 22
15 43
15 23
15 44
4 18
18 26
4 8
6 41
26 41
23 41
4 41
34 43
23 34
21 34
26 34
13 30
13 21
6 13
21 43
20 43
8 43
23 43
11 23
6 23
3 6
3 8
