50 490
5 46
5 25
43 46
25 43
5 38
38 43
10 46
10 25
5 41
41 43
10 41
46 47
25 47
38 47
41 47
5 34
34 43
10 34
34 47
3 10
3 46
3 25
3 41
3 38
5 40
40 43
10 40
40 47
3 40
10 33
33 46
25 33
33 41
33 38
33 34
33 40
5 31
31 43
10 31
31 47
3 31
31 33
31 38
10 49
3 49
38 49
46 49
25 49
41 49
34 49
40 49
5 8
8 43
8 10
8 47
3 8
8 33
8 38
8 49
20 46
20 25
20 41
20 34
20 40
8 20
5 32
32 43
10 32
32 47
3 32
32 33
32 38
32 49
20 32
13 33
13 38
13 46
13 25
13 41
13 40
13 34
5 15
15 43
10 15
15 47
3 15
15 33
15 38
15 49
15 20
13 15
15 32
15 34
22 38
22 34
29 33
29 38
20 29
29 40
29 46
25 29
29 41
12 43
10 12
12 47
3 12
12 33
12 38
12 32
12 40
12 29
12 22
12 46
12 25
12 41
27 32
27 34
1 38
1 40
1 46
1 25
1 41
18 43
10 18
18 47
18 33
18 38
18 49
13 18
18 40
1 18
2 32
2 34
1 2
2 12
2 46
2 25
2 41
38 45
34 45
29 45
2 45
20 28
28 40
1 28
2 28
18 28
28 46
25 28
28 42
7 28
7 46
7 25
16 41
7 16
16 46
1 4
2 4
4 41
4 45
4 46
36 43
10 36
36 47
3 36
33 36
36 38
32 36
34 36
29 36
22 36
18 36
7 36
9 10
3 9
9 33
9 38
9 13
9 40
9 29
9 22
9 41
9 46
9 25
9 15
21 38
21 49
13 21
21 40
1 21
12 21
18 21
21 46
9 21
21 42
1 24
2 24
24 41
7 24
24 46
24 42
29 44
22 44
18 44
44 45
44 46
35 38
35 49
20 35
34 35
1 35
12 35
35 41
35 45
35 46
25 35
6 10
3 6
6 38
6 49
6 13
6 34
6 29
6 18
6 41
6 7
6 35
6 42
0 6
26 28
26 45
26 46
4 26
26 27
0 26
21 26
19 38
19 49
19 32
19 40
19 29
2 19
19 41
7 19
19 46
19 35
19 27
19 26
17 32
17 40
17 29
12 17
17 41
17 46
9 17
17 42
17 24
10 37
3 37
33 37
37 38
20 37
34 37
1 37
2 37
37 41
7 37
37 46
4 37
27 37
17 37
23 43
10 23
23 47
3 23
23 33
23 38
23 49
20 23
13 23
23 40
23 29
2 23
18 23
7 23
9 23
23 35
0 23
23 37
16 23
23 36
23 44
23 31
30 38
30 49
13 30
30 34
30 40
12 30
30 41
28 30
30 46
30 42
4 30
26 30
17 30
21 30
23 30
19 30
25 30
10 48
3 48
33 48
38 48
13 48
40 48
1 48
22 48
18 48
45 48
46 48
42 48
27 48
0 48
8 48
21 48
14 32
14 34
14 22
14 18
14 28
14 45
14 46
14 35
14 24
14 37
14 17
8 14
14 44
14 48
14 15
14 25
30 48
6 48
15 48
6 23
16 37
37 44
15 37
25 37
17 25
17 21
15 17
17 19
19 21
11 22
11 12
11 41
7 11
9 11
11 42
11 24
0 11
11 16
11 36
11 44
11 19
6 11
11 25
19 31
10 39
3 39
38 39
39 49
32 39
34 39
22 39
12 39
28 39
39 46
9 39
4 39
24 39
26 39
8 39
21 39
39 44
19 39
6 39
15 39
6 26
26 36
6 16
6 36
0 35
35 44
31 35
8 35
24 44
16 44
8 44
15 24
24 31
21 24
21 25
9 27
9 42
9 36
4 36
27 36
16 36
15 36
31 36
4 27
4 25
4 16
0 4
16 27
8 16
7 42
25 42
15 42
28 45
8 28
27 28
45 46
25 45
31 45
8 45
15 45
2 31
2 18
18 46
18 25
18 41
18 31
1 27
1 8
12 27
27 41
25 27
8 27
12 15
22 29
29 31
22 46
22 25
22 41
15 22
8 22
15 41
15 31
13 32
13 31
8 13
32 46
25 32
32 41
32 34
32 40
8 32
31 32
20 31
8 34
8 46
0 8
8 31
31 49
31 40
31 46
0 31
25 31
38 40
34 40
40 46
25 40
40 41
3 34
34 38
34 46
25 34
34 41
38 41
41 46
25 41
10 38
38 46
25 38
25 46
0 46
