50 245
5 34
25 34
25 33
5 35
25 35
34 48
33 48
35 48
34 39
35 39
5 39
39 48
25 39
22 34
22 33
22 35
22 39
16 39
0 16
16 25
16 22
26 34
26 33
16 26
22 26
4 34
4 33
4 35
4 39
4 16
4 42
4 26
7 34
7 22
7 11
20 39
16 20
30 36
11 30
21 26
21 32
20 21
5 14
6 34
6 33
6 39
6 22
6 26
6 12
6 14
5 6
4 6
32 45
30 45
20 28
28 30
28 45
14 18
7 18
4 18
4 31
18 31
10 39
10 22
10 42
10 11
10 20
5 10
10 48
11 43
12 43
7 43
3 16
3 22
3 36
3 11
3 20
3 27
17 34
17 35
17 39
16 17
17 26
12 17
7 17
3 17
17 48
20 44
5 44
44 48
14 37
3 37
2 24
2 3
1 2
2 17
0 2
2 49
32 47
30 47
1 47
44 47
0 47
31 47
2 47
9 20
5 9
9 13
13 21
13 25
4 13
9 18
9 21
7 19
19 27
4 19
19 45
19 21
9 19
15 26
15 32
15 20
15 27
1 15
15 18
23 24
3 23
23 43
18 23
10 23
29 43
29 45
23 29
39 41
22 41
26 41
32 41
7 41
30 41
41 43
17 41
10 38
8 43
8 17
8 38
8 15
8 25
39 40
22 40
26 40
12 40
24 40
27 40
1 40
40 44
38 40
40 41
28 40
8 40
38 41
29 41
41 49
29 31
2 29
15 23
23 25
15 19
15 28
34 46
35 46
16 46
22 46
26 46
11 46
32 46
7 46
43 46
45 46
21 46
19 46
6 46
37 46
9 47
6 9
1 24
7 24
4 24
1 3
1 48
1 37
37 44
0 37
28 37
31 37
17 44
25 44
0 17
3 43
43 49
10 49
0 49
25 49
10 31
6 10
18 28
21 28
21 45
6 45
6 25
14 48
14 27
27 30
21 27
5 27
32 48
30 32
30 48
0 30
36 48
0 36
20 36
25 36
12 20
20 25
5 12
12 25
7 12
0 7
4 11
0 11
4 5
4 48
5 42
26 42
5 26
5 16
16 48
0 22
22 25
22 48
0 48
5 25
5 33
0 33
0 34
