50 122
10 46
46 49
47 49
20 49
1 46
1 20
17 47
1 17
3 46
3 47
3 20
3 40
10 40
3 12
17 41
3 41
3 43
43 45
2 6
11 18
10 32
32 49
9 18
9 32
22 46
20 22
22 30
0 4
4 37
8 46
8 20
4 8
8 28
0 28
25 30
25 28
39 46
1 39
4 39
18 39
25 39
39 49
16 34
34 42
33 42
11 33
16 42
0 42
9 16
13 16
5 13
1 7
7 28
7 21
7 36
9 36
2 29
24 25
24 29
15 21
15 24
15 29
25 26
10 26
9 26
15 26
10 24
7 29
5 7
17 34
27 34
10 27
27 45
27 39
21 23
30 38
38 48
31 37
31 38
38 49
3 38
23 38
23 39
22 23
8 25
8 44
0 14
8 14
8 11
37 48
17 37
11 37
3 37
21 48
22 48
22 35
17 22
0 22
19 35
0 19
9 19
19 49
11 32
11 43
18 21
6 21
2 44
2 49
17 44
44 45
3 45
10 43
12 30
30 49
17 30
0 1
1 49
1 10
10 47
10 20
20 46
0 20
