50 122
26 39
1 35
15 34
4 34
15 29
4 29
29 34
28 29
26 49
23 29
3 23
38 44
21 23
21 38
7 26
7 35
3 7
7 33
15 42
12 34
12 42
12 46
15 19
12 19
19 29
19 49
7 19
3 31
15 41
4 41
29 41
38 41
41 42
41 46
28 41
30 41
30 36
8 15
8 35
8 30
8 13
8 47
19 47
23 40
40 49
10 40
10 18
3 16
16 18
16 34
16 25
18 40
18 28
26 45
1 45
0 45
31 45
40 45
36 45
40 43
19 43
10 25
10 39
11 20
5 11
5 42
5 27
17 48
13 17
42 48
27 48
46 48
15 22
4 22
32 46
22 32
1 22
0 22
13 22
24 39
22 24
5 22
13 20
20 25
20 39
8 25
9 30
2 46
2 9
6 23
6 35
3 6
6 21
6 9
6 46
9 33
31 36
36 44
19 31
29 42
35 42
33 42
34 37
33 37
7 21
21 44
21 34
3 38
13 23
13 49
34 49
28 49
28 44
14 39
14 28
26 34
0 34
15 46
35 46
1 39
26 44
0 44
