50 367
11 41
28 41
11 29
28 29
11 22
22 41
22 29
7 11
7 28
7 22
38 41
29 38
7 38
4 11
4 28
4 22
4 38
11 23
22 23
23 41
7 23
23 29
11 32
28 32
22 32
23 32
11 24
22 24
23 24
24 41
7 24
24 29
24 32
11 37
28 37
22 37
23 37
24 37
10 41
10 29
7 10
10 32
10 37
11 43
28 43
22 43
24 43
10 43
29 43
11 46
28 46
22 46
38 46
23 46
24 46
10 46
16 41
7 16
16 29
11 44
28 44
22 44
23 44
10 44
16 44
29 44
44 46
27 41
4 27
9 27
0 27
27 32
7 27
9 41
11 42
28 42
22 42
38 42
23 42
24 42
10 42
16 42
29 42
11 26
23 26
11 47
28 47
22 47
38 47
23 47
24 47
41 47
29 47
7 47
6 11
6 22
6 47
6 16
6 29
6 41
6 9
8 10
21 41
7 21
21 32
21 29
31 47
21 31
29 31
26 31
13 31
0 31
7 30
30 41
9 30
14 24
14 47
14 29
14 41
14 39
0 14
6 14
13 36
0 36
14 36
22 48
24 48
10 48
21 48
46 48
26 48
42 48
11 40
23 40
40 47
21 40
7 40
40 46
9 40
39 40
15 46
15 41
9 15
15 40
14 15
18 47
16 18
7 18
18 46
18 42
18 40
14 18
18 35
18 43
18 32
11 25
23 25
10 25
25 29
25 46
25 26
25 42
25 40
14 25
25 35
25 44
9 20
8 20
20 30
7 34
34 41
9 34
0 34
7 19
19 26
13 19
8 19
19 34
7 49
41 49
13 49
0 49
36 49
5 47
5 16
5 7
5 41
5 42
5 40
5 36
5 37
5 48
5 44
1 11
1 22
1 23
1 24
1 10
1 21
1 29
1 26
1 42
1 8
1 14
1 5
1 43
1 15
1 20
13 45
40 45
14 45
34 45
45 49
2 39
2 8
2 30
2 34
2 44
2 32
2 6
2 45
2 19
2 20
25 45
45 48
1 45
24 33
16 33
29 33
26 33
9 33
0 33
33 36
33 49
31 33
32 33
7 12
12 41
12 42
12 39
12 36
12 34
12 31
12 15
12 19
12 48
12 33
17 46
17 41
13 17
17 39
17 36
5 17
17 43
17 32
12 17
3 29
3 46
3 42
3 40
3 14
3 35
3 31
3 32
3 6
3 18
3 19
3 17
17 33
17 19
33 45
1 33
1 18
5 49
5 6
19 49
48 49
44 49
43 49
19 44
4 19
34 37
4 34
20 34
34 43
20 31
4 20
20 25
20 37
18 25
6 25
4 25
6 18
31 35
15 35
32 35
15 44
15 43
15 48
15 37
37 40
40 48
36 48
37 48
4 48
30 36
39 43
30 39
8 39
30 44
30 32
30 43
4 30
30 31
31 32
4 31
21 26
8 21
7 8
8 26
8 9
4 8
8 44
6 8
0 8
6 43
6 37
0 47
26 47
37 47
32 47
4 47
26 46
26 43
26 32
26 37
26 42
0 42
9 42
32 42
9 13
13 37
13 44
4 13
37 44
0 16
16 46
16 37
29 46
43 46
0 46
0 43
4 10
7 37
4 37
4 24
0 24
0 32
4 23
0 23
4 41
0 38
7 41
0 22
29 41
0 28
0 11
