50 122
20 33
25 33
7 33
7 47
5 20
13 33
5 13
13 24
10 24
33 38
10 38
10 29
1 29
21 25
1 21
10 27
21 27
13 45
37 45
7 37
32 45
15 29
15 25
15 45
2 33
2 3
3 13
2 17
7 17
6 13
6 14
14 25
13 23
23 46
23 45
10 19
6 19
24 43
10 43
13 43
25 43
9 43
19 43
15 43
1 35
35 43
9 19
9 11
11 18
31 45
18 31
4 32
1 4
2 4
4 48
31 48
14 42
42 48
11 48
20 31
29 36
25 36
26 46
10 28
28 46
26 28
28 38
1 28
28 34
23 34
26 36
26 38
12 22
12 38
12 44
27 44
12 27
8 22
7 8
8 27
1 8
22 41
29 30
6 30
22 30
7 30
32 39
7 39
15 39
30 39
23 30
0 16
16 41
2 16
16 49
20 49
36 41
14 41
14 36
11 36
7 9
19 38
19 23
14 46
6 38
2 6
2 40
2 20
15 40
27 32
20 21
29 38
10 20
20 24
24 25
7 24
13 20
13 25
5 25
5 7
25 47
0 20
