50 612
20 46
20 47
20 26
45 46
45 47
26 45
35 46
35 47
26 35
20 35
35 45
30 46
30 47
26 30
30 35
29 46
29 47
26 29
29 35
20 29
29 45
29 30
17 46
17 47
17 26
17 35
17 29
44 47
35 44
29 44
20 44
44 45
30 44
17 44
9 46
9 47
9 26
9 35
9 29
9 44
46 49
47 49
26 49
35 49
29 49
44 49
20 49
45 49
30 49
17 49
9 49
3 46
3 47
3 26
3 35
3 29
3 44
3 49
36 46
36 47
26 36
35 36
29 36
36 44
36 49
20 36
36 45
30 36
17 36
3 36
34 46
34 47
26 34
34 35
29 34
34 44
34 49
34 36
1 47
1 49
1 20
1 45
1 30
1 17
7 46
7 47
7 26
7 35
7 29
7 44
7 49
7 36
1 7
13 47
13 35
13 29
13 44
13 49
13 36
13 20
13 45
13 30
13 17
13 34
9 13
3 13
7 13
31 46
31 47
31 35
29 31
31 44
31 49
13 31
12 46
12 47
12 26
12 35
12 29
12 44
12 49
12 36
12 13
12 20
12 45
12 30
12 17
9 12
12 34
7 12
3 12
16 46
16 47
16 35
16 29
16 44
16 36
1 16
12 16
42 46
42 47
35 42
29 42
42 44
42 49
1 42
1 48
20 48
45 48
30 48
17 48
9 48
11 13
11 48
11 42
18 46
18 47
18 35
18 29
18 44
18 49
18 36
1 18
13 18
18 48
18 20
18 45
18 30
17 18
43 46
43 47
35 43
29 43
43 44
36 43
13 43
12 43
18 43
16 43
7 43
43 45
15 18
6 46
6 47
6 35
6 29
6 44
6 49
6 36
1 6
6 13
6 12
6 42
6 20
6 45
6 30
5 47
5 35
5 29
5 36
1 5
5 12
5 18
5 6
5 20
5 45
5 30
5 27
27 45
15 27
28 46
28 47
28 35
28 29
28 44
28 49
28 36
1 28
13 28
28 48
28 42
6 28
5 28
20 33
30 33
28 33
14 47
14 35
14 29
14 49
13 14
12 14
14 42
14 16
5 14
14 33
9 14
14 28
11 14
14 17
18 41
16 41
5 41
33 41
9 41
38 42
16 38
7 38
38 45
9 38
20 38
38 43
19 47
19 35
19 49
19 36
13 19
12 19
18 19
6 19
7 19
19 45
15 19
19 38
11 19
17 19
19 27
19 41
1 37
37 48
18 37
16 37
5 37
37 45
9 37
37 38
2 46
2 47
2 35
2 29
2 44
2 36
1 2
2 12
2 42
2 18
2 6
2 45
2 9
2 38
2 20
6 40
40 45
9 40
28 40
2 40
17 40
6 24
5 24
24 33
24 28
17 24
32 47
32 35
32 44
32 49
13 32
12 32
18 32
6 32
7 32
32 45
15 32
32 38
2 32
17 32
25 42
6 25
5 25
25 45
15 25
25 38
11 25
25 32
25 41
25 27
25 30
25 43
25 40
2 10
10 19
10 24
10 27
10 30
10 37
10 20
0 10
3 10
22 46
22 47
22 26
22 35
22 29
22 44
22 49
22 36
1 22
12 22
22 42
6 22
7 22
22 33
15 22
22 28
11 22
22 32
19 22
22 27
22 30
22 43
22 40
10 22
0 22
4 36
4 48
4 42
4 16
4 5
4 45
4 15
4 28
2 4
4 32
4 24
4 14
4 30
4 43
4 40
4 10
4 31
4 34
4 22
21 44
21 49
13 21
21 48
18 21
16 21
5 21
21 45
9 21
21 28
11 21
17 21
21 24
14 21
39 48
16 39
7 39
5 39
15 39
28 39
11 39
17 39
19 39
27 39
30 39
21 39
20 39
23 46
23 47
23 35
23 29
23 49
23 36
13 23
12 23
23 48
16 23
7 23
23 33
15 23
23 28
2 23
23 32
23 41
14 23
23 39
23 37
23 40
23 31
23 25
23 34
1 8
8 48
8 42
8 16
7 8
8 45
8 9
8 38
2 8
8 32
8 24
8 14
8 30
8 43
8 20
8 31
0 8
8 25
8 23
3 8
22 23
39 43
34 39
37 39
3 39
21 37
20 21
21 40
0 21
4 21
21 22
3 21
10 25
0 25
25 34
24 32
30 32
31 32
3 32
20 32
24 43
20 24
24 41
24 40
24 27
24 37
40 41
14 40
40 43
20 40
2 27
2 34
2 3
2 30
2 37
19 37
27 37
34 37
20 37
3 37
0 37
19 30
3 19
0 19
19 34
0 38
3 38
30 38
31 38
38 41
11 41
31 41
14 41
34 41
41 43
3 41
0 41
14 27
3 14
14 30
14 31
0 33
15 33
33 34
11 33
15 28
20 28
27 28
11 28
28 34
17 28
20 27
27 31
27 30
5 15
5 17
3 5
6 15
0 6
6 7
6 17
6 11
15 20
9 15
15 30
15 43
15 31
11 43
17 43
0 43
31 43
9 18
18 31
3 18
18 34
11 18
11 45
11 20
11 17
0 11
11 31
0 48
7 48
3 48
42 48
34 48
20 42
42 45
30 42
17 42
16 42
34 42
7 42
0 42
16 20
16 45
16 30
16 17
3 16
16 31
9 16
12 31
7 31
31 45
20 31
31 34
3 31
7 20
7 45
7 30
0 7
7 34
7 9
3 7
1 9
1 3
1 34
0 1
9 34
17 34
20 34
3 34
9 36
3 9
0 49
9 45
9 20
9 17
0 9
17 45
17 20
0 17
0 29
30 45
0 30
0 35
20 45
46 47
0 47
