50 490
2 45
2 11
11 45
2 43
11 43
45 49
43 49
2 5
5 11
5 49
2 27
11 27
27 49
27 45
27 43
2 20
11 20
20 49
20 27
1 20
35 45
35 43
2 46
11 46
46 49
27 46
1 46
35 46
0 46
2 10
10 49
1 10
10 45
10 43
5 10
10 46
10 20
2 7
7 11
7 49
7 27
1 7
7 35
0 7
7 10
27 28
0 28
28 45
28 43
20 28
28 46
5 28
7 28
11 17
17 27
1 17
17 28
17 45
2 21
21 27
21 35
21 28
21 45
21 43
21 46
20 21
5 21
2 36
11 36
1 36
0 36
28 36
21 36
33 43
33 46
20 33
5 33
2 4
4 11
4 49
4 27
1 4
4 35
0 4
4 10
4 45
4 43
4 20
4 46
4 5
4 7
2 37
37 49
1 37
10 37
4 37
21 37
2 42
27 42
35 42
28 42
42 45
21 42
8 43
5 8
2 30
11 30
30 49
27 30
1 30
30 35
0 30
10 30
4 30
30 45
8 30
30 46
2 9
9 11
9 27
9 10
4 9
9 45
9 33
9 20
9 17
34 42
20 34
9 34
6 34
2 25
25 49
25 35
0 25
25 45
21 25
25 33
20 25
40 42
40 46
30 40
2 38
11 38
38 49
27 38
1 38
35 38
0 38
10 38
28 38
33 38
38 42
38 46
38 40
6 38
25 38
16 27
10 16
4 16
16 45
16 42
3 16
3 17
27 39
0 39
4 39
21 39
39 42
3 39
9 39
39 40
25 39
16 39
2 26
11 26
26 49
26 27
26 35
10 26
4 26
26 45
18 43
18 20
5 18
18 46
2 19
19 27
1 19
0 19
19 45
19 21
18 19
19 20
19 30
19 40
19 25
16 19
2 41
11 41
41 49
27 41
35 41
0 41
41 45
21 41
18 41
41 46
30 41
6 41
28 31
31 45
18 31
20 31
31 46
6 31
11 13
13 27
1 13
10 13
4 13
13 45
13 42
3 13
13 46
2 23
11 23
23 49
23 27
0 23
10 23
23 45
21 23
8 23
20 23
9 23
23 40
13 23
18 32
20 32
32 46
23 32
25 32
5 32
32 41
12 28
12 45
12 42
12 20
9 12
12 23
12 25
5 12
12 41
12 38
12 32
12 43
12 17
12 39
22 35
0 22
4 22
22 45
18 22
22 46
22 30
22 23
22 31
5 22
22 41
12 22
2 14
11 14
14 49
14 27
1 14
10 14
14 45
14 33
8 14
14 46
9 14
14 40
14 25
14 16
14 41
14 38
14 19
7 14
14 43
29 31
5 29
29 41
29 36
14 29
17 29
13 29
19 29
22 29
29 39
14 22
2 24
11 24
24 27
24 28
4 24
24 45
24 42
3 24
24 30
6 24
24 25
24 37
24 26
24 38
14 24
13 24
7 24
24 39
24 43
22 24
22 34
13 22
22 43
46 48
40 48
23 48
16 48
37 48
12 48
36 48
17 48
7 48
19 48
43 48
44 45
21 44
42 44
3 44
9 44
23 44
31 44
16 44
41 44
36 44
34 44
32 44
7 44
19 44
28 47
33 47
8 47
20 47
30 47
23 47
31 47
16 47
37 47
26 47
36 47
32 47
13 47
2 15
11 15
15 49
15 27
15 35
10 15
15 28
15 45
15 42
15 20
15 30
15 40
15 31
5 15
15 26
15 38
15 34
15 17
13 15
15 47
15 43
15 39
39 47
44 47
44 48
32 34
19 32
32 39
17 32
23 25
7 23
23 36
13 31
13 16
13 37
13 38
13 34
17 31
31 43
31 41
26 31
5 41
19 41
36 41
19 36
7 19
18 26
20 26
26 30
6 26
26 37
26 39
17 26
26 34
26 43
7 26
36 39
3 5
3 36
9 16
16 40
5 16
7 16
16 38
37 38
34 38
7 38
25 40
36 40
17 40
6 25
25 37
25 34
5 34
34 43
5 9
9 30
7 9
9 36
30 43
30 37
6 30
8 20
8 17
8 42
6 8
42 43
42 46
37 42
20 37
6 37
5 37
17 37
36 37
4 6
6 33
6 46
5 6
6 43
6 7
7 33
33 36
17 36
7 21
17 21
7 17
7 45
7 46
45 46
43 46
5 35
20 35
0 20
20 45
20 43
5 27
1 27
1 5
0 5
5 45
5 43
1 43
0 43
43 45
1 11
1 45
0 45
1 2
0 1
