50 612
41 49
13 41
15 49
13 15
15 25
41 46
16 49
13 16
16 25
16 46
38 49
13 38
25 38
38 46
38 41
16 38
15 38
20 49
13 20
20 25
20 46
20 38
25 44
41 44
15 44
16 44
20 44
31 49
13 31
25 31
31 46
31 38
31 44
4 25
4 38
4 44
4 41
4 16
4 15
4 20
48 49
13 48
25 48
46 48
38 48
44 48
4 48
16 48
3 49
3 13
3 25
3 46
3 38
3 44
3 4
3 16
3 41
3 15
3 20
3 48
47 49
13 47
25 47
46 47
38 47
44 47
4 47
16 47
3 47
36 41
15 36
20 36
36 48
36 47
31 36
11 49
11 13
11 25
11 46
11 38
11 44
4 11
11 16
3 11
11 36
11 47
21 25
21 38
21 44
4 21
16 21
21 36
21 41
15 21
20 21
21 48
21 31
11 21
28 49
13 28
25 28
28 46
28 38
28 44
4 28
16 28
3 28
28 36
28 47
21 28
11 28
16 26
26 36
11 26
45 47
41 45
15 45
20 45
45 48
31 45
26 45
11 29
29 45
25 35
35 38
35 44
4 35
16 35
35 36
11 35
35 45
35 41
15 35
20 35
35 48
31 35
6 49
6 13
6 25
6 38
6 44
6 16
3 6
6 47
6 21
6 35
14 25
4 14
14 16
14 36
14 47
14 26
14 41
14 15
14 20
14 48
14 31
14 28
0 14
14 19
19 31
34 49
25 34
34 46
34 38
34 44
4 34
16 34
3 34
34 47
34 45
14 34
31 34
34 41
15 34
20 34
1 16
1 3
1 21
1 35
1 14
1 31
1 34
11 12
12 26
12 14
9 38
9 16
3 9
9 47
9 11
9 35
9 41
9 15
9 20
9 48
9 31
16 40
40 47
21 40
26 40
9 40
25 30
30 46
30 38
16 30
3 30
30 47
11 30
30 35
9 30
30 41
15 30
20 30
23 25
4 23
16 23
23 47
11 23
23 26
14 23
23 30
23 48
24 35
9 24
5 13
5 25
5 46
5 38
5 44
5 16
3 5
5 47
5 11
5 26
5 9
5 31
5 41
5 15
5 20
0 5
21 43
43 45
9 43
31 43
5 43
43 48
23 43
27 49
13 27
25 27
27 38
27 44
16 27
3 27
27 36
21 27
27 45
14 27
27 30
27 34
24 27
27 41
10 25
10 38
10 44
4 10
10 16
10 47
10 11
10 45
10 35
10 30
5 10
10 24
10 27
27 32
6 32
32 41
37 49
13 37
25 37
37 46
37 38
37 44
4 37
16 37
3 37
36 37
37 47
26 37
9 37
31 37
34 37
37 48
23 37
32 37
10 37
37 41
29 37
17 21
17 26
9 17
17 31
5 17
12 17
17 24
17 32
17 40
10 17
17 29
16 18
3 18
11 18
18 45
18 35
18 30
18 34
18 24
18 23
6 18
18 40
18 41
33 38
16 33
3 33
33 47
11 33
33 45
14 33
31 33
5 33
33 48
24 33
6 33
32 33
10 33
33 43
38 39
4 39
3 39
39 47
21 39
26 39
35 39
30 39
34 39
39 48
23 39
6 39
39 40
0 39
33 39
17 39
19 39
7 38
4 7
3 7
7 47
7 21
7 26
7 35
7 31
5 7
7 48
7 27
6 7
7 40
0 7
7 41
7 17
7 20
7 43
1 7
7 39
7 37
8 49
8 13
8 25
8 46
8 38
8 44
4 8
8 16
3 8
8 47
8 21
8 45
8 9
8 31
8 34
8 12
8 23
6 8
8 10
0 8
8 29
22 49
13 22
22 25
22 46
22 38
22 44
4 22
16 22
3 22
22 36
22 47
21 22
11 22
22 45
9 22
22 30
22 48
12 22
22 24
22 32
22 40
0 22
22 33
17 22
22 28
22 43
8 22
16 42
3 42
11 42
42 45
14 42
30 42
34 42
12 42
24 42
27 42
10 42
0 42
29 42
22 42
20 42
42 43
1 42
39 42
8 42
28 42
19 22
15 22
8 19
7 8
8 18
2 25
2 38
2 16
2 36
2 11
2 26
2 9
2 31
2 34
2 12
2 27
2 32
2 40
2 10
2 33
2 17
2 19
2 43
2 37
1 2
2 15
2 8
8 15
37 39
1 39
28 39
15 33
18 33
29 33
1 33
17 18
18 19
18 43
18 37
15 18
1 18
17 37
17 20
20 37
28 37
1 32
10 32
0 32
29 32
10 41
10 28
1 10
10 15
1 27
15 27
19 27
27 43
20 27
0 27
40 43
41 43
28 43
15 43
5 24
5 28
5 6
5 48
5 29
24 48
24 41
15 24
23 24
24 40
20 24
23 41
15 23
23 29
19 23
23 28
6 23
0 23
0 30
30 40
6 30
28 30
30 48
34 40
40 48
6 40
40 41
20 40
19 40
9 12
12 34
12 41
12 15
1 12
12 28
12 20
12 19
12 29
6 12
1 41
1 29
1 19
19 34
0 19
19 29
19 20
6 14
6 41
6 28
6 29
6 15
0 35
29 35
29 31
29 41
20 29
26 41
15 26
20 26
26 31
26 48
26 28
0 28
28 41
20 28
15 28
0 21
11 41
11 15
11 20
11 48
11 31
41 47
15 47
20 47
31 47
47 48
0 47
3 31
0 3
31 48
41 48
15 48
20 48
0 48
4 31
16 31
31 41
15 31
20 31
16 20
0 20
15 20
0 38
16 41
15 16
0 16
15 46
0 46
15 41
13 25
25 41
0 41
25 49
0 25
