50 367
34 46
2 46
9 34
2 9
11 46
9 11
3 11
11 34
2 36
11 36
44 46
9 44
3 44
34 44
36 44
34 43
2 43
11 43
43 44
14 46
9 14
3 14
14 34
14 36
14 43
3 27
27 34
2 27
11 27
27 44
8 46
8 9
3 8
8 34
8 36
8 43
8 27
34 38
2 38
11 38
38 44
8 38
14 38
46 49
9 49
3 49
34 49
43 49
27 49
38 49
34 47
2 47
11 47
44 47
34 35
35 47
2 26
11 26
26 44
12 26
3 13
13 34
13 27
29 46
9 29
3 29
29 34
29 43
27 29
29 38
2 29
11 29
29 44
8 29
14 29
3 20
20 34
20 43
20 27
20 38
20 29
5 34
5 38
2 5
5 11
4 34
4 29
4 5
4 14
4 44
2 4
4 35
4 49
3 42
34 42
27 42
29 42
2 42
11 42
42 44
10 42
13 42
25 34
25 47
25 42
25 44
5 6
6 14
2 6
34 41
29 41
41 42
14 41
6 41
5 7
7 14
3 23
23 34
23 36
23 43
23 38
23 29
23 42
14 23
6 23
2 23
31 46
9 31
3 31
31 34
31 36
31 43
27 31
31 47
5 31
13 31
23 31
31 41
16 34
16 47
5 16
16 44
2 17
17 40
2 37
11 37
37 44
3 15
15 34
15 38
15 37
13 15
15 44
15 17
15 41
15 16
11 15
17 33
4 33
7 33
28 33
21 46
9 21
3 21
21 34
21 36
21 43
21 38
21 29
21 42
13 21
6 21
21 30
12 21
5 32
32 44
17 32
4 32
16 32
21 32
7 24
24 32
2 19
3 39
34 39
38 39
39 47
37 39
13 39
17 39
23 39
12 39
28 39
19 39
8 39
22 44
22 23
12 22
11 22
22 33
2 22
22 31
22 40
10 22
22 39
35 39
39 49
10 39
8 19
18 34
14 18
17 18
18 41
12 18
7 18
18 19
18 21
34 48
47 48
5 48
13 48
23 48
30 48
16 48
32 48
5 45
44 45
23 45
41 45
7 45
28 45
33 45
45 48
40 45
25 45
0 45
45 49
2 48
1 34
1 47
1 26
1 14
1 6
1 30
1 12
1 11
1 28
0 1
1 48
1 15
1 49
1 35
18 48
24 48
20 48
18 25
18 49
18 20
19 24
10 19
0 24
15 24
24 40
24 25
32 35
32 40
10 32
31 32
21 33
8 21
21 35
21 40
21 25
33 35
20 33
15 33
8 15
15 31
15 25
28 37
13 28
6 28
28 30
12 28
20 28
0 28
28 31
30 40
20 30
11 30
0 30
7 40
20 40
25 40
12 17
0 17
16 17
16 41
16 35
16 25
16 20
8 16
16 31
0 31
31 35
31 49
23 49
7 23
23 35
7 41
7 12
7 10
7 49
12 41
2 41
11 41
6 10
6 11
6 8
6 25
4 25
11 25
0 42
42 49
8 42
10 14
4 10
0 10
10 20
10 35
4 8
0 4
5 14
5 20
13 20
20 44
8 20
13 29
0 29
2 13
11 13
12 13
0 13
2 12
26 35
14 35
14 47
47 49
8 47
44 49
11 49
2 49
8 44
8 11
2 8
14 27
0 27
2 14
11 14
2 44
2 11
2 3
2 34
0 2
3 34
0 34
0 3
