50 367
17 22
4 22
4 17
19 22
4 19
19 23
17 23
22 35
4 35
23 35
11 22
11 17
11 19
22 28
4 28
23 28
11 28
14 17
14 19
14 28
22 42
4 42
23 42
11 42
14 42
22 41
11 41
14 41
17 41
19 41
35 41
5 22
4 5
5 23
5 11
5 14
5 41
19 47
17 47
5 47
42 47
35 47
0 47
28 47
22 39
4 39
23 39
11 39
39 47
19 24
17 24
24 42
22 26
14 26
6 17
6 19
5 6
6 28
0 6
6 35
6 42
6 43
17 48
19 48
22 32
32 48
19 32
32 42
1 19
1 17
40 41
19 20
17 20
14 21
20 21
19 21
21 26
21 35
30 43
41 45
20 45
1 45
32 45
43 45
15 45
39 45
22 34
6 34
19 34
3 17
3 34
2 22
2 4
2 23
2 11
2 41
2 48
2 20
2 3
2 45
18 22
4 18
18 23
11 18
14 18
18 41
6 18
25 47
6 25
17 25
19 25
25 35
0 25
25 28
5 25
25 42
18 25
12 22
4 12
12 23
11 12
12 14
12 41
12 47
12 25
12 20
12 26
12 35
12 18
12 46
12 43
16 41
16 25
16 19
3 16
16 45
16 30
16 46
12 16
7 22
4 7
7 47
7 25
1 7
7 32
7 35
7 30
31 47
31 48
1 31
19 31
31 35
10 22
4 10
10 23
10 11
6 10
10 48
10 19
10 26
19 49
26 49
10 49
30 49
31 49
13 32
13 31
22 38
20 38
19 38
26 38
38 45
31 38
38 40
17 38
38 43
13 38
1 27
3 27
27 45
18 27
27 38
27 43
8 35
8 10
8 40
8 43
7 8
22 33
11 33
14 33
25 33
1 33
26 33
33 35
10 33
33 40
13 33
8 33
9 49
0 9
10 36
30 36
36 46
12 36
7 36
9 36
27 36
2 36
17 36
5 36
9 33
17 33
5 33
33 39
15 33
19 37
26 37
35 37
18 37
31 37
12 37
8 37
22 44
11 44
14 44
6 44
19 44
3 44
32 44
18 44
40 44
13 44
34 44
16 44
2 44
28 44
37 44
15 44
37 42
37 49
37 39
21 37
8 27
0 8
8 21
5 27
27 39
21 27
27 49
15 38
29 40
29 38
29 34
16 29
28 29
0 29
15 29
21 29
0 38
13 43
2 13
5 13
13 42
13 49
34 49
5 49
39 49
10 40
10 28
0 10
5 10
10 31
10 39
31 42
17 31
21 31
7 31
7 43
7 17
7 28
7 15
7 16
16 39
16 17
16 42
12 34
12 28
12 17
1 18
18 32
18 45
18 34
2 18
18 40
0 18
18 28
2 46
2 34
2 42
2 17
2 21
34 45
34 46
34 42
5 34
45 46
15 30
15 46
0 15
5 15
21 30
30 46
21 43
21 28
20 40
20 43
20 26
20 39
5 20
1 40
26 40
0 40
40 42
28 40
1 35
1 28
1 46
32 46
39 46
5 46
28 32
5 32
32 39
32 43
43 48
35 48
39 43
6 26
24 26
0 26
17 26
26 35
0 24
5 24
24 39
24 28
17 39
5 35
41 42
0 41
28 41
19 42
35 42
28 42
0 42
0 14
14 35
0 28
0 11
11 35
17 35
0 23
17 19
0 19
0 4
0 22
