50 367
11 31
5 11
11 33
31 33
5 33
11 36
33 36
11 47
33 47
31 47
5 47
36 47
11 14
14 33
14 47
31 40
5 40
36 40
3 11
3 33
3 47
3 40
31 35
5 35
35 36
3 35
14 35
6 11
6 33
6 47
6 40
6 35
9 33
9 35
9 31
5 9
9 36
9 14
3 9
11 23
23 33
23 47
23 40
23 35
9 23
11 15
15 33
15 47
9 15
18 31
5 18
18 36
14 18
3 18
15 18
28 33
28 47
28 40
28 35
18 28
5 28
0 28
33 41
41 47
40 41
9 41
15 41
5 41
0 41
31 41
8 9
33 38
38 47
15 38
31 38
5 38
36 38
10 18
10 38
11 32
32 33
32 47
32 35
9 32
15 32
5 32
31 32
32 36
33 34
34 35
9 34
5 34
32 34
17 31
17 36
17 34
10 17
16 33
16 47
16 40
16 35
16 18
5 16
16 32
16 17
0 12
5 25
25 31
15 46
5 46
25 46
41 46
33 44
44 47
27 31
5 27
27 36
3 27
14 27
33 45
9 45
27 45
38 45
25 45
17 45
2 33
2 47
2 15
2 5
0 2
2 25
2 41
2 31
2 14
2 28
29 32
25 29
2 29
29 36
44 49
28 49
42 44
20 31
24 33
24 47
24 27
24 38
0 24
24 41
20 24
24 28
24 45
8 24
9 21
5 21
0 21
21 25
21 44
21 28
21 45
8 21
7 12
7 20
7 49
7 23
7 21
11 48
33 48
47 48
40 48
27 48
5 48
32 48
41 48
2 48
5 22
22 25
2 22
22 31
10 22
22 23
13 44
13 22
13 49
13 23
13 21
19 47
19 40
15 19
19 38
19 32
19 41
12 19
19 36
19 45
19 29
19 23
3 19
27 39
38 39
32 39
25 39
12 39
22 39
39 49
31 39
12 43
36 43
31 43
29 43
39 43
43 46
6 43
43 48
42 43
16 43
19 39
7 39
6 39
16 30
30 34
30 45
3 30
30 37
14 30
8 37
23 37
37 46
37 39
13 37
37 42
18 26
26 38
5 26
26 41
2 26
26 28
26 45
26 29
23 26
26 46
1 41
1 22
1 49
1 31
3 4
4 16
1 4
4 34
1 46
1 16
1 14
1 26
1 10
24 26
10 26
26 37
3 39
13 19
19 34
19 24
13 24
13 34
6 13
14 22
22 48
22 46
28 48
8 48
23 48
24 48
6 48
7 48
10 48
3 7
7 16
7 10
21 24
10 21
21 42
14 21
24 42
20 36
20 42
8 20
42 49
31 42
6 42
34 42
31 49
29 49
10 49
29 31
3 29
10 29
29 46
2 12
2 45
36 45
8 45
6 45
23 45
27 44
5 44
32 44
17 44
31 44
10 44
3 44
44 46
36 44
23 44
28 46
34 46
14 46
6 25
14 25
12 25
12 31
6 12
12 16
12 34
8 12
16 28
16 31
3 16
14 16
3 17
34 36
31 34
14 34
6 32
10 32
3 10
3 38
14 38
8 38
23 38
5 8
8 41
8 23
8 14
6 8
28 41
23 41
28 36
6 28
15 31
5 15
15 36
15 23
3 15
6 15
14 15
5 23
6 9
5 6
6 14
0 3
3 36
14 40
0 14
5 36
0 36
31 36
5 31
0 31
