50 490
2 23
2 36
1 23
1 36
2 5
1 5
0 5
23 48
36 48
5 48
2 41
1 41
0 41
23 34
34 36
5 34
34 41
23 32
32 36
5 32
32 41
2 32
1 32
0 32
23 38
36 38
5 38
38 41
32 38
2 40
1 40
0 40
40 48
38 40
34 40
14 23
14 36
5 14
14 41
14 32
14 40
1 14
24 32
1 24
2 24
0 24
24 48
24 34
24 38
18 32
18 40
1 18
18 24
2 46
0 46
34 46
38 46
46 48
25 41
25 32
25 40
1 25
25 46
14 25
2 26
0 26
1 8
8 14
8 26
40 45
1 45
24 45
1 21
2 21
0 21
21 34
21 48
21 38
4 23
4 32
4 40
1 4
4 24
4 21
4 26
4 45
35 36
32 35
1 35
24 35
35 46
21 35
26 35
35 45
2 35
0 35
15 23
15 36
5 15
15 32
15 40
1 15
15 24
14 15
1 29
2 42
0 42
38 42
42 48
34 42
14 42
13 23
13 36
5 13
13 41
13 32
13 40
1 13
13 24
13 46
13 42
13 29
13 45
13 35
1 7
1 22
22 42
22 26
22 29
2 22
0 22
15 22
1 27
14 27
27 29
22 27
28 32
1 28
28 46
21 28
28 29
22 28
28 35
2 28
0 28
18 28
28 39
12 28
2 12
12 48
16 23
16 32
1 16
16 24
16 46
16 21
16 26
16 45
16 28
12 16
16 27
2 47
16 47
27 49
47 49
8 49
0 49
39 49
25 49
2 49
1 6
6 42
6 29
6 45
6 35
6 7
1 37
37 42
14 37
37 45
28 37
12 37
2 20
0 20
4 20
20 34
23 44
32 44
40 44
1 44
24 44
21 44
14 44
44 45
28 44
7 44
20 44
17 23
17 36
17 41
17 32
1 17
17 24
17 46
17 42
17 26
17 22
17 28
7 17
17 27
2 17
6 17
17 48
9 32
1 9
9 46
9 21
9 29
9 22
9 35
7 9
9 37
9 17
8 9
0 9
9 39
9 25
9 16
10 27
10 17
10 13
0 10
10 15
10 18
9 10
11 23
11 36
5 11
11 41
11 32
11 40
1 11
11 24
11 46
11 21
11 14
11 22
11 28
11 12
11 37
19 28
7 19
19 27
2 19
11 19
19 34
19 25
19 39
8 19
33 37
33 47
19 33
14 31
29 31
22 31
12 31
20 31
17 31
8 31
2 31
18 31
11 31
3 32
1 3
3 24
3 14
3 26
3 45
3 35
3 7
3 37
3 47
3 19
3 31
3 39
3 49
3 16
3 9
3 11
3 10
26 43
22 43
35 43
12 43
20 43
17 43
8 43
31 43
39 43
43 49
9 43
43 44
6 43
38 43
3 43
34 43
3 38
31 34
23 30
30 36
5 30
30 32
30 40
1 30
24 30
21 30
29 30
30 45
30 35
7 30
30 37
30 47
13 30
30 31
15 30
25 30
16 30
30 44
11 30
2 30
4 30
30 34
16 31
31 33
2 33
25 33
6 33
4 33
15 33
11 33
33 38
16 33
19 38
6 19
0 19
8 11
11 25
11 16
10 11
4 11
6 11
10 38
10 48
10 34
9 38
9 48
17 18
8 17
4 17
17 44
8 44
0 44
15 44
25 44
18 44
38 44
2 44
34 44
20 25
20 37
18 20
2 37
6 37
8 37
15 37
27 37
37 38
6 15
6 49
6 18
4 6
6 34
2 6
38 49
16 49
0 47
13 47
15 47
38 47
13 16
16 48
4 16
12 34
12 27
12 38
8 12
12 15
12 39
27 39
13 39
0 39
2 39
39 48
18 39
34 39
7 28
27 28
2 27
13 27
4 27
0 27
27 48
18 22
22 38
7 22
22 25
2 7
7 34
0 7
7 13
7 25
7 18
8 13
2 13
13 15
13 48
13 18
13 25
29 42
14 29
2 29
0 29
29 38
15 29
29 48
29 34
29 45
15 35
15 25
4 15
2 15
15 34
35 38
8 35
35 48
4 35
4 8
4 18
2 4
4 48
14 21
21 45
26 45
2 45
0 45
45 48
25 45
8 45
2 8
18 26
25 26
26 34
25 48
18 25
18 46
14 18
18 34
2 18
14 24
2 14
0 14
14 38
14 34
14 48
1 38
0 38
38 48
32 34
32 48
1 34
0 34
41 48
1 48
0 48
2 48
1 2
0 1
0 36
0 2
0 23
