50 490
25 38
38 49
25 49
16 38
16 49
24 38
24 25
16 24
30 38
30 49
24 30
38 45
25 45
16 45
30 45
3 38
3 49
3 24
3 45
15 38
15 24
15 25
15 16
15 30
38 44
44 49
24 44
44 45
15 44
4 38
4 25
4 16
4 30
3 4
12 38
12 49
12 24
12 45
12 15
4 12
12 25
38 46
24 46
15 46
25 46
16 46
30 46
44 46
3 46
12 46
20 38
20 49
20 24
20 45
15 20
4 20
20 25
20 46
16 32
30 32
32 44
20 32
3 32
12 32
38 43
43 49
24 43
43 45
15 43
4 43
25 43
43 46
32 43
31 38
24 31
15 31
4 31
25 31
31 46
16 31
30 31
20 31
3 31
31 43
31 44
12 31
7 38
7 24
7 15
7 25
7 31
38 40
25 40
31 40
38 42
42 49
24 42
42 45
15 42
4 42
25 42
32 42
16 42
30 42
33 38
25 33
33 42
12 33
9 25
9 12
9 16
9 30
7 9
9 44
13 38
13 40
9 13
14 38
14 25
14 32
14 42
9 14
14 16
28 38
28 49
24 28
28 45
15 28
4 28
25 28
28 46
28 31
28 40
14 28
2 38
2 49
2 24
2 45
2 15
2 4
2 25
2 46
2 42
2 40
2 9
2 16
38 48
42 48
9 48
2 48
19 38
12 19
19 43
2 19
16 19
10 38
10 15
10 25
10 46
10 42
10 12
10 43
10 19
10 13
18 38
18 49
18 24
18 45
15 18
4 18
18 25
18 46
18 42
12 18
9 18
14 18
13 18
18 21
10 18
5 21
5 18
5 36
36 48
33 36
16 36
13 29
21 29
29 36
17 36
6 38
6 24
6 15
4 6
6 25
6 46
6 32
6 40
6 43
2 6
6 19
6 18
37 43
14 37
13 37
27 38
12 27
9 27
2 27
19 27
16 27
38 47
24 47
25 47
46 47
31 47
42 47
43 47
14 47
21 47
27 47
1 38
1 49
1 24
1 45
1 15
1 4
1 25
1 32
1 42
1 12
1 43
1 2
1 19
1 27
34 38
34 49
24 34
34 45
15 34
4 34
25 34
34 46
31 34
12 34
34 43
14 34
21 34
18 34
1 34
34 36
7 34
10 34
11 38
11 25
11 31
11 40
9 11
11 14
11 19
11 27
11 37
6 11
11 48
11 34
11 30
11 16
10 11
1 35
6 35
0 35
8 38
8 25
8 32
8 40
8 43
2 8
8 19
8 27
8 37
7 8
8 48
8 44
8 35
7 22
8 22
20 22
22 28
19 26
18 26
26 37
17 26
0 26
26 29
20 26
26 28
22 26
3 26
23 38
23 49
23 24
23 45
15 23
4 23
23 25
23 46
23 31
12 23
9 23
2 23
13 23
23 27
23 37
23 36
0 23
8 23
23 30
5 23
22 23
23 26
10 23
16 23
38 41
40 41
9 41
14 41
13 41
18 41
37 41
6 41
41 48
34 41
30 41
11 41
5 41
26 41
41 44
16 41
3 22
38 39
25 39
31 39
12 39
39 43
14 39
13 39
18 39
37 39
6 39
0 39
29 39
34 39
28 39
22 39
33 39
10 39
39 44
8 47
8 16
8 33
30 35
11 35
35 47
33 35
3 35
35 44
3 11
5 34
3 34
34 44
0 1
1 10
1 47
1 30
1 37
1 20
1 44
1 7
6 47
7 47
20 47
28 47
5 47
33 47
16 47
20 27
27 48
27 33
3 27
27 37
3 37
6 37
28 37
6 30
6 20
6 17
6 33
17 48
16 17
17 29
10 17
3 17
5 17
0 17
0 29
5 29
3 29
20 29
29 30
28 29
5 48
5 44
5 10
18 30
0 18
16 18
7 10
10 20
10 33
0 19
19 30
19 44
19 21
16 21
21 48
3 21
7 21
21 28
21 44
7 48
20 48
44 48
3 48
2 3
2 7
2 20
2 28
2 30
13 28
7 28
0 28
20 28
28 33
13 14
14 33
0 14
14 44
13 16
13 33
7 13
13 20
9 33
0 33
20 33
3 42
12 42
42 43
42 44
20 42
40 42
16 40
30 40
7 40
3 40
40 44
20 40
40 43
7 44
7 16
0 31
12 43
16 43
30 43
3 43
0 43
12 20
12 16
12 30
0 12
4 44
25 44
30 44
3 15
3 25
3 16
25 30
0 30
16 30
16 25
0 25
0 38
