50 122
14 42
31 42
14 35
31 35
11 42
11 35
0 11
10 31
10 11
10 35
10 49
35 43
43 49
24 46
4 24
31 38
28 42
6 31
6 28
9 48
9 49
42 45
3 45
21 42
3 21
9 21
21 24
9 44
2 43
25 35
6 25
28 33
13 29
13 33
13 38
13 15
29 30
14 47
5 42
5 35
5 47
26 31
5 26
26 42
6 26
26 29
25 26
26 44
19 43
2 19
19 26
36 42
6 36
27 36
36 47
0 36
19 36
35 47
8 35
8 41
8 22
8 30
8 45
1 48
1 49
37 47
23 42
23 48
23 37
23 47
10 23
23 38
1 37
0 37
1 24
12 42
6 12
12 29
12 34
33 34
12 16
7 22
7 39
0 39
7 12
7 15
1 16
1 40
8 40
41 47
30 47
15 30
10 20
15 20
25 33
21 33
33 38
2 25
24 25
2 44
21 44
9 45
17 45
18 43
17 18
18 32
32 38
18 45
9 24
6 48
0 6
28 38
38 42
4 38
29 46
27 29
10 27
22 27
22 43
0 10
0 35
0 14
