50 122
9 21
9 20
21 29
20 29
29 48
21 38
20 38
38 44
21 22
20 22
9 25
22 25
25 31
4 31
29 49
22 49
3 49
45 48
27 45
20 45
30 45
13 30
20 37
19 37
12 38
12 22
17 21
12 17
12 19
33 37
12 33
14 42
14 27
14 33
24 46
7 42
7 13
7 34
0 7
7 24
7 30
0 24
15 42
15 27
15 25
35 37
9 11
11 38
11 42
5 11
5 21
4 5
5 41
41 49
6 41
6 26
32 37
32 35
26 32
1 41
1 32
11 21
11 35
11 48
25 43
43 44
36 43
30 36
11 43
15 35
10 15
33 40
40 46
15 40
47 48
40 47
10 24
0 46
14 46
4 23
12 23
14 23
8 45
27 39
8 39
25 39
39 44
8 21
8 44
8 23
0 8
2 14
28 34
16 20
16 27
16 21
12 16
16 28
16 44
28 49
18 28
2 18
12 48
34 37
30 34
30 49
21 45
27 49
25 49
3 13
13 20
4 13
13 48
4 48
4 25
22 44
20 44
21 44
38 48
0 20
21 42
0 42
