50 367
4 49
39 49
4 39
40 49
39 40
23 49
23 39
4 23
23 40
18 49
18 39
18 23
32 40
4 32
18 32
22 49
22 39
22 23
22 32
4 9
9 40
9 18
9 22
33 49
33 39
23 33
32 33
9 33
12 49
12 39
12 23
12 32
4 12
12 40
12 18
12 22
42 49
39 42
23 42
32 42
9 42
12 42
4 8
8 40
8 18
8 22
13 49
13 39
13 23
13 32
9 13
12 13
8 13
7 49
7 39
7 23
7 32
7 8
7 40
4 7
7 44
7 22
39 46
23 46
12 46
7 46
4 26
18 26
26 46
1 12
1 7
1 26
1 4
1 46
10 44
10 26
10 46
15 49
15 39
15 23
39 43
4 43
40 43
18 43
22 43
23 29
29 43
4 29
29 40
29 33
17 49
17 39
17 23
40 41
4 41
22 41
18 41
9 11
11 41
11 29
4 11
2 11
38 44
4 38
13 38
10 38
7 45
4 45
2 45
38 45
12 47
41 47
29 47
30 39
30 43
26 30
4 30
13 30
16 49
16 39
16 23
16 43
16 29
16 30
15 16
10 16
24 40
16 24
24 42
1 24
35 49
35 39
12 35
35 43
7 35
26 35
13 35
18 35
24 35
1 35
8 25
25 43
25 29
25 30
2 25
18 25
25 47
25 35
25 42
0 25
25 40
25 45
14 49
14 39
14 23
14 32
9 14
12 14
8 14
14 43
14 44
14 30
13 14
14 15
14 17
17 21
23 31
31 43
31 44
31 46
2 31
15 31
18 31
21 31
16 31
13 20
18 20
20 47
20 21
20 42
0 20
23 28
7 28
28 29
26 28
13 28
18 28
28 47
9 36
36 41
26 36
4 36
36 46
36 38
17 36
36 42
36 45
5 39
5 7
5 29
4 5
2 5
5 38
5 47
5 36
5 28
5 33
0 5
2 48
38 48
17 48
36 48
5 48
42 48
31 48
23 27
27 43
27 44
4 27
2 27
10 27
24 27
27 35
27 42
20 27
1 27
27 48
3 46
3 10
3 24
3 35
3 5
19 49
19 39
19 23
19 32
12 19
7 19
19 44
19 30
13 19
10 19
19 47
19 35
19 28
34 44
30 34
2 34
34 38
17 34
21 34
28 34
19 34
1 34
31 34
34 37
33 34
14 19
6 16
6 19
6 11
6 48
3 6
6 33
11 19
3 19
3 31
3 45
3 27
27 37
14 48
5 14
16 36
33 36
28 36
1 28
28 37
28 42
20 37
11 37
22 37
20 45
20 31
1 31
21 22
14 21
21 40
16 21
14 40
14 25
14 22
25 33
11 35
35 40
0 24
16 22
11 16
16 45
15 30
30 47
30 46
17 30
15 47
18 47
45 47
0 47
17 47
40 45
22 45
18 38
38 42
11 38
11 17
11 40
11 33
41 42
17 41
33 41
17 29
2 17
10 17
17 22
13 29
15 29
15 43
15 46
15 42
15 33
0 15
10 15
15 22
1 10
10 33
0 1
1 22
26 40
42 46
40 46
18 46
13 46
7 13
7 18
13 40
13 22
13 18
8 42
8 33
42 44
40 42
12 33
12 44
4 33
18 33
0 33
22 44
4 22
0 22
32 44
18 40
23 44
40 44
39 44
4 44
2 4
44 49
2 44
0 2
