50 367
9 20
20 43
20 22
9 22
22 43
20 48
22 48
20 36
22 36
9 36
36 43
36 48
20 40
22 40
36 40
3 20
3 22
3 36
3 9
3 43
3 48
20 32
22 32
32 36
3 32
0 32
9 33
33 43
33 48
33 40
32 33
20 49
22 49
36 49
3 49
0 49
33 49
22 35
35 36
9 35
35 43
35 48
20 25
22 25
25 36
3 25
0 25
25 33
25 35
11 20
11 22
11 36
3 11
11 33
9 11
11 43
11 48
22 30
30 36
3 30
0 30
11 30
2 11
2 9
2 43
2 48
2 30
0 26
2 26
8 35
2 8
7 9
7 43
7 48
7 46
9 12
12 43
12 40
7 13
12 13
41 48
16 33
11 16
7 16
9 16
16 43
16 18
18 24
20 42
22 42
36 42
3 42
35 42
11 42
2 42
24 42
9 42
42 49
8 21
21 24
21 42
21 49
4 35
4 11
4 48
4 8
4 42
4 40
10 16
10 12
10 41
4 10
5 22
3 5
5 35
2 5
5 48
5 8
5 26
5 49
8 28
9 34
34 43
7 29
29 34
26 29
29 40
5 29
6 7
6 34
6 41
6 40
6 47
11 27
2 27
8 27
27 34
27 42
4 27
27 47
6 27
9 27
27 30
15 20
15 22
15 36
3 15
15 35
2 15
15 16
12 15
15 26
15 40
15 28
15 46
15 21
1 36
1 3
1 33
1 11
1 48
1 12
1 41
1 49
1 5
22 37
36 37
3 37
0 37
35 37
11 37
8 37
34 37
37 41
16 39
24 39
39 42
9 39
37 39
13 39
28 39
16 23
23 34
23 26
23 39
23 28
23 46
13 23
16 17
8 17
17 26
17 49
17 47
17 37
17 29
38 48
24 38
26 38
38 40
5 38
37 38
21 38
17 38
19 41
19 49
19 47
6 19
13 19
19 30
19 43
19 32
14 48
8 14
14 41
14 39
14 28
6 14
9 14
1 14
14 19
14 38
14 25
10 14
19 38
23 38
25 38
10 17
17 23
17 43
1 17
18 23
10 23
20 45
22 45
36 45
3 45
35 45
11 45
45 48
24 45
26 45
39 45
28 45
6 45
13 45
1 45
15 45
23 45
18 45
28 44
44 46
21 44
9 44
15 44
32 44
18 44
44 45
39 40
25 39
5 37
25 37
1 37
21 37
13 37
18 37
1 29
31 48
12 31
31 41
4 31
28 31
31 46
13 31
1 31
30 31
25 31
31 43
10 31
1 15
15 18
15 27
27 32
25 27
27 43
6 43
6 29
6 10
25 29
9 29
21 29
29 32
34 49
28 34
32 34
28 42
28 46
28 47
13 47
18 47
5 47
5 9
5 30
5 10
10 21
10 30
4 46
4 21
4 32
4 43
4 25
21 30
30 42
18 42
42 43
18 49
13 18
18 30
16 24
16 30
16 49
9 24
24 43
24 41
24 30
24 25
9 41
13 41
41 46
13 43
12 26
12 46
32 46
9 46
30 46
7 8
7 40
8 9
8 43
8 26
9 26
26 40
25 26
2 40
2 32
2 49
30 49
11 25
25 48
9 25
35 40
35 49
32 35
9 49
32 49
32 48
32 40
9 32
32 43
3 40
0 40
40 43
9 40
0 48
9 48
43 48
0 43
0 9
