50 367
16 49
11 49
16 31
11 31
3 31
12 49
12 31
16 28
11 28
3 28
12 28
26 49
26 28
26 31
16 22
11 22
3 22
12 22
22 26
16 44
11 44
3 44
26 44
44 49
22 44
31 44
28 44
16 34
3 34
12 34
34 44
29 49
22 29
29 31
28 29
14 29
19 49
19 28
19 22
19 31
16 20
11 20
3 20
20 26
18 20
19 20
23 49
22 23
23 31
23 28
13 23
13 19
13 31
13 28
2 3
2 12
2 18
2 23
2 28
7 29
7 23
7 10
7 43
2 7
16 24
11 24
3 24
12 24
24 26
24 44
18 24
19 24
10 24
24 49
24 34
4 24
31 38
38 49
34 38
24 38
28 39
29 40
23 40
31 40
40 49
39 40
28 32
32 40
2 32
32 38
33 40
32 33
20 33
8 34
8 32
44 46
16 17
17 26
17 18
17 49
17 31
17 28
17 22
16 45
11 45
3 45
26 45
18 45
17 45
10 45
45 49
24 45
0 45
20 45
14 45
18 41
19 41
31 41
28 41
34 41
32 41
41 46
8 41
41 45
1 44
1 17
1 31
1 49
1 34
1 24
6 44
6 17
6 10
6 49
2 6
0 6
6 20
3 37
26 37
37 44
19 37
10 37
28 37
37 40
0 37
6 37
8 37
33 37
16 48
3 48
12 48
26 48
18 48
17 48
28 48
43 48
2 48
32 48
20 48
4 48
7 48
45 48
37 48
36 41
36 48
7 47
5 16
5 11
3 5
5 12
5 26
5 44
5 23
5 17
5 31
5 43
5 40
5 38
5 46
4 5
5 14
5 47
31 42
42 43
40 42
38 42
0 42
6 42
41 42
5 42
16 21
11 21
3 21
12 21
21 26
21 44
21 29
19 21
21 31
21 49
21 40
21 38
6 21
4 21
21 33
21 48
28 35
35 49
34 35
24 35
0 35
6 35
33 35
35 48
21 35
25 46
14 25
25 33
25 45
1 25
25 37
25 35
2 9
9 32
9 20
4 9
9 33
5 9
9 47
9 25
9 35
9 39
35 36
21 42
21 37
10 27
27 49
27 34
0 27
6 27
4 27
7 27
22 27
1 27
21 27
13 27
15 16
11 15
3 15
15 26
15 29
15 17
15 28
15 43
15 40
15 24
15 20
8 15
7 15
15 22
15 47
15 42
15 37
15 27
16 30
11 30
3 30
30 44
23 30
17 30
30 31
30 49
30 34
30 38
0 30
8 30
7 30
30 45
22 30
30 42
30 39
30 36
13 42
5 39
5 22
13 47
36 47
36 37
6 7
1 6
1 4
1 41
1 45
1 22
1 39
39 41
13 41
13 45
0 17
17 46
28 46
46 49
40 46
24 46
39 46
20 46
8 46
4 46
13 46
8 22
4 8
8 33
7 33
0 32
14 32
20 32
2 40
2 39
38 39
14 39
13 39
22 38
4 38
7 24
13 24
7 14
2 43
2 14
2 13
2 22
13 14
10 23
23 34
10 19
10 49
10 22
10 31
10 28
10 34
10 20
20 49
20 34
14 20
14 19
14 28
14 49
14 22
18 29
18 49
18 31
18 22
18 28
18 34
0 18
34 49
0 34
0 44
22 31
22 49
0 22
28 49
31 49
0 31
3 49
0 49
3 16
0 3
