50 245
3 5
5 13
3 21
13 21
5 8
8 21
5 38
3 38
8 38
5 49
21 49
38 49
5 23
23 38
3 23
8 23
23 49
13 23
5 47
38 47
23 47
3 47
13 47
8 47
47 49
23 26
26 47
6 15
3 29
5 22
22 38
22 23
2 3
2 13
16 38
2 16
6 16
23 36
36 47
6 36
36 43
35 37
11 24
24 37
5 39
21 39
23 39
39 47
29 39
39 43
22 39
39 44
6 28
28 35
28 37
17 35
17 26
8 17
17 28
15 17
41 44
17 41
39 45
5 40
38 40
23 40
2 40
6 40
26 40
8 9
14 38
14 47
14 35
14 37
9 14
27 40
3 27
14 27
0 27
22 27
1 37
1 27
1 15
1 3
1 45
1 24
11 46
43 46
9 46
28 46
22 46
18 46
14 18
15 34
14 34
38 42
42 47
29 42
26 42
9 42
40 42
22 42
42 49
16 42
34 42
30 38
30 47
29 30
30 37
8 30
0 30
7 8
0 7
25 39
0 25
25 40
7 25
13 25
14 25
25 45
23 48
47 48
11 48
26 48
8 48
28 48
25 48
14 48
48 49
18 48
30 48
1 48
7 44
7 30
3 7
9 32
0 32
22 32
7 32
4 15
3 4
4 32
12 21
12 38
12 23
2 12
6 12
12 35
8 12
12 28
12 22
7 12
4 12
12 19
19 44
10 22
10 13
10 34
31 42
10 31
20 31
16 31
10 20
10 12
12 17
4 24
4 44
32 34
32 36
16 32
13 30
30 42
24 30
30 44
18 34
17 18
29 33
33 35
33 37
0 33
33 46
13 33
33 45
18 33
33 36
33 44
24 46
20 46
15 46
14 20
20 49
1 20
14 24
9 40
3 9
9 15
13 40
40 45
36 40
16 40
3 45
36 45
17 45
16 17
16 28
28 44
24 28
24 39
13 39
8 39
0 39
24 36
36 37
16 37
37 49
22 36
3 36
22 43
16 43
8 43
16 49
2 8
2 22
2 49
22 29
13 29
29 35
35 49
15 35
26 35
8 15
15 49
6 26
3 6
13 26
26 49
3 26
0 26
0 49
13 49
13 38
8 11
3 13
3 11
0 11
