50 490
16 42
16 45
20 42
20 45
14 42
14 45
14 16
14 20
18 42
18 45
14 18
30 42
30 45
14 30
16 30
20 30
18 30
2 42
2 45
2 14
2 30
39 42
39 45
14 39
30 39
16 39
20 39
2 39
18 39
19 42
19 45
14 19
19 30
19 39
5 14
5 30
5 16
5 20
2 5
5 18
11 42
11 45
11 14
11 30
11 39
5 11
28 42
28 45
14 28
28 39
5 28
16 28
20 28
18 28
2 28
11 28
19 28
8 42
8 45
8 14
8 30
8 39
5 8
8 28
2 8
7 42
7 45
7 14
7 30
7 39
5 7
7 28
2 7
7 16
7 20
7 18
7 11
7 19
7 8
14 34
34 39
28 34
2 34
7 34
16 32
20 32
18 32
19 32
11 32
25 42
25 45
14 25
25 30
25 28
2 25
7 25
25 32
6 42
6 45
6 14
6 39
6 28
2 6
10 42
10 30
5 10
2 10
10 16
10 20
10 18
10 19
10 11
8 10
40 42
30 40
39 40
2 40
10 40
28 35
2 35
7 35
42 46
45 46
14 46
30 46
39 46
5 46
28 46
2 46
7 46
16 46
20 46
18 46
11 46
19 46
0 46
1 42
1 45
1 14
1 30
1 39
1 2
1 46
1 32
1 6
4 14
4 30
4 5
2 4
4 46
4 35
4 6
4 16
4 20
3 10
3 35
3 6
3 4
42 44
44 45
14 44
30 44
39 44
5 44
28 44
2 44
10 44
32 44
6 44
4 44
16 44
20 44
10 33
8 33
6 33
33 44
42 48
45 48
14 48
30 48
5 48
2 48
10 48
32 48
6 48
5 47
2 47
7 47
32 47
16 47
20 47
18 47
7 41
8 41
41 47
8 29
29 47
16 29
20 29
18 29
19 29
29 40
10 49
35 49
47 49
29 49
25 49
8 9
4 9
9 48
9 16
43 48
9 43
19 43
16 43
41 43
14 17
17 30
5 17
17 28
10 17
17 46
17 47
4 17
17 48
9 17
17 43
10 23
8 23
23 47
23 29
23 48
9 23
21 43
31 46
31 35
6 31
4 31
25 31
9 31
21 31
23 31
31 34
26 34
27 39
2 27
7 27
27 46
6 27
27 29
25 27
14 15
15 30
5 15
15 28
10 15
15 46
8 15
15 29
15 44
9 15
15 16
15 27
0 15
15 20
8 24
24 44
24 25
15 24
24 43
17 24
3 24
24 34
24 26
24 31
25 37
37 48
0 37
23 37
20 22
22 37
16 22
5 38
2 38
7 38
38 46
8 38
38 47
25 38
15 38
38 43
17 38
22 38
27 38
26 38
1 38
37 38
38 41
7 36
35 36
36 47
4 36
36 48
9 36
0 36
17 36
22 36
27 36
16 36
1 36
31 36
36 38
11 36
36 41
19 38
22 49
27 37
16 37
24 37
37 40
37 49
33 37
20 24
1 24
24 33
1 15
15 40
11 15
15 41
0 27
23 27
3 27
11 27
27 40
16 27
26 27
26 31
26 33
26 49
12 26
11 12
12 40
12 19
12 20
1 12
16 31
19 31
11 31
13 42
13 45
13 14
13 30
13 39
2 13
7 13
13 35
13 47
4 13
13 25
13 48
13 43
13 23
13 34
13 18
13 16
13 20
13 31
11 13
13 41
13 40
19 21
0 21
21 33
1 21
16 21
21 40
21 23
18 21
17 23
23 34
23 33
23 49
19 23
11 17
17 40
3 17
17 41
17 20
3 43
34 43
9 33
9 49
9 34
9 18
0 49
18 49
20 49
33 49
19 49
11 49
29 41
29 34
0 29
41 44
3 41
18 41
16 41
1 41
33 41
11 47
40 47
47 48
44 48
16 48
20 48
33 48
3 48
33 34
16 33
33 40
0 44
11 44
3 44
19 44
1 44
3 11
1 3
3 34
3 18
3 19
4 18
4 25
4 11
1 4
0 1
1 18
1 11
8 46
35 46
16 35
20 35
18 35
19 35
11 35
35 40
0 35
6 35
25 40
34 40
20 40
19 40
6 10
6 16
6 20
6 18
6 19
0 6
6 25
16 25
20 25
18 25
25 34
8 32
32 34
8 34
18 34
8 16
8 20
8 18
8 11
8 19
0 28
2 11
0 11
5 19
2 19
18 19
19 20
0 39
2 16
2 20
2 18
0 2
0 18
18 20
0 14
0 20
0 45
0 16
0 42
