50 612
9 47
24 47
9 24
40 47
24 40
45 47
24 45
9 45
40 45
1 47
1 24
1 45
9 49
40 49
1 49
26 47
24 26
26 45
26 49
16 47
16 24
16 45
16 49
9 16
1 16
16 40
16 26
15 47
15 24
15 45
15 49
15 16
2 47
2 24
2 45
2 49
2 16
2 9
2 40
1 2
2 26
23 47
23 24
23 45
23 49
16 23
2 23
9 27
27 40
1 27
26 27
15 27
23 27
12 47
12 24
12 45
12 49
12 16
2 12
12 27
7 47
7 24
7 45
7 49
7 16
2 7
7 27
7 9
1 7
7 40
7 26
7 23
7 12
7 15
14 47
14 24
14 45
14 49
14 16
2 14
14 27
7 14
42 47
24 42
42 45
16 42
2 42
7 42
9 42
40 42
1 42
26 42
12 42
15 42
23 42
14 42
0 42
41 47
41 45
16 41
7 41
41 42
16 29
9 29
29 40
1 29
26 29
15 29
23 29
12 29
14 29
0 29
5 16
5 27
5 7
5 29
35 47
24 35
35 45
35 49
16 35
2 35
7 35
9 33
33 40
1 33
26 33
15 33
12 33
23 33
14 33
33 35
0 33
8 45
8 16
38 47
16 38
38 42
9 38
1 38
38 40
26 38
12 38
23 38
15 38
14 38
0 38
20 47
20 24
20 45
20 49
16 20
2 20
20 27
7 20
20 38
20 29
20 35
9 43
1 43
40 43
26 43
15 43
23 43
12 43
25 33
25 43
39 47
39 45
16 39
2 39
39 42
33 39
35 39
16 17
2 17
17 42
17 29
44 47
24 44
44 45
16 44
2 44
7 44
42 44
29 44
35 44
9 44
1 44
40 44
26 44
12 44
23 44
15 44
14 44
16 19
19 38
19 44
19 43
32 39
9 32
32 40
1 32
26 32
5 32
7 13
13 29
13 44
13 17
13 32
3 9
1 3
3 40
3 26
3 12
3 8
3 25
3 13
22 47
22 24
22 45
16 22
2 22
7 22
22 42
22 38
22 35
22 43
36 47
24 36
36 45
36 49
16 36
2 36
27 36
7 36
36 42
36 38
36 44
17 36
9 36
1 36
36 40
26 36
12 36
23 36
15 36
30 47
24 30
30 45
16 30
2 30
7 30
30 42
30 38
30 44
30 36
30 39
30 32
20 30
21 39
0 21
4 47
4 45
4 16
4 7
4 42
4 38
4 44
4 17
4 36
3 4
4 9
4 40
1 4
4 26
4 15
31 47
24 31
31 45
16 31
2 31
7 31
31 42
29 31
31 44
31 43
31 32
4 31
15 31
21 31
4 37
21 37
9 37
5 37
22 37
30 37
31 37
23 37
1 37
37 41
16 18
18 38
18 35
18 44
18 32
3 18
15 18
16 46
2 46
42 46
29 46
35 46
17 46
36 46
0 46
15 46
9 46
28 47
24 28
28 45
16 28
2 28
7 28
28 38
28 29
28 35
17 28
28 36
0 28
20 28
28 46
28 37
15 34
20 34
22 34
9 34
34 41
13 34
18 34
10 44
10 43
10 39
0 10
4 10
10 46
10 22
10 34
1 10
10 23
10 13
10 28
10 31
11 47
11 24
11 45
11 49
11 16
2 11
11 27
7 11
11 38
11 29
11 33
11 17
11 39
0 11
11 15
11 20
11 37
11 14
1 11
11 23
9 11
5 11
11 28
8 11
11 41
10 11
11 18
11 26
10 19
10 18
10 12
10 26
31 34
30 34
26 34
28 34
5 34
8 34
33 48
17 48
39 48
32 48
4 48
20 48
46 48
14 48
9 48
25 48
40 48
6 36
0 6
6 15
6 46
6 22
6 14
6 48
6 9
6 13
5 6
6 28
6 8
6 19
6 40
6 25
6 12
5 48
31 48
26 48
12 48
8 48
28 48
9 28
13 28
26 28
12 28
25 28
28 40
40 46
5 46
25 46
1 46
26 46
18 46
8 46
14 46
18 37
1 18
18 23
18 30
5 18
8 18
18 41
12 18
18 26
8 37
23 31
30 31
5 31
26 31
31 41
8 31
12 31
19 31
4 8
4 25
4 22
4 13
4 21
20 21
9 21
1 21
21 40
21 30
21 23
19 21
21 22
12 21
13 21
14 21
14 30
9 30
13 30
30 40
12 30
5 30
8 30
19 30
0 36
22 36
14 36
8 36
3 22
9 22
22 26
19 22
13 22
22 40
12 22
22 25
22 23
3 5
1 13
13 23
9 13
13 25
8 13
13 26
19 32
32 41
12 32
15 32
23 32
0 19
15 19
14 19
1 19
19 23
9 19
19 41
19 26
19 25
17 44
9 17
1 17
17 40
17 26
15 17
17 23
12 17
14 17
17 39
5 17
9 39
39 40
1 39
26 39
23 39
15 39
12 39
25 39
0 39
20 39
14 25
1 25
5 25
25 41
25 40
25 26
41 43
14 43
8 43
20 43
0 20
15 20
9 20
20 40
1 20
20 23
14 20
12 20
20 41
8 38
8 33
8 35
8 9
8 12
8 40
33 41
9 35
1 35
35 40
26 35
12 35
15 35
23 35
14 35
5 35
0 35
5 15
5 23
5 41
5 40
29 41
0 41
15 41
14 41
1 41
9 41
40 41
0 14
9 14
12 14
14 40
1 14
0 7
9 12
12 40
0 27
0 23
1 23
9 23
23 40
2 15
0 2
9 15
1 15
15 40
15 26
0 16
0 26
1 26
0 49
0 1
1 9
0 45
0 40
0 24
0 9
0 47
