50 612
19 43
7 43
1 43
1 7
36 43
7 36
19 36
1 36
15 43
7 15
15 36
43 47
7 47
36 47
1 47
19 47
15 47
4 43
4 7
4 36
4 47
18 43
18 36
18 47
1 18
18 19
15 18
13 43
7 13
13 36
13 47
13 18
3 43
3 7
3 36
3 47
3 18
3 19
1 3
3 15
3 13
3 4
11 43
7 11
11 36
11 47
11 18
3 11
12 19
1 12
12 15
12 13
4 12
22 43
7 22
22 36
22 47
18 22
3 22
12 22
43 49
47 49
1 49
19 49
15 49
4 49
13 49
37 43
7 37
36 37
37 47
18 37
3 37
12 37
37 49
22 37
17 43
7 17
17 36
17 47
17 18
3 17
12 17
17 49
17 22
1 17
17 19
15 17
4 17
13 17
14 43
7 14
14 36
14 47
14 18
3 14
12 14
14 49
14 22
14 17
1 10
10 19
10 15
4 10
10 13
10 37
10 11
10 14
20 43
7 20
20 36
20 47
18 20
3 20
12 20
20 49
20 22
17 20
10 20
10 16
30 43
7 30
30 36
30 47
18 30
3 30
22 30
17 30
10 30
26 37
1 26
19 26
15 26
13 26
4 26
11 26
14 26
42 43
7 42
36 42
42 47
18 42
3 42
12 42
22 42
26 42
30 42
10 44
30 44
19 44
1 44
15 44
13 44
4 44
14 44
11 44
39 43
7 39
39 47
18 39
39 49
17 39
37 39
39 44
35 39
15 39
24 43
7 24
24 47
3 24
24 49
17 24
24 37
24 26
24 35
1 24
19 24
15 24
4 24
13 24
2 43
2 47
2 22
2 17
2 10
2 26
2 24
27 43
27 36
27 47
3 27
27 49
22 27
27 37
26 27
24 27
19 27
1 27
15 27
4 27
13 27
24 38
27 38
14 38
4 38
6 43
6 7
6 36
6 47
6 18
6 12
6 22
6 17
6 37
6 30
6 35
6 15
29 47
22 29
29 37
29 30
29 35
27 29
21 29
19 29
1 29
2 29
5 29
37 45
16 45
44 45
15 45
21 45
4 45
1 45
19 45
34 49
22 34
10 34
16 34
34 44
15 34
21 34
34 45
25 26
16 25
25 35
25 27
25 29
4 25
25 45
0 25
25 34
1 25
20 25
25 42
8 43
7 8
8 47
3 8
8 49
8 22
8 37
8 16
8 35
8 27
8 14
4 8
8 25
23 43
7 23
23 36
23 47
18 23
3 23
22 23
17 23
23 26
23 30
23 44
23 27
21 23
4 23
6 23
23 39
23 34
20 23
2 23
19 23
5 23
8 23
47 48
22 48
26 48
16 48
35 48
15 48
29 48
45 48
6 48
23 48
32 43
7 32
32 36
32 47
18 32
3 32
12 32
32 49
22 32
17 32
10 32
26 32
32 44
15 32
21 32
14 32
6 32
20 32
33 43
33 36
33 47
12 33
33 49
17 33
33 37
26 33
24 33
15 33
29 33
4 33
6 33
20 33
10 46
16 46
44 46
15 46
29 46
14 46
6 46
23 46
33 46
41 43
7 41
41 47
3 41
22 41
17 41
37 41
30 41
35 41
27 41
29 41
14 41
41 45
20 41
33 41
32 41
8 41
41 46
39 41
19 41
41 42
28 37
28 30
24 28
15 28
21 28
14 28
28 45
20 28
28 33
28 41
28 39
28 46
28 48
31 43
7 31
31 36
31 47
18 31
3 31
22 31
17 31
31 37
16 31
31 44
15 31
21 31
14 31
31 45
23 31
31 33
1 31
11 31
31 46
31 48
31 42
28 31
31 34
5 31
9 25
9 20
9 32
1 9
9 11
9 46
0 9
9 13
9 31
9 34
9 38
9 28
5 28
19 28
2 28
5 41
11 41
39 46
13 46
0 46
19 46
2 46
33 38
40 43
7 40
36 40
40 47
18 40
3 40
12 40
40 49
22 40
17 40
37 40
16 40
24 40
15 40
29 40
14 40
40 45
23 40
33 40
1 40
11 40
8 40
0 40
13 40
40 42
19 40
2 40
34 40
33 39
1 33
33 34
32 33
32 42
5 32
19 32
11 32
32 48
0 32
13 32
1 48
11 48
8 48
0 48
42 48
38 48
5 48
8 20
8 39
5 8
8 13
8 42
8 34
8 38
19 25
25 38
13 25
11 25
1 34
34 39
0 34
5 34
34 38
5 45
6 45
39 45
5 6
5 11
5 13
5 38
13 29
6 29
29 42
6 19
1 6
6 11
6 13
6 38
2 6
1 38
38 39
13 38
38 42
20 27
0 27
2 27
27 42
2 14
2 20
1 2
2 39
0 2
2 13
2 19
2 42
20 24
14 24
21 24
11 24
15 21
19 21
1 21
4 21
21 39
14 21
0 21
11 21
4 39
11 39
19 39
42 44
35 44
4 42
20 42
11 42
19 42
26 30
1 30
19 30
15 30
13 30
4 30
14 30
11 30
16 30
30 35
1 16
16 19
15 16
13 16
4 16
14 16
11 16
16 20
14 20
4 20
1 20
0 20
14 37
14 15
14 19
1 14
13 14
11 17
17 37
17 35
19 37
1 37
15 37
4 37
13 37
11 37
35 37
11 49
22 49
35 49
1 22
19 22
15 22
4 22
13 22
11 22
11 12
11 35
4 11
0 11
13 35
13 15
1 13
13 19
4 18
18 35
4 35
4 15
1 4
4 19
0 4
35 47
15 35
1 15
15 19
35 36
1 35
0 1
7 19
19 35
0 19
35 43
0 35
