50 245
10 26
10 32
5 32
27 32
6 32
6 26
6 29
13 26
13 32
5 24
24 27
32 35
26 35
12 35
12 26
17 35
0 17
17 43
5 45
27 45
7 32
7 26
7 45
7 25
25 26
2 5
2 27
2 6
2 26
2 43
23 35
13 23
2 23
23 45
6 47
26 47
43 47
45 47
29 47
4 10
4 27
4 7
0 4
4 43
4 47
4 22
26 40
2 40
32 40
24 40
17 40
10 15
15 27
7 15
0 15
2 15
15 45
15 22
15 40
41 43
24 33
33 41
12 33
3 33
41 47
20 41
20 23
27 37
0 37
2 37
8 32
5 9
9 27
6 9
9 13
9 26
8 9
9 32
21 47
9 21
22 46
20 46
11 26
2 11
26 42
42 45
14 42
24 42
1 42
1 25
1 12
1 3
5 18
18 27
7 18
0 18
2 18
18 45
18 47
9 18
1 18
18 46
5 16
16 27
6 16
0 16
16 43
16 45
16 32
9 16
47 49
40 49
29 49
10 19
19 27
6 19
0 19
19 26
19 45
19 22
19 24
19 49
34 49
4 34
34 42
19 34
29 34
34 37
17 19
22 48
9 48
48 49
46 48
17 48
42 48
21 48
19 48
19 23
19 42
16 49
4 49
16 18
16 29
32 44
9 44
41 44
4 44
17 44
1 28
18 28
28 44
7 36
0 36
2 36
36 45
14 36
24 36
36 41
32 39
9 39
39 41
15 39
25 39
36 39
17 39
12 39
12 36
28 36
11 36
25 36
28 42
11 28
37 44
16 44
31 41
4 31
12 31
3 38
21 38
30 38
11 38
30 31
15 30
23 30
25 31
16 31
15 16
3 18
18 21
29 42
11 14
14 17
11 24
11 46
4 11
11 15
17 46
23 46
21 46
21 37
21 23
9 12
8 25
8 37
37 47
20 37
37 41
3 37
25 37
15 41
15 29
25 40
4 40
3 40
4 23
22 47
22 23
22 24
17 23
2 25
2 32
24 25
3 25
26 45
43 45
17 45
3 43
12 43
29 43
12 32
12 29
3 12
24 35
13 24
24 26
24 29
13 29
29 32
0 32
3 32
5 26
26 27
10 27
3 27
0 3
