50 245
24 48
39 48
24 39
14 48
14 24
35 48
24 35
14 35
22 48
22 24
14 22
28 48
24 28
14 28
22 28
4 48
4 24
4 35
4 39
4 28
27 48
24 27
4 27
11 24
11 28
11 35
11 39
24 49
11 49
0 49
14 18
7 39
7 35
7 28
13 24
7 13
22 43
30 48
24 30
14 30
22 30
4 30
30 40
4 23
23 30
14 26
7 26
26 27
26 43
26 42
24 36
36 40
36 43
34 36
18 36
0 9
9 23
14 20
11 20
1 15
39 46
2 43
2 46
2 42
2 36
43 47
46 47
15 47
9 47
5 48
5 24
5 14
5 22
4 5
5 11
5 26
37 48
24 37
14 37
22 37
4 37
11 37
37 43
34 37
10 22
7 10
0 10
10 37
10 27
20 33
27 33
1 25
23 25
25 37
25 33
25 47
0 45
23 45
20 45
36 45
0 38
38 44
18 38
9 38
38 49
38 45
19 22
19 30
0 19
19 23
19 20
19 35
19 38
19 28
8 48
8 24
4 8
8 30
0 8
8 44
8 15
8 9
8 35
8 19
2 8
21 37
21 36
17 31
17 39
17 21
17 28
10 21
8 21
13 21
12 15
12 33
12 47
12 19
12 39
16 22
7 16
16 26
16 34
15 16
24 29
29 30
26 29
29 34
29 42
27 29
13 29
16 29
5 29
3 48
3 24
3 14
3 22
3 4
3 11
3 26
3 34
3 37
3 29
20 41
27 41
3 41
6 48
6 24
6 14
6 30
6 23
6 44
6 18
6 35
6 41
5 6
6 45
6 25
18 32
32 36
32 41
32 49
28 32
13 32
5 41
3 49
3 45
3 16
16 38
10 16
12 16
25 45
25 39
10 33
28 33
10 35
10 39
5 37
20 37
5 42
5 31
5 13
13 31
31 47
2 47
2 49
2 28
20 46
28 46
15 46
15 27
15 18
1 20
1 35
9 20
9 36
9 39
34 42
13 42
28 42
35 42
23 26
23 27
23 35
28 30
0 30
30 39
35 40
40 43
13 43
28 43
18 43
13 44
7 18
18 44
18 39
44 49
27 49
35 49
11 27
22 35
22 39
14 39
0 39
0 24
