50 612
17 47
17 46
30 47
30 46
40 47
40 46
17 40
30 40
12 47
12 46
12 40
28 47
28 46
28 40
17 28
28 30
27 47
27 46
27 40
27 28
33 47
33 46
33 40
28 33
17 33
30 33
12 33
10 47
10 46
10 40
10 28
10 33
25 47
25 46
25 40
25 28
25 33
17 25
25 30
25 27
10 25
12 25
14 47
14 46
14 40
14 28
14 33
14 25
9 17
9 30
9 10
9 12
9 27
9 14
47 49
46 49
40 49
28 49
33 49
25 49
9 49
34 47
34 46
34 40
28 34
33 34
25 34
17 34
30 34
12 34
10 34
27 34
14 34
15 47
15 46
15 40
15 28
15 33
15 25
9 15
15 34
3 17
3 30
3 27
3 12
3 10
3 14
18 47
18 46
18 40
18 28
18 33
18 25
9 18
18 34
3 18
19 47
19 46
19 40
19 28
19 33
19 25
9 19
19 34
3 19
17 19
19 30
12 19
10 19
19 27
14 19
15 19
19 49
18 19
47 48
40 48
28 48
33 48
25 48
34 48
19 48
11 47
11 40
11 34
11 17
11 30
11 27
10 11
11 12
11 14
11 49
37 47
37 40
28 37
33 37
25 37
11 37
22 47
22 46
22 40
22 28
22 33
22 25
3 22
17 21
21 30
12 21
21 27
10 21
14 21
15 21
18 21
21 49
43 47
40 43
19 43
21 43
22 43
30 43
17 41
27 41
12 41
10 41
39 47
39 46
39 40
28 39
33 39
25 39
9 39
34 39
3 39
11 39
22 39
30 39
39 41
17 39
27 39
12 39
10 39
5 47
5 40
5 28
5 33
3 5
5 21
31 47
31 40
31 34
19 31
17 31
30 31
27 31
10 31
12 31
14 31
6 33
6 21
6 31
6 30
6 41
35 47
35 40
19 35
11 35
22 35
30 35
17 32
12 32
27 32
10 32
31 42
32 42
39 42
35 42
37 42
17 42
44 47
28 44
25 44
21 44
22 44
31 44
32 44
39 44
18 44
6 44
44 48
36 47
36 40
28 36
33 36
25 36
34 36
3 36
11 36
31 36
30 36
36 41
36 39
18 36
17 36
36 44
15 36
28 45
19 45
31 45
30 45
32 45
18 45
37 45
17 45
8 47
8 46
8 40
8 28
8 33
8 25
8 9
8 34
8 19
8 11
8 31
8 30
8 39
17 20
15 20
10 20
20 27
16 47
16 46
16 40
16 28
16 33
16 25
16 34
3 16
16 19
11 16
16 22
16 30
16 41
16 20
16 18
16 17
16 44
15 16
16 45
16 27
4 47
4 40
4 28
4 33
4 25
4 34
3 4
4 11
4 31
4 30
4 32
4 35
4 37
4 17
4 8
23 47
23 46
23 40
23 28
23 33
23 25
3 23
11 23
22 23
23 30
23 32
23 35
23 37
6 23
8 23
0 23
4 23
23 43
12 23
1 47
1 40
1 28
1 33
1 34
1 21
1 31
1 30
1 39
1 20
1 18
1 17
1 8
1 23
1 45
1 16
0 1
1 4
24 28
19 24
24 31
24 30
24 41
20 24
24 37
6 24
17 24
15 24
24 45
2 47
2 40
2 28
2 33
2 34
2 21
2 22
2 32
2 39
2 35
2 18
2 6
2 17
2 15
2 45
2 4
2 42
0 2
2 48
29 47
29 40
28 29
29 33
19 29
11 29
29 31
29 32
29 39
29 35
6 29
17 29
8 29
15 29
14 29
2 29
29 43
5 29
12 29
6 7
7 17
7 44
7 23
7 45
2 7
7 36
4 7
7 12
7 48
18 38
6 38
38 44
23 38
14 38
2 38
0 38
4 38
12 38
7 38
38 48
10 38
13 37
13 17
8 13
13 15
13 45
13 16
13 43
5 13
13 24
13 29
10 13
26 41
20 26
26 37
17 26
8 26
23 26
14 26
2 26
26 36
26 43
12 26
26 29
26 48
1 26
13 26
26 42
13 38
13 27
27 38
7 27
7 29
7 42
10 29
1 29
2 24
0 24
5 24
10 24
24 27
24 49
24 48
1 24
1 10
1 49
1 42
23 45
14 23
23 42
4 16
4 43
4 5
4 49
4 42
4 12
16 42
12 16
16 49
16 36
10 16
5 20
20 43
12 20
8 20
8 37
6 8
8 44
8 49
0 8
5 8
8 15
8 45
14 45
36 45
5 45
27 45
5 36
36 43
36 49
27 36
0 36
36 48
27 44
10 44
42 44
12 44
14 44
43 44
0 42
42 43
10 42
42 49
14 32
32 35
18 32
0 32
32 48
17 35
27 35
12 35
10 35
35 37
6 35
14 35
35 49
18 35
35 48
6 18
6 17
6 15
6 49
0 6
6 27
5 31
31 48
5 30
5 39
5 37
5 17
5 15
0 5
5 12
5 10
5 48
14 39
37 39
15 39
41 49
41 43
37 43
17 43
14 43
0 43
10 43
27 43
21 22
17 22
22 30
10 22
22 27
12 22
14 22
0 22
15 22
18 22
22 37
22 49
30 37
18 37
17 37
12 37
10 37
11 48
11 18
11 15
30 48
18 48
17 48
15 48
14 48
27 48
48 49
0 19
18 30
17 18
0 18
14 18
18 27
3 49
3 15
0 3
15 30
15 17
15 27
10 15
15 49
34 49
30 49
17 49
14 49
12 49
27 49
14 30
14 17
12 14
0 14
10 14
10 30
10 17
27 33
27 30
12 28
12 30
12 17
0 12
0 40
17 30
0 30
0 17
0 47
