50 122
4 19
4 44
19 26
26 44
4 40
26 40
11 40
2 4
17 40
2 17
4 28
26 28
38 40
28 38
4 9
9 14
14 22
8 47
26 32
11 32
32 47
17 32
5 27
18 44
18 40
8 18
9 12
3 28
3 4
3 49
12 49
45 49
33 45
6 10
10 18
19 35
35 44
35 40
2 35
3 35
4 23
23 35
11 35
10 35
17 35
27 35
10 38
6 24
0 24
4 24
6 41
24 41
15 41
5 46
46 49
15 46
1 48
1 25
20 25
25 33
5 36
20 36
37 39
0 37
21 29
18 21
28 30
30 39
11 30
26 30
14 30
21 30
21 37
34 37
34 36
25 36
48 49
39 43
43 47
42 43
33 42
31 43
31 48
46 48
7 41
7 13
6 33
38 45
13 45
14 49
3 20
3 39
12 39
38 39
12 20
12 18
12 26
18 29
18 27
4 27
5 47
0 47
17 47
8 11
8 13
13 22
13 26
13 38
11 14
14 17
9 38
4 38
17 28
11 17
2 11
20 40
16 26
4 16
20 26
19 20
20 29
0 29
