50 245
38 46
22 46
38 41
22 41
40 41
40 46
33 40
10 22
10 40
19 22
19 41
10 19
19 46
19 31
6 22
8 41
8 46
22 39
8 39
26 46
26 41
26 30
6 30
28 30
28 48
25 26
6 25
25 28
19 49
42 49
33 49
0 13
22 24
24 40
7 41
7 46
7 33
7 17
6 17
17 28
17 25
17 39
17 49
29 42
14 29
39 47
24 47
1 7
1 6
1 42
1 25
1 47
1 49
1 48
12 38
12 22
12 26
12 42
12 33
12 14
12 39
12 49
2 33
2 25
16 26
6 16
16 28
14 16
9 22
9 40
9 26
6 9
9 33
18 39
10 18
9 18
18 30
9 16
15 22
15 42
15 28
15 25
15 16
0 15
23 42
14 23
23 39
15 23
23 29
23 41
23 31
23 30
21 48
19 44
6 44
33 44
25 44
16 44
44 49
44 48
14 43
13 43
43 47
15 43
35 39
35 49
29 35
35 46
0 35
35 43
9 35
35 41
43 44
11 22
11 19
11 33
11 14
11 16
10 34
11 34
26 32
6 32
28 32
14 32
32 39
32 34
2 32
17 32
24 32
23 32
3 29
3 17
3 31
3 32
43 45
4 45
0 4
3 45
2 5
5 44
5 24
5 10
5 45
27 43
16 36
15 36
2 36
36 41
37 48
17 37
37 41
36 37
37 46
24 37
27 36
20 29
20 44
20 41
10 20
20 36
20 27
11 36
5 27
3 46
11 32
34 48
30 34
2 34
11 29
11 44
11 43
11 21
31 43
21 44
9 21
21 23
1 21
9 15
15 41
15 24
9 12
0 9
9 30
9 10
0 16
10 16
2 16
2 46
2 10
2 12
12 30
10 12
1 12
12 24
1 31
1 24
1 30
41 47
46 47
29 47
31 47
17 29
24 29
17 31
17 46
7 24
19 24
24 42
13 24
13 49
39 49
30 49
31 49
10 42
41 42
14 42
14 46
14 25
25 48
25 41
25 31
39 48
31 48
30 48
10 28
28 39
28 33
0 30
26 33
26 39
19 39
6 8
6 19
6 31
6 41
6 46
31 33
19 33
10 46
0 41
22 33
33 46
0 46
33 38
0 33
