50 245
9 37
2 9
2 26
2 13
13 37
9 42
13 42
25 42
9 27
13 27
25 27
2 22
9 30
22 30
30 42
10 42
8 37
2 8
8 23
22 23
23 27
10 23
28 42
10 28
24 36
9 49
26 49
8 49
25 49
2 49
9 41
13 41
25 41
22 41
41 42
27 41
15 44
41 44
15 43
10 43
4 43
2 31
27 31
24 31
14 28
28 32
9 11
11 13
8 11
11 25
2 11
11 27
11 32
11 14
9 16
16 25
2 16
10 16
7 9
7 13
7 25
7 22
2 7
7 41
7 39
7 31
1 2
1 41
1 43
1 31
1 7
1 44
1 46
18 24
18 49
34 42
34 41
34 43
32 34
34 36
3 8
3 22
3 42
3 27
3 43
3 31
3 34
3 44
3 23
3 38
9 17
17 26
13 17
15 17
17 42
10 17
17 39
17 49
4 17
5 17
2 40
27 40
28 40
14 40
17 40
29 40
20 27
20 41
20 28
20 32
20 34
20 29
20 48
0 48
16 19
18 19
12 38
12 19
6 42
6 27
6 24
6 14
6 16
6 44
6 11
33 34
29 33
6 33
11 45
36 45
5 45
33 45
33 48
24 47
47 49
1 47
29 47
20 47
36 47
5 47
33 47
6 19
2 21
10 21
21 43
21 31
21 29
21 46
20 21
6 21
21 40
21 30
19 48
13 35
15 35
35 42
35 41
35 43
31 35
1 35
35 37
23 35
35 36
35 40
19 35
20 40
38 40
16 17
0 17
17 37
5 18
5 23
3 5
3 4
18 34
29 34
18 46
11 18
18 36
38 46
0 46
30 46
1 30
7 44
7 37
0 7
7 30
4 7
0 39
16 39
16 49
11 16
16 23
16 38
0 11
11 30
30 32
14 32
0 32
32 44
14 31
14 23
14 29
4 31
4 44
4 23
4 38
43 49
43 44
37 44
41 49
0 41
37 49
36 49
38 49
36 37
24 30
24 28
24 38
28 37
23 28
28 29
23 37
0 8
8 29
15 29
2 29
10 29
15 37
0 15
15 38
10 38
10 30
0 30
22 27
22 42
27 42
27 37
2 25
25 37
0 25
0 13
2 37
26 37
0 9
