50 122
12 15
15 43
2 12
2 43
2 29
12 23
23 28
28 34
23 32
12 37
32 37
0 44
2 10
10 49
10 32
10 17
2 19
19 49
19 34
17 19
16 31
16 24
24 31
39 45
29 45
39 44
24 39
27 46
30 46
11 32
11 30
11 24
1 43
1 47
34 48
30 48
1 48
27 48
39 48
4 11
4 48
1 26
26 27
24 25
5 25
25 26
3 8
3 5
3 25
3 19
2 35
23 35
9 20
9 44
9 43
5 9
10 38
9 38
9 10
7 20
7 17
7 41
31 33
16 18
18 30
7 18
18 33
14 40
11 14
18 40
31 42
29 42
13 42
12 13
36 42
18 36
33 41
19 33
28 41
10 41
7 29
7 27
12 20
20 35
16 35
31 35
35 47
26 35
21 22
21 28
22 35
29 47
11 47
27 30
29 30
27 39
19 39
24 43
8 31
8 10
8 19
5 17
44 49
43 49
32 44
43 44
28 44
12 44
32 43
28 32
5 32
28 43
12 28
23 43
5 23
5 34
6 12
5 6
29 34
12 34
12 29
0 12
