50 122
16 19
33 41
8 33
8 41
8 37
33 49
37 49
8 17
17 20
20 46
46 47
20 27
27 47
1 41
14 41
14 37
11 41
11 14
11 16
30 41
14 30
22 30
8 45
21 41
14 21
21 29
28 29
12 41
12 37
12 20
12 13
10 12
10 28
5 12
38 49
35 38
8 38
16 36
13 36
36 38
18 41
14 18
18 29
0 18
18 43
18 42
39 44
44 46
18 39
1 18
36 42
21 36
15 16
15 47
20 40
40 45
15 40
30 40
11 40
21 40
16 26
24 25
25 26
31 32
8 31
23 49
8 23
11 23
23 31
27 31
26 32
3 26
4 9
9 19
3 4
4 30
2 43
2 48
2 28
2 7
7 11
7 19
7 48
6 48
6 11
4 48
26 46
15 26
15 27
15 36
12 35
28 35
1 35
1 12
5 13
13 28
19 28
1 29
21 45
5 21
21 30
30 45
8 30
22 24
11 24
1 24
24 49
24 46
1 14
8 14
1 34
34 43
27 43
5 27
47 49
19 46
20 49
5 49
5 41
5 33
5 16
0 19
