50 122
35 36
12 35
14 36
12 14
20 35
14 20
15 35
36 42
12 42
15 42
32 35
32 42
19 36
15 19
19 32
1 32
1 2
1 27
32 48
29 36
12 29
31 35
29 31
29 34
1 34
17 42
17 30
30 38
1 38
24 38
24 49
15 16
2 16
16 49
16 33
0 21
16 21
30 39
34 39
18 39
18 44
42 44
27 44
0 44
30 47
34 47
9 47
9 19
3 9
9 46
10 46
10 33
10 38
8 35
8 10
46 47
3 46
40 48
33 40
23 40
14 23
3 40
22 36
12 22
22 29
22 48
4 22
4 6
6 42
13 39
6 13
6 45
11 28
28 45
36 43
12 43
32 43
34 43
22 43
0 43
41 43
27 43
11 22
22 37
7 37
25 26
0 25
7 26
26 27
26 41
11 37
35 37
5 11
3 5
38 47
39 47
16 39
33 49
42 49
35 38
30 35
30 33
33 34
14 29
0 29
29 41
41 48
19 41
14 41
27 48
35 48
19 27
1 42
2 19
2 14
0 2
2 35
14 19
14 42
0 15
14 15
0 36
