50 367
21 25
21 37
24 25
24 37
21 28
24 28
25 40
37 40
28 40
12 25
12 21
25 27
27 37
27 28
12 27
4 25
4 37
4 28
4 21
4 24
25 38
37 38
28 38
12 38
4 38
15 21
25 41
37 41
28 41
12 41
4 41
15 41
24 41
21 41
3 25
3 37
3 12
3 15
12 17
17 24
17 21
25 43
28 43
12 43
24 43
17 43
25 34
34 37
28 34
12 34
4 34
15 34
17 34
34 42
34 38
24 33
33 42
31 33
25 30
28 30
12 30
4 30
17 30
3 30
30 33
11 12
11 15
11 17
3 11
11 38
28 32
4 32
17 32
21 32
32 38
11 32
32 41
24 44
21 44
31 44
11 44
41 44
44 47
18 25
18 37
18 28
12 18
4 18
18 24
17 18
3 18
18 38
31 36
33 36
31 48
36 48
34 48
17 22
21 22
22 38
22 36
22 48
31 49
36 49
41 49
47 49
1 3
1 21
1 38
1 11
1 48
1 49
6 17
3 6
6 42
6 11
6 41
5 24
5 42
5 31
5 11
5 48
5 14
5 18
9 24
9 21
9 38
9 33
9 36
9 14
6 9
28 29
4 29
24 29
21 29
29 31
29 36
29 48
29 40
18 29
9 29
7 12
4 7
3 7
7 21
7 31
7 11
7 34
7 40
7 18
7 29
34 46
40 46
19 38
19 33
19 48
14 19
8 12
8 24
3 8
8 21
8 42
8 33
8 41
8 49
8 19
16 36
16 40
16 18
16 43
16 30
8 16
16 32
39 42
11 39
39 48
39 49
6 39
16 39
32 39
28 45
4 45
17 45
21 45
31 45
36 45
41 45
14 45
18 45
29 45
0 45
10 25
4 10
10 17
10 21
10 31
10 33
10 34
10 40
10 19
10 46
10 32
10 45
25 35
35 37
28 35
15 35
24 35
3 35
33 35
11 35
34 35
35 40
19 35
29 35
32 35
30 35
10 35
7 35
22 35
35 43
23 34
14 23
19 23
23 29
0 23
1 23
10 23
2 17
2 42
2 38
2 11
2 41
2 14
2 19
2 9
2 46
2 27
0 20
1 20
8 20
7 20
2 20
26 31
26 33
26 48
26 47
26 49
9 26
0 26
1 26
20 26
8 26
23 26
5 26
2 23
2 39
13 34
13 40
6 13
13 46
13 32
13 45
13 27
2 13
13 22
13 23
10 44
10 43
39 45
27 45
5 45
39 44
39 43
5 39
16 27
16 46
8 32
8 30
7 8
5 8
19 46
18 19
19 22
22 46
1 46
7 46
7 27
7 22
0 29
29 44
5 9
9 22
9 43
1 9
5 32
5 44
6 14
14 18
6 49
6 27
1 6
0 6
6 30
1 44
1 43
27 49
43 49
22 49
22 30
22 27
27 48
0 48
36 41
18 36
27 36
18 34
18 32
18 44
30 44
43 44
32 47
0 11
11 30
30 41
30 40
0 30
27 30
33 43
33 40
33 34
34 41
34 40
0 42
42 43
27 42
38 43
41 43
0 43
3 17
0 17
3 21
3 38
3 27
3 31
3 40
21 31
31 41
15 38
15 24
21 38
38 40
0 38
4 27
4 40
0 4
24 27
21 27
12 40
12 24
24 40
21 40
0 40
0 28
21 24
0 37
0 25
