50 245
9 34
31 34
9 31
31 42
34 41
9 41
41 42
41 46
20 34
9 20
20 42
20 46
20 31
34 38
9 38
38 42
38 46
20 38
31 38
38 41
5 34
5 9
5 42
5 46
5 38
9 19
19 42
19 20
19 31
5 19
9 32
19 32
0 44
6 9
6 42
6 20
6 19
6 44
2 46
38 48
2 48
41 48
20 33
33 48
38 39
21 31
21 41
29 34
9 29
29 38
21 29
12 39
12 16
0 16
33 36
10 34
9 10
10 42
10 46
10 20
10 19
9 40
40 42
38 40
19 40
18 40
40 41
12 24
2 24
24 40
24 32
3 39
3 41
3 24
20 28
21 28
28 44
15 20
15 48
15 18
0 15
15 28
9 47
46 47
20 47
21 47
47 48
15 47
32 47
5 47
30 32
5 30
12 23
15 23
7 34
7 9
7 38
7 19
7 48
2 7
7 23
7 28
7 30
12 14
14 15
14 36
18 25
25 41
25 36
8 25
25 33
4 38
4 21
4 39
2 4
4 32
13 39
13 41
13 24
17 23
13 17
17 40
34 45
9 45
42 45
45 46
38 45
19 45
12 45
41 45
23 45
8 45
6 45
23 26
13 26
10 26
26 45
17 26
27 46
21 27
27 48
15 27
16 27
27 28
27 33
14 27
26 27
27 29
17 45
31 45
17 35
4 13
13 33
6 13
4 30
4 25
1 16
9 37
31 49
0 49
38 43
43 49
18 43
15 43
32 43
37 43
40 43
25 43
31 43
29 43
37 49
37 39
37 41
23 37
28 37
37 40
9 11
11 19
11 44
2 11
11 16
11 37
10 11
11 25
11 35
11 47
1 37
1 40
1 7
1 4
22 33
7 22
1 22
4 22
8 31
8 14
7 14
14 29
3 14
23 35
5 35
30 35
35 47
30 47
3 47
24 28
3 28
10 28
3 10
3 31
5 24
6 40
18 31
10 18
10 36
10 32
10 31
16 36
29 36
16 33
16 31
12 29
5 12
2 29
5 29
6 29
21 39
39 48
2 39
33 39
6 33
31 48
0 2
2 6
5 6
32 44
41 44
0 32
0 5
20 41
0 41
31 46
0 31
9 46
0 46
