50 490
4 41
11 41
4 6
6 11
35 41
6 35
0 35
21 41
4 21
11 21
21 35
19 41
6 19
0 19
19 21
1 4
1 11
1 35
18 41
6 18
0 18
18 21
1 18
10 41
1 10
4 10
10 11
10 35
10 18
10 19
2 41
2 6
0 2
2 21
1 2
2 10
5 41
4 5
5 11
5 35
2 5
5 18
5 19
23 41
0 23
21 23
5 23
4 43
11 43
35 43
19 43
2 43
18 43
39 43
29 41
10 29
4 29
11 29
29 35
8 41
0 8
8 21
1 8
8 29
30 41
6 30
0 30
21 30
1 30
10 30
29 30
17 41
0 17
17 21
10 17
5 17
17 29
4 17
11 17
17 35
15 41
10 15
15 43
15 17
27 41
10 27
5 27
17 27
27 30
4 27
11 27
27 35
12 41
12 21
12 29
12 30
12 27
4 12
26 41
10 26
5 26
26 30
40 41
1 40
5 40
17 40
4 40
11 40
16 41
16 21
16 29
16 30
16 40
4 16
16 26
16 35
24 41
0 24
21 24
10 24
24 29
17 24
24 40
4 24
24 26
24 39
5 13
13 29
13 40
34 41
21 34
5 34
30 34
27 34
4 34
11 34
41 49
6 49
0 49
21 49
1 49
10 49
5 49
17 49
40 49
34 49
4 49
35 49
13 49
15 49
23 49
27 44
40 44
39 44
35 44
15 44
23 44
41 47
10 47
43 47
30 47
40 47
4 47
39 47
38 40
34 38
26 38
11 38
20 30
4 20
20 26
20 38
13 20
18 20
20 47
7 41
6 7
0 7
7 21
1 7
7 10
7 43
7 29
7 30
7 34
7 39
7 38
7 13
7 18
7 23
7 20
7 44
7 16
7 11
25 41
1 25
25 29
17 25
25 40
25 34
25 39
25 35
24 25
18 25
25 47
7 25
27 28
4 28
28 39
28 38
24 28
18 28
23 28
28 44
8 28
4 46
38 46
24 46
3 41
0 3
3 21
3 10
3 29
3 17
3 30
3 34
3 26
3 39
3 24
3 18
3 46
4 48
35 48
24 48
3 48
47 48
44 48
11 48
13 22
18 22
5 42
17 42
27 42
4 42
26 42
38 42
15 42
3 42
15 37
23 37
37 42
32 41
6 32
0 32
21 32
1 32
10 32
5 32
17 32
27 32
32 34
32 39
32 35
15 32
18 32
32 42
7 32
32 37
8 32
36 40
34 36
4 36
36 39
13 36
3 36
23 36
36 44
32 36
22 36
14 41
0 14
14 21
5 14
14 43
14 29
14 27
4 14
14 26
14 39
13 14
14 15
14 42
14 44
11 14
14 22
14 37
31 41
30 31
27 31
4 31
26 31
31 35
24 31
23 31
31 47
7 31
11 31
39 45
35 45
24 45
3 45
23 45
44 45
32 45
8 45
31 45
32 33
33 45
16 33
12 33
25 33
2 33
33 46
33 49
4 9
9 13
9 15
3 9
9 23
9 44
9 11
9 45
9 16
9 31
9 25
9 36
9 19
9 49
12 45
16 45
25 45
14 31
12 31
31 37
31 46
25 31
14 20
14 46
14 36
14 48
20 36
36 37
19 36
8 36
19 32
11 32
16 32
11 37
22 37
8 37
19 37
37 46
2 42
42 46
42 47
19 42
22 42
8 42
12 42
7 22
22 28
22 49
20 22
22 48
2 22
20 48
25 48
46 48
8 48
2 48
3 11
3 19
3 8
3 47
46 47
28 46
11 46
2 46
25 28
20 28
28 49
12 28
2 28
16 25
25 49
2 7
8 20
12 20
2 20
38 47
2 38
23 38
12 38
19 38
35 38
15 38
13 47
11 47
16 47
44 47
12 47
44 49
19 44
16 49
12 49
19 49
15 34
34 35
13 34
19 34
8 34
26 34
4 13
13 35
11 13
13 24
8 13
13 15
23 24
2 24
18 24
16 24
16 18
16 19
2 16
2 40
26 40
35 40
39 40
18 40
11 26
12 26
8 26
23 26
18 26
15 26
12 15
12 23
8 12
12 19
15 27
19 27
18 27
8 27
11 15
15 19
15 18
17 19
17 18
17 23
17 30
4 30
11 30
30 35
2 30
8 30
23 30
8 35
2 8
19 29
18 29
2 29
29 39
4 39
11 39
2 39
19 39
23 43
4 23
18 23
2 4
2 18
18 35
1 19
11 19
4 35
11 35
0 11
4 11
0 4
