50 245
9 21
9 33
0 33
21 48
39 48
1 21
9 28
0 28
21 22
9 19
19 22
19 48
1 19
21 36
31 36
21 31
11 31
7 21
20 36
7 20
20 21
11 20
20 39
20 35
35 39
5 9
0 5
5 48
1 5
5 31
5 7
5 20
5 11
21 25
6 21
6 42
13 21
13 19
7 15
13 15
15 39
2 25
2 21
2 47
23 25
15 23
23 35
23 47
3 7
3 11
21 45
3 45
9 32
32 48
1 32
31 32
21 40
21 30
26 30
9 17
1 17
17 30
7 17
17 20
6 17
17 39
28 43
26 43
21 43
17 43
5 12
12 23
12 43
12 32
21 41
18 41
14 30
14 31
7 14
11 14
14 41
14 23
10 22
10 48
10 36
10 31
10 20
10 13
2 10
21 27
20 37
13 37
2 37
27 37
37 47
18 37
35 37
32 37
6 46
13 46
41 46
15 46
37 46
46 47
46 49
3 46
17 46
16 32
16 46
16 21
16 35
38 40
11 38
38 41
23 38
37 38
19 38
10 24
24 42
24 33
1 44
7 44
20 44
11 44
5 44
27 44
42 44
12 44
24 44
26 44
38 44
21 44
24 38
21 24
18 38
28 38
10 27
8 9
8 48
1 8
8 31
8 40
8 39
8 41
8 27
8 10
8 21
4 20
4 11
4 5
4 45
4 8
29 33
4 29
4 34
4 28
4 14
4 18
8 17
8 28
8 42
27 42
10 33
10 14
10 34
10 26
14 19
14 49
14 21
14 18
15 18
12 18
18 34
12 34
12 28
43 49
17 19
17 34
17 33
17 35
7 26
26 40
26 39
2 26
26 42
26 49
3 26
26 28
32 40
28 40
11 32
25 32
32 45
32 34
32 35
28 32
3 23
3 42
3 47
3 49
3 33
19 47
35 47
47 49
2 19
2 34
15 34
15 49
15 33
15 19
13 33
13 42
5 42
19 42
6 19
6 33
6 49
6 39
39 49
25 49
5 25
5 21
5 28
5 35
33 35
7 11
11 21
11 28
31 33
31 39
19 31
28 31
19 36
33 36
36 39
28 36
19 21
22 28
1 28
1 39
1 33
21 39
33 39
33 48
0 21
