50 612
5 43
14 43
5 45
14 45
45 49
43 46
45 46
5 12
12 14
12 49
12 46
5 36
36 43
36 45
12 36
5 32
14 32
32 49
32 46
32 36
3 43
3 45
3 12
3 32
5 24
14 24
24 49
24 46
24 36
3 24
31 43
31 45
12 31
31 32
24 31
5 25
14 25
25 49
25 46
25 36
3 25
25 31
5 19
14 19
19 49
19 46
19 36
3 19
19 31
19 43
19 45
12 19
19 32
5 26
14 26
26 49
26 46
26 36
3 26
26 31
19 26
5 18
14 18
18 49
18 46
18 36
3 18
18 19
18 43
18 45
12 18
18 32
18 24
5 29
14 29
29 49
29 46
29 36
3 29
29 31
19 29
18 29
15 43
15 45
12 15
15 32
15 25
15 26
15 24
15 29
5 23
14 23
23 49
23 46
23 36
3 23
19 23
15 23
5 13
13 49
13 46
13 36
13 19
13 15
4 5
4 14
4 49
4 46
4 36
3 4
4 19
4 15
21 43
21 45
12 21
21 32
21 25
21 24
21 26
21 29
3 22
18 22
21 22
22 32
41 43
41 45
12 41
5 47
14 47
47 49
36 47
19 47
18 47
4 47
13 47
41 47
45 47
5 35
14 35
35 49
35 46
35 36
3 35
31 35
19 35
15 35
32 35
35 41
35 45
35 43
12 35
26 35
38 49
38 46
19 38
18 38
4 38
17 43
17 45
12 17
7 49
7 36
7 31
7 18
7 13
7 17
1 5
1 49
1 46
1 36
1 31
1 19
1 21
1 32
1 43
1 45
1 12
5 42
14 42
42 49
42 46
36 42
3 42
31 42
19 42
18 42
15 42
13 42
17 42
1 42
42 45
35 42
12 42
25 42
7 42
40 49
40 46
36 40
15 40
4 40
13 40
1 40
40 45
5 39
39 49
31 39
19 39
4 39
13 39
1 39
39 41
35 39
39 43
39 40
12 39
19 27
15 27
4 27
27 32
1 27
27 45
27 39
12 27
5 28
28 49
19 28
18 28
13 28
28 32
28 41
28 45
3 20
18 20
4 20
20 32
1 20
20 45
20 43
12 20
20 23
20 22
3 34
18 34
21 34
32 34
34 41
20 34
34 35
12 34
1 6
6 45
6 35
6 12
6 28
6 43
2 20
2 39
2 6
2 25
2 40
2 43
2 27
19 30
18 30
4 30
30 32
1 30
30 45
30 35
12 30
28 30
25 30
2 30
30 43
15 37
13 37
1 37
37 45
35 37
28 37
6 37
25 37
7 37
30 37
0 37
37 42
24 37
34 37
37 43
4 10
10 32
10 17
10 20
10 39
10 12
10 25
7 10
10 40
10 30
0 10
10 42
5 9
9 14
9 49
9 46
9 36
9 19
4 9
9 13
1 9
9 20
9 39
9 12
9 28
31 33
19 33
15 33
32 33
17 33
33 45
20 33
33 39
6 33
33 43
16 49
16 46
16 31
16 18
13 16
16 32
1 16
16 45
16 35
16 39
16 25
16 33
7 16
16 38
0 16
16 42
16 22
16 34
16 43
16 37
5 44
14 44
44 49
44 46
36 44
3 44
31 44
18 44
4 44
32 44
1 44
44 45
20 44
39 44
6 44
33 44
7 44
30 44
38 44
27 44
9 44
34 44
26 44
10 44
16 44
11 31
11 18
11 15
11 13
11 41
11 45
11 20
11 39
6 11
11 33
11 40
2 11
0 11
11 27
11 24
11 34
11 26
10 11
11 44
11 16
11 47
11 23
7 8
8 30
8 38
8 27
8 9
8 34
8 43
8 37
5 48
46 48
36 48
19 48
15 48
32 48
1 48
45 48
39 48
12 48
6 48
7 48
40 48
30 48
38 48
27 48
9 48
22 48
26 48
37 48
8 48
47 48
29 48
23 48
8 44
8 29
8 23
44 47
16 23
16 29
33 38
9 33
0 33
22 33
33 47
27 33
24 33
33 34
29 33
9 40
2 9
9 38
9 42
9 24
9 10
9 22
9 23
9 26
10 34
10 43
10 37
10 29
10 47
23 37
22 30
23 30
29 30
30 34
27 30
2 34
2 26
2 42
2 38
2 47
0 2
6 47
6 38
6 34
6 25
6 40
6 24
27 34
24 34
22 34
34 47
20 24
20 38
0 20
7 20
20 28
12 28
28 43
28 40
28 29
28 38
24 28
28 47
26 28
27 28
23 28
7 28
27 38
27 43
26 27
27 42
27 47
0 39
22 39
25 39
25 40
40 43
29 40
23 40
40 42
38 40
40 47
26 40
38 42
24 42
29 42
23 42
42 43
1 25
1 23
1 7
7 45
7 12
7 25
7 43
7 23
7 22
7 24
0 7
17 38
17 23
17 24
38 41
35 38
38 43
24 38
22 38
24 35
35 47
25 35
29 35
23 35
0 47
24 47
26 47
29 47
22 41
0 41
26 41
29 41
12 22
22 25
22 24
22 43
22 26
22 23
22 29
4 21
4 43
4 45
4 12
4 32
4 24
4 29
4 25
4 26
4 13
13 43
13 45
12 13
13 32
13 24
13 23
13 26
13 25
13 29
12 23
0 23
23 26
0 15
29 32
29 45
25 29
0 29
24 29
29 43
18 25
18 26
0 18
26 32
26 45
12 26
25 26
0 26
26 43
19 24
19 25
0 19
25 32
25 45
25 43
0 25
24 32
0 24
24 43
32 43
32 45
12 32
0 32
0 36
12 45
12 43
0 12
43 45
14 49
43 49
0 43
5 49
0 49
