50 367
5 28
28 46
5 35
35 46
17 28
17 35
5 16
16 46
16 17
19 28
19 35
16 19
5 12
12 46
12 17
12 19
5 36
19 36
28 36
35 36
16 36
12 36
5 18
18 46
17 18
18 19
18 36
10 28
10 35
10 12
10 16
10 18
5 30
30 46
17 30
19 30
10 30
2 28
2 35
2 16
2 12
5 27
27 36
10 27
2 27
5 14
14 28
14 35
12 14
14 16
5 33
1 28
1 35
1 16
1 12
1 18
5 22
22 46
17 22
19 22
22 36
1 22
14 22
4 5
4 46
4 36
2 4
4 14
11 28
11 35
0 11
5 13
13 46
13 17
13 36
10 13
28 44
35 44
16 44
12 44
5 26
26 46
17 26
19 26
26 36
26 44
28 41
35 41
12 41
16 41
13 41
18 41
26 41
5 43
43 46
17 43
19 43
36 43
1 43
41 43
11 43
5 31
31 46
31 36
31 44
14 31
4 31
28 31
31 43
22 31
31 35
2 6
24 28
24 35
5 32
32 46
32 36
1 32
14 32
24 32
31 32
3 28
0 3
28 47
30 47
16 47
5 45
36 45
10 45
1 45
2 45
41 45
45 47
32 45
5 48
36 48
10 48
44 48
2 48
11 48
4 48
47 48
16 29
29 43
29 35
15 29
31 38
38 47
30 38
12 38
0 38
38 45
2 39
11 39
4 39
32 39
30 39
38 39
30 49
39 49
8 48
8 16
8 49
37 48
16 37
33 37
8 37
5 9
9 11
4 9
9 32
9 29
9 16
7 29
7 16
7 9
7 43
7 45
7 13
0 7
7 33
7 42
8 42
28 42
22 42
42 45
18 42
0 42
27 42
7 26
8 9
9 35
9 37
5 40
2 40
14 40
40 41
4 40
32 40
40 48
16 40
33 40
12 40
9 40
22 40
20 30
20 39
13 20
23 31
3 23
23 48
23 38
23 33
23 43
23 28
0 23
23 35
23 25
20 23
4 21
3 21
21 30
21 38
21 33
21 23
21 35
0 21
20 21
15 21
21 27
21 26
20 49
20 27
20 37
9 34
15 34
20 34
6 34
0 34
34 37
20 40
6 40
26 40
40 45
9 27
9 25
37 49
6 37
0 37
8 27
8 12
8 18
8 26
12 49
35 49
22 49
45 49
25 49
12 39
22 39
28 39
26 39
13 39
18 39
33 38
35 38
15 38
15 33
12 15
15 22
15 18
0 15
6 15
29 48
22 29
0 48
28 48
45 48
13 48
18 48
12 45
28 45
43 45
25 45
25 47
12 47
33 47
13 47
3 25
25 30
16 25
25 33
25 26
18 25
25 43
3 16
3 35
3 32
3 43
3 30
27 32
26 32
6 32
28 32
18 32
22 32
24 26
6 24
24 33
6 31
6 30
6 16
6 13
6 12
6 28
6 26
31 33
18 31
13 31
12 31
16 43
28 43
22 43
27 43
18 43
27 41
30 41
4 26
26 30
26 28
18 26
18 44
0 44
13 44
11 13
13 18
13 22
13 35
13 28
12 13
11 16
11 18
11 12
4 11
4 28
4 22
4 35
0 4
4 27
12 22
22 35
1 33
14 33
30 33
27 33
0 14
14 27
14 30
27 30
16 27
0 27
2 30
18 35
0 36
28 35
0 46
0 5
