50 245
2 39
1 2
1 47
18 39
2 35
35 47
18 35
2 25
25 47
25 39
25 35
2 38
38 47
18 38
25 38
18 23
23 25
23 39
23 38
1 23
23 35
32 47
18 32
25 32
23 32
9 39
9 29
16 47
16 18
16 25
16 23
0 16
0 27
16 27
25 28
23 28
19 28
10 22
31 47
23 31
19 31
17 31
0 6
6 17
2 43
43 47
18 43
23 43
19 43
16 43
0 26
16 26
26 43
12 25
5 39
45 47
5 45
9 45
14 25
39 46
19 46
35 46
14 46
14 19
14 30
14 43
14 40
9 33
16 33
33 43
33 40
7 42
27 42
18 34
23 34
0 34
22 34
28 34
34 45
26 34
0 3
3 30
3 6
3 45
3 21
0 49
22 49
35 49
40 49
3 49
41 49
8 43
8 45
7 8
8 49
8 34
4 35
4 40
3 4
9 11
11 22
11 35
11 12
10 11
4 11
1 11
10 44
11 44
34 44
36 44
0 20
17 20
20 28
14 20
20 26
20 27
20 21
20 36
13 47
13 25
5 13
13 16
13 28
13 35
10 13
13 32
13 21
13 20
4 13
13 31
4 20
36 39
36 38
33 44
19 24
17 24
6 24
14 24
24 27
24 32
24 44
24 29
24 42
4 24
11 31
11 33
4 8
8 38
15 35
12 15
10 15
15 49
8 15
15 29
1 15
15 31
39 49
21 49
1 21
21 31
35 37
12 37
3 37
27 37
43 48
45 48
7 48
32 48
34 48
37 48
39 48
29 48
33 37
1 37
37 39
3 41
3 39
32 41
34 41
29 41
38 41
34 42
33 42
38 42
7 29
7 33
7 27
33 38
14 29
10 14
14 27
1 14
30 45
30 32
28 45
32 45
39 45
12 45
1 5
5 12
5 38
12 19
12 22
6 12
12 31
12 38
12 26
10 26
1 26
26 31
26 38
38 43
6 43
39 43
6 28
6 31
6 35
6 10
29 31
10 17
17 38
10 32
22 28
1 28
28 32
27 28
27 32
16 39
16 35
1 16
16 29
29 35
9 32
19 38
1 25
19 25
19 35
1 18
18 19
0 1
1 39
39 47
19 39
19 47
0 19
