50 122
20 29
29 33
8 23
8 41
7 41
21 41
8 12
7 12
12 21
23 30
12 30
21 30
8 43
7 43
22 43
43 47
20 26
2 21
2 4
4 22
29 49
0 28
20 27
27 28
1 48
34 41
12 34
21 34
28 34
11 34
16 34
11 32
16 32
32 47
5 14
20 31
26 31
5 31
19 20
19 22
19 31
29 39
2 39
39 49
0 39
19 39
4 39
19 37
18 42
18 26
13 24
45 48
44 46
10 44
10 30
10 13
1 10
45 46
0 46
21 25
7 25
17 25
17 49
8 25
25 46
18 25
27 45
13 45
5 6
6 30
6 13
1 6
24 33
8 24
18 24
18 49
15 18
15 47
9 42
9 26
5 9
9 35
23 36
12 36
2 36
7 36
11 36
27 36
4 36
36 38
9 38
9 37
19 40
3 34
3 40
31 47
0 31
14 35
14 32
14 33
0 34
11 35
1 35
27 48
30 48
8 27
28 49
4 49
4 33
2 26
2 7
26 47
8 47
7 22
8 22
22 30
30 33
7 21
8 21
7 23
7 33
0 20
