50 612
37 38
1 38
37 47
1 47
12 38
12 47
31 37
1 31
12 31
27 37
27 38
27 47
4 27
27 31
36 37
1 36
12 36
27 36
13 38
13 47
13 31
4 13
13 36
37 46
1 46
12 46
27 46
13 46
9 37
1 9
9 12
9 27
9 13
9 38
9 47
4 9
9 31
9 46
9 36
5 37
1 5
5 12
5 27
5 13
5 9
2 38
2 47
2 4
2 31
2 36
2 46
37 42
1 42
12 42
27 42
13 42
9 42
2 42
20 27
20 38
20 47
4 20
20 31
20 46
20 36
37 39
1 39
12 39
27 39
13 39
9 39
2 39
20 39
26 37
12 26
26 27
13 26
9 26
2 26
20 26
26 38
26 47
4 26
26 31
26 46
26 36
26 42
26 39
5 26
16 37
12 16
16 27
13 16
9 16
2 16
16 20
16 26
9 28
28 38
28 47
4 28
28 31
28 36
28 46
28 39
28 42
5 28
16 28
8 37
8 12
8 27
8 13
8 9
2 8
8 20
8 26
8 28
35 38
35 47
31 35
4 35
35 36
35 46
5 35
35 42
35 39
8 35
16 35
11 37
11 12
11 27
11 13
9 11
2 11
11 20
11 26
11 28
11 35
4 11
21 37
21 27
9 21
20 21
4 21
21 38
21 47
21 31
21 36
21 46
5 21
21 39
21 42
8 21
22 27
9 22
20 22
22 26
22 35
21 22
23 37
23 27
13 23
9 23
2 23
20 23
23 26
23 28
23 35
4 14
14 21
14 38
14 47
14 31
14 46
14 36
3 4
3 14
3 23
38 45
45 47
31 45
36 45
45 46
29 37
27 29
13 29
9 29
2 29
20 29
26 29
28 29
29 35
21 29
14 29
29 45
19 27
19 28
4 19
19 21
32 37
27 32
13 32
9 32
2 32
20 32
26 32
28 32
32 35
4 32
14 32
32 38
32 47
31 32
32 46
32 36
19 32
32 39
5 32
8 32
27 49
26 49
28 49
4 49
23 49
32 49
22 49
27 48
9 48
2 48
26 48
4 48
21 48
23 48
32 48
22 48
38 48
47 48
31 48
46 48
36 48
42 48
22 41
41 48
5 41
25 27
9 25
20 25
25 28
4 25
14 25
30 38
30 47
30 31
30 36
30 46
17 30
5 30
16 30
25 30
23 30
7 37
7 27
7 13
7 9
2 7
7 20
7 26
7 28
4 7
7 21
7 30
7 32
7 22
7 48
7 25
3 7
7 41
7 39
7 31
6 23
6 32
6 22
6 48
6 17
6 25
6 36
6 39
6 31
6 38
9 10
10 26
4 10
10 14
10 23
10 45
10 22
10 48
10 17
3 10
18 27
18 26
4 18
18 21
18 23
18 45
18 19
24 27
9 24
20 24
24 28
4 24
14 24
23 24
24 45
19 24
24 38
24 47
24 31
24 29
24 25
17 24
3 24
18 24
15 23
15 45
15 19
15 24
5 15
3 15
15 36
15 18
5 33
25 33
33 41
33 39
33 38
33 49
33 47
10 33
8 33
11 33
33 42
0 33
15 33
27 43
9 43
2 43
28 43
4 43
21 43
23 43
32 43
22 43
43 48
5 43
25 43
36 43
39 43
33 43
6 43
16 43
8 43
15 43
10 43
0 43
9 34
26 34
34 35
4 34
14 34
22 34
19 34
34 48
25 34
34 36
34 41
34 39
31 34
6 34
34 43
15 34
34 46
27 40
9 40
2 40
26 40
35 40
4 40
14 40
40 45
22 40
24 40
5 40
3 40
40 41
39 40
6 40
16 40
15 40
29 40
40 46
17 44
3 44
36 44
18 44
31 44
6 44
16 44
29 44
44 46
0 44
40 44
44 47
7 44
38 44
8 40
40 49
10 40
34 40
10 34
34 47
34 38
34 49
43 46
38 43
11 15
15 29
10 15
0 15
15 49
7 15
24 46
24 36
16 24
24 39
11 24
5 18
3 18
18 36
18 38
8 18
18 39
18 47
10 18
18 42
0 18
18 29
11 18
6 10
10 16
10 42
10 49
8 10
10 38
6 49
6 7
0 6
7 16
7 46
7 8
7 47
7 38
0 7
8 30
25 32
19 25
17 25
25 38
25 47
25 31
16 25
25 39
8 25
11 25
25 41
36 41
38 41
41 47
11 41
0 41
16 41
41 46
29 41
48 49
8 48
5 48
5 49
3 49
36 49
11 49
16 49
42 49
47 49
0 49
11 32
17 32
19 45
19 38
19 47
19 31
19 46
19 36
19 29
19 39
5 19
11 19
19 42
8 19
17 29
29 36
29 31
11 29
8 29
29 47
29 42
29 46
29 38
42 45
39 45
16 45
3 45
3 22
3 17
3 38
3 47
0 3
3 42
3 31
3 16
14 16
14 39
14 23
5 14
14 42
23 38
23 47
23 31
23 36
23 46
22 23
11 23
23 42
22 38
22 47
22 31
22 46
22 36
16 22
17 22
11 21
17 21
11 17
11 42
11 47
11 38
11 46
8 11
11 16
4 8
8 17
8 31
8 42
0 8
8 47
4 16
16 39
16 31
16 42
16 47
4 39
5 39
38 39
39 42
31 39
39 46
5 20
20 42
4 42
5 42
42 46
42 47
38 42
2 5
4 5
5 17
5 38
5 47
5 31
5 36
4 46
17 46
36 46
31 46
0 46
4 36
36 38
36 47
31 36
4 31
17 31
31 38
31 47
4 12
4 47
17 47
1 4
4 38
17 38
0 38
4 37
4 17
0 17
