50 122
37 39
2 39
2 29
11 19
39 41
19 41
29 41
41 44
36 41
2 5
5 36
5 32
14 30
39 47
29 47
31 47
44 47
40 47
21 40
7 30
18 22
8 29
0 8
8 22
11 25
8 25
25 37
25 43
8 35
35 43
13 34
34 37
29 49
44 49
41 49
30 49
34 49
17 49
17 43
12 45
21 45
12 26
4 38
26 38
2 38
20 33
6 20
6 36
41 46
7 46
4 46
36 46
6 46
1 41
1 30
1 20
1 32
1 46
1 14
13 24
18 24
28 30
7 28
11 28
16 37
16 32
14 16
16 28
15 27
15 49
27 28
24 28
6 24
2 20
18 33
33 38
3 37
3 8
10 14
9 10
3 9
3 33
12 21
12 49
18 34
4 13
13 14
4 8
8 47
7 18
18 21
7 21
7 47
21 47
11 47
37 48
32 48
47 48
43 48
31 43
0 43
30 43
2 43
5 14
11 36
2 23
23 36
37 41
32 41
11 29
11 44
0 11
2 42
11 42
11 32
2 44
37 44
0 2
29 37
0 37
29 32
0 32
