50 490
35 38
0 38
35 36
0 36
36 38
12 35
0 12
12 36
34 36
34 38
12 34
32 35
0 32
32 36
32 34
3 35
0 3
3 36
3 34
3 38
3 12
3 32
33 35
0 33
33 36
33 34
3 33
18 38
12 18
18 32
13 35
0 13
13 36
13 34
3 13
13 18
16 36
16 38
12 16
16 32
16 33
21 35
0 21
21 36
21 34
3 21
18 21
16 21
11 38
11 12
11 32
11 13
27 35
0 27
27 36
27 34
3 27
18 27
16 27
11 27
14 35
0 14
14 36
14 34
3 14
14 18
14 16
14 38
12 14
14 32
14 21
13 14
14 27
14 33
29 35
0 29
29 36
29 34
3 29
14 29
6 38
6 12
6 32
20 35
0 20
20 36
20 34
3 20
18 20
16 20
11 20
6 20
35 39
0 39
36 39
34 39
18 39
16 39
6 39
38 39
12 39
32 39
21 23
23 39
38 44
12 44
32 44
23 44
29 44
35 43
0 43
36 43
11 43
6 43
0 22
22 36
3 22
11 22
21 22
22 38
12 22
22 32
35 37
0 37
3 37
11 37
6 37
22 37
28 38
12 28
8 35
0 8
8 18
8 16
8 21
8 28
8 20
15 38
9 35
0 9
9 36
9 34
3 9
9 16
9 14
9 39
9 28
9 15
19 38
30 35
0 30
30 36
30 34
18 30
14 30
21 30
30 39
30 44
15 30
19 30
10 28
10 20
10 12
10 43
10 38
8 10
14 31
22 31
20 31
4 14
4 39
4 28
4 38
4 12
4 32
2 21
2 22
2 44
2 4
2 12
18 42
16 42
14 42
22 42
28 42
4 42
19 42
38 42
2 42
27 42
17 19
17 42
17 38
12 41
41 42
17 41
30 41
20 26
4 26
26 43
10 26
17 26
26 33
1 35
0 1
1 36
1 14
1 6
1 22
1 20
1 4
1 19
1 43
35 40
0 40
36 40
34 40
3 40
11 40
14 40
22 40
28 40
20 40
19 40
0 49
36 49
18 49
14 49
21 49
39 49
44 49
15 49
43 49
10 49
38 49
29 49
40 49
13 49
8 49
23 49
27 49
3 5
5 16
5 21
5 22
5 28
4 5
5 12
5 42
5 49
5 33
5 32
18 45
11 45
21 45
22 45
20 45
4 45
12 45
43 45
40 45
26 45
32 45
17 47
30 47
45 47
5 47
31 47
27 47
13 47
29 47
35 48
0 48
36 48
34 48
18 48
16 48
6 48
22 48
44 48
15 48
43 48
42 48
40 48
30 48
24 35
0 24
3 24
14 24
6 24
24 39
24 28
15 24
12 24
10 24
24 40
24 33
23 24
35 46
0 46
3 46
11 46
21 46
39 46
20 46
4 46
12 46
10 46
17 46
26 46
24 46
5 46
1 46
29 46
7 34
7 16
7 21
7 39
7 20
7 15
7 19
7 42
7 40
7 33
7 32
7 45
1 7
7 27
7 46
7 8
3 25
16 25
21 25
25 39
25 28
20 25
12 25
25 42
17 25
25 26
24 25
25 45
1 25
25 31
7 25
8 25
25 41
25 37
7 37
41 46
13 46
46 48
24 38
24 29
13 24
24 48
24 27
23 48
31 48
47 48
13 48
41 48
2 48
8 47
5 45
23 45
37 45
38 45
5 8
5 29
5 41
5 31
31 49
2 49
38 40
30 40
1 40
33 40
29 40
9 40
1 26
1 32
1 23
1 29
1 2
1 9
26 32
26 29
26 37
26 41
9 41
27 41
2 41
13 17
17 37
17 32
17 33
9 42
37 42
2 33
2 32
2 23
2 27
2 29
2 38
4 31
4 33
4 27
31 43
10 31
30 31
31 32
9 31
31 37
13 31
10 23
10 32
10 30
30 37
23 30
13 30
8 30
30 38
19 37
19 32
19 33
19 27
9 19
9 33
9 32
9 23
8 9
9 27
9 38
15 37
15 43
15 29
12 15
8 15
8 12
8 32
8 13
8 38
28 32
28 37
27 28
29 37
13 37
37 38
22 43
13 22
22 29
43 44
12 43
38 43
13 43
23 43
33 43
33 44
13 44
20 23
23 27
13 23
27 39
33 39
20 39
20 38
12 20
13 20
6 29
6 13
6 27
6 33
12 29
29 38
21 27
27 33
27 38
11 33
11 21
21 38
12 21
21 32
13 21
21 33
13 16
18 33
33 38
12 38
0 35
