50 245
10 17
10 25
20 25
10 20
15 17
15 25
15 20
7 15
11 20
10 11
11 15
12 17
12 25
12 20
7 12
11 12
9 10
9 12
9 15
17 27
25 27
7 27
9 27
15 27
17 38
25 38
7 38
11 38
10 38
15 38
12 38
20 46
38 46
5 43
12 43
0 43
18 46
18 43
0 41
16 20
7 16
5 16
12 16
16 41
1 7
1 9
1 5
4 20
4 11
4 38
4 44
4 41
15 48
12 48
27 48
38 45
3 45
0 45
45 48
10 45
25 36
11 36
15 36
12 36
0 36
35 36
25 39
11 39
15 39
3 39
29 39
29 46
29 31
1 31
10 31
26 34
20 33
11 33
33 38
33 44
0 33
8 24
24 26
24 33
27 47
24 47
36 47
45 47
39 47
2 47
43 47
26 47
33 35
33 34
8 42
25 28
11 28
15 28
12 28
0 28
28 48
10 28
13 17
13 25
13 20
7 13
11 13
9 13
13 15
12 13
13 27
13 29
15 22
3 22
22 41
1 22
13 22
16 22
32 41
32 48
32 36
32 45
8 19
16 19
23 27
23 48
8 23
19 23
23 32
4 23
23 26
14 27
14 48
10 14
14 28
25 40
20 40
7 40
38 40
5 40
12 40
3 40
40 48
13 40
34 40
40 42
17 49
25 49
20 49
7 49
38 49
44 49
3 49
1 49
36 49
16 49
40 49
31 49
5 6
6 12
6 41
1 6
6 13
6 28
2 6
21 40
21 31
15 30
30 44
30 41
1 30
30 36
30 45
19 30
21 30
30 46
6 30
6 21
6 49
46 49
14 40
14 31
14 33
14 23
19 46
19 32
31 32
22 32
2 22
22 26
22 43
4 13
13 43
13 28
4 28
28 42
2 42
4 42
33 42
4 33
33 43
31 34
35 39
36 39
16 39
39 46
26 39
39 43
16 36
2 35
35 46
8 35
2 45
16 45
4 48
4 46
1 44
10 44
1 27
1 16
1 10
8 41
8 43
8 10
5 46
5 12
5 10
12 46
26 38
3 26
26 27
10 26
0 3
3 27
0 27
12 37
15 37
0 11
10 15
0 15
7 10
0 10
17 25
7 25
0 7
