50 122
18 32
18 26
26 45
32 35
45 49
35 49
22 49
17 32
17 49
32 49
12 45
12 35
12 49
10 34
7 45
7 40
31 32
36 49
25 45
25 35
45 47
22 47
21 47
32 47
21 39
39 40
9 49
5 9
9 39
7 30
9 30
31 48
20 21
20 32
20 31
6 20
27 29
29 42
12 42
3 12
3 15
11 49
11 36
11 39
11 28
4 7
4 11
14 49
14 40
8 32
8 36
8 16
22 24
5 24
24 43
19 43
23 43
20 23
23 37
37 41
24 46
26 46
41 46
46 47
24 33
0 33
33 48
23 33
25 43
24 38
8 38
38 44
38 47
8 25
8 10
14 16
14 26
14 44
11 14
15 28
1 32
1 5
1 39
1 12
1 15
1 10
2 15
2 9
3 44
3 10
42 44
25 42
6 27
25 27
13 27
13 19
20 48
9 48
39 47
7 47
21 32
21 26
21 25
25 36
26 36
31 36
26 31
7 31
10 40
10 19
5 34
5 19
5 12
12 26
26 35
22 35
22 26
32 45
22 32
22 45
19 22
0 19
