50 245
32 34
7 21
7 32
34 46
7 46
7 45
32 45
21 45
10 34
7 10
10 45
17 21
17 32
5 34
5 7
5 45
5 17
3 7
3 32
3 21
34 38
7 38
38 45
17 38
3 38
23 32
21 23
5 23
23 38
27 45
23 27
27 46
7 44
23 44
1 10
1 11
21 36
32 36
14 45
14 46
14 36
14 44
2 7
2 45
2 17
2 3
2 46
2 44
2 33
0 2
25 46
7 40
40 45
17 40
3 40
1 40
0 40
25 40
9 46
9 40
0 12
1 15
15 36
12 15
10 15
7 47
45 47
17 47
3 47
8 47
18 47
18 44
26 38
7 13
3 13
8 13
13 40
13 26
31 46
31 40
31 33
10 31
1 42
42 44
33 42
31 42
5 42
9 42
13 42
5 35
35 38
14 41
12 43
0 43
0 29
10 29
25 29
29 37
25 37
37 41
8 28
28 40
12 28
22 26
22 25
22 32
22 28
22 38
26 48
31 48
22 48
2 48
14 48
42 48
16 45
16 46
1 16
16 40
12 16
10 16
5 16
16 38
7 19
19 45
17 19
3 19
1 19
19 36
19 33
10 19
19 47
19 25
15 19
16 19
4 22
4 9
4 19
4 21
13 30
30 42
30 43
4 30
4 35
19 28
20 47
9 20
14 20
16 20
20 32
8 39
39 40
33 39
31 39
24 39
24 32
2 39
6 47
6 25
6 11
6 39
6 43
6 27
20 39
11 39
37 39
16 48
15 16
15 48
9 22
28 29
25 28
28 37
27 28
11 28
21 49
37 49
29 47
29 43
11 29
41 43
32 43
27 43
35 41
35 42
21 35
13 31
11 31
5 31
5 13
13 38
13 32
13 14
25 26
10 26
26 47
11 26
0 47
15 47
27 47
2 15
15 32
9 12
12 27
12 32
0 9
9 32
9 21
10 40
2 25
2 27
2 38
5 33
14 33
21 33
10 14
5 14
14 21
11 36
11 38
11 27
1 44
38 44
32 44
27 44
21 44
5 44
0 27
38 46
10 38
3 10
3 46
3 5
5 8
5 21
10 17
17 46
10 46
45 46
32 46
21 46
8 32
21 34
8 21
0 21
0 8
