50 245
3 43
29 43
3 30
29 30
12 43
12 30
3 34
29 34
12 34
1 43
1 30
1 34
3 10
10 12
1 10
43 47
1 40
40 47
3 11
11 29
1 11
37 43
3 17
17 29
1 17
17 37
3 9
9 29
1 9
9 47
9 43
3 41
31 43
30 31
3 32
29 32
31 32
32 37
20 47
20 32
3 35
35 37
20 35
9 24
3 4
4 31
4 11
5 11
4 5
9 42
24 42
17 42
11 21
4 21
21 42
23 43
23 34
23 33
33 37
33 47
24 33
19 32
19 33
2 19
2 33
13 36
11 38
4 38
23 48
31 48
11 48
4 48
22 48
0 48
43 48
13 49
5 49
30 49
6 40
5 6
22 39
39 45
6 39
5 39
17 39
15 39
43 44
40 44
28 36
28 34
28 38
7 47
7 20
3 27
27 29
23 27
27 31
20 27
4 27
16 27
0 27
27 43
25 42
25 33
25 30
18 25
25 32
25 41
7 25
10 25
18 27
17 18
2 18
8 47
8 20
8 19
8 33
6 8
5 8
8 48
8 35
8 18
8 44
18 32
27 35
7 27
19 26
3 14
14 31
9 14
4 14
14 22
14 33
14 34
14 38
5 14
14 17
7 14
14 26
26 36
26 34
26 27
26 46
26 30
26 32
10 27
7 16
16 33
10 16
7 28
7 15
7 39
7 10
21 28
28 44
44 46
39 44
6 46
6 13
46 49
38 46
41 46
10 49
48 49
15 48
30 48
2 48
22 40
22 38
13 22
22 34
22 41
36 38
5 38
35 38
17 38
35 36
2 36
2 40
2 21
2 32
19 35
32 33
33 41
15 23
15 31
11 15
15 20
15 42
15 45
13 15
15 34
15 30
21 45
40 45
13 21
21 34
21 30
21 41
42 43
30 42
5 42
10 42
5 32
4 30
4 34
4 24
24 41
13 24
24 32
24 35
24 43
17 24
35 43
35 41
10 35
20 43
10 20
20 40
17 32
31 34
31 41
9 41
40 41
10 41
9 11
9 17
9 30
9 10
9 13
13 17
17 40
30 37
11 37
13 37
11 43
11 34
11 40
34 40
10 47
34 43
30 43
0 43
3 13
0 13
