50 367
1 42
1 26
42 46
26 46
1 21
21 46
28 42
26 28
21 28
1 2
2 28
2 46
8 42
8 26
8 21
2 8
1 14
14 28
14 46
8 14
29 42
26 29
21 29
2 29
14 29
38 42
14 38
1 38
38 46
28 38
16 42
16 26
16 21
2 16
14 16
16 38
1 16
16 28
16 46
16 29
11 42
11 21
2 11
11 38
11 16
1 40
28 40
40 46
29 40
0 40
13 42
13 40
13 28
42 43
21 43
2 43
38 43
16 43
42 45
21 45
2 45
14 45
38 45
40 45
1 45
28 45
45 46
43 45
17 42
14 17
16 17
17 45
17 28
17 43
1 17
0 17
18 42
18 26
18 21
2 18
14 18
18 38
16 18
18 40
18 45
17 18
1 6
6 7
7 8
6 10
4 42
4 21
2 4
4 14
4 38
4 16
4 28
4 43
20 28
17 20
1 20
0 20
3 20
3 8
3 32
35 42
26 35
21 35
14 35
35 38
16 35
28 35
17 35
6 35
8 35
12 35
12 44
11 12
25 45
17 25
6 25
4 25
25 32
25 44
12 25
4 33
33 44
23 32
42 49
2 49
38 49
40 49
45 49
43 49
20 49
8 49
4 47
34 47
34 49
0 34
33 34
37 38
16 37
37 45
37 43
6 37
8 37
35 37
23 37
0 37
33 37
27 37
34 37
31 45
28 31
20 31
6 31
31 47
31 49
12 31
41 42
2 41
38 41
16 41
41 45
41 43
17 41
4 41
41 47
23 41
31 41
18 41
27 41
10 41
30 42
16 30
28 30
17 30
20 30
4 30
30 32
30 47
12 30
18 30
9 42
2 9
9 16
9 40
9 45
9 28
6 9
8 9
9 32
9 49
9 31
9 27
24 45
24 43
20 24
6 24
24 35
24 47
23 24
24 33
24 27
17 19
4 19
19 47
19 49
0 19
19 31
19 24
11 19
7 19
19 22
1 19
19 25
24 36
36 46
3 36
5 28
5 43
5 20
4 5
5 35
5 49
5 12
5 18
5 24
5 46
3 5
5 41
5 36
1 5
29 36
36 41
13 24
24 39
39 46
9 39
7 39
25 39
29 39
9 11
9 48
11 48
30 48
13 48
29 48
34 48
9 30
15 37
9 15
7 15
13 15
15 29
15 25
9 34
10 30
7 30
30 34
30 41
1 41
27 31
22 31
11 31
3 31
18 22
22 37
11 22
3 22
13 22
22 34
1 37
3 37
25 34
47 49
29 47
11 47
13 49
7 49
1 49
23 49
23 29
0 23
1 23
23 33
18 23
25 33
13 33
1 33
29 33
10 25
7 25
0 12
3 12
12 29
27 35
35 46
18 35
11 35
13 35
0 35
27 44
18 27
7 27
10 27
18 44
3 44
44 46
10 44
3 46
1 3
11 20
4 20
8 20
20 46
4 18
4 10
1 4
4 46
10 32
0 10
10 18
10 29
1 10
1 32
7 32
0 7
7 11
6 18
0 6
6 8
18 46
17 46
13 17
17 29
0 45
28 43
1 43
43 46
29 43
8 43
11 43
13 43
8 13
0 13
13 46
13 29
8 40
11 40
11 28
8 11
11 46
8 16
0 16
0 38
29 38
8 38
28 29
8 29
8 28
1 8
1 28
28 46
0 46
0 42
