50 367
7 33
33 39
28 39
7 39
19 33
19 39
7 36
28 36
20 33
20 39
20 36
2 7
2 28
2 19
2 20
25 33
25 39
25 36
2 25
28 38
7 38
20 38
19 38
33 40
39 40
36 40
2 40
38 40
30 40
15 39
2 15
15 28
7 15
15 40
26 33
26 39
26 36
7 48
28 48
20 48
19 48
23 39
23 36
2 23
23 48
15 23
9 39
7 9
9 28
21 39
21 30
15 21
9 21
19 21
14 39
1 7
1 28
1 19
1 20
33 42
39 42
36 42
2 42
38 42
1 42
30 42
9 42
19 42
14 42
32 33
32 39
32 36
2 32
32 38
30 32
15 32
28 44
7 44
19 44
11 33
11 39
11 36
11 48
11 44
9 11
11 19
17 30
9 17
22 49
22 29
19 43
17 43
16 29
16 42
16 43
7 16
16 20
16 35
26 35
13 19
13 17
4 33
4 39
2 4
1 4
4 44
39 46
46 48
15 46
9 46
7 46
28 46
4 46
15 18
18 46
18 49
18 42
17 18
18 23
18 20
16 18
34 39
1 34
30 34
34 46
19 34
17 34
4 34
23 34
0 34
37 43
23 37
7 37
14 37
34 37
3 39
3 36
2 3
3 48
3 15
3 9
3 49
3 29
3 41
3 4
3 20
3 37
3 13
3 22
3 32
3 25
27 41
24 39
2 24
24 44
24 46
24 49
17 24
24 43
24 27
22 24
13 24
14 24
10 41
10 24
10 20
6 43
4 6
6 16
6 26
6 40
6 22
6 28
6 32
6 10
6 21
10 34
10 14
39 47
2 47
15 47
46 47
19 47
42 47
43 47
23 47
0 47
37 47
11 47
43 45
23 45
0 45
26 45
13 45
45 47
32 45
12 39
1 12
12 44
12 46
12 19
12 42
12 17
12 23
12 16
12 37
12 14
12 22
10 12
8 15
8 46
8 19
8 29
4 8
7 8
0 8
8 37
8 34
8 14
8 12
8 21
8 18
8 27
12 45
12 40
25 45
18 45
31 39
1 31
31 44
9 31
31 49
17 31
31 43
24 31
0 31
26 31
31 34
31 47
18 31
27 31
5 7
5 26
5 34
5 35
5 31
5 21
3 5
5 40
31 32
27 47
10 47
21 47
10 28
10 25
24 40
0 24
7 24
16 27
26 27
11 27
21 27
3 27
25 37
11 34
18 34
14 18
18 28
19 46
0 46
40 46
4 49
4 29
4 32
4 13
4 7
4 26
4 25
4 28
7 13
13 26
13 25
13 35
13 22
13 14
28 35
22 35
32 35
21 35
16 22
11 16
0 43
14 43
41 43
21 41
23 41
28 41
11 41
40 41
22 41
22 25
22 40
17 49
28 49
20 49
40 49
32 49
26 49
11 17
17 40
17 25
17 20
7 11
11 20
11 28
11 21
11 40
14 44
32 44
32 42
23 32
20 32
14 32
32 40
23 42
25 42
20 42
28 42
0 42
1 14
14 30
14 29
0 14
0 29
7 29
26 29
21 29
21 23
7 21
9 26
9 25
9 20
9 23
19 23
20 23
26 48
25 48
15 26
7 26
0 26
15 20
15 25
0 40
28 40
25 38
19 25
20 25
25 28
20 30
20 28
19 36
19 30
7 19
7 30
28 33
28 30
0 30
