50 612
14 39
33 39
30 33
14 47
33 47
2 39
2 30
2 47
32 39
30 32
32 47
14 32
32 33
2 32
38 39
30 38
38 47
32 38
8 14
8 33
2 8
8 38
23 39
23 30
23 47
23 32
8 23
14 42
33 42
38 42
2 42
16 39
16 30
16 47
16 32
8 16
16 42
14 34
33 34
34 38
2 34
39 46
30 46
46 47
32 46
8 46
42 46
34 46
1 14
1 33
1 38
1 2
1 46
1 23
1 16
20 39
20 30
20 47
20 32
8 20
20 42
20 34
1 20
30 31
31 47
31 32
8 31
31 42
31 34
14 31
31 33
31 38
2 31
23 31
31 46
16 31
17 30
17 47
17 32
17 34
17 31
14 41
33 41
2 41
38 41
23 41
16 41
41 46
18 30
18 47
18 32
8 18
18 42
18 34
18 31
18 41
22 30
22 47
22 32
22 34
22 31
22 41
14 22
22 33
22 38
2 22
22 46
16 22
22 23
21 30
21 47
21 32
21 42
1 21
20 21
21 22
26 39
26 30
26 47
26 32
8 26
26 42
26 34
1 26
26 31
26 41
22 26
30 35
35 47
32 35
35 42
1 35
20 35
22 35
14 35
33 35
35 38
2 35
23 35
9 30
9 47
9 32
8 9
9 42
9 34
1 9
9 41
9 35
9 26
10 39
10 30
10 47
10 32
8 10
10 42
10 34
1 10
10 31
10 41
10 22
10 26
10 14
10 33
2 10
10 38
15 20
10 15
14 19
19 33
19 38
2 19
15 19
12 32
12 31
12 35
12 26
12 19
12 14
19 49
14 49
33 49
5 30
5 32
5 31
5 20
5 22
5 26
5 19
5 14
5 49
5 38
5 9
27 30
27 47
27 32
8 27
27 31
27 41
27 35
26 27
19 27
14 27
30 48
47 48
32 48
34 48
31 48
20 48
22 48
35 48
19 48
33 48
37 39
30 37
37 47
32 37
8 37
37 42
34 37
1 37
31 37
20 37
22 37
35 37
10 37
37 48
37 49
37 38
9 37
11 16
25 32
25 34
25 31
25 41
20 25
25 26
10 25
25 48
25 49
25 33
28 30
28 32
1 28
28 41
22 28
28 35
14 28
28 48
28 49
28 33
39 43
30 43
43 47
32 43
8 43
42 43
34 43
1 43
31 43
41 43
20 43
26 43
19 43
43 48
43 49
33 43
28 43
9 43
16 43
15 43
7 14
7 48
7 49
7 38
7 9
7 11
7 16
7 15
7 18
2 7
13 47
13 32
1 13
13 31
13 22
13 35
13 14
13 48
13 49
13 38
9 13
11 13
19 40
14 40
33 40
38 40
9 40
11 40
27 40
25 40
2 40
9 45
27 45
40 45
15 45
37 45
32 36
20 36
22 36
10 36
19 36
14 36
36 49
33 36
28 36
27 36
16 36
6 49
6 38
6 28
6 11
6 16
6 15
32 44
20 44
22 44
10 44
19 44
14 44
33 44
38 44
9 44
27 44
16 44
6 44
7 44
0 44
17 44
25 44
4 32
4 8
1 4
4 20
4 22
4 35
4 19
4 14
4 48
4 38
4 28
4 27
4 16
4 15
4 7
0 4
4 18
4 44
4 12
3 39
3 30
3 47
3 32
3 8
3 42
3 34
1 3
3 31
3 41
3 35
3 26
3 10
3 48
3 49
3 38
3 28
3 27
3 40
3 6
3 37
0 3
3 18
3 44
3 13
3 46
3 23
3 5
3 25
3 4
4 43
2 4
4 5
29 37
29 45
17 29
21 29
13 29
25 29
20 24
24 35
10 24
14 24
24 49
24 33
24 28
11 24
24 40
6 24
7 24
24 37
18 24
24 44
12 24
24 25
24 36
24 29
23 24
24 46
23 29
29 46
4 29
43 44
44 46
5 44
6 18
6 46
6 37
6 13
6 36
6 23
2 6
36 37
36 45
17 36
21 36
12 36
25 36
2 36
5 36
36 46
25 45
18 45
12 45
45 46
43 45
13 45
17 45
12 40
13 40
16 40
15 40
21 40
17 40
7 13
0 13
13 21
2 13
13 23
13 46
13 43
7 43
0 7
7 12
7 46
17 43
25 43
2 43
43 46
5 43
12 28
21 28
25 28
0 28
15 28
2 28
27 28
18 28
11 25
15 25
25 37
18 25
12 25
11 23
11 15
11 37
11 27
0 11
16 37
17 37
5 37
21 37
23 37
2 48
38 48
46 48
23 48
9 48
27 48
0 48
15 48
27 33
17 27
12 27
27 46
5 27
2 27
23 27
5 16
5 15
0 5
5 21
5 12
5 23
16 49
12 49
18 49
2 49
12 33
12 15
12 18
12 21
2 12
0 19
14 15
15 33
15 21
0 15
15 17
10 46
10 23
10 21
9 10
10 17
10 16
10 18
9 14
9 33
9 16
9 17
9 23
9 46
9 18
9 21
16 35
0 35
35 46
26 35
14 26
26 33
26 38
2 26
17 26
23 26
18 26
16 26
0 26
21 26
14 21
21 33
21 38
0 21
17 21
2 21
21 23
18 22
14 18
18 38
16 18
17 18
2 18
18 23
17 41
17 20
14 17
17 33
17 38
0 17
17 46
20 31
14 20
20 33
2 20
20 38
20 46
20 23
16 20
0 20
0 1
14 46
33 46
38 46
16 46
16 34
23 34
14 16
16 33
0 16
23 42
14 23
23 38
0 23
2 23
14 38
33 38
2 38
0 32
2 14
0 2
14 33
0 33
14 30
0 14
0 30
