50 490
27 32
10 27
31 32
10 31
27 34
31 34
30 34
32 45
10 45
34 45
14 27
14 31
8 32
8 10
8 34
8 14
20 27
20 31
32 33
10 33
33 34
14 33
20 33
19 32
19 27
19 31
8 19
26 32
10 26
26 34
14 26
20 26
19 26
32 40
10 40
34 40
14 40
20 40
27 40
31 40
26 40
8 40
30 40
32 35
10 35
34 35
14 35
20 35
19 35
35 40
35 45
24 32
19 24
24 40
24 27
24 31
21 24
6 27
6 31
23 32
23 40
23 45
6 23
23 30
30 41
27 41
26 41
0 36
36 41
21 36
32 46
10 46
14 46
40 46
45 46
24 46
30 46
3 32
3 34
3 14
3 19
3 40
3 24
0 3
3 27
32 48
20 48
40 48
6 48
3 48
33 48
41 48
3 29
29 33
21 29
27 37
8 37
32 42
10 42
14 42
40 42
42 45
6 42
0 42
33 42
37 42
29 42
15 32
15 19
15 45
15 24
15 30
15 41
15 21
15 29
15 27
12 32
12 19
12 45
12 30
0 12
12 33
12 21
12 37
12 15
8 12
22 45
22 24
22 30
22 41
21 22
22 46
15 22
4 15
4 8
13 32
13 24
13 30
3 13
13 21
13 37
13 15
4 13
13 22
13 26
18 32
10 18
18 34
14 18
18 20
18 40
18 45
18 24
0 18
18 33
18 21
18 46
2 27
9 32
9 10
9 14
9 19
9 40
6 9
0 9
3 9
9 41
9 46
2 9
8 9
9 13
17 32
10 17
17 34
14 17
17 20
17 40
17 45
17 24
3 17
17 33
17 21
17 46
15 17
4 17
17 35
25 32
10 25
25 34
14 25
20 25
19 25
25 45
6 25
25 30
25 33
25 41
25 29
15 25
7 37
7 46
2 7
7 27
40 49
6 49
30 49
33 49
41 49
29 49
7 49
8 49
13 49
17 49
25 49
31 49
11 32
10 11
11 34
11 19
11 45
11 24
0 11
11 33
11 41
11 46
2 11
8 11
11 35
15 39
8 39
22 39
17 39
5 32
5 34
5 14
5 19
5 45
5 6
5 30
3 5
5 41
5 37
5 7
4 5
5 35
5 39
0 38
33 38
21 38
29 38
2 38
7 38
35 38
38 39
25 38
23 38
5 38
32 44
6 44
3 44
33 44
21 44
44 46
15 44
7 44
22 44
17 44
38 44
0 1
1 3
1 41
1 37
1 15
1 4
1 35
1 13
43 46
4 43
13 43
17 43
25 43
11 43
27 43
43 47
44 47
11 47
47 49
23 47
5 47
27 47
26 47
12 43
36 43
1 43
42 43
1 38
28 32
20 28
28 45
24 28
0 28
3 28
28 41
28 29
2 28
8 28
28 35
17 28
25 28
1 28
28 44
28 36
27 28
23 28
18 28
26 28
1 42
1 31
1 36
1 44
1 27
12 44
16 32
16 34
14 16
16 19
16 40
16 30
0 16
16 33
16 21
16 29
7 16
4 16
16 35
13 16
16 25
16 44
11 16
16 18
16 36
16 27
9 16
16 48
5 44
44 48
26 38
18 38
11 38
5 11
5 23
5 42
5 48
5 9
36 39
39 42
18 39
27 39
11 39
26 39
11 42
11 12
11 49
23 49
12 49
36 49
26 49
7 31
7 26
7 36
7 42
7 25
22 25
17 25
25 48
25 31
9 25
17 48
9 17
17 23
9 31
9 18
9 23
9 36
9 26
2 23
2 8
2 18
2 35
8 18
13 18
18 31
18 42
18 27
18 48
13 31
12 13
4 31
4 35
4 36
4 22
22 27
22 48
22 31
12 22
22 36
22 23
12 42
12 27
12 26
12 48
15 48
15 42
35 42
42 48
26 42
35 37
23 37
26 37
29 37
27 29
29 31
29 46
29 48
29 35
35 48
31 48
3 35
3 31
3 21
3 8
3 46
41 46
27 46
8 46
36 46
23 46
23 36
27 36
23 41
8 23
23 31
6 35
6 30
6 26
6 33
6 21
6 8
21 30
21 27
21 26
21 31
24 33
24 30
8 24
24 26
24 35
33 35
27 35
33 40
40 45
26 45
0 26
8 26
26 31
19 30
19 33
19 45
33 45
30 33
27 33
31 33
20 45
8 20
20 30
8 45
0 8
8 27
14 30
14 45
27 45
31 45
30 45
30 31
0 31
10 30
27 30
0 27
30 32
0 30
