50 245
40 42
13 42
5 42
5 13
21 40
5 21
10 42
10 13
10 21
10 40
5 23
10 23
24 42
13 24
21 24
24 40
23 24
5 19
10 19
19 24
15 21
15 40
15 19
15 34
5 36
10 36
36 46
15 46
3 21
3 40
3 23
3 15
3 34
3 17
12 36
36 49
8 49
8 15
5 33
8 33
42 45
13 45
40 45
23 45
45 49
6 36
6 49
13 14
14 40
21 43
40 43
23 43
10 43
5 43
32 42
13 32
21 32
32 40
32 43
32 49
20 32
32 46
8 32
27 32
20 48
32 48
13 38
38 40
23 38
6 38
34 38
28 43
15 28
20 28
16 28
25 34
2 42
2 13
2 21
2 40
2 49
2 6
2 34
2 45
2 10
2 25
2 14
7 34
7 33
2 7
5 7
7 46
4 43
4 6
3 4
4 17
4 38
4 7
12 41
4 41
1 33
1 32
1 25
39 42
13 39
39 40
23 39
39 43
6 39
3 39
16 39
42 47
40 47
43 47
6 47
33 47
17 47
12 47
18 47
31 38
30 42
30 40
30 49
6 30
30 34
16 30
30 38
30 31
12 30
27 30
20 29
17 29
25 29
29 31
22 29
3 44
32 44
25 44
8 44
22 44
10 37
0 37
18 37
37 44
44 46
44 45
29 30
9 34
9 17
9 38
11 47
7 11
11 28
0 11
11 14
9 11
9 35
0 9
9 28
9 29
26 35
26 41
18 26
26 29
28 30
18 31
31 39
31 35
14 18
18 24
0 47
39 47
10 47
8 39
10 39
1 39
39 48
1 10
1 41
1 4
1 24
4 46
4 45
7 27
2 46
2 5
25 28
24 25
8 25
10 28
28 48
0 16
5 16
16 38
27 38
38 48
14 48
0 48
46 48
14 32
14 43
24 43
6 14
14 20
8 14
14 35
6 45
33 45
5 45
8 45
10 45
27 45
0 8
5 49
10 49
12 49
12 20
12 17
5 12
12 24
12 46
20 24
20 35
17 35
5 35
27 35
17 24
3 27
3 46
3 10
27 36
34 36
15 27
24 27
5 15
15 24
10 15
5 24
21 34
5 40
13 40
13 34
34 40
34 42
0 34
