50 612
23 27
7 27
23 30
7 30
12 23
12 27
12 30
23 35
7 35
12 35
23 47
7 47
12 47
27 47
30 47
35 47
13 23
7 13
12 13
13 47
1 23
1 27
1 30
1 35
1 13
23 38
7 38
12 38
38 47
1 38
21 27
21 30
21 35
13 21
4 23
4 7
4 12
4 47
1 4
4 21
27 48
30 48
35 48
13 48
38 48
4 48
14 23
7 14
12 14
14 47
1 14
14 21
14 48
14 30
23 26
7 26
12 26
26 47
1 26
21 26
26 48
26 30
26 27
26 35
13 26
4 26
26 38
14 26
26 44
23 42
7 42
12 42
42 47
1 42
21 42
42 48
30 42
26 42
3 23
3 7
3 12
3 47
1 3
3 21
3 30
3 26
3 27
3 35
3 13
3 4
3 38
3 14
23 46
7 46
12 46
46 47
1 46
21 46
46 48
30 46
26 46
3 46
25 30
25 27
25 35
13 25
25 38
4 25
25 46
25 42
14 25
25 44
2 23
2 47
2 48
2 30
2 3
2 25
16 30
16 25
16 27
16 35
13 16
4 16
16 38
17 23
17 30
3 17
17 25
16 17
23 40
30 40
26 40
25 40
23 24
7 24
12 24
24 47
1 24
21 24
24 48
24 30
24 26
23 33
12 33
33 47
1 33
21 33
30 33
26 33
25 33
27 33
33 35
13 33
33 38
4 33
23 31
12 31
31 47
1 31
21 31
31 48
30 31
26 31
3 31
31 33
24 31
11 23
11 30
11 26
11 33
11 16
11 27
11 35
11 13
11 38
4 11
11 44
18 23
12 18
18 47
1 18
18 21
18 30
18 26
18 33
11 18
19 23
19 47
19 48
19 30
19 26
19 33
16 19
19 27
19 35
13 19
23 28
7 28
12 28
28 47
1 28
21 28
28 48
28 30
3 28
28 33
24 28
19 28
24 43
11 43
27 43
35 43
13 43
17 43
14 43
20 43
17 20
23 37
30 37
3 37
33 37
24 37
19 37
37 43
17 37
37 44
27 37
8 30
8 33
8 16
8 19
8 43
8 35
8 37
32 40
32 35
32 37
27 32
13 32
5 23
5 47
5 21
5 30
3 5
5 25
5 24
5 11
5 43
5 35
5 44
5 32
2 5
5 27
0 5
5 28
23 36
36 47
1 36
21 36
30 36
26 36
3 36
33 36
24 36
19 36
36 40
17 36
36 37
32 36
4 36
9 23
7 9
9 12
9 47
1 9
9 21
9 30
9 26
3 9
9 33
9 24
9 11
9 43
9 35
9 44
10 23
10 12
10 47
1 10
10 30
10 26
3 10
10 25
10 16
10 11
10 40
10 35
10 44
10 27
29 48
29 30
26 29
25 29
24 29
11 29
29 43
29 35
10 29
29 32
9 29
27 29
0 29
28 29
29 38
15 24
15 19
15 40
15 35
15 44
10 15
9 15
15 27
15 46
15 42
15 36
15 29
8 15
30 39
25 39
24 39
11 39
39 43
35 39
39 44
32 39
2 39
9 39
39 46
39 42
38 39
15 39
23 45
45 47
45 48
30 45
3 45
33 45
16 45
19 45
40 45
35 45
37 45
32 45
2 45
27 45
45 46
42 45
38 45
18 45
39 45
8 45
31 45
13 45
5 45
29 45
20 39
5 39
29 39
6 16
6 19
6 40
6 17
6 44
6 32
4 6
6 27
0 6
6 42
6 38
6 18
6 39
6 20
6 13
16 41
11 41
41 43
17 41
41 44
2 41
9 41
27 41
0 41
41 42
36 41
18 41
4 34
27 34
34 46
28 34
34 36
18 34
13 34
34 41
37 49
10 49
2 49
27 49
0 49
42 49
36 49
18 49
34 49
6 49
31 49
13 49
41 49
29 49
14 34
8 34
31 34
6 41
13 41
14 41
22 23
12 22
22 47
1 22
22 30
22 26
3 22
22 25
16 22
11 22
22 43
17 22
22 44
22 32
4 22
9 22
0 22
22 28
22 36
15 22
22 39
6 22
8 22
22 29
5 22
22 41
15 31
15 20
5 15
20 29
8 29
10 18
10 42
10 20
9 10
0 10
10 46
10 31
10 28
4 10
4 9
9 27
8 9
9 36
0 9
9 42
9 14
0 36
28 36
5 36
14 36
8 36
5 20
5 31
5 14
8 32
2 32
32 38
14 32
2 8
0 8
8 28
8 20
8 31
2 37
31 37
4 37
28 37
20 37
14 37
37 38
4 20
20 27
20 46
20 28
20 38
14 20
38 43
28 43
28 35
2 28
27 28
28 46
18 28
28 31
19 38
4 19
18 19
19 44
19 40
14 19
19 46
18 35
17 18
2 18
4 18
18 27
0 18
18 38
14 18
13 18
11 31
2 11
31 40
17 31
2 31
27 31
31 46
31 38
14 31
33 44
33 46
24 33
24 27
24 35
13 24
4 24
24 38
14 24
24 42
24 40
27 40
35 40
13 40
40 42
17 40
40 46
2 40
40 44
4 40
17 35
17 27
13 17
4 17
14 17
17 42
17 46
14 16
2 16
16 42
16 46
2 35
2 27
2 13
2 38
44 46
4 46
27 46
38 46
42 46
14 46
3 42
3 44
35 42
42 44
4 42
14 42
38 42
13 42
4 14
13 14
44 48
4 30
4 27
0 4
21 38
21 44
30 38
35 38
27 38
13 38
1 44
13 30
13 35
13 44
13 27
0 13
44 47
30 35
27 35
35 44
12 44
27 30
30 44
7 44
27 44
23 44
0 44
