50 490
2 11
2 36
11 36
35 36
2 30
30 36
30 35
14 35
11 14
2 29
29 36
29 35
14 29
2 33
33 36
33 35
14 33
11 33
29 33
30 33
2 20
20 36
20 35
14 20
20 33
2 21
21 36
21 35
14 21
21 33
11 21
21 30
21 29
20 21
1 2
1 36
1 35
1 14
1 33
1 21
2 9
9 36
9 35
9 14
9 33
9 21
9 11
9 30
9 29
9 20
2 24
24 36
24 35
14 24
24 33
21 24
9 24
6 11
6 30
6 29
6 20
2 31
31 36
31 35
14 31
31 33
21 31
9 31
6 31
13 35
11 13
13 29
13 30
13 20
15 36
15 35
13 15
35 49
11 49
30 49
29 49
20 49
2 17
17 36
17 35
14 17
17 33
17 21
9 17
6 17
13 17
17 49
35 42
33 42
13 42
2 3
3 36
3 35
3 14
3 33
3 21
3 9
3 11
3 30
3 29
3 20
2 37
36 37
35 37
14 37
33 37
21 37
9 37
6 37
3 37
37 49
15 37
20 37
5 36
5 35
5 9
5 49
5 42
5 31
5 11
5 30
5 29
5 25
19 36
19 35
9 19
3 19
1 19
19 20
16 42
16 31
11 16
16 29
16 30
35 40
1 40
15 40
16 40
5 40
17 40
4 16
4 17
4 11
32 42
20 32
5 32
4 32
2 46
36 46
35 46
14 46
33 46
21 46
9 46
6 46
13 46
46 49
15 46
31 46
17 46
19 46
16 47
4 47
11 47
22 36
22 35
13 22
3 22
15 22
20 22
1 44
15 44
16 44
11 44
29 44
30 44
41 44
19 41
41 47
2 39
36 39
35 39
33 39
9 39
39 49
15 39
31 39
5 39
2 12
12 36
12 35
12 14
12 33
12 21
9 12
6 12
12 13
12 49
1 12
12 15
12 44
11 12
12 29
12 30
2 48
36 48
35 48
14 48
33 48
21 48
9 48
3 48
42 48
20 48
5 48
12 48
4 48
10 36
10 35
9 10
10 49
10 42
10 20
10 17
10 12
10 47
10 39
10 11
2 8
8 36
8 35
8 14
8 33
8 21
6 8
8 49
1 8
8 20
8 44
8 12
8 46
8 10
7 39
7 10
1 38
31 38
17 38
19 38
38 47
29 38
24 38
32 38
38 48
27 42
20 27
16 27
19 27
4 27
2 45
36 45
35 45
33 45
13 45
1 45
42 45
31 45
44 45
17 45
39 45
10 45
28 36
28 35
13 28
3 28
15 28
28 31
28 44
17 28
28 46
28 45
28 29
28 40
8 28
28 32
4 18
18 39
7 18
18 41
8 18
18 28
6 23
3 23
23 42
20 23
16 23
17 23
23 39
23 45
23 41
23 40
23 37
23 28
23 27
21 34
34 49
1 34
20 34
5 34
12 34
34 46
29 34
7 34
34 41
34 37
23 34
24 34
34 48
27 34
11 34
18 23
2 43
36 43
35 43
33 43
21 43
9 43
6 43
3 43
42 43
31 43
16 43
12 43
43 46
43 45
29 43
40 43
8 43
0 43
23 43
25 43
30 43
18 43
18 25
18 22
28 30
22 28
24 45
11 45
30 45
32 45
27 45
27 38
26 44
12 26
26 46
26 29
26 38
26 41
26 40
26 27
26 48
0 26
11 26
26 32
27 37
11 27
27 30
27 48
11 38
7 38
25 38
0 7
7 22
7 30
7 8
7 41
8 41
8 24
8 22
8 25
0 10
10 48
10 25
10 37
37 48
0 48
30 48
11 48
12 19
12 39
39 47
11 39
39 40
29 39
39 41
22 41
25 41
22 44
17 44
19 22
22 47
22 29
22 24
22 25
11 22
30 47
0 47
37 47
46 47
11 46
32 46
25 46
29 46
32 37
11 32
30 32
25 32
0 32
4 37
4 29
4 40
4 24
29 40
37 40
24 40
30 40
0 16
16 19
11 19
0 19
19 24
19 25
19 30
24 25
5 24
5 37
0 5
29 37
0 37
3 42
0 3
3 31
1 3
11 42
30 42
29 42
0 42
17 42
17 31
11 17
17 30
17 29
24 49
15 49
1 15
11 15
15 29
15 30
15 24
15 20
13 31
13 24
1 13
1 31
11 31
30 31
29 31
24 31
6 24
1 6
0 24
24 30
1 9
1 11
1 29
1 30
1 20
11 20
20 30
20 29
14 30
11 35
0 11
2 35
0 35
