50 367
36 43
40 43
33 36
33 40
37 40
37 43
5 36
5 40
5 37
35 43
2 36
2 40
2 37
2 35
31 36
31 40
31 37
31 35
31 43
8 36
8 40
8 37
8 35
8 31
43 45
3 36
3 40
3 37
3 35
3 31
3 45
38 43
5 38
36 48
40 48
37 48
35 48
31 48
45 48
38 48
16 43
23 37
16 23
18 43
18 23
15 35
17 43
5 17
15 17
37 47
17 47
27 43
26 27
26 39
26 29
6 27
40 46
37 46
31 46
45 46
18 46
39 46
21 37
21 31
17 21
21 46
21 29
6 21
4 31
4 17
4 39
41 43
22 36
22 40
22 37
22 35
22 31
22 45
22 27
22 41
22 29
21 22
15 32
31 34
34 38
27 34
34 39
8 34
25 29
1 36
1 40
1 37
1 35
1 31
1 45
1 18
1 39
1 25
1 8
1 32
20 46
8 20
12 20
20 33
28 46
12 28
27 44
41 44
25 44
12 44
32 44
24 46
8 24
24 44
20 24
48 49
0 49
22 49
2 49
6 49
10 36
10 40
10 37
10 35
10 31
10 16
10 27
10 41
10 46
8 10
10 44
10 33
10 49
3 10
19 44
19 33
0 19
11 19
19 48
2 19
27 42
39 42
25 42
12 42
32 42
33 42
19 42
30 40
30 37
30 35
30 31
27 30
30 41
25 30
21 30
14 35
14 16
14 18
14 46
14 25
12 14
14 32
6 14
14 43
5 14
9 18
9 41
9 29
8 9
9 14
9 20
9 23
5 9
9 34
9 15
7 32
7 33
7 23
7 9
7 47
4 7
7 34
7 10
2 7
1 7
9 24
9 47
9 11
0 14
14 30
3 14
14 47
14 15
20 30
23 30
28 30
13 30
5 13
11 13
13 24
13 42
6 13
4 13
10 13
15 30
30 42
1 30
26 30
5 30
15 42
1 42
2 42
26 42
22 42
19 47
1 19
19 43
5 11
11 28
10 11
1 11
2 11
10 28
10 34
4 10
34 49
24 49
15 24
22 24
0 24
24 48
24 26
44 47
28 44
3 44
33 44
4 44
23 44
20 28
5 28
1 28
2 28
6 28
4 28
20 34
5 20
1 20
20 43
1 43
1 6
25 33
8 25
15 25
5 25
25 43
12 25
12 23
12 34
0 12
2 12
12 48
12 26
32 34
15 34
2 34
6 34
0 34
22 32
22 23
3 22
15 22
0 22
22 48
22 43
5 41
41 47
0 41
4 41
33 41
41 48
4 46
4 21
4 33
4 23
4 5
4 47
0 4
21 43
21 47
15 21
2 21
21 48
3 21
5 21
43 46
15 46
23 46
6 46
46 47
6 29
6 33
3 6
6 47
6 43
29 48
0 29
8 26
26 33
23 26
26 47
0 26
26 43
26 48
27 39
8 27
27 48
39 43
0 39
39 47
5 39
8 39
3 39
2 39
3 47
0 47
2 17
8 17
15 18
15 48
15 43
3 18
18 33
2 18
8 23
23 33
5 23
3 23
16 33
3 16
0 16
16 48
5 48
2 48
43 48
2 38
3 38
33 38
8 38
3 8
0 3
2 3
3 43
5 45
2 45
8 45
33 45
2 8
8 33
5 31
2 31
31 33
0 31
33 35
5 35
33 37
0 37
0 36
