50 612
6 48
3 6
2 48
2 3
6 14
2 14
33 48
3 33
14 33
10 33
21 48
3 21
14 21
10 21
6 21
2 21
21 33
48 49
3 49
14 49
10 49
21 49
11 48
3 11
11 14
10 11
11 21
6 11
2 11
11 33
11 49
45 48
3 45
14 45
10 45
21 45
11 45
10 20
20 21
11 20
6 20
2 20
20 33
20 49
20 45
8 48
3 8
8 14
8 10
8 21
8 11
8 20
10 44
6 44
2 44
33 44
44 49
44 45
8 44
12 48
3 12
12 14
10 12
12 21
11 12
12 20
12 44
6 30
2 30
30 33
30 49
8 30
30 45
35 48
3 35
14 35
10 35
21 35
11 35
20 35
35 44
30 35
6 34
2 34
33 34
34 49
34 45
8 34
12 34
9 48
3 9
9 14
9 10
9 21
9 11
9 20
9 44
9 30
9 34
10 46
44 46
34 46
6 46
2 46
33 46
46 49
8 46
45 46
37 48
3 37
14 37
10 37
21 37
11 37
20 37
37 44
30 37
34 37
37 46
6 22
2 22
22 33
22 49
22 45
8 22
10 38
11 38
20 38
38 44
38 46
22 38
2 38
37 38
38 49
6 38
33 38
7 10
7 21
7 11
7 44
7 34
2 7
3 23
14 23
10 23
21 23
20 23
23 44
23 34
2 23
6 23
23 33
23 49
23 45
8 23
10 41
21 41
20 41
41 44
41 46
2 41
23 41
37 41
41 49
42 46
22 42
23 42
37 42
42 45
6 42
33 42
41 42
2 16
10 29
29 44
29 30
22 29
2 29
6 29
29 33
29 49
31 48
3 31
10 31
21 31
11 31
30 31
31 46
2 31
23 31
29 31
31 45
31 42
31 35
39 48
3 39
10 39
21 39
11 39
30 39
39 46
22 39
2 39
29 39
39 49
39 42
2 17
17 37
17 45
17 42
17 35
6 17
17 33
0 17
17 39
9 17
18 48
14 18
10 18
18 21
11 18
18 20
18 34
18 22
2 18
18 37
18 49
18 38
17 18
18 39
1 45
1 42
1 35
1 6
1 18
4 30
2 4
4 23
4 29
4 49
4 38
4 17
4 39
4 41
4 7
1 4
4 12
35 43
6 43
18 43
4 43
0 43
19 48
3 19
14 19
10 19
19 21
11 19
19 20
19 30
19 46
2 19
19 23
19 29
19 49
19 42
17 19
19 39
19 41
7 19
4 19
8 19
36 48
3 36
14 36
10 36
21 36
11 36
20 36
30 36
34 36
22 36
23 36
29 36
36 45
36 49
36 42
6 36
18 36
7 36
32 34
22 32
2 32
32 37
32 45
32 49
32 35
6 32
32 41
7 32
13 48
3 13
13 14
10 13
13 21
11 13
13 20
13 44
13 30
2 13
13 23
13 37
13 29
13 49
13 35
6 13
13 18
13 41
13 32
8 13
13 43
27 48
3 27
14 27
10 27
21 27
11 27
20 27
27 44
27 34
2 27
23 27
27 37
27 45
27 38
17 27
6 27
27 41
7 27
27 32
19 27
13 27
0 47
32 47
28 49
28 38
28 35
28 39
6 28
7 28
0 28
28 32
19 28
16 28
28 47
24 29
24 42
24 35
6 24
18 24
4 24
0 24
8 24
24 28
13 24
12 24
40 48
3 40
10 40
21 40
11 40
40 44
40 46
22 40
2 40
37 40
40 49
38 40
17 40
6 40
18 40
4 40
32 40
8 40
28 40
40 47
12 40
27 40
24 40
31 40
1 40
6 25
4 25
25 32
8 25
25 43
15 48
3 15
14 15
10 15
15 21
11 15
15 20
15 44
15 30
15 34
15 46
2 15
15 23
15 29
15 49
15 38
15 35
15 39
15 18
15 41
0 15
8 15
15 43
13 15
5 49
5 38
5 17
5 39
5 41
5 7
0 5
5 32
5 13
5 15
5 47
10 26
21 26
20 26
26 44
26 30
26 46
2 26
26 37
26 49
26 38
26 42
26 39
6 26
7 26
4 26
19 26
26 28
26 47
12 26
26 36
5 26
26 33
16 26
9 26
1 5
5 9
5 33
5 24
15 25
15 47
15 36
15 16
15 33
25 36
25 40
25 27
16 25
25 31
24 25
1 24
16 24
1 28
28 43
27 47
31 47
36 47
27 36
27 31
9 27
27 33
9 13
1 13
12 13
32 36
12 32
9 32
19 36
36 43
33 36
16 36
1 19
12 19
19 43
9 19
31 43
12 43
33 43
4 31
4 16
0 1
1 12
1 16
1 31
16 18
18 33
8 18
18 41
12 18
16 17
12 17
6 39
33 39
31 39
0 39
9 39
12 39
6 31
31 41
8 31
12 31
31 33
29 45
29 35
12 29
8 29
0 29
16 29
16 45
16 42
6 16
7 16
8 16
9 16
9 42
8 42
35 42
35 41
6 41
7 41
0 41
8 41
9 23
7 23
12 23
23 35
7 37
7 45
7 38
7 35
6 7
7 9
7 33
0 38
8 38
12 38
35 38
22 37
0 22
2 37
6 37
33 37
37 49
37 45
8 37
9 37
35 46
9 46
12 46
2 9
9 45
6 9
0 9
9 12
9 33
34 35
2 35
35 45
6 35
33 35
12 30
0 30
2 12
12 49
2 8
8 45
6 8
0 8
8 33
0 20
2 45
6 45
33 45
45 49
0 45
0 11
2 49
6 49
33 49
0 21
2 33
6 33
0 33
10 14
2 10
2 6
0 2
3 10
6 10
0 6
10 48
0 10
