50 245
15 42
7 15
7 17
16 42
7 16
15 22
22 47
1 15
1 16
22 43
1 43
17 43
34 42
22 34
17 34
15 34
42 44
22 44
34 44
37 44
2 22
1 2
2 17
2 34
15 35
19 35
17 25
25 37
2 25
2 33
25 33
30 35
25 30
16 30
22 32
1 32
17 32
4 15
4 32
10 34
4 10
17 38
34 38
14 38
15 18
18 47
12 18
18 32
7 46
1 46
34 46
37 46
18 46
25 46
29 34
29 37
2 29
29 38
29 43
14 27
27 38
27 29
19 27
15 27
2 31
25 31
29 31
26 31
11 31
3 17
3 34
3 14
8 49
8 38
8 30
8 19
8 26
8 32
39 43
16 39
42 45
22 45
17 45
37 45
2 45
5 10
5 16
5 26
5 45
5 20
3 20
15 20
20 33
10 21
20 21
21 47
21 44
14 24
24 38
24 29
17 48
4 48
14 48
38 48
29 48
34 41
37 41
18 41
25 41
41 48
3 41
26 41
32 41
41 43
8 41
9 26
9 27
9 40
9 24
9 41
9 46
23 30
3 23
10 23
23 32
23 43
12 23
0 23
23 41
19 48
24 48
26 48
43 48
3 48
12 48
10 24
24 32
21 24
12 24
24 46
21 33
20 47
20 43
20 46
5 47
30 45
3 45
45 47
15 45
45 46
14 36
25 36
30 36
6 36
6 10
36 45
27 36
36 47
12 36
36 44
33 36
40 45
26 45
13 40
39 40
28 29
19 28
15 28
28 32
28 40
8 28
28 44
28 46
12 40
8 39
0 8
3 49
3 29
3 11
3 44
11 13
11 47
11 15
11 16
11 32
11 44
13 31
19 31
31 44
10 31
15 31
10 13
13 16
13 27
12 13
13 44
27 47
27 46
29 46
19 46
12 38
12 30
12 15
38 47
38 43
32 38
10 14
14 26
10 43
10 16
30 32
19 32
30 33
19 33
26 33
33 47
16 33
15 25
25 44
19 25
2 35
2 15
2 44
2 16
2 43
16 44
34 37
34 47
15 37
37 47
16 37
26 37
37 43
0 43
1 47
1 17
16 22
17 22
16 17
0 16
15 17
0 15
17 42
17 26
0 26
