50 245
3 5
3 22
5 45
22 45
3 32
32 45
5 28
22 28
28 32
3 13
13 45
13 28
5 14
14 22
13 14
3 46
45 46
28 46
14 46
32 46
3 19
19 28
19 32
19 43
5 19
29 32
19 29
5 17
17 22
3 18
18 19
17 18
29 38
3 6
6 45
6 32
6 43
6 17
6 38
3 37
28 37
37 43
2 5
1 32
1 2
1 23
39 43
19 39
23 39
11 39
6 39
37 39
5 21
6 7
7 15
9 32
2 9
5 20
3 42
42 45
28 42
5 41
22 41
41 42
32 41
32 42
2 42
20 42
40 42
3 24
24 45
24 32
19 24
20 24
24 40
20 33
35 43
19 35
23 35
35 37
14 47
19 47
20 47
35 47
6 47
37 47
8 33
8 47
0 47
18 47
21 27
27 47
25 32
19 25
23 25
11 25
22 25
5 36
14 16
16 19
16 20
5 48
26 48
26 35
26 34
22 26
26 46
31 34
31 37
31 46
0 31
30 31
31 42
6 44
22 44
44 46
31 44
3 12
12 43
12 23
12 38
12 22
12 15
12 21
12 30
12 33
12 39
12 44
32 49
2 49
17 49
35 49
5 49
36 49
21 49
31 49
12 49
44 49
1 49
16 49
18 44
7 44
26 30
25 30
7 30
29 30
13 26
18 26
10 29
10 26
4 24
4 26
16 48
22 48
5 16
16 36
16 46
0 16
16 42
16 33
16 24
18 36
24 36
1 36
36 42
25 36
9 25
25 42
1 25
25 27
13 25
18 27
1 27
24 27
13 47
39 47
33 35
5 35
35 46
0 35
13 35
33 34
22 33
0 33
33 39
29 33
9 34
1 34
24 34
0 34
5 34
9 24
0 24
13 24
5 42
42 46
7 42
18 42
0 20
20 37
9 20
20 46
9 11
9 37
9 29
9 21
9 18
7 9
1 7
7 39
15 21
15 37
21 39
1 21
29 39
1 11
0 1
2 37
2 13
0 2
6 37
0 37
29 37
6 18
6 46
6 22
18 38
17 23
5 23
22 23
13 23
23 29
5 29
13 29
19 46
22 46
13 46
13 43
5 13
13 22
5 32
22 32
22 43
5 43
0 43
