50 490
18 26
23 26
16 18
16 23
5 26
5 16
18 41
23 41
5 41
19 26
16 19
19 41
18 25
23 25
5 25
26 38
16 38
38 41
25 38
18 38
23 38
5 38
19 38
24 26
16 24
24 41
24 25
24 38
0 24
10 18
10 23
5 10
10 24
10 19
15 26
15 16
15 25
15 38
10 15
8 18
8 23
5 8
8 19
8 24
22 26
16 22
22 38
8 22
18 27
23 27
5 27
16 33
33 38
27 33
26 48
16 48
25 48
38 48
0 48
18 37
23 37
5 37
19 37
24 37
20 26
16 20
20 41
20 25
20 38
0 20
20 37
8 20
20 24
20 48
16 36
36 38
36 37
8 36
24 36
18 35
23 35
5 35
35 36
21 38
8 21
21 24
21 35
1 8
1 35
1 18
1 23
1 5
26 40
16 40
25 40
38 40
37 40
8 40
24 40
35 40
1 40
24 45
45 48
1 45
18 45
23 45
19 45
4 38
4 37
4 8
4 35
4 45
4 19
26 28
16 28
25 28
28 38
28 37
8 28
24 28
28 48
1 28
19 28
18 28
15 28
2 36
2 28
7 36
7 19
7 28
7 18
7 40
38 49
48 49
36 49
19 49
7 49
3 26
3 16
3 38
3 37
3 24
3 48
1 3
3 19
3 7
3 18
9 16
9 25
9 38
9 37
9 24
9 27
9 36
9 19
3 9
9 21
28 30
3 30
20 30
18 30
28 32
21 32
30 32
11 26
11 16
11 38
11 37
11 24
11 35
11 36
11 19
11 28
11 21
11 30
11 22
26 39
16 39
25 39
38 39
10 39
37 39
24 39
39 48
1 39
39 45
7 39
17 26
16 17
17 38
8 17
17 24
17 48
17 36
17 19
7 17
17 18
17 39
24 42
42 48
36 42
42 45
3 42
17 42
21 42
23 42
27 46
46 48
35 46
45 46
7 46
17 46
23 46
22 46
18 46
16 43
38 43
10 43
8 43
27 43
43 48
1 43
43 45
28 43
17 43
21 43
43 46
9 43
39 43
15 43
13 26
13 16
13 38
8 13
13 27
13 35
1 13
13 19
3 13
13 17
13 23
13 22
2 13
1 6
6 45
3 6
6 17
6 23
6 11
2 6
6 39
6 32
6 18
6 15
6 13
14 28
3 14
14 30
14 22
14 46
6 14
5 14
14 43
24 34
34 48
34 36
34 45
28 34
21 34
23 34
22 34
9 34
34 39
5 34
34 43
46 47
6 47
5 47
13 47
34 47
26 44
16 44
41 44
25 44
38 44
0 44
37 44
8 44
24 44
35 44
1 44
44 45
7 44
3 44
23 44
22 44
2 44
39 44
15 44
13 44
34 44
44 47
12 30
11 12
2 12
6 12
12 15
12 43
12 34
12 44
12 33
27 31
31 35
31 36
19 31
7 31
21 31
30 31
11 31
31 46
31 39
5 31
18 31
29 36
29 45
28 29
17 29
29 30
11 29
2 29
29 39
13 29
18 29
20 29
29 49
29 31
29 33
29 40
4 29
31 32
12 31
4 31
14 31
31 47
12 47
12 20
44 49
4 44
40 44
40 47
42 47
14 34
34 40
34 42
14 32
14 33
4 14
14 49
6 49
5 13
13 49
4 13
13 43
13 40
32 43
4 43
42 43
42 46
2 46
4 46
15 46
40 46
9 42
5 42
32 42
33 42
40 42
42 49
2 17
5 17
17 21
17 23
15 17
23 39
11 39
9 39
39 40
33 39
20 39
11 49
11 40
11 20
11 32
5 11
9 32
15 32
18 32
20 32
32 33
5 30
9 30
15 30
30 49
9 22
2 9
9 49
9 33
5 9
4 9
3 15
3 21
3 20
3 49
3 40
18 49
33 49
20 49
7 22
7 23
2 7
5 7
2 23
2 22
2 5
2 20
2 18
23 28
28 33
4 28
4 21
4 23
4 22
4 18
4 20
40 45
5 45
20 45
23 40
5 40
20 40
1 33
1 15
1 21
1 36
19 21
20 21
21 33
21 22
18 21
22 35
18 36
23 36
5 36
20 36
22 36
15 20
18 20
37 48
27 48
18 48
23 48
5 48
15 48
19 48
33 48
19 33
23 33
22 33
15 33
18 33
22 27
19 27
19 22
22 23
15 22
8 15
15 24
5 15
15 18
18 24
23 24
5 24
19 24
19 25
0 19
18 19
19 23
0 5
0 23
0 18
