50 612
14 35
14 46
26 35
26 46
13 26
14 16
16 26
3 35
3 46
3 13
3 16
14 42
3 42
26 42
19 35
19 46
13 19
16 19
19 42
11 14
11 26
3 11
11 19
4 35
4 46
4 13
4 16
4 42
4 11
13 39
39 42
11 39
14 39
3 39
26 39
19 39
4 39
35 48
46 48
13 48
16 48
42 48
11 48
39 48
13 25
14 25
25 26
3 25
19 25
4 25
35 40
40 46
13 40
16 40
40 42
11 40
39 40
25 40
14 45
26 45
3 45
19 45
4 45
21 35
21 46
13 21
16 21
21 42
11 21
21 39
21 25
21 45
13 32
14 32
26 32
3 32
19 32
4 32
32 48
35 49
13 49
16 49
42 49
11 49
39 49
25 49
32 49
5 35
5 46
5 13
5 42
5 11
5 39
5 25
5 45
5 14
5 26
3 5
5 19
4 5
17 35
13 17
17 42
17 39
17 25
17 32
5 17
13 27
27 39
5 27
14 27
3 27
26 27
19 27
4 27
13 23
23 25
5 23
23 27
14 23
17 23
3 44
26 44
19 44
4 44
14 18
17 18
18 44
3 18
13 38
38 39
32 38
27 38
20 35
20 46
13 20
20 42
11 20
20 39
20 25
20 45
20 32
5 20
14 20
20 26
3 20
19 20
4 20
1 13
1 20
1 14
1 17
1 44
20 37
14 37
37 49
37 44
3 37
26 37
19 37
4 37
21 37
37 48
1 37
37 40
13 34
11 34
34 39
25 34
32 34
5 34
20 34
14 34
17 34
34 37
3 34
10 14
3 10
10 38
10 26
10 19
4 10
8 13
8 11
8 39
8 32
5 8
8 27
8 20
8 14
8 17
8 37
3 8
8 10
13 41
27 41
14 41
17 41
41 44
37 41
3 41
10 41
26 41
19 41
35 47
13 47
16 47
42 47
11 47
39 47
25 47
45 47
32 47
27 47
20 47
14 47
47 49
37 47
3 47
4 47
41 47
13 30
30 39
25 30
30 45
30 32
5 30
20 30
14 30
30 49
30 37
3 30
10 30
6 13
6 42
6 11
6 39
6 25
6 32
5 6
6 27
6 20
6 14
6 49
3 6
6 38
4 6
6 26
6 19
6 48
14 29
17 29
29 49
3 29
29 38
4 29
6 29
29 41
26 29
20 24
14 24
24 49
3 24
24 38
4 24
6 24
24 29
22 26
13 31
27 31
20 31
14 31
31 49
31 37
31 38
4 31
6 31
30 31
22 31
28 38
4 28
6 28
28 41
22 28
26 28
19 28
23 28
15 35
13 15
15 16
15 42
11 15
15 39
15 25
15 32
5 15
15 27
15 20
14 15
15 44
15 37
3 15
10 15
4 15
15 30
15 28
15 21
15 23
15 26
15 18
2 13
2 16
2 11
2 39
2 25
2 45
2 5
2 27
2 14
2 17
2 49
2 44
2 38
2 4
2 6
2 30
2 29
2 28
2 8
2 23
2 19
2 34
14 33
10 33
6 33
30 33
29 33
33 40
21 33
19 33
18 33
2 33
15 33
33 47
33 34
8 36
23 36
18 36
15 36
31 36
36 47
35 43
43 46
13 43
42 43
11 43
39 43
25 43
32 43
5 43
27 43
20 43
14 43
43 49
3 43
38 43
10 43
4 43
30 43
22 43
40 43
21 43
26 43
19 43
9 21
9 23
9 19
2 9
9 43
9 48
9 34
1 9
0 9
9 31
15 43
31 43
7 13
7 42
7 11
7 39
7 25
7 45
7 32
5 7
7 14
7 17
7 49
7 44
7 38
7 10
7 41
7 30
7 22
7 40
7 8
7 23
7 18
7 15
0 7
7 47
7 43
7 36
7 24
7 33
36 43
1 43
12 13
12 39
12 32
12 20
12 14
12 17
12 44
12 37
12 38
4 12
6 12
12 41
12 22
12 40
8 12
12 23
12 18
2 12
0 12
12 48
12 43
12 34
12 24
1 12
34 36
33 36
1 33
2 24
2 15
2 47
1 15
0 15
0 28
21 28
18 28
24 28
8 28
28 31
8 31
26 31
18 31
0 31
31 34
31 47
31 48
22 40
18 22
1 22
8 22
22 24
0 22
8 24
24 26
19 24
0 24
24 48
24 34
1 24
18 29
23 29
19 29
29 40
29 34
21 29
29 47
29 48
6 21
6 30
0 6
6 34
26 30
19 30
30 47
30 48
1 30
8 30
21 30
40 47
8 47
23 47
18 47
47 48
1 47
18 41
23 41
40 41
8 41
1 41
34 41
0 41
8 26
8 23
8 34
1 10
10 40
10 23
10 34
10 18
34 40
26 34
34 48
1 3
1 40
1 21
1 26
1 19
17 20
20 21
20 38
14 38
38 49
3 38
26 38
19 38
4 38
23 38
18 38
0 38
18 21
18 19
18 48
44 48
23 44
3 23
23 40
23 26
19 23
27 49
27 40
0 27
17 27
27 48
21 27
14 17
3 17
17 26
17 19
4 17
17 48
17 49
0 17
17 40
5 21
0 5
5 40
5 49
5 48
14 49
3 49
26 49
19 49
4 49
40 49
21 49
0 49
21 32
32 40
14 21
3 21
4 21
21 26
21 48
19 21
0 21
45 48
40 45
14 40
3 40
26 40
19 40
40 48
25 48
14 48
3 48
4 48
26 48
0 48
0 39
4 14
3 4
4 26
4 19
0 4
14 19
3 19
0 19
3 14
3 26
0 3
14 26
0 26
13 46
13 14
0 14
13 35
0 13
