50 122
1 14
5 14
1 15
14 44
15 44
1 41
5 41
41 44
11 14
11 41
1 26
26 44
26 31
1 3
3 31
40 41
3 40
7 33
25 44
18 39
11 18
6 44
6 18
2 6
26 47
3 47
33 47
16 18
16 47
33 34
16 34
22 30
22 48
9 14
1 29
9 29
9 15
9 41
9 39
5 9
9 48
2 9
9 45
18 36
36 47
36 45
14 49
11 49
46 49
8 49
13 26
5 13
13 42
18 20
13 20
20 31
11 37
20 37
6 21
10 42
10 48
10 44
10 21
9 21
21 37
37 46
8 13
1 13
19 33
8 19
0 35
19 35
4 7
7 27
27 43
27 49
27 31
0 27
1 27
5 43
4 43
7 24
24 43
24 49
16 24
24 30
24 46
4 42
4 8
4 19
12 23
0 12
23 28
4 28
36 46
0 48
30 32
30 40
32 34
31 34
2 47
2 40
39 42
5 39
25 42
11 42
25 33
11 25
33 40
40 44
1 31
11 26
38 44
17 44
1 17
5 15
5 38
1 5
0 5
1 38
7 38
0 7
