50 367
20 36
29 36
20 21
21 29
36 45
21 45
1 20
1 29
1 45
36 41
21 41
1 41
20 43
29 43
43 45
41 43
24 36
21 24
1 24
24 43
22 36
21 22
22 43
1 22
2 20
2 29
2 45
2 41
2 22
9 20
9 29
9 45
9 41
9 36
9 21
9 43
1 9
20 46
29 46
45 46
41 46
22 46
9 46
6 36
6 21
6 43
1 6
20 47
29 47
45 47
41 47
22 47
9 47
6 47
3 36
3 21
8 20
8 29
8 45
8 41
8 22
3 8
7 36
7 21
31 41
9 31
7 31
17 20
9 17
17 30
17 36
17 21
3 42
17 42
7 35
35 43
35 36
7 49
30 49
35 49
28 30
28 43
28 35
20 37
29 37
37 45
9 37
3 37
37 43
37 46
31 37
36 37
14 37
34 45
34 41
30 34
34 43
34 35
34 37
28 34
20 33
29 33
33 41
9 33
30 33
33 43
33 46
33 37
13 46
13 28
7 27
17 27
27 46
27 31
27 36
25 27
7 12
12 17
12 43
12 31
12 13
12 33
8 12
12 25
12 42
2 12
12 36
1 12
7 11
11 17
11 46
11 28
11 27
11 12
2 15
15 36
15 49
13 44
33 44
15 44
18 46
18 31
13 18
18 33
4 18
41 48
3 48
7 48
43 48
46 48
28 48
27 48
33 48
18 48
10 48
10 49
13 26
26 33
5 26
0 26
10 26
16 20
16 29
16 45
16 41
16 22
9 16
16 30
16 17
16 35
16 31
16 28
16 33
16 18
0 16
16 26
11 16
10 16
20 38
29 38
38 45
9 38
7 38
38 43
35 38
37 38
13 38
21 38
18 38
38 49
4 38
2 38
1 38
16 38
38 42
36 38
3 23
17 23
23 35
23 31
23 27
21 23
23 48
0 23
4 23
2 23
1 23
16 23
8 23
20 39
39 41
3 39
17 39
39 46
37 39
33 39
21 39
5 39
0 39
25 39
2 39
32 43
31 32
27 32
21 32
5 32
32 48
25 32
2 32
1 32
32 39
13 19
19 21
5 19
19 49
14 19
10 19
1 19
19 32
19 36
8 19
32 44
39 44
39 42
23 39
16 47
26 42
2 26
1 26
26 47
10 11
10 34
8 10
8 48
47 48
48 49
11 48
18 25
18 42
18 47
1 18
4 49
4 8
4 42
4 44
2 4
14 44
11 44
34 44
42 44
11 15
15 34
11 25
11 36
8 11
12 21
0 25
25 36
8 25
2 25
14 27
21 27
8 27
13 27
13 49
13 36
13 33
1 33
33 34
0 34
14 34
34 47
34 42
34 36
8 37
37 47
2 37
28 37
28 36
28 49
28 47
2 28
28 42
21 49
36 49
1 49
8 35
35 47
35 42
2 35
21 35
31 42
14 42
17 46
14 17
2 17
17 31
31 46
31 36
21 31
1 31
7 8
7 46
8 30
8 47
3 47
3 43
3 30
2 3
1 3
3 46
30 47
43 47
21 47
14 47
36 47
2 6
6 30
6 46
36 46
1 46
14 46
2 9
9 30
2 30
22 30
36 40
21 40
1 40
40 43
30 43
36 43
1 43
21 43
30 41
1 30
1 14
30 45
21 30
14 21
29 30
30 36
20 30
14 30
5 14
0 14
0 5
