50 612
31 46
26 46
5 31
5 26
31 47
46 47
5 47
8 31
8 26
8 47
27 31
26 27
27 47
27 46
5 27
8 27
23 31
23 26
23 47
23 27
31 35
26 35
35 47
27 35
35 46
5 35
8 35
9 31
9 26
9 47
9 27
9 35
9 46
5 9
8 9
9 23
24 31
24 26
24 47
24 27
24 35
9 24
31 40
26 40
40 47
27 40
35 40
9 40
40 46
5 40
8 40
23 40
24 40
3 31
3 26
3 47
3 27
3 35
3 9
3 40
16 46
5 16
8 16
16 23
16 24
3 16
17 31
17 26
17 47
17 27
17 35
9 17
17 40
16 17
22 46
5 22
8 22
22 23
22 24
3 22
31 49
26 49
47 49
27 49
35 49
9 49
40 49
16 49
22 49
18 31
18 26
18 47
18 27
18 35
9 18
18 40
18 22
18 46
5 18
8 18
18 23
18 24
3 18
31 33
26 33
27 33
33 35
33 40
18 33
23 33
31 37
9 37
37 40
16 37
11 31
11 26
11 27
9 11
11 40
11 16
11 46
5 11
8 11
11 23
11 24
3 11
30 31
26 30
30 47
27 30
30 35
9 30
30 40
16 30
22 30
11 30
7 46
5 7
7 8
7 24
3 7
7 30
7 37
7 49
25 27
9 25
16 25
22 25
23 25
7 25
25 46
11 19
7 19
19 46
12 23
12 37
40 41
22 41
23 41
7 41
41 46
5 41
8 41
24 41
9 20
18 20
20 23
20 37
20 41
20 46
19 20
9 29
16 29
11 29
29 49
29 41
29 46
8 29
5 29
25 29
14 16
14 22
11 14
7 14
14 46
12 14
14 29
21 31
9 21
16 21
18 21
21 23
7 21
21 46
12 21
19 21
19 36
5 36
25 36
31 45
45 47
35 45
9 45
40 45
16 45
11 45
7 45
45 46
12 45
19 45
36 45
1 11
1 37
1 41
1 46
1 8
1 36
1 21
1 5
1 20
31 44
26 44
44 47
9 44
40 44
18 44
23 44
37 44
44 49
44 46
8 44
36 44
1 44
10 31
10 26
10 27
10 35
9 10
10 18
10 11
7 10
10 49
10 12
8 10
10 21
32 35
9 32
32 40
22 32
11 32
7 32
32 46
12 32
29 32
32 36
5 32
15 31
15 47
15 27
15 35
9 15
15 22
15 23
15 49
15 41
15 19
8 15
15 29
15 32
23 43
37 43
43 49
43 46
8 43
29 43
1 43
5 43
31 39
39 47
35 39
9 39
39 40
18 39
23 39
39 49
39 41
39 46
8 39
21 39
39 43
10 39
4 31
4 26
4 47
4 27
4 35
4 9
4 40
4 16
4 22
4 11
4 23
4 37
4 49
4 12
4 8
4 21
4 32
4 43
4 5
31 38
26 38
38 47
27 38
35 38
9 38
38 40
16 38
22 38
18 38
23 38
38 49
38 41
38 46
8 38
36 38
1 38
38 43
4 38
9 28
22 28
23 28
28 37
28 46
12 28
8 28
21 28
28 32
28 44
4 28
5 28
13 31
13 47
13 27
13 35
13 40
13 16
11 13
13 37
13 41
13 19
8 13
13 36
1 13
10 13
4 13
13 28
34 41
34 46
8 34
21 34
32 34
10 34
34 45
4 34
13 34
5 34
31 48
35 48
9 48
18 48
11 48
37 48
41 48
46 48
19 48
21 48
32 48
43 48
44 48
28 48
13 48
14 48
34 48
42 49
42 46
19 42
36 42
1 42
42 43
42 45
28 42
33 42
14 42
34 42
24 42
20 42
15 42
42 48
3 42
0 48
6 40
6 16
6 23
6 7
6 46
6 19
6 8
6 29
6 32
6 44
6 45
4 6
2 31
2 26
2 47
2 27
2 35
2 9
2 40
2 18
2 23
2 49
2 46
2 12
2 8
2 29
2 32
2 10
2 44
2 33
2 13
2 17
2 30
2 15
2 38
2 20
2 6
2 3
5 6
6 38
6 48
3 6
6 20
6 39
6 17
39 48
25 48
24 34
3 34
20 34
34 39
13 25
5 13
13 24
0 13
13 39
28 33
28 38
14 28
24 28
28 39
14 38
30 38
15 38
17 38
0 38
25 38
4 39
4 15
0 4
4 30
5 39
24 39
15 39
30 39
17 43
15 43
43 45
33 43
30 43
15 45
14 15
0 15
15 25
15 17
24 32
10 32
30 32
14 32
5 10
10 24
10 14
10 20
10 25
0 10
10 44
5 44
3 44
20 44
25 44
24 44
17 44
1 45
1 25
1 33
1 17
5 45
14 45
30 45
0 45
33 45
3 45
0 36
21 36
33 36
30 36
5 21
14 21
17 21
0 21
3 21
14 33
14 25
0 14
14 17
29 33
29 30
3 29
24 29
20 29
20 33
5 20
3 20
20 30
20 25
12 41
3 41
30 41
12 46
5 12
8 12
12 19
12 24
12 17
0 12
5 19
8 19
19 25
19 24
17 19
25 33
24 25
25 30
7 17
30 49
30 46
5 30
24 30
0 30
11 37
37 46
5 37
8 37
24 37
3 37
0 37
33 37
33 49
33 46
17 33
5 33
3 33
17 18
18 49
0 18
23 49
46 49
5 49
8 49
24 49
17 22
17 23
17 46
17 24
0 17
3 17
3 23
3 46
3 8
3 5
0 3
0 40
23 24
24 46
5 24
0 9
23 35
0 35
23 46
5 23
8 23
0 23
0 27
8 46
5 8
0 8
0 47
5 46
0 26
0 46
0 31
