50 367
20 46
14 46
20 22
14 22
36 46
22 36
20 23
14 23
2 46
2 22
2 23
2 19
15 19
15 20
14 15
15 36
2 15
46 47
22 47
23 47
19 47
15 47
13 46
13 22
13 23
13 20
13 14
13 47
2 13
13 36
18 46
18 22
18 23
18 19
15 18
13 18
20 32
14 32
32 36
32 47
2 32
18 32
5 46
5 22
5 23
5 19
5 15
5 32
4 46
4 15
4 29
4 20
4 14
4 36
4 47
2 4
4 5
23 25
13 25
4 25
20 44
14 44
26 46
23 26
19 26
13 26
2 26
26 44
19 48
15 48
29 48
2 48
37 46
22 37
23 37
32 37
4 37
20 24
14 24
11 46
11 22
11 23
11 19
11 15
11 13
4 11
11 24
11 37
19 43
15 43
4 43
2 43
43 48
12 48
12 20
12 14
3 15
3 13
3 29
2 3
3 37
3 12
3 25
10 46
10 13
10 29
2 10
10 37
23 34
13 34
4 34
2 34
34 48
20 34
14 34
28 34
28 43
17 34
12 17
17 25
17 20
17 38
29 49
44 49
34 49
12 49
20 49
42 49
10 42
5 42
28 42
16 48
16 43
16 49
5 16
11 16
16 18
14 16
16 20
1 46
1 22
1 23
1 19
1 15
1 13
1 29
1 2
1 48
1 43
1 17
1 10
20 30
14 30
2 30
30 47
30 36
9 30
2 9
9 34
9 12
9 25
9 26
1 9
0 9
9 47
39 43
10 39
9 39
9 31
31 41
14 31
20 31
31 42
25 33
33 49
5 33
28 33
21 37
12 21
21 49
5 21
11 21
0 21
18 21
43 45
10 45
11 45
28 45
21 45
17 27
26 27
0 27
27 28
14 27
27 45
27 33
40 46
22 40
23 40
19 40
15 40
13 40
29 40
24 40
37 40
12 40
17 40
26 40
9 40
0 40
21 40
27 40
38 40
35 46
23 35
19 35
13 35
4 35
2 35
35 48
34 35
25 35
35 49
11 35
35 41
14 35
16 35
35 38
35 40
7 38
7 35
7 39
5 8
8 18
8 14
8 20
3 8
8 47
7 8
1 8
33 35
40 45
6 9
6 41
6 18
6 27
6 42
6 33
1 6
6 40
27 38
3 45
1 45
36 45
21 38
21 33
21 47
33 38
31 33
31 36
31 39
38 41
39 41
18 41
18 39
20 39
39 42
39 47
9 20
0 1
1 16
1 20
1 42
16 42
3 16
42 47
11 49
10 49
36 49
38 49
5 38
0 17
5 17
17 47
17 28
5 28
11 28
28 36
14 28
20 28
18 34
34 47
10 34
25 34
10 26
10 20
3 10
10 47
5 10
3 11
0 3
3 18
3 36
3 47
0 12
12 43
12 26
20 43
36 43
5 43
14 43
11 43
11 26
11 14
11 18
5 24
0 24
24 37
24 47
20 37
14 37
25 37
0 37
37 48
36 37
5 37
20 48
14 48
18 48
26 48
47 48
25 26
20 26
18 26
0 26
14 26
25 44
36 44
20 25
18 25
14 25
25 36
4 18
5 20
18 29
2 18
29 47
2 47
0 47
36 47
15 29
2 29
2 20
2 14
2 36
23 36
19 36
29 36
0 36
14 36
20 36
14 19
14 29
19 20
20 29
19 29
0 29
