50 122
24 38
35 38
35 37
24 37
38 43
37 43
15 35
15 24
28 38
28 37
15 28
28 35
24 28
4 24
24 30
6 15
6 35
6 30
38 47
37 47
35 47
37 41
35 41
24 41
41 47
26 38
26 35
26 41
26 47
2 26
2 8
0 8
18 34
21 34
21 28
35 48
30 48
11 32
32 33
21 33
1 27
10 16
5 16
15 22
22 35
22 41
4 22
22 27
22 25
25 43
12 41
4 12
9 27
6 9
9 12
7 30
7 44
7 9
0 7
23 45
23 28
7 45
7 36
12 22
12 26
2 20
17 24
17 30
17 40
28 40
10 17
13 47
13 17
28 31
13 31
29 41
29 44
2 29
19 26
19 29
18 29
13 29
17 20
20 43
20 46
12 46
5 22
5 48
5 6
14 18
10 14
1 10
1 26
1 33
27 36
0 36
36 42
33 42
11 48
11 43
6 11
21 48
39 48
3 8
3 39
8 18
24 47
44 47
6 47
0 47
6 43
30 44
0 44
4 44
4 43
4 28
15 43
35 43
24 43
24 35
24 49
0 49
