50 245
25 37
28 37
25 33
28 33
31 33
32 33
32 37
25 26
26 28
26 31
26 32
1 37
1 33
25 43
28 43
31 43
32 43
1 43
35 37
33 35
35 43
26 35
11 25
11 28
11 32
1 11
11 35
33 39
37 39
39 43
26 39
11 39
39 46
37 47
47 49
27 37
3 25
3 28
3 32
1 3
3 33
3 27
9 17
17 49
24 33
24 27
11 24
17 24
24 37
30 40
12 28
1 12
12 33
19 25
19 28
19 47
19 37
11 19
25 41
28 41
32 41
35 41
41 47
19 41
9 41
12 41
41 46
16 33
16 47
0 16
20 25
20 28
20 32
20 35
20 47
20 27
11 20
13 25
13 28
1 13
13 35
13 33
13 19
2 11
2 8
8 12
0 34
12 34
8 34
34 49
4 11
4 20
4 34
4 22
4 43
5 47
7 37
5 7
7 26
7 15
15 46
3 18
5 18
21 35
21 27
2 21
12 21
18 21
16 21
21 43
25 36
28 36
33 36
19 36
0 36
11 36
36 37
21 36
10 34
10 40
10 41
10 13
10 36
5 10
23 46
21 23
3 23
23 41
23 36
25 48
28 48
33 48
27 48
9 48
17 48
48 49
22 48
3 48
23 48
25 42
28 42
33 42
19 42
30 42
20 42
42 46
22 42
3 42
41 42
42 48
2 44
44 46
44 49
21 44
37 38
16 38
26 38
38 44
15 38
24 38
9 29
17 29
29 34
29 49
3 29
5 29
29 44
13 29
13 44
42 44
45 48
4 45
26 36
8 36
15 18
15 40
15 41
15 26
8 15
5 11
5 17
5 16
6 30
6 17
6 37
6 40
6 43
5 6
6 26
4 6
4 5
13 34
8 16
8 43
8 24
0 2
2 13
13 20
13 40
14 24
13 14
20 26
20 46
20 22
16 20
16 37
16 41
0 19
19 26
12 19
0 12
12 17
3 12
12 40
40 46
26 40
22 30
22 49
3 22
22 24
24 43
3 9
9 37
27 49
27 43
0 49
26 49
43 47
26 47
46 47
0 46
11 33
11 37
11 43
0 35
33 43
0 43
37 43
1 26
26 33
33 37
0 33
31 37
25 28
0 28
