50 612
18 41
18 46
30 41
30 46
1 18
1 30
26 41
26 46
1 26
18 28
28 30
26 28
10 41
10 46
1 10
10 28
18 19
19 30
10 19
19 26
36 41
36 46
1 36
28 36
19 36
41 43
1 43
28 43
30 43
18 43
26 43
10 43
36 43
38 41
38 46
1 38
28 38
19 38
38 43
23 41
23 28
19 23
23 43
18 23
23 30
10 23
23 26
23 36
23 38
22 41
22 46
1 22
22 28
19 22
22 43
22 23
22 26
18 42
30 42
10 42
36 42
38 42
2 41
2 46
1 2
2 28
2 19
2 43
2 23
2 26
2 42
9 41
9 43
9 23
9 26
9 30
9 18
9 10
9 36
9 38
32 41
32 46
1 32
28 32
19 32
32 43
23 32
26 32
32 42
9 32
24 26
18 24
24 30
10 24
24 36
24 38
8 23
8 26
8 24
35 41
35 43
23 35
26 35
35 42
30 35
18 35
10 35
35 36
35 38
37 41
26 37
9 37
35 37
10 37
0 37
13 41
13 46
1 13
13 28
13 19
13 43
13 26
13 42
9 13
13 24
10 13
4 41
4 46
4 28
4 43
4 23
4 26
4 42
4 35
18 47
30 47
36 47
38 47
41 44
44 46
1 44
28 44
19 44
43 44
23 44
26 44
42 44
9 44
24 44
10 44
44 47
4 44
20 41
20 46
1 20
20 28
19 20
20 43
20 23
20 26
20 42
9 20
20 24
20 35
10 20
4 20
20 30
18 20
20 36
20 44
20 38
3 26
3 10
3 47
40 41
40 46
1 40
28 40
19 40
40 43
23 40
26 40
24 40
10 40
40 47
0 40
30 40
18 40
36 40
22 40
3 40
41 48
28 48
19 48
43 48
23 48
26 48
9 48
24 48
47 48
0 48
40 48
3 48
18 48
11 26
11 42
9 11
11 24
10 11
0 11
11 13
11 18
11 22
11 30
10 45
4 45
40 45
20 45
18 45
11 45
7 41
7 28
7 23
7 26
7 9
7 35
7 10
4 7
7 13
3 7
7 18
7 22
7 30
7 32
16 41
16 43
16 26
16 42
9 16
10 16
16 47
4 16
16 40
16 20
16 22
7 16
21 41
21 46
1 21
21 28
21 43
21 23
21 26
21 42
21 24
21 35
10 21
0 21
21 40
20 21
18 21
7 21
21 30
16 21
27 41
27 28
19 27
27 43
23 27
26 27
9 27
27 35
10 27
0 27
13 27
3 27
18 27
22 27
21 27
26 34
34 42
24 34
34 35
10 34
0 34
34 40
20 34
18 34
7 34
7 49
30 49
12 41
12 43
12 26
12 42
12 24
12 35
10 12
4 12
12 40
12 20
12 18
12 22
12 49
12 34
12 38
17 41
17 26
9 17
17 35
10 17
0 17
13 17
17 18
17 22
11 17
17 49
17 21
17 38
17 30
29 36
17 29
29 30
15 36
15 17
15 30
10 25
0 25
13 25
3 25
22 25
11 25
7 25
21 25
39 41
26 39
39 42
10 39
4 39
0 39
39 40
20 39
18 39
11 39
39 49
34 39
30 39
8 39
2 39
32 39
14 41
14 28
14 19
14 23
14 26
14 42
9 14
14 35
10 14
4 14
13 14
3 14
14 22
11 14
7 14
14 39
14 36
14 38
14 30
14 16
6 41
6 46
1 6
6 28
6 19
6 43
6 23
6 26
6 9
6 35
6 47
4 6
6 13
3 6
6 18
6 22
6 49
6 34
6 38
6 17
33 47
0 33
13 33
20 33
18 33
11 33
33 49
33 34
33 39
17 33
32 33
6 33
25 33
5 10
4 5
5 40
5 20
5 18
5 11
5 7
5 34
5 38
5 44
5 33
5 15
5 16
26 31
10 31
31 47
0 31
13 31
3 31
18 31
11 31
31 49
31 34
31 39
31 44
30 31
31 33
6 31
14 31
5 31
31 45
2 31
12 31
5 48
5 27
5 12
5 37
33 37
33 48
2 33
6 16
6 27
6 14
6 8
2 6
6 37
14 32
14 48
14 25
14 37
39 44
25 39
37 39
25 44
15 25
8 25
25 45
25 32
25 29
12 25
8 15
15 32
15 45
15 29
15 37
8 29
29 45
29 48
12 29
27 29
12 17
2 17
8 17
17 48
12 30
12 16
8 12
2 12
38 49
48 49
32 49
34 49
30 34
34 37
27 34
34 36
16 34
27 38
27 44
27 30
16 27
27 45
27 32
27 37
21 37
2 21
8 21
21 44
21 48
21 38
21 45
16 36
16 44
16 30
16 48
16 32
7 37
7 45
7 36
36 45
44 45
30 45
8 45
37 45
11 48
2 11
11 44
8 11
38 48
8 48
2 48
32 48
2 40
32 40
13 40
3 20
3 30
3 18
3 38
3 36
3 44
2 3
3 8
3 37
20 32
20 22
22 44
38 44
30 44
32 44
37 44
2 47
0 47
4 47
22 47
4 18
4 30
4 36
4 38
4 32
4 8
4 13
13 18
13 30
13 36
13 22
13 37
8 13
18 37
2 37
2 35
32 35
8 35
8 10
8 18
8 36
8 30
2 24
22 24
24 32
0 24
10 32
18 32
32 36
2 32
2 9
9 22
0 2
2 18
2 36
2 30
22 42
10 22
18 22
22 30
22 36
22 38
26 38
10 38
0 38
18 38
36 38
30 38
26 36
10 36
0 36
18 36
30 36
10 26
10 18
10 30
0 10
26 30
18 26
0 26
0 30
18 30
0 18
0 41
