50 122
11 18
5 18
5 49
6 13
5 13
11 13
32 49
13 32
8 12
31 45
11 45
17 18
5 17
17 45
17 31
17 24
26 34
20 44
19 49
19 43
18 33
33 43
1 49
1 5
1 27
35 49
5 35
27 35
18 22
5 22
1 22
19 22
22 35
1 9
9 22
28 45
28 31
9 28
25 28
10 38
4 9
4 10
39 41
4 41
4 20
8 10
6 10
16 38
16 25
16 24
29 32
16 29
9 21
21 28
12 42
19 42
11 42
46 49
5 46
12 46
22 46
11 46
20 46
35 46
42 46
8 42
21 42
2 3
3 32
3 11
3 23
2 15
30 32
15 30
15 35
15 24
2 48
2 35
34 37
37 48
21 48
6 14
14 48
17 47
28 47
33 40
40 47
8 47
9 33
22 33
7 35
7 34
1 19
1 33
1 6
23 33
20 33
19 23
6 19
19 20
17 20
39 44
36 39
11 39
23 39
6 39
34 36
17 34
32 34
23 26
23 24
11 31
8 31
31 32
0 8
12 32
5 11
5 6
6 49
11 49
6 18
0 6
