50 490
21 23
21 47
19 23
19 47
6 21
23 27
27 47
6 27
5 21
5 19
5 27
1 23
1 47
1 6
1 5
21 33
19 33
27 33
1 33
14 23
6 14
5 14
14 33
8 21
8 27
8 19
1 8
8 14
23 48
47 48
6 48
5 48
33 48
8 48
10 23
10 47
6 10
5 10
10 33
8 10
10 21
1 10
10 19
10 27
10 14
2 10
2 31
16 21
1 16
16 19
16 27
8 49
10 49
16 49
23 32
10 32
16 32
21 45
27 45
19 45
1 45
17 23
5 17
10 17
17 31
23 30
6 30
30 33
30 31
21 30
19 30
27 30
1 30
14 30
23 41
5 41
10 41
31 41
30 41
32 41
18 23
18 47
6 18
5 18
18 33
8 18
10 18
18 31
16 18
18 45
18 21
3 23
3 31
3 30
3 45
3 18
3 14
16 25
25 32
18 25
14 25
21 25
25 27
8 29
29 31
29 30
29 45
30 43
32 43
21 43
28 30
28 45
28 43
14 28
19 28
28 29
8 12
12 31
12 30
12 32
12 43
23 35
35 47
6 35
5 35
33 35
8 35
10 35
31 35
30 35
32 35
18 35
21 35
35 48
29 35
15 30
15 32
15 43
15 35
15 19
7 18
7 14
7 25
23 46
6 46
5 46
33 46
10 46
31 46
30 46
16 46
18 46
35 46
19 46
3 46
19 37
37 46
12 37
0 37
1 37
23 34
6 34
10 34
31 34
30 34
32 34
18 34
34 35
29 34
34 46
7 34
23 39
6 39
8 39
10 39
16 39
39 45
18 39
14 39
29 39
39 46
12 39
0 39
34 39
4 43
4 35
4 19
4 29
0 4
4 39
19 26
26 29
7 26
26 39
1 26
3 26
23 44
10 44
30 44
44 45
18 44
14 44
25 44
7 44
12 44
1 44
26 44
4 44
13 43
13 35
13 25
13 29
12 13
13 39
13 26
11 18
11 14
11 19
11 29
11 12
0 11
11 27
20 23
5 20
10 20
20 31
16 20
20 32
20 43
14 20
20 25
20 46
0 20
1 20
11 20
20 34
23 24
6 24
8 24
10 24
24 30
24 45
24 43
24 35
24 29
24 46
0 24
1 24
24 27
4 24
13 24
27 40
34 40
24 40
17 40
9 19
9 46
9 12
1 9
9 26
4 9
9 24
9 48
9 44
9 15
16 36
32 36
36 43
14 36
19 36
36 46
7 36
1 36
27 36
34 36
24 36
22 23
6 22
5 22
22 33
8 22
10 22
16 22
22 45
22 43
22 35
22 25
22 46
12 22
22 39
22 26
4 22
13 22
20 22
22 36
18 42
14 42
25 42
42 46
7 42
39 42
27 42
11 42
24 42
22 42
42 48
26 38
4 38
13 38
17 38
38 44
3 38
28 38
38 42
38 40
38 41
37 42
40 42
20 42
36 42
22 41
22 44
22 37
3 22
9 36
28 36
15 36
3 36
2 36
9 40
9 28
9 37
37 40
20 40
3 40
24 48
20 24
17 24
20 44
20 28
15 20
20 49
2 11
11 28
11 34
11 15
11 17
11 13
11 21
2 13
13 44
13 41
13 21
13 49
21 44
2 44
41 44
4 26
17 26
26 48
4 34
4 41
4 49
4 48
39 48
27 39
17 39
28 39
27 34
28 34
2 34
3 34
34 37
17 37
37 41
21 37
2 37
7 46
46 48
1 46
0 7
7 21
7 15
7 17
7 12
7 48
3 7
12 15
1 15
15 27
15 17
15 48
15 41
3 15
15 49
19 35
12 35
1 35
35 41
0 35
12 19
1 12
12 27
12 49
12 28
17 28
28 48
21 28
3 28
19 43
17 43
27 43
43 49
29 43
2 43
25 29
21 29
29 41
29 49
27 29
2 29
3 25
17 25
1 25
0 25
25 41
0 3
3 17
3 21
18 48
14 18
0 18
1 18
18 41
0 41
1 41
27 41
41 49
2 41
17 30
17 45
14 17
0 17
17 49
14 45
32 45
2 45
21 32
19 32
0 32
32 49
27 32
1 32
32 48
14 49
19 49
0 49
27 49
48 49
21 49
2 49
16 48
2 16
14 16
2 14
2 19
0 2
1 2
2 48
2 21
10 48
31 48
19 48
21 48
8 31
14 31
14 21
14 27
1 31
1 21
27 31
21 27
6 19
6 31
19 31
19 21
21 31
0 21
23 31
0 31
