50 122
35 48
48 49
25 31
19 25
31 40
19 40
23 25
23 41
4 23
25 29
16 23
16 29
16 40
38 47
9 35
9 47
9 25
9 21
9 22
11 40
6 11
11 16
11 22
8 38
6 8
8 32
18 43
7 10
23 26
26 29
26 35
26 40
10 26
22 26
14 28
14 40
14 18
14 41
5 32
5 41
5 14
5 26
14 44
43 44
25 28
28 33
6 33
3 27
4 27
25 30
1 37
13 37
13 47
13 20
20 32
4 13
13 21
13 48
1 47
2 18
2 24
7 24
0 24
24 42
12 31
12 29
12 28
12 40
12 16
12 41
8 12
12 15
15 42
2 41
1 2
1 30
1 39
1 33
30 34
27 30
27 33
3 33
11 33
28 41
28 34
34 47
25 34
16 46
7 46
16 45
45 46
21 45
45 48
34 46
26 34
7 43
0 43
18 39
0 39
8 39
8 11
21 22
9 48
4 47
6 38
4 38
6 16
6 25
4 29
29 41
4 25
4 48
23 40
25 36
36 40
32 40
17 25
17 41
31 41
41 49
32 35
0 32
