50 490
1 10
10 33
1 12
12 33
10 12
1 3
3 33
3 12
10 24
3 24
1 22
22 33
12 22
22 24
10 25
3 25
22 25
1 4
4 33
4 12
4 24
4 25
4 10
3 4
4 22
1 23
23 33
12 23
23 24
23 25
4 23
16 33
12 16
4 16
10 16
3 16
16 23
16 22
1 41
33 41
12 41
24 41
25 41
4 41
16 41
12 27
4 27
10 27
3 27
22 27
23 27
27 41
1 45
33 45
12 45
24 45
25 45
4 45
16 45
27 45
10 13
3 13
13 23
13 22
13 45
1 28
28 33
12 28
24 28
25 28
4 28
16 28
27 28
13 28
33 34
12 34
24 34
25 34
4 34
16 34
27 34
10 34
3 34
23 34
22 34
34 45
33 35
34 35
10 20
3 20
20 22
20 23
1 46
33 46
12 46
24 46
25 46
4 46
16 46
28 46
20 46
45 46
0 39
10 39
3 39
37 39
10 37
33 47
12 47
24 47
25 47
4 47
16 47
27 47
13 47
20 47
10 21
3 21
21 35
6 28
6 21
0 6
6 46
6 31
18 47
18 39
33 48
12 48
4 48
16 48
27 48
34 48
20 48
45 48
0 48
10 48
18 48
33 42
12 42
4 42
34 42
28 42
21 42
42 47
42 46
10 42
18 42
14 33
12 14
4 14
14 34
14 20
14 45
0 14
10 14
14 31
14 42
31 36
32 36
30 36
33 38
12 38
4 38
27 38
28 38
21 38
38 39
38 46
10 38
38 42
10 11
11 42
1 43
33 43
12 43
24 43
25 43
4 43
16 43
27 43
13 43
34 43
20 43
43 45
0 43
10 43
31 43
32 43
11 43
5 47
5 39
5 31
5 42
3 5
5 38
5 43
5 35
1 7
7 33
7 12
7 25
4 7
7 16
7 27
7 34
7 20
7 21
0 7
7 46
7 10
7 42
7 36
5 7
7 41
1 49
33 49
12 49
24 49
25 49
4 49
16 49
34 49
28 49
45 49
0 49
46 49
10 49
18 49
3 49
37 49
41 49
33 44
12 44
4 44
27 44
28 44
21 44
39 44
44 46
18 44
32 44
36 44
38 44
5 44
44 49
19 28
19 21
19 47
10 19
18 19
19 32
19 36
19 37
19 35
19 49
19 44
8 12
8 16
8 20
8 45
8 47
8 10
8 31
8 42
8 11
3 8
8 41
8 23
8 19
26 28
26 45
26 47
26 39
10 26
18 26
26 36
3 26
26 35
0 29
29 39
29 31
29 32
11 29
29 37
29 41
29 49
22 29
26 29
2 3
2 38
2 5
2 49
2 29
2 6
2 8
2 30
2 48
2 14
29 48
17 28
17 45
17 47
17 46
17 31
17 42
17 36
17 37
5 17
17 41
17 29
6 17
17 48
17 30
1 9
9 33
9 12
9 25
4 9
9 16
9 27
9 34
9 20
9 45
9 47
9 10
9 31
9 32
3 9
9 38
9 41
9 23
9 19
9 26
9 14
7 9
9 17
9 43
17 44
6 29
22 26
14 26
26 43
8 26
26 30
8 48
7 8
8 44
1 15
15 33
12 15
15 24
15 25
4 15
15 16
15 27
13 15
15 34
15 28
15 45
15 47
15 39
15 18
15 42
15 36
15 37
5 15
15 23
15 19
6 15
15 48
7 15
12 40
34 40
28 40
21 40
0 40
40 46
10 40
32 40
11 40
38 40
35 40
23 40
22 40
6 40
14 40
7 40
15 40
40 43
15 44
19 22
19 30
6 44
30 44
14 49
48 49
7 49
7 22
7 48
5 48
41 43
23 43
22 43
14 43
30 43
11 48
11 23
6 11
11 37
3 11
11 38
3 38
14 38
37 38
30 38
30 35
23 30
14 36
22 36
35 36
14 35
14 22
42 48
22 42
35 48
18 32
18 41
18 22
18 37
18 23
32 35
32 41
6 32
3 32
6 37
6 35
6 23
21 47
21 23
21 22
21 41
0 47
10 47
3 47
41 47
31 47
31 46
31 37
23 31
3 31
22 37
37 41
22 39
39 46
35 39
10 46
3 46
41 46
22 46
0 20
20 35
20 41
20 45
0 35
10 35
22 35
34 41
28 34
10 28
3 28
22 28
23 28
0 28
13 41
10 45
3 45
23 45
22 45
0 45
3 41
23 41
0 23
10 23
3 23
0 4
0 3
0 12
0 10
1 33
0 33
