50 367
10 17
17 23
10 29
23 29
16 17
16 29
0 16
9 29
9 10
9 23
9 16
17 45
29 45
0 45
9 45
5 17
5 29
0 5
5 10
5 23
5 45
5 16
5 48
2 10
2 23
2 45
2 16
17 46
29 46
9 46
2 46
23 46
10 39
17 26
26 29
0 26
1 10
1 23
1 45
1 16
17 18
18 29
0 18
9 18
5 18
1 18
9 42
5 42
23 42
10 42
16 42
18 42
9 31
2 31
31 42
10 27
0 7
5 7
7 42
7 27
12 17
12 29
0 12
5 12
12 42
12 27
12 15
22 23
10 22
12 22
22 36
3 23
3 27
3 10
9 47
1 47
42 47
27 47
12 47
11 17
11 29
9 11
2 11
11 23
11 39
11 47
11 36
3 11
3 19
11 19
19 46
19 45
10 21
4 17
4 29
0 4
4 5
4 42
4 10
4 12
4 21
4 31
13 26
4 13
31 32
21 32
23 33
33 39
26 33
33 47
32 33
23 35
10 35
35 47
35 36
23 41
10 41
26 41
36 41
35 41
37 42
27 37
26 37
36 37
3 37
31 37
23 24
10 24
24 26
24 47
3 24
24 37
24 33
13 24
24 31
6 26
6 47
6 36
6 35
25 29
5 25
25 42
10 25
25 26
25 36
25 35
25 34
25 46
7 25
25 31
17 30
29 30
9 30
5 30
30 42
10 30
12 30
4 30
3 30
11 30
30 46
30 45
30 31
10 28
28 47
28 35
11 28
28 46
7 28
28 30
33 44
7 44
16 44
22 44
18 44
15 43
43 45
31 43
43 44
10 38
38 47
32 38
11 38
38 46
7 38
24 38
14 17
14 29
9 14
5 14
14 23
10 14
12 14
4 14
14 32
11 14
14 15
14 45
14 16
6 14
14 38
14 48
14 41
9 20
2 20
20 42
10 20
12 20
20 47
20 32
20 37
20 33
13 20
20 24
14 20
20 28
20 21
9 49
2 49
23 49
10 49
26 49
47 49
3 49
35 49
15 49
19 49
16 49
44 49
28 49
9 40
5 40
23 40
27 40
12 40
40 47
3 40
35 40
33 40
19 40
16 40
30 40
40 43
8 17
8 29
5 8
1 8
8 23
8 39
8 26
4 8
3 8
8 37
8 33
8 19
8 16
8 30
8 41
8 40
6 8
8 22
25 40
40 49
20 49
48 49
20 48
21 38
38 43
18 38
25 38
18 43
6 43
28 44
28 41
6 28
21 30
25 30
6 25
22 25
7 34
6 34
34 41
22 34
16 34
6 7
6 24
24 48
22 24
15 37
37 41
16 37
37 46
21 37
41 45
13 41
22 41
41 48
35 46
35 48
33 35
18 35
15 33
31 33
33 45
32 45
13 32
15 32
7 32
11 13
13 46
13 19
13 31
13 16
13 21
4 16
4 18
4 46
4 48
4 7
15 21
19 21
18 21
21 22
16 19
11 22
11 45
11 48
3 47
3 22
3 18
7 22
15 36
36 45
16 36
15 46
7 15
15 48
12 48
12 16
12 45
7 12
7 31
16 27
27 48
27 45
26 27
27 31
26 31
18 31
42 45
10 18
18 26
18 46
18 45
18 48
1 26
26 39
26 46
39 46
2 48
23 48
45 48
23 45
16 23
0 23
10 23
0 10
