50 245
37 46
8 37
31 46
8 31
8 27
27 37
27 31
12 46
8 12
12 27
12 31
6 12
6 37
8 47
27 47
31 47
6 47
34 37
12 34
34 47
8 41
27 41
31 41
6 41
34 41
37 41
12 41
8 38
27 38
31 38
6 38
34 38
38 41
14 27
14 31
14 37
31 49
14 49
4 49
5 8
5 27
5 31
5 6
4 5
5 7
31 39
39 41
14 39
22 38
22 39
14 28
22 28
10 28
15 28
8 21
21 27
21 31
21 41
4 32
30 32
3 14
3 22
3 37
3 21
14 44
3 44
9 27
9 41
9 14
9 32
3 9
31 33
14 33
32 33
7 33
9 33
15 33
33 49
28 33
19 27
19 41
19 32
8 20
20 27
20 31
6 20
20 32
20 36
20 39
5 20
11 20
20 44
29 40
29 44
13 39
0 13
26 39
5 26
26 47
12 26
26 38
26 37
9 24
10 24
24 26
24 28
8 25
25 27
25 31
6 25
25 34
25 41
4 25
7 25
3 25
0 25
25 40
25 35
21 35
24 25
13 17
17 21
17 25
17 30
18 27
18 31
6 18
18 41
18 32
18 22
18 39
15 18
11 18
18 28
18 24
1 18
3 45
5 45
45 49
28 45
43 45
21 45
45 47
18 45
18 25
12 25
21 24
24 37
13 26
13 44
13 19
13 30
13 29
42 49
2 42
29 42
21 42
38 42
33 42
20 29
12 29
1 20
20 47
12 20
19 36
10 19
0 19
11 19
3 16
15 16
11 16
2 16
16 23
16 30
16 33
16 38
19 23
19 37
1 19
19 47
11 49
1 11
1 2
1 43
43 47
33 43
30 33
9 49
9 38
9 12
9 30
9 44
10 44
40 44
12 44
37 44
3 30
0 30
30 40
38 48
30 48
21 32
32 37
15 32
10 21
15 21
21 40
28 40
2 28
12 22
22 47
2 22
15 39
37 39
10 39
2 39
5 10
10 47
5 12
5 49
5 38
5 47
7 49
2 49
47 49
12 14
14 38
2 38
37 38
15 41
41 47
4 47
6 15
4 12
12 37
15 27
31 37
15 31
8 15
15 37
15 46
4 15
0 15
2 4
0 2
