50 122
12 25
12 26
6 26
12 13
13 25
13 26
0 13
12 21
13 21
21 47
10 47
26 34
25 34
12 45
13 45
34 45
0 45
21 45
18 37
24 27
27 46
37 46
2 47
0 2
2 46
2 36
25 36
12 29
29 44
12 38
13 38
38 47
38 44
35 38
4 35
4 41
9 18
9 37
9 25
9 11
11 28
2 17
17 28
17 29
3 12
3 13
3 47
3 19
3 24
3 7
3 17
3 41
10 15
11 15
12 42
13 42
30 42
26 30
37 42
42 45
10 16
16 38
7 16
16 42
41 42
40 42
40 49
15 49
36 48
15 48
11 26
9 33
9 32
25 32
2 20
20 32
20 46
5 43
5 22
22 26
13 23
0 23
23 24
7 23
31 45
31 32
23 31
31 33
22 23
24 39
26 39
1 46
1 39
22 39
20 43
8 38
8 43
43 46
4 33
14 38
14 33
4 29
10 29
29 36
24 37
21 24
26 37
7 18
0 18
0 7
7 45
34 41
19 41
25 41
19 25
10 19
10 21
25 47
0 21
21 26
6 25
0 12
