50 490
18 31
17 31
17 29
7 17
7 18
8 31
8 29
7 8
17 33
18 33
6 31
6 29
6 7
6 33
17 20
18 20
6 20
8 20
31 32
29 32
7 32
32 33
20 32
17 21
18 21
6 21
8 21
22 31
22 29
7 22
22 33
20 22
21 22
17 39
18 39
8 39
6 39
32 39
29 49
20 49
39 49
29 43
12 17
12 18
8 12
6 12
28 31
28 29
7 28
28 33
20 28
12 28
6 28
29 42
33 42
20 42
39 42
6 42
17 35
18 35
8 35
6 37
35 37
18 37
31 48
29 48
20 48
12 48
43 48
42 48
31 36
29 36
33 36
20 36
21 36
36 39
36 43
17 36
18 36
6 10
10 36
10 18
8 10
23 36
8 23
11 31
11 29
7 11
11 33
11 20
11 39
11 43
11 35
11 18
8 11
11 23
29 38
38 39
38 43
35 38
36 38
8 38
23 38
38 49
4 31
4 29
4 21
4 12
4 43
4 42
4 36
4 8
4 48
4 38
4 17
13 31
13 29
7 13
13 33
13 21
13 39
6 13
13 42
13 18
18 45
3 45
23 45
38 45
44 45
6 15
15 36
15 18
3 15
15 48
15 17
15 44
30 31
29 30
7 30
30 33
20 30
21 30
30 39
30 43
6 30
30 42
8 30
3 30
23 30
28 30
2 21
2 12
2 6
2 42
2 18
2 3
2 23
2 17
41 43
35 41
18 41
41 48
23 41
17 41
2 41
14 29
14 33
14 20
12 14
6 14
14 42
14 18
3 14
14 48
14 28
14 41
13 14
14 30
1 31
1 29
1 7
1 33
1 20
1 39
1 6
1 42
1 36
1 3
1 23
1 38
1 17
1 13
6 26
26 36
18 26
26 48
23 26
26 38
2 26
26 41
9 20
9 12
9 43
9 42
8 9
3 9
9 48
9 38
2 9
9 41
9 26
9 15
9 37
9 14
34 36
8 34
34 48
28 34
34 44
34 41
26 34
15 34
40 48
28 40
40 44
13 40
2 24
24 30
24 26
28 47
17 47
2 47
30 47
24 47
1 47
40 47
47 49
4 47
11 47
25 48
25 28
2 25
25 41
25 26
5 36
3 5
5 28
5 38
5 44
5 13
5 30
1 5
5 22
5 25
5 10
19 31
19 29
19 20
19 39
6 19
19 42
19 36
3 19
19 23
19 38
2 19
13 19
19 30
1 19
5 19
9 19
10 19
16 20
16 39
6 16
16 36
8 16
3 16
16 48
16 28
16 17
13 16
16 30
1 16
5 16
9 16
16 19
14 16
29 46
33 46
20 46
39 46
43 46
36 46
18 46
3 46
46 48
17 46
41 46
13 46
26 46
15 46
37 46
46 47
10 46
14 46
32 46
16 46
22 46
45 46
0 16
16 22
20 27
12 27
27 43
27 35
27 36
3 27
23 27
27 28
2 27
27 41
26 27
15 27
27 37
9 27
10 27
25 27
11 27
0 27
27 34
16 27
19 34
4 19
14 19
0 19
5 40
5 49
5 11
25 37
25 47
10 25
14 25
25 32
25 49
25 34
45 47
0 47
22 24
4 24
10 24
24 37
0 24
15 24
24 40
24 45
15 40
14 40
37 40
40 45
32 40
34 40
22 40
9 34
32 34
11 34
34 45
9 22
9 10
26 32
11 26
26 49
1 26
1 10
1 45
1 11
1 14
0 1
11 14
14 45
13 41
11 41
41 49
30 41
2 10
2 30
0 2
2 11
0 30
22 30
30 45
15 30
15 37
4 15
15 32
15 49
32 44
22 44
37 44
4 45
0 45
45 49
3 32
3 13
13 23
13 17
13 32
13 37
10 13
4 13
4 37
4 11
4 49
4 22
0 4
22 38
11 38
17 38
32 38
37 38
11 49
11 22
23 28
10 23
23 37
10 17
10 22
10 32
36 48
28 36
8 48
17 48
37 48
48 49
0 37
32 37
35 42
32 35
17 42
18 42
42 49
8 42
0 42
22 42
28 42
8 28
22 28
28 32
17 28
0 28
12 43
18 43
17 43
6 43
8 43
22 43
43 49
32 43
0 43
6 49
18 49
8 49
17 49
32 49
22 49
22 39
0 39
6 22
18 22
8 22
21 32
0 21
6 32
18 32
0 32
6 18
6 17
6 8
8 33
0 33
8 18
8 17
0 8
0 7
17 18
0 17
18 29
0 29
0 18
0 31
