50 367
0 38
0 2
0 43
2 43
38 43
0 48
2 48
38 48
43 48
0 19
2 19
19 38
19 48
19 27
27 43
0 3
2 3
3 38
3 48
3 27
0 39
2 39
38 39
39 48
19 39
39 43
0 33
2 33
33 38
33 48
27 33
33 39
0 45
2 45
38 45
45 48
19 45
43 45
33 45
3 45
30 38
30 48
30 45
2 13
13 38
13 48
13 27
13 39
38 49
48 49
45 49
18 39
18 43
18 19
3 18
18 33
9 38
9 48
9 18
9 49
9 13
0 29
2 29
29 38
29 48
27 29
29 39
29 45
29 49
39 41
41 49
19 41
41 43
0 31
2 31
31 38
31 48
18 31
13 31
31 41
29 31
31 43
28 38
28 49
28 41
19 47
0 26
2 26
26 38
26 48
26 27
26 39
26 45
18 26
0 7
2 7
7 38
7 48
7 27
7 39
7 45
7 18
7 41
7 26
0 11
2 11
11 38
11 48
11 45
11 13
7 11
11 29
11 28
11 46
11 26
33 44
4 26
4 44
28 34
34 46
31 34
34 44
1 43
1 46
1 31
1 44
1 34
2 22
22 38
22 48
22 27
22 39
18 22
22 41
22 29
22 28
10 38
10 48
10 45
10 18
7 10
10 29
10 28
10 42
7 25
25 47
25 28
25 42
25 36
25 44
25 34
19 32
32 43
0 16
2 16
16 38
16 48
16 27
16 39
16 45
13 16
16 32
16 29
16 28
16 42
16 26
16 33
9 16
10 24
6 24
22 24
16 24
21 48
13 21
21 32
21 29
8 26
23 39
23 49
13 23
23 29
8 23
23 43
23 36
23 44
9 23
10 23
1 23
37 41
7 37
37 43
37 46
3 37
35 41
7 35
35 43
35 46
3 35
21 35
30 35
35 37
20 45
20 49
7 20
20 47
20 28
20 42
3 20
20 35
20 34
20 22
1 20
20 37
4 20
6 20
3 5
5 35
5 6
5 9
17 26
17 44
5 17
17 24
17 30
17 21
4 17
17 23
5 37
15 18
15 49
15 32
15 47
8 15
15 43
3 15
15 35
5 15
10 15
15 30
28 40
40 46
3 40
33 40
9 40
22 40
16 40
0 12
2 12
12 38
12 48
12 39
12 18
12 41
12 29
8 12
12 42
3 12
12 33
12 34
12 25
12 40
11 12
12 15
6 12
6 40
15 40
4 15
5 19
10 35
10 37
25 37
14 38
14 48
14 45
13 14
14 32
14 47
8 14
14 31
14 36
14 33
14 34
10 14
14 30
14 37
14 19
14 16
23 37
16 23
8 21
8 30
8 19
21 31
21 26
9 21
21 24
21 25
11 21
16 21
6 32
3 32
6 7
6 28
6 42
6 26
6 25
6 19
4 25
10 36
33 36
26 36
10 19
22 42
26 42
22 31
22 33
1 22
11 22
22 30
1 4
1 19
4 34
11 44
9 11
11 30
11 19
7 43
7 19
7 29
26 47
9 26
28 47
3 47
43 47
30 47
28 46
31 46
33 46
19 46
9 31
3 31
19 31
30 41
29 41
33 41
9 29
29 33
9 43
9 30
18 49
43 49
19 49
3 49
33 49
13 49
13 43
13 19
13 30
3 13
13 33
30 43
3 30
33 43
19 33
3 39
3 43
2 38
