50 612
23 42
11 42
16 23
11 16
5 23
5 42
23 32
11 32
5 32
18 23
11 18
5 18
18 42
2 23
2 11
2 5
2 18
39 42
2 39
23 25
11 25
5 25
18 25
25 39
25 32
20 32
20 42
20 25
2 20
16 20
7 23
7 11
5 7
7 18
7 39
7 32
7 20
23 45
5 45
18 45
32 45
20 45
42 45
16 45
2 45
25 45
7 45
23 24
11 24
5 24
18 24
24 39
24 32
20 24
24 45
31 42
25 31
2 31
16 31
24 31
23 35
11 35
5 35
18 35
35 39
32 35
20 35
35 45
31 35
34 42
25 34
16 34
2 34
23 44
11 44
5 44
18 44
39 44
32 44
20 44
44 45
31 44
34 44
23 33
11 33
5 33
18 33
33 39
32 33
20 33
33 45
31 33
33 42
2 33
16 33
25 33
33 35
24 33
7 33
33 44
19 23
5 19
18 19
19 32
19 20
19 33
8 20
8 31
8 33
8 42
8 25
2 8
8 16
8 24
8 44
8 35
7 8
8 19
23 36
5 36
18 36
32 36
36 45
33 36
8 36
13 23
13 32
13 45
13 31
8 13
2 13
13 42
13 25
13 16
3 23
3 5
3 18
3 32
3 45
3 33
32 38
33 38
8 38
38 42
25 38
2 38
16 38
27 32
27 34
27 38
2 27
7 27
1 33
1 2
1 13
1 42
12 23
5 12
12 18
12 32
12 45
12 34
12 38
2 12
12 13
1 12
12 44
23 43
11 43
5 43
18 43
39 43
32 43
20 43
43 45
31 43
34 43
38 43
2 43
7 43
1 43
10 23
10 11
5 10
10 18
10 32
10 20
10 45
10 33
10 38
2 10
7 10
23 40
5 40
18 40
32 40
20 40
34 40
8 40
2 40
7 40
40 42
25 40
16 40
23 49
5 49
18 49
32 49
45 49
31 49
8 49
13 49
7 49
40 49
10 49
44 49
43 49
25 49
23 48
11 48
5 48
18 48
32 48
20 48
45 48
33 48
8 48
2 48
7 48
40 48
44 48
4 13
4 40
1 4
4 42
4 36
9 18
9 32
9 20
9 34
8 9
2 9
9 13
9 40
9 44
4 9
23 30
5 30
18 30
30 32
30 45
30 31
30 38
2 30
13 30
30 40
10 30
30 43
9 30
20 37
33 37
37 38
2 37
13 37
37 40
1 37
4 37
30 37
24 37
25 37
15 24
15 25
28 44
4 28
24 28
25 28
10 41
4 41
30 41
36 41
28 41
15 41
9 41
22 23
11 22
5 22
18 22
22 39
22 32
20 22
22 45
22 31
22 33
22 38
2 22
7 22
22 40
10 22
22 44
22 43
22 24
22 25
22 48
9 22
23 46
5 46
18 46
32 46
45 46
31 46
33 46
38 46
13 46
40 46
10 46
4 46
30 46
24 46
28 46
15 46
19 46
22 46
35 46
6 7
6 40
6 10
6 44
6 24
6 25
6 28
6 48
13 21
21 40
10 21
4 21
21 30
21 36
21 28
21 48
44 47
4 47
43 47
36 47
47 48
19 47
21 47
9 47
12 47
37 47
14 24
14 25
14 28
14 15
14 19
9 14
14 16
14 37
6 14
3 14
14 27
14 47
14 42
17 23
17 32
17 20
17 31
8 17
2 17
7 17
1 17
10 17
4 17
17 30
17 36
17 28
15 17
17 21
17 22
17 35
17 37
14 17
17 27
0 17
17 42
8 26
26 38
7 26
26 40
1 26
26 44
26 43
26 36
25 26
15 26
21 26
9 26
16 26
12 26
6 26
26 49
17 26
26 47
29 33
2 29
13 29
1 29
10 29
29 43
24 29
25 29
29 48
19 29
21 29
22 29
29 35
29 37
29 41
29 49
0 29
29 47
29 42
26 29
26 46
3 17
27 47
0 47
3 47
21 27
9 21
21 35
21 49
6 21
12 21
6 9
6 16
6 37
6 46
6 27
6 41
0 6
41 46
46 49
27 46
3 46
42 46
22 41
12 22
22 35
22 42
16 22
22 49
12 41
37 41
41 49
3 41
0 41
28 35
16 28
9 28
3 28
28 48
15 28
15 19
15 49
15 35
12 15
15 37
0 15
19 37
9 37
16 37
0 37
3 30
12 30
30 36
19 30
24 30
16 30
25 30
30 48
9 24
9 19
9 42
3 9
4 48
0 4
3 4
4 27
4 43
36 48
12 48
19 48
48 49
42 48
3 48
16 48
16 49
12 49
27 49
42 49
40 44
10 40
36 40
10 42
3 10
10 43
10 35
10 25
10 44
10 19
19 43
16 43
24 43
12 43
25 43
42 43
0 43
35 43
12 36
12 35
0 12
3 12
12 42
1 35
1 25
1 16
1 27
0 1
1 24
1 3
1 19
1 36
27 44
24 27
27 36
25 27
19 27
27 35
16 27
0 27
38 44
3 38
7 38
35 38
24 38
19 38
3 13
3 7
3 36
3 19
3 16
3 42
0 13
13 36
13 35
13 24
7 36
35 36
25 36
36 42
0 36
0 8
7 19
19 24
16 19
0 19
0 33
2 44
7 44
42 44
16 44
24 44
0 44
35 44
34 35
7 34
24 34
0 34
2 35
0 35
16 35
35 42
7 31
0 31
2 24
24 42
16 24
0 45
2 7
7 42
7 25
7 16
0 7
0 20
2 25
25 42
0 25
32 39
16 39
2 32
2 42
2 16
18 32
16 18
0 18
32 42
16 32
0 32
5 16
0 5
0 11
0 23
