50 367
14 47
43 47
14 43
36 47
36 43
4 14
4 36
24 47
24 43
4 24
5 14
5 36
5 24
20 47
20 43
4 20
5 20
14 32
32 36
24 32
28 47
28 43
4 28
5 28
28 32
12 43
5 12
12 14
12 36
12 24
12 28
12 20
38 47
38 43
4 38
5 38
12 38
38 46
14 23
23 36
23 24
23 28
20 23
23 30
0 30
14 40
36 40
24 40
41 43
5 41
23 41
14 37
36 37
24 37
20 37
28 37
12 26
26 37
35 47
35 43
4 35
5 35
32 35
12 35
23 35
0 35
14 35
35 36
24 35
3 47
3 43
3 4
3 5
3 12
3 46
3 23
3 37
3 35
12 31
0 31
31 40
9 43
4 9
9 46
15 47
15 43
4 15
5 15
15 46
15 37
14 15
15 36
15 24
39 47
39 43
4 39
5 39
12 39
39 46
23 39
15 39
38 39
31 39
14 39
36 39
39 49
14 44
36 44
7 12
7 15
7 35
7 41
33 46
33 37
33 40
33 38
33 41
14 33
33 36
26 33
34 38
9 34
33 34
28 34
11 47
11 43
11 12
0 11
11 38
9 11
11 39
11 30
25 38
25 31
25 28
11 25
41 45
30 45
25 45
0 6
6 38
6 33
14 29
24 29
17 39
17 29
17 20
17 26
22 34
20 22
18 43
15 18
18 35
18 31
18 33
18 30
18 34
12 19
19 37
0 19
19 31
19 39
19 28
19 45
27 41
27 30
20 27
19 27
10 46
10 15
10 35
9 10
10 28
10 44
10 20
10 26
10 36
10 27
8 35
8 41
8 28
8 30
8 34
8 26
8 10
43 48
0 48
40 48
31 48
39 48
29 48
11 48
19 48
22 48
21 39
21 44
21 34
20 21
21 48
17 21
3 21
16 47
16 43
16 46
0 16
16 40
16 38
16 39
16 30
16 34
16 26
14 16
16 48
16 21
16 27
16 18
2 33
2 29
2 45
2 14
2 10
2 7
2 49
2 36
2 8
2 16
21 36
21 49
48 49
7 48
8 48
7 8
8 27
35 42
9 42
41 42
11 42
34 42
19 42
14 42
13 43
5 13
13 23
13 15
13 38
9 13
13 39
13 44
11 13
13 26
13 14
3 13
13 27
13 24
6 13
13 42
7 42
27 42
8 42
25 42
7 10
3 10
3 27
6 19
19 49
18 19
19 24
18 22
17 18
3 18
18 36
1 22
1 17
1 49
1 24
1 18
1 6
22 25
6 22
17 22
17 49
17 36
6 29
3 29
26 29
6 45
3 6
6 24
6 25
14 45
3 45
26 45
7 45
25 26
7 25
25 49
24 25
11 14
11 20
11 36
11 34
34 49
7 33
30 33
7 44
7 26
30 44
44 49
9 15
0 15
15 20
15 28
0 9
9 14
9 36
9 24
9 31
9 28
9 30
14 31
31 36
24 31
20 31
3 31
3 41
3 20
20 35
35 38
26 35
26 41
37 38
37 41
40 41
14 41
36 41
28 41
28 40
30 40
14 30
30 36
23 38
14 38
36 38
24 38
28 46
14 28
28 36
24 28
20 28
20 32
20 46
20 24
14 20
5 46
24 46
0 24
14 24
24 36
4 46
36 46
0 36
14 36
43 46
14 46
0 14
46 47
0 46
