50 612
15 47
22 47
15 26
22 26
14 26
6 47
13 15
13 22
13 14
6 13
45 47
26 45
13 45
15 37
22 37
14 37
6 37
37 45
14 43
43 45
43 47
13 43
26 43
15 35
22 35
14 35
6 35
35 45
35 43
14 21
21 43
21 47
13 21
21 26
21 37
15 39
22 39
14 39
6 39
39 45
39 43
21 39
17 47
13 17
17 26
17 39
17 35
15 27
22 27
14 27
6 27
27 45
27 43
21 27
17 27
14 24
24 43
17 24
24 47
24 26
13 24
24 39
24 27
24 35
24 37
15 42
22 42
14 42
6 42
42 45
42 43
21 42
17 42
24 42
0 42
42 47
13 42
26 42
27 42
39 42
35 42
37 42
5 14
5 43
5 17
5 24
5 42
0 4
4 47
4 26
4 13
4 27
4 39
4 37
4 35
42 44
4 44
13 44
15 20
14 20
6 20
20 43
17 20
20 24
47 48
13 48
26 48
35 48
27 48
39 48
37 48
15 49
22 49
14 49
6 49
45 49
43 49
17 49
24 49
48 49
21 38
0 38
38 42
38 47
13 38
26 38
38 39
27 38
7 15
7 22
7 14
6 7
7 45
7 43
7 21
0 7
7 48
7 38
7 13
7 20
14 29
29 45
17 29
24 29
29 42
4 29
29 39
29 47
26 29
3 13
3 29
3 7
3 37
15 33
14 33
6 33
33 45
21 33
24 33
33 48
4 33
33 38
33 39
7 33
11 38
11 20
7 11
11 47
11 26
30 42
4 30
30 39
20 30
7 30
11 30
0 41
4 41
13 41
39 41
7 41
37 41
41 47
26 41
2 15
2 22
2 14
2 6
2 45
2 43
2 21
2 17
2 24
0 2
2 48
2 38
2 13
2 39
2 29
2 37
2 41
36 41
36 47
14 34
6 34
17 34
24 34
0 34
34 38
13 34
34 39
29 34
34 37
34 36
34 49
21 25
0 25
25 42
25 48
13 25
20 25
7 25
11 25
25 33
25 36
25 47
25 30
12 15
12 22
12 14
6 12
12 45
12 43
12 21
12 17
12 24
0 12
12 42
12 48
12 39
12 20
12 29
11 12
12 41
12 25
12 27
10 42
10 38
10 13
10 39
10 29
10 37
10 33
10 36
10 25
10 35
10 47
2 10
5 10
10 12
10 26
21 31
0 31
31 42
31 38
31 39
20 31
29 31
11 31
31 41
31 49
31 35
10 31
1 33
1 36
1 35
1 10
18 48
4 18
13 18
18 20
7 18
18 37
18 33
18 36
18 35
1 18
8 41
8 49
8 27
1 8
8 18
8 44
5 8
8 31
2 8
28 29
28 37
28 41
28 36
27 28
1 28
26 28
18 28
5 28
8 28
28 47
14 19
6 19
19 45
19 43
17 19
19 24
19 42
4 19
13 19
19 20
7 19
11 19
19 33
19 49
19 27
10 19
19 26
15 23
22 23
14 23
6 23
23 45
23 43
21 23
17 23
23 24
0 23
23 42
4 23
23 39
20 23
23 29
11 23
23 33
23 49
23 25
10 23
1 23
2 23
3 23
19 23
12 23
23 30
15 16
16 22
14 16
6 16
16 45
16 43
16 21
16 17
16 24
0 16
16 48
16 38
13 16
16 39
7 16
11 16
16 33
16 49
16 25
16 35
16 26
16 23
16 44
2 16
15 46
22 46
14 46
6 46
45 46
43 46
21 46
17 46
0 46
38 46
13 46
39 46
29 46
11 46
33 46
36 46
27 46
10 46
26 46
23 46
5 46
2 46
21 40
24 40
40 48
4 40
38 40
20 40
7 40
37 40
40 41
36 40
27 40
35 40
18 40
40 44
5 40
40 46
28 40
15 32
22 32
14 32
6 32
32 45
32 43
21 32
24 32
32 42
32 48
13 32
32 39
29 32
11 32
32 41
32 49
27 32
32 35
26 32
18 32
32 44
8 32
32 40
9 15
9 14
6 9
9 45
9 21
0 9
9 42
4 9
9 13
9 20
9 29
9 37
9 33
9 49
9 27
9 35
1 9
9 18
9 44
9 46
9 28
9 16
9 12
9 32
9 34
9 30
32 47
19 32
12 32
32 34
19 40
40 47
31 40
3 40
16 46
12 46
3 46
30 46
16 31
12 16
16 19
16 30
23 34
23 47
19 44
8 19
19 28
19 30
3 19
28 34
28 31
8 47
8 34
2 18
18 34
5 18
18 31
18 44
1 44
1 30
1 47
1 31
1 5
2 31
12 31
3 31
31 34
12 26
5 12
2 12
3 12
25 27
3 25
5 25
25 44
25 26
25 34
34 35
34 44
34 47
30 34
36 49
2 36
26 36
5 36
2 27
2 5
2 30
2 3
27 41
30 41
41 49
33 41
27 30
26 30
5 30
30 47
11 44
11 33
5 11
11 35
33 47
33 35
26 33
3 33
3 49
3 35
3 26
3 5
3 47
29 49
7 29
5 29
29 44
7 47
7 26
7 37
7 27
7 35
38 49
35 38
37 38
20 38
13 49
39 49
37 49
47 49
35 49
44 49
20 48
4 20
20 47
20 26
5 20
20 35
20 44
20 27
37 44
26 44
44 47
4 5
5 13
5 37
0 27
13 27
27 37
27 47
27 35
17 37
0 39
13 39
39 47
26 39
37 39
21 35
0 21
0 35
13 35
35 47
37 43
0 43
0 37
13 37
37 47
26 37
0 45
0 13
13 47
13 26
6 26
0 6
0 26
26 47
14 47
0 47
14 15
0 14
