50 612
11 35
23 35
23 49
11 29
23 29
29 34
3 35
3 49
3 29
3 34
11 43
23 43
35 46
46 49
29 46
34 46
43 46
26 35
26 49
26 29
26 34
23 26
11 26
26 46
3 26
35 41
41 49
29 41
34 41
41 43
26 41
15 23
11 15
3 15
15 46
25 35
25 49
25 29
25 34
25 43
25 26
15 25
11 17
17 23
3 17
17 46
17 25
14 35
14 49
14 29
14 34
14 43
14 26
14 15
14 17
12 34
11 12
12 23
12 46
3 12
12 25
12 41
12 14
1 35
1 49
1 29
1 34
1 43
1 26
1 15
1 17
1 12
34 48
15 48
23 48
11 48
46 48
3 48
14 48
41 48
25 48
35 44
44 49
29 44
34 44
43 44
26 44
15 44
17 44
12 44
44 48
11 39
23 39
3 39
39 46
25 39
39 41
14 39
1 39
39 44
35 38
38 49
29 38
34 38
38 43
26 38
15 38
17 38
12 38
38 48
38 39
25 38
6 35
6 49
6 29
6 34
6 43
6 26
6 17
6 48
6 14
6 11
6 23
6 46
3 6
5 35
5 34
5 12
10 34
10 15
10 12
10 25
10 11
10 23
10 46
3 10
10 14
10 41
34 42
10 42
14 42
11 30
23 30
3 30
30 46
14 18
18 30
1 18
11 45
23 45
3 45
38 45
27 35
27 34
27 43
26 27
17 27
27 39
14 27
6 27
27 46
27 45
23 28
11 28
20 35
20 29
20 34
15 20
12 20
20 48
14 20
20 30
16 34
16 26
12 16
10 16
14 16
16 30
16 23
11 16
3 16
16 46
35 40
40 49
34 40
17 40
40 48
25 40
10 40
16 40
1 40
40 45
23 40
11 40
18 40
40 42
31 35
31 49
29 31
31 34
31 43
26 31
15 31
17 31
31 48
25 31
6 31
16 31
31 46
32 35
29 32
32 34
15 32
32 48
32 39
14 32
6 32
32 46
11 32
23 32
2 35
2 49
2 29
2 34
2 43
2 15
2 17
2 25
2 14
2 30
2 46
2 32
2 28
35 37
37 49
29 37
34 37
26 37
17 37
12 37
10 37
14 37
16 37
37 46
32 37
37 40
11 37
23 37
21 35
21 49
21 29
21 34
21 43
21 26
15 21
17 21
21 48
21 39
10 21
6 21
1 21
21 32
21 37
12 36
10 36
6 36
16 36
1 36
32 36
36 40
36 41
23 36
11 36
21 36
28 33
33 36
31 33
33 42
11 33
23 33
7 35
7 49
7 29
7 34
7 43
7 26
7 48
7 25
7 14
7 30
1 7
7 46
7 28
7 41
7 31
7 44
7 38
7 18
7 33
35 47
47 49
34 47
15 47
17 47
10 47
6 47
30 47
16 47
32 47
40 47
37 47
31 47
44 47
38 47
18 47
2 47
22 35
22 49
22 29
22 34
22 43
22 26
15 22
17 22
22 48
22 25
10 22
6 22
1 22
22 46
22 28
22 37
22 36
22 42
22 38
22 23
22 33
22 47
7 22
21 22
22 27
3 22
5 22
19 34
19 25
10 19
6 19
19 46
19 32
19 28
19 41
19 31
19 42
19 38
11 19
19 23
19 47
8 35
8 49
8 29
8 34
8 43
8 26
8 15
8 17
8 12
8 48
8 39
8 25
8 14
8 16
1 8
8 32
8 40
8 37
8 31
8 42
8 11
8 18
8 33
8 47
1 4
4 32
4 45
4 37
4 20
4 31
4 11
4 23
2 4
4 33
4 27
4 5
9 34
9 26
9 12
9 25
9 10
9 30
1 9
9 32
9 28
9 41
9 20
9 44
9 11
9 23
2 9
9 47
4 9
7 9
0 9
9 27
13 34
13 26
12 13
13 25
13 14
6 13
13 16
13 46
13 40
13 41
13 36
13 44
11 13
13 18
2 13
13 33
8 13
7 13
24 34
24 25
14 24
16 24
24 46
24 32
24 45
24 41
24 36
24 44
24 38
18 24
23 24
24 47
4 24
0 24
21 24
5 24
19 24
13 24
13 27
9 13
3 13
9 19
0 4
4 8
8 21
7 8
5 8
8 19
19 22
19 21
5 19
7 47
0 47
3 7
7 27
5 33
3 33
21 33
36 38
18 36
20 36
3 36
27 36
21 31
21 44
21 38
21 23
2 21
0 21
3 21
37 42
27 37
2 37
5 37
0 37
37 41
2 20
2 42
2 11
2 23
2 3
0 2
2 27
31 32
5 32
32 42
31 40
31 41
20 31
23 31
11 31
5 31
31 42
38 40
5 40
40 41
40 44
16 41
0 16
16 42
16 20
20 45
20 28
20 41
20 23
11 20
20 44
0 20
18 20
20 42
20 38
27 28
3 28
0 28
27 42
27 38
18 27
0 27
5 27
41 45
18 45
0 45
18 44
11 18
18 23
5 18
3 18
5 30
30 42
30 38
1 30
30 44
11 42
23 42
5 42
38 42
5 10
10 44
5 6
5 46
5 11
3 5
0 6
6 41
6 38
1 38
11 38
23 38
3 38
25 44
1 44
44 46
41 44
11 44
23 44
3 44
0 44
1 48
0 48
1 25
1 14
1 23
1 11
1 46
1 3
1 41
14 25
11 14
14 23
3 14
14 46
14 41
17 41
23 25
11 25
25 46
3 25
25 41
0 25
15 41
23 41
11 41
3 41
0 26
23 46
11 46
0 46
3 46
3 43
0 3
23 34
11 23
0 23
11 49
34 49
11 34
0 11
34 35
0 34
