50 490
26 30
23 26
23 30
26 37
23 37
30 37
26 32
23 32
32 37
30 32
9 26
9 23
9 37
9 32
26 45
23 45
37 45
32 45
30 45
9 45
26 46
23 46
37 46
32 46
45 46
37 49
32 49
30 49
9 49
22 26
22 23
22 37
22 32
22 45
22 49
40 49
30 40
9 40
22 40
40 46
26 34
23 34
34 37
32 34
34 45
34 49
34 40
27 37
27 32
27 30
9 27
27 34
27 46
22 27
16 26
16 23
16 37
16 32
16 45
16 49
16 40
16 27
19 30
9 19
19 34
19 22
19 46
0 19
16 19
17 26
17 23
17 37
17 32
17 45
17 49
17 40
17 27
17 19
13 26
13 23
13 37
13 32
13 27
13 30
9 13
13 34
13 22
13 46
0 13
26 31
23 31
31 37
31 32
31 45
31 49
19 31
13 31
30 31
9 31
22 31
31 34
31 46
1 37
1 32
1 45
24 30
9 24
24 34
22 24
24 46
1 24
8 37
8 24
8 31
4 24
4 30
11 37
29 30
9 29
29 34
29 46
22 29
28 40
28 29
9 28
30 48
26 41
23 41
37 41
32 41
41 45
41 49
40 41
27 41
19 41
24 41
9 41
41 48
30 41
9 35
35 48
35 41
30 35
2 37
2 29
2 31
2 4
2 35
2 46
3 41
3 46
3 30
20 23
20 37
20 32
20 45
20 27
13 20
9 20
4 20
20 30
20 22
12 37
12 32
12 27
12 29
12 31
4 12
12 20
12 35
21 37
19 21
9 33
30 33
33 46
33 34
22 33
21 33
23 36
36 37
32 36
36 45
27 36
29 36
9 36
33 36
36 41
36 46
37 39
32 39
39 49
13 39
9 39
4 39
39 41
3 39
21 39
30 39
7 9
7 48
7 20
7 35
7 39
1 7
7 30
7 28
7 16
7 8
2 7
7 36
3 5
5 34
5 30
15 26
15 23
15 37
15 32
15 45
15 49
15 40
15 29
9 15
15 33
15 48
15 46
3 15
1 15
15 30
9 18
18 33
18 20
18 46
18 39
18 34
15 18
6 21
6 34
14 37
14 32
14 27
13 14
14 24
4 14
14 35
26 42
23 42
37 42
32 42
40 42
29 42
31 42
4 42
41 42
42 46
30 42
1 42
28 42
14 42
21 42
11 42
8 42
17 42
26 47
23 47
37 47
32 47
19 47
13 47
31 47
33 47
41 47
42 47
21 47
34 47
15 47
6 47
26 44
23 44
37 44
32 44
44 45
13 44
9 44
33 44
41 44
35 44
11 44
34 44
14 44
28 44
26 38
23 38
37 38
32 38
38 45
38 49
38 40
27 38
19 38
29 38
31 38
38 48
20 38
38 46
21 38
11 38
30 38
38 44
18 38
2 38
12 38
17 38
0 38
5 38
2 44
0 44
36 44
26 43
23 43
37 43
32 43
43 45
43 49
40 43
13 43
24 43
33 43
20 43
42 43
3 43
1 43
15 43
28 43
43 44
22 43
25 26
23 25
25 37
25 32
25 45
25 49
25 40
25 27
19 25
25 29
9 25
25 33
25 41
25 35
25 39
1 25
14 25
6 25
18 25
8 25
25 43
17 25
10 25
25 47
12 43
17 43
5 43
44 47
22 47
12 47
36 47
7 47
14 39
1 14
14 16
8 14
14 36
14 17
6 14
14 28
6 15
6 22
6 18
6 12
6 8
16 18
2 18
17 18
5 18
15 22
5 15
0 15
5 22
5 36
5 7
36 39
34 39
17 39
1 39
1 36
28 36
8 36
2 36
17 33
4 21
21 35
21 30
21 28
10 21
11 21
12 21
8 21
12 34
12 30
12 16
8 12
10 12
16 20
20 28
20 34
0 20
10 20
3 10
10 34
10 30
10 28
10 16
10 22
2 10
0 10
3 16
0 3
2 3
3 22
2 11
2 30
0 2
11 35
35 46
34 35
8 41
1 41
17 41
34 48
1 48
28 48
46 48
11 28
16 28
17 28
11 29
11 24
4 11
11 30
11 34
11 17
11 16
11 22
4 16
4 8
0 4
4 22
1 8
8 16
8 17
1 31
1 30
0 1
16 31
17 31
13 17
13 16
0 17
16 46
16 22
0 27
9 34
30 34
0 40
9 22
22 46
0 22
46 49
0 49
9 46
30 46
0 46
0 45
9 30
0 9
0 32
0 37
0 23
0 30
0 26
