50 367
32 48
20 32
11 48
11 20
14 32
11 14
27 48
20 27
14 27
32 40
11 40
27 40
23 48
20 23
14 23
23 40
8 32
8 11
8 23
8 27
8 35
32 35
11 35
27 35
23 35
0 35
20 33
14 33
33 40
33 35
32 42
11 42
13 48
13 14
8 13
13 42
9 32
9 11
9 27
9 23
4 20
4 14
4 8
4 35
4 9
32 43
11 43
5 43
5 33
22 32
11 22
30 42
30 33
22 30
22 36
3 9
42 45
33 45
32 45
11 45
13 45
25 40
25 35
16 32
11 16
6 16
6 43
28 32
40 47
35 47
16 47
43 47
28 47
3 47
15 32
8 18
18 35
16 18
18 33
16 44
33 44
32 44
12 20
12 14
12 40
8 12
9 12
12 33
12 44
3 12
11 12
12 47
5 12
34 40
34 35
34 42
33 34
22 34
32 49
8 24
24 35
16 24
24 45
22 24
24 49
46 48
20 46
40 46
10 32
10 11
10 27
10 23
26 48
20 26
14 26
26 40
8 26
10 26
26 42
26 43
26 45
26 36
26 46
26 47
31 40
31 35
31 43
31 45
31 44
28 31
31 46
1 32
17 20
17 40
8 17
17 35
17 43
17 33
17 44
3 17
17 46
1 17
5 17
17 30
17 32
2 40
2 35
2 16
2 43
2 45
2 3
2 46
2 47
2 31
2 17
2 32
2 4
21 28
21 49
11 21
21 31
21 32
0 21
21 23
21 39
4 21
7 16
7 33
7 28
7 36
7 11
1 7
7 21
7 30
7 26
6 7
29 31
29 34
2 29
6 29
18 29
13 29
7 29
29 39
7 39
7 23
7 13
21 30
22 38
28 38
38 46
27 38
21 38
16 37
37 43
37 45
3 37
15 37
27 37
5 37
32 37
0 37
37 38
20 41
40 41
8 41
41 42
16 41
33 41
22 41
41 49
41 47
27 41
5 41
30 41
37 41
23 41
39 41
38 41
24 41
13 41
13 37
6 37
25 37
26 38
4 38
25 38
12 38
32 38
17 39
2 39
0 39
32 39
0 2
19 44
3 19
15 19
1 19
5 19
19 30
2 19
19 32
19 23
12 19
19 24
19 26
17 23
13 17
4 17
1 30
1 31
1 34
1 23
31 32
25 31
13 31
26 31
31 34
26 30
18 26
26 32
12 26
10 46
43 46
33 46
28 46
3 46
15 46
32 46
13 46
24 46
5 46
24 27
5 24
24 34
4 24
0 24
23 24
24 32
18 49
34 49
13 49
11 49
11 34
32 34
6 34
25 34
18 34
12 34
12 18
12 25
12 13
18 44
0 44
23 44
13 44
11 44
25 44
27 44
15 18
18 47
5 18
4 18
18 32
18 23
15 47
15 27
0 15
32 47
23 47
13 47
0 47
6 28
3 6
6 11
6 27
6 30
4 6
6 32
0 6
16 25
25 45
25 36
11 25
25 27
4 25
0 25
13 25
3 45
23 45
4 45
3 22
3 32
3 36
3 23
32 36
4 36
0 36
27 36
30 36
5 36
11 36
11 30
30 32
5 22
5 27
5 32
0 43
27 43
4 43
4 11
4 27
9 13
23 42
27 42
0 42
33 42
32 33
11 33
0 8
0 23
0 40
27 32
0 14
11 32
0 20
0 48
