50 490
13 39
8 39
13 35
8 35
22 39
13 23
8 23
22 23
13 45
39 45
23 45
35 45
13 42
8 42
22 42
42 45
26 39
23 26
26 35
26 42
13 20
8 20
20 22
20 45
20 26
13 43
43 45
26 43
39 43
23 43
35 43
42 43
20 43
13 15
8 15
15 22
15 45
15 43
15 20
5 39
5 35
5 23
5 42
5 15
19 26
19 43
5 19
19 23
13 44
44 45
43 44
20 44
5 44
23 44
39 44
35 44
28 44
0 28
32 39
13 17
17 22
17 45
17 43
17 20
17 42
17 44
4 13
4 45
4 43
4 20
4 5
4 23
4 44
4 39
4 35
37 42
23 37
39 48
35 48
29 43
20 29
29 42
23 29
29 48
0 29
29 32
9 13
8 9
9 22
9 45
9 43
9 20
5 9
9 42
9 48
3 13
3 8
3 45
3 20
3 5
3 23
3 44
3 39
3 35
20 47
23 47
3 47
0 47
4 24
24 39
24 35
21 42
21 23
21 48
0 21
21 24
9 21
12 20
12 23
12 44
3 12
12 24
9 12
12 35
11 13
11 45
11 26
11 43
11 42
11 23
11 48
0 11
11 24
11 12
7 13
7 8
7 22
7 45
7 26
7 20
5 7
7 42
7 48
3 7
4 7
7 37
4 6
6 9
6 7
5 49
42 49
3 49
0 49
4 49
12 49
6 49
2 42
2 23
2 3
0 2
2 32
2 37
27 43
20 27
5 27
23 27
27 44
3 27
4 27
9 27
27 47
24 33
9 33
27 33
28 33
2 33
31 32
31 37
27 31
31 49
2 31
17 31
31 35
21 31
13 38
22 38
26 38
38 43
5 38
23 38
38 48
0 38
4 38
12 38
7 38
38 49
31 38
13 34
34 45
34 43
20 34
34 42
23 34
34 44
4 34
34 37
12 34
7 34
34 49
2 34
11 34
13 36
8 36
22 36
36 45
26 36
36 43
20 36
23 36
36 48
0 36
4 36
9 36
27 36
36 49
13 40
8 40
40 45
40 43
40 42
23 40
40 48
0 40
4 40
37 40
27 40
40 49
35 40
10 48
3 10
10 37
9 10
7 10
10 40
2 10
10 19
10 36
8 30
30 45
26 30
20 30
5 30
30 42
30 44
3 30
30 32
30 37
7 30
28 30
30 40
19 30
30 36
15 30
17 30
8 46
22 46
45 46
20 46
5 46
42 46
46 48
3 46
24 46
12 46
7 46
28 46
31 46
19 46
29 46
30 46
33 46
10 46
6 46
46 47
35 46
16 44
4 16
16 32
9 16
16 27
16 28
2 16
16 34
21 25
1 45
1 43
1 42
1 23
1 3
0 1
1 24
1 12
1 7
1 49
1 31
1 19
1 25
1 38
1 30
1 17
1 39
1 21
5 41
23 41
41 44
3 41
32 41
12 41
7 41
28 41
40 41
34 41
29 41
38 41
14 48
3 14
14 24
12 14
7 14
14 49
14 40
14 19
14 29
14 38
11 14
14 41
10 14
14 33
6 14
14 16
1 41
39 41
41 47
11 41
16 41
1 11
25 47
6 25
16 25
25 36
15 25
25 33
16 38
5 18
18 42
18 44
0 18
18 37
9 18
18 27
18 28
18 40
18 34
18 29
18 38
18 30
10 18
17 18
18 47
18 35
16 18
16 17
16 39
16 46
11 30
10 30
6 10
10 15
10 39
36 40
15 40
39 40
2 40
34 36
36 39
36 47
21 36
6 36
33 36
34 39
6 34
34 47
34 38
29 38
38 39
35 38
11 31
31 33
29 31
15 33
33 47
33 35
21 33
27 28
19 27
17 27
27 29
2 27
2 49
2 29
2 19
2 6
2 47
29 49
11 49
15 49
6 21
6 35
6 39
7 35
7 11
7 39
11 29
11 17
11 21
11 15
12 39
12 15
12 21
21 28
19 21
21 47
15 21
24 47
19 24
24 37
15 24
37 47
28 47
17 47
3 9
9 32
9 39
9 19
9 28
9 29
29 35
17 29
37 48
4 37
37 39
35 37
17 37
15 37
4 19
4 17
17 32
17 28
17 19
15 17
28 32
28 39
19 28
15 44
0 44
19 44
19 35
15 19
15 42
0 15
15 35
20 39
20 35
20 23
20 42
0 20
39 42
35 42
23 42
0 42
0 45
23 39
23 35
0 23
22 35
0 35
35 39
0 8
0 39
0 13
