50 490
8 21
27 44
8 27
21 29
27 29
19 44
8 19
19 29
3 21
3 27
3 19
8 35
35 44
29 35
3 35
21 41
27 41
19 41
35 41
8 41
41 44
29 41
3 41
6 21
6 27
6 19
6 35
6 41
8 9
9 44
9 29
3 9
21 37
27 37
19 37
35 37
37 41
9 37
21 28
28 41
28 44
8 28
28 29
3 28
2 21
2 19
2 35
2 41
2 28
11 41
11 28
8 11
11 44
11 29
3 11
2 11
6 11
20 21
19 20
20 35
20 41
20 28
11 20
20 44
20 29
20 33
16 21
16 41
11 16
16 44
16 29
8 16
3 16
21 38
38 41
9 38
28 38
38 44
29 38
21 31
31 41
11 31
31 44
29 31
8 31
3 31
13 21
13 27
13 19
13 41
13 28
11 13
13 44
13 29
13 31
13 33
8 13
3 13
21 42
27 42
19 42
35 42
41 42
9 42
28 42
11 42
42 44
29 42
33 42
13 42
22 44
22 29
22 31
16 22
8 22
3 22
22 48
29 40
16 40
8 26
3 26
26 40
7 21
7 27
7 35
7 41
7 28
7 11
7 44
7 29
7 31
7 13
7 26
6 7
8 32
21 36
36 41
36 44
29 36
31 36
13 36
26 36
36 40
32 36
17 31
17 33
17 26
17 40
6 17
8 17
17 48
17 38
0 17
23 26
23 40
17 23
7 23
21 24
24 41
9 24
24 28
24 44
24 29
24 31
13 24
16 24
21 46
27 46
19 46
35 46
41 46
9 46
28 46
11 46
44 46
29 46
31 46
33 46
26 46
8 46
3 46
21 39
27 39
19 39
39 41
28 39
11 39
39 44
29 39
31 39
13 39
16 39
39 46
32 39
17 39
21 25
25 27
25 35
25 41
25 28
11 25
25 44
25 29
25 33
13 25
22 25
25 46
6 25
18 44
18 29
18 33
13 18
18 26
18 46
18 32
17 18
8 18
22 45
40 45
32 45
18 45
24 45
45 48
3 45
39 45
10 16
6 10
10 32
7 10
10 24
10 42
10 45
10 37
30 33
16 30
22 30
30 46
6 30
18 30
30 42
42 47
47 48
2 47
30 47
11 12
12 44
12 33
12 16
12 22
12 40
6 12
12 18
12 14
12 47
3 12
12 36
12 39
2 12
12 25
21 43
41 43
28 43
43 44
29 43
13 43
26 43
43 46
32 43
24 43
14 43
43 48
43 45
37 43
30 43
20 43
25 43
10 43
12 43
5 21
5 27
5 19
5 35
5 41
5 9
5 28
5 11
5 44
5 29
5 31
5 13
5 22
5 46
5 32
5 7
5 14
5 48
5 45
5 36
5 39
2 5
5 10
5 43
15 16
15 46
15 17
15 18
15 24
15 42
3 15
15 37
1 21
1 41
1 9
1 28
1 44
1 29
1 31
1 33
1 22
1 40
1 6
1 17
1 42
1 3
1 45
1 37
1 39
34 38
34 39
1 34
4 44
4 13
4 16
4 40
4 6
4 7
4 42
3 4
4 38
4 45
4 34
2 4
4 25
4 10
4 5
0 4
23 34
0 34
32 49
18 49
14 49
47 49
38 49
36 49
30 49
34 49
23 49
12 49
8 49
0 49
25 34
1 15
1 30
1 20
1 25
15 20
15 23
12 15
8 15
5 15
3 47
39 47
0 47
8 47
3 30
30 37
0 30
8 30
10 30
2 10
10 25
25 45
18 38
0 18
18 25
3 18
14 25
25 48
25 39
14 39
8 14
14 36
0 39
2 39
24 46
38 46
42 46
2 46
6 24
7 24
8 24
24 37
20 24
23 24
0 24
24 38
23 42
3 23
23 36
20 23
8 23
0 23
2 17
17 36
36 48
36 38
36 37
2 36
20 36
20 32
7 32
32 42
7 8
7 37
7 48
7 42
2 7
7 20
6 26
20 26
8 40
37 40
3 40
40 48
6 40
0 40
42 48
37 48
20 48
38 48
22 42
22 37
0 22
20 22
22 38
2 42
3 42
6 13
13 37
31 38
2 31
31 37
16 38
2 38
0 38
20 38
8 38
16 20
0 16
2 16
2 20
8 20
11 37
2 44
2 29
2 33
6 28
28 37
37 44
29 37
6 37
3 37
8 37
6 9
6 44
6 29
6 33
6 8
3 6
3 44
3 29
3 33
29 44
8 29
8 44
8 33
0 8
21 44
33 44
0 33
