50 490
6 18
6 14
0 14
18 31
14 31
6 26
0 26
26 31
6 48
0 48
18 48
14 48
26 48
6 28
0 28
28 31
28 48
4 18
4 14
4 26
4 28
6 35
0 35
31 35
35 48
4 35
6 42
42 48
18 42
14 42
26 42
35 42
28 42
6 41
0 41
31 41
41 48
4 41
41 42
2 18
2 14
2 26
2 28
2 35
2 41
6 15
0 15
15 31
15 48
4 15
15 42
2 15
6 10
10 48
10 18
10 14
10 26
10 28
10 35
10 15
10 41
6 21
0 21
21 31
21 48
4 21
21 42
2 21
10 21
18 20
14 20
20 26
20 35
20 28
15 20
20 41
6 45
0 45
31 45
45 48
4 45
42 45
2 45
10 45
20 45
18 45
14 45
26 45
35 45
28 45
15 45
41 45
6 36
36 42
20 36
36 45
6 24
0 24
24 48
4 24
24 42
2 24
10 24
24 45
18 24
14 24
24 26
24 28
24 35
24 41
15 24
10 19
19 24
19 37
6 29
29 48
2 29
24 29
10 23
23 45
18 23
14 23
23 26
23 35
23 28
23 41
15 23
6 27
0 27
27 31
27 48
4 27
27 42
2 27
10 27
20 27
27 45
23 27
18 25
14 25
25 26
25 28
25 35
6 22
22 48
2 22
20 22
22 23
22 25
6 39
0 39
31 39
39 48
4 39
39 42
2 39
39 45
37 39
29 39
18 39
14 39
26 39
28 39
6 8
8 48
4 8
8 42
8 20
8 45
8 23
8 37
8 39
8 21
8 26
6 44
44 48
10 44
44 45
24 44
29 44
41 44
6 34
34 48
34 42
20 34
34 37
29 34
18 34
14 34
26 34
34 36
34 35
13 39
13 34
13 44
13 27
7 10
7 45
7 23
7 29
7 41
7 21
7 26
41 43
21 43
43 44
22 43
18 43
26 38
38 43
44 46
22 46
43 46
18 46
6 49
0 49
31 49
48 49
4 49
42 49
2 49
10 49
20 49
24 49
37 49
29 49
39 49
21 49
1 18
1 14
12 23
12 37
12 39
1 12
12 44
12 22
12 43
12 18
12 35
6 9
9 48
9 42
2 9
9 20
9 45
9 23
9 25
9 39
9 21
9 26
9 44
9 12
9 19
9 28
17 41
17 34
1 17
17 43
7 17
17 19
11 39
11 34
11 26
11 22
11 46
7 11
11 17
32 46
19 32
28 32
32 38
1 3
3 27
3 12
43 47
19 47
28 47
18 47
15 47
36 47
47 49
10 33
33 45
24 33
33 41
33 39
33 34
33 44
22 33
12 33
33 47
28 33
11 33
9 33
14 33
33 38
2 40
24 40
37 40
29 40
40 41
34 40
1 40
22 40
7 40
19 40
28 40
17 40
8 40
35 40
33 40
15 40
18 40
40 49
1 30
27 30
30 43
7 30
28 30
30 32
9 30
30 35
30 33
15 30
5 26
5 27
5 12
5 7
5 17
5 32
5 11
5 14
5 38
3 5
5 30
5 18
6 16
16 48
16 42
2 16
10 16
16 24
16 23
16 29
16 39
16 21
16 26
16 22
16 46
16 19
13 16
11 16
9 16
16 35
16 38
3 16
16 30
16 36
3 33
3 47
13 47
3 28
3 32
3 9
3 35
3 49
18 32
8 32
11 32
11 36
11 15
11 49
17 18
14 17
17 35
9 17
17 49
9 18
9 36
12 14
12 36
12 15
1 26
1 22
1 28
1 15
1 49
27 49
46 49
13 49
14 49
15 49
36 49
7 46
19 46
38 46
8 46
7 38
13 38
8 38
14 38
36 38
14 43
7 43
28 43
7 18
7 13
7 14
8 13
13 15
13 14
13 36
13 28
22 34
27 34
28 34
34 44
26 44
18 44
14 44
35 44
19 44
8 44
8 19
8 35
8 14
8 15
8 18
22 39
15 39
22 27
18 22
22 35
22 28
25 27
21 25
25 41
27 41
26 27
18 27
14 27
19 27
27 36
15 27
21 23
23 29
18 29
14 29
26 29
28 29
29 35
19 29
15 29
29 36
19 41
19 21
18 19
19 35
21 24
24 37
18 37
14 37
26 37
28 37
35 37
37 41
15 37
36 37
21 36
26 36
14 36
18 36
20 21
21 41
18 21
14 21
21 26
15 21
21 35
15 35
15 18
18 41
14 41
26 41
35 41
28 41
28 35
18 26
14 26
0 18
