50 367
11 28
11 25
16 28
16 25
8 28
8 16
8 11
23 28
23 25
8 23
23 33
3 11
3 16
3 23
24 28
24 25
8 24
24 33
3 24
33 35
16 35
11 35
23 35
28 32
25 32
8 32
32 33
3 32
32 35
16 20
11 20
20 23
28 42
25 42
8 42
33 42
3 42
35 42
20 42
11 44
16 44
23 44
24 44
28 41
25 41
8 41
33 41
3 41
35 41
20 41
41 44
41 42
6 8
6 33
6 42
6 11
6 16
6 23
6 41
10 28
8 10
10 33
3 10
10 35
10 20
10 42
6 10
10 49
20 31
31 32
11 31
16 31
23 31
33 38
3 38
35 38
31 38
9 42
6 9
9 11
9 16
9 23
7 9
26 31
11 26
16 26
42 47
32 47
2 11
2 16
2 23
2 47
2 24
2 41
2 38
42 43
32 43
31 43
2 43
21 49
21 26
9 19
19 26
19 21
19 43
28 45
8 45
33 45
3 45
42 45
32 45
9 45
26 45
11 45
45 47
45 48
28 36
33 36
36 42
6 36
31 36
22 36
7 36
36 47
36 48
10 36
17 28
8 17
17 33
3 17
17 35
17 20
17 42
17 32
17 49
17 22
11 17
7 17
17 43
13 35
13 32
13 49
13 22
13 21
13 43
13 41
13 15
10 15
15 17
0 15
15 19
28 30
8 30
30 33
3 30
30 35
6 30
30 49
22 30
11 30
30 47
30 43
13 30
30 38
15 30
12 32
6 12
12 31
12 22
12 21
12 47
12 45
14 33
14 35
14 44
14 32
9 14
14 22
7 14
14 47
14 43
11 34
7 34
34 48
14 34
34 38
27 32
6 27
9 27
22 27
7 27
27 47
27 43
13 27
17 27
27 36
16 27
12 27
5 44
5 31
5 49
2 5
5 11
4 8
4 33
4 44
4 6
4 9
4 26
4 21
4 47
4 41
4 38
4 16
4 24
1 49
1 22
1 11
1 4
1 45
1 10
1 38
18 36
18 23
39 43
13 39
17 39
18 39
12 39
24 39
16 39
23 39
1 18
18 41
18 24
42 46
6 46
31 46
26 46
11 46
46 47
45 46
10 46
38 46
15 46
1 46
24 46
23 46
8 37
33 37
37 42
31 37
37 49
26 37
21 37
37 47
37 45
14 37
36 37
15 37
37 46
16 37
0 37
1 37
1 23
29 43
13 29
17 29
29 36
29 34
1 29
29 41
29 30
4 23
0 4
4 5
5 48
5 14
5 38
5 27
5 34
5 19
5 41
5 30
27 34
0 34
34 41
14 23
12 14
14 38
14 24
12 40
24 40
16 40
0 40
12 30
12 16
12 19
19 30
13 17
0 13
17 36
17 23
19 36
0 48
10 48
16 48
38 48
23 45
19 45
24 45
10 19
19 24
21 24
21 43
10 21
21 47
21 41
7 43
0 2
26 47
7 26
23 26
7 11
7 16
0 7
7 10
9 38
9 41
9 24
11 38
38 41
22 31
16 22
11 22
10 22
10 16
10 41
6 24
24 41
32 44
42 44
11 42
16 42
23 42
20 32
20 24
16 32
11 32
23 32
24 32
32 49
24 35
23 49
11 23
0 23
8 33
16 33
16 49
11 16
0 16
25 33
11 33
11 49
28 33
33 49
0 49
