50 612
3 4
3 17
4 23
17 23
3 23
4 44
17 44
23 44
17 29
23 29
3 29
29 44
4 26
17 26
23 26
26 29
4 40
17 40
23 40
29 40
3 40
40 44
26 40
4 9
9 17
9 23
9 29
9 40
4 49
40 49
3 49
44 49
26 49
9 49
4 47
17 47
23 47
29 47
40 47
47 49
13 40
3 13
13 44
9 13
13 26
4 38
17 38
23 38
29 38
38 40
38 49
13 38
38 44
33 40
13 33
3 33
26 33
9 33
33 47
33 38
12 33
3 32
26 32
9 32
32 47
32 38
4 24
17 24
23 24
24 29
24 40
24 49
13 24
24 44
30 33
3 30
26 30
9 30
30 47
30 38
24 30
4 11
11 17
11 23
11 29
11 49
11 13
11 30
40 45
13 45
44 45
40 42
13 42
30 42
3 42
26 42
9 42
4 6
6 23
6 40
6 13
6 44
6 42
4 14
14 23
14 40
14 44
14 33
14 30
3 14
14 26
9 14
14 24
6 14
19 33
19 42
14 19
4 39
17 39
23 39
29 39
39 40
39 44
33 39
32 39
14 39
3 39
26 39
9 39
0 39
31 39
8 30
8 32
8 45
8 39
3 8
21 23
21 29
21 49
21 44
21 30
21 32
14 21
8 21
17 48
29 48
48 49
44 48
33 48
42 48
14 48
8 48
4 18
18 23
18 49
13 18
18 33
18 30
18 45
4 28
23 28
28 49
28 44
28 33
28 45
14 28
8 28
3 28
0 28
16 23
16 29
16 49
13 16
16 30
16 42
14 16
16 28
16 48
4 41
17 41
23 41
29 41
40 41
41 49
13 41
41 44
33 41
41 42
41 45
28 41
18 41
3 41
31 41
10 18
10 41
4 7
7 17
7 23
7 29
7 40
7 49
7 13
7 44
7 33
7 42
7 14
7 28
7 18
7 41
3 7
7 10
5 18
5 21
5 7
3 5
4 25
17 25
23 25
25 29
25 40
25 49
13 25
25 44
25 30
25 42
14 25
8 25
25 48
21 25
17 46
40 46
46 49
44 46
30 46
42 46
45 46
39 46
28 46
41 46
3 46
22 40
22 44
22 33
22 32
22 45
22 28
18 22
22 41
22 46
4 36
17 36
23 36
29 36
36 40
36 49
13 36
36 44
30 36
36 45
36 39
8 36
28 36
21 36
7 36
3 36
24 36
4 20
17 20
20 23
20 29
20 40
20 49
13 20
20 44
20 33
20 42
14 20
8 20
18 20
20 41
20 46
20 36
10 20
0 20
20 31
20 26
12 20
37 40
37 44
33 37
37 45
14 37
8 37
18 37
37 48
7 37
36 37
10 37
37 47
20 37
37 38
33 35
32 35
35 45
8 35
28 35
35 41
35 46
5 35
10 35
35 47
3 35
17 27
27 29
27 40
27 44
27 30
27 32
27 39
8 27
27 28
27 41
7 27
27 36
5 27
3 27
27 38
25 27
15 44
15 42
15 45
15 39
15 28
15 48
15 21
15 46
0 15
15 47
15 27
15 16
15 35
4 43
17 43
23 43
29 43
40 43
43 49
13 43
43 44
30 43
42 43
14 43
39 43
18 43
21 43
43 46
36 43
5 43
3 43
27 43
38 43
1 40
1 44
1 30
1 32
1 45
1 39
1 18
1 48
1 21
1 46
0 1
1 3
1 20
1 27
1 16
2 45
2 39
2 28
2 48
2 7
2 5
2 10
2 47
2 3
2 16
1 2
2 26
2 43
2 22
2 19
2 6
2 9
2 31
1 22
1 26
1 9
4 34
17 34
23 34
29 34
34 40
34 49
13 34
34 44
33 34
34 42
14 34
8 34
18 34
21 34
34 46
5 34
0 34
3 34
27 34
34 38
1 34
34 43
12 34
24 34
9 34
22 34
34 37
25 34
1 12
1 43
26 43
9 43
15 43
25 43
11 43
12 15
15 24
11 15
15 37
15 31
15 25
6 27
27 31
24 27
27 35
31 35
35 37
25 35
24 35
12 35
6 35
22 35
26 37
12 37
24 37
22 37
19 37
16 20
11 20
9 20
6 20
19 20
19 36
22 36
11 36
31 36
9 36
16 36
26 36
10 22
0 22
3 22
16 22
22 24
22 31
22 25
6 46
11 46
24 46
25 46
16 46
46 47
5 25
0 25
25 47
25 38
24 25
9 25
6 25
5 38
5 10
5 12
5 6
0 5
5 9
7 26
7 38
7 9
7 19
7 31
7 12
7 47
3 10
10 24
10 31
10 26
10 19
10 12
10 38
16 41
41 47
19 41
0 41
21 41
26 41
0 16
16 47
16 38
16 26
16 19
6 16
11 16
24 28
18 28
9 28
12 28
3 18
18 26
18 48
18 47
9 18
18 24
3 48
0 48
11 48
31 48
38 48
6 48
21 48
19 48
12 48
3 21
6 21
21 38
9 21
21 24
11 21
0 21
8 47
8 11
8 26
8 31
6 8
3 31
26 31
12 31
11 31
19 31
11 39
38 39
19 39
12 39
3 19
19 38
19 26
12 19
11 19
6 19
14 47
0 6
6 47
6 24
6 9
6 11
38 42
42 47
42 45
0 42
3 45
9 45
26 45
11 45
12 45
38 45
0 11
11 47
11 38
11 26
9 11
24 32
24 47
3 24
24 26
12 32
3 12
12 38
9 12
0 38
9 38
13 47
44 47
0 47
3 47
26 47
0 49
9 44
3 9
0 40
26 44
0 29
3 44
0 44
0 3
4 17
0 17
