50 612
6 23
23 26
6 22
22 26
23 49
22 49
6 31
26 31
31 49
6 36
26 36
36 49
22 36
23 36
31 36
6 32
26 32
32 49
32 36
5 32
14 23
14 22
14 31
14 32
6 29
26 29
29 49
29 36
5 29
14 29
4 23
4 22
4 31
4 32
6 41
26 41
41 49
36 41
5 41
14 41
4 41
4 11
11 22
11 23
11 31
11 32
2 6
2 26
2 49
2 36
2 5
2 14
2 4
2 11
6 27
26 27
27 49
27 36
5 27
4 27
23 27
22 27
27 31
27 32
7 36
7 14
7 27
22 24
23 24
24 31
24 32
2 24
24 29
7 24
6 21
21 26
21 49
21 36
5 21
4 21
11 21
21 24
12 24
12 23
12 22
12 31
12 32
1 12
6 39
26 39
39 49
36 39
5 39
14 39
4 39
11 39
27 39
24 39
12 39
23 39
22 39
31 39
32 39
6 28
26 28
28 49
28 36
5 28
14 28
11 28
27 28
2 28
28 39
17 28
23 28
22 28
28 31
6 8
8 26
8 49
8 36
5 8
4 8
8 11
8 27
8 24
8 12
8 28
23 43
22 43
31 43
41 43
6 48
26 48
48 49
36 48
5 48
14 48
4 48
11 48
27 48
24 48
12 48
17 48
28 48
43 48
8 48
22 48
2 30
30 39
17 30
28 30
21 30
2 46
39 46
17 46
43 46
21 46
30 46
36 38
4 38
11 38
24 38
2 38
38 39
17 38
38 43
8 38
30 38
2 35
17 35
23 35
22 35
31 35
29 35
6 19
19 26
19 49
19 36
5 19
4 19
19 27
19 24
2 19
12 19
19 35
19 28
8 19
19 22
6 10
10 26
10 49
10 36
5 10
10 14
4 10
10 24
2 10
10 39
10 17
10 43
8 10
10 22
10 38
7 10
17 25
25 28
5 9
9 14
9 27
9 24
2 9
9 39
9 35
9 28
8 9
9 23
9 22
6 47
26 47
47 49
36 47
5 47
14 47
27 47
24 47
12 47
39 47
35 47
21 47
9 47
30 47
38 47
10 47
29 47
8 40
22 40
30 40
19 40
20 21
20 22
20 30
20 29
6 45
26 45
36 45
5 45
14 45
4 45
11 45
27 45
2 45
12 45
17 45
28 45
8 45
9 45
38 45
19 45
20 45
40 45
34 35
28 34
8 34
30 34
34 38
19 34
29 34
21 37
30 37
10 37
29 37
20 37
37 46
0 37
6 13
13 26
5 13
13 14
11 13
13 27
2 13
12 13
13 35
13 28
9 13
13 22
10 13
13 19
13 20
13 37
13 34
13 47
2 18
18 39
18 28
18 43
9 18
18 22
18 30
18 19
18 29
18 40
18 34
0 18
18 32
1 18
33 36
4 33
11 33
27 33
12 33
33 39
33 35
21 33
8 33
30 33
33 38
10 33
33 46
33 37
0 33
33 47
18 33
6 15
15 26
15 49
15 36
5 15
4 15
11 15
15 27
12 15
15 17
15 35
15 21
8 15
9 15
15 38
15 19
15 20
15 46
0 15
15 45
15 47
15 23
7 15
15 25
15 33
15 41
3 15
6 44
26 44
44 49
36 44
5 44
14 44
11 44
27 44
2 44
12 44
35 44
21 44
8 44
22 44
30 44
10 44
44 46
37 44
34 44
0 44
18 44
15 44
3 44
31 44
6 16
16 26
16 49
16 36
5 16
14 16
4 16
11 16
16 27
16 24
2 16
16 39
16 35
16 43
16 21
9 16
16 38
16 19
16 46
16 37
16 40
16 47
13 16
6 42
36 42
5 42
14 42
11 42
27 42
12 42
39 42
35 42
21 42
9 42
22 42
38 42
10 42
20 42
42 46
40 42
42 47
18 42
13 42
16 42
1 42
32 42
31 42
25 42
42 48
3 16
16 25
16 44
16 33
16 41
16 23
33 44
41 44
32 44
33 48
25 33
23 33
32 33
13 18
7 18
18 41
13 25
13 23
13 31
3 13
13 48
37 40
34 37
37 41
23 37
32 37
31 34
3 34
34 45
34 47
1 34
0 34
32 34
0 45
23 45
45 48
3 45
45 47
41 45
25 45
32 45
3 20
1 20
20 25
20 40
20 48
7 20
0 20
1 40
25 40
3 40
40 47
7 40
40 41
31 47
7 47
47 48
9 41
9 29
1 9
9 25
7 9
9 32
22 25
10 25
25 29
0 25
3 25
7 25
1 25
10 31
10 19
10 29
10 23
10 48
19 46
19 32
19 31
19 41
19 29
7 19
3 35
32 35
21 35
7 35
3 28
3 21
3 30
3 38
3 29
3 32
3 23
1 3
1 38
32 38
23 38
38 46
0 38
29 46
23 46
32 46
7 46
46 48
31 46
7 30
23 30
30 41
30 48
0 48
41 48
7 48
1 48
31 48
8 43
0 43
8 23
8 22
8 32
8 31
0 8
21 28
28 29
7 28
1 39
21 39
39 41
17 39
1 17
1 21
1 22
1 29
0 1
1 23
1 7
1 41
12 17
12 21
12 29
21 23
21 22
21 32
21 31
24 41
17 24
2 7
7 17
7 31
7 32
7 41
2 27
27 29
27 41
2 22
2 23
2 31
2 32
2 29
2 41
11 41
11 29
11 17
17 41
22 41
29 41
31 41
4 29
22 29
0 29
29 31
14 17
17 32
31 32
23 32
5 36
5 31
17 31
22 31
23 31
5 22
17 22
22 23
0 22
5 23
17 23
0 23
5 6
5 17
0 17
