50 245
4 29
4 17
17 31
0 17
29 45
17 45
23 45
4 44
31 44
0 44
44 45
17 44
23 44
29 44
4 41
31 41
0 41
17 41
23 25
25 29
4 15
15 31
0 15
15 17
15 25
15 44
15 35
3 17
3 44
3 35
2 4
2 31
0 2
2 17
2 25
2 44
2 43
2 26
4 13
13 31
0 13
13 17
13 25
13 44
13 35
7 17
25 47
47 49
35 47
24 41
24 38
24 47
19 25
19 44
19 35
19 24
3 42
39 42
39 43
39 48
11 13
11 38
4 14
14 49
2 14
14 26
14 37
2 6
6 26
6 37
6 10
17 22
22 25
13 22
22 24
7 22
1 17
1 44
1 2
1 13
1 22
1 29
21 22
1 21
21 23
1 8
22 33
10 33
4 18
17 18
18 25
18 44
18 49
18 24
18 38
18 43
5 17
5 49
2 5
5 26
5 22
5 43
5 18
20 49
13 20
20 38
1 20
20 23
11 20
5 20
22 34
29 34
18 34
20 34
21 34
3 34
9 12
6 9
5 9
27 35
13 27
27 38
10 27
23 27
8 27
18 36
8 36
32 36
27 32
12 40
16 40
6 40
15 40
32 40
33 40
11 32
36 41
19 36
27 36
27 41
9 27
9 34
9 41
11 34
20 39
15 20
5 7
37 46
10 46
23 46
16 46
5 46
46 47
17 30
30 44
2 30
13 30
30 42
29 30
1 30
6 30
21 30
30 47
19 30
30 46
33 46
5 11
16 18
7 18
12 18
14 16
15 16
16 33
8 33
15 28
28 33
28 47
28 39
3 33
8 21
3 8
3 21
21 39
1 3
1 23
12 22
22 43
12 43
12 19
6 12
12 41
6 14
6 47
10 14
10 15
7 14
14 41
14 19
14 47
11 37
11 29
11 48
3 11
15 39
7 39
23 42
41 42
19 42
19 29
15 19
7 19
38 47
43 47
23 47
29 49
7 49
23 49
7 13
7 26
7 29
7 41
13 29
13 26
23 26
26 29
26 43
15 26
41 43
23 43
2 23
2 38
2 41
3 38
15 38
29 38
3 29
25 41
41 44
17 29
17 23
23 31
29 31
0 29
4 23
0 23
