60 177
22 50
22 30
50 53
51 53
43 50
43 51
43 45
11 22
11 53
11 58
28 30
7 22
7 53
7 43
7 28
17 44
18 44
2 43
2 18
2 3
12 22
12 53
12 43
12 18
4 12
15 52
15 55
32 55
9 16
9 57
4 9
38 43
31 38
12 38
38 57
9 38
14 43
14 28
3 14
14 45
4 14
11 14
35 56
35 51
35 38
20 53
20 58
20 29
20 55
20 45
20 25
25 33
29 42
42 45
12 34
23 34
22 27
27 53
27 49
27 58
18 27
27 32
27 41
11 27
27 44
10 15
8 15
8 11
8 10
8 50
8 44
8 33
10 13
10 11
10 42
5 15
5 32
5 34
5 47
5 10
21 26
36 45
36 37
37 42
21 36
3 59
23 59
41 59
47 59
25 59
36 59
5 26
0 13
11 13
13 54
7 54
27 54
30 54
7 41
34 41
34 42
34 50
25 42
20 52
20 48
48 51
2 19
19 48
35 48
40 56
14 40
0 40
40 50
14 38
30 38
2 9
9 44
16 47
11 16
16 30
47 55
12 46
23 46
24 46
7 46
0 46
1 46
1 50
24 51
24 33
24 47
33 47
45 55
52 55
51 52
2 52
44 52
15 29
29 51
29 50
29 57
7 57
4 57
30 57
4 39
7 39
39 50
30 39
4 30
12 33
12 32
2 32
0 32
6 44
2 6
3 44
3 45
0 3
17 18
18 31
0 18
18 23
7 23
23 51
11 28
33 58
50 58
30 58
31 33
0 33
31 45
31 51
31 50
49 51
30 53
49 50
0 49
