60 708
2 45
2 58
32 45
32 58
32 36
2 56
45 59
58 59
36 59
56 59
5 36
2 5
5 32
5 59
25 45
25 58
25 36
25 56
5 25
2 27
27 32
27 59
25 27
40 45
40 58
36 40
40 56
5 40
27 40
2 21
21 59
21 32
21 25
43 45
43 58
36 43
43 56
5 43
27 43
21 43
17 21
2 17
17 59
17 32
17 25
17 43
45 49
49 58
36 49
49 56
5 49
27 49
21 49
17 49
2 24
24 59
24 32
24 25
24 49
30 45
30 58
30 36
30 56
5 30
27 30
21 30
17 30
24 30
2 42
32 42
42 59
25 42
13 45
13 58
13 36
13 56
5 13
13 27
13 21
13 17
13 24
13 42
14 45
14 36
14 56
5 14
14 27
14 42
2 14
14 59
14 32
14 25
14 30
13 14
14 49
14 43
14 40
10 45
10 58
10 36
10 56
5 10
10 27
10 21
10 17
10 24
10 42
10 14
2 7
7 32
7 59
7 25
7 13
7 40
7 30
7 49
7 43
7 10
45 47
47 58
36 47
47 56
5 47
14 47
7 47
2 47
47 59
32 47
25 47
13 47
43 47
47 49
30 47
40 47
12 45
12 36
12 21
12 17
12 47
45 57
36 57
56 57
5 57
27 57
42 57
14 57
2 57
57 59
32 57
25 57
34 45
34 36
34 56
5 34
27 34
34 42
34 47
34 57
2 34
30 34
29 59
29 32
29 44
32 44
14 31
31 57
10 31
31 38
31 32
14 22
22 57
10 22
2 22
22 32
2 18
18 30
18 25
18 43
9 10
2 9
9 29
9 18
9 31
3 29
3 22
3 31
27 50
42 50
14 50
47 50
2 50
30 50
32 50
18 50
15 29
15 22
29 52
15 52
14 53
2 23
23 59
23 32
23 25
23 43
23 30
23 49
23 40
13 23
33 45
33 58
33 36
33 56
5 33
27 33
17 33
33 42
2 39
32 39
39 59
25 39
39 40
13 39
30 39
39 49
39 43
45 51
51 58
36 51
51 56
27 51
14 51
39 51
23 51
10 51
2 51
32 51
22 51
31 51
3 51
39 55
55 57
10 55
30 55
32 55
22 55
15 55
8 45
8 58
8 36
8 56
5 8
8 27
8 21
8 17
8 24
8 42
8 14
8 23
2 8
8 38
8 25
8 18
8 53
8 12
0 8
36 48
17 48
39 48
47 48
10 48
30 48
29 48
32 48
48 53
8 48
48 55
33 48
2 35
30 35
25 35
18 35
15 35
3 35
35 43
33 35
37 45
36 37
5 37
37 42
14 37
37 57
10 37
30 37
32 37
22 37
15 37
3 37
33 37
12 37
35 37
45 46
46 58
36 46
46 56
5 46
27 46
21 46
17 46
24 46
42 46
46 47
46 57
2 46
38 46
29 46
22 46
15 46
46 53
46 55
46 52
12 46
34 46
41 45
41 58
36 41
41 56
5 41
27 41
21 41
17 41
7 41
41 57
2 41
30 41
25 41
22 41
15 41
8 41
41 43
12 41
35 41
41 46
41 49
37 41
41 51
54 56
17 54
47 54
23 54
2 54
30 54
25 54
32 54
53 54
3 54
54 55
33 54
28 45
28 36
28 56
5 28
21 28
17 28
28 47
23 28
10 28
2 28
25 28
18 28
28 31
8 28
28 55
28 33
2 6
6 38
6 25
6 18
6 15
6 8
6 55
6 33
6 28
2 16
16 38
16 32
16 18
16 31
3 16
16 33
16 52
16 28
16 34
16 40
0 16
16 54
14 26
23 26
10 26
26 30
25 26
18 26
15 26
8 26
26 43
12 26
26 28
16 26
20 45
20 36
20 27
17 20
20 47
20 57
2 20
20 38
20 25
15 20
20 53
3 20
20 55
20 33
20 28
20 46
20 51
1 45
1 58
1 36
1 56
1 5
1 27
1 17
1 42
1 39
1 23
1 2
1 38
1 29
1 22
1 31
1 3
1 55
1 52
1 35
1 20
1 49
1 37
1 51
1 54
1 26
2 11
11 30
11 32
11 22
11 31
11 53
11 33
11 52
11 12
11 20
9 11
0 11
1 11
11 54
11 48
11 59
11 26
11 40
1 34
1 13
20 49
6 20
20 26
19 25
19 22
19 53
3 19
19 33
12 19
19 35
19 46
19 20
19 51
19 34
6 19
19 48
4 45
4 36
4 27
4 17
4 39
4 23
2 4
4 38
4 32
4 18
4 53
4 8
4 43
4 12
4 28
4 46
4 49
0 4
4 34
4 13
4 44
4 19
4 50
4 40
19 41
19 26
20 40
0 26
6 26
26 44
26 41
16 50
9 16
6 16
16 59
6 9
6 34
6 13
6 54
6 44
9 28
0 28
28 54
28 49
28 50
9 54
51 54
54 59
48 54
41 54
41 44
41 50
44 46
13 46
37 46
46 48
9 37
0 37
37 48
37 40
37 51
37 44
35 59
35 48
35 40
13 35
35 51
35 44
48 49
13 48
44 48
48 59
8 55
8 40
8 43
8 33
8 34
55 59
12 55
51 55
0 55
33 55
51 52
49 51
51 59
50 51
10 39
33 39
23 33
10 33
2 33
25 33
18 33
15 33
33 59
23 53
10 53
30 53
38 53
32 53
31 53
12 53
0 53
52 53
13 53
53 59
3 52
43 52
12 52
0 52
34 52
13 52
49 52
9 52
15 50
15 34
15 59
15 31
3 50
43 50
12 50
49 50
9 50
13 50
50 59
40 50
3 49
3 44
3 9
9 43
9 34
9 13
9 44
18 59
18 22
13 18
0 18
22 49
22 31
22 34
12 22
31 43
13 31
31 49
31 40
31 44
43 44
12 44
34 44
25 29
29 34
34 43
0 34
34 40
13 57
12 57
43 57
38 57
49 57
40 57
30 57
2 12
12 30
12 38
12 40
38 47
10 47
2 10
10 32
10 59
10 25
10 43
10 38
10 13
2 13
13 32
13 43
0 13
13 40
40 42
30 42
42 49
42 43
38 42
2 30
30 59
30 32
25 30
30 40
24 40
24 43
2 49
38 49
25 49
43 49
49 59
0 49
17 40
2 43
38 43
40 43
21 40
2 40
25 40
32 40
40 59
2 25
25 38
25 32
25 59
2 59
38 59
32 59
0 59
32 56
2 32
32 38
36 58
2 36
2 38
36 45
36 38
0 38
