60 708
4 22
4 43
22 41
41 43
41 44
4 9
9 41
19 22
19 43
19 44
9 19
0 19
4 28
28 41
19 28
8 22
8 43
8 44
8 9
0 8
8 28
22 42
42 44
0 42
4 42
41 42
19 42
22 31
31 43
31 44
9 31
0 31
31 42
4 31
31 41
19 31
8 31
1 22
1 43
1 44
1 9
0 1
1 28
1 42
1 31
4 34
34 41
19 34
10 22
10 43
10 44
9 10
0 10
10 28
10 42
10 31
10 34
16 22
16 43
16 44
9 16
0 16
16 42
16 31
16 34
4 16
16 41
16 19
1 16
14 22
14 43
14 44
9 14
0 14
14 28
14 42
14 31
14 34
14 16
4 17
17 41
17 19
7 22
7 43
7 44
7 9
0 7
7 28
7 42
7 31
7 34
7 16
7 17
4 7
7 41
7 19
18 22
18 43
18 44
9 18
0 18
18 42
18 31
18 34
16 18
7 18
22 55
44 55
0 55
42 55
31 55
34 55
16 55
7 55
4 55
41 55
19 55
10 55
38 55
4 32
32 41
19 32
10 32
31 57
17 57
55 57
32 57
19 57
22 37
37 43
37 44
9 37
0 37
37 42
31 37
34 37
16 37
7 37
14 37
4 53
41 53
37 53
18 53
21 44
21 42
21 31
17 21
14 21
21 53
22 26
26 44
0 26
26 31
26 34
17 26
14 26
26 32
4 26
26 41
2 55
2 26
2 37
6 31
6 16
6 55
6 53
6 19
4 6
6 41
25 55
25 53
25 26
6 25
30 34
7 30
14 30
30 53
26 30
30 37
4 30
30 41
16 23
17 23
23 55
14 23
19 23
22 33
33 43
33 44
9 33
0 33
28 33
33 42
31 33
33 34
16 33
17 33
7 33
33 55
33 53
19 33
33 37
4 33
33 41
10 33
19 58
33 58
14 59
32 59
26 59
37 59
30 59
4 59
41 59
16 50
7 50
50 55
32 50
19 50
6 50
50 59
31 56
7 56
55 56
53 56
19 56
37 56
33 56
4 56
41 56
11 22
11 44
11 34
7 11
11 55
11 14
11 26
11 37
11 33
11 56
11 21
11 38
26 47
6 47
30 47
47 56
21 47
10 47
4 47
41 47
29 44
29 42
29 31
7 29
14 29
29 53
19 29
6 29
29 59
29 58
1 29
29 47
33 36
1 36
36 38
22 49
43 49
44 49
9 49
0 49
42 49
31 49
34 49
16 49
17 49
49 55
14 49
37 49
6 49
33 49
49 56
21 49
10 49
4 49
41 49
27 59
27 58
27 38
27 49
12 19
6 12
12 59
12 56
12 21
10 12
4 12
12 41
15 31
7 15
14 15
15 53
15 26
15 33
15 30
15 58
15 21
10 15
12 15
13 22
13 44
0 13
13 42
13 31
13 34
13 16
13 17
13 55
13 53
13 26
13 37
13 33
13 58
1 13
13 49
13 47
13 36
4 13
13 27
13 41
3 22
3 44
0 3
3 42
3 31
3 7
3 55
3 32
3 37
3 6
3 30
3 56
3 38
3 10
3 36
3 13
22 48
43 48
44 48
9 48
0 48
28 48
42 48
31 48
34 48
16 48
17 48
7 48
14 48
32 48
19 48
6 48
33 48
48 59
1 48
10 48
12 48
36 48
2 48
25 48
3 48
4 48
39 44
39 42
16 39
7 39
14 39
39 53
19 39
33 39
39 59
39 56
21 39
10 39
39 47
13 39
39 48
21 35
10 35
12 35
35 57
2 35
35 48
52 55
14 52
37 52
6 52
52 59
52 58
1 52
10 52
47 52
52 57
4 52
23 52
41 52
29 52
22 24
24 44
24 42
24 31
16 24
17 24
14 24
24 53
24 26
6 24
24 30
24 56
1 24
10 24
12 24
24 57
24 52
24 48
24 35
20 30
20 58
20 21
20 38
20 47
20 36
20 52
20 35
20 27
20 50
4 20
20 29
20 54
20 39
11 20
20 24
24 25
24 54
8 24
24 50
26 51
6 51
30 51
51 58
38 51
47 51
12 51
51 57
2 51
26 45
37 45
45 59
45 56
21 45
45 49
12 45
45 57
2 45
23 45
18 45
5 16
5 17
5 14
5 53
5 19
5 33
5 30
5 59
1 5
5 10
5 12
5 36
2 5
5 45
5 18
5 41
5 8
5 23
5 54
4 5
5 50
5 29
29 45
45 50
3 45
45 51
15 45
25 45
18 51
22 46
43 46
44 46
9 46
0 46
42 46
31 46
34 46
16 46
7 46
46 55
46 53
19 46
6 46
30 46
46 58
38 46
46 49
36 46
46 57
2 46
35 46
18 46
46 51
3 46
27 46
23 46
15 46
8 46
41 46
25 51
51 54
24 51
23 51
3 51
39 51
3 24
18 52
11 52
52 54
15 52
35 54
4 54
35 40
15 40
25 40
40 54
29 40
3 40
11 40
27 40
39 54
23 54
35 41
35 39
4 35
18 39
25 39
27 39
11 39
29 39
11 48
8 48
27 48
3 18
3 25
3 50
3 8
13 50
2 13
13 29
13 15
8 13
15 18
15 25
8 15
15 50
15 41
15 29
12 27
2 12
8 12
2 27
4 27
27 41
11 27
23 27
49 50
49 57
25 49
36 49
8 49
18 49
4 36
18 36
36 41
29 36
36 50
36 57
11 29
29 50
29 41
11 47
47 57
25 47
23 47
11 57
11 18
11 25
11 23
50 56
8 56
10 56
2 56
38 56
1 50
2 50
4 50
41 50
58 59
8 59
57 59
10 59
4 58
41 58
18 58
23 58
57 58
21 58
1 58
23 33
18 33
21 33
23 30
21 23
23 38
2 23
4 23
8 23
25 30
2 30
30 38
1 30
1 25
25 38
25 57
18 25
6 21
6 8
2 6
1 2
2 38
2 8
19 26
1 26
21 26
26 37
8 26
4 21
21 41
10 21
21 38
1 53
4 37
37 41
18 37
37 57
1 37
37 38
38 57
4 57
18 57
8 32
32 38
19 38
4 38
38 41
18 55
18 19
1 18
7 10
7 8
7 14
1 7
1 17
14 17
10 17
8 17
4 14
14 41
14 19
8 14
1 14
10 16
8 16
10 19
4 10
10 41
8 34
1 34
1 4
1 41
1 8
8 42
4 8
8 41
4 19
19 41
0 41
4 41
4 44
0 4
22 44
0 44
