60 531
16 55
9 55
15 55
9 15
49 55
9 49
49 54
9 33
47 55
9 47
47 54
33 47
16 48
48 49
28 55
9 28
28 54
28 33
28 48
10 55
9 10
10 54
10 33
10 16
10 49
10 28
10 47
10 15
42 55
9 42
42 54
33 42
42 48
10 42
1 47
1 42
1 49
1 16
1 28
1 15
9 23
23 33
1 23
28 34
34 42
16 34
34 47
34 49
15 34
34 44
29 55
9 29
29 54
29 33
29 48
10 29
29 34
29 44
9 43
33 43
10 43
0 43
10 37
37 44
37 43
8 9
8 48
8 10
8 44
8 43
8 28
25 55
9 25
25 54
25 33
10 25
25 44
20 55
20 48
10 20
0 20
30 55
9 30
30 54
30 33
30 48
10 30
1 30
20 30
30 43
8 30
24 55
9 24
24 54
24 33
24 44
0 24
24 43
8 24
16 24
55 57
9 57
54 57
33 57
44 57
0 57
20 57
37 57
24 57
35 54
35 48
10 35
0 35
35 43
8 35
24 35
14 55
14 33
1 14
14 44
14 20
14 29
14 37
14 35
7 20
7 8
7 25
10 52
44 52
43 52
8 52
25 52
25 26
26 52
3 9
3 48
3 10
3 44
3 20
3 8
3 37
3 52
3 7
25 32
32 35
3 32
32 47
25 39
35 39
3 39
13 25
13 52
43 45
29 45
37 45
35 45
13 45
14 45
1 53
0 53
20 53
8 53
25 53
52 53
28 53
19 43
19 37
19 25
19 35
7 19
13 19
41 55
9 41
41 54
33 41
10 41
0 41
20 41
29 41
25 41
41 52
7 41
19 41
43 46
29 46
25 46
46 52
28 46
14 46
42 46
30 46
21 54
21 33
21 34
0 21
21 29
8 21
21 25
21 24
3 21
21 47
21 46
21 39
46 51
42 51
41 51
21 51
38 43
29 38
25 38
35 38
7 38
14 38
38 47
10 12
0 12
12 20
8 12
12 37
12 28
7 12
12 14
12 53
6 20
6 29
6 37
6 35
6 7
6 14
6 46
6 30
6 12
6 42
6 57
36 37
35 36
3 36
19 36
36 53
6 36
36 41
21 36
27 37
27 52
3 27
19 27
27 47
6 27
18 55
18 33
1 18
18 20
18 43
18 29
18 37
18 35
13 18
14 18
18 46
12 18
18 51
11 25
11 28
11 13
11 14
11 53
11 42
11 18
11 15
40 46
40 42
18 40
4 53
4 39
4 41
20 56
8 56
24 56
52 56
28 56
14 56
53 56
12 56
18 56
4 56
22 28
19 22
22 47
22 39
22 41
4 22
16 22
22 30
22 56
1 50
0 50
29 50
8 50
25 50
50 52
7 50
14 50
39 50
12 50
18 50
4 50
22 50
36 50
49 50
26 50
31 37
24 31
13 31
19 31
31 53
6 31
31 41
15 31
31 40
20 58
29 58
24 58
28 58
7 58
13 58
46 58
42 58
41 58
21 58
40 58
17 24
17 28
3 17
17 19
17 47
17 39
17 51
5 18
5 23
5 16
5 26
5 45
5 32
5 17
5 15
17 27
17 58
17 50
17 31
11 17
2 24
2 52
2 3
2 13
2 39
2 42
2 51
2 4
2 40
2 58
2 26
2 38
2 17
2 16
30 58
31 58
11 58
31 50
16 31
30 31
22 32
22 27
36 56
32 56
30 56
38 56
49 56
4 27
4 40
4 30
40 57
11 40
26 40
11 23
28 59
47 59
39 59
12 59
41 59
15 59
57 59
36 59
23 59
16 59
11 59
45 59
11 45
18 57
18 27
27 36
27 45
27 32
16 27
23 36
36 38
6 49
6 16
12 15
12 38
12 26
12 23
38 51
21 38
38 57
32 38
38 49
30 51
15 51
16 21
21 45
21 32
21 57
41 46
46 49
41 42
41 49
19 53
19 57
15 19
19 30
45 53
39 53
23 53
15 53
42 45
45 57
32 45
16 45
13 57
13 47
13 39
13 23
13 49
32 39
39 57
32 42
23 32
3 30
3 15
3 42
3 26
14 26
26 47
15 26
23 26
26 49
26 30
7 52
30 52
16 52
7 14
7 47
7 49
7 23
14 16
35 47
35 57
35 49
28 35
23 57
49 57
24 28
24 47
24 30
24 49
24 42
30 49
16 20
20 23
20 25
20 42
8 25
8 37
8 42
23 37
37 42
15 37
28 43
29 43
15 43
43 49
43 47
15 29
16 29
23 29
29 47
29 49
0 34
42 44
44 49
44 47
15 44
16 44
28 44
23 44
0 44
23 28
15 23
0 42
42 47
0 28
15 28
16 28
47 48
15 48
0 47
16 47
15 33
16 33
33 49
0 33
0 49
15 49
15 54
16 54
0 54
0 15
9 16
0 9
0 16
0 55
