60 708
8 59
0 59
8 58
58 59
8 13
13 59
0 13
8 20
20 59
13 20
8 56
56 59
13 56
0 56
20 56
56 58
8 22
22 59
13 22
22 56
8 38
38 59
13 38
38 56
0 38
20 38
38 58
22 38
8 51
51 59
13 51
51 56
38 51
11 59
11 13
11 56
11 38
0 11
11 58
11 20
11 22
11 51
8 9
9 59
9 13
9 56
9 38
9 11
0 46
46 58
20 46
22 46
46 51
9 46
8 18
18 59
13 18
18 56
18 38
11 18
18 46
8 27
27 59
13 27
27 56
27 38
11 27
27 46
0 27
22 27
20 27
27 58
27 51
9 27
18 27
4 59
4 56
4 46
4 27
8 30
30 59
13 30
30 56
30 38
11 30
30 46
21 59
13 21
11 21
0 21
21 58
20 21
21 22
21 51
9 21
18 21
35 59
21 35
31 59
31 56
31 38
31 46
0 31
22 31
31 58
20 31
31 51
9 31
18 31
31 35
48 59
13 48
11 48
21 48
31 48
57 59
0 57
22 57
57 58
20 57
9 57
51 57
35 57
12 59
12 57
26 59
13 26
26 56
26 38
26 46
21 26
26 31
26 30
0 26
20 26
26 58
22 26
26 51
26 48
25 26
41 59
41 56
11 41
27 41
21 41
41 57
26 41
35 41
0 41
1 9
1 41
1 25
14 59
14 27
14 21
14 57
14 26
14 48
28 59
28 30
9 28
28 35
0 28
9 39
35 39
28 39
14 39
47 59
47 56
11 47
27 47
31 47
47 57
9 47
35 47
28 47
22 47
7 59
7 57
0 19
19 22
19 20
19 58
15 59
13 15
15 56
15 21
15 31
15 57
15 19
15 48
15 28
0 2
19 49
35 49
25 49
2 49
5 59
5 13
5 56
5 38
5 11
5 27
5 31
5 9
5 19
5 48
5 25
5 14
5 7
5 49
17 41
14 17
5 17
17 39
1 17
0 17
8 55
55 59
13 55
55 56
38 55
11 55
46 55
27 55
31 55
55 57
26 55
48 55
28 55
22 55
47 55
4 55
8 10
10 59
10 13
10 56
10 11
10 27
10 31
10 30
9 10
10 48
10 28
10 14
10 47
10 39
28 40
22 40
40 47
39 40
4 40
50 59
13 50
50 56
38 50
46 50
27 50
31 50
50 57
19 50
48 50
41 50
14 50
7 50
5 50
40 50
0 50
12 50
7 32
32 39
4 32
0 32
12 32
37 59
37 57
19 37
37 41
28 37
14 37
2 37
37 39
10 37
0 37
12 37
32 37
37 51
15 37
17 37
24 59
24 30
24 48
24 41
24 28
2 24
7 24
5 24
4 24
52 59
9 52
19 52
35 52
28 52
22 52
47 52
5 52
40 52
16 59
13 16
16 56
16 38
16 46
16 27
16 21
9 16
16 26
16 41
16 25
16 22
16 47
5 16
16 40
16 52
12 16
16 32
16 51
7 53
4 53
40 53
52 53
12 53
7 23
4 23
23 40
23 52
23 53
44 59
13 44
44 56
38 44
11 44
21 44
31 44
30 44
9 44
35 44
41 44
14 44
2 44
4 44
10 44
1 44
44 55
8 54
54 59
13 54
54 56
38 54
11 54
46 54
27 54
30 54
9 54
26 54
41 54
28 54
22 54
7 54
5 54
10 54
52 54
54 55
44 54
23 54
33 54
36 59
27 36
21 36
30 36
9 36
36 48
25 36
14 36
2 36
5 36
10 36
1 36
12 36
36 55
8 29
29 59
13 29
29 56
11 29
27 29
21 29
29 30
29 48
29 35
25 29
14 29
2 29
5 29
10 29
0 29
29 53
29 44
15 29
29 50
29 36
29 49
20 29
29 33
17 29
18 29
36 58
16 36
25 45
22 45
7 45
4 45
10 45
45 52
12 45
44 45
23 45
33 45
36 45
20 45
8 42
42 59
13 42
42 56
38 42
11 42
42 46
27 42
30 42
9 42
19 42
41 42
28 42
22 42
42 47
5 42
40 42
1 42
42 55
32 42
42 51
33 42
42 58
42 45
42 54
43 59
13 43
43 56
38 43
11 43
27 43
21 43
30 43
26 43
43 48
25 43
22 43
43 47
39 43
10 43
0 43
43 53
32 43
43 51
43 58
36 43
43 45
42 43
18 43
20 43
26 34
34 41
28 34
22 34
34 47
4 34
10 34
0 34
34 53
34 44
34 51
33 34
17 34
24 34
16 34
18 34
20 34
34 43
42 49
3 59
3 13
3 56
3 38
3 46
3 21
3 31
3 57
3 26
3 48
3 25
3 22
2 3
3 39
3 10
1 3
3 53
3 32
3 51
3 15
3 58
3 45
3 24
3 42
3 50
3 37
45 54
36 54
36 50
20 36
16 54
20 54
50 54
23 44
17 44
15 44
6 59
6 13
6 56
6 38
6 11
6 21
6 31
6 30
6 26
6 35
6 28
6 22
6 47
5 6
6 40
6 52
6 55
6 44
6 23
6 15
6 17
6 18
6 24
6 50
6 16
6 49
44 49
23 58
23 24
23 50
17 23
18 23
33 53
53 58
15 53
53 55
32 33
15 33
16 33
20 33
16 49
16 37
20 52
0 52
51 52
12 52
24 52
12 24
24 32
15 24
17 24
24 37
18 24
37 49
37 50
32 50
32 58
49 50
15 40
12 40
18 40
10 40
1 10
10 55
0 55
49 55
17 55
20 55
51 55
17 58
17 49
5 15
5 58
39 49
4 49
0 49
15 49
2 4
2 15
2 20
2 18
7 15
1 15
15 58
7 19
7 35
7 25
7 14
0 7
7 12
7 51
7 47
1 7
39 47
0 47
47 58
4 47
1 39
20 39
0 39
39 51
4 39
14 28
4 28
0 14
12 14
1 14
14 51
14 58
0 1
1 58
1 51
1 20
1 18
41 58
22 41
20 41
25 41
12 41
0 25
25 58
18 25
25 51
20 25
22 25
18 26
12 26
12 35
4 12
12 51
12 18
48 57
4 57
0 48
20 48
48 58
22 48
48 51
18 48
30 31
9 35
0 35
35 58
22 35
20 35
35 51
4 35
21 30
0 30
30 58
20 30
22 30
9 30
30 51
4 30
18 30
4 9
4 18
9 18
18 22
18 51
18 58
18 20
0 9
9 58
9 20
9 22
9 51
20 51
0 22
20 22
13 58
0 58
0 8
