60 354
11 58
27 58
52 58
11 52
34 58
34 52
11 18
18 34
18 27
46 58
46 52
18 46
6 11
6 46
6 34
6 27
45 58
45 52
6 45
11 28
27 28
28 46
28 34
12 58
12 52
12 18
12 28
3 11
3 34
47 58
47 52
6 47
11 19
19 34
19 27
19 46
19 47
55 58
52 55
18 55
19 55
3 55
40 55
15 58
15 52
21 58
21 52
13 21
22 52
22 35
58 59
52 59
18 59
6 59
0 59
13 59
57 59
54 57
2 54
27 54
51 52
40 51
0 17
36 52
1 36
36 57
3 10
10 40
5 10
13 31
31 35
31 57
2 31
15 31
0 32
1 32
32 37
31 32
27 32
3 24
24 35
5 24
25 37
49 58
40 49
37 49
25 49
31 49
49 51
24 49
16 57
16 25
12 16
16 51
16 24
14 57
2 14
14 31
12 14
14 46
14 21
14 54
0 30
1 30
30 37
25 30
27 30
4 30
30 55
14 30
30 32
30 45
20 23
26 46
7 27
7 12
7 24
7 34
7 26
46 50
7 50
20 50
27 56
51 56
10 56
29 46
29 59
29 56
29 47
17 29
24 41
16 41
29 41
22 39
39 56
42 58
42 52
3 42
13 42
37 42
31 42
36 42
12 42
24 42
14 42
34 42
39 42
23 48
17 48
42 48
41 48
38 58
38 52
18 38
6 38
0 38
38 40
38 57
25 38
27 38
10 38
38 55
14 38
29 38
17 38
38 48
53 58
52 53
13 53
35 53
37 53
25 53
36 53
12 53
24 53
7 53
22 53
20 53
53 59
41 53
38 53
26 53
33 36
33 51
33 46
16 33
33 34
33 45
33 47
8 20
8 56
8 42
8 11
8 33
34 44
17 44
44 54
8 44
41 44
11 44
33 38
33 41
15 38
11 48
26 42
42 43
39 41
26 39
39 54
29 54
32 56
17 56
43 56
50 56
50 59
21 50
30 50
9 27
9 12
9 24
7 9
9 34
9 54
9 59
9 50
9 30
9 15
7 22
7 17
20 26
11 26
26 49
20 59
23 43
22 23
23 34
15 23
15 43
21 43
30 43
30 49
14 16
11 14
15 16
16 32
16 45
16 49
32 49
45 49
47 49
21 49
25 55
21 25
12 25
24 25
11 25
25 27
24 31
4 24
22 24
4 32
4 55
32 55
32 34
32 59
32 45
10 31
31 45
12 31
22 31
10 36
10 45
10 11
10 34
10 15
10 47
10 17
10 59
5 15
5 55
5 36
5 46
5 34
5 17
11 36
15 36
17 36
36 59
36 51
21 36
1 46
1 45
1 17
17 37
17 51
11 17
37 45
37 51
11 37
21 37
37 47
2 51
47 51
51 54
22 51
51 59
46 54
15 54
47 54
2 47
2 45
2 59
2 22
47 59
46 57
12 57
27 57
34 57
22 57
11 22
21 22
22 47
21 35
11 35
27 35
34 35
12 21
21 46
21 45
15 21
13 15
11 13
13 27
15 40
15 55
12 40
40 47
27 55
46 55
11 55
45 55
34 55
3 47
27 47
45 47
3 12
12 34
12 46
28 45
0 45
0 46
27 46
27 52
0 11
