60 177
35 44
35 54
2 33
2 35
23 44
3 23
32 33
25 44
25 54
25 32
25 36
13 30
44 59
3 59
13 59
0 59
35 59
44 52
3 52
32 52
52 59
13 42
33 42
36 42
41 42
19 32
19 59
19 23
19 28
0 17
17 48
19 48
14 48
24 35
30 34
12 35
12 34
4 12
7 44
3 7
7 32
7 33
31 35
25 31
30 31
11 13
11 33
11 31
5 25
5 52
5 11
4 5
11 48
13 57
29 57
29 59
23 29
28 29
16 36
37 44
3 37
37 57
37 59
37 42
49 51
50 57
33 50
35 50
49 50
47 57
33 47
42 47
37 47
23 40
37 40
22 40
35 46
28 46
20 46
30 46
12 46
29 46
20 39
1 39
1 7
1 10
8 10
8 14
23 27
27 34
27 40
19 27
1 27
27 41
38 39
4 58
26 30
18 26
26 52
23 43
37 43
26 43
7 43
43 45
16 43
18 58
18 52
6 52
6 18
38 58
24 58
15 40
15 25
14 15
15 38
11 38
39 45
22 45
29 45
4 56
19 56
22 56
51 53
50 53
53 56
0 53
22 41
40 47
24 47
41 47
47 50
0 50
50 52
9 23
9 49
7 9
9 25
4 9
9 51
37 49
16 37
16 55
16 25
11 16
29 55
29 30
35 57
0 57
51 57
33 51
31 51
25 51
11 51
7 31
7 21
0 21
7 12
0 12
24 34
24 41
14 24
19 30
28 41
42 52
0 42
30 59
4 13
4 36
4 35
23 32
23 33
0 3
3 35
3 33
33 44
33 54
0 54
