60 885
31 51
51 53
31 38
38 53
7 51
7 38
4 31
4 53
4 7
11 51
11 38
4 11
19 31
19 53
7 19
11 19
52 53
7 52
51 52
38 52
4 52
19 52
31 37
37 53
7 37
11 37
37 52
27 31
27 53
7 27
11 27
27 52
27 51
4 27
27 38
19 27
27 37
25 31
25 53
7 25
11 25
25 52
25 27
21 51
4 21
21 38
19 21
21 37
8 31
8 53
7 8
8 11
8 52
8 27
8 21
0 8
43 51
38 43
4 43
19 43
37 43
25 43
31 34
34 53
7 34
11 34
34 52
27 34
21 34
0 34
34 43
40 51
4 40
38 40
19 40
37 40
34 40
8 40
14 31
14 53
7 14
11 14
14 52
14 27
14 21
0 14
14 43
14 40
26 40
26 51
26 38
4 26
19 26
26 37
25 26
26 34
14 26
8 26
16 31
16 53
7 16
11 16
16 52
16 27
16 21
0 16
16 43
16 40
16 26
53 54
27 54
0 54
51 54
4 54
38 54
19 54
37 54
8 54
25 54
14 54
34 54
42 53
7 42
42 52
27 42
0 42
42 54
12 53
7 12
11 12
12 52
12 27
12 21
12 43
12 54
12 51
4 12
12 38
12 19
12 37
12 25
12 14
8 12
12 34
0 44
44 54
12 44
14 44
48 52
27 48
40 48
26 48
12 48
15 43
15 54
2 53
2 11
2 52
0 2
2 40
2 54
2 12
2 51
2 38
2 4
2 19
2 37
2 25
2 34
2 14
2 8
5 31
5 53
5 7
5 11
5 52
5 27
5 21
0 5
5 43
5 54
2 5
5 15
5 48
5 51
4 5
5 38
5 19
5 37
5 25
5 8
5 34
48 50
5 50
50 51
38 50
4 50
19 50
37 50
16 50
25 50
23 43
23 54
2 23
14 23
23 48
23 50
29 31
29 53
7 29
11 29
29 52
27 29
21 29
0 29
26 29
29 54
12 29
15 29
51 59
4 59
38 59
19 59
37 59
34 59
8 59
25 59
3 31
3 53
3 7
3 11
3 52
3 27
3 21
0 3
3 40
3 26
2 3
3 15
3 59
3 5
3 16
41 53
7 41
11 41
41 52
27 41
21 41
0 41
41 43
40 41
26 41
2 41
14 41
41 48
5 41
29 41
41 51
4 41
38 41
19 41
53 55
27 55
43 55
54 55
2 55
14 55
55 59
50 55
13 51
13 38
4 13
13 19
13 37
36 53
11 36
36 52
27 36
36 40
36 54
12 36
14 36
36 48
5 36
13 36
36 41
24 52
0 24
24 43
24 26
2 24
15 24
24 59
5 24
13 24
16 24
24 51
4 24
24 38
19 24
18 48
5 18
18 29
16 18
18 24
18 51
1 53
1 27
0 1
1 54
1 2
1 14
1 48
1 5
1 16
1 41
13 57
41 57
51 57
38 57
4 57
19 57
22 40
22 26
2 22
14 22
22 48
22 59
13 22
22 57
22 24
22 51
32 53
27 32
32 43
26 32
12 32
14 32
15 32
32 50
16 32
32 41
32 57
32 51
4 32
32 38
19 32
26 58
54 58
2 58
14 58
58 59
50 58
29 58
41 58
57 58
51 58
32 58
28 52
0 28
28 43
26 28
12 28
15 28
28 59
5 28
28 29
16 28
28 57
28 51
1 28
4 28
28 38
19 28
6 53
6 7
6 11
6 52
6 27
0 6
6 43
6 26
2 6
6 15
6 48
5 6
6 50
6 16
6 24
6 51
6 32
6 28
6 42
6 44
6 58
6 25
6 37
20 53
7 20
11 20
20 52
20 27
20 21
0 20
20 43
20 40
20 26
12 20
15 20
20 59
20 50
20 29
20 41
20 24
1 20
20 34
20 28
17 53
7 17
11 17
17 52
17 27
0 17
17 43
17 26
12 17
14 17
17 48
17 50
17 29
17 41
17 24
17 51
17 34
17 28
4 17
17 55
45 51
1 45
32 45
38 45
17 45
23 45
45 58
20 45
12 56
14 56
15 56
56 59
29 56
41 56
51 56
1 56
34 56
38 56
17 56
23 56
45 56
31 47
47 53
7 47
11 47
47 52
27 47
21 47
0 47
40 47
26 47
2 47
14 47
47 59
5 47
29 47
41 47
47 57
47 51
32 47
28 47
17 47
44 47
47 58
25 47
37 47
30 53
27 30
30 40
26 30
2 30
14 30
30 48
30 59
13 30
30 41
24 30
1 30
30 32
28 30
17 30
30 44
30 45
30 47
4 30
24 39
39 51
34 39
38 39
39 42
23 39
39 45
25 39
30 39
20 39
39 55
22 39
33 53
0 33
33 43
33 54
12 33
14 33
33 59
33 50
13 33
16 33
33 57
33 51
32 33
33 38
33 42
23 33
33 58
25 33
33 37
40 49
49 54
12 49
15 49
49 59
5 49
16 49
41 49
49 57
49 51
34 49
38 49
17 49
23 49
49 58
47 49
37 49
20 49
49 55
18 49
19 49
8 49
10 53
7 10
10 11
10 52
10 27
0 10
10 40
10 54
10 12
10 15
10 48
5 10
10 50
10 16
10 24
10 51
10 34
10 28
10 42
10 23
10 58
10 47
10 30
10 49
10 39
10 22
10 19
8 10
10 18
10 33
4 10
9 34
9 38
9 42
9 44
9 45
9 25
9 30
9 20
9 55
9 22
9 19
6 9
9 10
9 56
9 36
9 18
33 49
43 46
26 46
2 46
14 46
46 48
5 46
13 46
46 57
46 51
1 46
32 46
38 46
42 46
44 46
46 58
25 46
37 46
46 49
39 46
19 46
29 35
35 41
24 35
35 51
34 35
28 35
35 38
35 44
35 58
35 47
30 35
20 35
35 39
35 46
19 35
6 35
35 56
35 36
3 35
4 35
6 46
3 46
46 56
18 46
33 46
3 49
33 39
22 33
8 33
4 33
33 36
3 33
39 56
36 39
30 37
19 30
20 30
30 36
18 30
4 47
3 47
47 56
36 47
20 47
37 56
20 56
8 56
6 56
36 56
18 56
18 45
36 45
25 45
3 45
45 55
8 45
3 17
17 37
17 44
17 25
17 20
17 36
17 42
20 23
4 20
6 20
20 22
20 36
6 55
6 8
4 6
6 18
23 28
28 58
3 28
18 28
8 28
42 58
23 58
4 58
22 58
37 58
19 58
32 55
22 32
8 32
32 42
32 44
32 37
22 38
22 42
22 44
22 25
22 37
8 22
18 22
22 36
4 22
37 57
25 57
44 57
1 57
34 57
23 57
1 51
1 4
1 38
1 19
1 25
1 3
1 42
1 8
1 37
1 18
1 34
18 38
18 44
18 25
18 55
3 18
3 24
24 25
24 37
24 36
24 55
36 51
34 36
36 38
23 36
19 36
8 36
13 55
8 13
41 55
51 55
38 55
23 55
25 55
37 55
19 55
8 55
4 55
3 55
34 41
3 41
3 34
3 44
3 37
3 19
3 8
3 4
29 59
44 59
29 50
29 51
29 38
4 29
19 29
29 37
25 29
29 34
23 29
29 44
29 42
16 29
16 23
23 51
23 34
23 42
23 44
4 23
23 25
34 50
42 50
8 50
2 15
14 15
15 51
4 15
15 38
15 19
15 37
15 25
8 15
15 34
15 48
15 16
15 42
48 51
38 48
4 48
19 48
37 48
25 48
34 48
8 48
44 48
16 44
44 51
38 44
4 44
8 44
19 44
12 42
12 16
14 42
16 42
42 51
38 42
4 42
8 42
19 42
37 42
16 54
14 16
16 51
16 38
4 16
16 19
16 37
8 16
14 51
4 14
14 38
14 19
14 37
14 34
14 25
8 14
25 40
34 51
34 38
4 34
19 34
25 34
8 43
8 51
8 25
8 37
21 25
0 21
0 25
25 38
19 25
0 27
0 37
37 51
0 52
0 19
19 51
19 38
4 19
0 11
0 4
4 51
4 38
0 7
0 38
38 51
0 53
0 51
0 31
