60 885
3 11
3 13
11 13
3 9
9 13
9 42
1 3
1 13
1 42
1 11
3 51
13 51
42 51
1 51
3 40
13 40
40 42
1 40
11 40
9 40
40 51
3 22
13 22
22 42
1 22
22 40
3 57
13 57
42 57
1 57
40 57
11 57
51 57
9 57
3 54
13 54
42 54
1 54
40 54
54 57
11 34
9 34
34 51
22 34
3 6
6 13
6 42
1 6
6 40
6 57
6 34
3 21
13 21
21 42
1 21
21 40
21 57
21 34
11 21
21 51
9 21
6 21
21 22
21 54
3 15
13 15
15 42
1 15
15 40
15 57
15 34
15 21
11 39
39 51
9 39
39 54
22 39
6 39
3 4
4 13
4 42
1 4
4 40
4 57
4 34
4 21
4 39
11 32
9 32
32 51
22 32
6 32
32 54
4 32
15 32
3 28
13 28
28 42
1 28
28 40
28 57
28 34
28 32
27 34
27 32
3 7
7 13
7 42
1 7
7 40
7 57
7 34
7 21
7 39
7 11
7 9
7 51
7 22
7 54
6 7
7 15
4 7
3 19
13 19
19 42
1 19
19 40
19 57
19 34
19 21
19 39
7 19
19 27
11 19
19 51
9 19
19 54
19 22
6 19
55 57
39 55
7 55
19 55
11 29
29 51
9 29
29 55
3 45
13 45
42 45
1 45
40 45
45 57
21 45
32 45
27 45
5 11
5 51
5 9
5 22
5 6
5 54
3 10
10 13
10 42
1 10
10 40
10 57
10 21
10 39
7 10
5 10
3 49
13 49
42 49
40 49
49 57
7 49
3 16
13 16
16 42
1 16
16 40
16 57
16 34
16 21
7 16
11 16
16 51
9 16
16 22
6 16
16 54
3 58
13 58
42 58
1 58
40 58
57 58
21 58
32 58
16 58
19 58
29 58
3 17
13 17
17 42
1 17
17 21
17 32
17 27
17 19
17 29
11 17
17 51
9 17
3 52
13 52
42 52
40 52
52 57
32 52
7 52
16 52
5 52
17 52
11 52
52 55
12 27
12 16
5 12
12 17
12 58
36 51
9 36
18 21
18 32
7 18
16 18
18 49
17 18
11 18
18 36
12 18
9 18
3 35
13 35
35 42
1 35
35 57
35 39
7 35
19 35
35 49
17 35
11 35
35 55
9 35
15 35
35 51
8 42
1 8
8 40
8 32
7 8
8 19
8 49
8 11
8 55
44 49
17 44
44 58
44 55
9 44
44 51
42 56
40 56
21 56
39 56
7 56
16 56
49 56
11 56
56 58
44 56
12 56
9 56
35 56
51 56
40 53
21 53
27 53
19 53
49 53
17 53
11 53
53 55
44 53
9 53
53 56
6 53
51 53
29 59
17 59
58 59
55 59
44 59
9 59
30 42
1 30
30 40
30 39
27 30
19 30
30 49
29 30
11 30
30 55
12 30
15 30
30 35
30 51
29 38
11 38
38 58
38 55
12 38
9 38
30 38
6 38
7 37
16 37
5 37
17 37
11 37
37 44
9 37
15 37
37 56
6 37
37 51
37 59
22 37
27 33
16 33
5 33
11 33
33 58
33 36
9 33
15 33
30 33
6 33
33 37
42 47
40 47
21 47
32 47
7 47
19 47
29 47
17 47
11 47
36 47
44 47
15 47
47 56
47 53
37 47
47 51
3 31
13 31
31 42
1 31
31 40
31 39
27 31
16 31
31 49
11 31
31 58
31 36
12 31
9 31
31 35
31 53
31 37
31 47
2 57
2 32
2 16
2 19
2 5
2 11
2 58
2 36
2 9
2 15
2 35
2 56
2 37
2 45
2 47
2 52
20 40
20 39
20 27
5 20
20 49
11 20
20 58
20 55
12 20
15 20
20 30
6 20
20 37
20 47
2 20
20 33
12 43
9 43
43 56
43 53
10 43
43 45
43 47
20 43
26 40
26 32
26 27
19 26
26 29
11 26
26 55
26 36
12 26
15 26
26 30
6 26
26 37
26 45
2 26
3 23
13 23
23 42
1 23
23 40
23 57
23 34
21 23
23 39
23 32
23 27
16 23
23 49
11 23
23 58
23 55
23 44
9 23
23 30
6 23
23 53
23 45
23 47
20 23
22 23
23 31
42 50
1 50
40 50
7 50
16 50
19 50
5 50
17 50
11 50
36 50
44 50
15 50
35 50
50 56
37 50
47 50
3 14
13 14
14 42
1 14
14 40
14 57
14 21
14 39
14 27
14 16
14 29
11 14
14 55
14 36
9 14
14 15
14 30
6 14
14 53
10 14
14 51
42 48
40 48
48 57
21 48
7 48
16 48
48 49
29 48
11 48
36 48
12 48
15 48
35 48
6 48
10 48
45 48
14 48
20 48
42 46
40 46
46 57
39 46
27 46
19 46
46 49
17 46
11 46
36 46
12 46
9 46
30 46
46 56
46 53
45 46
46 47
23 46
26 46
38 46
3 24
13 24
24 42
1 24
24 40
24 57
24 34
21 24
24 39
24 32
7 24
16 24
24 29
11 24
24 58
24 36
24 44
9 24
24 35
6 24
10 24
24 47
14 24
20 24
24 46
24 38
24 50
24 43
24 28
3 25
13 25
25 42
1 25
25 40
25 57
21 25
25 39
7 25
19 25
25 49
17 25
11 25
25 36
12 25
9 25
25 30
25 56
25 53
10 25
14 25
2 25
25 26
25 38
22 25
25 43
24 25
25 28
25 31
25 52
25 33
4 25
4 24
18 24
24 54
24 52
22 46
0 46
46 48
41 44
15 41
35 41
41 56
41 53
41 45
14 41
2 41
41 46
38 41
41 50
33 41
41 52
41 48
41 59
8 41
41 51
18 41
46 59
46 51
4 46
22 48
48 51
8 48
28 48
31 48
48 59
33 48
0 48
14 18
0 14
14 50
14 22
4 14
14 54
14 38
23 50
26 50
4 50
33 50
28 50
0 50
50 52
8 50
31 50
23 52
4 23
23 38
23 26
23 54
23 33
26 31
26 43
4 26
18 26
8 26
26 28
26 52
38 43
22 43
28 43
33 43
0 43
43 52
18 43
20 54
8 20
18 20
20 28
20 59
20 51
2 51
2 8
2 31
2 33
2 59
0 2
31 38
22 31
31 51
28 31
0 31
31 33
47 52
4 47
33 47
28 47
33 51
18 33
33 54
18 37
10 37
37 45
37 38
38 45
38 54
22 38
28 38
0 38
30 59
30 45
8 30
30 54
4 30
30 52
53 59
10 59
22 59
51 59
8 59
28 59
52 59
0 59
54 59
52 53
53 54
28 53
8 53
28 56
45 56
18 56
4 56
0 56
44 54
8 44
22 44
4 44
28 44
0 44
15 44
8 9
8 35
6 8
8 45
8 51
0 8
8 52
8 18
4 8
35 52
10 35
18 35
6 35
0 35
22 35
18 45
18 22
18 54
4 18
18 52
15 36
12 36
9 12
12 51
4 12
12 54
12 45
12 52
12 22
10 52
52 54
4 17
6 17
17 54
17 45
17 55
17 58
11 58
51 58
9 58
15 58
22 58
0 58
28 58
45 58
10 58
16 49
15 16
4 16
19 49
5 49
11 49
49 51
9 49
22 49
49 54
6 49
10 49
28 49
10 11
10 55
9 10
10 15
6 10
10 51
10 54
0 10
4 10
10 22
10 28
5 45
5 28
5 15
29 45
45 55
15 45
45 51
0 45
45 54
6 29
0 29
22 29
29 54
4 29
11 55
51 55
9 55
0 55
6 55
28 55
0 19
4 19
15 19
7 27
11 27
27 51
9 27
27 54
6 27
22 27
15 27
4 27
27 28
0 27
11 28
9 28
6 28
0 28
0 32
4 11
4 9
4 51
0 4
4 54
15 39
11 15
15 51
0 15
6 15
0 21
6 11
6 9
6 51
6 22
34 54
11 54
9 54
22 54
51 54
22 57
11 22
9 22
22 51
11 51
9 51
1 9
0 1
9 11
13 42
11 42
0 11
3 42
0 42
