60 708
41 56
31 56
31 41
53 56
31 53
41 53
34 56
31 34
34 53
10 56
10 31
10 53
10 41
14 56
14 31
14 53
10 14
13 56
13 31
13 53
10 13
13 41
13 34
35 56
31 35
35 53
10 35
13 35
40 56
31 40
40 53
10 40
13 40
40 41
34 40
14 40
35 40
28 56
28 31
28 53
10 28
13 28
28 40
12 41
12 34
12 35
12 14
12 28
5 56
5 31
5 53
5 10
5 13
5 40
5 12
49 53
40 49
41 49
35 49
34 49
14 49
5 49
28 49
15 56
15 31
15 53
10 15
13 15
15 40
12 15
15 49
41 42
14 42
34 42
35 42
5 42
28 42
15 42
39 56
31 39
39 53
10 39
13 39
39 40
12 39
39 49
39 42
32 39
35 39
50 56
31 50
50 53
10 50
13 50
40 50
32 50
41 50
34 50
14 50
5 50
28 50
4 49
4 50
41 51
14 51
34 51
28 51
5 51
25 56
25 31
25 53
12 25
25 32
25 50
25 51
38 56
31 38
38 53
13 38
38 42
38 50
38 51
38 41
14 38
34 38
3 53
3 40
3 49
3 50
8 53
8 40
8 42
8 35
8 51
8 41
8 14
8 34
29 56
29 31
29 53
13 29
29 49
29 35
8 29
29 38
27 42
27 35
20 31
20 49
20 42
20 35
20 41
20 34
14 20
5 20
20 28
18 20
3 18
9 56
9 31
9 53
9 13
9 42
9 32
9 20
3 9
9 41
16 50
16 38
9 16
19 20
19 27
9 19
15 19
19 41
30 56
30 31
30 53
13 30
30 49
30 32
30 51
8 30
9 30
19 30
9 58
14 58
41 58
21 56
21 31
21 53
10 21
13 21
21 40
12 21
21 49
21 42
21 50
21 51
21 38
9 21
14 21
21 58
46 56
31 46
46 53
40 46
42 46
35 46
20 46
38 46
27 46
19 46
4 46
30 46
17 20
3 17
17 27
15 17
4 17
17 46
1 56
1 31
1 53
1 10
1 13
1 40
1 49
1 35
1 20
1 38
41 44
54 56
31 54
53 54
10 54
13 54
40 54
32 54
35 54
51 54
27 54
44 54
15 54
54 58
41 54
48 56
31 48
48 53
10 48
13 48
40 48
32 48
35 48
48 51
8 48
44 48
19 48
48 54
30 48
1 48
34 48
43 56
31 43
43 53
10 43
13 43
40 43
12 43
43 49
32 43
43 50
43 51
3 43
15 43
19 43
4 43
30 43
43 46
34 43
26 53
13 26
26 32
26 50
20 26
26 38
9 26
14 26
26 58
26 30
26 46
26 43
33 49
33 35
8 33
3 33
27 33
14 33
33 54
22 31
22 53
10 22
13 22
22 32
22 35
22 51
22 38
9 22
15 22
19 22
4 22
32 47
35 47
47 51
27 47
9 47
19 47
47 54
22 47
46 47
28 47
47 48
25 47
21 47
46 55
28 55
48 55
25 55
31 37
37 53
10 37
37 40
32 37
37 50
8 37
3 37
9 37
14 37
37 58
30 37
37 46
34 37
37 43
25 37
16 37
37 55
1 57
28 57
48 57
25 57
16 57
55 57
6 53
6 13
6 42
6 35
6 51
6 8
6 27
6 14
6 58
6 30
6 18
6 28
6 43
5 6
6 16
11 49
11 35
8 11
11 38
11 27
11 14
11 58
4 11
11 18
11 28
11 33
0 11
11 21
11 41
11 29
6 11
44 45
19 45
45 54
22 45
18 45
28 45
45 48
0 45
21 45
45 47
11 45
24 53
24 40
24 42
24 35
20 24
3 24
24 44
14 24
24 54
22 24
24 46
24 34
24 48
5 24
16 24
24 47
24 45
24 41
24 26
23 32
23 35
23 50
8 23
23 27
14 23
23 54
23 30
1 23
23 28
23 33
5 23
21 23
23 47
11 23
17 23
23 24
23 37
6 23
31 52
40 52
42 52
50 52
20 52
3 52
27 52
14 52
52 54
4 52
1 52
28 52
43 52
0 52
21 52
47 52
45 52
39 52
24 52
20 36
3 36
9 36
15 36
36 58
30 36
18 36
36 43
33 36
0 36
21 36
36 55
11 36
36 39
29 36
36 37
7 20
3 7
7 9
7 14
7 58
7 30
7 18
7 28
7 48
7 25
7 21
7 47
7 57
7 17
7 29
7 36
2 56
2 31
2 53
2 10
2 49
2 35
2 20
2 27
2 44
2 15
2 19
2 22
2 18
2 28
2 33
0 2
2 25
2 47
2 45
2 39
2 24
2 26
2 6
2 7
56 59
31 59
53 59
10 59
13 59
40 59
42 59
50 59
8 59
38 59
44 59
14 59
54 59
4 59
1 59
28 59
48 59
5 59
25 59
55 59
57 59
41 59
29 59
37 59
52 59
7 59
36 52
23 52
26 45
17 45
11 39
6 57
6 39
6 17
6 26
29 57
41 57
37 57
37 41
26 37
39 55
47 55
26 55
17 55
22 33
22 41
22 34
22 39
22 25
22 29
0 22
18 22
33 46
33 34
33 43
16 33
0 33
21 33
26 33
17 33
5 26
21 26
26 41
5 43
25 43
43 48
29 43
39 48
25 48
34 54
4 54
25 54
16 54
25 44
28 44
14 44
5 44
1 44
1 15
1 19
1 4
1 46
1 41
1 21
1 34
1 18
1 17
1 28
17 34
5 17
17 25
17 39
17 29
21 46
25 46
39 46
18 21
5 21
30 58
5 58
0 58
28 58
29 58
4 30
30 41
28 30
16 30
0 19
16 19
19 29
4 19
16 18
16 34
5 16
16 25
16 41
16 29
16 39
4 9
9 34
9 39
9 18
15 18
4 18
5 18
18 29
0 18
20 27
27 38
27 41
14 27
27 34
27 39
27 29
29 34
0 29
29 41
0 8
8 28
5 8
3 8
8 39
3 38
3 41
3 34
3 14
0 3
3 15
3 4
25 38
28 38
5 38
15 25
15 51
4 51
4 41
4 39
4 5
15 50
39 50
15 39
34 39
0 39
32 42
15 32
15 35
15 41
0 15
15 28
5 15
14 15
32 49
5 32
5 35
0 5
5 41
12 32
28 32
28 35
32 40
32 35
35 41
34 35
14 35
0 35
13 14
13 32
14 32
14 41
14 34
10 34
10 32
32 34
0 34
34 41
32 53
31 32
32 41
0 41
32 56
0 32
