60 531
8 49
49 50
8 43
43 50
15 43
43 53
49 53
2 8
2 50
2 15
2 53
15 47
47 49
43 47
8 39
39 50
15 39
39 53
39 47
38 43
38 49
2 38
38 39
15 16
16 38
8 26
26 50
15 26
26 47
26 49
26 43
2 26
26 39
8 17
17 50
15 17
17 53
17 26
4 8
4 50
4 15
4 47
4 38
4 43
4 49
2 4
4 39
50 52
15 52
52 53
38 52
4 52
44 52
11 50
11 15
11 53
11 38
4 11
10 43
10 49
10 39
8 42
42 50
15 42
42 53
42 47
38 42
26 42
10 42
12 42
42 56
2 56
15 20
20 47
20 26
20 44
18 43
18 49
4 21
21 44
18 21
50 51
15 51
51 53
47 51
4 51
44 51
12 51
8 25
25 50
15 25
25 38
25 26
4 25
12 25
2 25
16 25
30 53
30 47
26 30
30 44
25 30
30 56
26 32
10 32
12 32
32 56
32 51
32 36
20 36
1 36
21 36
30 36
6 32
6 20
8 37
37 50
15 37
37 53
37 47
37 38
4 37
37 44
12 37
25 37
18 22
22 56
22 37
22 39
3 26
3 4
3 12
3 51
3 37
3 20
3 39
32 55
39 55
3 55
32 48
20 48
33 48
0 48
30 48
18 41
41 56
32 41
39 41
3 41
41 48
2 41
6 41
5 15
5 47
5 26
5 44
5 18
5 51
5 37
5 42
1 5
5 48
5 30
5 6
5 43
5 41
14 15
14 47
4 14
10 14
14 25
14 56
14 32
14 39
3 14
1 14
2 14
6 14
5 14
32 35
35 42
3 35
34 50
15 34
34 53
34 47
4 34
34 44
12 34
34 56
34 51
20 34
1 34
37 45
20 45
33 45
34 45
30 45
45 49
22 45
5 45
23 33
21 23
23 34
23 49
22 23
23 35
23 45
16 23
12 13
13 25
13 51
13 42
3 13
13 21
13 55
13 17
13 22
15 46
46 47
4 46
10 46
12 46
25 46
46 51
42 46
1 46
34 46
46 55
46 49
43 46
35 46
16 46
13 46
37 40
40 42
33 40
34 40
40 55
6 40
40 43
35 40
40 46
40 41
14 40
9 26
4 9
9 18
9 51
9 32
9 20
9 39
9 21
9 55
6 9
50 59
38 59
26 59
44 59
12 59
25 59
51 59
20 59
39 59
21 59
30 59
49 59
43 59
20 31
31 39
1 31
31 48
2 31
6 31
31 59
31 52
11 31
31 41
28 50
15 28
28 53
28 47
26 28
28 44
18 28
25 28
28 51
20 28
28 33
21 28
2 28
6 28
22 28
28 52
1 29
29 48
2 29
17 29
29 59
29 35
11 29
19 30
19 55
19 59
19 35
19 29
14 19
3 7
7 21
2 7
7 49
7 59
5 7
7 46
7 19
0 7
7 28
7 36
37 54
42 54
1 54
34 54
54 55
17 54
22 54
35 54
29 54
23 54
0 54
9 54
7 54
16 54
15 24
24 47
24 38
4 24
12 24
24 25
24 51
24 42
3 24
24 48
24 30
6 24
22 24
24 52
11 24
19 24
24 28
24 45
8 58
50 58
15 58
53 58
47 58
38 58
26 58
43 57
49 57
39 57
2 57
44 57
57 58
18 58
56 58
20 58
42 58
3 58
21 58
30 58
17 58
43 58
5 58
29 58
31 58
13 58
28 58
24 58
40 58
2 27
27 49
27 59
27 52
27 29
27 41
14 27
27 45
27 36
24 27
19 36
19 45
28 29
28 31
14 28
16 31
31 45
16 59
9 59
5 9
9 46
9 41
0 9
9 16
9 40
16 40
41 46
13 23
13 41
13 14
13 16
0 13
23 36
0 23
36 45
34 49
34 35
34 52
17 34
22 34
16 34
2 35
35 55
22 35
14 35
11 14
5 36
41 52
6 48
43 48
2 48
48 55
49 55
17 55
11 55
3 22
3 43
2 3
21 22
17 22
22 52
37 49
20 37
33 37
11 37
1 37
21 37
37 52
37 42
20 33
33 49
11 33
30 33
33 52
6 33
16 33
21 33
2 6
6 36
36 43
11 36
30 32
32 39
16 32
32 43
17 32
30 39
0 30
11 30
30 43
11 25
1 25
17 25
25 51
25 49
43 51
21 51
39 51
2 51
21 42
17 21
11 21
18 39
18 20
1 18
20 56
17 20
16 56
52 56
42 49
1 42
16 42
11 42
10 11
11 12
11 43
11 52
0 11
12 52
12 43
12 17
12 49
39 52
2 52
49 52
0 52
4 44
44 49
43 44
2 44
1 44
16 44
17 44
1 17
16 17
17 43
17 49
16 26
1 26
1 16
39 43
2 39
1 39
2 47
1 47
0 43
15 50
15 49
0 49
8 15
1 15
0 1
