60 885
11 14
14 42
9 11
9 42
11 23
23 42
14 23
9 23
11 28
28 42
23 28
4 14
4 9
11 45
42 45
23 45
4 45
1 42
1 23
1 4
1 14
1 9
1 28
1 45
11 46
42 46
23 46
4 46
1 46
14 31
9 31
28 31
31 45
11 27
27 42
23 27
4 27
1 27
27 31
9 27
17 23
9 17
14 17
17 28
17 45
17 27
17 46
11 25
25 42
23 25
4 25
1 25
25 31
9 25
17 25
11 37
37 42
23 37
4 37
1 37
31 37
9 37
17 37
14 37
37 45
28 37
27 37
37 46
5 11
5 42
5 23
4 5
1 5
5 31
5 9
5 17
5 37
14 55
45 55
28 55
46 55
27 55
5 55
8 11
8 42
8 23
4 8
1 8
8 31
8 9
8 17
8 37
8 55
10 55
10 14
10 28
10 45
10 46
10 27
8 10
0 10
10 25
5 10
11 48
42 48
23 48
4 48
1 48
31 48
9 48
17 48
37 48
48 55
10 48
11 44
42 44
23 44
4 44
1 44
9 44
17 44
37 44
10 44
14 44
28 44
44 45
44 46
27 44
0 44
25 44
8 44
44 48
5 44
23 32
1 32
9 32
32 37
32 44
0 32
10 39
0 39
14 39
39 45
28 39
39 46
27 39
23 24
9 24
24 44
20 23
9 20
20 44
0 20
14 20
20 45
20 28
20 46
20 27
8 20
20 24
23 59
1 59
9 59
37 59
44 59
20 59
39 59
45 59
29 42
23 29
1 29
9 29
17 29
29 37
22 42
22 23
4 22
1 22
9 22
17 22
22 55
14 22
22 45
22 28
22 46
22 27
22 48
5 22
0 22
22 25
8 22
2 23
2 9
2 22
0 2
2 39
9 51
20 51
14 51
28 51
45 51
27 51
9 12
12 22
12 51
3 42
3 23
3 9
3 37
3 22
0 3
3 51
3 14
3 45
3 28
11 38
38 42
23 38
4 38
1 38
31 38
9 38
17 38
37 38
38 55
38 44
22 38
38 51
3 38
38 45
5 38
8 38
42 52
23 52
4 52
9 52
17 52
52 55
10 52
0 52
51 52
3 52
29 52
5 52
8 52
14 52
42 43
23 43
4 43
1 43
9 43
17 43
37 43
43 55
10 43
0 43
39 43
43 45
23 40
9 40
10 40
0 40
40 51
3 40
29 40
14 40
11 21
21 42
21 23
4 21
1 21
9 21
17 21
21 37
10 21
21 22
20 21
21 51
21 40
23 35
9 35
17 35
35 37
10 35
20 35
35 51
35 45
29 35
35 40
14 35
33 42
23 33
9 33
33 37
10 33
22 33
33 39
3 33
33 45
33 35
8 33
11 58
42 58
23 58
4 58
1 58
9 58
17 58
55 58
44 58
22 58
51 58
45 58
40 58
5 58
52 58
14 58
9 34
20 34
34 39
3 34
29 34
34 40
8 34
34 58
14 49
32 49
43 49
7 23
7 9
7 44
7 20
7 51
3 7
7 29
5 7
7 52
7 58
7 49
19 23
1 19
9 19
19 55
19 44
19 22
19 51
19 45
19 29
19 40
8 19
19 52
11 41
41 42
23 41
4 41
1 41
31 41
9 41
17 41
37 41
41 55
10 41
20 41
39 41
3 41
40 41
35 41
5 41
41 52
14 41
12 41
24 41
19 41
15 23
9 15
10 15
15 22
15 39
15 45
15 40
15 35
8 15
15 58
15 41
10 16
16 22
16 39
16 45
16 29
5 16
16 52
16 58
23 47
9 47
44 47
22 47
39 47
3 47
45 47
35 47
47 52
47 58
14 47
46 47
12 47
32 47
43 47
27 47
36 39
36 51
29 36
35 36
36 52
36 47
36 41
16 36
9 53
0 53
39 53
45 53
40 53
35 53
5 53
53 58
47 53
41 53
14 53
28 53
48 53
43 53
25 53
13 42
13 23
4 13
9 13
13 17
13 37
10 13
13 20
13 39
3 13
13 29
13 35
5 13
13 58
13 49
13 16
13 53
12 13
13 21
13 27
13 24
13 14
6 42
6 23
4 6
1 6
6 9
6 17
6 37
6 55
6 44
0 6
6 20
6 51
6 45
6 40
5 6
6 52
6 47
6 41
6 12
2 6
6 21
6 27
6 24
6 14
30 42
23 30
4 30
1 30
9 30
17 30
30 37
30 55
10 30
20 30
30 39
3 30
30 40
30 35
8 30
30 58
30 49
19 30
30 53
30 48
15 30
27 30
24 30
30 36
6 30
30 32
11 26
26 42
23 26
4 26
1 26
26 31
9 26
17 26
26 37
26 55
26 44
0 26
20 26
26 45
26 29
26 35
8 26
26 52
26 41
19 26
16 26
2 26
15 26
26 27
25 26
14 26
7 26
26 32
26 30
18 23
9 18
18 44
0 18
18 20
18 51
18 29
18 35
8 18
18 58
18 41
18 19
12 18
2 18
18 21
18 27
14 18
18 36
6 18
18 32
18 43
11 50
42 50
23 50
4 50
1 50
31 50
9 50
17 50
37 50
50 55
44 50
0 50
39 50
3 50
29 50
5 50
50 52
50 58
41 50
19 50
12 50
48 50
15 50
27 50
14 50
36 50
6 50
32 50
43 50
34 50
38 50
18 50
47 54
16 54
12 54
48 54
15 54
25 54
24 54
14 54
6 54
32 54
30 54
50 54
22 57
0 57
20 57
51 57
29 57
5 57
52 57
57 58
49 57
16 57
53 57
2 57
48 57
15 57
14 57
36 57
6 57
13 57
30 57
18 57
28 57
33 57
54 57
26 57
38 54
33 54
54 59
28 50
18 33
18 26
48 56
27 56
25 56
14 56
7 56
13 56
43 56
18 56
28 56
34 56
56 59
46 56
26 59
26 38
26 34
30 33
28 30
30 34
6 34
6 32
6 13
13 38
13 59
13 46
13 34
13 43
36 53
32 53
34 53
46 53
15 53
27 53
2 36
21 36
27 36
24 36
14 36
36 59
36 38
32 36
7 36
47 48
28 47
21 47
38 47
16 47
33 47
16 19
14 16
15 16
16 27
16 43
16 24
16 38
16 59
2 16
16 21
15 48
15 21
14 15
15 25
15 46
15 28
7 15
15 43
41 59
25 41
27 41
33 41
2 41
14 19
19 28
7 19
19 32
19 46
12 19
19 25
19 48
19 34
19 21
7 12
7 48
7 21
7 14
7 28
7 33
7 43
7 46
7 59
7 38
46 49
2 49
34 49
12 34
21 34
25 34
24 34
14 34
34 38
33 34
48 58
33 58
28 58
24 58
21 58
12 33
33 48
21 33
27 33
25 33
14 33
32 33
33 46
21 35
28 35
35 46
5 35
35 59
12 35
27 35
8 21
2 21
14 21
21 43
21 24
21 27
40 48
28 40
40 46
40 43
24 40
32 40
25 40
2 40
5 43
43 52
12 43
24 43
14 43
38 43
43 59
43 46
25 52
38 52
52 59
2 52
12 38
2 38
38 48
25 38
14 38
38 46
3 12
3 5
3 27
3 24
3 46
3 8
3 32
12 45
8 12
12 14
12 59
12 24
12 25
48 51
46 51
5 51
2 51
2 45
2 5
2 14
2 32
2 28
2 27
2 59
2 24
22 29
0 29
20 29
29 45
14 29
28 29
25 29
29 59
5 29
29 32
24 29
8 59
48 59
25 59
14 59
28 59
46 59
20 25
24 39
5 24
24 25
14 24
24 46
24 28
32 39
8 39
8 32
32 48
27 32
14 32
28 32
0 48
45 48
5 48
8 48
14 48
46 48
8 45
5 8
8 14
8 27
8 25
8 46
0 55
25 55
0 5
5 14
5 28
25 37
0 37
0 25
25 45
14 25
25 28
25 46
0 17
0 27
27 45
14 27
31 46
0 31
9 46
0 46
14 46
28 46
0 1
9 45
0 45
14 45
28 45
4 28
0 4
9 28
0 28
14 28
0 23
9 14
0 9
0 42
0 14
0 11
