60 885
2 26
2 9
9 26
9 38
2 47
9 47
26 50
38 50
47 50
2 42
9 42
42 50
20 26
20 38
20 47
2 5
5 9
5 50
5 20
14 26
14 47
14 38
14 42
2 53
9 53
50 53
20 53
14 53
1 2
1 9
1 20
1 14
1 26
1 47
1 38
1 53
1 5
2 52
9 52
50 52
20 52
14 52
1 52
11 26
11 38
11 47
5 11
11 53
11 52
11 42
2 54
9 54
50 54
20 54
14 54
1 54
11 54
26 37
37 47
37 38
37 53
37 52
5 37
37 42
2 4
4 9
4 50
4 20
4 14
1 4
4 11
4 37
2 7
7 9
7 20
7 11
7 26
7 38
7 47
7 53
7 52
5 7
7 42
7 54
4 7
2 41
9 41
41 50
20 41
14 41
1 41
11 41
37 41
7 41
26 41
41 52
2 12
9 12
12 50
12 20
12 14
1 12
11 12
12 37
7 12
12 26
12 52
12 47
12 38
12 42
5 12
12 53
12 54
4 12
12 41
2 40
9 40
40 50
20 40
14 40
1 40
11 40
37 40
7 40
26 40
40 52
12 40
9 31
1 31
11 31
26 31
31 52
31 38
31 47
5 31
31 53
31 42
4 31
31 54
31 41
31 40
2 17
9 17
17 50
17 20
14 17
1 17
11 17
17 37
7 17
17 26
17 52
12 17
17 31
5 17
17 34
7 48
26 48
48 52
31 48
35 47
35 38
35 42
35 53
4 35
35 54
35 41
35 40
2 25
9 25
1 25
11 25
25 26
25 52
12 25
25 31
25 35
2 3
3 9
3 50
3 20
3 14
1 3
3 11
3 37
3 7
3 26
3 52
3 12
3 31
3 5
3 35
3 38
3 47
3 42
3 53
3 4
3 54
3 41
3 40
2 19
9 19
19 50
19 20
14 19
1 19
11 19
19 37
7 19
19 26
19 52
12 19
19 31
5 19
3 19
11 44
26 44
44 52
12 44
35 44
44 47
38 44
44 53
42 44
4 44
44 54
41 44
2 22
9 22
20 22
14 22
1 22
11 22
7 22
22 26
22 52
12 22
5 22
22 44
2 39
1 39
7 39
26 39
39 52
31 39
5 39
39 48
38 39
39 47
39 53
39 42
4 39
39 54
39 41
7 33
26 33
33 52
31 33
5 33
33 44
33 39
24 26
3 24
24 48
24 38
24 47
24 53
24 42
24 54
24 33
24 40
2 45
9 45
26 45
45 52
12 45
5 45
35 45
3 45
4 45
24 45
7 16
16 26
16 52
16 31
5 16
16 44
4 16
16 24
16 47
16 38
16 53
16 42
16 54
2 58
9 58
20 58
1 58
37 58
26 58
52 58
5 58
34 58
44 58
4 58
16 58
2 28
1 28
26 28
28 52
12 28
5 28
28 34
28 48
28 39
4 28
16 28
28 47
28 38
28 42
28 53
2 56
9 56
20 56
14 56
1 56
11 56
37 56
7 56
26 56
52 56
12 56
5 56
34 56
3 56
39 56
4 56
28 56
5 59
44 59
48 59
4 59
28 59
47 59
38 59
53 59
42 59
41 59
0 59
58 59
2 57
9 57
20 57
14 57
1 57
11 57
37 57
7 57
26 57
52 57
12 57
31 57
5 57
3 57
39 57
4 57
28 57
57 59
42 57
30 37
26 30
30 52
12 30
5 30
3 30
30 39
16 30
32 38
32 47
32 42
32 53
32 54
2 27
9 27
27 50
20 27
14 27
1 27
11 27
27 37
7 27
26 27
27 52
12 27
27 31
5 27
27 34
27 44
27 48
16 27
27 32
38 43
43 47
42 43
43 53
19 43
27 43
16 36
36 43
36 42
36 40
22 36
2 6
1 6
6 37
6 26
6 52
5 6
6 35
6 44
6 39
6 24
6 32
6 28
2 8
8 9
1 8
8 11
7 8
8 26
8 52
5 8
8 34
3 8
8 48
8 24
8 28
8 43
8 38
8 47
15 26
15 31
5 15
15 44
15 39
15 24
15 28
15 59
8 15
15 30
2 10
9 10
10 20
10 14
1 10
10 11
10 37
7 10
10 26
10 52
10 12
5 10
10 34
3 10
10 39
4 10
10 32
10 43
8 10
10 40
6 10
10 27
10 45
10 15
2 29
9 29
29 37
26 29
29 52
12 29
5 29
29 44
29 39
4 29
29 32
19 29
29 42
29 40
10 29
22 29
15 29
29 57
2 18
9 18
18 20
14 18
1 18
11 18
18 37
7 18
18 26
18 52
12 18
18 31
5 18
3 18
18 48
16 18
18 32
18 59
18 19
18 30
10 18
6 18
19 46
40 46
10 46
6 46
23 26
23 31
5 23
3 23
23 48
4 23
16 23
23 28
8 23
23 30
10 23
15 23
23 46
23 57
17 23
23 58
21 26
21 44
21 48
21 24
21 32
21 43
19 21
8 21
21 30
21 22
15 21
21 29
17 21
21 25
26 51
44 51
4 51
24 51
32 51
51 59
42 51
40 51
10 51
15 51
46 51
29 51
45 51
51 58
21 51
18 51
47 51
51 56
23 51
27 51
38 51
33 51
21 54
26 49
49 52
12 49
31 49
5 49
44 49
4 49
24 49
32 49
49 59
42 49
8 49
22 49
6 49
46 49
29 49
17 49
26 55
44 55
39 55
24 55
28 55
19 55
8 55
40 55
10 55
22 55
46 55
29 55
17 55
55 58
41 55
49 55
13 39
13 16
13 32
13 28
13 19
13 40
13 30
13 22
13 15
13 45
13 17
13 55
13 25
13 18
13 41
13 56
13 36
13 49
13 53
0 13
33 55
54 55
55 56
53 55
47 55
21 49
49 54
41 49
49 53
38 49
27 49
33 49
21 41
0 21
21 47
21 23
21 36
23 54
23 47
23 56
0 23
23 33
23 38
45 46
27 46
46 58
18 46
46 47
38 46
25 46
0 46
18 29
17 18
18 58
18 25
18 38
18 36
18 54
18 53
18 27
25 29
29 41
29 38
27 29
29 33
10 58
10 47
10 38
10 57
15 22
15 56
15 53
15 33
15 27
15 54
15 17
15 57
8 45
6 8
8 33
8 40
8 22
8 56
8 58
8 54
6 40
6 54
6 25
6 57
0 6
6 47
6 17
6 45
6 36
6 41
6 38
36 57
36 45
17 36
36 58
36 47
36 56
0 36
27 36
36 38
27 42
27 30
27 45
27 58
25 27
27 47
27 56
27 33
32 41
30 32
22 32
32 33
19 30
30 42
30 47
30 38
30 45
30 41
30 57
25 30
22 30
30 33
0 30
53 57
41 57
56 57
33 57
54 57
17 57
47 57
0 57
56 59
22 59
54 59
25 59
33 59
19 56
22 56
45 56
17 56
25 56
54 56
0 56
28 54
0 28
19 28
28 58
42 58
22 58
45 58
41 58
54 58
38 58
0 58
0 16
16 40
16 45
16 17
16 25
19 45
45 53
45 47
25 45
38 45
33 45
24 41
17 24
24 25
33 40
25 33
33 54
33 47
33 53
25 39
22 39
4 22
22 42
22 41
17 22
22 53
22 54
19 44
19 48
4 19
19 47
19 38
19 42
19 40
17 19
19 53
0 19
3 48
3 25
0 3
25 42
25 40
25 38
25 53
25 41
35 48
38 48
47 48
48 53
42 48
4 48
48 54
41 48
40 48
17 48
0 48
4 17
17 42
17 40
0 17
17 53
5 40
34 40
4 40
40 47
38 40
0 40
40 53
5 41
34 41
4 41
41 42
41 47
41 53
38 41
0 41
4 26
4 52
4 5
4 34
4 47
4 38
4 42
4 53
4 54
37 54
26 54
52 54
5 54
34 54
42 54
0 54
47 54
26 52
38 52
47 52
5 52
52 53
42 52
1 42
26 53
5 53
34 53
42 53
38 53
0 53
5 14
5 26
5 47
5 38
5 42
20 42
26 42
34 42
38 42
42 47
26 47
34 47
26 38
2 38
34 38
0 34
