60 708
13 32
32 33
13 46
33 46
32 58
46 58
9 13
9 33
32 49
46 49
9 49
21 46
13 21
21 33
21 58
21 49
3 32
3 46
3 9
3 21
13 27
27 33
27 49
27 58
32 34
34 46
9 34
21 34
27 34
27 41
13 41
33 41
41 58
41 49
3 41
11 32
11 46
9 11
11 21
11 27
11 41
13 36
33 36
36 58
36 49
34 36
11 36
3 36
24 32
24 46
21 24
24 27
24 41
24 36
35 41
13 35
33 35
35 49
35 58
3 35
11 35
34 35
32 44
44 46
21 44
27 44
41 44
36 44
35 44
13 47
33 47
47 49
47 58
34 47
3 47
11 47
4 41
4 47
7 32
7 46
7 9
7 21
7 27
7 41
7 36
7 35
7 13
7 33
7 49
7 58
3 7
7 34
7 11
27 54
36 54
7 54
24 54
13 54
33 54
49 54
54 58
12 21
12 47
7 12
12 54
30 54
13 30
30 33
30 58
30 49
27 39
36 39
21 42
42 47
13 42
33 42
42 58
42 49
34 42
11 42
41 48
36 48
42 48
24 48
48 54
13 37
33 37
37 48
32 43
43 46
21 43
27 43
41 43
43 47
7 43
43 54
43 44
37 43
0 43
34 43
2 46
2 21
2 27
2 41
2 36
2 35
2 47
2 54
2 30
13 52
33 52
26 27
26 36
26 47
24 26
26 30
26 52
0 26
1 36
1 35
1 7
1 42
1 30
1 52
18 21
18 35
18 42
18 54
18 30
18 52
0 18
13 18
18 55
6 13
21 38
35 38
38 42
24 38
38 44
38 52
6 38
34 38
1 38
27 45
36 45
7 45
24 45
30 45
45 52
0 45
34 45
13 45
45 59
38 59
21 28
27 28
28 41
28 35
7 28
24 28
28 54
28 52
0 28
1 28
2 28
28 38
1 5
5 13
5 28
16 47
16 24
16 30
16 37
16 18
6 16
1 16
16 38
16 49
28 56
7 40
24 40
40 44
40 52
18 40
6 40
40 45
38 40
40 49
21 22
22 36
7 22
22 42
22 44
22 52
18 22
22 34
1 22
13 22
22 40
22 56
29 46
21 29
29 41
29 47
7 29
29 54
29 30
29 37
18 29
6 29
2 29
13 29
28 29
29 40
16 29
19 21
19 27
19 41
19 35
7 19
19 24
19 30
19 37
0 19
6 19
1 19
19 38
19 49
19 40
19 29
31 46
21 31
27 31
31 41
31 36
31 35
31 42
24 31
30 31
31 37
0 31
1 31
2 31
13 31
28 31
31 40
12 31
20 46
20 21
20 27
20 41
20 36
20 35
20 42
20 24
20 44
20 37
0 20
1 20
20 45
13 20
20 49
20 40
12 20
20 58
46 50
21 50
27 50
41 50
36 50
35 50
42 50
24 50
30 50
44 50
0 50
34 50
2 50
45 50
38 50
50 56
12 50
20 50
3 50
18 57
6 57
1 57
38 57
28 57
40 57
12 57
3 57
57 59
50 57
17 21
17 27
17 41
17 35
7 17
17 24
17 30
17 44
0 17
6 17
17 45
13 17
17 28
17 56
17 29
3 17
17 59
17 19
2 23
23 38
23 49
23 40
16 23
20 23
23 59
23 50
17 23
10 18
6 10
10 45
10 13
10 38
10 16
10 12
10 31
10 58
10 19
10 48
10 17
10 33
10 23
10 43
4 10
10 26
42 53
24 53
53 54
52 53
37 53
34 53
45 53
13 53
28 53
40 53
29 53
31 53
53 58
19 53
48 53
17 53
10 53
8 32
8 46
8 21
8 27
8 41
8 36
8 35
8 47
7 8
8 42
8 44
8 52
8 18
8 34
1 8
8 13
8 28
8 56
8 29
3 8
8 59
8 50
8 55
8 39
5 8
4 8
8 22
8 57
7 51
51 54
44 51
37 51
0 51
34 51
45 51
13 51
49 51
51 56
12 51
20 51
3 51
19 51
51 55
39 51
5 51
8 51
12 14
14 31
3 14
14 19
14 48
14 39
5 14
14 51
14 23
14 53
14 57
14 43
11 51
23 51
21 25
25 35
25 42
24 25
25 30
25 44
25 37
6 25
2 25
25 38
25 28
25 56
16 25
25 31
25 58
25 55
25 48
17 25
15 21
15 35
7 15
15 54
15 44
15 52
0 15
6 15
15 45
15 38
15 28
15 16
15 29
3 15
15 59
15 19
15 55
15 39
5 15
15 22
15 57
15 23
15 25
11 15
25 51
25 57
25 43
4 25
23 25
8 53
4 53
11 53
26 53
23 43
23 26
17 57
17 43
11 17
17 22
39 57
33 57
26 57
39 50
22 50
48 50
43 50
33 50
11 50
20 31
5 20
3 20
20 22
11 20
20 26
4 20
31 48
31 59
31 55
31 58
19 31
31 39
19 59
4 19
19 26
19 55
29 33
29 55
29 59
22 29
3 29
12 29
22 58
22 55
22 33
22 26
22 43
4 22
40 48
40 43
40 59
40 58
40 56
26 56
11 56
39 56
16 56
12 56
55 56
3 16
5 16
16 33
4 16
16 39
16 48
16 43
5 12
5 58
5 55
5 48
5 39
5 43
5 33
28 55
28 59
12 28
28 48
43 59
55 59
11 59
4 59
12 45
45 48
4 45
26 45
45 49
38 45
38 48
38 55
33 38
6 55
6 58
6 49
2 55
39 55
33 55
18 49
18 33
18 58
2 18
18 48
1 18
12 18
3 18
1 34
1 13
1 48
1 26
1 49
1 3
1 2
2 26
26 49
12 26
26 58
26 48
26 39
11 26
49 52
2 52
34 52
52 58
11 52
2 34
2 13
2 11
2 33
2 58
2 43
2 4
2 39
13 43
43 49
3 43
33 43
48 58
4 48
11 48
39 42
42 44
24 42
3 42
4 42
39 54
30 39
39 44
0 39
34 39
13 39
39 49
39 58
12 30
30 34
12 44
12 34
12 13
11 12
4 12
44 54
11 54
4 54
3 54
4 7
4 44
0 4
4 34
4 49
4 33
4 11
24 47
44 47
13 44
33 44
44 49
44 58
11 44
3 44
24 35
13 24
24 33
24 49
24 58
3 24
24 34
0 11
11 34
11 13
11 49
11 33
34 41
0 34
13 34
33 34
3 34
3 27
3 13
3 49
3 33
3 58
49 58
33 49
9 58
13 58
33 58
0 33
0 13
