60 531
4 28
4 26
15 28
15 26
4 6
6 15
7 28
7 26
6 7
4 32
15 32
16 28
16 26
6 16
16 32
4 11
11 15
0 11
7 11
11 16
28 55
26 55
6 55
32 55
11 55
4 54
15 54
0 54
16 54
7 54
6 59
54 59
0 59
4 37
15 37
6 31
31 54
31 37
4 13
13 15
0 57
13 57
4 41
15 41
7 41
16 41
35 41
35 37
0 36
36 37
27 36
4 36
15 36
33 36
9 28
9 26
9 32
9 54
0 9
9 13
4 9
9 15
0 38
9 38
27 38
38 58
24 28
6 24
11 24
24 54
0 24
13 24
24 27
4 43
15 43
43 52
52 58
19 32
11 19
0 19
9 19
19 36
4 10
0 14
14 37
14 27
10 14
14 19
4 48
28 44
26 44
6 44
11 44
41 44
13 44
27 44
43 44
4 40
6 21
21 54
0 21
9 21
21 27
21 58
21 40
28 47
26 47
6 47
32 47
11 47
47 54
0 47
13 47
27 47
10 47
24 47
4 47
18 36
18 43
18 24
18 47
41 42
13 42
27 42
10 42
19 42
42 47
4 42
9 23
23 43
19 23
23 42
23 38
23 57
18 23
19 29
29 48
29 42
29 44
7 29
23 29
12 28
6 12
12 32
11 12
12 41
12 37
9 12
10 12
12 24
12 48
12 55
12 57
7 12
12 29
32 39
11 39
39 41
37 39
36 39
39 58
24 39
39 48
39 42
39 44
42 49
30 36
30 58
24 30
30 47
30 44
30 49
30 31
27 34
34 58
24 34
0 45
9 45
36 45
45 58
24 45
4 45
45 55
38 45
2 28
2 26
2 6
2 32
2 11
2 54
2 41
2 9
2 27
2 10
2 24
2 45
2 42
2 57
2 7
0 8
8 13
8 9
8 43
8 24
8 47
8 55
8 44
8 49
28 51
6 51
32 51
11 51
0 51
9 51
27 51
10 51
40 51
47 51
38 51
51 57
18 51
8 51
41 46
13 46
36 46
46 58
24 46
46 47
38 46
44 46
46 49
33 46
2 46
4 46
46 52
34 46
46 51
1 38
1 30
1 49
1 33
1 46
5 18
5 29
5 39
6 22
11 22
22 41
22 37
9 22
22 58
19 22
22 45
22 42
22 30
7 22
22 29
2 22
5 22
7 20
20 29
20 39
5 20
4 20
12 20
15 20
20 22
28 50
6 50
32 50
50 54
0 50
13 50
36 50
43 50
19 50
47 50
38 50
50 57
49 50
29 50
39 50
6 25
11 25
0 25
13 25
25 27
10 25
24 25
25 45
25 38
25 44
25 49
8 25
25 39
25 34
25 50
3 19
3 45
3 55
3 30
3 18
3 8
2 3
3 25
3 20
3 14
3 51
17 34
17 23
3 17
1 17
0 53
13 53
27 53
10 53
24 53
45 53
42 53
44 53
18 53
8 53
2 53
34 53
17 53
1 53
14 53
40 56
47 56
55 56
56 57
7 56
33 56
2 56
5 56
17 56
1 56
53 56
4 56
51 56
15 56
51 53
22 53
14 17
4 17
3 35
3 52
16 25
25 59
21 25
25 31
20 50
1 50
31 50
50 59
35 50
12 50
16 22
22 52
22 51
12 22
1 5
5 14
5 52
5 23
1 59
1 51
21 46
14 46
34 51
51 52
8 16
2 8
8 21
8 34
8 35
2 33
2 15
2 59
45 52
16 45
45 57
34 45
7 45
34 55
30 34
34 49
34 35
4 34
34 59
30 33
30 35
21 30
30 57
14 30
15 49
18 49
21 49
39 49
29 39
35 39
12 39
31 39
16 39
12 23
12 16
12 21
12 31
29 52
29 31
23 33
15 23
16 23
21 23
23 31
33 42
18 42
42 44
15 42
18 57
14 18
16 18
18 31
18 33
47 59
21 47
47 55
31 47
21 55
16 21
14 21
15 21
21 31
19 40
7 40
40 59
16 40
40 44
31 40
44 48
14 44
7 44
44 59
16 44
15 48
14 48
35 48
14 33
14 52
14 15
10 16
10 19
10 15
4 19
19 52
19 35
19 33
19 57
15 19
52 55
52 57
7 52
15 52
4 52
7 43
43 55
24 43
43 59
4 24
24 38
38 55
35 38
4 38
38 59
31 38
38 57
9 27
9 16
9 58
9 55
4 58
15 58
35 58
57 58
31 58
33 58
33 55
4 33
15 33
33 59
36 59
31 36
7 36
35 36
16 36
7 35
16 35
4 35
15 35
35 59
41 55
27 41
4 27
15 27
27 57
4 57
15 57
7 13
13 31
13 55
16 31
31 59
7 37
16 37
37 59
7 59
4 59
54 55
4 55
7 55
16 55
0 16
7 32
0 32
0 7
4 7
0 6
0 15
0 26
0 4
0 28
