60 885
17 21
21 45
9 17
9 45
9 23
17 56
45 56
23 56
9 56
21 56
17 38
38 45
23 38
38 56
9 43
21 43
14 17
14 45
14 23
14 56
14 43
10 17
10 23
10 56
10 43
9 10
10 21
10 14
10 38
17 28
28 45
23 28
28 56
28 43
10 28
17 40
40 45
23 40
40 56
40 43
10 40
9 40
21 40
38 40
14 40
8 17
8 45
8 23
8 56
8 43
8 10
8 40
21 22
9 22
22 38
14 22
8 22
22 28
17 29
29 45
23 29
29 56
29 43
10 29
29 40
22 29
3 9
3 21
3 38
3 14
3 8
3 28
3 29
17 31
31 45
23 31
31 56
31 43
10 31
31 40
22 31
3 31
15 17
15 45
15 23
15 56
15 43
10 15
15 40
15 22
3 15
9 15
15 21
15 38
14 15
8 15
15 28
11 17
11 45
11 23
11 56
11 43
10 11
11 40
11 22
3 11
11 15
45 48
23 48
48 56
43 48
10 48
40 48
3 48
9 48
21 48
14 48
38 48
8 48
28 48
29 48
17 35
35 45
23 35
35 56
35 43
10 35
35 40
22 35
3 35
15 35
35 48
2 17
2 45
2 23
2 56
2 43
2 10
2 40
2 22
2 15
2 48
2 21
2 9
2 38
2 14
2 8
2 28
2 35
2 29
2 31
2 11
17 30
30 45
23 30
30 56
30 43
10 30
30 40
22 30
3 30
15 30
30 48
2 30
29 30
9 30
21 30
14 30
30 38
8 30
28 30
30 31
11 30
30 35
17 41
41 45
23 41
41 56
41 43
10 41
40 41
3 41
15 41
2 41
29 41
30 41
26 29
17 32
32 45
23 32
32 56
32 43
10 32
32 40
22 32
15 32
32 48
29 32
9 32
21 32
32 38
14 32
28 32
8 32
31 32
11 32
32 35
12 17
12 45
12 23
12 56
12 43
10 12
12 40
12 22
3 12
12 48
12 32
12 30
2 19
19 30
9 19
19 21
19 38
14 19
19 28
8 19
11 19
19 31
19 35
15 20
20 48
2 20
20 30
19 20
1 17
1 45
1 23
1 56
1 43
1 10
1 40
1 22
1 15
1 48
1 29
1 32
1 30
1 21
1 9
1 38
1 14
1 8
1 28
2 46
30 46
26 46
1 46
19 55
23 39
39 56
39 43
10 39
39 40
3 39
15 39
39 48
2 39
32 39
26 39
21 39
9 39
14 39
38 39
8 39
28 39
5 17
5 45
5 23
5 56
5 43
5 10
5 40
5 22
3 5
5 15
5 48
2 5
5 29
5 32
5 39
1 5
5 55
5 41
5 46
17 44
44 45
23 44
44 56
43 44
10 44
40 44
22 44
15 44
44 48
29 44
32 44
19 44
1 44
44 55
41 44
44 46
21 44
9 44
27 45
23 27
27 56
27 43
10 27
27 40
3 27
15 27
2 27
27 32
19 27
27 39
6 23
6 15
6 29
6 32
6 26
1 6
6 55
6 9
6 21
6 14
6 38
6 11
6 16
16 41
16 46
24 55
24 41
8 24
21 24
9 24
45 58
23 58
56 58
43 58
10 58
40 58
15 58
48 58
29 58
32 58
19 58
39 58
6 58
41 58
8 58
24 58
6 36
20 36
8 36
16 36
11 36
33 55
20 33
8 33
24 33
33 36
33 58
23 47
47 56
40 47
22 47
15 47
47 48
2 47
32 47
26 47
1 47
6 47
20 47
44 47
16 47
36 47
7 29
7 32
7 26
7 39
6 7
7 20
7 8
7 44
7 36
29 51
30 51
26 51
39 51
51 55
8 51
46 51
44 51
7 51
51 58
17 57
45 57
23 57
56 57
43 57
10 57
40 57
22 57
3 57
48 57
2 57
30 57
26 57
1 57
6 57
41 57
8 57
24 57
16 57
57 58
21 57
44 53
24 53
7 53
53 57
47 53
5 53
2 25
25 30
19 25
1 25
6 25
8 25
25 46
24 25
16 25
25 58
25 57
21 25
19 50
39 50
50 55
41 50
44 50
16 50
36 50
7 50
47 50
6 59
20 59
46 59
24 59
16 59
58 59
47 59
29 54
30 54
19 54
39 54
6 54
41 54
46 54
24 54
16 54
54 58
54 59
5 54
21 54
14 54
12 54
35 54
18 23
15 18
18 29
18 32
18 26
18 39
1 18
18 20
8 18
16 18
18 36
7 18
18 57
5 18
18 21
18 54
0 18
18 38
11 18
23 52
52 56
10 52
40 52
15 52
48 52
2 52
30 52
26 52
39 52
52 55
20 52
46 52
24 52
7 52
52 57
47 52
5 52
21 52
50 52
28 52
51 52
38 52
52 53
18 52
14 52
9 52
13 44
13 24
13 36
13 57
13 47
5 13
13 21
13 28
0 13
13 38
11 13
13 52
13 18
4 23
4 56
4 10
4 40
4 15
2 4
4 29
4 30
4 19
1 4
4 6
4 41
4 8
4 44
4 16
4 58
4 59
4 5
4 21
4 50
4 28
4 51
4 12
4 52
4 18
4 35
4 27
34 40
15 34
2 34
32 34
19 34
1 34
34 55
20 34
8 34
24 34
7 34
34 58
34 57
21 34
25 34
34 54
0 34
34 38
12 34
34 53
34 35
4 34
29 49
32 49
19 49
39 49
6 49
20 49
46 49
44 49
16 49
49 58
49 59
21 49
25 49
49 50
28 49
49 51
11 49
49 53
35 49
37 59
5 37
25 37
37 50
0 37
37 38
12 37
37 53
35 37
33 37
37 49
31 37
14 37
9 37
34 49
9 49
23 42
42 56
40 42
42 48
29 42
30 42
26 42
39 42
42 55
41 42
42 46
42 44
7 42
42 58
42 47
42 59
25 42
42 54
0 42
42 51
38 42
42 53
35 42
4 42
42 49
31 42
33 42
13 42
13 49
27 34
14 34
33 34
4 13
13 14
13 27
35 52
18 31
14 18
18 33
9 18
31 54
28 54
33 54
38 54
27 54
31 59
27 59
21 59
50 59
0 59
33 59
11 59
35 59
25 50
50 53
0 50
12 50
35 50
50 51
14 50
11 50
25 51
25 28
9 25
25 27
0 25
25 53
25 38
28 53
38 53
12 53
27 53
31 53
14 57
12 57
11 57
28 57
9 57
51 57
47 57
5 51
27 51
31 51
33 51
12 51
11 51
14 51
7 12
0 7
7 58
7 31
5 7
7 47
7 9
7 28
12 47
14 47
33 47
5 47
0 47
35 47
38 47
21 33
28 33
12 33
11 33
14 33
9 33
9 36
28 36
36 58
14 36
36 38
0 36
21 36
5 36
35 36
27 58
35 58
11 58
38 58
16 24
24 31
12 24
24 28
24 27
16 21
16 35
16 38
9 16
16 27
16 31
6 35
6 27
6 8
27 41
27 44
5 27
27 28
12 27
27 35
27 31
9 27
38 44
14 44
11 44
0 44
5 44
5 14
5 28
5 31
5 9
0 39
39 55
31 39
11 39
21 55
9 55
14 55
38 55
28 55
8 55
31 55
20 55
12 55
46 55
20 46
8 46
9 46
21 46
0 46
11 46
28 46
14 46
12 46
1 20
1 12
1 41
1 35
0 1
20 21
9 20
20 38
14 20
20 41
20 28
12 20
8 20
20 31
12 19
19 26
12 21
12 28
11 12
9 12
26 32
21 26
9 26
14 26
26 38
26 28
8 26
11 26
0 26
26 41
26 31
26 35
9 41
21 41
14 41
38 41
11 41
0 41
35 41
28 41
0 30
29 35
8 35
0 35
35 38
11 35
31 48
11 48
0 48
11 29
11 21
0 11
11 31
11 14
15 29
15 31
29 31
8 31
21 31
28 31
14 31
9 31
0 3
21 29
9 29
29 38
14 29
28 29
8 29
0 29
8 9
8 21
8 38
8 14
28 40
0 40
9 28
0 10
0 14
38 43
21 38
0 38
9 38
0 56
0 9
23 45
21 23
17 23
0 23
