60 708
37 52
37 40
37 55
21 52
21 40
21 55
23 37
21 23
52 54
40 54
54 55
23 54
39 52
39 40
39 55
23 39
37 39
21 39
4 52
4 40
4 55
4 23
4 39
5 37
5 21
16 52
16 40
16 55
16 23
16 39
5 16
14 40
14 55
14 39
5 14
14 37
14 21
14 16
14 54
4 14
36 52
36 40
36 55
23 36
36 39
5 36
14 36
52 59
40 59
55 59
23 59
39 59
5 59
14 59
37 59
21 59
4 59
16 59
54 59
42 52
40 42
42 55
23 42
39 42
5 42
14 42
42 59
19 37
19 21
4 19
16 19
19 54
19 42
52 58
40 58
55 58
23 58
39 58
5 58
14 58
58 59
19 58
16 58
5 29
14 29
29 59
16 29
29 37
21 29
4 29
29 54
52 53
40 53
53 55
23 53
5 53
53 59
25 37
21 25
25 54
16 25
4 25
38 39
38 59
25 38
19 38
16 38
3 52
3 40
3 55
3 23
3 39
3 14
3 25
3 19
3 16
3 37
3 21
3 12
12 53
47 53
37 47
21 47
38 47
30 52
30 40
30 55
23 30
30 39
5 30
14 30
30 59
25 30
19 30
29 30
20 37
20 21
4 20
20 53
28 52
28 40
28 55
23 28
28 39
5 28
14 28
28 59
25 28
19 28
3 28
20 28
28 53
4 28
10 52
10 40
10 55
10 23
10 39
5 10
10 14
10 59
10 25
10 19
3 10
10 20
10 47
4 10
37 51
21 51
1 52
1 40
1 55
1 23
1 39
1 5
1 59
1 19
1 29
1 20
23 41
14 41
41 59
16 41
29 41
3 41
41 53
37 41
21 41
41 58
24 41
4 24
10 24
31 41
4 31
31 51
31 48
13 53
4 13
10 13
34 52
34 40
34 55
23 34
34 39
5 34
25 34
19 34
29 34
3 34
34 47
34 42
34 37
22 39
22 59
19 22
16 22
3 22
20 22
22 41
22 42
22 34
15 37
5 11
11 14
11 59
11 19
11 29
11 20
11 47
4 11
11 51
11 15
40 56
5 56
25 56
16 56
3 56
20 56
47 56
42 56
51 56
34 56
10 45
34 45
45 56
29 50
50 53
41 50
4 50
50 51
15 50
13 50
12 50
26 52
26 40
26 55
23 26
26 39
5 26
25 26
19 26
16 26
3 26
26 47
4 26
10 26
15 26
26 48
26 50
26 28
2 13
2 36
2 28
2 26
2 12
2 31
2 37
2 22
49 56
49 50
28 49
2 49
32 52
32 40
32 55
23 32
32 39
5 32
32 59
19 32
16 32
32 53
32 47
32 41
32 51
32 48
13 32
32 36
7 56
7 58
7 21
7 22
43 52
40 43
43 55
23 43
39 43
14 43
43 59
16 43
29 43
20 43
43 53
42 43
43 51
43 48
13 43
7 43
28 43
35 40
35 55
35 39
5 35
25 35
16 35
3 35
20 35
35 47
35 42
35 51
35 48
35 56
35 36
28 35
46 51
46 48
13 46
46 50
28 46
35 46
46 58
45 46
12 46
8 29
8 53
8 41
4 8
8 10
8 34
8 56
8 36
7 8
8 35
8 32
8 21
8 12
17 39
14 17
17 25
16 17
17 29
3 17
17 41
17 42
17 51
17 34
13 17
17 50
17 28
17 58
17 32
17 45
18 41
18 42
10 18
15 18
18 36
18 50
27 52
27 40
27 55
23 27
27 39
27 59
25 27
16 27
27 29
27 53
27 41
4 27
10 27
27 34
13 27
27 50
24 27
21 27
11 27
27 31
27 38
27 45
27 54
18 27
27 30
27 37
27 58
33 40
14 33
33 59
19 33
29 33
3 33
33 41
33 42
33 51
15 33
13 33
33 36
27 33
33 35
33 58
33 45
6 33
33 49
0 33
1 33
12 33
33 54
33 38
24 33
18 35
18 58
6 18
12 18
18 26
18 54
18 49
18 31
18 30
11 18
23 44
14 44
44 59
16 44
3 44
44 53
44 47
4 44
10 44
15 44
44 56
44 50
7 44
2 44
44 58
21 44
24 44
26 44
22 44
43 44
44 46
9 29
9 20
9 47
4 9
9 10
9 34
9 56
9 36
7 9
2 9
40 57
55 57
23 57
14 57
25 57
19 57
3 57
53 57
47 57
42 57
51 57
34 57
13 57
7 57
28 57
35 57
32 57
9 57
12 57
22 57
37 57
24 57
45 57
38 57
11 57
0 57
9 45
6 9
9 26
9 37
9 54
9 31
9 38
9 44
0 9
18 44
0 44
6 30
6 17
6 22
8 17
17 22
17 49
17 31
17 38
1 17
17 30
8 46
8 30
8 22
1 8
8 43
0 8
22 46
43 46
30 46
0 46
1 46
11 35
35 58
35 43
21 35
32 35
35 54
43 58
21 43
12 43
22 43
43 49
30 43
11 43
7 30
7 28
7 32
1 7
7 12
21 32
31 32
32 38
32 49
11 32
1 32
26 32
21 49
24 49
22 49
31 49
38 49
2 30
2 38
0 2
21 26
12 26
24 26
26 37
26 54
11 26
50 54
1 50
31 50
24 50
45 50
28 45
21 45
22 45
12 45
31 45
45 54
11 56
38 56
37 56
1 56
36 56
54 56
12 56
11 36
11 12
11 37
11 31
11 38
11 30
15 28
1 15
12 15
15 22
0 15
13 22
22 28
1 22
34 58
0 34
21 34
34 36
13 34
30 34
34 38
0 13
13 24
13 28
13 31
12 31
24 31
31 37
37 48
48 54
48 58
24 48
21 48
30 48
24 28
21 24
24 30
24 37
24 38
41 54
41 42
1 41
4 41
1 42
1 51
1 58
1 21
1 54
1 38
0 1
10 51
51 54
10 37
10 36
10 28
10 38
10 12
10 30
0 28
20 36
20 30
0 20
30 47
30 42
30 58
30 54
0 47
12 47
4 47
4 12
3 54
3 4
0 3
3 38
4 38
36 38
37 38
25 53
16 53
29 53
37 53
21 53
42 53
53 58
53 54
36 53
29 36
29 42
29 58
42 58
36 58
0 58
54 58
19 36
0 19
16 42
37 42
21 42
42 54
36 42
0 42
36 59
16 36
21 36
36 37
0 36
0 14
16 37
16 21
4 16
16 54
0 16
5 54
4 5
4 37
4 21
39 54
37 54
0 54
21 37
0 37
40 52
0 40
