60 354
36 50
29 36
50 58
24 36
24 58
31 50
24 31
14 36
14 58
14 31
27 50
27 29
24 27
14 27
36 38
38 58
31 38
27 38
46 50
24 46
29 46
14 46
36 37
31 37
37 46
50 51
31 35
35 51
3 50
9 27
18 50
14 18
18 24
18 29
34 36
34 58
31 34
27 34
18 34
34 51
6 27
5 50
5 29
5 24
5 14
11 36
11 58
11 31
11 27
11 46
5 11
6 11
11 14
11 37
11 28
2 51
2 34
2 37
2 28
37 42
3 7
7 34
7 37
7 24
6 57
41 46
5 41
3 41
41 50
24 41
29 41
8 41
8 37
1 31
1 51
1 41
1 14
1 37
1 50
21 36
21 58
21 31
21 51
3 21
14 21
1 21
21 28
21 57
2 21
37 49
6 15
14 15
6 30
30 41
15 30
0 23
23 30
23 42
13 48
16 42
20 36
20 31
20 46
5 20
6 20
20 41
1 20
20 30
20 57
20 55
33 36
33 58
27 33
5 33
6 33
33 34
33 37
15 33
33 42
20 33
47 57
2 47
32 46
18 32
3 32
14 32
15 32
7 32
32 42
1 39
7 39
30 39
39 50
25 51
25 34
0 25
7 25
25 39
16 25
25 35
1 22
7 22
22 39
16 22
21 22
8 22
22 25
1 56
30 56
55 56
20 56
8 56
22 56
24 56
17 47
17 33
17 50
17 56
17 38
36 53
53 58
27 53
5 53
41 53
34 53
15 53
30 53
39 53
16 53
35 53
22 53
23 53
53 56
30 52
12 52
3 54
41 54
0 54
7 54
13 54
2 54
24 54
52 54
19 39
16 19
19 54
19 45
13 26
2 26
26 35
26 45
26 50
26 32
26 38
26 52
24 45
45 49
6 10
10 34
0 10
7 10
10 42
10 55
10 47
10 48
10 19
10 24
10 49
39 59
20 59
21 59
4 6
4 14
4 37
4 28
4 42
4 12
4 21
4 48
4 59
27 40
40 51
6 40
14 40
15 40
28 40
13 40
16 40
40 47
4 40
40 50
38 40
40 52
9 40
44 54
33 44
4 44
25 44
44 59
44 52
4 25
23 59
9 59
10 59
9 19
19 49
19 43
9 43
25 43
11 43
29 54
48 54
48 52
52 53
17 53
32 56
22 38
25 49
12 39
12 55
12 32
12 35
12 50
12 49
32 47
32 48
32 38
29 32
38 47
33 47
8 33
29 33
33 50
9 20
16 20
20 38
16 48
9 48
13 57
13 38
11 13
13 55
9 55
23 55
24 55
21 23
8 23
23 29
23 24
8 30
30 38
30 50
15 35
15 29
15 50
15 57
15 49
49 57
21 49
11 49
11 21
1 8
1 24
1 9
8 57
2 8
8 35
8 11
41 57
34 41
7 57
24 57
29 57
7 42
2 42
35 42
2 11
2 29
28 35
9 28
28 29
11 50
11 29
5 6
6 50
6 37
6 34
34 50
34 38
9 34
29 34
9 18
18 38
3 9
9 35
3 14
3 38
3 35
14 35
35 50
29 51
24 51
14 51
37 51
14 37
37 50
38 46
0 38
14 50
14 24
29 31
24 29
29 58
0 50
