60 177
28 31
31 59
28 40
31 32
32 40
6 28
6 18
50 59
28 50
4 50
21 34
21 59
16 21
4 21
21 32
3 40
3 21
24 33
31 49
40 49
33 49
38 49
16 49
18 49
32 49
50 57
38 57
24 57
0 57
15 24
50 54
54 59
5 16
5 54
52 59
21 52
24 52
5 52
31 41
40 41
41 50
41 59
27 41
5 41
41 58
26 41
20 26
26 28
32 44
29 47
18 29
29 42
8 42
13 55
14 32
40 51
51 59
47 51
14 51
41 51
51 57
1 27
1 54
1 15
53 56
1 56
28 56
11 13
10 47
10 30
22 41
10 22
4 22
22 55
10 35
39 50
38 39
16 39
39 54
2 15
2 43
2 46
13 17
14 17
2 17
17 58
17 46
17 57
3 46
10 46
39 43
31 45
40 45
34 45
21 45
45 47
0 45
43 45
45 55
28 45
4 45
28 43
29 39
25 53
12 32
6 37
37 38
27 37
37 54
23 48
8 48
48 51
11 48
23 37
12 37
37 52
25 36
36 37
12 52
12 25
25 39
10 39
11 30
11 15
11 56
9 49
9 11
1 51
4 7
1 7
14 55
20 55
29 55
13 24
13 32
13 35
0 35
35 53
4 35
8 35
3 8
29 44
44 52
26 44
3 58
52 58
3 5
5 28
15 54
18 54
15 57
49 57
19 32
19 20
19 49
3 19
24 59
3 24
18 24
4 16
4 18
50 53
38 53
27 53
18 53
20 53
18 38
6 32
40 59
28 59
28 34
16 28
16 34
16 47
27 47
20 27
0 20
