60 531
25 51
25 35
35 51
22 25
22 35
3 51
3 22
4 25
4 35
3 4
34 51
22 34
4 34
13 25
13 35
3 13
13 34
26 51
22 26
25 31
31 35
3 31
31 34
26 31
51 56
22 56
4 56
13 56
31 56
24 25
24 35
3 24
24 34
24 26
24 56
25 36
35 36
3 36
34 36
36 51
22 36
31 36
4 36
13 36
24 36
25 43
35 43
3 43
34 43
36 43
25 54
35 54
36 54
14 25
14 35
3 14
14 26
14 51
14 22
14 31
4 14
13 14
14 24
25 37
35 37
34 37
26 37
14 37
37 54
37 51
22 37
13 37
31 37
4 37
10 36
10 14
10 37
16 37
16 51
16 22
16 31
13 16
4 16
35 44
34 44
36 44
44 54
37 44
16 44
25 42
35 42
14 42
42 54
23 51
22 23
13 23
4 23
23 31
6 25
6 35
6 14
6 23
38 51
22 38
13 38
4 38
31 38
6 38
25 45
35 45
3 45
34 45
26 45
45 54
38 45
51 55
22 55
17 36
14 17
17 37
17 55
17 42
17 22
17 51
21 25
21 35
21 56
14 21
21 38
21 55
51 57
5 23
5 45
5 57
5 22
36 50
50 54
37 50
16 50
0 50
22 50
30 36
30 54
30 38
16 30
30 57
22 30
30 50
21 30
10 12
12 30
8 50
8 21
0 53
25 48
35 48
34 48
26 48
14 48
48 54
38 48
16 48
0 48
48 51
6 48
13 48
42 58
48 58
50 58
29 53
45 46
46 51
29 46
21 46
10 46
36 52
23 52
37 52
45 52
52 57
51 52
9 57
9 22
9 51
9 52
9 43
20 56
20 23
20 37
20 45
20 42
20 51
9 20
15 25
15 35
15 34
15 26
15 36
14 15
15 38
15 45
15 42
15 22
15 50
0 33
33 48
9 33
15 33
10 33
12 33
24 40
13 40
33 40
47 56
47 54
23 47
38 47
42 47
47 48
47 51
21 47
47 53
8 47
40 47
11 37
11 16
0 11
11 48
9 11
11 15
11 53
11 58
11 43
11 31
9 32
29 32
10 32
12 32
32 40
11 32
18 25
18 35
18 26
18 23
18 38
18 55
0 18
18 22
9 18
18 29
18 46
12 18
18 43
6 18
0 41
41 48
41 50
21 41
41 46
28 41
19 25
19 35
19 56
14 19
19 38
16 19
19 42
19 57
9 19
19 21
19 53
19 28
27 51
27 29
27 53
27 28
19 27
46 49
12 49
43 49
27 49
30 49
24 49
49 52
17 49
36 59
23 59
38 59
55 59
42 59
22 59
50 59
15 59
53 59
58 59
19 59
49 59
44 59
27 59
4 59
7 35
7 34
7 14
7 54
7 37
7 45
0 7
7 22
7 50
7 15
7 46
7 28
7 43
7 11
7 17
7 33
2 9
2 21
2 46
2 58
2 19
2 43
2 6
2 31
2 7
2 52
2 5
2 13
7 59
1 25
1 35
1 3
1 34
1 26
1 56
1 36
1 14
1 23
1 45
0 1
1 22
1 50
1 15
1 10
1 28
1 19
1 6
1 41
1 27
1 4
1 7
1 24
1 13
7 20
32 59
24 59
41 49
27 44
27 31
27 30
24 27
5 19
19 30
19 41
6 19
28 43
13 28
4 28
39 50
29 39
10 39
39 58
39 43
6 39
39 41
31 39
4 39
5 39
32 39
13 39
18 41
5 41
41 47
33 41
18 30
18 32
5 18
18 33
4 18
32 33
30 32
20 32
5 11
11 20
11 44
11 47
31 47
4 47
30 47
13 47
47 52
17 40
33 43
13 33
20 33
15 24
15 44
15 20
4 15
5 15
15 52
20 46
12 20
8 20
20 44
20 30
20 52
9 31
9 44
46 52
12 52
8 52
44 52
31 52
5 52
44 46
43 46
13 29
6 29
29 58
10 29
10 58
24 58
17 58
6 58
30 58
31 58
43 48
10 48
48 53
24 48
44 48
21 53
31 53
5 53
8 53
24 53
17 53
8 12
5 8
8 31
8 44
4 8
8 43
12 44
24 30
4 50
5 50
21 50
5 24
6 57
21 57
21 22
21 31
17 21
21 43
6 17
4 17
17 31
17 24
17 44
45 55
6 55
45 51
22 45
13 45
24 45
31 45
4 45
10 45
38 43
6 51
6 10
4 6
6 13
0 23
23 24
23 42
16 42
0 42
42 51
22 42
42 43
31 42
13 42
42 44
13 44
16 43
0 16
10 16
10 51
4 10
10 13
24 37
0 37
14 54
51 54
22 54
4 54
31 54
13 54
24 54
43 54
0 36
0 24
24 51
0 56
22 31
4 26
13 26
0 26
13 51
0 34
0 4
4 51
0 3
0 22
22 51
0 35
0 51
0 25
