60 531
4 47
47 58
0 58
4 13
47 50
0 50
13 50
42 47
0 42
13 42
4 42
15 47
0 15
13 15
15 42
4 24
15 24
24 58
24 50
0 3
3 42
3 24
11 47
0 11
11 13
11 42
11 24
4 11
11 58
11 15
11 50
24 57
4 57
15 57
50 57
57 58
7 57
7 11
33 47
0 33
13 33
33 42
33 57
33 58
4 33
33 50
15 33
24 46
46 58
33 46
0 14
14 42
14 57
11 14
49 58
4 49
15 49
49 50
0 6
6 42
6 24
6 57
6 49
6 14
38 49
4 44
15 44
44 50
9 49
9 44
4 30
2 33
4 12
5 24
5 58
5 33
5 12
5 30
4 45
35 42
35 58
33 35
12 35
35 45
1 35
34 42
11 34
33 34
34 44
30 34
34 35
5 34
38 48
4 25
7 25
39 47
0 39
13 39
39 42
39 57
11 39
39 58
14 39
39 45
25 39
5 39
3 39
15 39
39 46
26 49
26 44
26 38
49 52
14 52
45 52
4 52
3 52
18 24
18 57
18 49
14 18
18 38
18 52
18 35
5 18
15 18
47 53
0 53
24 53
11 53
33 53
44 53
12 53
1 53
50 53
48 53
15 22
9 22
47 54
0 54
13 54
42 54
54 57
11 54
54 58
14 54
30 54
1 54
50 54
5 54
22 54
53 54
39 54
8 45
8 25
8 50
3 8
8 46
8 53
8 39
20 42
11 20
20 58
20 44
20 30
20 52
28 58
14 28
28 38
28 52
28 35
3 28
28 50
21 28
4 28
28 46
6 28
9 28
38 59
1 59
28 59
15 59
40 42
11 40
40 49
12 40
38 40
1 40
35 40
40 48
21 40
0 56
11 56
33 56
44 56
45 56
1 56
5 56
3 56
40 56
46 56
53 56
31 47
0 31
13 31
31 42
31 57
31 58
31 49
12 31
31 45
1 31
31 50
15 31
23 42
23 57
23 33
14 23
23 30
23 52
23 35
23 48
22 23
33 37
37 44
37 38
1 37
28 37
37 48
23 37
37 46
26 37
8 37
0 16
13 16
16 24
16 57
16 58
16 44
16 30
16 38
16 35
15 16
16 22
19 45
19 25
19 50
3 19
19 23
27 47
0 27
13 27
27 42
27 57
11 27
27 49
12 27
27 45
27 52
27 35
3 27
22 27
27 46
19 27
2 27
6 27
4 27
7 27
32 38
32 52
32 50
32 48
32 40
27 32
29 40
27 29
29 32
29 31
0 10
10 13
10 42
10 58
10 49
10 44
10 30
10 25
5 10
10 15
10 22
10 53
10 26
10 29
10 56
33 55
14 55
12 55
25 55
5 55
48 55
40 55
19 55
26 55
31 55
29 55
4 55
10 55
34 55
21 55
2 55
36 50
5 36
36 40
19 36
26 36
8 36
29 36
17 47
0 17
17 42
17 58
17 33
12 17
17 30
17 52
17 50
3 17
17 23
17 19
17 39
17 29
16 17
4 17
17 36
17 54
24 41
11 41
41 58
14 41
41 45
1 41
5 41
15 41
22 41
41 53
32 41
18 41
16 41
17 41
2 41
10 41
9 41
34 41
6 17
34 36
2 36
10 36
6 36
10 59
9 10
29 56
29 34
18 32
32 34
2 32
47 51
0 51
13 51
42 51
51 57
51 58
33 51
14 51
12 51
1 51
50 51
48 51
40 51
46 51
32 51
8 51
20 51
51 54
2 51
21 51
9 51
7 51
4 32
16 32
12 43
43 52
43 50
5 43
40 43
27 43
39 43
18 43
16 43
4 43
43 54
43 59
21 43
7 43
16 19
19 34
19 53
19 59
19 20
16 18
4 16
16 37
16 59
4 37
2 37
37 59
6 37
20 37
4 23
23 46
23 31
23 26
6 23
20 23
31 53
26 31
18 31
31 59
6 31
7 31
31 56
6 56
56 59
20 56
9 56
7 40
40 59
39 59
21 59
20 28
28 48
5 20
20 26
8 20
7 20
20 54
9 20
8 9
8 54
8 34
7 54
34 54
2 22
22 53
18 53
21 53
4 18
2 18
18 21
6 52
26 52
2 52
26 35
26 48
26 46
26 39
7 26
6 39
9 39
25 48
9 25
15 25
34 48
21 48
2 48
15 34
21 34
4 35
21 35
35 46
15 35
1 45
7 45
1 4
1 50
1 5
5 7
12 15
2 12
12 50
2 30
2 50
2 9
9 30
30 38
30 46
15 30
9 15
9 46
38 44
3 44
4 38
21 38
6 38
3 38
3 6
6 7
6 21
14 49
3 49
4 14
7 14
14 21
14 50
14 46
3 46
21 46
7 33
3 7
4 7
21 57
11 21
21 58
3 11
3 4
3 15
15 58
42 50
42 58
50 58
13 58
4 58
0 4
