60 708
13 34
8 34
8 14
8 51
34 54
14 54
51 54
3 13
3 8
3 54
11 34
11 14
11 51
3 11
32 34
14 32
32 51
3 32
13 32
32 54
8 32
11 32
32 36
34 59
14 59
51 59
3 59
32 59
34 45
45 51
32 45
13 45
8 45
45 54
11 45
36 45
7 34
7 14
7 51
3 7
7 32
7 45
1 34
1 14
1 51
1 3
1 32
1 45
1 8
1 13
1 54
1 11
1 36
1 7
1 59
24 34
14 24
24 51
3 24
24 32
24 45
1 24
22 34
14 22
22 51
3 22
22 32
22 45
1 22
22 54
8 22
13 22
11 22
22 36
22 59
22 24
7 22
22 25
52 54
8 52
13 52
11 52
36 52
52 59
25 52
1 50
50 52
37 54
8 37
11 37
36 37
32 48
45 48
1 48
13 48
37 48
38 54
8 38
11 38
30 34
14 30
30 51
3 30
30 32
30 45
22 30
13 30
8 49
49 54
11 49
29 34
14 29
29 51
3 29
29 32
29 45
22 29
13 29
29 49
29 38
34 44
14 44
44 51
3 44
32 44
44 45
22 44
13 44
44 49
38 44
28 54
8 28
11 28
12 28
44 58
16 22
4 8
4 13
4 54
4 11
4 36
4 7
4 24
4 59
22 23
4 23
23 37
23 36
23 33
23 44
23 24
34 40
14 40
40 51
3 40
32 40
40 45
1 40
22 40
13 40
38 40
28 40
40 44
29 40
2 22
2 13
2 49
2 36
2 28
2 58
2 50
2 40
9 32
9 45
1 9
9 13
9 49
9 38
9 36
9 44
9 24
9 29
26 34
14 26
26 51
3 26
26 32
26 45
22 26
13 26
26 37
26 36
26 33
26 44
26 29
26 40
1 17
13 17
17 49
17 38
17 28
16 17
17 24
11 17
17 26
32 57
1 57
22 57
4 57
37 57
36 57
44 57
16 57
50 57
40 57
26 57
10 28
10 44
10 50
10 11
34 53
14 53
51 53
3 53
32 53
45 53
22 53
4 53
37 53
36 53
33 53
16 53
50 53
11 53
26 53
23 53
6 13
6 38
6 28
6 16
6 24
6 11
6 53
6 57
6 54
6 25
6 12
34 39
39 51
32 39
1 39
22 39
4 39
13 39
39 49
33 39
39 50
29 39
39 40
9 39
39 57
3 41
41 45
1 41
13 41
37 41
36 41
28 41
41 44
24 41
11 41
26 41
41 53
33 55
16 55
29 55
11 55
9 55
48 55
41 55
0 55
13 56
36 56
28 56
44 56
24 56
40 56
26 56
48 56
15 33
15 58
15 50
15 29
15 26
15 48
15 41
15 23
13 18
18 36
18 44
16 18
18 29
11 18
18 26
18 57
15 18
18 25
8 18
6 18
9 46
46 57
46 54
0 46
12 46
46 56
46 55
34 43
14 43
43 51
3 43
32 43
43 45
1 43
13 43
37 43
43 49
33 43
43 58
24 43
11 43
26 43
43 53
41 43
25 43
43 56
39 43
43 46
23 43
22 42
4 42
37 42
38 42
33 42
42 58
29 42
40 42
9 42
42 48
41 42
0 42
8 42
39 42
5 22
5 13
5 37
5 49
5 36
5 58
5 24
5 11
5 26
5 53
5 41
5 25
0 5
5 6
5 7
19 34
14 19
19 51
19 45
1 19
13 19
19 49
19 38
19 44
19 58
19 24
11 19
9 19
19 48
19 41
19 25
12 19
19 56
5 19
17 19
2 19
19 30
20 32
20 45
1 20
13 20
20 37
20 49
20 33
16 20
20 24
20 40
9 20
20 57
20 54
20 25
12 20
6 20
20 46
20 23
20 42
19 20
13 27
27 38
27 28
27 58
27 50
11 27
9 27
27 48
15 27
25 27
12 27
27 39
27 46
23 27
27 42
27 55
35 50
11 35
26 35
35 48
35 54
0 35
8 35
6 35
5 35
18 35
2 35
22 47
4 47
13 47
47 49
36 47
16 47
47 50
40 47
47 53
47 48
41 47
15 47
12 47
6 47
46 47
18 47
17 47
10 47
35 47
30 47
31 34
14 31
31 51
3 31
31 32
31 45
1 31
31 52
31 37
31 36
28 31
31 58
31 50
11 31
26 31
31 48
31 54
25 31
12 31
31 56
31 46
23 31
2 31
31 47
31 35
10 31
30 31
1 21
4 21
21 37
21 38
21 44
16 21
21 50
21 29
21 53
21 57
21 54
15 21
8 21
21 39
6 21
21 23
21 42
19 21
21 35
21 31
21 43
21 59
7 47
27 35
30 35
27 43
10 27
20 27
10 20
7 20
20 59
19 59
19 55
5 42
5 17
5 59
5 10
2 5
18 42
2 42
42 43
10 42
43 55
10 43
30 43
30 46
18 46
17 18
18 30
18 55
2 18
15 56
15 17
15 39
0 15
15 59
7 15
25 56
8 56
7 56
55 56
17 56
30 56
10 56
39 55
17 55
7 55
55 59
39 41
17 41
2 41
8 41
25 41
8 39
23 39
39 59
2 39
6 39
6 7
6 23
0 53
10 53
12 53
30 53
2 53
8 53
10 57
10 54
0 10
10 12
10 23
54 57
48 57
12 57
7 57
17 57
57 59
12 17
17 59
2 17
7 17
9 26
26 54
7 26
9 25
8 9
9 59
9 48
2 9
9 30
2 25
2 8
2 59
12 40
8 40
25 40
7 40
23 40
30 40
40 48
23 48
0 23
12 23
7 23
4 16
13 16
16 38
16 28
16 54
8 16
11 16
16 58
0 16
16 24
16 25
16 59
8 58
54 58
30 58
29 58
48 58
50 58
11 58
12 58
12 29
12 54
0 12
28 44
28 48
8 44
44 54
11 44
24 44
29 44
24 29
7 29
29 54
8 29
29 30
29 59
36 49
30 49
7 49
24 49
30 38
30 36
30 54
0 30
8 30
7 30
25 38
38 50
38 48
24 48
25 48
0 48
24 37
37 50
33 50
8 50
50 54
7 50
50 59
0 50
7 52
13 25
25 33
24 25
8 25
13 24
24 54
8 24
11 24
7 36
7 33
7 54
7 59
45 59
13 59
36 59
33 59
54 59
8 59
11 13
11 36
11 33
11 54
0 11
3 36
13 54
36 54
33 54
0 54
13 51
36 51
8 13
8 36
8 33
0 8
13 14
14 36
13 36
34 36
33 36
0 33
