60 531
36 51
24 36
35 51
24 35
27 36
27 35
37 51
24 37
27 37
20 36
20 35
20 37
51 53
24 53
27 53
20 53
1 36
1 35
1 37
7 51
7 24
7 27
7 20
1 7
4 36
4 35
4 37
4 7
4 53
29 51
24 29
27 29
20 29
1 29
4 29
29 35
46 51
27 46
20 46
4 46
8 36
8 35
8 37
7 8
8 53
8 34
16 51
16 27
16 20
4 16
8 16
16 36
16 37
7 16
16 53
27 56
4 56
35 56
16 56
11 51
11 24
1 11
4 11
11 35
11 16
11 36
11 37
35 39
16 39
11 39
36 52
37 52
39 52
9 27
4 9
9 35
9 46
11 13
13 36
13 37
8 30
16 30
13 30
33 36
33 37
29 33
6 8
6 16
6 13
6 33
18 36
6 18
20 41
4 41
8 41
35 41
41 46
41 52
18 41
2 13
2 52
36 43
26 27
1 26
26 35
26 46
11 26
13 26
26 43
26 42
9 26
6 26
20 44
4 44
35 44
16 44
44 46
21 36
21 56
15 35
15 16
13 15
15 21
15 18
15 34
14 18
14 42
9 14
13 19
19 33
18 19
24 45
27 45
20 45
1 45
8 45
45 46
11 45
33 45
43 45
36 45
51 57
24 57
27 57
20 57
1 57
4 57
8 57
35 57
46 57
52 57
18 57
45 57
14 57
6 57
44 57
53 57
28 35
16 28
28 46
13 28
2 28
28 34
14 28
28 39
28 44
28 57
19 28
15 28
28 30
5 8
5 35
5 13
5 52
5 43
5 42
5 34
9 38
22 43
22 42
14 22
22 38
22 44
11 12
12 52
12 21
12 34
9 12
12 39
0 12
20 31
4 31
31 35
16 31
31 46
31 33
2 31
31 42
31 34
31 39
6 31
12 31
8 17
17 46
11 17
17 52
2 17
17 45
9 17
6 17
17 44
17 57
17 31
17 53
18 40
40 45
14 40
39 40
2 49
42 49
43 48
45 48
48 50
38 48
0 48
48 49
29 48
15 48
0 54
41 54
31 54
10 51
10 24
10 27
1 10
8 10
10 35
10 11
10 21
10 43
10 45
10 50
10 38
10 49
10 57
10 31
7 10
0 58
12 58
10 58
15 58
30 58
9 59
6 59
44 59
57 59
29 59
15 59
51 55
24 55
20 55
1 55
35 55
16 55
11 55
52 55
43 55
45 55
34 55
38 55
6 55
55 57
41 55
54 55
30 55
26 55
37 55
55 59
32 51
27 32
20 32
1 32
32 35
16 32
13 32
21 32
18 32
32 45
32 34
32 39
0 32
32 41
19 32
32 53
32 55
26 32
32 56
5 32
22 32
32 37
17 55
9 23
23 38
0 23
23 49
19 23
23 53
23 40
23 59
23 36
25 51
25 27
20 25
4 25
8 25
25 35
11 25
25 33
21 25
25 45
25 50
25 39
25 44
25 57
19 25
25 54
25 30
5 25
29 47
47 54
40 47
47 59
47 56
7 47
47 48
25 47
22 25
25 28
23 25
7 23
23 28
3 51
3 27
3 20
3 4
3 35
3 16
3 13
3 33
3 21
3 34
3 50
3 6
3 44
3 49
3 19
3 53
3 40
3 59
3 58
3 37
3 7
3 17
7 59
58 59
36 58
28 58
26 58
10 54
10 15
10 22
10 26
5 10
40 54
48 54
36 54
5 48
26 48
17 48
48 56
7 50
49 50
39 49
29 49
40 49
7 49
49 56
30 49
41 49
12 40
31 40
40 56
17 40
22 40
17 36
17 56
15 31
22 31
31 36
31 56
12 19
12 37
12 22
7 12
5 12
12 29
22 37
22 26
7 22
37 38
5 38
7 38
0 38
38 53
6 38
5 44
5 29
5 30
5 28
5 36
26 28
41 57
56 57
19 45
9 45
7 45
44 45
14 19
19 39
0 19
19 29
19 30
19 53
14 15
14 53
14 30
14 29
6 14
14 41
15 39
0 15
15 41
7 15
15 37
21 44
21 34
2 44
9 44
39 44
37 44
26 44
26 41
26 29
2 43
0 43
43 53
43 56
2 36
2 29
2 30
2 7
2 42
2 9
2 39
2 37
37 42
41 42
30 42
6 42
29 42
0 42
36 42
9 41
36 41
30 41
29 41
18 34
6 29
6 30
6 36
30 33
30 53
7 30
9 13
7 13
13 53
9 52
9 39
9 37
9 56
0 52
34 39
39 56
11 56
11 29
7 11
0 11
11 53
34 56
53 56
37 56
16 34
34 46
34 53
0 34
34 36
0 8
8 46
35 46
36 46
37 46
0 46
29 46
7 46
46 53
29 37
0 4
7 35
1 53
0 1
35 53
0 53
36 53
0 20
35 37
36 37
0 27
35 36
0 24
0 36
0 51
