60 177
0 53
47 53
14 33
14 18
14 26
20 26
33 41
18 41
26 41
41 57
14 57
23 31
33 54
18 54
31 54
54 58
2 54
2 44
16 23
16 24
16 36
13 33
13 26
33 35
18 35
35 49
17 49
17 58
13 17
36 59
20 59
12 59
12 47
17 27
10 27
29 41
29 50
6 29
6 20
6 44
18 55
3 14
3 20
3 55
18 30
3 30
30 49
17 30
23 30
30 43
14 30
30 36
19 23
19 35
25 27
8 25
31 37
4 20
4 14
4 41
4 37
25 37
7 25
7 46
7 12
7 37
7 14
23 48
7 48
8 48
11 14
11 15
15 40
1 29
1 16
1 44
1 40
1 50
1 6
15 41
8 9
9 53
8 45
30 45
41 45
9 45
9 15
10 11
11 34
34 55
28 42
42 53
13 42
37 42
28 50
28 51
24 28
34 51
12 51
38 44
13 38
38 51
31 56
56 58
17 56
46 56
14 56
13 56
48 56
38 56
34 48
12 48
5 23
5 43
5 37
5 13
5 54
5 19
37 55
37 50
25 53
20 25
8 35
8 19
19 30
19 21
0 55
47 55
27 55
35 55
6 55
21 55
21 39
6 39
43 50
24 50
10 43
10 21
10 54
10 36
12 27
21 27
12 14
12 36
21 59
17 21
20 21
17 35
23 35
13 35
35 41
13 49
13 16
14 16
24 46
24 53
52 54
24 52
44 46
41 44
20 54
22 53
22 54
23 58
31 36
31 41
14 31
20 31
36 41
14 32
20 32
20 33
18 20
20 36
20 53
18 36
36 47
