60 177
44 57
36 44
34 57
34 36
27 44
27 34
37 57
8 44
8 34
8 37
8 57
24 34
24 57
24 33
39 44
39 57
33 39
3 39
19 50
36 50
32 52
51 57
51 52
32 51
44 56
7 57
7 27
7 56
7 36
56 57
3 56
45 56
51 56
19 20
20 56
5 20
5 36
20 51
11 57
25 27
25 32
8 25
11 25
15 44
35 57
15 35
15 33
15 25
15 32
12 45
12 15
3 10
2 57
2 25
2 27
2 40
16 19
16 56
17 32
17 56
16 17
39 47
26 47
14 32
3 54
24 54
11 54
8 38
38 58
54 58
9 15
9 14
9 58
9 22
4 27
4 40
4 59
4 29
27 48
48 50
6 31
10 21
19 23
23 40
23 39
21 23
23 48
10 55
20 55
12 55
23 55
6 21
13 39
13 21
1 16
1 24
1 13
0 46
18 19
18 54
0 18
4 18
18 46
2 18
31 43
29 43
13 43
43 46
1 46
6 48
6 22
31 48
8 31
4 48
11 59
24 59
29 59
22 29
2 22
51 58
2 58
15 28
8 28
12 28
28 58
14 54
14 26
14 36
44 53
34 53
33 53
52 53
27 53
53 56
0 53
24 53
17 53
14 53
17 47
12 47
11 17
2 16
0 16
10 40
10 39
10 12
15 51
15 41
11 45
11 20
11 41
36 51
36 52
27 32
32 41
41 50
8 41
41 49
36 49
8 50
39 50
19 45
39 45
0 45
3 24
0 3
36 42
24 42
8 30
24 30
8 33
33 36
36 37
27 37
27 57
0 27
0 57
