60 177
12 56
11 12
12 38
12 41
38 50
41 50
50 53
33 53
20 33
3 38
5 11
5 38
7 12
5 7
7 58
15 53
35 41
15 35
37 48
0 10
3 17
17 35
31 41
31 57
41 43
43 57
0 22
22 31
22 50
22 30
0 46
46 52
24 43
10 24
24 34
7 39
28 39
3 39
17 39
39 59
6 38
6 41
6 7
6 15
6 37
6 29
5 29
23 38
23 41
23 53
15 23
3 23
23 29
13 38
13 41
13 53
13 20
0 13
13 43
13 31
13 23
11 16
16 38
16 53
16 20
16 43
40 49
47 49
16 49
49 59
0 26
32 50
12 32
32 58
26 32
26 27
27 33
1 31
1 35
1 46
1 26
26 49
26 50
21 33
21 49
16 47
13 16
16 54
35 54
54 58
48 54
12 16
13 42
14 53
14 15
14 22
10 14
14 39
11 18
18 38
7 18
15 18
18 43
18 52
18 24
18 36
18 46
18 23
14 36
14 42
3 25
10 25
25 31
14 25
12 25
25 46
2 55
30 55
19 40
19 29
19 55
19 30
19 33
2 19
51 55
48 51
12 51
42 51
9 50
9 42
5 8
8 23
23 58
6 39
6 48
6 45
34 44
44 45
6 30
39 58
34 59
12 59
33 34
24 46
24 50
2 52
30 52
5 30
22 43
12 43
17 31
31 48
10 17
17 33
10 48
35 37
37 58
4 35
4 5
35 50
12 15
15 58
2 58
5 28
3 5
2 5
3 28
2 28
3 33
20 50
38 56
11 38
38 53
11 53
2 53
2 40
0 40
