60 354
25 37
37 45
25 45
19 37
19 45
19 25
0 19
16 19
37 51
45 51
25 51
0 51
16 51
19 50
50 51
9 37
9 45
9 25
0 9
9 16
9 50
29 40
46 50
40 46
5 24
8 25
0 8
19 43
43 48
15 48
6 37
6 45
6 25
0 6
6 50
6 15
25 49
0 49
49 50
10 29
29 47
10 47
25 31
16 31
31 43
31 40
24 31
31 51
7 43
7 40
7 31
22 37
0 22
19 33
37 56
45 56
25 56
16 56
33 56
29 56
31 56
13 49
28 45
0 28
28 50
28 40
18 28
13 28
37 42
25 42
33 42
40 42
10 42
8 42
42 48
1 31
1 22
1 42
1 46
18 41
29 32
10 32
18 32
8 32
18 30
30 32
13 30
37 53
45 53
25 53
16 53
29 53
40 53
10 53
32 53
5 53
30 53
19 53
37 54
45 54
25 54
0 54
43 54
40 54
31 54
22 54
5 54
53 54
25 55
16 55
50 55
15 55
31 55
8 55
5 55
4 37
4 45
4 25
0 4
19 44
44 51
12 44
12 29
12 24
8 12
12 48
12 19
12 55
11 45
11 25
11 43
11 15
11 18
8 11
11 48
11 53
11 55
7 11
1 11
23 54
11 23
21 25
0 21
16 21
21 40
10 21
21 49
21 42
21 41
6 21
21 54
13 17
17 46
6 17
17 28
34 43
34 40
18 34
8 34
34 42
34 46
6 34
28 34
17 34
1 39
24 59
22 59
5 59
41 59
51 59
30 59
37 38
38 45
25 38
0 38
38 43
29 38
38 49
32 38
5 38
38 46
38 41
30 38
12 38
1 38
2 38
3 24
3 13
14 46
25 26
0 26
26 50
15 26
26 31
13 26
14 26
4 26
26 51
24 58
49 58
14 58
53 58
54 58
27 43
15 27
10 27
27 32
27 48
19 27
27 54
27 58
17 27
20 50
10 20
20 49
8 20
20 48
4 20
20 51
20 54
17 20
33 52
40 52
24 52
32 52
5 52
52 53
6 52
28 52
20 52
26 52
6 35
30 35
35 58
35 52
23 35
34 35
36 41
28 36
1 36
36 52
3 36
36 47
33 57
10 57
49 57
22 57
48 57
4 57
41 57
57 58
1 57
20 57
7 57
57 59
20 27
27 47
27 34
26 58
47 58
2 26
12 26
3 26
5 14
14 51
3 14
3 19
3 51
3 30
2 3
3 59
2 7
38 59
39 59
34 39
7 39
17 21
21 56
21 23
9 21
23 56
9 23
11 47
11 12
12 56
7 12
4 44
4 15
4 31
4 22
4 5
4 28
4 55
4 46
4 41
47 55
7 55
55 56
54 55
51 53
6 30
30 56
32 46
32 41
32 48
13 41
1 41
7 42
19 42
6 42
28 42
28 51
9 28
13 47
13 56
9 13
48 56
46 56
9 56
22 33
10 22
18 22
6 22
19 22
9 22
7 22
7 19
31 47
47 48
19 47
9 47
10 49
8 10
18 49
19 49
8 49
6 49
6 19
9 15
24 48
8 43
5 8
8 51
18 24
9 24
18 46
9 46
19 40
9 29
29 51
9 51
0 45
0 25
0 37
