60 177
0 53
49 54
17 54
49 57
17 57
1 57
52 57
49 52
35 52
27 35
27 49
17 27
26 57
26 52
26 27
4 49
4 35
4 14
21 57
21 52
15 21
35 48
42 48
30 57
30 52
11 30
30 42
30 50
15 18
5 57
5 52
4 5
5 13
14 29
29 58
16 55
36 52
36 48
16 36
18 36
10 31
16 44
18 22
13 20
20 22
24 39
20 24
10 24
0 37
37 49
23 55
3 23
12 23
27 28
28 42
0 28
28 35
23 28
28 53
28 36
46 47
47 49
17 47
2 50
2 22
9 50
9 35
41 50
18 41
9 41
41 53
16 38
33 38
17 33
21 38
38 44
1 59
23 59
38 59
40 59
38 41
26 41
9 53
2 9
7 9
7 14
7 30
7 45
0 56
49 56
23 56
30 56
56 58
45 56
6 21
1 51
6 51
25 27
25 42
16 25
3 25
1 25
25 51
25 58
19 58
19 25
29 34
34 35
17 34
34 51
2 34
34 37
6 45
6 30
2 45
2 47
47 53
20 47
40 46
18 46
46 50
18 40
8 31
8 17
8 44
8 40
28 40
10 40
12 37
37 43
26 43
24 37
20 39
5 20
22 44
10 44
14 44
1 31
31 36
14 36
5 36
16 35
3 55
49 55
3 58
3 14
3 21
21 58
5 29
5 49
5 17
14 32
5 32
13 18
13 21
18 30
26 30
11 50
48 50
1 50
1 48
21 48
21 26
15 42
15 17
17 42
14 42
42 49
1 4
4 26
0 26
26 35
1 35
17 52
1 52
0 17
49 53
