60 885
1 9
3 9
1 3
9 20
3 20
1 4
4 20
9 18
3 18
4 18
1 5
5 20
9 54
3 54
4 54
5 54
3 56
4 56
1 56
20 56
18 56
54 56
9 35
3 35
4 35
5 35
35 56
0 35
3 16
16 56
1 16
16 20
16 18
16 54
16 35
9 50
3 50
4 50
5 50
50 56
0 50
16 50
1 38
20 38
18 38
38 54
38 50
35 38
9 11
3 11
4 11
5 11
11 56
0 11
11 16
11 38
11 20
1 13
13 54
13 18
13 35
13 50
9 47
3 47
4 47
5 47
47 56
0 47
16 47
38 47
20 47
13 47
1 47
18 47
47 54
47 50
35 47
9 31
3 31
4 31
5 31
31 56
0 31
16 31
31 38
20 31
13 31
31 47
3 15
5 15
15 56
0 15
15 16
13 15
15 47
1 15
15 18
15 54
15 35
15 50
11 15
15 31
9 28
3 28
4 28
5 28
28 56
0 28
16 28
28 38
20 28
13 28
28 47
15 28
16 52
20 52
13 52
15 52
1 52
18 52
52 54
50 52
35 52
11 52
31 52
28 52
9 44
3 44
4 44
5 44
44 56
0 44
16 44
38 44
20 44
13 44
44 47
15 44
44 52
1 25
18 25
25 54
25 35
25 50
25 31
11 25
25 44
16 22
20 22
15 22
22 25
3 39
5 39
39 56
0 39
38 39
20 39
13 39
25 39
1 39
18 39
39 54
39 50
35 39
11 39
31 39
0 6
6 20
6 15
6 52
6 39
6 28
3 40
20 40
15 40
25 40
39 40
16 43
20 43
13 43
43 52
39 43
28 43
1 43
18 43
43 54
35 43
43 50
3 33
5 33
33 56
0 33
33 38
20 33
13 33
25 33
33 39
33 43
33 40
18 33
31 33
9 41
3 41
4 41
5 41
41 56
0 41
16 41
20 41
41 47
25 41
1 42
42 54
18 42
42 50
35 42
11 42
31 42
3 51
20 51
47 51
15 51
42 51
43 51
47 55
15 55
39 55
3 8
5 8
8 56
0 8
8 38
8 20
8 15
8 52
8 42
8 28
1 8
8 18
8 54
8 35
8 50
8 22
3 30
0 30
30 38
20 30
13 30
15 30
30 39
8 30
30 55
18 30
30 31
0 49
13 49
47 49
49 52
39 49
43 49
40 49
18 49
19 39
8 19
19 40
18 19
19 31
1 19
3 53
4 53
53 56
0 53
16 53
20 53
47 53
52 53
42 53
28 53
40 53
18 53
19 53
41 53
30 53
35 53
51 53
53 54
2 3
2 5
2 56
0 2
2 16
2 20
2 47
2 25
2 28
2 8
2 55
2 18
2 19
2 41
2 30
2 51
3 29
29 56
0 29
20 29
29 47
15 29
28 29
8 29
29 55
9 14
3 14
4 14
5 14
14 56
0 14
14 38
14 20
14 47
14 52
14 42
14 28
1 14
14 18
14 54
3 37
20 37
37 47
15 37
28 37
8 37
14 37
31 37
19 37
37 49
14 27
18 27
19 27
3 57
5 57
56 57
0 57
16 57
20 57
47 57
52 57
42 57
28 57
40 57
18 57
19 57
1 57
9 24
3 24
4 24
5 24
24 56
0 24
16 24
20 24
24 47
24 52
24 42
24 43
14 24
18 24
24 57
24 49
24 30
24 35
6 24
24 54
2 24
24 53
12 13
12 52
12 39
8 12
12 55
12 14
12 31
12 41
12 27
12 35
6 12
12 54
2 12
12 53
1 12
3 45
0 45
16 45
13 45
45 47
15 45
42 45
43 45
45 55
14 45
31 45
45 49
27 45
45 51
6 45
13 23
23 25
23 39
8 23
23 40
18 23
23 31
23 49
23 30
23 51
6 23
1 23
9 58
3 58
4 58
5 58
56 58
0 58
16 58
38 58
20 58
13 58
15 58
25 58
39 58
55 58
40 58
14 58
31 58
57 58
27 58
35 58
29 58
23 58
22 58
16 46
20 46
15 46
25 46
39 46
43 46
40 46
14 46
46 57
46 49
41 46
46 51
6 46
29 46
22 46
46 53
1 46
46 58
3 21
4 21
5 21
21 56
0 21
16 21
21 38
20 21
21 47
21 52
21 28
21 43
21 55
14 21
21 57
21 41
21 30
21 35
21 29
21 54
21 22
21 46
3 59
20 59
47 59
52 59
28 59
43 59
40 59
18 59
31 59
49 59
41 59
35 59
29 59
54 59
22 59
46 59
1 59
21 59
50 59
9 48
3 48
4 48
48 56
0 48
16 48
20 48
13 48
47 48
48 52
28 48
43 48
40 48
18 48
19 48
48 57
41 48
30 48
6 48
29 48
22 48
46 48
48 59
3 17
0 17
16 17
17 20
15 17
17 25
17 28
17 43
17 55
17 31
17 19
17 57
17 30
17 51
17 29
17 54
2 17
17 46
12 17
1 17
32 39
32 43
32 40
31 32
19 32
32 41
27 32
32 51
29 32
23 32
32 54
32 53
32 59
17 32
10 13
10 25
10 42
10 43
10 55
10 14
10 31
10 49
10 27
10 35
6 10
10 29
10 22
10 53
10 59
10 17
10 32
10 50
10 24
10 58
10 45
0 26
20 26
26 47
26 52
26 39
26 43
14 26
18 26
19 26
26 49
26 27
26 30
6 26
23 26
26 54
26 46
12 26
17 26
10 26
1 26
3 7
0 7
7 38
7 20
7 47
7 25
7 42
7 8
7 55
7 14
7 31
7 57
7 27
7 51
6 7
7 54
7 22
7 53
7 12
7 17
7 26
28 34
8 34
34 55
14 34
34 57
34 49
27 34
34 35
29 34
23 34
2 34
34 46
34 59
12 34
21 34
1 34
3 36
5 36
36 56
0 36
36 38
13 36
36 47
25 36
36 42
36 43
36 55
18 36
36 57
36 49
30 36
35 36
6 36
23 36
2 36
36 53
36 59
17 36
21 36
34 36
36 45
36 44
36 37
24 36
11 36
33 36
34 44
7 34
33 34
34 48
34 45
7 45
7 58
7 24
7 50
7 32
7 11
26 33
11 26
26 37
26 48
26 58
10 44
10 48
1 32
32 44
32 37
32 33
32 58
32 48
17 48
17 50
11 17
44 48
24 48
48 58
48 50
58 59
44 59
21 45
21 58
1 21
21 37
21 33
21 44
21 24
44 46
37 46
45 58
11 58
33 58
22 23
23 45
23 33
2 23
23 54
11 23
23 37
22 45
2 45
12 45
1 45
33 45
24 45
11 12
12 33
12 37
12 24
1 24
24 33
24 50
22 57
54 57
27 57
51 57
49 57
29 57
6 57
27 41
1 27
27 51
27 37
27 44
11 27
27 30
27 54
37 51
6 37
22 37
1 37
37 44
33 37
37 50
11 37
14 29
14 41
14 50
14 31
6 14
19 29
29 41
29 30
1 29
29 54
29 33
29 44
2 29
2 22
1 2
2 11
2 33
2 50
2 53
1 53
11 53
50 53
33 53
19 50
19 35
11 19
19 44
19 49
6 19
1 49
22 49
35 49
11 49
41 49
30 49
1 30
30 50
6 30
30 33
30 35
8 44
8 11
8 55
8 31
8 41
1 55
18 55
54 55
35 55
50 55
51 55
11 55
41 55
18 51
31 51
35 51
1 51
33 51
6 51
44 51
11 51
42 44
41 42
28 42
31 41
1 41
41 54
33 41
41 50
41 44
22 41
40 43
1 40
40 54
18 40
31 40
6 40
40 44
40 50
35 40
22 40
1 6
6 50
6 22
22 39
18 22
22 35
1 22
22 44
25 28
18 44
44 54
11 44
44 50
1 28
28 54
18 28
28 50
28 35
11 28
28 31
1 31
31 54
31 35
11 47
11 13
11 18
11 35
1 11
11 50
20 50
35 50
50 54
1 50
20 35
1 35
35 54
0 56
0 54
20 54
18 54
1 54
5 18
0 5
0 18
18 20
1 18
0 4
0 20
1 20
0 3
0 1
0 9
