60 177
15 46
46 59
13 59
14 15
14 38
15 27
21 27
14 52
21 52
35 44
21 44
44 48
38 44
4 26
1 26
2 26
48 49
35 55
6 14
6 15
6 28
21 28
37 46
13 37
15 43
22 43
11 43
14 30
11 30
30 48
30 55
20 29
20 53
15 53
20 30
54 58
20 54
41 57
12 46
11 12
12 34
34 59
9 35
9 11
9 34
4 16
35 39
6 39
21 39
16 39
26 39
29 47
28 47
3 8
8 38
3 5
5 52
5 31
34 50
50 52
8 50
31 50
50 57
12 50
12 31
9 31
5 8
5 10
7 58
0 7
7 10
7 22
14 42
6 42
23 46
13 23
23 35
11 23
21 23
23 42
15 23
37 51
23 51
4 17
17 55
17 18
18 24
24 42
18 54
18 22
17 59
17 28
17 51
25 37
23 25
25 58
25 44
25 49
25 51
15 56
51 56
45 51
23 38
38 42
36 42
36 57
10 42
22 42
10 33
5 15
8 33
8 9
33 47
0 33
39 47
39 59
19 29
19 39
19 59
19 30
9 16
16 52
12 16
16 59
32 46
13 32
14 32
11 32
4 32
32 38
26 32
32 49
9 32
28 32
9 45
12 41
12 28
54 57
29 30
15 30
11 22
11 45
22 37
22 52
1 22
37 43
6 37
37 48
28 37
37 38
28 55
6 59
6 55
48 55
49 55
15 55
26 49
45 49
2 44
0 44
40 59
40 44
4 48
4 52
45 52
15 21
21 38
14 59
13 15
15 35
13 35
35 45
3 45
45 58
3 58
1 58
0 1
