60 885
46 52
27 46
27 52
7 46
7 27
2 52
2 7
13 46
13 27
2 13
13 52
7 13
13 37
46 59
27 59
2 59
13 59
27 53
2 53
13 53
52 53
7 53
37 53
53 59
32 46
27 32
2 32
13 32
32 53
4 27
4 13
4 53
4 52
4 7
4 37
4 59
4 32
18 46
18 27
2 18
13 18
18 53
4 18
18 52
29 46
27 29
2 29
13 29
29 53
4 29
29 52
7 29
29 37
29 59
29 32
18 29
9 46
9 27
2 9
9 13
9 53
4 9
9 52
9 29
17 27
2 17
13 17
17 53
4 17
17 52
17 29
7 17
17 37
17 59
17 32
46 57
27 57
2 57
13 57
53 57
4 57
52 57
29 57
17 57
27 30
13 30
30 53
4 30
30 52
29 30
7 30
30 37
30 59
30 32
30 57
46 50
27 50
2 50
13 50
50 53
4 50
50 52
29 50
17 50
30 50
7 40
37 40
40 59
32 40
40 50
18 40
40 57
9 40
5 46
5 27
2 5
5 13
5 53
4 5
5 52
5 29
5 17
5 30
5 40
3 7
3 37
3 59
3 32
3 57
3 50
3 18
3 9
46 56
27 56
2 56
13 56
53 56
4 56
52 56
29 56
17 56
30 56
3 56
30 49
23 27
2 23
13 23
23 53
4 23
23 52
23 29
17 23
23 30
7 23
23 37
23 59
23 32
9 23
18 23
23 57
23 50
46 55
27 55
2 55
13 55
53 55
4 55
52 55
29 55
17 55
30 55
3 55
23 55
7 36
36 37
36 59
32 36
36 56
19 27
13 19
4 19
19 52
19 29
17 19
19 40
19 49
19 36
19 56
13 28
28 49
1 52
1 49
1 7
1 37
1 59
1 32
27 44
13 44
44 52
17 44
30 44
3 44
1 44
34 52
34 49
1 34
7 34
34 37
34 59
32 34
47 52
23 47
36 47
34 47
32 47
27 48
2 48
13 48
48 53
4 48
48 52
29 48
17 48
3 48
23 48
1 48
34 48
16 27
13 16
16 52
16 17
3 16
16 49
1 16
16 56
16 28
7 16
16 37
16 59
16 48
9 16
27 33
13 33
33 53
4 33
33 52
29 33
30 33
23 33
33 36
33 34
32 33
16 33
7 33
14 52
14 23
1 14
14 56
14 28
14 48
7 14
0 14
14 37
43 46
27 43
2 43
13 43
43 53
4 43
43 52
29 43
17 43
30 43
3 43
23 43
1 43
34 43
28 43
16 43
7 25
25 37
27 54
13 54
52 54
29 54
40 54
23 54
36 54
54 56
32 54
48 54
25 54
0 54
54 57
11 27
11 13
11 53
4 11
11 52
11 29
11 17
11 30
11 40
11 23
1 11
11 56
11 28
11 16
11 25
11 54
11 59
11 18
13 24
24 52
3 24
24 49
24 36
24 34
24 32
16 24
7 24
24 25
24 54
18 24
8 27
8 13
8 53
4 8
8 52
8 17
8 30
3 8
1 8
8 34
8 32
8 48
8 25
0 8
8 59
8 18
8 24
15 27
2 15
13 15
15 53
4 15
15 52
15 29
15 17
15 40
15 49
15 36
15 56
15 32
15 16
7 15
0 15
15 54
15 18
27 35
13 35
35 52
29 35
35 40
35 49
35 36
34 35
32 35
16 35
7 35
14 35
35 59
27 51
13 51
51 53
51 52
29 51
17 51
30 51
49 51
1 51
34 51
28 51
7 51
25 51
14 51
51 54
6 13
6 52
6 40
6 23
6 49
6 56
6 32
6 48
6 7
6 14
6 51
6 18
6 35
6 15
6 57
27 39
13 39
39 53
4 39
39 52
29 39
17 39
30 39
3 39
23 39
1 39
34 39
28 39
39 48
25 39
0 39
39 59
18 39
24 39
39 57
27 58
13 58
53 58
52 58
29 58
17 58
30 58
3 58
1 58
56 58
28 58
16 58
7 58
14 58
54 58
51 58
35 58
26 27
13 26
26 52
17 26
26 30
26 49
1 26
26 34
26 28
26 48
7 26
14 26
26 59
26 51
24 26
27 38
2 38
13 38
38 53
4 38
38 52
29 38
17 38
38 40
38 49
1 38
38 56
32 38
38 48
7 38
14 38
38 59
18 38
26 38
15 38
38 57
37 38
38 43
33 38
1 20
20 56
20 32
16 20
7 20
14 20
20 59
20 35
20 26
15 20
10 36
10 56
10 28
10 48
7 10
0 10
10 59
10 51
10 24
10 26
10 57
10 47
10 20
25 45
45 54
45 59
18 45
35 45
15 45
10 45
45 58
43 45
33 45
5 45
45 47
38 45
31 52
23 31
31 36
31 34
28 31
31 48
7 31
14 31
31 59
31 35
26 31
15 31
31 57
31 39
13 42
42 52
40 42
3 42
36 42
34 42
28 42
16 42
25 42
14 42
42 54
35 42
26 42
15 42
42 58
39 42
42 43
20 42
31 42
33 42
8 42
42 47
42 55
6 42
11 42
5 42
31 50
21 27
2 21
13 21
21 53
4 21
21 52
21 29
17 21
21 30
21 23
21 36
1 21
21 28
16 21
21 25
21 54
21 59
21 51
21 35
21 26
21 58
21 37
21 43
21 50
5 21
21 31
6 21
21 55
8 21
12 27
12 13
12 53
4 12
12 52
12 17
3 12
12 23
12 49
12 56
12 28
12 16
7 12
12 25
12 54
12 51
12 35
12 57
12 58
12 39
12 37
12 50
12 20
12 21
12 31
12 38
12 44
12 55
13 22
22 52
22 40
22 23
22 36
22 56
22 32
22 48
22 25
14 22
22 51
18 22
22 24
22 57
10 22
22 37
22 43
22 50
20 22
21 22
22 45
22 31
12 22
9 22
22 55
11 22
12 19
21 44
31 47
31 45
31 44
9 31
19 31
11 45
8 45
30 41
3 41
1 41
41 56
32 41
41 48
7 41
0 41
41 59
18 41
26 41
41 57
41 58
39 41
41 43
33 41
20 41
41 47
41 45
38 41
41 44
6 41
19 41
41 55
10 50
10 43
5 10
9 10
10 44
10 37
8 10
20 37
20 33
5 20
20 38
20 44
8 20
9 20
38 47
11 38
6 38
38 55
26 43
11 26
26 57
26 58
26 44
26 37
57 58
19 58
39 58
33 58
11 58
44 58
9 58
6 39
5 39
37 39
39 47
8 39
39 50
39 43
6 50
5 6
6 8
6 44
6 19
6 11
51 57
18 51
19 51
47 51
33 51
51 55
37 51
35 51
19 35
35 44
35 57
15 35
35 37
9 35
15 50
15 33
8 15
5 15
9 15
15 55
15 19
8 33
8 44
8 9
8 19
8 55
11 24
24 47
24 50
24 33
19 24
24 57
24 44
24 55
5 24
11 37
11 50
5 11
11 47
9 11
11 19
5 54
9 54
43 54
33 54
54 59
37 54
25 57
25 43
25 59
9 25
25 50
14 43
18 43
43 57
43 50
19 43
9 43
43 44
14 59
14 33
14 50
14 19
33 37
19 33
9 33
33 44
33 50
16 57
16 44
16 55
7 48
37 48
5 48
18 48
19 48
48 59
48 50
47 48
7 47
0 47
18 47
47 57
47 50
5 47
19 47
9 47
34 44
28 34
34 55
9 34
5 34
32 44
7 44
0 44
44 59
9 44
1 28
1 9
7 28
28 37
28 59
19 28
28 32
28 57
28 50
7 19
19 37
5 19
18 36
36 55
5 36
36 50
36 57
32 55
7 55
0 55
55 59
55 57
37 55
50 55
5 55
9 55
23 49
7 49
37 49
49 59
32 49
9 49
49 50
49 56
18 49
49 57
7 56
37 56
56 59
18 56
56 57
32 56
50 56
3 5
5 32
5 7
0 5
5 18
5 37
50 59
18 50
18 30
9 30
9 17
17 18
7 9
0 9
9 18
18 32
7 18
0 18
32 52
7 32
32 37
32 59
52 59
2 37
7 52
7 37
27 37
37 52
37 46
0 37
