60 177
24 26
18 26
23 24
18 23
20 56
7 26
7 56
18 32
18 41
32 41
4 37
19 20
19 32
15 26
18 50
32 50
15 50
19 50
26 50
23 38
38 50
37 39
15 39
5 39
5 33
33 39
49 56
49 59
41 49
22 32
19 22
22 49
26 35
40 49
15 48
9 26
37 44
9 44
5 44
40 44
45 56
33 45
8 18
8 20
8 32
8 19
8 26
5 46
40 46
24 29
18 29
0 17
17 29
29 32
15 29
11 32
11 51
11 26
11 40
8 11
11 41
27 50
11 27
1 52
26 52
52 53
33 53
53 59
4 53
53 55
42 50
47 56
35 47
3 14
45 57
4 57
39 57
14 57
14 53
8 25
0 25
25 42
14 25
21 56
21 38
3 21
21 23
12 21
21 30
36 52
16 36
10 36
11 36
2 34
43 56
35 43
34 43
43 48
12 43
2 43
10 58
3 31
23 31
31 58
1 31
2 58
1 58
2 36
28 29
28 36
1 16
16 29
16 54
48 54
44 54
13 54
13 30
3 10
10 47
47 48
42 47
0 47
42 55
1 50
1 27
27 39
29 51
29 56
29 46
4 29
29 41
41 46
46 48
8 46
8 22
8 45
44 45
41 45
23 44
39 44
9 56
9 48
40 48
48 59
35 40
0 35
22 35
0 22
22 41
12 22
0 49
33 59
12 59
4 59
4 33
39 50
5 23
5 12
12 38
15 19
19 41
4 19
0 19
19 23
4 26
37 41
0 37
23 37
23 32
32 56
20 23
20 26
0 20
0 6
6 23
0 18
0 24
