60 354
0 42
29 56
14 56
12 29
12 14
29 55
14 55
3 55
30 55
30 56
12 30
15 29
14 15
3 15
15 30
39 55
12 39
39 56
15 39
29 31
14 31
3 31
31 39
14 17
3 17
17 39
17 56
17 55
12 17
15 17
2 14
2 30
2 17
2 31
2 55
4 29
4 14
3 4
4 30
4 39
4 55
39 58
31 58
12 58
56 58
4 58
25 58
5 25
6 17
6 31
6 58
5 6
29 45
14 45
3 45
30 45
17 45
31 45
45 58
39 57
55 57
57 58
47 57
18 57
12 57
35 55
4 35
52 55
47 52
36 52
12 36
13 52
25 33
21 58
5 21
4 21
21 33
21 35
51 55
4 51
25 51
35 51
13 51
17 26
26 31
26 55
8 14
8 30
8 17
50 56
12 50
50 55
15 50
8 50
31 50
7 8
8 47
4 8
46 55
4 46
25 46
17 41
41 55
41 58
5 41
18 41
41 46
13 41
41 56
4 37
37 46
37 41
37 57
0 37
34 37
37 42
14 43
3 43
17 43
31 43
43 58
4 43
43 52
12 43
13 43
43 51
10 43
7 20
20 47
20 25
20 33
20 35
20 36
14 19
19 31
19 55
19 47
18 19
19 35
19 41
19 57
2 19
19 21
15 19
24 25
12 24
18 22
12 22
10 22
14 23
23 30
23 39
23 31
23 58
7 23
23 52
23 33
22 23
23 36
7 49
5 49
25 49
33 49
22 49
49 57
10 49
23 49
38 41
38 57
38 49
34 38
58 59
5 59
18 59
46 59
13 59
4 11
11 46
11 59
22 53
1 25
1 35
1 22
1 53
1 6
13 48
48 53
10 48
26 48
52 54
12 54
54 59
53 54
49 54
48 54
38 54
9 15
9 21
9 24
9 54
1 54
25 32
12 32
32 59
32 51
6 32
32 48
32 45
24 32
22 27
27 51
0 27
27 48
15 27
27 37
23 27
27 32
32 54
1 48
1 15
1 24
1 43
45 53
8 53
16 25
12 16
16 41
16 53
0 16
16 49
16 38
28 42
2 28
40 52
40 46
40 41
40 57
0 40
26 40
40 56
28 40
23 40
11 40
16 28
8 16
16 21
11 53
11 19
11 20
11 45
11 37
11 44
26 59
45 59
8 59
44 59
44 57
6 44
20 44
38 44
2 44
8 44
38 45
45 49
23 34
23 56
23 43
22 24
6 22
24 36
19 24
24 34
15 24
19 20
2 20
20 43
20 56
37 43
21 43
15 41
46 56
8 46
26 46
6 46
8 10
8 26
8 42
2 8
7 12
7 15
7 56
7 26
18 26
26 51
6 26
21 26
15 26
21 51
36 51
15 51
21 45
13 33
15 33
33 35
33 45
12 33
13 35
13 36
2 13
6 36
2 36
36 56
12 52
15 52
2 52
35 52
10 35
35 57
10 57
45 47
18 45
10 45
18 56
6 18
2 18
0 6
6 56
5 10
5 12
5 56
4 5
10 25
4 15
2 4
2 56
10 17
17 31
31 56
12 31
31 55
10 31
15 55
10 30
12 55
55 56
10 55
3 12
3 56
3 10
10 14
42 56
10 29
10 34
34 42
