60 708
21 43
21 48
32 43
32 48
34 43
34 48
21 34
32 34
43 47
47 48
34 47
43 53
48 53
34 53
21 53
32 53
47 53
7 43
7 48
7 34
7 53
21 42
32 42
42 47
7 42
38 43
38 48
34 38
38 53
38 42
37 48
34 37
37 53
37 42
21 37
32 37
37 47
7 37
39 43
39 48
34 39
39 53
39 42
37 39
9 21
9 32
9 47
7 9
9 38
9 25
9 39
19 43
19 48
19 34
19 53
19 42
19 37
9 19
21 46
32 46
46 47
7 46
39 46
19 46
43 54
48 54
34 54
53 54
42 54
37 54
9 54
46 54
4 21
4 32
4 47
4 7
4 38
4 39
4 25
4 19
4 54
6 48
6 34
6 53
6 42
6 37
6 9
4 6
6 21
6 32
6 47
6 7
6 38
6 39
6 54
6 25
6 19
29 34
29 42
45 46
21 45
32 45
45 47
7 45
45 54
25 45
38 45
39 45
19 45
26 48
26 34
26 53
26 42
26 37
9 26
26 45
6 26
13 48
13 34
13 53
13 37
13 45
6 13
34 56
53 56
45 56
6 56
21 56
32 56
47 56
7 56
4 44
44 56
21 40
32 40
40 47
7 40
40 54
17 48
17 34
17 53
17 42
17 37
9 17
4 17
17 56
17 40
16 34
16 37
16 46
16 56
13 16
16 21
16 32
16 47
7 16
16 39
34 59
53 59
42 59
37 59
45 59
56 59
13 59
16 59
25 59
32 59
19 59
10 53
10 37
4 10
6 10
10 40
30 48
30 34
30 53
30 42
30 37
9 30
30 46
30 56
30 40
21 30
30 32
30 47
41 53
41 42
4 41
6 41
40 41
30 41
15 30
15 21
15 32
15 47
31 53
31 42
31 45
6 31
31 40
30 31
15 31
21 36
27 37
27 56
13 27
16 27
27 30
27 36
19 27
10 27
25 50
36 50
19 50
10 50
19 49
10 49
21 49
47 49
23 56
23 30
15 23
23 32
23 36
23 49
17 23
34 52
37 52
9 52
6 52
13 52
16 52
25 52
32 52
19 52
10 52
50 52
20 46
20 56
13 20
16 20
20 25
20 36
2 13
2 16
2 15
2 32
2 21
22 43
22 48
22 34
22 53
22 42
22 37
9 22
22 46
22 45
22 56
22 40
13 22
22 25
15 22
2 22
22 44
35 40
16 35
30 35
15 35
2 35
10 35
35 50
35 59
21 35
33 48
33 34
33 53
33 37
4 33
6 33
13 33
30 33
15 33
33 36
2 33
33 44
33 35
33 52
22 33
7 33
33 39
31 33
28 45
6 28
28 40
13 28
25 28
28 32
2 28
28 44
28 49
17 28
22 28
7 28
20 28
1 48
1 34
1 53
1 42
1 45
1 56
1 40
1 13
1 30
1 32
1 19
1 10
1 50
5 19
5 10
5 35
5 17
0 5
5 22
34 58
53 58
45 58
6 58
40 58
16 58
30 58
32 58
2 58
10 58
17 58
5 58
22 58
1 58
0 58
20 58
31 58
47 58
11 36
11 44
11 49
11 17
11 58
7 11
11 20
11 31
18 34
18 53
18 42
18 37
4 18
18 45
18 40
18 30
15 18
18 32
18 19
10 18
18 49
18 52
18 22
18 38
18 54
18 31
18 28
11 18
15 55
36 55
2 55
44 55
35 55
5 55
22 55
7 55
20 55
39 55
18 55
12 48
12 34
12 53
12 42
12 37
9 12
4 12
12 45
12 13
12 16
12 15
12 36
2 12
12 44
12 35
5 12
12 22
12 38
12 20
12 31
1 12
12 55
12 33
14 35
14 52
14 22
14 58
14 20
14 31
1 14
14 23
14 41
2 51
10 51
50 51
17 51
51 52
51 54
20 51
24 48
24 34
24 53
24 37
4 24
6 24
13 24
24 30
15 24
24 32
19 24
24 49
24 50
5 24
24 58
24 38
24 39
21 24
24 26
24 51
0 24
24 31
24 41
8 39
8 24
8 28
8 55
8 33
8 14
3 49
3 5
3 52
3 38
3 20
3 31
3 28
3 23
3 33
3 51
3 27
3 8
3 59
3 47
8 29
0 8
8 26
25 57
32 57
2 57
44 57
35 57
17 57
52 57
38 57
54 57
24 57
1 57
18 57
51 57
21 57
27 57
57 59
29 57
26 57
24 47
18 51
23 51
41 51
21 51
51 59
14 51
14 29
14 47
12 14
11 12
12 59
12 29
0 12
33 55
26 55
41 55
0 55
11 55
18 59
18 29
18 21
11 41
11 21
0 11
11 26
11 59
41 58
23 58
54 58
5 38
1 5
5 54
5 7
5 39
1 54
1 20
1 39
1 59
1 28
1 23
1 27
1 21
26 28
0 28
28 41
28 47
28 33
29 33
33 59
0 33
0 35
22 35
35 41
35 39
26 35
22 29
22 59
22 27
22 26
7 22
2 7
2 31
2 54
2 20
0 2
2 17
20 44
20 50
20 52
20 38
20 29
20 21
23 52
31 52
41 52
39 52
21 52
38 52
23 38
23 54
23 39
23 27
23 47
23 29
23 59
29 49
0 49
31 49
7 49
17 49
49 50
21 50
47 50
27 50
50 54
29 50
38 50
31 50
17 27
27 38
27 39
27 31
27 41
21 27
27 29
27 47
36 39
36 38
31 36
26 36
36 47
10 36
36 44
7 31
31 39
29 31
15 19
15 41
15 26
0 15
32 41
19 41
41 44
7 41
41 54
41 47
26 41
29 30
10 30
26 30
7 30
30 44
10 25
10 32
10 21
10 54
10 59
10 44
10 39
17 59
7 59
39 59
16 19
16 25
16 38
16 54
16 17
16 44
17 25
17 32
17 44
17 47
17 21
17 26
17 29
25 40
40 44
19 40
29 40
32 44
21 44
38 44
26 44
7 44
54 56
19 56
39 56
38 56
25 56
13 56
13 21
13 32
13 47
7 13
13 38
13 26
13 39
19 26
26 38
26 54
21 26
26 47
29 45
6 29
25 29
29 32
19 29
7 29
25 54
32 54
7 54
47 54
39 54
0 54
38 46
25 46
19 32
19 21
19 39
19 47
19 38
25 39
38 39
25 37
37 38
25 38
21 38
25 42
7 25
7 32
7 47
0 7
25 53
25 47
32 47
0 47
25 34
25 32
21 32
25 48
21 25
0 21
25 43
0 25
