60 885
28 58
28 44
44 58
45 58
44 45
20 28
20 58
20 45
28 40
40 58
40 45
40 44
28 33
33 58
33 45
33 40
3 28
3 58
3 45
3 44
13 28
13 58
13 45
13 40
3 13
26 44
13 26
28 32
32 58
32 45
32 40
3 32
26 32
17 58
17 44
17 32
17 20
17 33
13 17
16 28
16 58
16 45
16 40
3 16
16 26
16 17
46 58
40 46
17 46
44 46
32 46
33 46
13 46
20 46
16 46
28 54
54 58
45 54
40 54
3 54
26 54
17 54
46 54
13 54
18 28
18 58
18 45
18 40
3 18
18 26
17 18
18 46
13 18
18 44
18 20
18 32
18 33
16 18
18 54
15 28
15 58
15 45
15 40
3 15
15 26
15 17
15 46
13 15
15 18
23 44
23 32
23 33
20 23
16 23
23 54
15 23
28 38
38 58
38 45
38 40
3 38
26 38
17 38
38 46
13 38
18 38
23 38
41 44
32 41
33 41
20 41
16 41
15 41
41 54
38 41
28 37
37 58
37 45
37 40
3 37
26 37
17 37
37 46
13 37
18 37
37 41
37 44
32 37
10 28
10 58
10 45
10 17
10 46
10 18
10 44
25 28
25 58
25 45
17 25
13 25
18 25
25 41
25 44
25 33
20 25
25 32
16 25
49 58
40 49
13 49
18 49
23 49
25 49
32 49
28 34
34 58
34 40
17 34
34 46
13 34
34 41
34 44
32 34
33 34
20 34
16 34
5 58
5 45
5 40
5 17
5 46
5 13
5 18
5 44
5 25
5 34
5 16
8 58
3 8
8 46
8 18
8 23
8 44
8 32
8 34
8 16
8 20
8 33
28 52
52 58
45 52
26 52
17 52
13 52
44 52
25 52
32 52
28 50
50 58
45 50
40 50
3 50
26 50
46 50
13 50
41 50
44 50
32 50
34 50
20 50
33 50
9 58
9 18
9 44
9 25
9 10
9 50
22 28
22 58
22 40
3 22
13 22
18 22
22 41
22 25
22 32
10 22
22 50
20 22
22 33
19 58
3 19
13 19
18 19
19 23
19 44
10 19
19 34
19 22
16 19
0 19
9 19
32 42
34 42
22 42
8 42
27 58
13 27
23 27
25 27
10 27
27 34
22 27
16 27
50 53
27 53
20 53
49 53
52 53
14 42
14 54
11 28
11 58
11 45
11 40
3 11
11 17
11 46
11 13
11 41
11 44
11 25
11 50
11 22
8 11
11 20
11 49
11 42
11 14
21 28
21 58
21 40
17 21
13 21
18 21
21 23
21 44
21 25
21 34
21 50
21 27
20 21
9 21
21 52
35 58
10 35
22 35
27 35
0 35
9 35
35 52
28 59
58 59
45 59
40 59
3 59
26 59
17 59
46 59
13 59
18 59
41 59
44 59
32 59
34 59
50 59
27 59
0 59
9 59
42 59
35 59
21 59
11 59
12 58
3 12
12 13
12 18
12 41
12 44
10 12
12 50
12 22
8 12
12 27
9 12
12 42
12 35
12 21
11 12
12 59
10 55
34 55
16 55
8 55
0 55
9 55
49 55
14 55
16 24
24 27
20 24
24 49
24 42
24 35
24 55
21 24
1 58
1 45
1 40
1 3
1 17
1 13
1 41
1 25
1 32
1 50
1 22
1 8
1 27
1 49
1 52
1 35
1 24
1 38
1 54
1 53
57 58
13 57
23 57
44 57
32 57
34 57
50 57
8 57
0 57
49 57
42 57
14 57
21 57
1 57
12 57
7 58
7 18
7 23
7 44
7 32
7 34
7 50
7 16
7 20
7 49
7 42
7 35
7 24
7 11
7 12
28 51
51 58
45 51
3 51
13 51
18 51
23 51
44 51
32 51
34 51
16 51
27 51
0 51
49 51
42 51
14 51
21 51
11 51
6 28
6 58
6 45
6 40
3 6
6 26
6 46
6 13
6 23
6 25
6 10
6 34
6 22
6 8
0 6
6 9
6 42
6 35
6 21
6 11
6 37
28 30
30 58
30 40
3 30
30 46
13 30
30 41
30 44
30 32
10 30
22 30
8 30
0 30
9 30
30 52
14 30
24 30
6 30
36 58
25 36
32 36
34 36
22 36
27 36
0 36
36 49
36 52
35 36
11 36
1 36
12 36
48 50
16 48
27 48
48 49
48 52
35 48
24 48
11 48
36 48
43 58
43 44
25 43
34 43
22 43
27 43
20 43
9 43
42 43
35 43
21 43
1 43
6 43
43 48
2 58
2 45
2 40
2 17
2 46
2 13
2 44
2 25
2 32
2 10
2 16
2 27
2 20
2 9
2 49
2 14
2 24
1 2
2 6
2 7
2 43
22 31
27 31
20 31
31 49
31 42
31 35
24 31
1 31
6 31
31 36
2 31
31 48
31 53
15 31
28 39
39 58
39 45
39 40
3 39
17 39
39 46
18 39
39 41
39 44
32 39
10 39
16 39
8 39
20 39
0 39
39 52
14 39
21 39
11 39
6 39
36 39
39 43
39 48
28 29
29 58
29 45
29 40
3 29
26 29
17 29
29 46
13 29
18 29
23 29
29 44
25 29
10 29
22 29
27 29
0 29
29 49
29 52
14 29
11 29
1 29
12 29
7 29
2 29
29 48
29 51
50 56
16 56
20 56
9 56
52 56
35 56
24 56
1 56
6 56
36 56
43 56
54 56
29 56
56 57
28 47
47 58
45 47
40 47
3 47
26 47
17 47
46 47
13 47
18 47
23 47
44 47
32 47
10 47
47 50
8 47
20 47
47 49
47 52
14 47
21 47
1 47
6 47
36 47
43 47
47 48
47 53
47 57
37 47
4 58
4 45
4 40
3 4
4 13
4 18
4 41
4 44
4 32
4 10
4 50
4 16
4 20
0 4
4 52
4 14
4 24
4 11
4 12
4 36
2 4
4 54
4 53
4 47
4 59
4 30
4 19
4 51
4 55
4 37
39 47
19 47
30 47
47 56
15 56
33 56
5 56
38 56
37 56
29 53
29 33
29 38
29 59
29 39
29 57
31 39
15 39
33 39
5 39
38 39
39 51
31 51
30 31
31 59
31 33
31 55
2 59
2 53
2 5
2 37
2 38
2 51
43 55
43 54
43 57
19 43
30 43
15 43
33 48
48 57
48 51
38 48
48 55
37 48
30 36
5 36
33 36
36 59
36 55
7 30
30 54
30 53
30 55
15 30
30 38
30 33
6 53
6 51
6 54
5 6
7 51
51 59
15 51
33 51
51 55
7 53
7 38
7 57
7 15
7 19
7 37
7 54
15 57
37 57
19 57
5 57
38 57
1 33
1 15
5 24
24 54
24 37
24 33
11 55
12 55
53 55
15 55
19 55
38 55
12 33
12 37
12 19
12 15
12 38
54 59
33 59
38 59
5 59
37 59
19 35
33 35
21 35
35 38
19 21
11 21
21 38
15 21
21 53
5 11
11 19
14 15
14 53
5 14
14 37
53 54
5 53
19 53
27 37
27 33
20 27
27 42
9 42
42 52
37 42
33 42
15 42
19 42
19 54
19 37
19 38
5 19
9 22
0 22
16 22
22 37
8 9
0 9
9 37
9 54
9 33
9 49
9 15
16 50
50 52
38 50
15 50
16 52
8 52
20 52
0 52
5 52
52 54
38 52
8 54
0 8
8 49
8 38
5 8
5 20
5 49
5 54
5 15
5 37
34 49
34 38
0 34
16 49
0 49
38 49
15 25
25 38
25 54
10 25
10 32
10 20
10 33
10 16
0 10
10 37
10 54
10 15
20 37
33 37
38 44
32 38
0 38
0 23
15 44
15 32
15 16
15 20
15 54
0 18
44 54
32 54
16 54
0 54
33 54
0 46
13 16
16 44
16 32
16 33
16 20
13 32
32 44
32 33
20 32
26 33
20 26
0 26
13 44
13 33
13 20
3 20
3 33
0 3
33 44
20 33
20 40
0 40
20 44
0 20
0 45
0 44
0 58
0 28
