60 708
24 44
24 58
30 58
24 57
30 57
44 57
24 51
30 51
51 57
2 44
2 58
24 46
30 46
46 57
2 46
1 44
1 58
1 46
1 51
24 31
30 31
31 57
2 31
1 31
27 44
27 46
27 51
27 58
10 24
10 30
10 57
2 10
1 10
10 27
18 44
18 46
18 51
18 58
18 31
30 47
47 57
2 47
1 47
18 47
3 47
14 27
3 14
14 44
40 57
2 40
3 40
29 44
52 57
2 52
1 52
29 52
14 52
41 44
0 41
5 41
15 57
1 15
15 27
3 15
14 15
15 44
24 54
30 54
54 57
2 54
1 54
27 54
3 54
36 44
36 51
36 46
36 58
0 36
24 32
30 32
32 57
2 32
1 32
27 32
3 32
32 36
14 32
32 41
27 48
36 48
14 48
44 48
30 53
53 57
2 53
1 53
27 53
3 53
14 53
15 53
48 53
24 50
30 50
50 57
2 50
1 50
27 50
3 50
36 50
14 50
41 50
1 49
3 49
14 49
15 49
48 49
44 49
47 49
30 42
42 57
2 42
1 42
18 42
29 42
14 42
41 42
42 49
7 27
7 36
7 41
7 15
7 49
7 50
7 44
17 24
17 30
17 57
2 17
1 17
17 27
3 17
17 29
14 17
15 17
17 48
7 17
17 54
24 59
30 59
57 59
2 59
1 59
27 59
3 59
36 59
41 59
15 59
48 59
49 59
54 59
7 33
33 59
32 33
23 54
23 59
23 32
17 23
18 34
3 34
14 34
34 41
34 49
7 34
34 54
34 44
32 34
23 34
48 55
50 55
46 55
44 55
32 55
45 48
7 45
45 46
45 54
32 45
0 45
1 28
28 29
14 28
15 28
28 48
28 50
28 46
28 59
28 52
28 45
28 55
5 28
22 57
2 22
22 27
22 29
14 22
15 22
22 48
22 49
7 22
22 44
22 52
22 45
22 55
22 42
5 22
22 33
27 35
3 35
14 35
35 41
35 49
35 50
35 46
35 59
32 35
0 35
35 55
35 40
22 35
33 35
21 52
0 21
21 45
21 42
20 29
20 41
20 49
20 50
20 46
20 59
20 32
0 20
20 55
5 20
9 24
9 30
9 57
2 9
1 9
9 27
3 9
9 36
9 14
9 41
9 48
9 49
9 46
9 54
9 32
0 9
9 55
9 42
9 20
9 33
39 44
0 39
39 55
5 39
22 39
35 39
39 47
56 57
1 56
18 56
29 56
14 56
41 56
48 56
7 56
54 56
44 56
32 56
45 56
42 56
40 56
20 56
37 57
1 37
27 37
36 37
29 37
15 37
37 48
7 37
37 46
37 59
32 37
0 37
37 42
5 37
20 37
33 37
6 48
6 50
6 46
6 59
6 32
6 23
6 45
6 40
6 22
6 37
11 57
2 11
11 27
11 29
11 41
11 15
11 49
11 50
11 54
11 44
11 52
11 23
11 45
5 11
11 22
11 33
11 35
11 21
16 54
16 44
16 52
0 16
16 55
5 16
16 33
16 37
11 16
7 12
12 44
12 32
0 12
12 55
5 12
12 22
12 33
8 46
8 59
8 52
8 23
8 42
8 40
8 20
8 37
8 12
8 56
8 28
13 30
13 57
13 27
13 36
13 14
13 15
13 49
13 50
13 46
13 54
13 44
13 23
13 45
5 13
13 20
13 33
13 39
8 13
9 13
13 28
13 47
10 13
30 38
38 57
2 38
1 38
3 38
36 38
29 38
15 38
38 48
38 50
38 54
38 59
38 52
23 38
38 45
38 40
20 38
33 38
38 39
8 38
26 52
0 26
26 55
26 40
20 26
26 35
11 26
12 26
26 53
9 26
26 28
22 43
35 43
39 43
8 43
26 43
10 43
6 43
43 56
24 25
25 30
25 57
2 25
1 25
25 27
3 25
25 36
14 25
15 25
25 48
25 50
7 25
25 44
25 52
23 25
25 45
25 40
22 25
25 37
11 25
8 25
25 26
10 25
25 47
25 31
25 34
25 43
17 25
25 28
21 43
43 58
28 43
26 38
6 26
26 47
13 38
6 38
31 38
4 49
4 50
4 54
4 44
4 52
4 23
4 45
4 42
4 20
4 37
4 11
4 12
4 51
4 9
4 6
4 56
4 34
4 38
4 21
4 16
21 38
16 38
38 53
13 53
13 16
13 17
6 8
8 47
8 17
12 51
12 34
12 16
12 31
10 12
12 58
12 21
9 16
6 16
19 47
19 53
16 19
19 21
19 58
19 28
16 21
16 17
6 11
10 11
11 31
11 53
6 9
6 17
6 34
37 56
28 37
37 51
31 37
37 58
39 56
51 56
10 56
47 56
34 56
56 58
28 56
9 39
39 51
34 39
39 58
17 39
9 51
9 53
9 21
9 58
20 21
10 20
20 31
20 53
21 35
10 21
21 31
17 35
35 53
34 35
35 47
28 35
22 34
22 28
22 58
28 31
28 58
45 58
45 55
17 45
45 47
17 55
55 58
53 55
34 55
5 55
34 40
34 51
10 34
34 53
17 34
23 47
10 23
23 51
0 23
23 42
23 33
33 42
5 33
33 51
33 47
10 33
5 59
47 59
52 59
40 59
58 59
44 59
17 59
10 59
17 42
5 17
17 51
17 31
17 53
7 42
7 32
7 10
7 51
7 47
0 7
7 31
7 58
42 54
42 44
42 52
31 42
10 42
40 42
42 51
42 53
49 51
49 58
49 52
49 50
40 49
5 49
44 50
50 52
40 50
5 50
46 50
50 53
50 58
50 54
46 53
53 54
32 53
0 53
47 53
53 58
32 48
31 48
46 48
48 54
10 48
0 48
32 54
32 44
32 58
0 32
5 32
36 54
29 54
15 54
44 54
51 54
10 54
10 15
15 58
0 15
15 31
15 47
5 15
15 46
5 46
0 5
5 40
5 47
41 58
10 41
41 46
41 52
41 51
40 41
46 52
47 52
40 52
31 52
51 52
10 52
29 40
29 51
29 58
29 46
14 40
40 46
0 40
10 40
31 40
40 58
40 51
14 51
14 31
14 47
46 47
31 47
47 58
10 18
3 10
10 51
10 31
27 31
3 27
3 31
31 46
31 44
0 31
31 51
1 3
3 46
44 46
0 46
2 51
2 3
3 51
44 51
51 58
57 58
3 57
3 58
30 44
3 44
0 44
3 30
0 3
