60 354
22 51
51 52
15 22
15 52
21 51
15 21
22 44
44 52
21 44
46 51
15 46
44 46
15 43
22 43
43 52
14 51
14 15
14 44
14 43
22 56
52 56
14 56
21 56
46 56
37 43
37 56
6 51
6 15
6 43
6 56
6 22
6 52
6 14
6 46
6 21
6 11
11 22
11 52
11 46
11 14
11 21
4 43
4 56
4 11
22 23
23 52
14 23
6 41
23 41
10 22
10 52
15 24
24 43
11 24
23 24
10 24
38 44
38 43
6 38
11 38
37 38
9 22
9 52
9 40
9 59
40 59
3 44
3 43
3 56
3 11
3 10
45 52
22 45
17 56
11 17
0 17
17 45
17 58
36 44
36 43
6 36
11 36
10 36
36 40
36 38
12 43
12 56
6 12
12 23
12 37
10 42
42 47
42 46
21 33
16 58
16 33
14 16
0 34
34 45
34 46
33 34
34 59
37 49
40 49
21 49
36 49
14 49
31 49
37 55
38 55
46 55
36 55
19 55
19 22
6 29
23 29
29 37
29 47
21 29
29 33
19 29
29 41
13 48
3 32
19 32
32 48
29 32
1 9
1 40
1 21
1 59
1 19
1 41
1 12
9 57
38 57
46 57
36 57
3 57
41 57
55 57
28 44
28 43
6 28
23 28
0 28
28 40
28 46
28 36
14 28
28 41
12 28
28 57
17 25
10 39
39 40
38 39
39 59
14 39
31 39
25 39
39 52
14 27
27 39
12 27
27 55
20 44
20 43
20 56
11 20
20 37
20 45
20 58
20 59
14 20
20 34
20 55
20 27
8 24
8 16
18 55
18 49
8 18
18 28
7 13
7 49
7 25
6 54
11 54
37 54
47 54
54 58
33 54
14 54
34 54
48 54
29 54
2 17
2 31
2 24
2 16
9 53
38 53
53 58
21 53
3 53
39 53
48 53
27 53
2 53
3 30
30 41
13 30
30 49
2 30
30 53
18 30
5 58
5 59
5 17
5 34
5 24
5 57
1 5
5 28
35 38
35 36
3 35
31 35
35 48
27 35
25 35
35 54
5 35
17 26
26 39
24 26
16 26
1 26
26 53
26 35
22 26
5 30
37 50
40 50
38 50
33 50
3 50
34 50
12 50
50 57
1 50
50 53
4 50
50 52
2 54
2 52
4 54
7 54
7 18
7 52
8 20
8 42
4 8
20 52
20 32
20 42
27 42
4 39
12 25
25 49
22 25
25 28
22 28
1 57
29 57
1 32
22 32
32 42
4 48
13 55
13 52
13 29
22 29
4 29
12 19
34 55
49 55
16 49
24 31
31 34
16 34
16 24
16 52
3 33
33 52
4 33
33 42
17 42
41 42
24 42
4 42
22 47
12 47
47 52
12 46
12 36
12 59
12 22
14 36
17 36
24 36
3 17
17 24
4 17
3 45
3 58
3 52
58 59
24 58
46 58
21 59
22 59
41 59
9 21
38 40
14 40
40 41
40 46
4 38
21 38
24 38
10 41
41 46
14 41
22 41
23 46
4 23
21 23
23 37
4 37
4 21
6 37
0 37
22 37
37 46
0 14
14 21
21 43
43 46
21 46
22 46
21 52
0 22
