60 708
3 54
38 54
3 28
1 54
1 28
18 54
3 18
18 38
1 18
22 54
22 28
18 22
48 54
18 48
3 48
1 48
38 48
22 48
31 54
28 31
18 31
31 48
6 54
3 6
1 6
6 38
6 22
6 31
11 54
11 28
11 18
11 48
6 11
3 27
1 27
27 38
27 31
22 27
5 54
5 28
5 18
5 48
5 6
5 27
5 57
5 22
3 30
30 38
1 30
30 31
40 54
28 40
18 40
40 48
6 40
27 40
40 57
22 40
30 40
16 54
16 28
16 18
16 48
6 16
16 27
16 22
3 16
1 16
16 38
16 31
5 16
16 40
11 16
46 54
18 46
46 48
6 46
22 46
16 46
3 46
3 12
1 9
9 38
9 31
5 9
9 11
9 40
4 54
4 22
3 4
4 9
1 8
8 38
8 31
5 8
54 59
30 59
16 59
3 59
8 59
49 54
28 49
18 49
48 49
6 49
27 49
22 49
16 49
3 49
12 49
3 23
9 23
1 23
23 38
23 31
0 23
2 23
36 54
16 36
3 36
12 36
8 36
36 38
1 36
19 54
18 19
19 48
6 19
19 22
19 30
3 19
19 38
1 19
19 31
19 40
5 19
11 19
44 54
28 44
18 44
44 48
6 44
44 57
22 44
30 44
19 44
9 44
12 44
44 49
44 46
19 51
9 51
8 51
49 51
46 51
23 24
24 36
24 46
24 51
5 24
32 54
28 32
18 32
32 48
6 32
32 57
22 32
16 32
3 32
9 32
23 32
32 36
32 46
32 51
45 54
28 45
18 45
45 48
6 45
27 45
22 45
30 45
3 45
12 45
36 45
45 49
4 45
4 26
34 54
22 34
19 34
3 34
8 34
34 49
26 34
34 51
5 34
34 44
13 34
54 58
28 58
18 58
48 58
6 58
27 58
22 58
16 58
19 58
9 58
23 58
49 58
46 58
26 58
5 58
34 58
54 56
18 56
22 56
30 56
3 56
12 56
36 56
49 56
42 54
42 48
42 57
16 42
3 42
12 42
36 42
42 49
1 42
47 54
18 47
22 47
30 47
3 47
12 47
8 47
4 47
42 47
47 51
23 55
49 55
42 55
26 55
2 55
13 55
11 55
17 23
17 36
17 26
17 55
5 17
17 34
17 56
20 50
20 31
2 20
3 25
12 25
8 25
25 36
25 42
25 26
5 25
25 31
20 25
17 25
8 10
4 10
10 46
10 51
10 55
10 34
10 32
1 10
10 45
10 25
10 11
10 13
37 54
22 37
3 37
9 37
8 37
36 37
37 46
37 51
5 37
31 37
37 56
20 37
10 37
11 37
33 42
33 51
5 33
33 34
2 33
20 33
17 33
33 44
25 33
33 47
14 54
14 18
14 22
14 16
14 19
9 14
14 23
14 49
14 42
14 55
5 14
14 34
2 14
1 14
14 17
21 55
21 31
21 56
20 21
10 21
41 54
41 57
22 41
30 41
19 41
3 41
23 41
4 41
41 46
41 51
41 55
34 41
41 56
1 41
21 41
11 41
33 41
15 54
15 28
15 18
15 48
6 15
15 27
15 57
15 22
15 30
15 16
15 19
9 15
12 15
15 49
15 42
15 51
15 55
15 32
15 56
1 15
10 15
11 15
15 33
15 59
15 41
39 54
28 39
18 39
39 48
6 39
27 39
39 57
22 39
30 39
16 39
19 39
9 39
23 39
36 39
4 39
26 39
5 39
34 39
32 39
1 39
16 35
12 35
23 35
35 36
35 46
35 51
35 55
31 35
2 35
1 35
10 35
43 54
18 43
43 48
6 43
22 43
16 43
19 43
3 43
36 43
43 49
42 43
43 55
5 43
32 43
43 56
17 43
35 43
43 44
25 43
15 43
43 45
39 43
40 43
43 58
37 43
0 43
35 38
35 40
53 54
28 53
18 53
48 53
6 53
27 53
53 57
22 53
30 53
16 53
19 53
3 53
36 53
4 53
46 53
26 53
5 53
31 53
53 56
20 53
35 53
44 53
23 52
4 52
42 52
26 52
5 52
32 52
52 56
17 52
35 52
44 52
25 52
38 52
39 52
52 53
47 52
52 58
13 52
40 52
15 53
13 53
47 53
37 53
29 54
28 29
18 29
29 48
6 29
27 29
22 29
16 29
19 29
9 29
8 29
4 29
29 46
29 51
5 29
29 31
2 29
17 29
29 35
21 29
29 33
15 29
29 45
29 53
29 41
29 58
0 29
7 19
3 7
7 8
7 49
7 42
7 51
7 55
7 32
7 56
7 20
7 10
7 11
7 25
7 15
7 13
7 53
7 24
7 14
7 38
7 29
14 53
35 44
35 39
24 35
11 39
15 39
39 45
24 39
37 39
0 39
39 40
13 41
41 47
14 41
38 41
41 58
0 21
21 38
21 24
21 59
21 40
21 44
14 21
14 33
14 59
13 14
14 37
14 38
33 40
33 37
37 59
37 47
24 37
10 47
25 44
25 59
0 25
25 45
25 58
20 38
0 20
20 40
20 58
17 20
17 44
13 17
17 59
17 58
47 55
31 55
31 47
47 56
1 47
11 47
24 47
0 47
38 47
42 56
5 42
38 42
40 42
42 59
0 42
26 56
50 56
31 56
1 56
56 58
44 58
13 58
40 58
0 58
34 45
0 34
11 34
31 34
5 26
26 40
26 59
0 26
26 31
26 45
45 50
2 45
1 45
11 45
45 59
38 45
24 45
0 45
50 59
40 50
2 50
11 50
38 50
32 50
0 50
32 38
2 32
13 32
24 32
32 59
0 32
32 44
2 24
1 24
24 44
24 59
24 40
38 51
1 51
44 51
31 44
13 44
13 19
3 13
13 36
4 13
13 46
2 13
11 13
13 40
31 36
2 36
2 4
2 40
2 11
2 59
2 38
23 40
23 49
11 23
1 49
38 49
46 49
40 49
49 59
1 59
0 59
38 59
8 46
4 8
4 38
1 4
4 5
4 11
4 31
0 4
9 12
12 38
1 12
12 31
11 12
12 46
5 12
12 40
0 12
1 46
38 46
31 46
11 46
3 40
31 40
38 40
11 30
5 30
0 30
3 5
1 5
11 27
11 57
11 22
3 11
1 11
0 11
31 57
22 31
3 31
1 31
22 57
3 22
22 38
1 22
1 57
1 3
28 38
38 57
3 38
3 57
0 3
0 57
