60 885
1 8
8 30
1 58
30 58
5 8
5 58
1 48
30 48
5 48
48 58
1 54
30 54
5 54
54 58
8 54
48 54
1 14
14 30
5 14
14 58
14 54
2 8
2 48
2 14
1 36
30 36
5 36
36 58
36 54
2 36
8 11
11 48
11 14
1 41
30 41
5 41
41 58
41 54
2 41
11 41
1 44
30 44
5 44
44 58
44 54
2 44
11 44
8 44
44 48
14 44
41 44
1 59
30 59
5 59
58 59
54 59
2 59
11 59
44 59
1 32
30 32
32 58
32 54
2 32
32 44
8 32
32 48
14 32
32 41
32 59
32 36
1 25
25 30
5 25
25 58
25 54
2 25
11 25
25 44
25 32
1 9
9 58
8 9
9 48
9 14
9 41
9 59
9 36
1 38
30 38
5 38
38 58
38 54
2 38
11 38
38 44
32 38
9 38
1 13
13 30
5 13
13 58
13 54
2 13
11 13
13 44
13 32
9 13
8 13
13 48
13 14
13 59
13 36
13 41
13 38
13 25
1 29
29 30
5 29
29 58
29 54
2 29
11 29
29 44
29 32
9 29
13 29
1 45
45 58
45 54
11 45
44 45
32 45
9 45
8 45
45 48
14 45
41 45
36 45
45 59
38 45
25 45
29 45
1 51
30 51
5 51
51 58
51 54
2 51
11 51
44 51
32 51
9 51
13 51
45 51
20 58
8 20
20 48
14 20
20 41
20 59
20 36
20 29
20 25
20 38
1 10
10 30
5 10
10 58
10 54
2 10
10 11
10 44
10 32
9 10
10 13
10 45
10 20
8 42
42 48
14 42
41 42
42 59
36 42
29 42
38 42
25 42
1 7
7 58
7 13
7 42
1 37
30 37
5 37
37 58
37 54
2 37
11 37
37 44
32 37
9 37
13 37
37 45
8 37
37 48
14 37
36 37
37 59
37 41
37 38
29 37
25 37
37 52
1 43
30 43
5 43
43 58
43 54
2 43
11 43
43 44
32 43
9 43
13 43
43 45
20 43
37 43
1 57
57 58
54 57
44 57
13 57
20 57
37 57
8 57
48 57
14 57
41 57
36 57
57 59
25 57
29 57
38 57
1 6
6 30
5 6
6 58
6 54
2 6
6 11
6 44
6 32
6 9
6 13
6 45
6 20
6 42
6 57
1 24
24 30
24 58
24 54
2 24
24 44
24 32
9 24
13 24
24 42
24 57
8 24
24 48
14 24
24 59
24 36
24 41
24 25
1 34
34 58
34 45
20 34
8 21
21 48
14 21
21 59
21 36
21 41
21 34
1 55
55 58
13 55
37 55
21 55
24 55
4 8
4 48
4 14
49 58
20 49
49 57
24 49
4 49
49 59
8 46
46 48
14 46
46 55
10 46
1 3
3 30
3 5
3 58
3 54
2 3
3 11
3 44
3 32
3 9
3 13
3 20
3 37
21 27
8 27
27 48
14 27
27 41
27 36
27 59
27 38
1 47
47 58
13 47
42 47
47 57
27 47
47 52
1 53
53 58
53 54
44 53
9 53
45 53
37 53
24 53
4 53
53 59
8 53
48 53
14 53
1 35
30 35
35 58
35 54
2 35
11 35
35 44
32 35
35 45
20 35
35 37
24 35
35 59
35 53
35 55
3 35
18 37
18 27
4 18
18 53
18 46
18 55
8 18
18 48
7 18
4 17
17 59
17 46
3 17
17 18
17 41
8 17
17 34
17 47
8 12
12 34
12 17
1 40
40 58
40 54
40 44
13 40
40 45
40 57
27 40
40 52
40 53
40 51
40 55
3 40
40 43
29 40
34 40
17 40
25 40
35 40
1 23
23 30
5 23
23 58
23 54
2 23
11 23
23 44
23 32
9 23
23 45
23 42
23 57
23 24
4 23
23 46
23 51
23 55
10 23
23 43
23 29
8 23
23 40
7 23
23 48
1 15
15 58
15 54
15 44
15 32
9 15
13 15
15 20
15 57
15 27
15 52
15 59
15 55
1 16
16 58
16 54
16 32
13 16
16 20
16 21
16 24
4 16
16 59
16 51
16 55
8 16
16 48
39 57
27 39
4 39
39 53
39 55
16 39
18 39
10 39
8 39
34 39
39 47
39 40
7 39
0 39
15 39
25 39
14 39
12 39
1 26
26 58
26 44
26 32
13 26
20 26
21 26
26 27
4 26
26 59
26 51
3 26
10 26
26 41
26 29
8 26
17 26
26 40
7 26
0 26
6 26
23 26
26 39
26 36
1 33
33 58
13 33
20 33
33 37
27 33
33 59
33 53
33 51
33 55
18 33
33 41
33 43
33 34
33 47
33 38
19 58
19 45
19 37
19 24
19 52
19 53
19 51
3 19
18 19
10 19
19 29
19 47
17 19
19 38
1 56
56 58
54 56
44 56
32 56
9 56
13 56
45 56
56 57
24 56
52 56
53 56
46 56
16 56
10 56
41 56
29 56
8 56
47 56
7 56
19 56
15 56
6 56
25 56
36 56
49 56
1 22
22 58
9 22
22 37
22 57
22 27
22 52
22 53
22 46
16 22
18 22
22 43
22 29
8 22
17 22
22 40
7 22
0 22
6 22
22 23
22 35
14 22
22 26
22 56
4 50
50 59
50 55
16 50
3 50
41 50
43 50
34 50
17 50
38 50
19 50
48 50
6 50
23 50
39 50
36 50
26 50
22 50
1 31
31 58
31 54
11 31
31 44
31 32
9 31
31 45
21 31
27 31
31 52
31 59
31 51
31 55
18 31
31 41
31 43
31 47
31 40
7 31
19 31
31 48
6 31
23 31
31 39
31 49
14 31
31 33
31 50
28 58
20 28
28 57
24 28
4 28
28 59
28 51
16 28
10 28
28 41
28 43
28 34
28 47
28 40
28 48
0 28
15 28
25 28
28 35
28 36
14 28
28 33
12 28
28 31
50 56
12 22
33 56
12 56
19 35
19 36
14 19
12 19
19 33
6 19
19 25
0 33
15 33
25 33
33 35
14 33
26 33
12 26
36 39
16 29
3 16
16 34
14 16
15 16
16 47
0 16
16 38
6 16
3 15
15 41
15 43
8 15
15 40
15 38
7 15
0 15
15 36
14 15
15 23
15 35
6 23
12 23
23 49
23 36
0 40
12 40
12 48
12 35
12 49
7 17
17 38
14 17
6 17
17 48
18 35
6 18
18 41
18 36
18 34
18 49
18 38
10 35
35 43
8 35
7 35
35 48
25 35
14 35
35 49
6 53
34 53
29 53
47 53
7 53
43 53
38 53
47 51
10 47
41 47
29 47
34 47
38 47
7 47
0 47
47 49
36 47
27 29
27 43
7 27
3 27
27 51
3 4
3 46
3 51
3 8
3 36
3 41
3 10
3 48
3 43
0 3
3 29
3 14
0 46
36 46
46 49
34 46
38 46
25 46
7 46
49 55
10 49
8 49
34 49
38 49
48 49
0 49
25 49
36 49
14 49
4 41
4 10
4 25
4 36
4 59
4 55
51 55
8 55
48 55
0 55
29 55
25 55
7 55
21 52
21 29
21 51
21 25
24 34
34 52
34 41
34 43
8 34
34 36
14 34
34 48
10 24
6 24
24 38
24 52
6 59
6 51
6 43
6 29
6 8
6 38
0 6
6 14
6 25
43 57
43 52
43 51
10 43
8 43
14 43
43 48
36 43
7 37
10 37
7 52
7 10
7 29
7 38
0 7
7 48
10 42
42 51
10 51
8 10
10 25
10 41
10 29
10 38
20 51
51 52
51 59
8 51
48 51
14 51
41 51
45 52
29 52
8 29
14 29
25 29
0 29
29 38
38 52
36 38
38 48
14 38
25 38
9 25
25 59
25 41
8 25
25 48
25 36
32 52
52 59
8 59
48 59
14 59
36 59
41 59
36 44
44 52
41 52
8 41
0 41
36 41
11 36
11 52
36 52
2 52
14 52
52 54
48 52
8 48
0 48
8 58
52 58
30 52
8 52
0 8
1 52
0 52
