60 531
10 11
6 10
6 11
6 59
10 20
6 20
10 17
17 59
11 17
17 20
10 36
6 36
17 36
0 36
10 13
6 13
13 17
0 13
13 20
11 13
13 59
13 36
10 25
6 25
17 25
0 25
13 25
11 25
25 59
20 25
25 36
5 10
5 6
5 17
0 5
5 13
5 25
39 59
20 39
11 39
36 39
5 39
10 28
6 28
17 28
0 28
13 28
25 28
28 39
10 33
6 33
17 33
0 33
13 33
25 33
33 59
11 33
20 33
33 36
5 33
28 33
10 14
6 14
14 17
0 14
13 14
14 25
14 39
14 33
10 37
6 37
13 37
37 39
11 37
20 37
37 59
36 37
5 37
4 6
4 25
4 37
14 22
22 59
20 22
11 22
22 36
5 22
6 16
16 25
14 16
16 22
15 36
15 31
14 56
2 20
2 59
2 11
2 36
2 56
2 5
10 53
6 53
17 53
25 53
33 53
2 53
50 59
20 50
11 50
19 33
19 22
19 50
15 19
19 36
10 57
6 57
17 57
0 57
13 57
39 57
37 57
11 49
49 59
20 49
36 49
28 49
10 29
6 29
17 29
0 29
13 29
25 29
29 37
29 49
5 29
11 29
19 29
10 52
6 52
13 52
25 52
33 52
2 52
20 52
52 59
11 52
36 52
9 10
6 9
9 25
9 33
9 37
9 52
5 9
9 36
9 19
18 52
11 18
12 18
18 47
10 30
6 30
13 30
25 30
30 37
22 30
30 52
30 36
29 30
4 30
3 6
3 25
3 33
3 22
3 5
3 11
3 29
3 47
3 30
26 33
22 26
5 26
26 56
26 36
26 29
5 48
11 48
29 48
10 34
6 34
13 34
25 34
34 37
14 34
34 52
11 34
19 34
10 58
6 58
0 58
39 58
37 58
52 58
15 58
36 58
19 58
34 58
38 52
11 38
12 38
4 38
30 38
6 24
24 39
14 24
2 24
5 24
24 36
19 24
24 29
24 38
10 42
6 42
25 42
39 42
14 42
22 42
5 42
42 56
12 42
42 47
30 42
10 35
6 35
17 35
35 39
35 37
14 35
35 52
11 35
29 35
35 47
30 35
35 42
1 30
1 42
1 35
1 59
1 3
10 27
6 27
17 27
0 27
13 27
27 39
14 27
2 27
27 50
27 56
19 27
4 27
27 30
18 27
1 27
6 44
25 44
33 44
44 49
5 44
15 44
12 44
44 47
30 44
44 48
24 44
20 55
44 55
28 55
53 55
16 55
9 55
43 55
55 58
27 44
10 45
6 45
17 45
0 45
13 45
25 45
33 45
22 45
5 45
45 56
36 45
45 47
38 45
45 48
26 45
44 45
7 37
7 22
5 7
7 11
7 36
7 47
7 34
7 18
7 26
7 45
7 28
7 58
21 28
21 51
51 53
51 59
5 40
40 56
36 40
4 40
38 40
40 42
1 40
50 54
11 54
36 54
47 54
38 54
42 54
20 54
45 54
40 54
53 54
10 46
6 46
17 46
0 46
13 46
25 46
33 46
14 46
15 46
11 46
12 46
46 47
46 48
18 46
1 46
46 54
12 41
34 41
38 41
26 41
24 41
20 41
41 54
40 41
23 48
18 23
23 24
23 44
23 41
23 58
9 23
23 59
23 43
23 57
41 46
41 59
35 41
3 46
8 29
8 47
8 34
8 18
8 24
8 45
8 46
8 58
8 9
8 31
8 16
3 8
46 57
14 32
22 32
32 50
32 56
19 32
29 32
32 34
32 48
1 32
32 54
28 32
32 46
32 35
31 32
3 32
7 32
27 46
54 57
40 51
16 40
3 40
40 57
40 53
7 21
21 59
9 21
16 21
7 16
7 27
3 45
16 45
35 45
44 59
28 44
9 44
27 28
27 35
27 31
3 27
1 43
35 58
35 57
31 35
42 58
24 42
42 53
42 57
20 42
24 28
16 24
20 24
24 31
31 38
38 58
20 38
38 57
26 58
20 58
43 58
34 48
16 34
34 53
9 34
28 34
34 43
30 48
26 48
16 48
31 48
48 59
18 26
3 26
9 26
26 57
26 53
3 9
30 59
18 30
18 43
9 18
18 28
12 59
12 47
12 28
12 31
9 47
9 53
52 57
52 56
43 52
43 56
29 43
4 43
20 43
16 43
43 59
43 53
16 29
29 53
49 57
56 57
19 57
4 57
20 57
53 57
19 53
4 19
19 20
50 53
53 56
31 56
4 56
36 56
11 56
4 31
20 31
28 31
31 59
11 15
4 15
15 59
15 16
15 28
15 20
16 36
4 16
4 22
4 28
4 20
4 59
14 37
28 37
14 20
11 14
14 59
14 36
5 14
28 36
5 11
5 59
5 20
0 20
11 20
0 11
11 59
10 59
0 59
