60 177
19 38
38 50
19 26
38 39
26 39
12 25
7 38
7 26
7 49
7 32
10 38
39 45
10 45
2 10
10 39
32 44
10 44
1 19
1 4
4 53
50 53
38 54
49 54
25 54
53 54
38 42
26 42
1 42
38 56
53 56
13 25
13 56
23 40
13 27
4 27
23 27
25 35
35 56
35 40
27 35
7 35
35 51
42 58
51 58
2 5
32 52
1 59
53 59
15 59
21 54
36 41
21 36
32 47
47 52
36 47
47 48
44 48
18 42
18 35
18 48
20 46
9 41
9 10
9 43
24 38
24 49
24 25
24 53
24 32
9 24
7 24
8 28
21 28
4 28
20 28
24 28
23 28
0 24
30 38
26 30
30 49
30 56
30 41
10 30
30 47
4 34
34 59
29 39
29 34
29 50
19 29
30 34
0 30
24 30
2 14
9 14
14 39
12 14
4 33
14 33
33 54
33 57
14 36
9 20
20 47
18 20
20 58
17 48
17 57
23 36
11 54
11 36
21 59
7 59
50 59
13 59
15 50
15 41
15 43
4 41
41 57
37 57
7 57
3 22
22 23
3 44
3 57
3 54
37 52
5 52
0 52
42 52
5 42
5 35
5 55
13 55
5 58
16 23
19 31
16 31
13 40
19 40
13 43
6 50
6 13
8 56
19 56
42 56
42 46
42 54
46 54
12 46
4 43
1 43
1 50
25 43
0 43
43 44
0 44
10 50
2 8
2 39
2 7
7 8
12 32
8 12
12 39
12 50
12 19
25 39
19 25
19 39
26 50
19 49
8 19
8 49
0 8
