60 531
12 25
23 25
12 23
25 44
23 44
12 44
25 57
23 57
12 57
53 57
25 29
12 29
29 44
29 57
13 25
13 23
12 13
13 53
13 29
48 57
44 48
25 43
23 43
12 43
43 53
29 43
43 48
43 57
43 44
13 43
20 25
20 23
12 20
20 53
20 29
20 48
20 43
23 52
12 52
52 57
44 52
13 52
20 52
19 25
19 23
12 19
19 53
19 29
19 48
19 43
19 52
43 59
44 59
57 59
13 59
23 50
12 50
50 59
23 24
12 24
24 43
38 48
38 59
38 44
38 57
13 38
34 38
11 25
11 23
11 12
11 53
11 29
11 48
11 43
11 38
25 51
23 51
12 51
29 51
51 52
38 51
44 51
51 57
19 51
7 25
7 23
7 12
7 29
7 52
7 38
7 51
51 54
34 54
9 25
9 23
9 12
9 29
9 48
9 43
9 52
9 24
33 44
33 57
25 56
23 56
12 56
53 56
29 56
48 56
52 56
24 56
33 56
20 56
25 55
23 55
12 55
29 55
43 55
24 55
33 55
25 31
23 31
12 31
31 53
29 31
31 48
31 52
31 38
44 49
49 57
25 47
23 47
12 47
29 47
47 52
47 49
33 47
47 54
36 43
36 59
36 51
20 36
36 56
23 41
12 41
41 52
41 49
33 41
20 41
36 41
41 47
43 58
58 59
33 58
20 58
36 58
35 59
35 38
34 35
20 35
1 23
1 12
1 52
1 38
1 51
1 20
1 17
1 50
16 17
16 50
16 19
5 40
5 47
5 16
6 35
21 56
21 31
21 35
3 21
3 6
25 30
12 30
30 48
30 38
30 51
30 54
30 36
30 47
16 30
18 25
12 18
18 43
18 59
18 33
18 54
18 36
18 47
16 18
6 18
4 25
4 12
4 59
4 49
4 51
4 20
4 40
4 31
4 10
4 18
27 52
27 59
27 34
27 54
27 40
27 47
27 35
6 27
39 48
24 39
39 49
39 54
39 56
39 50
21 39
6 39
27 39
28 43
24 28
28 33
28 54
28 36
28 50
10 28
19 28
28 39
0 28
1 28
28 41
28 58
28 57
22 56
22 50
22 35
18 22
22 28
13 22
7 22
4 22
46 51
46 54
17 46
46 50
35 46
6 46
39 46
0 46
22 46
40 42
42 50
10 42
30 42
27 42
12 32
32 38
32 33
32 40
32 36
32 50
21 32
19 32
13 32
32 42
45 49
34 45
45 56
31 45
10 45
6 45
27 45
32 45
7 45
42 45
5 45
15 25
12 15
15 43
15 59
15 33
15 20
15 56
15 31
10 15
15 21
15 28
13 15
15 58
15 41
14 23
12 14
14 43
14 38
14 49
14 34
14 36
14 31
14 21
14 19
14 30
14 32
25 37
23 37
12 37
37 53
29 37
37 48
37 52
24 37
33 37
34 37
37 56
37 47
16 37
30 37
37 39
0 37
7 37
3 37
1 37
11 37
8 25
8 12
8 43
8 59
8 34
8 40
8 36
8 47
8 35
8 18
8 30
8 13
8 37
8 42
5 8
3 8
4 8
8 45
14 37
14 42
4 14
14 15
1 14
11 14
3 15
15 45
11 15
1 45
11 32
1 32
25 26
23 26
12 26
26 29
26 48
26 43
26 52
24 26
26 51
20 26
26 40
26 47
16 26
18 26
26 39
26 32
26 58
26 55
26 41
3 26
4 26
26 46
2 25
2 23
2 43
2 24
2 34
2 20
2 56
2 31
2 21
2 19
2 27
2 32
2 58
2 55
2 57
2 9
2 44
1 2
7 42
42 46
1 42
5 46
44 46
11 46
22 41
22 44
22 57
11 39
39 44
9 39
7 27
27 55
13 27
4 27
4 13
4 41
4 44
11 18
7 18
18 30
18 58
0 30
9 30
5 30
3 30
3 7
3 55
3 57
9 21
7 21
6 21
5 6
6 41
0 5
5 58
5 55
5 57
1 16
16 55
16 44
0 16
1 19
1 9
11 17
17 50
17 35
31 35
19 35
35 58
11 35
35 57
10 58
0 58
44 58
9 58
10 41
10 13
0 41
11 41
9 41
19 36
9 36
36 47
47 55
7 47
47 50
13 49
31 49
31 40
31 56
0 31
13 31
31 57
11 31
40 55
40 44
7 40
13 40
55 56
19 55
13 55
7 55
9 55
0 56
56 57
20 33
9 33
9 54
9 50
9 13
9 11
0 54
7 54
54 57
44 54
7 57
34 51
11 51
13 51
11 20
24 38
24 57
24 44
13 24
19 24
24 50
20 24
34 50
20 50
44 50
19 59
20 59
19 34
19 44
19 57
13 19
13 20
34 43
13 48
34 48
34 57
0 57
44 57
44 53
34 44
0 44
23 34
12 34
25 34
0 34
