60 177
7 44
3 46
4 46
3 49
4 49
12 46
12 49
3 24
4 24
24 51
10 45
3 29
24 33
29 33
33 38
49 59
10 59
27 42
14 46
14 49
14 27
12 43
14 43
10 30
30 43
30 42
3 52
52 58
4 52
6 52
36 58
36 42
36 38
6 36
26 49
26 55
6 26
26 58
24 56
29 56
17 56
56 58
26 56
6 35
35 59
35 56
17 34
34 40
11 46
11 43
11 42
11 40
11 45
11 51
33 53
20 53
35 53
11 53
11 12
5 34
5 14
6 41
12 48
41 48
16 46
16 49
3 18
16 18
16 55
6 39
16 39
39 47
47 58
5 47
12 22
22 47
1 30
1 47
17 31
31 59
28 31
12 31
16 31
37 38
2 8
2 10
2 7
2 9
2 4
2 20
2 37
25 49
25 29
25 42
2 25
25 56
16 25
14 25
4 25
31 37
45 54
3 54
37 54
4 54
30 37
28 37
16 28
28 47
3 39
39 51
39 59
16 48
16 41
45 48
5 41
14 41
35 41
3 34
34 35
23 55
9 23
0 23
23 30
23 57
15 56
15 23
15 19
19 44
13 17
9 13
13 33
13 51
13 15
4 13
34 57
44 57
21 57
12 21
20 26
26 44
26 30
6 55
6 12
38 58
9 58
30 58
14 38
14 59
14 20
42 45
42 59
3 42
33 59
4 33
33 51
4 29
29 45
44 45
3 45
3 10
10 51
38 51
3 51
12 24
3 32
4 32
3 50
4 50
4 8
4 7
3 8
8 38
9 38
9 44
7 17
17 20
0 20
