60 708
36 39
36 37
1 39
1 37
2 39
2 36
1 2
35 39
35 37
2 35
36 55
1 55
24 39
24 37
2 24
24 55
39 52
36 52
1 52
24 52
35 52
39 45
37 45
2 45
45 55
45 52
29 36
1 29
24 29
29 35
29 45
39 49
37 49
2 49
49 55
49 52
29 49
17 36
1 17
17 24
17 35
17 45
17 49
21 39
21 37
2 21
21 55
21 52
21 29
17 21
7 36
1 7
7 24
7 35
7 45
7 49
39 53
7 53
35 53
39 48
37 48
2 48
48 55
48 52
29 48
17 48
7 48
35 48
36 48
1 48
45 48
31 39
31 37
2 31
31 55
29 31
17 31
24 31
31 48
31 36
1 31
31 45
28 39
28 37
2 28
28 55
28 52
17 28
24 28
28 48
28 31
43 48
36 43
1 43
3 39
3 17
3 24
3 35
3 31
3 43
36 51
1 51
40 51
33 39
33 37
2 33
33 55
33 52
7 33
24 33
33 35
33 48
11 36
1 11
0 11
11 45
16 39
2 16
16 52
7 16
16 35
16 48
16 31
11 16
16 51
23 39
7 23
23 24
23 35
23 48
23 43
23 51
23 36
1 23
21 23
23 27
27 36
1 27
16 27
6 28
23 59
22 39
22 37
2 22
22 55
22 52
22 29
22 24
22 35
22 31
11 22
22 40
22 36
1 22
3 22
22 53
23 44
22 44
1 44
39 54
37 54
2 54
54 55
52 54
29 54
24 54
35 54
48 54
11 54
51 54
23 54
8 52
8 17
8 24
8 35
8 31
8 11
8 40
8 36
23 26
26 36
8 26
16 26
6 26
21 26
9 23
9 36
8 9
9 54
6 9
39 57
2 57
52 57
7 57
24 57
35 57
31 57
11 57
40 57
36 57
1 57
8 57
6 57
24 38
35 38
31 38
38 43
38 40
36 38
1 38
16 38
38 44
38 57
5 39
5 37
2 5
5 55
5 52
5 29
5 17
5 7
5 24
5 35
5 31
5 43
5 51
5 36
5 22
5 54
15 51
15 23
1 15
15 54
15 44
0 15
20 39
2 20
20 55
20 52
20 29
7 20
20 24
20 35
20 48
20 43
20 51
20 36
1 20
16 20
15 20
20 57
20 53
1 14
14 54
14 15
14 57
5 14
14 26
39 58
37 58
2 58
55 58
52 58
29 58
17 58
7 58
24 58
35 58
31 58
43 58
40 58
22 58
1 58
54 58
15 58
21 58
53 58
14 58
45 58
39 56
37 56
2 56
55 56
52 56
29 56
17 56
7 56
24 56
48 56
31 56
43 56
40 56
36 56
8 56
44 56
15 56
56 57
5 56
14 56
45 56
49 56
56 58
2 32
17 32
24 32
32 35
31 32
32 43
32 40
32 36
8 32
16 32
6 32
5 32
32 53
14 32
3 32
32 56
39 41
2 41
41 55
41 52
29 41
7 41
24 41
35 41
31 41
11 41
40 41
36 41
1 41
41 54
15 41
41 57
9 41
12 22
12 16
12 44
12 57
9 12
12 53
23 47
36 47
8 47
47 54
6 47
47 57
47 53
12 47
42 43
22 42
1 42
42 54
42 44
42 57
42 53
3 42
42 45
42 49
26 42
33 42
27 42
34 39
29 34
34 35
34 48
31 34
34 43
34 40
34 36
8 34
16 34
15 34
21 34
9 34
14 34
34 42
34 49
34 59
24 25
25 35
25 31
11 25
23 25
22 25
8 25
16 25
25 44
25 57
25 53
14 25
3 25
25 49
25 41
25 27
18 31
11 18
18 40
18 22
8 18
16 18
15 18
18 57
18 53
3 18
18 42
39 50
2 50
50 52
17 50
24 50
35 50
48 50
43 50
40 50
36 50
8 50
44 50
6 50
5 50
9 50
3 50
45 50
49 50
27 50
26 50
50 59
10 39
10 29
10 24
10 35
10 48
10 11
10 40
10 22
1 10
10 44
6 10
10 21
9 10
10 14
10 45
10 50
10 59
10 27
10 58
30 53
3 30
30 42
30 56
30 59
25 30
30 34
18 30
30 33
10 30
30 32
30 47
10 47
10 33
10 20
0 10
18 50
33 50
28 50
19 39
2 19
19 52
17 19
19 24
19 35
19 48
11 19
19 43
19 36
1 19
16 19
15 19
19 21
9 19
3 19
19 42
19 50
19 59
19 27
19 25
19 38
4 23
4 22
1 4
4 54
4 6
4 21
4 9
4 12
4 45
4 56
4 59
4 25
4 28
4 38
4 32
4 19
4 18
4 33
18 19
19 26
19 32
18 41
18 25
18 58
13 48
13 43
13 23
13 36
8 13
13 54
6 13
13 21
13 53
12 13
13 45
13 56
13 41
46 52
17 46
24 46
35 46
46 48
43 46
23 46
36 46
8 46
16 46
44 46
5 46
46 53
12 46
45 46
46 49
27 46
20 46
28 46
33 46
38 46
13 46
46 58
46 47
13 25
13 38
13 47
13 32
13 26
13 18
18 20
25 34
32 34
33 34
0 34
34 58
34 47
42 47
47 49
41 47
0 47
20 47
3 12
12 49
12 41
12 33
12 27
12 59
41 45
41 49
33 41
32 41
38 41
26 41
27 32
20 32
38 56
20 56
0 56
58 59
38 58
28 58
26 58
14 45
14 38
14 20
0 14
20 49
20 27
20 28
20 38
5 15
15 45
15 21
15 53
5 21
5 33
5 53
5 49
5 38
5 59
3 5
5 27
38 49
28 38
9 57
0 57
3 57
9 26
9 49
9 45
9 28
9 33
26 27
26 28
26 33
0 26
3 8
8 45
8 59
8 54
16 54
44 54
54 59
0 54
49 54
44 45
21 44
3 44
33 44
44 49
22 33
22 45
22 59
22 49
6 59
21 59
3 59
0 59
28 59
6 27
21 27
0 27
23 49
16 23
1 16
16 33
16 28
16 53
11 53
11 21
11 33
11 49
33 51
1 33
0 33
45 51
28 51
36 40
1 40
40 53
0 40
3 40
3 21
3 28
0 3
43 45
28 43
0 43
28 36
1 28
21 28
28 45
0 28
21 31
31 53
21 48
48 53
48 49
1 53
0 53
7 21
21 24
21 36
1 21
21 45
0 17
24 49
35 49
36 49
24 45
35 45
24 36
1 24
24 35
0 24
35 55
35 36
1 35
0 35
1 36
0 1
0 36
0 39
