60 708
14 55
4 55
4 14
40 55
4 40
14 39
39 40
21 55
4 21
21 39
21 40
55 56
4 56
39 56
40 56
14 56
21 56
0 56
34 55
4 34
34 39
34 40
34 56
14 43
21 43
7 55
4 7
7 39
7 40
7 56
7 43
7 14
21 37
0 37
7 37
34 37
8 55
4 8
8 39
8 40
8 56
8 43
8 14
8 37
15 55
4 15
15 40
15 21
7 15
15 34
0 15
8 15
50 55
4 50
39 50
40 50
50 56
43 50
14 50
37 50
15 50
2 4
2 40
2 14
2 21
2 7
2 34
0 2
2 50
32 55
4 32
32 39
32 40
32 56
32 43
14 32
32 37
15 32
2 32
11 21
7 11
11 34
0 11
48 55
4 48
39 48
40 48
48 56
43 48
14 48
37 48
15 48
2 48
11 48
55 59
4 59
40 59
14 59
21 59
0 59
7 59
34 59
8 59
48 59
50 59
32 59
16 40
16 59
10 21
10 34
0 10
7 10
10 32
8 10
10 48
10 50
51 55
4 51
39 51
40 51
51 56
43 51
14 51
37 51
15 51
2 51
11 51
10 51
14 30
30 59
21 30
30 34
7 30
0 30
8 30
19 55
4 19
14 19
19 59
19 30
19 34
52 55
4 52
40 52
2 52
48 52
34 52
21 52
7 52
36 55
4 36
36 39
36 40
36 56
14 36
36 37
2 36
36 50
32 36
36 52
23 40
15 23
23 50
23 34
14 38
2 38
38 50
32 38
28 38
54 55
4 54
40 54
54 56
14 54
15 54
50 54
34 54
38 54
33 55
4 33
33 40
33 56
33 43
14 33
15 33
2 33
33 48
32 33
33 52
23 33
45 55
4 45
39 45
40 45
45 56
43 45
14 45
2 45
45 50
32 45
28 45
33 45
7 45
41 55
4 41
40 41
41 56
14 41
2 41
41 50
34 41
41 52
23 41
7 41
4 35
35 40
14 35
15 35
35 50
34 35
28 35
23 35
21 35
35 41
35 51
6 30
6 48
6 28
6 33
10 27
27 34
27 28
27 33
8 27
30 31
31 48
31 38
7 31
27 31
21 31
31 51
22 30
22 48
22 38
22 23
21 22
22 41
10 57
34 57
52 57
33 57
27 57
41 57
12 40
2 12
12 50
12 32
12 28
12 23
12 21
12 36
1 52
1 23
1 7
1 41
1 12
14 44
15 44
10 44
34 44
38 44
23 44
27 44
44 51
44 57
44 45
42 55
4 42
39 42
40 42
42 56
14 42
37 42
15 42
30 42
32 42
42 52
33 42
7 42
36 42
42 57
42 44
17 55
4 17
17 39
17 40
17 56
17 43
14 17
17 59
17 48
17 34
17 52
17 33
7 17
17 41
12 17
17 44
6 17
49 55
4 49
39 49
40 49
49 56
43 49
14 49
37 49
15 49
2 49
11 49
10 49
30 49
32 49
49 52
33 49
21 49
41 49
49 57
44 49
17 49
46 55
4 46
14 46
46 59
30 46
46 48
28 46
23 46
27 46
41 46
46 51
22 46
14 29
29 59
29 50
29 34
28 29
29 33
7 29
29 36
29 57
29 44
6 29
29 31
20 55
4 20
20 39
20 40
20 56
20 43
14 20
15 20
20 30
20 32
20 52
20 38
20 27
20 36
20 51
20 22
20 29
5 55
4 5
5 40
5 56
5 14
5 59
5 10
5 32
5 28
5 23
5 7
5 21
5 51
5 44
5 6
5 46
1 5
5 8
13 30
13 48
13 38
13 33
13 27
13 36
12 13
13 22
13 17
5 13
13 19
14 18
18 59
10 18
18 34
18 28
18 33
18 21
18 36
18 51
18 22
6 18
5 18
18 19
55 58
40 58
14 58
15 58
50 58
32 58
28 58
23 58
27 58
51 58
12 58
57 58
6 58
9 55
4 9
9 40
9 56
9 14
2 9
9 48
9 32
9 52
9 23
7 9
9 36
9 12
6 9
47 55
4 47
40 47
14 47
30 47
32 47
38 47
23 47
27 47
36 47
12 47
22 47
9 47
46 47
24 51
24 44
17 24
9 24
5 24
3 4
3 40
3 14
3 59
3 50
3 48
3 28
3 38
3 27
3 41
3 51
3 22
3 29
3 9
3 24
3 18
3 8
3 42
25 48
25 34
25 38
25 33
21 25
25 36
12 25
25 57
17 25
25 46
19 25
8 25
25 49
25 42
40 53
53 59
30 53
32 53
38 53
7 53
21 53
36 53
51 53
53 57
29 53
9 53
19 53
18 53
8 53
1 53
25 53
31 53
53 54
16 53
13 25
3 25
25 54
3 31
3 16
3 20
0 24
24 31
24 47
8 24
24 58
24 42
35 47
42 47
20 47
16 47
0 47
31 47
1 47
9 54
9 46
9 42
9 58
9 35
9 16
1 58
54 58
26 55
4 26
26 40
26 56
26 43
14 26
15 26
2 26
26 50
26 34
26 28
23 26
7 26
26 41
12 26
22 26
17 26
26 46
26 58
18 26
1 26
26 54
26 45
26 35
26 42
20 26
20 58
35 58
18 58
45 58
18 49
13 18
18 54
1 13
13 42
13 31
13 45
13 54
5 45
5 20
5 19
20 49
20 35
0 20
20 54
16 29
19 29
0 29
1 29
29 46
19 46
0 46
31 46
46 49
19 49
35 49
1 49
42 49
0 49
17 42
17 35
17 45
8 17
0 42
22 44
16 44
6 44
1 44
1 31
1 16
8 12
12 57
0 12
12 16
6 57
54 57
22 57
19 57
22 54
8 22
22 31
8 31
0 31
6 27
21 27
16 27
19 27
6 41
0 6
6 35
6 19
6 54
0 35
35 45
16 35
16 41
41 45
19 41
45 51
19 45
8 45
16 45
0 45
21 33
33 51
33 54
21 54
51 54
8 54
23 38
38 51
21 38
7 38
8 38
23 36
0 23
7 36
21 36
0 36
8 36
8 52
16 52
0 52
28 52
21 28
19 28
7 19
16 19
30 51
30 32
48 51
21 51
10 16
16 48
7 16
8 16
48 50
21 48
0 48
7 48
34 48
32 48
8 11
11 32
11 50
32 50
21 32
7 32
0 32
2 8
21 50
7 50
0 50
34 50
8 50
8 34
7 34
0 43
34 43
14 34
21 34
0 34
14 21
0 21
0 39
14 40
0 40
0 4
0 14
0 55
