60 354
11 24
11 30
24 44
3 11
3 44
19 24
19 30
3 19
11 57
44 57
19 57
37 57
11 35
24 35
3 35
30 35
35 57
11 25
19 25
25 35
24 41
3 41
30 41
11 17
17 41
7 11
7 41
7 24
19 20
20 35
7 20
20 24
20 30
11 43
19 43
37 43
35 43
43 57
20 43
1 11
1 44
1 19
1 37
1 35
1 41
1 7
7 53
7 15
15 53
3 23
23 24
17 23
37 38
38 41
38 57
20 38
23 38
13 23
13 17
11 12
12 35
12 57
12 53
12 14
12 13
12 24
1 50
25 50
23 34
17 34
11 58
41 58
7 58
20 58
1 40
11 31
31 35
31 57
20 31
31 40
17 31
31 34
4 40
4 13
30 36
1 59
36 59
58 59
50 59
1 32
17 32
30 32
11 55
19 55
35 55
41 55
55 57
53 55
1 55
36 55
30 55
24 26
11 18
18 44
18 19
18 37
18 35
24 54
30 54
3 54
10 37
10 54
10 57
10 53
10 40
10 13
10 30
9 14
9 36
9 24
9 10
9 18
9 38
5 41
5 20
5 14
5 17
5 58
5 9
8 24
36 49
9 49
8 49
43 49
7 33
33 53
14 33
17 33
4 33
33 49
18 33
29 32
40 51
25 51
34 51
51 55
1 21
21 40
21 58
21 32
0 21
22 57
20 22
2 22
13 22
22 58
22 55
21 22
8 22
39 57
39 53
23 39
25 39
24 39
4 39
0 39
39 51
22 39
10 39
31 39
27 34
9 27
27 32
40 45
25 45
45 58
45 50
3 45
18 56
45 56
38 56
24 48
48 49
32 48
29 48
48 56
27 48
10 48
33 48
12 56
6 26
6 20
6 14
6 13
6 24
6 55
0 6
6 29
6 56
6 59
1 16
16 25
4 16
16 55
16 21
11 47
35 47
7 47
26 47
23 47
17 47
4 47
32 47
3 47
29 47
12 47
5 47
10 47
16 47
15 16
16 42
6 16
28 57
28 53
23 28
28 36
4 28
28 50
3 28
28 51
28 52
12 28
6 28
16 28
43 45
15 45
27 45
45 52
27 39
27 43
2 46
36 46
30 46
46 49
18 46
8 46
31 46
27 46
5 46
22 46
22 42
22 43
2 42
2 52
13 52
30 52
49 52
21 52
15 52
52 59
43 52
21 51
10 21
29 51
38 51
42 51
29 33
33 38
33 59
10 33
3 8
5 8
8 59
8 31
5 15
5 12
5 43
9 50
10 42
18 54
54 57
18 26
18 20
14 18
18 25
18 58
15 18
18 43
18 42
25 26
26 42
20 42
25 42
34 42
42 55
38 42
32 55
15 55
32 59
31 59
4 36
4 38
4 31
3 31
12 31
40 58
30 40
0 40
13 58
34 58
30 58
24 34
34 43
34 50
0 50
3 50
12 50
0 12
13 38
0 38
15 38
15 23
15 17
15 30
0 53
17 53
1 53
25 53
1 3
1 24
1 14
14 43
0 14
14 25
25 43
7 30
7 17
3 7
0 7
17 24
0 41
25 41
3 25
24 57
30 57
3 57
3 37
3 24
0 3
30 44
30 37
0 30
24 37
0 37
