60 531
9 49
9 12
12 51
47 49
12 47
3 51
3 9
3 47
45 49
12 45
3 45
28 51
9 28
28 47
28 45
1 49
1 12
1 3
1 28
2 51
2 9
2 45
2 47
1 2
49 52
12 52
3 52
28 52
2 52
27 51
9 27
27 45
27 47
11 49
11 12
3 11
11 28
2 11
11 27
0 11
18 51
9 18
18 45
18 47
36 49
18 36
48 51
9 48
45 48
47 48
48 52
7 49
3 7
2 7
0 7
7 48
7 9
7 51
7 45
7 47
7 10
39 51
9 39
39 47
28 53
27 53
39 53
9 19
19 51
20 49
12 20
2 20
0 20
20 48
19 20
7 14
14 39
1 14
25 49
12 25
25 28
18 25
7 25
19 25
14 25
8 53
43 49
12 43
2 43
18 43
7 43
39 43
49 50
12 50
2 50
0 50
7 50
19 50
9 50
50 51
43 50
11 50
7 35
22 51
9 22
24 28
24 27
24 48
22 24
19 24
4 49
4 28
2 4
4 27
4 7
4 19
4 14
4 15
9 29
10 29
14 42
8 42
29 42
13 28
0 13
7 13
13 22
13 14
13 15
13 24
1 13
18 21
21 22
14 21
8 21
21 59
16 49
12 16
3 16
16 28
2 16
0 16
16 48
16 39
16 50
15 16
16 59
1 16
28 41
27 41
41 48
19 41
41 50
15 41
41 59
1 41
41 45
16 41
10 41
11 41
46 49
28 46
2 46
27 46
7 46
19 46
14 46
36 37
37 45
34 48
22 34
34 50
34 37
29 34
2 30
0 30
30 48
19 30
30 50
30 37
30 59
30 34
30 41
7 58
39 58
14 58
15 58
58 59
34 58
13 58
16 58
47 58
42 58
53 58
30 58
29 38
24 38
38 41
32 46
32 43
44 49
12 44
3 44
28 44
2 44
0 44
18 44
22 44
44 50
37 44
29 44
34 44
44 45
32 44
36 44
30 44
10 44
38 44
33 50
15 33
24 33
1 33
33 41
33 45
23 49
12 23
23 28
23 27
7 23
19 23
14 23
23 37
23 24
23 34
13 23
16 23
23 58
26 28
26 27
7 26
22 26
26 50
26 37
26 29
1 26
26 45
26 32
23 26
26 52
21 26
14 57
37 57
24 57
1 57
45 57
32 57
57 58
42 57
21 57
33 57
25 57
38 57
51 57
26 57
4 57
46 57
35 54
38 54
9 54
25 54
5 48
5 19
5 50
5 37
5 29
5 34
5 13
5 16
5 23
5 42
5 35
5 38
5 54
4 5
31 48
22 31
14 31
31 37
24 31
1 31
13 31
31 45
23 31
31 42
31 35
10 31
9 31
5 31
20 31
26 31
31 53
13 56
16 56
30 56
52 56
21 56
11 56
9 56
4 56
31 56
53 56
26 56
46 56
5 46
5 44
5 47
21 55
38 55
54 55
33 55
6 10
6 38
6 33
4 6
6 55
6 43
17 29
17 24
17 41
17 32
17 23
17 52
10 17
17 38
23 40
40 52
21 40
11 40
40 47
40 51
33 40
4 40
17 40
9 40
17 25
6 17
17 44
17 55
17 20
6 46
47 55
51 55
20 54
26 54
25 26
26 53
26 43
23 25
4 23
23 33
23 43
30 33
21 33
33 53
33 44
33 47
25 44
44 47
43 44
9 32
32 38
32 36
20 32
38 58
38 42
35 38
10 58
52 58
21 58
30 36
20 30
10 30
30 46
21 30
30 53
25 30
34 35
34 46
25 34
34 47
34 45
34 36
20 34
34 51
20 37
37 46
11 37
37 47
46 59
41 46
36 46
35 46
9 46
46 51
20 46
9 41
20 41
41 51
10 16
16 21
16 52
4 16
16 35
16 25
16 51
52 59
51 59
45 59
24 59
13 21
21 45
4 21
21 51
13 42
13 25
13 47
4 13
13 53
13 35
42 45
36 42
9 42
42 43
35 42
20 42
42 52
1 29
4 29
29 43
29 47
20 29
1 4
4 52
4 53
4 43
9 15
15 24
24 35
24 53
24 25
24 36
11 24
24 52
22 45
22 35
22 36
35 50
8 35
35 36
25 35
35 43
35 53
47 50
36 50
50 53
8 43
1 43
43 45
11 43
9 43
20 43
8 25
8 52
1 8
8 51
8 10
25 51
20 25
14 20
9 14
10 14
14 52
14 51
10 20
11 20
19 47
19 53
1 19
19 45
1 53
36 53
11 53
51 53
39 45
11 39
39 52
10 39
1 10
10 11
9 10
10 47
7 11
36 48
1 48
36 45
9 36
36 47
36 51
11 36
18 52
1 18
11 18
1 11
11 45
11 52
9 11
11 47
1 27
27 52
0 52
45 52
47 52
51 52
0 1
1 9
0 45
0 47
47 51
0 9
49 51
0 51
