60 354
31 46
31 55
12 46
12 55
31 38
12 38
46 52
52 55
38 52
31 42
12 42
42 52
21 46
21 55
21 38
21 42
2 31
2 12
2 21
2 52
44 46
44 55
2 44
16 46
16 55
16 42
16 31
12 16
0 16
4 55
4 31
4 12
4 52
4 21
3 4
3 16
28 31
46 50
50 55
38 50
42 50
2 50
4 50
28 50
31 53
20 46
20 55
2 20
4 20
40 46
40 55
38 40
40 42
2 40
16 40
28 40
31 40
12 40
20 40
40 54
27 31
12 27
5 28
5 27
5 31
31 45
15 45
9 46
4 9
31 35
6 35
6 40
6 9
36 52
11 36
13 55
4 13
13 35
13 40
13 31
18 23
0 18
9 34
18 34
13 34
34 54
10 17
31 59
13 59
17 59
54 59
37 51
3 37
37 59
31 39
12 39
39 57
40 57
52 57
15 57
17 57
3 57
19 46
16 19
31 58
12 58
4 48
16 48
48 58
40 48
48 52
18 48
28 41
41 53
41 52
15 41
41 44
3 41
29 41
29 54
20 29
5 29
29 50
29 37
23 29
1 52
1 36
2 24
16 24
24 35
24 27
24 52
15 24
28 56
31 43
43 56
43 44
9 43
21 43
32 42
16 32
32 39
32 43
31 32
32 36
17 32
0 32
32 34
5 32
32 50
25 31
25 36
25 51
25 54
25 34
7 9
7 18
7 17
7 12
7 59
7 56
1 7
8 46
8 55
8 38
8 42
2 8
4 8
8 58
8 27
8 31
8 13
8 24
0 8
8 59
7 8
6 8
8 37
8 57
47 54
12 47
34 47
47 48
26 46
26 55
26 38
26 42
2 26
4 26
26 28
26 27
26 31
18 26
24 26
12 26
19 26
26 49
17 22
3 22
22 44
22 48
6 22
22 25
21 22
22 26
26 47
26 33
33 45
33 57
33 56
26 57
25 47
23 47
8 47
7 25
7 21
25 32
23 25
11 32
10 32
3 43
43 52
9 56
15 56
24 56
12 56
34 56
14 50
11 14
14 56
14 37
21 56
10 56
24 51
24 54
24 50
1 24
21 24
1 3
1 34
1 6
1 37
1 11
1 29
6 41
20 41
11 41
41 48
19 41
48 54
19 48
5 48
48 50
23 48
52 58
19 58
19 40
19 31
19 36
12 19
19 50
19 57
6 19
19 44
49 57
45 57
21 39
39 49
27 49
9 49
13 49
49 51
0 49
49 59
20 49
37 49
45 49
21 59
5 59
10 12
10 34
5 10
10 45
10 21
18 54
13 18
3 13
11 13
12 13
0 13
11 12
11 44
11 20
11 21
6 36
20 36
36 50
36 51
0 6
6 20
6 45
9 35
35 44
9 31
3 9
0 9
9 51
9 44
23 51
45 51
12 51
5 51
0 45
44 45
15 44
15 21
5 15
3 5
5 23
27 54
31 54
23 54
0 40
23 40
20 53
20 52
3 20
20 44
20 50
50 53
31 50
0 50
0 28
23 28
3 28
3 21
4 23
16 23
23 52
23 44
16 44
16 21
16 52
0 44
0 2
30 31
12 30
30 52
21 30
21 31
31 52
12 52
0 55
0 46
