60 885
26 48
48 51
9 26
9 51
3 9
48 55
9 55
26 36
36 51
3 36
36 55
48 49
9 49
26 44
44 51
3 44
44 55
44 49
3 54
49 54
48 54
9 54
36 54
44 54
26 42
42 51
3 42
42 55
42 49
42 54
45 48
9 45
44 45
36 45
26 58
51 58
3 58
55 58
49 58
54 58
45 58
29 48
9 29
29 44
29 36
26 43
43 51
3 43
43 55
43 49
43 54
43 45
29 43
30 54
30 48
9 30
30 44
30 36
26 32
32 51
3 32
32 55
32 49
32 54
32 45
29 32
30 32
26 40
40 51
3 40
40 55
40 49
40 54
40 45
29 40
30 40
40 48
9 40
40 44
36 40
32 40
40 42
26 37
37 51
3 37
37 55
37 49
37 54
37 45
29 37
30 37
37 40
6 48
6 9
6 36
6 44
6 32
6 43
6 37
6 42
6 58
5 26
5 51
3 5
5 55
5 49
5 54
5 45
5 29
5 30
5 40
5 6
14 26
14 51
3 14
14 49
14 54
14 45
14 29
14 30
3 12
12 30
6 12
12 48
9 12
12 36
12 44
12 32
12 58
12 43
12 37
12 42
15 54
15 40
12 15
14 15
3 53
30 53
40 53
14 53
48 53
9 53
44 53
36 53
32 53
42 53
37 53
53 58
43 53
3 13
13 54
13 45
13 40
12 13
13 14
13 53
26 47
47 51
3 47
47 55
47 49
47 54
45 47
29 47
30 47
40 47
6 47
12 47
6 21
14 21
21 48
9 21
21 36
21 44
21 37
21 43
21 58
21 42
21 32
4 29
4 40
4 12
17 48
9 17
17 44
17 36
17 42
17 43
17 58
17 32
17 37
6 35
17 35
35 53
35 47
4 35
0 35
26 33
3 33
33 55
33 49
33 54
33 45
29 33
33 40
12 33
14 33
21 33
33 47
19 26
19 51
3 19
19 55
19 49
19 54
19 45
19 29
19 30
19 40
12 19
14 19
19 21
19 53
4 19
19 48
9 19
19 36
19 44
19 32
19 42
19 58
19 37
19 43
5 19
10 30
10 40
6 10
10 12
10 21
4 10
10 19
18 26
3 18
18 49
18 54
18 29
18 40
6 18
14 18
17 18
18 53
4 18
18 48
9 18
18 36
18 44
18 42
18 37
18 43
18 32
18 58
10 18
13 18
3 41
41 49
41 54
40 41
12 41
14 41
41 53
41 47
4 41
18 41
33 41
26 39
39 51
3 39
39 55
39 49
39 54
39 45
29 39
30 39
39 40
6 39
17 39
21 39
39 47
0 39
32 39
33 39
39 48
9 39
39 44
36 39
11 39
5 11
22 48
9 22
11 22
17 23
23 47
0 23
23 32
23 39
5 23
22 23
9 23
23 36
23 37
11 23
23 44
3 8
8 30
6 8
8 14
8 17
8 53
0 8
8 18
8 39
5 8
8 9
8 48
8 37
7 26
3 7
7 55
7 49
7 54
7 45
7 30
7 40
6 7
7 14
7 21
7 47
4 7
0 7
7 39
5 7
7 9
7 48
7 36
7 37
24 48
7 24
11 24
13 24
8 24
16 22
9 16
16 36
16 37
11 16
13 16
15 16
16 35
16 43
26 57
3 57
55 57
49 57
54 57
45 57
29 57
30 57
12 57
17 57
21 57
53 57
19 57
0 57
39 57
5 57
9 57
48 57
37 57
11 57
10 57
8 57
15 57
16 57
41 57
57 58
2 3
2 49
2 54
2 30
2 40
2 17
2 21
2 47
2 19
2 18
2 33
2 39
6 56
17 56
21 56
4 56
19 56
18 56
33 56
5 56
48 56
9 56
36 56
56 58
44 56
3 46
46 49
46 54
30 46
12 46
14 46
46 53
46 47
4 46
0 46
33 46
46 56
22 46
9 46
46 48
11 46
10 46
44 46
8 46
43 46
23 46
41 46
25 26
3 25
25 49
25 54
25 30
25 40
6 25
14 25
21 25
25 53
0 25
18 25
25 33
5 25
22 25
25 48
25 36
7 25
13 25
8 25
15 25
25 46
3 34
34 40
6 34
14 34
34 53
34 47
4 34
18 34
32 34
5 34
9 34
34 48
34 36
11 34
13 34
34 44
15 34
16 34
34 58
3 27
27 30
12 27
14 27
21 27
27 53
0 27
18 27
27 32
27 39
27 56
9 27
27 36
7 27
11 27
27 44
8 27
27 46
27 34
24 27
2 27
27 57
3 31
31 49
31 54
30 31
6 31
12 31
17 31
31 47
19 31
18 31
31 32
5 31
31 56
9 31
31 36
7 31
13 31
31 44
8 31
31 46
31 41
31 58
2 31
31 57
19 59
32 59
33 59
5 59
56 59
9 59
36 59
7 59
13 59
44 59
15 59
16 59
41 59
34 59
24 59
23 59
25 59
31 59
35 59
43 59
26 50
3 50
50 55
49 50
50 54
45 50
29 50
30 50
12 50
17 50
21 50
4 50
19 50
32 50
33 50
39 50
50 56
48 50
36 50
7 50
13 50
44 50
15 50
46 50
41 50
34 50
24 50
23 50
50 59
20 32
5 20
9 20
20 48
20 37
11 20
10 20
13 20
15 20
16 20
20 41
20 58
20 57
20 23
20 25
20 35
20 50
20 27
1 3
1 40
1 6
1 12
1 21
1 53
1 4
0 1
1 33
1 39
1 56
1 48
1 37
1 7
1 10
1 13
1 15
1 16
1 41
1 58
1 2
1 23
1 25
1 31
1 20
1 42
38 48
37 38
10 38
38 44
8 38
38 46
38 41
38 58
24 38
38 57
25 38
35 38
20 38
38 50
1 38
27 38
1 43
4 28
28 32
28 33
5 28
9 28
28 48
28 36
11 28
10 28
28 44
8 28
28 46
28 41
28 58
2 28
28 57
25 28
28 35
28 50
28 42
4 52
0 52
33 52
39 52
52 56
48 52
37 52
7 52
10 52
13 52
15 52
16 52
34 52
52 58
24 52
23 52
52 59
31 52
28 52
42 52
43 52
27 52
28 43
43 50
27 50
27 31
31 35
31 43
27 42
25 34
34 43
23 34
34 35
34 42
25 58
25 57
25 43
25 42
35 46
42 46
13 56
15 56
41 56
2 56
42 56
37 56
2 48
2 36
2 37
2 13
2 8
2 15
2 16
2 41
2 58
2 23
2 43
2 42
2 57
35 57
16 58
16 24
24 41
23 24
24 43
24 42
24 35
7 41
7 8
7 13
7 11
7 35
7 15
8 10
8 44
8 41
8 23
8 42
23 42
23 35
15 22
22 35
22 43
9 11
11 48
11 44
11 58
10 11
11 42
11 43
37 39
5 39
35 39
39 41
39 42
9 41
37 41
10 41
15 41
15 18
18 33
10 32
5 10
9 10
10 48
10 36
10 15
10 58
10 44
10 13
10 35
0 19
15 19
19 33
13 19
32 33
33 48
9 33
33 36
33 44
33 43
33 58
33 35
33 42
9 35
35 37
35 44
35 42
4 17
4 21
4 53
4 48
4 9
4 36
4 44
4 37
4 58
4 43
4 32
4 42
21 47
5 21
47 48
9 47
44 47
36 47
37 47
32 47
42 47
47 58
43 47
5 47
15 47
13 47
0 47
13 32
9 13
13 48
13 37
13 15
13 58
15 53
0 53
15 32
15 48
15 36
15 58
0 12
12 14
14 48
9 14
14 44
14 36
14 32
14 58
14 42
14 43
14 37
5 14
0 14
0 5
5 48
5 9
5 44
5 36
5 43
5 37
0 37
32 37
37 48
37 58
37 42
37 43
40 58
40 43
0 40
0 32
32 48
9 32
32 44
32 36
32 43
32 42
32 58
30 42
30 43
30 58
0 43
43 48
36 43
43 44
29 58
29 42
0 58
9 58
48 58
42 45
0 42
42 48
36 42
42 44
0 44
9 44
44 48
36 44
36 49
0 36
9 36
36 48
0 9
9 48
3 51
3 48
0 48
3 26
0 3
