60 531
35 54
34 35
34 54
1 35
1 34
3 35
3 54
1 3
35 52
34 52
3 52
20 35
20 34
20 54
1 20
35 47
34 47
3 47
20 47
47 54
1 51
28 35
28 34
3 28
20 28
28 54
28 51
1 53
25 35
25 34
3 25
20 25
25 54
25 51
25 53
10 35
10 34
3 10
10 20
10 54
10 51
10 53
1 10
10 47
11 35
11 34
3 11
11 20
11 54
11 51
11 53
10 11
35 59
34 59
20 59
54 59
1 59
52 59
11 59
28 59
47 59
25 59
12 35
12 20
12 54
12 53
12 59
1 49
25 49
49 52
28 49
11 49
47 49
35 38
3 38
20 38
38 54
10 38
38 49
35 37
34 37
3 37
20 37
37 54
37 51
37 53
10 37
37 59
1 37
35 44
34 44
3 44
20 44
44 54
44 51
10 44
37 44
26 44
0 44
2 54
2 49
37 50
1 50
12 50
19 50
27 35
3 27
27 54
10 27
6 35
6 54
6 10
1 6
6 28
6 11
6 47
6 25
6 52
6 27
6 21
1 7
7 47
7 27
7 52
30 35
30 34
3 30
20 30
30 54
10 30
30 59
7 30
30 50
30 56
1 30
5 54
5 6
5 37
6 46
7 46
37 46
15 46
1 46
5 46
4 21
4 5
4 32
2 48
5 48
32 48
27 48
29 35
29 34
29 54
29 53
10 29
7 29
29 50
15 29
1 29
8 35
8 34
3 8
8 20
8 54
8 51
8 53
8 10
8 59
8 37
8 26
8 15
2 8
25 39
17 35
17 34
3 17
17 20
17 54
17 51
17 59
7 17
17 56
0 17
2 17
17 39
6 57
49 57
50 57
0 57
21 57
39 57
44 57
10 45
45 49
37 45
0 45
21 45
36 37
0 36
21 36
5 36
36 45
2 22
22 36
8 22
31 54
31 53
6 31
31 37
26 31
0 31
1 31
5 31
4 31
17 31
31 46
27 31
31 47
22 31
1 41
36 41
32 41
31 41
9 35
9 34
3 9
9 20
9 54
9 51
9 59
9 37
9 26
9 56
2 9
9 36
8 9
9 29
35 42
42 54
42 59
7 42
42 50
15 42
1 42
5 42
8 42
27 42
9 42
40 54
40 49
26 40
40 56
1 40
5 40
40 57
31 40
14 57
14 44
14 24
14 30
14 17
14 25
14 47
14 22
12 14
16 54
16 53
10 16
16 49
16 50
15 16
1 16
16 21
16 32
16 44
9 16
16 30
13 35
13 34
3 13
13 20
13 54
13 53
13 59
7 13
13 26
13 56
1 13
13 39
4 13
13 44
13 24
21 43
36 43
4 43
27 43
24 43
30 43
38 43
11 43
13 43
41 43
33 59
6 33
33 50
15 33
2 33
33 39
4 33
33 44
19 33
33 43
13 33
26 58
56 58
21 58
36 58
8 58
27 58
9 58
42 58
17 58
52 58
33 58
10 18
18 49
18 37
0 18
18 21
18 36
18 57
18 29
18 24
18 30
17 18
18 58
54 55
53 55
55 59
6 55
50 55
15 55
1 55
39 55
4 55
31 55
29 55
19 55
28 55
52 55
11 55
48 55
47 55
18 55
18 46
18 45
18 25
25 58
41 58
11 33
16 33
12 33
33 41
43 46
13 17
13 16
13 40
21 23
5 23
4 23
23 57
19 23
23 42
13 23
22 23
23 45
16 23
23 47
23 40
13 41
14 16
16 48
16 46
24 52
24 47
24 40
19 24
40 42
22 40
11 40
40 41
25 40
28 42
42 52
22 42
42 47
9 45
9 22
9 41
9 17
9 12
28 41
12 41
25 31
22 38
22 52
22 45
36 52
11 36
19 36
45 57
27 45
19 45
17 45
45 48
45 47
30 57
19 57
29 57
17 57
17 30
17 46
27 39
8 39
39 47
39 44
8 12
8 29
8 28
8 52
8 47
8 25
29 44
11 29
29 30
25 29
29 48
29 38
30 48
28 48
48 52
12 48
12 32
27 32
4 11
4 38
4 46
19 46
28 46
11 46
12 46
15 38
15 25
5 15
5 21
5 30
5 28
5 38
27 30
12 30
7 11
7 21
21 26
0 21
21 47
21 52
0 6
27 56
0 27
2 27
27 38
27 28
0 56
28 56
19 56
1 56
52 56
2 19
19 44
19 28
19 25
25 50
2 50
11 50
0 2
2 12
2 11
2 25
2 44
11 44
12 44
44 52
25 37
28 37
0 37
26 37
26 28
26 38
26 52
1 26
26 47
1 38
28 38
12 38
11 38
38 52
25 38
12 49
0 12
0 11
11 52
10 28
10 25
10 52
25 47
28 53
47 53
52 53
0 53
1 28
28 47
47 51
51 52
0 47
20 52
52 54
1 54
0 34
0 54
0 35
