60 708
0 24
24 40
0 14
14 40
24 38
14 38
5 24
0 5
5 40
5 38
24 48
14 48
5 48
14 25
0 25
25 38
25 40
25 48
24 37
14 37
5 37
25 37
8 24
8 14
5 8
8 25
0 8
8 38
8 40
8 48
8 37
24 33
14 33
5 33
25 33
8 33
8 34
0 34
34 38
34 40
34 48
34 37
24 46
14 46
5 46
25 46
8 46
34 46
1 24
1 14
1 5
1 25
1 8
1 34
0 1
1 40
1 38
1 48
1 37
1 46
1 33
7 24
7 14
5 7
7 25
7 8
7 34
1 7
0 35
35 40
35 38
35 48
35 37
35 46
33 35
24 39
14 39
5 39
25 39
8 39
34 39
1 39
35 39
0 32
32 40
32 38
32 48
32 37
32 33
32 46
7 32
32 39
24 49
5 49
25 49
1 49
32 49
24 41
14 41
5 41
25 41
34 41
1 41
0 11
11 40
11 38
11 48
11 37
11 33
11 46
7 11
11 39
8 57
1 57
11 57
38 57
49 57
37 57
41 59
37 59
0 59
40 59
48 59
20 32
20 38
0 27
27 40
27 48
27 37
20 27
6 27
6 37
6 59
0 6
6 40
6 48
24 42
25 42
34 42
1 42
0 43
38 43
40 43
43 48
37 43
33 43
43 46
24 29
14 29
8 29
29 34
29 43
29 38
29 49
29 37
1 16
16 38
16 49
16 37
0 16
16 40
16 48
9 24
5 9
8 9
1 9
9 11
9 43
9 27
9 37
9 16
16 19
24 28
14 28
5 28
25 28
8 28
28 34
1 28
28 35
28 43
28 41
27 28
30 49
0 30
30 40
30 48
2 24
2 25
2 8
1 2
2 32
2 38
2 49
2 30
2 16
2 6
35 58
38 58
27 58
30 58
16 58
28 58
0 58
40 58
17 24
14 17
17 25
1 17
11 17
17 38
17 27
17 59
17 20
6 17
17 58
10 11
10 38
10 41
10 30
10 20
10 28
10 58
0 10
10 29
9 10
24 31
14 31
5 31
25 31
8 31
31 34
1 31
31 35
31 32
31 41
31 49
31 37
31 59
19 31
10 31
32 45
38 45
45 49
30 45
16 45
19 45
24 47
14 47
5 47
25 47
8 47
34 47
1 47
35 47
11 47
38 47
41 47
30 47
16 47
19 47
0 47
13 24
13 14
5 13
13 25
8 13
1 13
11 13
13 38
13 41
13 30
13 20
13 19
13 47
14 23
5 23
8 23
23 34
23 43
23 38
23 27
23 30
20 23
6 23
23 47
0 23
13 23
23 33
23 46
23 42
23 29
22 24
14 22
5 22
22 25
8 22
22 34
1 22
22 35
22 43
22 38
22 37
22 59
16 22
6 22
22 58
22 23
22 48
22 39
0 22
22 57
8 12
12 34
11 12
12 43
12 27
12 37
12 20
6 12
12 47
10 12
12 48
12 39
12 22
3 8
3 34
3 11
3 41
3 37
3 30
3 59
3 19
3 47
3 45
3 48
3 33
32 55
38 55
27 55
37 55
20 55
19 55
55 58
23 55
40 55
39 55
0 55
4 43
4 38
4 49
4 30
4 20
4 28
4 19
4 45
4 40
4 55
4 22
3 4
15 16
15 28
15 47
10 15
15 40
15 42
15 17
3 15
24 26
14 26
5 26
25 26
8 26
1 26
26 43
26 38
26 37
26 30
16 26
26 28
19 26
26 45
26 42
26 39
17 26
0 26
26 31
21 48
21 42
21 55
21 26
0 21
7 21
11 18
18 41
18 27
18 37
18 20
6 18
18 58
10 18
18 40
18 33
17 18
18 29
18 21
24 50
14 50
5 50
25 50
8 50
1 50
32 50
43 50
49 50
30 50
20 50
28 50
47 50
23 50
40 50
33 50
17 50
29 50
15 50
0 50
18 50
51 59
28 51
51 58
45 51
48 51
33 51
51 55
3 51
26 51
50 51
46 51
31 51
36 59
6 36
36 47
10 36
36 45
36 39
17 36
3 36
26 36
0 36
18 36
4 36
2 36
16 56
6 56
19 56
10 56
42 56
39 56
55 56
3 56
21 56
34 53
1 53
11 53
38 53
49 53
37 53
20 53
28 53
47 53
45 53
42 53
39 53
17 53
3 53
15 53
0 53
46 53
53 56
40 44
39 44
17 44
22 44
26 44
44 53
52 58
23 52
40 52
33 52
52 55
22 52
21 52
52 53
44 52
4 52
2 52
46 52
18 52
12 52
18 44
14 54
5 54
8 54
1 54
43 54
38 54
41 54
30 54
54 59
6 54
47 54
10 54
42 54
39 54
54 55
29 54
26 54
53 54
18 54
4 54
13 54
44 54
9 54
7 54
44 56
13 44
44 57
13 53
46 56
31 56
36 56
12 56
56 57
36 51
7 36
2 51
12 51
7 51
7 50
12 50
2 50
50 57
18 57
7 18
21 31
12 21
9 21
9 26
15 26
0 15
4 15
13 15
2 15
15 57
0 4
4 9
4 12
4 13
29 55
13 55
3 55
0 3
3 12
2 3
12 31
9 12
9 22
22 46
22 31
22 29
23 40
23 45
23 39
13 48
13 33
13 29
13 46
2 13
7 13
42 47
40 47
39 47
45 47
0 45
9 45
31 45
45 57
45 48
45 46
31 40
31 42
0 31
31 46
2 31
31 57
2 10
7 10
10 17
17 48
17 33
0 17
7 17
2 17
2 58
33 58
48 58
57 58
46 58
2 40
2 39
2 9
28 30
30 46
20 28
0 28
28 40
7 28
19 28
28 48
28 29
28 46
0 19
19 40
19 57
9 19
7 19
9 48
9 33
0 9
9 46
9 57
16 29
7 16
16 42
29 40
29 42
0 29
29 57
7 29
29 46
39 43
42 43
7 43
38 42
41 42
42 59
6 42
42 48
0 42
42 57
42 46
6 39
6 33
27 33
27 46
20 59
0 20
20 40
20 48
20 33
20 39
33 59
46 59
57 59
33 57
0 57
11 41
38 41
0 41
40 41
41 48
37 41
41 46
33 41
39 41
41 49
0 49
40 49
48 49
37 49
46 49
33 49
39 49
7 49
37 39
39 48
0 39
7 35
7 38
7 37
7 40
7 33
0 7
38 46
0 46
33 34
33 38
33 48
0 33
37 38
0 37
37 40
37 48
38 48
0 48
0 38
38 40
0 40
