60 531
23 24
23 27
21 24
23 57
21 57
2 24
2 57
2 27
23 25
21 25
2 25
24 51
27 51
51 57
25 51
23 56
21 56
2 56
51 56
3 56
24 43
27 43
43 57
25 43
23 30
21 30
2 30
30 51
3 30
30 43
15 24
15 57
15 27
15 25
15 30
23 28
21 28
2 28
28 51
3 28
28 43
15 28
5 23
5 21
2 5
5 51
3 5
5 43
5 24
5 27
5 57
5 56
5 28
5 30
5 25
16 21
3 16
5 16
17 24
17 57
17 27
17 30
17 25
10 23
3 10
5 10
10 17
10 55
21 29
2 29
15 29
5 29
29 55
24 29
27 29
8 23
2 8
5 8
8 28
8 57
8 29
8 24
13 24
36 57
9 23
9 21
2 9
9 51
9 43
9 28
9 57
9 24
32 57
9 32
24 32
23 59
51 59
5 59
17 59
55 59
9 59
13 59
56 59
24 54
54 59
7 23
7 21
2 7
7 51
5 7
7 17
7 57
7 29
7 24
37 57
9 37
14 37
37 59
23 39
39 51
39 43
5 39
39 55
29 39
24 39
14 39
7 39
39 56
27 39
24 47
47 59
39 47
47 56
23 45
21 45
2 45
45 51
3 45
28 45
45 57
29 45
13 45
45 59
39 45
19 24
14 19
3 33
28 33
33 55
29 33
24 33
14 33
19 33
12 33
24 52
14 52
7 52
12 52
23 53
21 53
2 53
51 53
3 53
28 53
17 53
29 53
24 53
53 59
39 53
12 53
52 53
53 54
30 53
13 40
40 59
19 40
40 56
40 45
0 40
6 55
6 29
6 24
6 59
6 39
6 56
6 45
6 32
6 30
1 17
1 9
1 13
1 20
1 19
7 42
18 57
9 18
18 24
14 18
18 42
18 56
18 52
3 58
28 58
55 58
9 58
24 58
20 58
19 58
56 58
45 58
0 58
18 58
37 58
10 58
16 58
35 58
23 44
2 44
3 44
28 44
44 57
9 44
24 44
14 44
39 44
44 56
44 52
44 54
35 44
22 43
5 22
22 55
9 22
22 24
20 22
19 22
12 22
22 52
22 32
22 58
22 44
7 49
49 56
49 52
49 54
6 49
22 49
24 38
20 38
7 38
12 38
26 57
26 55
13 26
20 26
7 26
12 26
26 45
8 26
31 43
28 31
31 55
29 31
13 31
20 31
19 31
31 42
26 31
31 32
30 31
31 35
23 48
48 51
5 48
28 48
17 48
29 48
24 48
20 48
19 48
42 48
48 52
48 54
30 48
31 48
8 48
27 48
7 50
42 50
45 50
0 50
41 58
38 41
32 34
34 54
34 41
31 34
10 34
34 53
43 46
5 46
46 55
29 46
24 46
46 59
7 46
42 46
46 52
0 46
6 46
35 46
10 46
44 46
34 46
46 50
1 46
11 23
11 21
11 43
11 28
11 57
11 55
11 14
11 20
11 39
11 12
11 45
11 54
6 11
11 31
8 11
11 53
11 36
11 50
11 46
11 37
25 34
18 34
34 49
18 41
33 41
36 41
16 41
41 50
31 50
10 50
44 50
48 50
33 50
37 48
36 48
4 23
4 21
2 4
4 51
4 5
4 28
4 57
4 9
4 14
4 59
4 19
4 42
4 26
0 4
4 6
4 35
4 8
4 27
4 48
4 25
1 4
4 18
1 31
31 40
26 27
26 37
26 54
0 26
26 38
16 26
0 38
38 40
38 49
16 38
25 38
27 38
8 38
38 47
49 53
18 49
47 49
25 49
16 22
22 25
22 47
22 36
10 22
27 44
44 47
18 44
37 44
35 37
8 35
27 35
47 58
18 40
18 27
18 37
1 42
27 42
36 42
42 54
37 42
1 45
0 1
1 6
1 10
1 53
1 33
1 37
6 40
6 25
40 53
10 40
33 40
36 40
8 53
16 53
10 52
30 52
33 52
32 33
10 33
16 33
33 36
33 47
19 32
12 19
10 19
16 19
12 45
12 32
12 30
12 16
45 47
36 45
25 45
0 47
36 47
25 47
37 39
36 39
25 39
30 37
8 37
14 30
14 25
7 14
7 54
7 8
0 7
7 30
32 54
36 54
0 54
32 59
36 59
10 59
8 32
25 32
27 32
30 32
9 27
9 30
9 36
0 9
9 25
13 36
16 36
13 20
10 13
13 25
13 16
8 20
20 30
20 27
16 20
0 20
8 56
8 30
10 29
29 56
16 29
10 56
10 30
16 17
17 56
17 55
16 57
16 27
16 25
24 28
28 57
27 28
28 56
25 28
28 30
28 55
15 56
30 57
27 30
43 56
56 57
24 56
25 56
0 56
3 25
25 57
3 57
24 57
27 57
21 27
3 27
27 55
24 27
3 24
24 55
0 24
3 55
0 55
