60 354
44 52
50 52
38 44
38 50
6 44
6 52
6 38
44 58
50 58
6 58
33 52
33 38
33 58
42 44
42 50
6 42
33 42
24 52
24 38
44 47
6 47
24 47
44 45
45 50
6 45
45 52
38 45
45 47
2 44
2 6
2 33
2 45
2 38
34 52
2 34
44 56
50 56
6 56
33 56
24 56
3 52
3 38
37 44
6 37
33 37
3 37
43 52
38 43
9 44
3 9
9 43
9 38
0 9
0 55
29 55
25 43
0 25
25 55
31 44
3 31
17 44
3 17
17 43
17 52
17 42
17 31
17 21
21 38
48 52
42 48
31 48
21 48
10 48
10 31
11 17
11 38
19 43
28 52
18 45
18 28
18 29
18 49
14 48
14 49
8 43
0 8
8 29
8 49
8 9
5 17
0 5
1 5
5 31
5 8
5 18
40 44
6 40
33 40
24 40
40 45
0 40
1 40
31 40
8 40
29 30
30 32
30 53
9 30
30 37
30 58
44 46
6 46
33 46
24 46
17 46
34 46
46 48
2 36
23 43
23 38
23 29
23 36
41 44
38 41
41 55
36 41
37 41
22 44
6 22
22 33
22 45
17 22
22 34
22 29
22 32
22 41
22 30
7 44
3 7
7 45
7 28
7 55
7 31
7 10
7 18
44 51
28 51
1 51
32 51
51 53
7 51
25 51
17 59
34 59
55 59
32 59
53 59
58 59
37 59
51 59
46 59
42 59
0 27
27 32
27 41
18 27
27 37
27 59
14 15
16 52
14 20
16 20
20 47
8 26
18 26
14 57
19 57
47 57
26 57
12 44
3 12
12 45
12 34
12 55
12 36
10 12
13 44
13 45
13 43
13 38
13 55
13 32
13 53
13 52
12 13
13 23
2 13
29 54
31 54
41 54
13 54
54 57
54 59
54 56
9 54
35 53
18 35
7 35
25 35
35 54
35 51
5 35
12 35
46 54
13 18
13 56
12 57
12 21
12 20
12 52
2 12
20 26
15 26
23 26
26 27
19 26
5 20
16 22
15 16
2 15
15 27
4 15
39 43
34 39
39 55
36 39
8 39
30 39
14 39
21 39
9 39
23 39
4 39
19 39
4 19
4 11
27 47
2 27
46 51
47 51
22 51
7 14
7 22
7 40
7 23
9 22
11 22
5 22
41 46
23 41
18 41
41 58
23 25
23 46
23 52
11 36
19 36
36 46
30 46
25 46
46 52
30 40
21 40
40 52
25 40
5 40
37 40
5 21
5 52
2 8
8 56
8 53
14 53
47 53
14 56
11 14
49 58
49 56
47 49
18 42
19 28
28 58
1 19
10 19
19 58
19 42
19 56
1 37
1 52
1 11
1 2
10 11
11 58
11 42
11 56
11 47
10 21
10 25
10 52
10 42
48 56
21 32
21 58
21 42
9 21
17 58
17 38
0 31
25 31
31 52
31 32
31 42
25 58
2 25
55 58
29 32
29 47
29 37
9 32
9 37
9 47
43 47
37 43
0 37
37 42
2 37
3 58
3 56
45 56
34 56
42 56
2 56
42 45
0 45
38 47
47 58
24 58
24 42
38 42
0 6
38 52
0 38
0 52
0 44
