60 177
0 59
58 59
38 58
0 38
39 59
38 39
19 59
19 58
0 19
19 39
10 19
0 26
26 58
12 59
12 38
13 19
13 58
0 13
24 59
24 38
13 24
0 54
54 58
37 38
37 54
28 37
3 28
36 38
13 36
23 36
36 44
0 44
45 50
10 31
30 59
30 38
19 30
29 30
8 30
8 39
8 24
8 49
15 49
17 59
17 29
12 17
12 33
40 59
2 59
2 4
12 42
2 42
10 42
32 42
29 51
35 51
30 51
10 25
6 25
11 23
11 25
5 11
11 39
11 36
46 50
11 46
25 37
18 23
6 18
18 25
18 39
30 53
18 53
53 58
14 53
7 32
7 18
3 7
1 42
1 35
12 41
33 41
32 41
13 27
4 27
10 27
6 27
27 41
27 40
27 56
0 56
27 36
1 41
40 41
1 16
1 7
1 58
25 34
34 40
22 42
29 48
19 20
4 20
20 29
20 48
20 31
24 55
2 55
17 55
20 55
17 20
20 50
2 48
30 48
22 48
48 58
22 52
22 34
22 58
22 47
37 47
34 51
14 51
49 51
35 39
32 35
32 37
24 32
2 24
2 3
2 49
4 40
10 40
33 40
40 43
9 12
9 33
9 30
21 30
21 43
21 37
9 21
9 14
9 37
6 33
17 33
17 52
0 17
52 58
49 52
31 57
49 57
3 57
36 57
14 29
14 15
5 14
15 31
15 24
31 39
5 31
5 16
16 43
3 16
43 50
36 45
6 23
3 6
24 54
0 24
12 13
13 39
12 26
0 12
10 26
10 58
0 39
