60 531
51 57
19 57
32 51
19 32
43 57
48 51
19 48
43 48
49 57
48 49
32 49
23 51
19 23
23 43
23 49
23 57
23 32
23 48
15 51
15 19
15 43
15 49
15 23
18 57
18 32
18 48
36 51
19 36
36 43
36 49
23 36
18 36
32 36
40 48
14 51
14 19
14 43
14 49
14 23
14 32
14 57
14 40
0 14
0 42
42 48
44 48
25 44
16 51
16 19
16 43
16 49
16 23
16 18
16 32
16 40
16 44
0 16
13 51
13 19
13 43
13 23
13 32
13 57
13 44
17 51
17 43
17 23
17 32
17 40
17 48
28 51
19 28
28 43
28 49
23 28
18 28
28 32
28 57
28 44
17 28
13 28
7 28
19 34
34 43
32 34
34 57
34 44
17 34
13 34
25 46
34 46
5 32
5 57
5 44
0 5
48 55
0 52
17 52
52 55
22 32
22 57
22 44
22 42
13 22
7 22
8 13
8 22
8 25
32 37
37 57
37 44
17 37
13 37
22 37
25 37
2 37
11 51
11 19
11 43
11 49
11 23
11 32
11 57
11 40
11 44
0 11
11 42
11 22
11 38
2 11
11 28
7 47
46 47
38 47
24 51
19 24
24 43
24 49
23 24
18 24
24 32
24 57
24 44
24 42
13 24
24 25
35 51
19 35
23 35
35 57
35 40
35 42
35 55
22 35
10 35
4 19
4 49
4 23
4 57
0 4
4 17
23 31
31 57
0 31
31 42
31 55
51 59
19 59
43 59
49 59
32 59
57 59
40 59
17 59
31 59
7 59
38 59
31 58
22 58
10 58
24 58
6 40
6 17
6 31
6 22
6 10
6 58
6 11
40 45
42 45
13 45
7 45
38 45
4 45
45 58
14 45
8 45
16 45
6 45
1 40
0 1
1 31
1 22
1 25
1 24
1 11
1 45
1 48
1 14
1 52
3 23
3 57
0 3
3 17
3 13
3 7
3 38
2 3
3 11
27 58
27 45
13 39
7 39
25 39
4 39
28 39
27 39
39 48
51 56
19 56
43 56
49 56
32 56
56 57
44 56
42 56
31 56
22 56
25 56
4 56
11 56
9 51
9 49
9 23
9 40
0 9
9 42
9 13
9 25
9 10
9 24
9 58
31 50
7 50
10 50
2 50
9 50
27 50
35 50
37 50
1 50
5 50
47 50
6 50
12 32
12 40
0 12
12 42
12 31
12 22
10 12
4 12
9 12
8 12
20 51
19 20
20 43
20 49
20 32
20 57
0 20
17 20
13 20
20 22
20 25
20 58
20 28
9 20
20 35
30 32
30 57
30 40
17 30
30 55
7 30
30 38
4 30
30 58
30 45
20 30
23 53
53 57
40 53
42 53
31 53
46 53
25 53
24 53
28 53
27 53
35 53
37 53
36 53
15 53
30 53
3 53
34 53
53 59
15 30
44 54
42 54
13 54
46 54
25 54
24 54
54 58
8 54
48 54
14 54
15 54
26 56
26 37
1 26
5 26
29 51
29 43
23 29
29 57
0 29
17 29
29 31
29 46
10 29
4 29
28 29
27 29
20 29
14 29
26 29
29 54
29 30
12 29
32 33
33 57
33 44
17 33
33 55
7 33
10 33
24 33
33 58
8 33
33 35
14 33
33 52
20 41
37 41
15 41
26 41
41 47
33 41
12 41
39 41
29 33
33 50
33 59
16 33
29 36
26 54
21 38
4 21
9 21
8 21
20 21
14 21
21 52
21 26
5 21
3 21
12 21
16 21
16 54
30 54
5 54
30 47
12 30
30 34
15 20
12 20
20 47
12 56
12 15
12 50
9 16
9 34
9 36
9 56
9 15
35 56
34 56
3 56
6 56
39 56
14 56
15 39
34 39
3 39
6 39
39 59
27 48
3 27
27 59
27 47
1 3
3 47
3 6
3 34
1 34
1 6
37 45
45 52
6 48
6 36
6 59
58 59
15 58
11 59
48 59
52 59
36 59
34 59
4 31
25 31
15 31
31 48
4 46
4 25
4 14
4 35
4 16
4 24
28 35
8 35
35 36
5 35
14 35
10 15
5 10
10 14
10 24
24 48
24 52
24 47
24 36
11 47
14 47
15 47
16 47
11 14
11 37
11 15
37 48
16 37
5 37
37 52
2 28
2 8
2 5
2 34
8 28
8 36
8 34
5 8
15 22
22 52
38 52
28 52
48 52
16 52
36 52
14 55
5 55
5 46
5 28
5 36
5 34
16 46
36 46
34 38
38 48
36 38
28 38
28 48
13 17
17 36
7 13
13 36
7 16
7 14
7 48
16 25
16 48
16 36
25 42
14 42
15 42
36 40
15 40
0 36
15 18
15 32
15 57
0 23
32 48
48 57
0 48
32 43
32 57
0 32
0 57
0 51
