60 531
5 48
32 41
5 32
8 48
8 32
35 41
5 35
8 35
19 48
19 32
19 35
5 22
22 41
8 22
34 48
32 34
34 35
22 34
34 41
5 34
8 34
19 34
42 48
32 42
35 42
22 42
34 42
5 26
26 41
8 26
19 26
48 59
32 59
34 59
26 59
42 59
51 59
1 41
1 5
1 8
24 48
24 34
24 26
14 42
5 14
14 41
8 14
3 42
3 14
42 45
35 37
34 37
37 51
14 37
5 37
37 41
8 37
37 45
36 48
32 36
35 36
22 36
34 36
26 36
36 42
36 37
1 36
13 41
5 13
48 53
32 53
35 53
22 53
34 53
26 53
42 53
51 53
45 53
13 53
1 46
5 58
41 58
9 48
9 32
9 22
9 34
9 42
9 37
9 45
9 58
38 45
13 38
44 48
32 44
22 44
34 44
42 44
14 44
37 44
44 58
49 51
14 49
37 49
45 49
44 49
23 48
23 32
23 35
22 23
23 34
23 26
23 42
23 51
23 37
8 55
5 55
31 35
31 34
31 42
31 51
1 31
31 55
31 44
0 31
10 48
10 32
10 22
10 34
10 42
10 14
10 45
10 58
10 44
10 15
1 25
25 55
25 38
0 25
10 25
25 47
1 18
13 18
18 33
8 11
30 45
30 58
30 33
11 30
30 41
4 48
4 35
4 34
4 26
4 42
4 14
4 37
4 55
4 38
4 15
4 24
7 26
7 14
7 37
7 45
7 44
7 11
7 10
4 7
20 44
0 20
10 20
20 47
20 39
7 39
1 21
21 55
21 38
0 21
21 41
4 21
21 46
27 48
27 32
27 35
22 27
27 34
26 27
27 42
14 27
27 37
27 55
27 38
27 41
10 27
4 27
27 46
19 27
27 49
18 27
27 53
12 37
12 55
12 44
0 12
12 24
16 38
15 16
16 24
4 16
16 19
16 49
16 31
8 16
16 36
29 38
11 29
24 29
16 29
1 17
17 58
17 33
17 41
10 17
17 47
17 54
17 18
8 17
17 36
17 23
17 19
17 25
38 57
15 57
24 57
47 57
46 57
21 57
8 57
29 57
50 57
35 40
34 40
40 51
37 40
40 45
13 40
40 44
11 40
10 40
4 40
40 46
18 40
40 57
5 40
19 40
3 40
25 40
30 40
2 48
2 32
2 34
2 26
2 51
2 14
2 37
2 13
2 44
2 38
2 41
2 16
2 20
2 18
2 12
28 48
28 32
28 35
22 28
28 34
26 28
41 52
5 52
8 52
19 52
28 52
6 48
6 35
6 34
6 26
6 52
6 51
1 6
6 45
6 33
6 15
6 24
4 6
6 46
6 18
6 21
6 57
6 40
48 56
34 56
42 56
14 56
37 56
13 56
44 56
0 56
24 56
4 56
46 56
21 56
8 56
5 56
23 56
50 56
43 51
14 43
1 43
13 43
43 44
0 43
10 43
43 47
43 54
27 43
21 43
5 43
23 43
43 56
43 59
43 50
2 43
9 43
39 56
30 56
6 56
6 49
6 39
3 6
2 6
28 51
1 28
28 45
28 44
28 41
10 28
16 28
28 46
27 28
8 28
28 59
28 29
2 28
28 50
28 30
19 28
28 39
2 40
2 31
2 49
2 29
25 57
36 57
49 57
19 50
17 50
30 50
9 50
17 39
3 17
19 54
31 54
18 54
9 54
8 54
29 54
30 54
53 54
18 29
29 36
29 31
29 59
29 30
3 29
16 59
12 16
12 20
12 27
8 12
12 25
12 30
12 19
3 12
12 49
12 53
7 27
21 27
5 21
9 21
21 31
21 39
36 39
39 53
3 39
7 20
20 59
20 36
5 20
20 23
20 46
20 25
7 23
7 36
7 59
7 31
3 7
7 30
7 9
4 30
4 53
4 5
4 9
25 30
30 53
5 11
11 18
3 11
18 41
18 47
5 18
18 25
8 18
23 47
46 47
25 31
25 49
3 25
10 49
10 31
10 53
3 10
5 31
23 31
19 31
9 31
55 59
41 55
0 55
23 55
23 44
15 23
23 41
8 23
5 23
23 53
23 49
9 15
15 49
46 49
49 59
9 49
5 44
38 44
0 38
24 38
38 41
38 59
9 38
9 41
5 9
9 36
9 53
19 58
3 58
46 58
33 46
0 46
24 46
3 46
33 36
3 33
8 33
33 53
19 33
0 53
5 53
19 53
53 59
13 36
0 36
36 41
8 36
3 36
36 59
41 45
5 45
0 45
8 45
3 45
24 45
3 24
0 14
14 24
14 19
1 24
0 24
19 24
5 24
24 59
1 19
1 59
0 59
8 59
19 59
26 42
5 42
41 42
8 42
19 42
19 22
19 51
19 41
8 51
8 41
5 51
41 48
41 51
0 41
0 51
