60 177
0 19
11 13
13 18
11 29
18 29
11 14
14 18
10 13
10 14
13 14
11 51
18 51
14 51
13 54
51 54
29 54
7 54
40 54
11 23
14 23
23 44
23 42
6 23
6 7
6 38
26 54
26 42
19 26
6 21
21 22
41 44
45 51
11 16
16 45
7 16
24 41
16 24
39 58
5 39
11 33
14 33
13 50
33 50
33 45
33 41
5 33
7 31
24 31
31 47
14 20
20 44
19 20
36 51
35 36
35 45
35 58
35 48
16 35
23 53
53 55
35 53
33 53
4 14
4 42
4 41
11 12
12 14
0 12
12 52
34 44
34 52
6 34
22 34
20 34
34 37
37 51
8 34
29 34
7 12
12 26
2 19
2 12
2 16
2 33
32 47
27 32
25 41
25 26
25 59
17 59
13 46
40 46
21 46
17 46
9 17
20 43
39 43
43 57
9 43
1 28
28 33
17 28
11 56
44 56
7 56
24 56
56 59
55 56
21 56
28 56
49 58
24 49
49 59
39 49
29 49
23 30
30 31
30 49
4 30
25 57
4 25
16 25
27 57
40 57
3 15
2 3
15 32
2 32
4 12
12 13
1 12
4 39
4 35
35 38
20 48
48 51
23 48
20 40
20 55
31 55
31 38
23 47
33 47
1 39
8 58
8 24
8 13
8 51
8 38
13 16
41 45
13 45
1 41
13 41
1 29
1 21
21 51
22 26
22 29
26 38
26 40
13 38
6 19
23 51
29 44
13 44
40 44
19 40
29 40
7 51
14 29
7 14
29 42
19 29
7 11
7 42
19 42
