60 531
10 35
10 19
35 58
19 58
10 58
38 58
35 42
19 42
10 42
38 42
37 42
37 58
20 35
19 20
10 20
20 38
20 37
29 42
29 58
6 35
6 19
6 10
6 38
6 37
6 29
35 47
10 47
47 58
42 47
6 47
20 47
35 50
19 50
10 50
38 50
37 50
29 50
47 50
0 50
6 50
35 59
10 59
6 59
42 59
58 59
20 59
28 35
10 28
28 38
0 28
6 28
28 59
28 58
28 42
33 35
10 33
33 37
33 47
0 33
6 33
28 33
22 35
19 22
10 22
22 38
22 37
22 29
22 47
0 22
42 45
45 58
6 45
20 45
25 35
10 25
25 45
7 35
7 10
5 42
5 58
5 20
5 6
24 35
0 24
5 24
24 59
14 35
10 14
14 38
14 47
0 14
7 14
9 35
9 10
5 9
7 9
9 14
18 35
18 19
10 18
18 38
18 29
18 47
5 18
7 18
27 35
10 27
27 29
0 27
6 27
7 27
14 27
27 46
22 46
34 35
19 34
10 34
34 38
34 37
0 34
6 34
34 59
14 34
18 34
35 53
10 53
0 53
7 53
27 53
22 53
34 53
25 53
24 53
14 57
18 57
57 58
17 28
17 18
17 58
8 35
8 19
8 10
8 38
8 37
8 47
8 45
7 8
8 28
8 22
8 33
8 17
39 58
35 41
10 41
29 41
41 47
6 41
7 41
27 41
22 41
41 58
3 35
3 10
3 45
3 7
3 14
3 18
3 33
3 41
3 39
35 55
10 55
6 55
55 59
27 55
22 55
33 55
46 55
24 55
12 35
10 12
6 12
12 59
12 14
12 33
12 34
12 46
12 24
12 57
39 51
12 51
4 35
4 6
4 14
4 22
4 58
4 17
4 24
4 57
45 48
7 48
27 48
22 48
34 48
17 48
31 35
10 31
31 38
31 47
6 31
31 59
28 31
31 33
31 46
25 31
31 39
9 31
14 16
16 27
16 34
16 46
16 31
16 57
6 36
36 59
27 36
22 36
36 46
25 36
36 41
36 57
4 36
1 41
1 31
1 36
1 51
13 53
2 35
2 10
0 2
2 7
2 27
2 22
2 58
2 41
2 24
2 4
2 36
2 42
2 13
28 56
33 56
56 58
17 56
41 56
55 56
43 53
35 44
10 44
37 44
29 44
0 44
6 44
14 44
18 44
44 58
41 44
39 44
44 55
43 44
44 51
2 44
32 34
32 46
24 32
32 55
4 32
32 51
21 35
21 59
21 27
18 21
21 34
17 21
21 39
21 57
21 43
21 42
5 54
54 59
28 54
18 54
46 54
25 54
39 54
12 54
36 54
9 54
3 54
28 52
18 52
34 52
17 52
31 52
52 55
52 53
51 52
52 54
14 23
23 33
23 34
17 23
23 24
23 57
23 53
23 42
13 23
23 32
11 58
11 25
11 24
11 12
11 53
11 43
11 13
11 23
11 52
15 35
10 15
15 37
15 47
0 15
15 59
15 28
15 18
15 46
15 17
15 39
12 15
15 43
15 51
2 15
28 30
22 30
30 58
17 30
30 41
12 30
30 36
9 30
2 30
33 40
25 40
39 40
31 40
40 53
9 40
21 40
30 40
40 50
1 40
40 44
40 56
3 30
8 30
15 30
30 48
11 15
15 20
15 48
35 49
10 49
37 49
47 49
5 49
49 59
14 49
27 49
34 49
41 49
31 49
49 57
49 53
9 49
49 54
32 49
15 49
49 52
49 56
1 49
11 16
8 11
20 23
23 52
16 23
8 52
44 52
21 54
16 54
20 54
21 32
21 48
26 35
19 26
10 26
26 38
26 37
26 29
26 47
0 26
26 45
7 26
26 28
22 26
26 33
17 26
24 26
12 26
26 36
26 42
13 26
21 26
26 50
3 26
26 48
1 26
1 21
32 44
32 50
32 56
20 44
44 48
8 43
43 56
43 48
2 56
13 56
8 56
1 56
2 50
8 13
1 13
16 36
20 36
16 42
3 16
8 16
16 20
31 48
20 31
31 42
4 48
9 48
48 50
4 42
3 4
4 51
4 50
50 51
9 51
9 12
12 55
3 55
8 55
42 55
50 55
3 9
3 50
3 20
39 41
24 41
41 50
39 57
8 39
8 42
17 57
53 57
20 57
9 53
20 34
34 46
24 34
42 46
24 46
25 46
20 27
27 42
18 27
18 24
18 58
9 18
18 42
9 33
9 25
14 58
14 50
14 24
5 7
7 58
7 42
7 22
7 25
25 28
22 25
25 58
25 42
25 50
20 25
22 45
22 28
22 33
20 33
33 50
50 59
50 58
0 47
0 6
6 58
6 42
6 20
20 29
0 29
0 20
20 42
0 37
0 42
0 38
0 58
0 19
0 10
0 35
