60 177
7 28
28 46
34 46
9 28
9 34
9 32
4 9
28 44
34 44
32 44
4 44
5 44
5 16
1 28
1 34
1 5
1 46
30 51
1 30
5 24
45 59
58 59
23 58
25 50
2 39
2 17
28 41
32 41
41 51
41 43
5 27
27 59
16 27
27 35
31 35
7 35
24 33
17 20
20 33
33 35
33 41
33 42
11 37
11 48
27 47
47 54
15 28
15 34
15 32
4 15
15 51
15 43
11 15
15 16
15 44
21 40
7 21
12 21
21 46
40 54
15 40
30 40
52 56
26 56
17 26
26 44
26 52
40 52
9 52
40 58
15 47
15 46
17 47
47 58
3 48
3 39
19 48
19 39
19 44
3 19
3 47
48 54
9 54
48 58
6 50
24 55
53 55
8 18
18 45
6 18
55 57
18 57
14 51
14 23
14 22
22 49
31 49
9 49
17 49
39 49
37 49
14 25
8 14
14 45
27 36
13 37
13 36
35 36
36 37
14 36
8 10
10 42
10 36
10 12
14 38
12 38
8 55
37 55
30 55
6 53
6 48
6 46
6 30
9 11
37 42
9 42
12 33
35 45
27 44
27 41
25 41
30 41
12 41
41 46
17 43
39 43
17 24
17 45
24 39
25 39
7 39
12 25
25 58
50 58
45 50
7 58
7 59
23 45
16 45
23 24
24 31
24 30
16 30
46 51
9 51
31 51
7 51
1 31
31 46
7 31
16 31
1 44
1 16
1 12
1 9
16 44
5 12
44 46
4 46
9 29
7 29
7 32
32 46
7 34
0 7
12 28
0 12
