60 708
37 57
30 57
30 37
26 57
26 30
37 39
26 39
49 57
30 49
39 49
37 38
26 38
3 57
3 30
3 39
3 38
23 57
23 30
23 39
23 38
23 37
23 26
23 49
3 23
31 57
30 31
31 39
31 38
23 31
31 49
37 41
26 41
3 41
31 41
44 57
30 44
39 44
38 44
23 44
44 49
41 44
14 57
14 30
14 23
14 49
14 37
14 26
14 31
3 14
14 44
0 14
52 57
30 52
39 52
38 52
23 52
49 52
41 52
14 52
31 52
7 57
7 30
7 39
7 38
7 23
7 49
7 41
7 31
7 37
7 26
3 7
0 7
7 44
35 57
30 35
35 39
35 38
23 35
35 49
35 41
14 35
31 35
7 35
37 40
26 40
3 40
40 44
0 40
4 57
4 30
4 39
4 38
4 23
4 49
4 41
4 14
4 31
4 7
4 40
12 37
12 26
3 12
4 12
15 57
15 30
15 39
15 38
15 23
15 49
15 41
14 15
15 31
7 15
15 40
12 15
54 57
49 54
14 54
31 54
7 54
12 54
37 54
26 54
3 54
57 58
30 58
38 58
49 58
41 58
14 58
7 58
37 42
26 42
3 42
42 44
19 40
19 42
19 54
34 37
26 34
3 34
25 49
25 31
7 25
7 28
28 37
26 28
3 28
0 28
28 44
28 43
56 57
23 56
49 56
31 56
28 56
37 56
26 56
3 56
44 56
0 56
47 57
38 47
23 47
47 49
41 47
31 47
40 47
47 56
12 47
34 47
53 54
21 57
21 30
21 23
21 49
21 41
21 31
21 40
21 42
33 40
33 56
12 33
33 37
26 33
3 33
14 45
31 45
7 45
45 56
33 45
34 45
36 57
30 36
23 36
36 49
36 41
31 36
7 36
36 42
33 36
21 36
36 37
26 36
3 36
8 41
8 31
7 8
8 12
8 54
8 36
8 53
8 19
24 36
4 24
24 37
24 26
8 24
0 24
24 58
15 24
13 54
13 21
13 53
13 19
13 24
0 13
22 57
22 30
22 38
22 49
14 22
22 31
22 28
22 56
22 33
21 22
22 36
4 22
14 59
31 59
40 59
42 59
54 59
34 59
53 59
4 59
37 59
44 59
10 49
10 31
10 40
10 12
10 33
10 34
37 48
26 48
32 49
14 32
7 32
28 32
32 54
32 34
32 48
19 32
24 32
0 32
5 57
5 30
5 39
5 38
5 23
5 49
5 41
5 14
5 31
5 7
5 28
5 56
5 54
5 34
5 48
4 5
5 24
17 49
17 31
17 28
17 56
17 54
17 34
17 48
17 53
17 24
0 17
17 37
10 17
17 52
46 57
30 46
39 46
38 46
23 46
46 49
14 46
31 46
40 46
42 46
12 46
21 46
36 46
19 46
25 46
17 46
16 37
16 26
16 46
27 57
27 30
23 27
27 49
27 41
27 31
27 28
27 42
27 33
21 27
27 48
19 27
25 27
0 27
16 27
5 27
15 27
6 25
6 17
6 22
6 15
6 45
29 57
29 30
23 29
29 49
29 41
14 29
28 29
29 56
29 54
21 29
29 53
19 29
25 29
0 29
22 29
15 29
6 29
10 29
18 38
18 23
18 49
14 18
18 28
18 56
18 33
18 34
18 48
4 18
18 24
0 18
5 18
15 18
18 44
6 18
9 57
9 23
9 49
9 31
9 28
9 56
9 33
9 21
9 36
4 9
9 24
9 17
5 9
20 22
20 37
20 32
49 50
31 50
40 50
42 50
12 50
36 50
50 53
19 50
50 59
17 50
5 50
20 50
32 50
6 50
35 50
45 50
50 58
47 50
46 50
55 57
30 55
39 55
38 55
23 55
49 55
41 55
14 55
28 55
55 56
33 55
34 55
36 55
19 55
24 55
55 59
22 55
15 55
32 55
10 55
35 55
50 55
2 14
2 31
2 7
2 28
2 54
2 21
2 36
2 4
2 25
2 59
2 22
2 20
2 32
2 6
2 35
2 13
2 8
2 43
2 37
2 26
2 55
2 29
8 55
9 55
46 55
47 55
43 55
29 50
11 53
4 11
11 59
0 11
11 22
11 15
11 32
6 11
11 13
11 50
11 52
11 37
9 11
3 11
11 43
11 45
9 20
20 52
20 46
20 35
20 45
20 58
8 20
9 32
9 51
51 58
26 51
8 51
13 51
1 7
1 56
1 54
1 34
1 48
1 19
1 25
1 17
1 16
1 5
1 44
1 51
1 18
1 13
1 52
1 58
1 45
1 26
1 9
1 46
35 51
46 51
9 18
9 13
9 37
9 58
9 27
18 47
18 52
18 29
18 26
18 45
8 18
8 29
27 29
29 46
3 29
29 45
6 10
6 27
6 52
6 47
27 35
13 27
27 52
3 27
27 47
27 46
16 44
5 16
16 43
16 47
16 35
15 16
10 16
44 46
10 46
37 46
46 58
17 45
5 17
3 17
8 17
5 37
5 32
5 13
5 43
5 10
5 26
15 32
32 47
8 32
3 32
13 32
4 48
10 48
48 58
48 52
43 48
3 48
48 53
44 48
4 10
10 59
10 44
10 43
10 37
3 10
10 45
10 35
26 59
22 59
45 59
15 59
35 59
47 59
8 59
0 22
22 37
3 22
22 58
22 45
13 22
22 52
13 37
13 52
3 13
24 25
8 43
8 45
8 47
8 26
15 36
19 36
36 45
0 36
35 36
45 53
26 45
45 47
21 33
33 43
25 33
33 35
4 33
33 52
21 37
21 26
3 21
21 53
4 21
21 35
21 43
21 44
21 58
37 53
26 53
15 53
47 53
25 53
3 53
35 53
19 47
25 47
15 47
47 52
26 47
43 56
35 56
52 56
4 43
25 43
0 43
43 44
35 43
37 43
26 43
43 58
28 52
25 28
25 34
4 25
25 37
25 26
3 25
25 52
25 35
19 34
0 34
19 37
19 26
19 58
0 19
15 19
42 58
54 58
0 58
44 58
35 58
26 58
3 58
44 54
15 54
0 54
15 44
3 15
15 37
0 12
12 52
4 37
4 26
4 44
4 52
35 40
35 44
3 35
7 52
44 52
3 52
37 52
31 44
0 44
26 44
37 44
0 41
31 37
26 31
3 31
0 31
0 23
3 49
3 37
38 49
0 38
37 49
26 49
0 49
0 39
0 26
0 30
0 37
0 57
