60 177
47 54
41 54
31 47
31 41
54 58
39 47
39 41
39 58
33 47
25 54
25 33
33 58
33 54
33 39
31 33
38 47
33 38
27 51
27 38
27 54
16 27
16 31
28 54
28 50
28 52
50 52
18 48
1 33
1 31
1 18
0 21
43 50
21 43
39 43
42 47
42 58
33 42
42 50
0 42
26 38
33 34
34 50
34 35
22 39
22 35
18 46
26 46
4 47
4 41
4 58
4 33
17 31
4 17
17 39
28 53
17 53
34 53
15 53
6 30
6 59
0 40
24 40
1 40
38 45
26 45
40 45
1 45
11 38
11 34
4 11
11 45
2 42
2 56
11 56
8 48
8 34
8 51
13 51
13 52
8 13
28 29
17 29
0 29
24 29
29 39
13 29
29 42
10 27
10 31
10 18
10 21
10 51
10 46
10 59
10 29
5 8
36 49
36 54
3 49
3 8
5 56
54 56
38 55
16 55
51 55
11 55
19 55
19 30
37 55
12 18
12 21
12 39
12 32
12 54
12 52
7 53
7 44
43 44
44 52
30 44
7 9
7 30
9 45
9 32
9 59
14 38
14 16
4 23
14 23
14 43
14 52
14 32
32 37
40 59
27 57
31 57
48 57
24 57
40 57
46 57
57 59
1 20
20 57
24 59
15 30
30 53
35 53
53 54
17 54
4 50
4 38
4 16
4 46
4 39
35 46
1 35
35 42
26 34
34 52
26 51
26 42
42 43
16 21
1 21
18 39
48 52
28 39
31 50
16 50
16 54
31 38
33 51
31 58
31 51
0 54
47 51
0 51
