60 531
54 57
15 54
15 57
18 54
15 18
44 57
18 44
54 58
15 58
44 58
57 58
18 58
35 54
15 35
35 44
35 58
53 54
15 53
53 57
18 53
35 53
3 54
3 15
3 44
3 58
3 53
26 54
15 26
26 58
26 53
26 57
18 26
26 35
48 54
15 48
44 48
48 58
48 53
26 48
46 54
46 58
46 57
18 46
35 46
46 48
3 46
5 54
5 15
5 44
5 58
5 53
5 26
5 46
3 5
3 8
8 57
8 18
8 35
8 48
52 54
15 52
44 52
52 58
52 53
26 52
46 52
3 52
8 52
21 57
18 21
21 35
21 48
6 54
6 21
43 57
18 43
35 43
27 58
21 27
27 43
26 51
8 51
54 56
15 56
56 58
26 56
3 56
21 56
56 57
18 56
35 56
48 56
20 54
15 20
20 44
20 58
20 53
20 26
20 46
3 20
8 20
20 21
20 56
20 51
25 54
15 25
25 58
25 53
25 26
25 46
3 25
8 25
36 54
49 54
21 49
49 57
18 49
35 49
48 49
36 49
14 54
14 15
14 58
14 26
3 14
14 49
1 57
1 18
1 35
1 11
11 51
24 58
8 24
1 24
16 56
16 51
16 57
16 55
33 54
3 33
33 36
16 33
24 33
47 52
20 47
47 57
2 54
2 8
2 36
42 58
8 42
1 42
42 57
18 42
45 46
45 49
36 45
42 45
45 52
36 59
16 59
25 59
47 59
31 54
15 31
31 58
31 49
31 56
16 31
31 52
31 59
19 54
15 19
19 58
19 21
19 56
19 42
19 52
5 19
14 19
32 54
15 32
32 58
32 53
26 32
32 46
3 32
32 49
1 32
16 32
24 32
20 32
19 32
27 32
29 36
24 29
25 29
5 29
18 29
39 54
15 39
39 46
3 39
1 39
39 42
24 39
39 47
4 39
27 39
22 58
8 22
22 43
22 42
22 25
20 22
18 22
22 39
22 29
38 43
16 38
38 52
5 38
18 38
27 38
50 54
15 50
50 58
50 53
26 50
3 50
50 56
42 50
20 50
47 50
19 50
27 50
11 50
7 54
7 15
7 58
7 53
7 46
3 7
7 43
7 51
7 52
7 59
7 18
6 7
7 50
7 31
7 57
24 37
20 37
6 37
9 54
9 15
9 58
9 53
9 26
9 46
3 9
9 49
9 36
9 16
9 52
9 47
9 19
9 31
26 34
8 34
34 36
34 51
24 34
20 34
18 34
9 34
34 50
34 38
22 34
12 56
12 42
12 25
12 59
12 19
6 12
12 39
7 12
12 22
12 35
10 54
10 15
10 58
10 53
10 26
10 46
3 10
10 49
10 36
10 16
10 24
5 10
10 19
6 10
10 29
10 33
10 57
10 12
10 37
10 48
10 11
13 56
13 42
13 25
13 20
6 13
13 27
13 50
28 50
30 54
15 30
30 44
30 58
30 53
26 30
30 46
3 30
8 30
30 49
30 36
30 51
20 30
30 47
4 30
6 30
28 30
30 33
30 55
17 39
17 33
2 17
23 54
23 49
23 36
23 42
23 52
23 47
19 23
9 23
23 50
23 33
23 57
17 23
25 40
40 59
5 40
27 40
29 40
38 40
2 40
18 41
27 41
28 41
33 41
2 41
40 41
0 41
14 41
31 41
35 41
37 40
14 40
23 40
30 40
23 34
23 31
23 32
11 17
0 17
17 32
17 30
30 48
30 34
30 35
28 37
28 31
28 38
11 28
13 28
13 22
13 57
13 37
10 13
13 14
13 32
12 45
12 48
12 34
0 34
11 34
9 48
2 9
9 11
9 55
9 37
9 57
7 37
22 37
37 45
31 37
7 14
0 7
7 35
38 50
35 50
38 45
2 38
38 55
22 38
22 48
22 45
29 39
39 48
39 55
2 39
0 39
14 29
29 57
29 45
29 32
29 33
32 33
32 57
32 45
14 32
2 19
19 31
19 57
2 31
31 57
11 31
14 59
48 59
18 59
27 59
45 59
55 59
4 45
6 45
14 45
45 48
2 42
6 42
42 48
2 52
2 47
2 55
2 35
5 47
33 47
4 33
27 33
33 48
16 18
16 24
16 25
24 57
14 24
24 52
11 24
6 24
5 11
11 18
11 55
0 11
1 55
1 14
14 25
6 14
14 55
49 55
36 57
18 36
35 36
25 36
25 57
25 27
25 55
20 25
18 25
20 57
5 20
20 48
52 56
51 56
5 56
51 57
18 51
48 51
5 51
27 51
51 52
35 51
4 27
27 35
6 43
5 6
6 18
0 6
5 21
21 52
52 57
35 52
5 8
5 57
5 35
5 18
3 48
18 48
35 48
3 26
3 57
3 18
3 35
4 35
0 35
55 57
54 55
4 55
0 55
0 4
