60 354
1 6
6 30
6 13
1 16
16 30
13 16
1 56
6 56
16 56
1 26
26 30
13 26
26 56
1 22
22 30
13 22
22 56
6 22
16 22
1 19
19 30
13 19
19 56
19 22
6 15
15 16
15 26
1 27
27 30
13 27
27 56
22 27
15 27
6 9
9 16
9 27
9 19
9 26
1 45
45 56
9 45
6 11
11 16
15 52
11 52
8 41
10 30
10 56
1 47
30 47
47 56
22 47
15 47
6 47
16 47
27 47
19 47
26 47
1 58
30 58
13 58
22 58
47 58
6 12
12 16
10 12
12 58
6 39
16 39
30 49
15 49
39 49
9 40
6 36
16 36
36 42
40 42
8 42
3 42
19 37
1 33
30 33
13 33
22 33
33 47
33 40
10 33
33 37
21 37
10 48
3 48
21 48
0 44
10 35
27 35
21 35
35 44
6 59
27 59
1 29
29 30
13 29
22 29
15 29
11 29
6 29
23 47
23 40
8 23
1 14
14 30
14 56
14 22
14 15
11 14
6 14
14 23
10 31
3 31
20 31
20 26
7 20
1 2
2 22
2 9
2 40
2 6
2 8
2 31
2 29
2 20
2 58
30 53
53 56
47 53
40 53
6 53
23 53
34 37
1 57
56 57
15 57
40 57
6 57
23 57
34 57
1 32
30 32
32 56
22 32
32 39
32 36
11 32
27 32
21 32
32 57
14 32
32 38
32 41
32 58
32 59
32 42
45 57
41 57
48 57
25 39
25 40
6 25
25 27
25 31
25 29
6 51
27 51
21 51
44 51
10 54
27 54
31 54
51 54
54 59
33 54
19 54
4 53
4 54
24 49
7 24
4 24
2 24
4 5
17 47
12 17
11 17
17 23
17 31
17 44
28 52
28 48
17 28
19 28
28 35
14 28
17 52
17 19
17 57
49 50
7 50
17 50
6 46
27 46
37 46
26 46
46 51
41 46
19 46
46 54
38 46
46 50
5 17
2 54
51 52
25 51
16 51
45 51
25 58
25 35
25 57
0 25
18 35
18 42
2 18
18 25
42 57
19 34
0 34
34 58
26 34
34 53
7 34
26 53
53 59
33 53
43 53
42 43
14 43
16 43
2 53
1 55
30 55
13 55
22 55
15 55
36 55
6 55
23 55
31 55
26 55
55 59
52 55
53 55
0 55
16 55
14 55
14 20
20 38
20 33
0 20
31 49
14 31
14 48
14 16
23 58
23 26
16 23
23 29
29 59
29 38
29 49
29 33
16 29
26 29
45 59
42 59
35 59
35 49
7 35
7 44
44 48
48 52
38 48
42 48
21 33
21 45
21 52
33 42
33 52
33 38
37 42
37 41
16 37
36 40
19 36
0 36
6 40
16 40
40 49
8 49
3 49
45 49
49 58
0 49
38 39
27 39
0 39
19 39
26 39
12 38
11 38
3 38
7 38
0 38
12 27
12 26
10 58
45 58
52 58
0 58
10 47
10 16
10 19
7 10
10 45
3 7
7 41
3 45
3 41
41 45
19 41
16 41
8 52
27 52
11 45
11 27
26 45
0 27
15 19
19 26
16 19
22 26
0 22
6 26
6 16
0 6
1 30
0 30
