60 885
17 51
17 38
10 51
10 38
25 51
17 25
10 25
0 25
23 51
23 38
23 25
17 37
10 37
0 37
23 37
39 51
38 39
25 39
37 39
1 51
1 37
1 17
1 10
1 23
0 1
1 39
36 51
36 38
25 36
36 37
1 36
43 51
38 43
25 43
37 43
1 43
10 43
17 43
23 43
0 43
39 43
36 43
19 51
19 38
19 25
19 37
1 19
19 43
17 18
10 18
18 23
0 18
18 39
18 36
18 19
21 51
21 38
21 25
21 37
1 21
21 43
18 21
17 22
10 22
22 23
0 22
22 36
22 39
21 22
19 22
44 51
38 44
25 44
37 44
1 44
43 44
18 44
22 44
35 51
35 38
25 35
35 37
1 35
35 43
18 35
17 35
10 35
0 35
23 35
35 36
35 39
35 44
21 35
19 35
51 57
38 57
25 57
37 57
1 57
43 57
18 57
22 57
35 57
51 59
43 59
10 59
17 59
0 59
23 59
39 59
36 59
21 59
44 59
19 59
14 51
14 38
14 25
14 37
1 14
14 43
14 18
14 22
14 35
14 59
17 31
10 31
23 31
0 31
31 36
31 39
21 31
31 44
19 31
14 31
31 57
40 51
38 40
25 40
37 40
40 43
18 40
35 40
31 40
29 51
25 29
1 29
29 43
29 35
29 59
17 29
10 29
23 29
0 29
29 36
29 39
21 29
19 29
29 44
51 56
43 56
35 56
29 56
50 51
38 50
25 50
37 50
1 50
43 50
50 59
31 50
9 17
9 10
9 23
0 9
9 39
9 36
9 19
9 21
9 44
9 50
34 51
34 43
34 35
29 34
9 34
34 36
17 24
10 24
23 24
0 24
24 39
19 24
6 51
6 38
6 25
6 37
1 6
6 43
6 18
6 22
6 35
6 59
6 9
6 24
5 51
5 25
5 37
1 5
5 43
5 18
5 59
5 31
5 50
5 36
7 24
7 10
7 17
7 23
0 7
7 39
15 29
15 50
7 15
7 47
12 17
10 12
12 23
0 12
12 39
12 47
12 21
51 58
38 58
25 58
1 58
43 58
18 58
35 58
31 58
50 58
36 58
5 58
12 58
14 58
15 58
0 58
11 51
11 25
11 43
11 18
11 35
11 59
9 11
11 24
7 11
5 11
11 14
17 41
10 41
23 41
0 41
14 48
41 48
0 48
11 48
16 51
16 38
16 25
1 16
16 43
16 18
16 35
16 29
9 16
16 36
16 24
12 16
16 47
16 41
16 23
11 16
51 55
25 55
1 55
43 55
18 55
29 55
9 55
36 55
7 55
5 55
14 55
15 55
23 55
11 55
17 55
10 55
34 55
35 53
53 59
29 53
50 53
5 53
12 53
21 53
14 53
23 53
53 55
20 51
20 25
20 37
1 20
20 43
18 20
20 59
20 31
9 20
20 50
7 20
20 47
20 21
15 20
13 29
13 36
7 13
12 13
13 14
13 41
10 13
13 17
45 51
25 45
1 45
43 45
35 45
45 59
9 45
45 50
7 45
45 47
21 45
41 45
13 45
11 45
20 45
8 51
8 25
1 8
8 43
8 35
8 29
8 50
8 24
7 8
8 47
8 14
8 15
8 23
8 55
8 16
8 40
8 19
4 51
4 38
4 25
4 37
1 4
4 43
4 18
4 35
4 59
4 31
4 9
4 36
4 24
4 5
4 21
0 4
4 13
4 55
4 20
4 8
4 39
4 17
3 23
3 13
3 20
3 8
26 50
26 36
5 26
12 26
21 26
26 41
23 26
11 26
16 26
8 26
26 39
30 51
30 43
30 35
30 59
30 50
24 30
5 30
30 47
14 30
15 30
0 30
11 30
16 30
8 30
26 30
17 30
3 30
30 57
24 46
5 46
21 46
41 46
0 46
46 55
16 46
39 46
19 46
17 46
3 46
46 57
34 46
28 51
28 38
25 28
28 37
1 28
28 43
28 59
28 31
28 50
28 36
7 28
5 28
14 28
28 41
23 28
28 55
20 28
16 28
19 28
28 45
3 28
32 35
32 59
29 32
32 50
5 32
12 32
14 32
15 32
23 32
11 32
16 32
32 39
26 32
32 45
17 32
32 57
6 32
32 34
32 48
51 54
25 54
1 54
43 54
18 54
31 54
29 54
36 54
5 54
47 54
14 54
15 54
0 54
11 54
54 55
16 54
19 54
45 54
17 54
32 54
34 54
48 54
44 54
54 56
6 54
53 54
54 58
2 21
2 41
2 23
2 13
2 55
2 16
2 19
2 45
2 3
42 51
25 42
37 42
1 42
42 43
18 42
35 42
31 42
9 42
36 42
24 42
12 42
14 42
15 42
0 42
11 42
16 42
39 42
26 42
42 45
42 57
32 42
29 52
36 52
7 52
12 52
47 52
41 52
0 52
11 52
20 52
8 52
39 52
45 52
17 52
42 52
34 52
48 52
4 52
10 52
6 52
52 53
27 51
27 43
27 59
27 31
27 29
27 36
24 27
27 47
21 27
0 27
23 27
13 27
20 27
27 39
19 27
27 45
17 27
27 57
27 34
27 46
4 27
27 56
27 30
6 27
27 52
49 51
25 49
43 49
18 49
35 49
49 59
9 49
36 49
7 49
47 49
21 49
0 49
13 49
11 49
20 49
8 49
26 49
19 49
3 49
49 57
42 49
48 49
44 49
10 49
6 49
33 51
25 33
1 33
33 43
33 59
31 33
9 33
33 50
24 33
33 47
14 33
15 33
23 33
13 33
33 55
8 33
26 33
33 45
33 57
32 33
33 34
33 46
33 44
10 33
6 33
33 53
33 49
2 33
33 58
28 33
27 49
49 54
49 52
40 49
27 40
2 27
28 52
40 52
42 56
2 42
40 42
42 53
42 58
42 48
6 42
10 42
2 34
2 46
2 44
2 4
2 56
2 54
2 28
2 58
40 54
32 44
32 58
32 53
28 32
28 46
28 48
4 28
10 28
28 30
28 53
28 58
30 46
6 46
46 56
40 46
46 58
30 48
30 44
10 30
30 56
30 40
30 58
30 53
26 53
6 26
26 44
3 26
26 57
26 48
26 40
26 34
3 19
3 10
3 56
3 6
3 53
3 48
3 4
3 34
4 57
4 34
4 48
4 58
4 53
4 10
4 56
8 17
8 45
8 56
8 39
8 34
8 48
39 45
45 56
45 53
10 45
45 57
17 45
13 20
13 34
6 13
13 44
13 56
11 13
13 40
13 19
13 39
11 20
20 55
10 20
17 20
20 53
20 56
6 20
20 34
20 58
20 44
39 53
48 53
53 56
53 58
40 55
39 55
55 57
16 55
10 16
16 19
16 17
16 48
16 58
6 16
17 48
10 48
44 48
11 41
39 41
15 41
0 11
11 17
10 11
11 58
11 57
19 58
17 58
57 58
10 58
12 34
6 12
12 57
12 19
12 40
10 47
17 47
0 47
23 47
15 47
39 47
14 47
44 47
19 47
21 47
15 21
10 15
15 17
15 56
15 23
15 19
0 15
15 44
15 57
15 34
5 7
7 14
7 21
7 44
7 56
5 10
5 17
0 5
5 23
5 39
5 6
5 19
5 57
5 40
5 56
6 14
0 6
6 23
6 19
6 44
6 10
6 40
24 44
21 24
24 34
21 34
19 34
34 40
34 56
34 44
9 14
10 50
17 50
0 50
23 50
36 50
39 50
44 50
21 50
19 50
50 57
50 56
36 56
14 56
23 56
39 56
44 56
40 56
14 29
29 57
29 40
36 40
21 40
14 40
0 40
17 40
40 57
40 44
14 36
10 14
14 17
14 23
0 14
57 59
36 57
21 57
23 57
39 57
17 57
10 57
36 44
21 44
0 44
39 44
19 44
17 44
21 36
17 21
10 21
0 21
21 23
21 39
19 36
19 23
19 39
17 19
10 19
17 36
10 36
23 36
0 36
36 39
0 39
10 39
0 23
10 23
17 23
0 10
0 38
0 17
0 51
