60 177
0 1
16 43
20 23
23 36
31 54
31 58
41 58
20 41
31 41
30 58
30 41
30 31
30 37
5 31
5 37
5 52
20 52
16 52
30 52
31 35
35 40
36 40
38 40
21 38
19 31
19 37
5 19
19 21
16 49
34 49
44 45
45 52
7 31
7 43
2 51
2 35
14 58
14 41
20 55
31 55
14 55
15 58
15 41
15 55
15 37
15 40
15 21
28 51
28 35
24 28
28 36
7 33
4 51
4 20
4 38
25 38
4 25
14 25
24 27
25 27
27 30
19 27
4 33
18 31
18 43
18 44
18 20
44 46
6 57
6 36
6 46
5 10
6 10
11 38
11 42
41 48
43 48
26 48
12 51
8 51
8 12
8 42
8 36
24 50
15 50
8 50
10 50
5 13
12 13
13 34
17 56
36 56
13 56
10 56
13 30
8 13
12 48
7 12
9 12
32 48
14 32
2 22
22 46
22 42
22 48
5 39
35 39
11 39
22 39
39 45
39 53
22 57
14 48
0 48
9 26
20 26
26 36
9 42
9 16
7 47
18 47
9 47
47 53
9 59
10 11
10 28
14 46
30 46
17 46
17 59
17 18
4 18
3 38
3 18
3 45
29 49
3 29
29 33
19 29
28 33
15 24
15 59
15 19
14 43
2 14
0 14
7 51
7 45
7 57
45 59
44 53
21 53
34 53
53 57
0 34
19 49
35 59
16 35
20 35
52 59
5 30
16 30
36 41
20 31
31 36
36 54
36 58
16 36
20 58
20 37
0 20
37 58
37 57
16 37
43 57
1 57
0 57
