60 885
23 35
23 29
34 35
29 34
17 23
17 34
23 44
34 44
35 44
17 44
23 59
34 59
44 59
35 51
29 51
51 59
17 51
12 23
12 34
12 44
12 51
12 18
0 12
35 48
17 48
48 59
29 48
12 48
23 52
34 52
44 52
51 52
18 52
0 52
48 52
7 35
7 29
7 59
7 17
23 25
25 34
25 44
25 51
18 25
0 25
25 48
7 25
30 35
30 59
29 30
17 30
12 30
30 52
25 30
19 23
19 34
19 44
19 51
18 19
0 19
19 48
7 19
19 30
33 35
33 59
29 33
17 33
33 52
19 33
23 58
34 58
44 58
51 58
18 58
0 58
48 58
7 58
30 58
33 58
23 39
34 39
39 44
39 51
18 39
0 39
39 48
30 39
33 39
35 39
29 39
39 59
17 39
19 39
12 39
39 58
25 39
39 52
23 53
34 53
44 53
51 53
18 53
0 53
7 53
30 53
39 53
19 53
11 23
11 44
0 11
11 33
11 39
11 19
11 35
11 29
11 59
11 17
11 52
11 58
11 25
11 12
33 50
11 50
35 50
8 44
8 18
0 8
7 8
8 33
8 19
8 35
8 59
8 29
36 44
36 51
0 36
30 36
33 36
19 36
35 36
8 36
23 41
34 41
41 44
41 51
18 41
0 41
41 48
30 41
33 41
11 41
17 41
35 41
41 59
29 41
23 49
34 49
44 49
49 51
18 49
0 49
48 49
7 49
30 49
33 49
39 49
19 49
17 49
35 49
41 49
33 56
19 56
35 56
8 56
41 56
56 59
29 56
23 31
31 44
18 31
30 31
31 39
11 31
17 31
8 31
31 56
11 26
8 26
26 41
26 29
26 59
24 39
19 24
24 35
8 24
24 41
24 26
12 24
14 23
14 44
14 51
14 18
0 14
14 48
7 14
14 30
14 33
11 14
14 17
14 35
14 41
14 56
12 14
28 44
28 51
18 28
28 30
28 33
19 28
17 28
28 35
29 54
54 59
5 23
5 44
0 5
5 7
5 19
5 11
5 17
5 35
5 54
5 56
5 12
5 14
38 44
7 38
33 38
19 38
17 38
8 38
38 41
38 56
18 22
22 30
19 22
11 22
17 22
22 35
22 54
22 56
22 59
22 29
9 44
9 30
9 39
9 19
9 17
9 35
9 54
9 26
9 22
9 14
9 38
13 23
13 34
13 44
13 51
13 18
0 13
13 48
7 13
13 39
13 19
13 17
13 35
13 54
13 26
13 22
3 17
3 35
3 41
3 56
3 22
3 59
3 29
1 35
1 8
1 54
1 26
1 12
1 3
1 38
39 55
19 55
35 55
8 55
54 55
26 55
22 55
3 55
39 57
19 57
35 57
8 57
54 57
26 57
22 57
14 57
38 57
25 57
20 23
20 34
20 44
20 51
18 20
0 20
20 48
20 30
20 39
11 20
17 20
8 20
20 54
20 56
20 26
3 20
20 57
13 20
23 47
34 47
44 47
47 51
18 47
0 47
47 48
30 47
33 47
19 47
17 47
35 47
41 47
47 56
12 47
3 47
14 47
47 55
24 47
23 27
27 44
27 51
18 27
0 27
7 27
27 39
11 27
17 27
27 35
27 54
27 56
12 27
3 27
27 57
27 55
27 47
23 46
34 46
44 46
46 51
18 46
0 46
46 48
7 46
30 46
33 46
39 46
11 46
17 46
35 46
41 46
46 56
26 46
3 46
38 46
46 57
13 46
24 46
4 17
4 8
4 54
4 56
4 12
3 4
4 57
4 55
4 47
4 46
23 45
34 45
44 45
45 51
18 45
0 45
45 48
7 45
30 45
33 45
39 45
19 45
17 45
35 45
41 45
26 45
22 45
3 45
14 45
13 45
45 47
45 46
31 45
9 45
23 40
34 40
40 44
40 51
18 40
0 40
40 48
30 40
33 40
11 40
17 40
35 40
40 41
26 40
12 40
3 40
38 40
40 57
2 39
2 11
2 17
2 35
2 41
2 56
2 22
2 14
2 38
2 13
2 21
2 47
15 41
15 56
12 15
3 15
14 15
15 55
15 21
15 46
15 40
6 44
6 30
6 19
6 11
6 35
6 8
6 41
6 26
6 22
6 12
6 57
6 55
6 47
6 45
6 15
6 53
5 6
6 24
6 52
6 25
6 29
6 59
6 28
6 20
6 40
4 6
6 58
12 37
14 37
37 57
13 37
21 37
37 45
15 37
6 37
23 43
43 44
43 51
18 43
0 43
43 48
7 43
33 43
39 43
11 43
17 43
8 43
41 43
43 56
12 43
3 43
38 43
43 55
21 43
43 46
15 43
43 50
20 43
31 43
24 43
25 43
32 44
18 32
0 32
30 32
32 33
19 32
17 32
8 32
32 54
26 32
12 32
3 32
32 38
32 55
13 32
32 47
15 32
32 50
32 43
10 41
10 26
10 22
10 14
10 38
10 55
10 47
10 46
10 45
10 20
10 58
10 32
10 59
4 10
10 24
9 10
1 10
10 49
16 39
11 16
16 17
8 16
16 54
16 56
12 16
14 16
16 38
16 55
13 16
16 46
16 45
16 50
16 20
16 32
4 16
16 52
5 16
9 16
10 16
16 36
16 31
16 27
16 49
2 16
10 27
10 28
2 10
32 40
9 32
32 53
29 32
32 36
32 59
31 32
25 32
38 42
42 55
21 42
42 46
42 45
20 42
42 58
32 42
40 42
1 42
29 42
2 42
37 42
42 49
4 42
9 42
42 52
5 42
37 43
36 43
1 43
43 49
2 43
4 43
5 43
37 59
24 37
5 37
25 37
1 37
37 40
31 37
29 37
37 49
28 37
15 31
15 50
9 15
15 36
15 27
15 58
2 15
15 49
1 15
2 50
2 58
2 24
2 5
2 25
2 36
2 29
2 53
2 28
21 28
5 21
21 49
21 53
21 40
21 29
21 31
40 45
20 40
40 52
9 40
25 40
1 40
31 40
28 40
40 49
29 40
29 45
20 45
45 52
45 58
45 53
4 45
4 58
4 27
4 24
4 28
4 53
4 9
4 49
1 4
46 59
28 46
46 49
36 46
1 46
46 50
27 46
27 50
27 58
27 59
27 52
5 27
25 27
27 36
27 29
27 53
27 49
47 52
47 59
36 47
1 47
9 47
20 47
5 47
25 47
20 49
1 20
20 36
20 59
20 31
20 58
20 29
5 20
13 57
31 57
24 57
28 57
55 57
29 57
52 57
49 57
53 57
1 55
25 55
50 55
55 58
13 55
5 55
29 55
1 59
1 5
1 49
1 29
1 36
1 53
3 50
3 36
3 49
3 13
3 53
13 59
13 31
13 36
13 28
13 24
9 13
13 25
13 50
13 58
9 50
9 58
9 24
9 53
9 25
9 28
9 29
22 52
22 36
22 38
22 53
12 22
22 58
22 49
22 28
22 25
12 38
38 52
5 38
38 59
38 49
36 38
38 50
38 58
5 50
5 52
5 24
5 31
5 29
12 54
53 54
54 58
28 54
26 28
14 28
28 50
28 58
28 59
28 52
24 28
28 31
28 53
14 25
14 31
14 29
14 59
14 24
14 52
14 58
14 53
24 50
24 59
24 25
24 49
24 36
26 52
26 58
26 36
26 53
26 31
12 31
31 59
31 52
25 31
31 36
31 49
25 56
12 56
50 56
49 56
49 58
25 41
36 41
41 52
41 50
36 59
36 52
25 36
36 53
8 53
8 25
8 52
8 12
8 58
8 50
12 50
29 50
25 50
50 53
50 52
11 53
53 58
52 53
25 53
29 53
19 58
17 58
35 58
52 58
58 59
25 33
12 33
19 35
19 29
17 19
19 59
12 19
19 52
19 25
17 25
25 35
25 59
7 12
7 52
17 52
35 52
52 59
29 52
12 17
12 35
12 29
12 59
18 59
0 59
17 59
35 59
29 44
17 18
0 17
17 35
17 29
18 29
0 29
29 35
18 35
0 35
0 18
