60 885
31 49
31 46
21 46
29 31
21 29
29 49
29 46
31 35
21 35
29 35
5 49
5 46
5 35
25 31
21 25
25 29
5 25
31 56
21 56
29 56
5 56
49 56
46 56
35 56
25 56
23 31
21 23
23 29
5 23
23 56
49 52
46 52
35 52
25 52
22 31
21 22
22 29
5 22
22 56
22 52
22 49
4 21
4 29
4 56
4 52
4 49
4 46
4 35
4 25
4 22
4 23
31 44
21 44
29 44
5 44
44 56
44 52
44 49
4 44
13 31
13 29
13 56
13 52
13 49
13 46
13 35
13 25
13 23
31 33
21 33
29 33
5 33
33 56
33 52
33 49
4 33
13 33
31 50
21 50
29 50
5 50
50 56
49 50
4 50
13 50
46 50
35 50
25 50
33 50
22 50
17 31
17 21
17 29
5 17
17 56
17 52
17 49
4 17
13 17
17 50
47 49
46 47
35 47
25 47
33 47
22 47
44 47
23 47
17 47
31 51
21 51
29 51
5 51
51 56
51 52
49 51
4 51
13 51
50 51
47 51
34 49
4 34
34 46
34 35
25 34
34 44
33 34
17 34
23 34
22 34
31 53
21 53
29 53
5 53
53 56
52 53
49 53
4 53
13 53
50 53
47 53
34 53
54 56
52 54
49 54
4 54
47 54
46 54
35 54
25 54
44 54
23 54
33 54
22 54
17 54
53 54
18 31
18 21
18 29
5 18
18 56
18 52
18 49
4 18
13 18
18 50
18 47
18 34
18 54
18 46
17 18
31 40
29 40
5 40
40 52
40 49
40 50
34 40
40 46
17 40
35 40
25 40
9 29
9 52
9 49
9 13
9 47
9 54
9 17
9 40
31 36
21 36
29 36
5 36
36 56
36 52
36 49
4 36
13 36
36 50
36 47
36 46
17 36
36 40
35 36
25 36
29 43
43 49
4 43
13 43
43 47
43 46
16 49
16 50
16 34
16 54
16 17
16 35
16 25
16 33
16 44
16 22
16 23
31 48
29 48
48 56
48 49
4 48
48 50
34 48
46 48
16 48
27 31
21 27
27 29
5 27
27 56
27 49
4 27
13 27
27 34
27 54
16 27
27 35
25 27
23 27
22 27
27 33
27 44
28 56
28 52
28 49
13 28
28 47
28 46
17 28
27 28
28 36
28 35
15 49
15 46
15 17
15 40
45 49
13 45
45 50
45 46
16 45
40 45
36 45
35 45
25 45
45 51
30 49
30 46
16 30
30 40
30 45
21 39
29 39
39 56
39 49
4 39
13 39
39 50
39 54
39 46
39 40
39 45
35 39
25 39
18 39
23 39
32 49
13 32
32 34
32 46
17 32
16 32
32 45
32 39
2 36
2 28
2 35
37 49
37 54
17 37
27 37
36 37
37 39
2 37
24 49
24 27
24 36
24 28
2 24
9 24
20 31
20 29
5 20
20 56
20 49
20 50
20 34
20 54
17 20
20 40
20 45
20 28
2 20
20 24
20 33
20 51
3 31
3 21
3 29
3 5
3 56
3 52
3 49
3 13
3 34
3 54
3 46
3 16
3 36
3 39
2 3
19 31
19 21
19 29
5 19
19 56
19 52
19 49
4 19
13 19
19 50
19 34
19 46
17 19
19 40
19 45
19 39
2 19
19 35
15 19
18 19
19 22
10 49
10 54
10 46
10 27
10 45
10 28
2 10
10 19
10 33
12 31
12 21
12 29
5 12
12 56
12 49
4 12
12 50
12 34
12 46
12 16
12 40
12 45
12 28
2 12
12 19
49 59
4 59
50 59
34 59
16 59
27 59
36 59
28 59
2 59
19 59
11 29
11 52
11 49
11 13
11 47
11 46
11 17
11 27
11 40
11 39
9 11
11 19
11 59
11 51
11 15
11 18
57 59
51 57
57 58
18 57
32 57
35 57
42 45
28 42
9 42
19 42
33 42
42 51
15 42
18 42
42 57
42 43
25 42
7 29
7 52
7 49
4 7
7 34
7 46
7 16
7 27
7 36
7 28
2 7
7 24
7 59
7 10
7 15
6 49
6 46
6 17
6 16
6 36
6 39
2 6
6 24
6 33
6 10
6 15
6 18
8 31
8 21
8 29
5 8
8 56
8 52
8 49
8 13
8 47
8 46
8 16
8 27
8 36
8 28
2 8
8 19
8 59
8 51
8 15
6 8
8 32
8 12
8 22
7 8
8 53
31 55
29 55
55 56
52 55
49 55
50 55
47 55
54 55
17 55
27 55
36 55
39 55
9 55
24 55
33 55
10 55
15 55
18 55
55 57
43 55
25 55
53 55
14 49
4 14
14 34
14 54
14 46
14 27
14 36
14 39
9 14
14 19
14 33
14 51
14 15
6 14
14 32
26 49
13 26
26 47
26 46
17 26
26 27
26 40
26 28
2 26
19 26
26 33
26 51
26 58
6 26
26 57
26 30
26 53
3 26
26 48
14 26
1 5
1 52
1 49
1 50
1 47
1 54
1 46
1 40
1 45
1 28
1 2
1 24
1 59
1 51
1 15
1 6
1 57
1 26
1 12
1 25
1 53
1 55
1 35
1 44
1 37
1 23
38 49
38 54
17 38
38 40
36 38
38 39
9 38
24 38
38 59
38 51
38 58
6 38
32 38
38 43
25 38
38 53
38 55
20 38
35 38
16 41
27 41
41 45
28 41
9 41
24 41
41 51
10 41
15 41
18 41
32 41
41 43
12 41
7 41
14 41
30 41
35 41
23 41
8 41
3 41
41 44
38 41
8 38
38 42
38 48
1 38
1 11
20 26
26 44
26 35
12 26
26 37
12 14
14 25
3 14
14 55
14 42
14 44
14 30
11 14
0 14
20 55
30 55
11 55
8 55
3 55
3 8
8 42
8 48
0 8
6 7
3 6
6 12
6 37
6 25
6 20
6 43
7 32
7 43
7 22
7 25
7 42
7 37
7 35
7 44
7 23
7 48
20 42
30 42
3 42
23 42
42 48
12 57
11 57
22 57
25 57
44 57
37 57
11 43
11 22
11 53
11 30
3 11
11 37
11 23
0 11
22 59
33 59
43 59
18 59
35 59
3 59
30 59
37 59
53 59
12 59
10 12
12 58
12 48
12 53
12 25
3 12
12 37
12 35
10 15
10 35
3 10
10 37
10 44
10 25
10 32
10 18
10 23
0 10
3 19
19 51
19 43
19 25
0 19
3 58
3 43
3 25
3 30
3 48
48 58
20 58
0 58
35 58
25 58
53 58
23 58
43 58
18 58
20 32
20 22
20 25
20 48
20 37
20 44
0 20
20 23
24 48
23 24
24 32
24 37
24 30
24 53
24 44
24 33
24 35
15 37
37 53
35 37
37 44
23 37
0 37
2 43
2 32
2 23
2 22
32 33
15 32
18 32
32 53
32 44
32 43
23 32
0 32
30 39
39 43
39 53
0 39
33 39
39 48
9 30
30 51
15 30
18 30
30 43
22 30
25 30
30 35
30 48
0 45
33 45
22 45
15 45
44 45
45 48
15 28
9 15
15 33
15 44
15 22
28 44
28 51
9 28
25 28
22 28
0 27
27 48
27 51
9 48
33 48
48 51
18 48
22 48
48 53
0 48
16 43
16 51
16 53
40 43
36 43
43 51
22 43
23 43
0 43
18 36
36 53
9 36
23 36
9 35
9 33
9 44
9 53
9 25
0 9
9 51
9 18
18 40
33 40
23 40
40 44
22 40
18 22
0 18
18 23
18 35
51 54
46 53
17 53
51 53
22 53
23 53
35 53
34 51
0 34
46 51
33 51
22 51
17 46
17 35
17 25
17 44
17 23
17 22
17 33
0 17
23 50
44 50
0 50
33 46
33 44
25 33
0 33
23 33
13 44
13 22
44 46
22 44
35 44
23 44
0 44
0 4
22 46
22 23
0 22
23 52
23 49
23 46
0 56
25 49
25 46
0 25
0 5
35 49
35 46
0 35
0 29
46 49
21 49
0 49
0 21
