60 531
4 23
4 56
39 56
23 39
4 29
29 39
7 23
7 56
7 29
4 43
39 43
7 43
3 39
3 23
3 56
3 29
4 33
33 39
7 33
3 33
40 56
23 40
29 40
4 46
39 46
7 46
3 46
40 46
46 56
32 46
4 49
39 49
7 49
3 49
40 49
49 56
32 49
23 49
29 49
31 32
31 49
1 4
1 3
1 32
19 23
19 33
19 29
1 19
4 17
17 39
7 17
3 17
17 40
17 56
17 32
17 19
17 29
1 50
21 39
21 40
23 41
29 41
33 41
38 41
19 38
29 38
21 38
37 38
31 38
2 37
14 43
22 56
22 41
1 22
36 56
36 49
1 36
16 36
4 52
39 52
7 52
3 52
40 52
52 56
41 52
49 52
19 52
16 52
36 52
46 52
28 52
11 37
11 31
0 11
11 23
37 44
11 44
38 44
39 58
3 58
56 58
49 58
1 58
21 58
50 58
14 58
33 58
46 58
27 56
27 49
27 29
27 50
27 37
31 35
1 24
16 24
24 35
24 31
11 24
25 56
25 41
25 29
21 25
25 35
25 31
24 25
25 46
4 26
26 39
7 26
3 26
26 40
26 56
26 32
26 49
19 26
21 26
26 37
26 35
11 26
26 46
25 26
4 55
39 55
7 55
3 55
32 55
19 55
29 55
50 55
52 55
11 55
33 55
44 55
26 55
1 30
30 50
30 35
30 31
30 33
30 44
30 55
22 30
34 38
34 44
26 34
30 34
17 34
38 54
44 54
8 29
8 21
8 37
8 31
8 24
8 46
8 12
4 20
20 39
7 20
3 20
20 56
20 41
20 21
16 20
20 52
20 31
20 24
20 58
8 20
20 30
48 56
41 48
29 48
21 48
35 48
31 48
38 48
46 48
48 55
30 48
17 48
48 54
12 48
39 45
3 45
41 45
19 45
29 45
21 45
45 52
14 45
33 45
45 46
45 55
5 39
3 5
5 56
5 49
1 5
5 21
5 52
5 31
5 38
5 46
5 8
5 28
5 17
5 45
10 56
10 19
1 10
10 50
10 37
10 14
10 24
10 46
10 55
5 10
0 10
10 27
10 34
4 47
39 47
7 47
3 47
40 47
47 56
41 47
47 49
29 47
47 50
35 47
14 47
11 47
46 47
47 55
4 59
39 59
7 59
56 59
32 59
49 59
1 59
21 59
37 59
31 59
33 59
46 59
55 59
17 59
27 59
25 59
2 59
47 59
29 42
42 50
42 52
14 42
38 42
24 42
42 55
42 59
0 42
27 42
42 43
18 29
18 21
18 52
14 18
18 33
18 58
18 26
5 18
18 48
18 28
18 25
18 54
18 20
15 17
15 27
15 36
15 18
11 53
53 58
26 53
5 53
0 53
28 53
25 53
22 53
39 51
3 51
51 56
49 51
29 51
50 51
51 52
11 51
24 51
44 51
51 55
30 51
0 51
2 51
36 51
18 51
13 41
13 49
13 29
13 50
13 52
13 31
13 38
13 58
13 26
13 30
13 48
2 13
13 36
13 47
13 51
13 42
9 56
9 19
9 29
9 16
9 50
9 11
9 38
9 46
9 55
5 9
0 9
9 27
9 36
9 22
9 42
9 15
9 13
33 57
44 57
8 57
5 57
17 57
28 57
25 57
47 57
12 57
23 57
13 57
9 57
10 51
51 53
4 6
3 6
6 56
6 41
6 29
6 21
6 37
6 14
6 24
6 58
6 8
6 30
6 17
2 6
6 36
6 43
6 51
6 15
6 20
6 54
15 53
23 53
20 53
15 23
18 42
12 42
10 42
12 59
23 59
43 59
0 47
28 47
25 47
22 47
10 47
12 47
10 54
10 45
0 5
45 48
2 45
43 45
22 45
12 45
23 45
20 45
36 48
20 48
20 34
20 43
20 54
8 23
8 54
8 22
8 28
0 8
30 54
34 54
43 54
12 54
34 36
23 34
25 34
22 34
30 36
2 26
26 27
26 43
26 36
17 25
25 28
25 43
24 43
24 36
0 24
24 28
27 35
27 33
27 58
2 27
27 28
23 27
22 27
22 58
43 58
44 58
36 58
17 44
2 44
12 44
23 44
11 12
11 28
28 38
17 28
28 43
23 52
22 52
17 52
31 36
12 36
16 33
16 46
16 22
14 22
22 38
2 22
22 23
2 14
14 33
14 17
2 38
0 2
2 12
23 38
21 41
21 49
1 21
21 23
12 21
21 50
17 50
31 50
23 50
43 50
17 33
17 23
1 23
1 46
1 12
1 43
1 31
1 33
31 46
43 49
12 49
46 49
33 46
40 43
33 40
33 56
33 37
0 33
12 33
3 43
43 56
32 43
37 43
0 43
29 56
29 32
23 29
23 56
23 32
12 32
12 37
0 37
