60 885
22 53
11 53
22 36
11 36
0 36
10 53
10 36
22 43
11 43
0 43
10 43
22 59
11 59
0 59
10 59
53 59
36 59
43 59
19 22
11 19
0 19
10 19
19 59
8 53
8 36
8 43
8 19
2 22
2 11
0 2
2 10
2 59
2 8
15 53
15 36
15 43
18 22
11 18
0 18
10 18
18 59
8 18
15 18
6 11
0 6
6 59
6 53
6 36
6 43
22 49
11 49
0 49
10 49
49 59
8 49
15 49
6 49
17 22
11 17
0 17
10 17
17 59
8 17
15 17
6 17
17 53
17 36
17 43
17 19
22 23
11 23
0 23
10 23
23 59
8 23
15 23
6 23
17 23
1 53
1 36
1 43
1 49
1 18
1 2
1 19
1 23
22 48
11 48
0 48
10 48
48 59
8 48
15 48
6 48
17 48
1 48
11 21
0 21
8 21
6 21
1 21
21 53
21 36
21 43
21 23
19 21
21 48
18 21
2 21
21 49
22 47
11 47
0 47
10 47
47 59
8 47
15 47
6 47
17 47
1 47
21 47
22 57
11 57
0 57
10 57
57 59
8 57
15 57
6 57
17 57
1 57
21 57
53 57
36 57
43 57
18 57
19 57
2 57
49 57
23 57
48 57
17 24
24 57
1 58
57 58
53 58
36 58
43 58
19 58
48 58
2 58
49 58
23 58
18 58
7 22
0 7
7 59
6 7
7 17
7 57
7 58
7 19
5 22
5 11
0 5
5 10
5 59
5 15
5 17
5 57
5 58
22 27
11 27
0 27
10 27
27 59
8 27
15 27
6 27
17 27
1 27
21 27
27 57
27 58
19 27
27 53
27 36
27 43
1 44
21 44
25 53
25 36
25 43
23 25
18 25
2 25
19 25
25 49
25 48
0 9
6 9
1 9
9 21
9 25
9 19
1 37
37 57
25 37
19 37
37 53
36 37
37 43
4 22
4 11
0 4
4 10
4 59
4 8
4 15
4 6
4 17
1 4
4 21
4 57
4 58
4 27
4 37
22 50
0 50
50 59
6 50
17 50
21 50
25 50
27 50
37 50
38 53
36 38
38 43
41 59
6 41
17 41
21 41
25 41
19 41
5 41
38 41
41 48
53 55
36 55
1 56
21 56
25 56
27 56
37 56
38 56
24 56
55 56
9 56
5 14
14 38
14 48
14 55
9 14
14 53
14 36
14 49
22 26
11 26
0 26
10 26
26 59
8 26
15 26
6 26
17 26
26 57
26 58
19 26
5 26
26 50
26 48
26 55
9 26
14 26
12 48
12 55
12 43
3 53
3 36
37 39
38 39
39 48
23 39
3 39
11 54
0 54
54 59
15 54
17 54
54 57
54 58
19 54
37 54
50 54
48 54
23 54
9 54
14 54
53 54
36 54
39 54
46 59
6 46
21 46
46 57
46 58
19 46
37 46
46 50
46 48
23 46
9 46
46 54
12 46
46 53
36 46
11 29
0 29
29 59
15 29
6 29
21 29
25 29
19 29
27 29
29 50
29 48
23 29
29 43
14 29
12 29
29 53
29 36
29 46
0 16
16 59
8 16
15 16
6 16
16 57
16 25
16 27
16 37
5 16
16 48
16 55
16 43
14 16
12 16
25 32
19 32
5 32
32 38
24 32
23 32
32 43
3 32
32 54
32 53
20 22
11 20
0 20
20 59
8 20
6 20
17 20
20 57
20 25
20 27
20 37
5 20
20 50
20 48
20 43
3 20
20 53
20 32
20 47
20 26
20 46
18 20
25 40
19 40
5 40
38 40
24 40
23 40
40 43
3 40
12 40
40 53
40 47
26 40
22 31
0 31
31 59
15 31
17 31
21 31
31 58
19 31
5 31
31 38
31 48
23 31
9 31
3 31
12 31
31 32
31 36
26 31
22 42
0 42
42 59
8 42
1 42
42 57
25 42
19 42
5 42
38 42
42 50
23 42
9 42
14 42
42 54
42 53
42 47
29 42
31 42
18 42
42 44
20 42
22 33
11 33
0 33
33 59
8 33
15 33
17 33
33 57
33 58
27 33
5 33
33 50
33 48
33 55
9 33
14 33
33 54
33 53
33 47
26 33
31 33
0 51
10 51
51 59
15 51
1 51
21 51
51 58
19 51
37 51
50 51
48 51
23 51
43 51
3 51
12 51
32 51
47 51
29 51
31 51
18 51
41 51
22 34
11 34
0 34
10 34
34 59
8 34
15 34
6 34
17 34
21 34
25 34
27 34
5 34
34 38
24 34
23 34
9 34
14 34
34 54
32 34
34 47
26 34
34 46
34 51
34 44
20 34
22 28
11 28
0 28
10 28
28 59
8 28
15 28
6 28
1 28
28 57
28 58
19 28
5 28
28 38
24 28
28 55
9 28
14 28
12 28
28 53
28 47
28 29
28 31
28 51
28 40
28 44
37 52
50 52
48 52
52 55
43 52
3 52
52 53
32 52
36 52
29 52
31 52
46 52
40 52
20 52
28 52
52 56
16 52
34 52
35 59
6 35
17 35
21 35
35 58
27 35
5 35
35 50
24 35
35 48
9 35
14 35
35 54
32 35
35 36
26 35
31 35
35 51
35 44
13 17
13 21
13 58
13 19
13 27
13 50
13 24
13 55
9 13
3 13
13 54
13 53
13 47
13 29
13 31
13 46
13 51
13 20
30 37
30 50
24 30
30 55
30 43
3 30
30 54
30 32
30 36
26 30
30 46
18 30
30 44
13 30
28 30
16 30
7 30
30 34
30 35
30 52
2 30
30 41
13 35
13 56
4 13
37 45
38 45
24 45
23 45
43 45
3 45
45 54
45 53
45 47
29 45
31 45
18 45
40 45
13 45
28 45
33 45
16 45
7 45
42 45
39 45
2 45
4 45
13 16
13 41
13 33
33 35
35 56
35 49
34 35
2 35
35 39
35 52
4 52
41 52
28 39
2 28
28 34
7 28
28 49
34 56
34 49
2 34
34 41
7 51
33 51
4 51
16 51
2 51
33 40
20 33
4 33
33 42
33 56
16 33
33 41
16 42
42 49
7 42
4 42
39 42
41 42
4 31
31 56
7 31
31 40
18 40
40 56
16 40
40 44
20 40
7 40
39 40
20 49
2 20
7 20
20 41
32 56
32 36
32 47
32 49
32 39
32 41
16 32
16 36
16 29
16 46
16 56
7 16
4 16
29 49
26 29
4 29
29 39
29 44
39 46
44 46
41 46
46 49
2 46
18 46
2 54
47 54
44 54
41 54
12 39
39 47
18 39
39 44
39 56
39 49
2 39
4 39
3 12
3 18
3 44
3 41
12 53
12 36
4 12
12 49
12 26
7 12
12 18
12 56
26 53
26 47
7 26
18 26
26 41
2 26
26 56
4 14
14 47
2 14
7 14
14 56
36 56
18 56
2 56
49 56
43 55
41 55
7 55
2 55
41 43
36 41
41 44
41 49
4 41
18 38
2 38
24 38
7 38
38 50
9 38
50 53
36 50
43 50
4 50
48 50
49 50
44 50
23 50
4 24
4 23
4 43
4 53
4 47
4 44
4 7
9 37
23 37
37 48
37 47
37 44
24 37
5 37
9 24
9 23
9 53
9 36
7 9
9 43
9 49
2 9
25 44
27 44
24 44
23 44
43 44
44 53
44 47
18 44
44 49
27 47
23 27
24 27
27 49
2 27
27 48
5 27
18 27
5 53
5 36
5 43
2 5
5 7
5 49
5 18
5 47
7 48
7 53
7 36
7 49
2 7
47 58
24 58
24 53
24 36
24 43
24 47
18 24
23 24
2 24
24 49
47 57
23 47
43 47
36 47
19 48
48 53
36 48
43 48
18 48
19 23
23 53
23 36
23 43
23 49
17 49
2 17
17 18
19 49
36 49
18 49
6 19
6 18
2 6
18 19
18 43
18 53
18 36
2 18
2 15
15 19
2 19
2 53
2 36
19 53
19 36
19 43
43 53
36 43
36 53
0 11
0 53
0 22
