60 531
42 45
42 56
0 56
20 45
20 56
41 42
0 41
20 41
36 45
36 56
36 41
2 42
0 2
2 20
2 36
42 48
0 48
20 48
36 48
45 48
41 48
48 56
2 48
28 42
0 28
20 28
28 36
28 48
8 45
8 41
8 56
8 28
2 8
6 42
0 6
6 20
6 36
6 48
6 8
0 24
24 36
24 48
24 45
24 56
24 41
24 28
6 24
42 51
0 51
20 51
36 51
48 51
8 51
24 51
38 45
38 56
38 41
28 38
6 38
38 51
2 38
42 59
0 59
20 59
36 59
48 59
8 59
38 59
28 59
48 52
24 52
38 52
5 45
5 41
5 56
5 6
2 5
24 30
5 30
40 45
40 56
40 41
0 11
11 20
11 36
11 48
8 11
11 24
11 38
34 36
34 48
8 34
24 34
34 38
28 34
34 45
34 56
34 41
0 14
14 20
14 36
14 48
8 14
14 24
14 28
14 34
16 34
16 45
48 55
8 55
24 55
28 55
16 55
20 26
26 36
26 48
8 26
24 26
26 34
16 26
26 45
0 19
19 20
19 36
19 48
8 19
19 24
19 38
19 28
19 40
19 26
19 56
9 45
6 9
9 30
28 39
5 39
16 39
39 52
14 39
9 39
39 51
9 37
25 37
12 56
42 53
0 53
20 53
36 53
48 53
8 53
24 53
28 53
34 53
52 53
14 53
45 53
48 49
24 49
38 49
28 49
16 49
49 52
49 53
49 55
0 44
36 44
44 48
24 44
28 44
34 44
16 44
26 44
44 56
9 44
7 36
7 48
7 38
5 7
7 16
7 26
7 14
7 55
7 44
28 32
5 32
16 32
26 32
32 56
32 53
32 44
1 34
1 52
1 14
1 53
1 32
1 30
1 25
40 43
26 43
43 56
43 55
43 44
32 43
26 46
9 46
44 46
30 46
12 46
41 46
4 53
4 55
4 44
4 30
4 46
2 4
4 37
13 37
13 19
0 54
36 54
48 54
8 54
38 54
5 54
16 54
52 54
54 56
54 55
44 54
23 51
23 32
23 45
29 51
23 29
25 29
29 43
15 36
8 15
15 28
15 34
15 16
15 26
14 15
15 53
15 51
15 23
15 46
15 43
15 41
14 27
27 53
27 51
25 27
17 27
3 53
3 55
3 32
3 30
3 46
51 57
30 57
46 57
3 57
37 57
39 57
54 57
29 57
14 33
9 33
32 33
23 33
33 46
17 33
15 33
33 39
33 57
29 33
7 33
27 33
54 58
29 58
7 58
10 24
10 34
10 40
10 26
10 56
10 55
10 44
10 30
10 25
2 10
10 37
10 39
10 41
44 50
30 50
12 50
43 50
15 50
13 50
21 46
2 21
6 21
1 21
21 41
31 34
26 31
31 56
31 53
31 51
23 31
17 31
3 31
6 31
13 31
21 31
31 50
35 56
35 53
35 51
23 35
17 35
2 35
6 35
35 39
35 54
29 35
31 35
18 38
18 34
18 52
18 26
18 56
18 55
18 51
18 30
12 18
18 43
6 18
13 18
18 41
18 29
18 35
18 59
22 48
8 22
22 28
5 22
22 34
22 52
14 22
22 55
9 22
22 30
12 22
2 22
3 22
1 22
21 22
19 22
4 22
18 22
22 49
22 58
18 49
35 59
27 35
27 31
31 59
31 33
21 45
19 21
21 50
50 57
45 50
7 50
10 50
25 47
2 47
3 47
1 47
47 54
19 47
4 47
45 47
10 47
47 49
10 58
10 45
10 11
33 58
57 59
4 57
3 54
3 27
3 11
1 3
3 6
15 27
1 27
27 41
19 27
7 27
15 54
15 29
15 45
15 37
13 29
29 49
23 49
11 23
23 54
2 23
17 54
13 54
4 54
49 54
4 13
4 7
4 11
17 46
46 59
11 17
17 43
17 49
17 37
39 43
1 43
7 43
6 43
43 59
1 7
1 11
1 41
30 32
32 59
32 45
6 32
7 32
32 41
7 25
6 7
7 41
44 51
44 49
6 44
19 44
12 49
6 49
39 49
11 49
41 53
11 53
12 53
9 12
12 30
2 12
12 37
12 39
12 19
6 12
37 39
19 37
37 59
25 59
25 39
25 45
39 45
39 59
9 19
9 11
19 30
2 19
19 59
11 19
26 55
26 59
11 26
6 26
55 56
45 55
2 55
55 59
51 55
16 51
16 52
16 41
14 16
16 56
14 52
14 45
14 51
2 14
11 14
6 14
14 59
11 34
34 51
11 40
6 11
11 41
11 45
30 40
6 40
2 40
30 52
30 56
5 52
45 52
52 59
52 56
51 52
2 52
41 52
45 59
28 51
2 51
41 51
2 24
6 28
28 45
28 56
28 41
2 28
2 45
2 41
41 56
45 56
0 45
