60 177
22 40
40 58
27 58
22 45
17 22
17 33
17 20
20 27
20 45
20 51
22 59
58 59
20 59
33 59
41 59
3 17
3 27
3 45
3 51
3 26
9 45
9 47
11 26
11 41
11 30
26 28
28 41
20 28
1 28
7 27
7 41
7 44
22 44
7 9
32 51
45 55
55 57
41 55
32 55
0 55
27 56
47 56
28 56
55 56
6 30
6 39
20 49
39 49
29 51
29 57
20 29
28 34
34 53
10 43
7 10
5 30
5 11
5 10
2 23
2 42
19 20
19 37
10 19
19 42
15 43
15 55
14 58
14 15
15 33
15 19
1 15
2 19
8 28
8 37
33 50
8 50
6 50
22 50
3 8
8 22
8 52
2 52
12 23
0 23
23 32
10 31
12 31
0 31
4 43
4 37
6 13
1 13
4 13
9 13
25 43
25 39
25 29
25 32
25 58
4 25
4 31
20 24
7 24
24 29
11 18
18 33
36 43
36 53
6 36
18 36
5 36
32 36
18 24
24 35
9 35
4 24
1 12
5 12
5 16
16 34
10 34
34 56
34 49
29 53
33 53
29 38
3 38
29 49
49 56
46 59
46 57
41 46
46 55
11 46
46 56
46 49
0 48
46 48
3 39
6 56
32 57
7 32
9 32
1 7
1 21
21 58
28 37
11 37
37 58
11 22
3 30
9 30
30 58
3 9
3 47
20 47
3 33
22 26
26 41
26 43
22 41
20 33
27 33
33 45
33 51
33 54
54 58
45 58
45 51
51 58
22 58
22 27
22 51
0 22
27 51
43 51
0 43
