60 885
32 43
32 52
29 32
43 51
51 52
29 51
28 43
28 52
28 29
28 51
28 32
40 43
40 52
29 40
28 40
0 40
7 43
7 52
7 28
0 7
7 32
7 51
34 43
34 52
29 34
28 34
0 34
7 34
22 43
22 52
22 29
22 28
0 22
7 22
22 51
22 32
22 40
22 34
43 58
52 58
29 58
28 58
0 58
7 58
22 58
12 32
12 51
12 40
12 34
43 55
52 55
29 55
28 55
0 55
7 55
22 55
12 55
17 43
17 52
17 29
17 28
0 17
17 22
12 17
17 32
17 51
17 34
17 40
17 55
17 58
27 43
27 52
27 29
27 28
0 27
7 27
22 27
12 27
17 27
27 51
27 32
27 34
27 40
27 55
27 58
13 43
13 52
13 29
13 28
0 13
7 13
13 22
12 13
13 17
13 27
22 45
27 45
32 45
45 51
40 45
34 45
45 55
45 58
16 43
16 52
16 29
16 28
0 16
7 16
16 22
12 16
16 17
16 27
16 45
1 12
1 17
1 32
1 51
1 40
1 34
1 55
1 58
43 48
48 52
29 48
28 48
0 48
7 48
22 48
12 48
17 48
27 48
45 48
1 48
24 43
24 52
24 29
24 28
0 24
7 24
22 24
12 24
17 24
24 27
1 24
24 51
24 32
24 34
24 40
24 55
24 58
16 24
13 24
24 48
21 43
21 52
21 29
21 28
0 21
7 21
21 22
17 21
21 45
21 24
21 51
30 43
30 52
29 30
28 30
0 30
7 30
22 30
17 30
27 30
43 46
46 52
28 46
22 46
12 46
27 46
45 46
32 46
46 51
40 46
34 46
46 55
46 58
39 43
39 52
29 39
28 39
0 39
7 39
22 39
12 39
17 39
27 39
39 45
39 46
39 51
32 39
39 40
34 39
39 58
39 55
13 39
25 52
7 25
22 25
25 27
1 25
25 46
25 39
25 51
37 52
12 37
37 45
24 37
37 46
37 51
32 37
37 40
34 37
33 51
33 37
23 52
7 23
22 23
17 23
23 45
23 46
23 51
23 30
43 59
52 59
28 59
7 59
22 59
17 59
27 59
24 59
39 59
37 59
32 59
34 59
40 59
36 52
0 36
22 36
27 36
36 45
1 36
36 39
36 51
36 59
13 36
32 36
1 3
3 24
3 51
3 30
3 59
3 23
3 32
3 40
3 34
38 43
38 52
28 38
0 38
22 38
12 38
1 38
24 38
38 39
38 51
23 38
13 38
3 38
10 38
38 55
43 53
52 53
29 53
28 53
0 53
7 53
22 53
12 53
17 53
27 53
45 53
1 53
51 53
30 53
37 53
13 53
32 53
3 53
1 18
18 24
18 46
18 51
18 37
13 18
6 51
6 37
6 59
6 13
6 32
6 40
6 34
4 45
4 46
4 39
4 51
4 37
4 6
4 32
3 4
42 43
42 52
28 42
7 42
22 42
27 42
1 42
42 46
42 51
30 42
23 42
6 42
32 42
11 39
11 37
11 59
11 13
11 32
11 42
11 55
11 25
11 58
35 59
6 35
32 35
35 42
35 55
35 38
35 58
2 12
2 17
1 2
2 46
2 39
2 51
2 59
2 13
2 32
2 42
2 55
2 38
2 58
2 35
2 53
15 43
15 52
15 29
15 28
0 15
7 15
15 22
12 15
15 17
15 27
1 15
15 24
15 51
15 30
15 23
13 15
3 15
10 15
15 18
15 25
26 45
24 26
26 51
26 37
23 26
6 26
26 32
10 26
26 42
26 38
5 43
5 52
5 29
5 28
0 5
5 7
5 22
5 12
5 17
5 27
1 5
5 46
5 51
5 30
5 23
5 6
5 32
3 5
5 42
5 18
5 26
4 5
5 35
12 20
17 20
20 45
20 24
20 51
20 30
20 59
13 20
20 32
20 42
20 55
18 20
20 58
4 20
20 53
5 20
2 20
44 55
38 44
25 44
4 44
3 41
41 42
41 55
25 41
26 41
35 41
11 41
41 48
40 41
15 41
45 57
46 57
39 57
30 57
57 59
13 57
32 57
3 57
18 57
25 57
26 57
35 57
41 57
15 57
47 51
30 47
47 59
23 47
32 47
10 47
18 47
25 47
26 47
35 47
41 47
15 47
2 47
31 43
31 52
28 31
0 31
22 31
27 31
31 45
31 46
31 39
31 37
23 31
13 31
31 32
10 31
31 55
31 38
31 58
31 35
31 41
15 31
31 47
31 34
31 44
52 56
28 56
22 56
27 56
1 56
24 56
51 56
30 56
37 56
6 56
32 56
10 56
18 56
38 56
56 58
35 56
41 56
5 56
8 52
8 22
8 12
8 27
8 45
8 24
8 51
8 37
8 59
8 13
8 32
8 10
8 42
8 38
8 58
4 8
8 53
8 15
2 8
8 56
8 34
8 11
8 48
9 42
9 25
9 26
4 9
9 53
5 9
9 47
8 9
9 57
9 36
9 20
9 11
43 50
50 52
29 50
28 50
0 50
7 50
22 50
12 50
17 50
27 50
1 50
46 50
39 50
30 50
37 50
6 50
3 50
10 50
42 50
38 50
25 50
35 50
50 53
5 50
47 50
8 50
9 50
20 50
19 52
7 19
12 19
19 27
19 45
19 24
19 39
19 51
19 37
6 19
3 19
19 42
19 55
19 25
19 26
19 58
19 53
5 19
2 19
19 34
19 44
19 20
19 50
1 49
46 49
49 51
30 49
49 59
23 49
32 49
3 49
49 55
25 49
26 49
35 49
41 49
15 49
2 49
8 49
48 49
49 56
20 49
19 49
49 57
31 49
14 43
14 52
14 28
7 14
14 22
14 17
1 14
14 24
14 39
14 30
14 23
6 14
14 32
10 14
14 18
14 25
14 26
4 14
14 41
14 15
14 47
14 44
9 14
14 48
14 20
43 54
52 54
29 54
28 54
0 54
7 54
22 54
12 54
17 54
27 54
45 54
24 54
39 54
51 54
37 54
23 54
6 54
10 54
54 55
25 54
54 58
35 54
41 54
15 54
2 54
34 54
44 54
48 54
21 54
19 54
16 54
14 54
36 54
50 54
14 40
14 16
14 49
14 36
11 49
19 57
19 40
19 33
50 57
31 50
16 50
11 50
9 40
9 21
8 16
8 33
34 56
44 56
11 56
20 56
36 56
31 56
16 56
21 56
21 31
31 40
11 31
31 33
33 47
36 47
47 57
44 47
16 47
34 57
48 57
21 57
33 57
16 57
41 44
5 44
34 44
20 44
44 48
33 44
20 40
16 20
5 16
5 34
5 36
5 21
5 33
21 26
26 53
26 58
26 36
26 33
15 26
4 15
15 40
15 48
11 15
2 15
2 48
2 11
2 21
2 40
11 35
34 35
35 53
11 21
11 40
11 33
33 42
34 42
40 42
4 42
25 42
36 42
4 38
4 58
4 36
4 16
4 48
4 21
4 33
4 40
6 48
6 58
6 33
6 18
6 25
10 18
18 55
18 34
18 53
18 48
18 40
18 21
18 36
18 25
18 58
38 53
53 58
33 53
21 53
34 53
16 53
36 53
16 38
38 48
34 38
38 40
33 38
3 58
3 10
3 16
3 21
3 25
10 34
10 40
10 36
10 48
10 58
10 55
34 36
21 36
36 40
16 36
33 36
13 59
16 59
58 59
55 59
48 59
23 59
23 32
23 34
23 40
21 23
23 33
23 25
23 55
13 23
13 33
33 55
33 48
21 33
37 58
37 55
25 37
25 40
16 25
39 48
30 39
46 48
13 46
16 46
30 46
30 32
30 34
30 40
30 58
30 55
16 30
21 30
30 48
13 21
21 32
21 55
21 34
32 48
48 58
16 48
40 48
1 16
1 13
16 51
13 16
16 32
16 55
13 45
13 51
13 32
13 34
13 40
51 55
32 55
55 58
12 58
51 58
34 58
34 51
32 34
34 40
7 40
40 51
32 40
0 51
32 51
0 32
43 52
0 52
