60 708
8 30
12 30
8 12
30 38
12 38
11 30
11 12
8 11
11 38
11 47
5 30
5 12
5 11
30 42
12 42
11 42
8 42
38 42
42 47
30 57
12 57
11 57
42 57
30 43
12 43
11 43
42 43
8 43
38 43
43 47
43 57
5 43
26 30
12 26
11 26
26 42
26 43
30 41
12 41
11 41
41 43
8 41
38 41
41 47
5 41
41 57
30 59
12 59
11 59
42 59
43 59
41 59
30 35
12 35
11 35
35 42
35 43
35 41
8 35
35 38
35 47
5 35
35 57
35 59
30 46
12 46
11 46
42 46
43 46
41 46
35 46
3 30
3 12
3 11
3 42
3 8
3 38
3 47
3 57
3 5
3 59
3 26
3 46
24 30
12 24
11 24
24 42
24 43
24 41
24 35
3 24
3 48
8 48
38 48
47 48
48 57
5 48
48 59
46 48
26 48
24 48
13 30
12 13
11 13
13 42
13 43
13 41
13 35
3 13
13 48
30 50
12 50
35 50
8 50
38 50
47 50
50 57
5 50
26 50
46 50
50 59
13 50
24 50
22 30
12 22
11 22
22 42
22 43
22 41
22 35
3 22
22 48
22 50
14 35
8 14
14 38
14 47
5 14
14 57
14 59
14 26
14 46
14 24
13 14
6 30
6 12
6 11
6 42
6 43
6 41
6 35
3 6
6 48
6 50
6 14
25 30
12 25
11 25
25 42
25 43
25 41
3 25
14 25
8 25
25 38
25 47
25 57
5 25
25 26
25 59
25 46
13 25
24 25
6 25
22 25
28 30
12 28
11 28
28 42
28 43
28 41
28 35
3 28
28 48
14 28
25 28
28 47
41 55
50 55
8 45
38 45
45 47
5 45
45 57
45 46
45 59
26 45
24 45
13 45
30 31
12 31
11 31
31 42
3 31
31 48
31 45
21 30
12 21
11 21
21 42
21 43
21 41
21 48
21 50
21 45
8 21
21 38
21 47
21 57
5 21
21 26
21 59
21 46
6 21
21 49
5 49
49 55
24 49
26 49
46 49
6 49
44 55
8 58
38 58
57 58
58 59
46 58
26 58
9 30
9 12
9 11
9 42
9 43
9 41
9 35
9 50
9 45
9 47
9 58
9 54
12 34
34 42
3 34
34 48
25 34
5 34
34 47
24 34
8 34
34 38
25 29
29 47
8 23
23 38
23 57
22 23
23 29
25 40
5 40
23 40
17 35
17 50
8 18
18 38
18 47
18 57
5 18
18 46
18 26
18 59
18 24
13 18
17 18
1 30
1 12
1 11
1 42
1 35
1 14
1 18
1 5
1 47
1 24
1 34
15 35
15 48
15 18
15 47
15 23
15 24
15 34
8 15
15 38
12 19
11 19
3 19
14 19
19 25
5 19
19 55
19 24
15 19
19 46
19 44
1 19
13 19
19 29
4 58
4 23
4 17
4 15
4 6
4 19
30 53
12 53
11 53
42 53
3 53
50 53
45 53
21 53
23 53
17 53
34 53
46 53
8 53
12 32
14 32
32 45
5 32
32 58
24 32
26 32
15 32
8 32
32 44
32 53
20 25
5 20
20 47
20 54
20 26
36 47
24 36
17 36
8 36
36 38
52 55
17 52
26 52
36 52
6 52
1 52
32 52
49 52
29 52
9 52
28 52
38 52
0 52
17 33
33 46
33 44
1 33
17 37
37 46
37 44
19 37
37 53
37 38
8 56
19 56
37 56
49 56
4 56
9 56
28 56
13 56
16 30
12 16
11 16
16 42
16 43
16 41
16 35
14 16
16 21
5 16
16 47
16 54
16 17
16 36
8 16
1 16
16 32
16 49
16 29
9 16
13 16
30 51
12 51
48 51
14 51
18 51
21 51
47 51
23 51
34 51
46 51
8 51
19 51
37 51
6 27
27 44
27 37
27 49
0 27
27 59
13 27
27 29
27 51
27 28
27 33
27 40
4 51
31 51
28 51
13 51
20 51
16 51
51 57
2 58
2 54
2 34
2 36
2 8
2 19
2 32
2 49
2 4
30 39
12 39
11 39
39 42
39 43
39 41
35 39
3 39
39 48
39 50
39 45
5 39
39 47
39 54
34 39
39 46
8 39
19 39
32 39
10 12
10 11
10 35
10 50
10 18
5 10
10 23
10 24
10 26
10 36
6 10
10 44
10 32
10 37
10 39
9 10
10 57
10 31
0 10
10 59
10 22
10 29
29 39
39 40
39 57
2 39
20 39
31 39
0 39
13 39
2 9
2 51
2 40
0 2
2 38
2 22
16 56
16 38
16 20
16 59
0 56
38 56
33 56
33 37
0 37
28 37
4 37
4 33
31 33
7 18
5 7
7 55
7 24
7 34
7 46
7 8
7 44
7 53
7 49
4 7
7 31
7 9
7 22
7 57
7 13
7 59
7 33
33 52
20 33
33 59
33 57
22 52
40 52
36 57
36 59
22 36
36 40
20 36
9 36
0 36
8 20
20 32
20 53
20 49
4 20
20 28
20 40
0 20
32 57
22 32
29 32
13 53
9 53
40 53
49 53
31 53
4 53
53 59
4 38
4 57
19 28
19 57
15 28
15 59
15 46
1 15
15 29
13 15
15 44
6 15
1 6
1 44
1 38
0 1
1 59
1 22
1 40
1 31
5 17
17 55
17 54
8 17
17 38
6 17
17 40
17 57
17 28
17 26
26 40
6 40
31 40
28 40
40 57
22 40
23 31
29 54
29 34
8 29
9 29
28 29
13 29
29 31
34 44
9 34
31 34
22 34
8 9
9 44
9 22
9 28
55 58
54 58
24 54
8 54
38 54
22 54
44 54
26 54
0 54
46 54
6 44
44 57
44 49
22 49
38 49
21 24
13 21
21 22
21 31
31 55
31 46
6 31
31 38
31 59
22 45
45 55
47 55
8 55
38 55
55 57
55 59
46 55
6 55
26 55
28 55
28 46
6 28
0 28
6 47
6 26
6 8
6 22
14 22
0 22
22 57
5 13
13 47
13 24
13 26
8 13
13 38
13 59
5 24
24 47
8 24
24 38
24 57
24 59
5 46
46 47
26 46
8 46
38 46
26 35
5 59
47 59
8 59
57 59
38 59
26 41
5 26
26 47
8 26
26 38
26 57
0 26
5 57
47 57
5 42
5 8
5 38
5 47
38 47
8 38
12 47
8 47
0 8
30 47
0 47
