60 177
7 47
22 47
4 7
4 22
4 24
24 47
7 12
12 24
12 50
12 28
7 35
0 35
22 35
7 9
9 57
9 12
9 28
9 25
7 48
24 48
37 48
28 48
26 45
45 48
20 45
45 47
30 51
26 27
27 50
23 52
34 52
27 34
31 51
12 16
39 58
16 58
47 58
11 58
5 11
29 46
15 59
28 59
41 59
48 59
8 49
42 49
20 42
16 42
19 26
19 50
19 31
19 42
19 29
19 20
6 31
6 34
12 43
28 43
41 43
5 43
10 51
10 20
10 39
10 50
10 55
25 55
1 55
34 55
21 55
2 12
7 32
24 32
12 32
32 56
32 58
16 18
18 21
18 32
4 18
32 33
33 53
3 8
3 21
3 32
17 51
17 48
8 17
3 17
17 39
17 35
2 32
32 35
2 56
47 56
35 56
2 41
2 48
2 46
2 30
2 55
10 21
21 43
21 39
43 44
30 43
9 43
44 54
40 54
6 44
35 44
6 49
23 49
8 59
14 38
4 14
38 59
4 38
36 38
16 36
29 59
53 59
16 29
1 46
35 46
1 39
1 11
11 34
11 53
11 20
4 58
16 41
16 31
5 41
41 53
5 35
5 39
5 31
31 34
23 27
23 45
23 30
23 40
27 53
27 30
9 30
40 51
35 51
40 50
40 45
13 40
4 13
26 48
9 48
20 37
15 20
20 25
25 50
9 47
4 9
47 57
4 57
35 57
15 35
4 15
15 53
15 39
28 53
47 53
28 50
4 28
47 50
12 47
24 39
22 39
39 47
7 39
0 39
