60 354
4 18
12 18
4 33
18 32
32 33
4 58
12 58
32 58
18 30
30 33
30 58
5 18
5 33
4 5
18 20
20 33
20 58
5 20
20 51
4 52
18 37
37 58
37 51
37 52
18 46
33 46
46 58
5 46
46 51
46 52
4 46
46 59
18 56
33 56
56 58
52 56
46 56
4 56
3 56
4 25
18 36
33 36
5 36
25 36
36 46
36 37
27 36
15 25
15 31
15 27
14 18
14 33
14 58
14 51
14 46
14 31
16 50
13 18
13 58
5 13
4 53
18 34
33 34
34 58
34 53
34 56
34 37
21 46
21 37
21 32
5 10
10 51
10 46
10 21
10 27
10 54
40 51
40 53
25 40
37 40
13 40
30 40
40 43
5 39
39 51
25 39
39 56
13 39
39 54
39 40
17 18
17 33
17 58
5 17
17 51
17 53
17 46
17 37
17 50
17 54
17 32
50 55
54 55
32 55
55 59
5 48
48 53
48 56
37 48
48 50
43 48
13 38
38 54
3 38
24 50
24 43
24 38
24 55
1 56
1 31
1 50
1 30
1 40
1 17
1 16
9 27
9 43
9 40
9 55
1 9
2 21
2 54
25 44
37 44
21 44
14 44
41 44
26 59
26 34
0 26
26 44
28 43
20 28
0 28
28 59
28 44
5 45
45 51
45 46
45 56
27 45
14 45
40 45
45 55
28 45
3 45
39 45
5 22
22 53
22 25
22 37
21 22
22 30
22 32
20 22
22 28
7 28
7 44
7 39
4 7
7 24
7 22
10 22
47 49
39 49
3 47
24 47
22 47
36 47
47 48
12 22
22 45
27 35
14 35
35 41
6 32
6 11
6 15
3 6
6 36
6 10
6 24
27 42
42 54
41 42
17 42
16 42
2 42
6 42
21 29
29 30
29 43
16 29
15 29
19 38
16 19
9 19
19 44
19 29
2 19
12 19
19 34
29 42
10 29
29 36
0 29
32 57
20 57
16 57
3 57
42 57
34 57
35 57
36 57
42 48
11 35
35 44
35 59
35 39
35 45
4 35
8 21
8 54
8 40
8 20
8 9
2 8
8 59
8 34
8 45
8 12
0 44
23 25
23 37
23 50
14 23
23 38
20 23
9 23
23 44
23 24
23 34
23 48
0 23
2 41
2 55
2 9
2 10
2 59
9 10
1 4
1 3
1 15
1 24
4 24
36 38
16 38
12 38
38 48
48 55
16 48
48 59
0 48
17 55
17 39
17 36
10 17
4 17
34 39
0 39
10 40
20 40
4 10
0 21
21 30
21 34
14 34
32 34
15 34
13 53
0 53
13 56
13 31
13 27
13 20
13 32
13 30
13 59
13 43
12 13
16 43
20 43
15 43
3 16
14 50
4 50
0 50
14 30
14 36
3 14
14 15
15 20
12 15
15 36
27 54
3 27
3 36
25 54
12 25
31 54
4 54
12 31
4 31
3 31
0 56
32 56
56 59
30 59
12 59
20 46
37 46
30 46
4 37
20 37
32 52
20 52
30 52
12 52
12 20
5 12
5 32
5 30
30 51
0 30
12 30
30 32
32 51
4 32
0 32
12 33
12 51
4 12
4 51
0 51
