60 708
20 58
28 58
20 28
27 28
14 58
14 20
14 27
24 58
20 24
24 28
19 58
19 20
19 27
19 24
22 28
14 22
19 22
15 58
15 20
15 27
15 24
15 22
2 28
2 19
2 14
2 15
43 58
20 43
27 43
24 43
22 43
2 43
15 43
57 58
20 57
24 57
15 57
28 57
14 57
19 57
48 58
20 48
24 48
22 48
15 48
48 57
1 58
1 20
1 27
1 24
1 22
1 15
1 57
1 28
1 14
1 19
21 58
20 21
21 27
21 24
21 22
2 21
15 21
21 57
1 21
28 50
19 50
14 50
13 58
13 20
13 24
13 22
13 15
13 57
1 13
13 50
0 13
28 29
19 29
14 29
52 58
20 52
24 52
22 52
15 52
52 57
48 52
29 52
28 59
19 59
14 59
47 58
20 47
0 47
47 59
28 47
19 47
14 47
13 47
7 58
7 20
7 27
7 24
7 22
2 7
7 15
7 57
1 7
7 50
7 48
7 29
7 47
7 28
4 58
4 20
4 50
4 29
0 53
29 53
28 53
19 53
14 53
6 53
19 36
14 36
40 58
20 40
24 40
22 40
2 40
15 40
40 57
1 40
0 40
29 40
40 47
36 40
4 40
11 58
11 20
11 24
11 22
11 15
11 57
11 48
28 49
14 49
19 49
9 20
1 9
9 50
9 49
9 59
9 36
17 48
17 29
17 53
17 47
14 17
17 19
45 58
20 45
24 45
15 45
45 57
1 45
45 50
45 59
45 47
28 45
17 45
51 58
20 51
24 51
22 51
15 51
1 51
50 51
49 51
47 51
28 51
17 51
45 51
3 58
3 20
3 24
3 15
3 57
1 3
3 48
3 29
3 53
3 28
3 17
3 51
37 58
20 37
24 37
22 37
2 37
15 37
37 57
1 37
37 48
37 49
37 53
28 37
4 37
37 51
23 48
23 29
23 47
23 28
23 52
23 51
23 37
23 43
41 58
20 41
24 41
22 41
2 41
15 41
41 57
41 50
41 48
0 41
41 53
28 41
4 41
41 52
37 41
40 41
19 41
4 16
16 51
18 58
18 20
18 27
18 24
18 22
2 18
15 18
18 57
1 18
18 50
18 48
0 18
18 59
18 47
4 18
11 18
20 25
25 57
0 25
25 29
25 59
25 28
17 25
25 51
18 25
32 50
32 59
32 53
28 32
32 36
11 32
6 32
19 32
42 58
20 42
24 42
22 42
15 42
42 57
1 42
42 50
42 48
0 42
42 47
36 42
4 42
42 52
11 42
32 42
40 42
17 39
39 51
18 39
39 43
39 41
20 26
15 26
26 50
0 26
26 59
26 47
4 26
26 51
18 26
26 32
26 41
26 39
54 58
20 54
0 54
49 54
53 54
36 54
52 54
11 54
18 54
43 54
25 54
26 54
42 54
31 58
20 31
24 31
15 31
0 31
31 49
31 53
31 36
17 31
31 51
31 37
31 32
31 40
31 39
38 58
20 38
27 38
24 38
22 38
2 38
15 38
38 57
1 38
38 50
38 48
0 38
38 47
36 38
4 38
38 52
37 38
38 40
38 41
26 38
5 58
5 20
5 24
5 15
5 48
5 29
5 59
5 28
5 17
5 52
5 37
5 43
5 41
5 38
5 42
5 45
20 30
1 30
30 50
30 59
30 53
28 30
4 30
30 51
18 30
30 32
30 41
30 39
30 38
7 30
9 30
19 30
12 58
12 20
12 15
1 12
0 12
12 29
12 47
12 28
12 52
12 51
11 12
12 43
12 25
12 39
25 34
26 34
19 34
12 34
14 34
55 58
20 55
24 55
1 55
48 55
0 55
53 55
47 55
17 55
52 55
18 55
43 55
25 55
39 55
34 55
30 55
14 55
46 47
36 46
17 46
11 46
18 46
40 46
25 46
39 46
42 46
45 46
14 46
16 46
46 55
23 46
9 46
21 46
12 46
0 56
49 56
53 56
36 56
4 56
52 56
37 56
32 56
40 56
38 56
42 56
45 56
14 56
46 56
21 56
6 56
23 56
9 56
7 56
8 17
8 51
8 18
8 43
8 25
8 39
8 42
8 45
3 8
8 19
8 21
4 33
11 33
18 33
32 33
33 41
26 33
33 34
31 33
14 33
16 33
21 33
35 58
20 35
24 35
22 35
15 35
35 57
35 48
29 35
35 59
28 35
35 36
35 51
35 37
32 35
25 35
26 35
35 38
31 35
14 35
19 35
21 35
33 35
13 35
35 55
12 35
10 58
10 20
10 15
1 10
10 50
10 49
10 53
10 36
10 17
10 51
10 11
10 32
10 41
10 39
10 34
10 31
10 14
10 16
37 44
40 44
25 44
38 44
42 44
31 44
3 44
19 44
10 44
6 44
5 44
44 54
7 44
44 55
5 10
10 13
10 35
7 10
10 54
12 33
33 54
6 33
8 33
8 56
8 54
8 23
7 8
5 55
13 55
9 55
54 55
21 34
23 34
9 34
7 34
12 30
3 12
12 21
12 13
9 12
12 23
5 30
30 54
3 30
16 30
5 19
5 13
5 9
5 7
19 38
21 38
6 38
3 38
31 38
31 45
6 31
23 31
31 54
14 31
19 54
7 54
23 26
26 45
7 26
16 26
3 26
9 39
13 39
39 42
16 42
42 45
13 42
6 42
3 32
32 45
32 43
25 32
25 41
7 25
25 45
14 25
14 18
13 18
16 18
18 19
9 18
16 40
16 41
16 45
16 21
16 19
6 16
7 16
21 41
23 41
3 23
21 23
6 23
9 23
37 43
3 37
7 37
37 45
21 37
37 40
3 40
3 45
3 9
3 13
3 6
6 51
13 45
21 45
17 52
4 17
9 17
9 52
9 43
9 40
6 9
43 49
11 49
11 47
11 28
4 11
11 52
11 19
11 14
7 11
11 13
11 40
6 11
13 40
14 40
6 40
6 36
36 43
21 36
6 52
6 13
21 53
43 53
4 53
4 28
4 13
4 19
4 7
7 43
7 14
52 59
28 52
14 52
43 52
21 52
13 29
13 28
13 43
13 19
48 50
43 50
21 50
21 48
0 21
21 28
21 43
1 48
1 43
28 48
19 48
14 48
0 48
43 48
43 57
0 57
28 43
14 43
15 28
15 19
14 15
0 15
0 19
19 28
14 19
14 24
0 14
14 28
0 28
0 20
0 58
