60 354
9 10
3 40
10 40
9 30
30 40
2 3
2 10
1 9
1 40
1 2
3 38
10 38
1 38
30 38
9 24
24 40
2 24
24 38
10 24
3 4
1 4
2 47
38 47
10 49
3 49
30 49
1 49
40 57
2 57
49 57
4 57
49 56
3 18
1 18
18 30
10 16
16 18
3 29
10 34
18 34
29 34
34 57
3 32
35 40
2 35
10 35
18 35
32 35
6 40
2 6
6 10
4 6
6 29
3 6
6 24
10 51
49 51
51 56
6 51
44 51
56 59
57 59
44 59
51 59
43 58
10 36
4 36
0 36
6 36
36 43
22 47
21 32
21 57
21 30
21 22
10 20
4 20
20 29
3 17
5 29
5 17
55 56
55 57
5 55
19 29
0 19
19 55
10 13
13 49
13 56
6 13
13 55
13 14
13 20
13 16
9 42
10 42
42 49
4 42
32 42
42 57
30 42
14 42
20 42
13 42
29 39
6 39
39 55
39 51
20 39
39 58
24 39
5 39
21 39
26 35
26 58
26 39
5 26
26 59
26 42
1 26
3 8
8 13
8 19
40 46
10 46
46 49
4 46
32 46
6 46
44 46
22 46
3 46
23 35
12 44
12 51
25 29
25 57
25 30
25 53
1 53
12 25
25 34
3 25
9 54
10 54
49 54
4 54
0 54
54 57
44 54
43 54
25 54
54 58
9 52
10 52
49 52
18 52
52 56
17 52
52 55
14 52
20 52
12 52
23 52
11 25
11 12
11 52
11 36
11 21
28 35
28 34
16 28
5 28
11 28
10 15
15 18
15 56
15 17
15 55
15 22
3 15
13 15
15 16
15 46
15 59
3 31
12 31
16 31
5 31
11 31
15 31
24 31
31 47
15 28
32 50
50 57
30 50
50 51
45 50
50 58
16 50
30 33
33 43
33 45
23 33
19 33
33 36
33 50
33 46
5 33
7 35
7 34
7 19
7 33
7 42
7 21
19 27
27 52
27 59
27 42
7 27
8 27
7 50
3 48
13 48
23 48
37 40
2 37
10 37
37 49
37 56
6 37
37 44
22 37
35 37
34 37
19 37
36 37
37 48
37 42
37 47
37 59
48 50
48 54
48 59
24 48
15 50
8 50
28 54
1 28
10 41
18 41
41 56
6 41
30 41
22 41
35 41
13 41
16 41
41 46
11 41
41 47
24 41
41 54
1 52
52 54
47 52
5 54
47 54
25 47
1 25
16 25
12 35
12 19
5 12
12 23
23 46
23 36
16 23
39 46
8 46
24 46
8 26
8 21
39 42
42 47
13 21
14 19
19 45
19 59
24 55
44 55
30 55
3 55
5 51
5 20
17 44
17 20
20 30
20 51
20 45
20 21
20 36
21 36
1 21
22 36
22 24
36 58
1 36
34 43
35 43
51 58
45 58
34 58
47 58
45 59
34 59
16 51
3 51
6 16
6 35
35 44
3 35
24 32
32 44
1 44
34 44
1 34
24 34
16 29
29 30
16 30
18 56
3 56
56 57
1 56
47 56
47 57
1 57
30 57
47 49
4 47
30 47
4 24
4 30
3 24
1 24
1 10
2 30
10 30
3 10
3 9
0 3
