60 354
0 5
28 48
37 51
28 37
8 48
8 37
26 51
26 28
8 26
19 48
19 37
19 26
25 28
25 51
8 25
43 48
37 43
26 43
25 43
9 28
9 51
9 12
28 58
51 58
25 32
32 58
39 48
16 28
16 51
7 26
7 16
7 39
16 57
42 43
11 42
31 48
31 58
31 39
11 31
31 57
5 31
10 48
10 37
10 25
10 58
10 39
10 57
0 10
39 45
11 45
45 57
13 37
13 58
13 39
13 42
13 45
5 13
10 13
3 13
3 51
7 35
8 35
14 35
4 19
4 12
4 35
4 32
10 47
13 47
14 47
4 47
1 26
1 58
1 16
1 11
17 50
17 45
7 17
0 46
45 46
17 46
46 51
1 53
23 24
15 23
7 15
15 17
8 15
41 57
7 41
17 41
13 41
10 30
30 41
30 53
30 33
44 48
44 58
39 44
11 44
44 57
44 45
17 44
13 44
48 55
37 55
26 55
16 55
39 55
11 55
55 57
5 55
10 55
8 55
14 21
21 31
39 52
11 52
0 52
5 52
7 52
13 52
21 52
34 41
29 34
22 34
38 55
39 56
11 56
50 56
45 56
17 56
51 56
53 56
33 56
3 56
10 54
8 54
53 54
54 56
1 54
46 54
38 54
31 54
47 54
25 36
36 58
36 42
36 57
23 36
5 36
17 36
36 51
36 41
36 56
19 36
6 22
6 32
6 31
6 36
27 55
24 27
12 27
17 49
41 49
49 55
49 56
22 49
46 49
27 49
38 49
28 49
32 49
6 27
27 30
27 28
21 59
29 59
3 59
46 59
27 59
15 59
40 42
11 40
0 40
5 40
7 40
40 51
40 55
24 40
1 40
40 43
7 18
8 18
18 21
18 29
18 22
18 32
18 36
18 35
18 40
18 20
40 59
30 40
36 40
28 59
6 38
36 54
35 36
28 56
38 56
22 38
15 38
38 44
22 46
34 43
2 39
2 11
2 57
2 5
2 13
2 41
2 55
2 24
2 19
2 46
2 34
2 47
2 52
2 31
34 44
20 34
28 34
29 52
15 29
29 43
12 52
3 52
44 52
31 52
28 52
20 21
21 28
21 55
44 55
12 55
33 44
3 44
43 44
30 44
24 33
12 30
3 30
30 35
20 41
32 41
15 41
15 19
15 43
15 20
15 35
20 23
24 45
17 24
8 24
24 53
20 24
24 46
1 24
46 53
3 46
8 17
12 50
1 50
1 5
1 7
1 51
1 43
1 32
1 28
1 47
43 47
20 47
31 47
4 31
19 35
32 35
3 14
14 43
14 19
3 12
13 19
13 28
13 51
12 45
10 45
32 45
7 45
20 45
10 32
10 43
10 12
10 20
10 31
8 31
12 31
11 19
11 51
8 11
11 43
28 42
20 42
42 51
32 42
12 42
20 57
19 20
20 32
7 57
28 57
51 57
19 57
0 7
7 43
7 8
16 19
16 39
8 16
12 16
39 51
28 39
32 39
19 39
0 32
32 51
8 58
43 58
12 58
8 12
12 19
9 19
8 9
9 43
0 43
8 43
19 25
5 19
19 51
0 8
0 28
5 28
28 51
48 51
5 51
