60 354
0 41
0 56
33 56
0 53
33 53
9 53
0 39
33 39
9 39
39 53
39 41
39 56
0 10
10 33
9 10
10 39
5 56
5 41
5 53
0 51
33 51
9 51
39 51
5 51
7 39
0 23
23 33
9 23
23 39
32 56
32 53
32 41
23 32
32 57
5 57
0 49
33 49
39 49
5 49
7 49
49 53
24 49
0 34
23 34
34 49
20 34
3 7
35 38
27 38
38 50
38 57
3 38
5 37
23 37
37 49
39 59
5 59
35 59
21 59
11 32
11 23
11 35
4 57
4 11
0 30
9 30
30 39
5 30
30 49
4 30
21 30
30 57
3 30
39 52
7 52
49 52
20 52
50 52
6 53
6 52
13 15
50 54
13 54
0 26
26 33
26 32
23 26
7 26
20 26
37 58
18 35
18 27
18 58
18 54
0 14
9 14
14 32
14 23
7 14
14 20
14 21
14 57
14 59
14 40
18 40
10 40
26 40
24 31
31 53
3 19
19 52
19 41
19 51
19 31
48 49
21 48
15 48
48 54
14 48
48 52
5 44
23 44
7 44
27 44
44 50
44 54
44 59
16 50
16 57
2 59
21 47
36 50
36 37
10 36
36 56
36 51
46 58
36 46
46 59
46 52
24 46
46 51
46 56
13 46
22 39
22 23
22 35
22 27
22 50
22 36
16 22
18 22
22 24
28 49
4 28
15 28
28 57
14 28
42 59
42 52
0 43
33 43
39 43
23 43
35 43
27 43
15 43
43 54
2 43
42 43
43 44
43 53
43 47
43 48
8 42
8 26
8 30
8 38
8 40
8 43
13 43
28 42
10 42
3 45
42 45
41 45
45 47
45 56
38 45
15 25
25 57
2 25
16 25
10 25
25 53
25 30
29 58
29 54
3 29
1 29
29 44
28 29
29 31
29 34
25 29
12 39
5 12
12 35
12 27
12 15
12 54
12 14
12 18
12 24
12 51
12 37
12 29
11 12
12 40
25 45
25 34
11 45
13 42
24 28
22 28
28 51
28 38
28 47
22 30
22 46
13 22
11 22
40 46
36 41
36 47
0 55
9 55
39 55
7 55
49 55
27 55
15 55
36 55
14 55
16 55
41 55
53 55
30 55
26 55
37 55
55 56
2 47
18 47
44 47
47 48
30 47
2 26
2 11
2 53
2 16
16 44
13 16
16 18
16 34
38 44
44 48
44 53
48 56
38 48
19 48
13 19
19 34
31 40
31 34
14 41
14 18
18 56
18 51
26 58
10 58
24 58
11 58
26 54
26 52
26 53
26 34
11 26
54 59
13 17
13 51
17 52
30 52
52 53
10 30
4 10
4 27
11 15
1 11
11 41
11 37
15 59
15 53
51 59
37 59
10 59
21 37
21 51
21 57
21 41
21 56
1 37
10 37
37 56
37 38
1 38
1 41
1 24
35 51
35 56
27 35
3 27
27 56
27 41
3 50
3 57
3 56
3 34
3 24
50 51
34 50
34 57
34 41
20 53
20 24
24 57
24 41
49 57
41 49
23 53
23 56
23 41
7 23
10 23
7 51
7 56
7 41
7 53
7 10
10 51
5 10
10 56
9 41
9 56
33 41
