60 354
17 50
17 19
34 50
19 34
9 34
9 17
50 53
19 53
9 53
3 53
3 34
3 17
50 55
3 55
29 50
19 29
9 29
3 29
29 34
29 53
17 29
13 29
48 53
34 48
17 48
12 29
12 48
3 14
14 48
55 57
34 57
17 57
53 57
37 57
17 37
34 49
29 30
30 48
30 53
30 49
3 16
16 48
16 57
16 17
16 32
8 19
8 9
3 8
17 27
27 53
27 34
1 50
1 19
1 9
1 3
1 29
1 27
1 53
1 14
40 50
19 40
29 40
40 48
40 53
18 50
3 18
18 29
18 27
18 57
43 50
9 43
3 43
43 48
43 53
18 43
38 43
32 43
13 43
21 57
17 21
10 53
10 18
10 21
8 10
10 40
10 23
23 34
21 42
40 42
13 42
23 42
36 50
19 36
9 36
3 36
29 36
36 48
14 36
17 36
21 36
36 58
45 57
18 45
21 45
45 58
31 45
23 45
44 50
19 44
3 44
27 44
44 53
18 44
21 44
32 44
33 53
17 33
33 38
33 58
7 33
1 33
2 31
24 31
24 43
0 24
2 24
22 40
22 24
14 26
17 26
26 38
8 26
15 55
13 15
14 35
18 35
35 49
35 40
15 35
35 45
2 35
4 7
1 4
4 26
14 47
17 47
47 49
8 47
13 47
1 47
26 47
12 47
2 11
11 47
11 12
40 52
10 52
26 52
30 52
11 52
16 52
7 39
39 45
36 39
4 39
16 39
5 43
5 10
5 45
5 30
5 42
5 34
5 39
20 29
20 27
20 53
17 20
20 21
20 58
20 31
20 43
20 26
0 20
4 20
5 20
7 56
24 56
55 56
30 56
37 56
31 59
10 59
55 59
0 59
37 59
56 59
53 54
18 54
49 54
40 54
13 54
43 54
54 55
44 54
16 54
54 59
21 25
8 25
13 25
1 25
25 36
25 44
4 25
25 34
25 54
25 33
19 41
9 41
29 41
41 48
41 57
18 41
41 49
8 41
31 41
10 41
36 41
30 41
11 41
41 59
41 54
28 41
20 56
42 46
12 46
6 49
6 40
6 43
6 10
2 6
0 6
3 51
27 51
14 51
17 51
49 51
51 58
15 51
23 51
2 51
0 51
22 51
35 51
34 51
6 51
6 12
6 39
6 46
46 56
20 22
39 52
33 52
11 33
16 47
4 47
42 47
4 35
12 35
22 35
33 35
15 26
15 30
1 26
26 44
22 26
22 44
22 28
24 36
12 24
2 34
2 33
33 44
7 37
7 44
44 45
28 44
30 45
0 45
30 58
31 58
37 58
31 36
16 36
36 42
30 36
37 42
28 42
16 23
10 37
13 21
12 21
21 28
28 32
28 43
1 28
28 55
28 34
34 43
18 40
8 18
12 18
17 18
38 40
34 40
12 40
8 38
1 38
38 55
34 38
1 8
1 13
1 55
8 27
27 31
8 57
8 12
8 16
8 13
13 16
16 37
30 32
32 55
30 34
31 49
37 49
37 55
0 37
14 57
12 14
14 17
14 31
13 14
14 55
12 55
13 48
13 53
29 31
29 55
53 55
34 53
9 31
17 31
31 50
0 31
