60 354
18 54
51 54
18 51
54 59
51 59
1 18
1 59
30 54
30 51
1 30
26 51
1 26
18 26
26 59
33 54
33 51
1 33
26 33
18 55
55 59
33 55
30 55
9 54
9 51
1 9
9 26
9 55
1 10
10 55
10 18
10 59
10 33
10 30
19 51
10 19
18 58
58 59
30 58
33 58
39 58
18 44
44 59
17 51
17 26
10 17
17 44
17 18
4 17
7 26
7 55
7 58
40 54
40 51
1 40
26 40
18 40
40 59
22 40
22 44
3 19
16 18
16 59
36 51
26 36
18 27
27 59
27 30
27 33
27 50
16 50
3 50
18 50
21 50
7 21
18 21
54 56
51 56
1 56
26 56
55 56
10 56
19 56
16 56
50 56
18 48
32 51
26 32
32 58
32 40
17 32
32 48
33 43
53 54
51 53
1 53
10 53
53 58
44 53
3 38
18 38
38 39
9 38
19 46
44 46
38 46
46 50
3 14
29 54
29 51
26 29
10 29
19 29
16 29
29 38
18 24
9 24
24 29
24 53
24 36
17 35
24 35
29 35
31 35
19 37
37 40
17 37
37 50
14 37
31 37
17 47
29 47
14 47
25 29
11 14
11 25
11 37
27 57
16 57
38 57
50 57
8 51
8 26
8 19
8 40
8 17
7 8
8 39
8 57
8 59
8 9
6 58
6 40
6 17
6 7
6 8
6 31
6 20
42 54
42 51
1 42
26 42
42 55
10 42
27 42
40 42
17 42
7 42
29 42
21 49
42 49
36 49
21 52
49 52
39 52
52 53
32 52
19 23
23 40
3 23
23 48
23 29
23 43
23 47
23 53
23 52
8 13
13 56
13 47
15 21
15 56
15 39
2 38
2 7
2 21
2 31
2 59
2 15
2 30
2 35
2 23
2 18
15 53
15 57
0 15
13 15
5 13
9 13
13 35
13 22
5 11
5 23
42 45
45 53
0 45
5 45
22 45
12 14
12 56
12 37
12 57
12 52
11 12
12 45
12 18
4 23
18 52
30 49
21 41
41 49
41 59
41 53
32 41
33 41
18 41
22 41
22 49
32 49
42 59
33 42
32 42
9 42
28 42
20 28
28 46
9 28
6 28
34 38
34 48
34 43
31 34
34 39
28 34
30 34
34 35
6 34
34 46
4 20
20 36
6 32
6 9
6 46
8 18
8 36
31 57
39 57
30 57
35 57
11 57
0 11
4 11
25 33
25 39
25 47
4 25
9 25
25 59
47 59
46 47
37 47
35 47
37 53
30 37
22 37
18 35
18 29
14 29
29 39
14 18
14 46
0 14
14 22
46 56
30 46
36 46
38 53
43 53
53 56
4 43
32 43
0 32
4 32
48 56
30 48
21 56
18 56
0 56
21 30
7 50
0 50
22 50
27 36
16 36
3 36
36 59
30 36
9 36
33 36
16 30
0 16
3 16
3 18
3 33
3 30
3 22
3 59
9 22
22 33
30 40
7 40
33 40
7 18
7 33
4 7
7 59
4 39
4 33
0 17
39 44
9 44
18 39
19 58
18 19
19 59
19 33
9 19
9 10
0 10
0 55
0 33
26 30
0 1
0 59
0 51
0 54
