60 531
10 47
10 58
10 22
22 58
33 47
22 33
10 26
26 58
26 33
11 47
11 26
11 22
10 21
21 58
21 33
11 21
14 22
14 47
14 26
10 45
45 58
33 45
11 45
14 45
6 10
6 58
6 33
6 11
6 14
6 26
6 22
6 47
6 21
10 19
19 58
19 33
11 19
14 19
6 19
15 26
15 22
15 47
15 19
15 45
15 21
10 16
16 58
16 33
11 16
14 16
6 16
15 16
16 19
10 34
34 58
11 34
6 18
18 19
18 26
18 47
18 22
10 43
43 58
6 43
18 43
34 43
8 34
8 21
25 33
19 25
25 34
8 25
4 10
4 33
4 14
4 19
4 34
4 28
14 27
15 27
18 27
21 27
27 45
10 37
37 58
33 37
11 37
6 37
15 37
18 37
22 51
47 51
26 51
34 48
48 51
27 48
27 53
1 9
9 51
9 53
10 38
38 58
33 38
11 38
14 38
19 38
1 38
8 38
27 38
10 49
49 58
14 49
19 49
34 49
8 49
49 53
37 49
34 39
21 39
39 53
39 49
18 32
8 32
27 32
11 30
19 30
30 34
8 30
27 30
30 49
5 10
5 58
5 33
5 11
5 14
5 6
5 15
5 19
5 18
5 21
5 27
5 30
5 9
5 47
38 50
39 50
5 50
13 33
13 19
1 13
8 13
13 28
13 30
13 47
32 46
6 52
18 52
1 52
51 52
27 52
49 52
32 52
46 52
10 54
54 58
33 54
11 54
14 54
19 54
1 54
51 54
28 54
49 54
9 54
39 54
43 54
52 54
45 54
37 54
2 33
2 18
1 2
2 21
2 28
2 38
2 9
2 46
2 54
2 13
44 54
13 44
10 23
23 58
6 23
15 23
1 23
8 23
23 28
23 49
9 23
23 39
5 23
41 53
30 41
32 41
41 46
41 54
25 41
27 42
42 53
38 42
42 46
6 7
7 15
1 7
7 8
7 28
7 49
7 32
7 39
7 59
7 23
7 26
10 24
24 58
24 33
11 24
6 24
19 24
1 24
24 51
24 27
24 49
24 38
24 46
24 54
1 55
21 55
27 55
49 55
9 55
39 55
55 59
5 12
12 55
12 26
18 36
21 36
28 36
36 49
36 38
36 47
36 59
36 55
23 36
31 52
31 36
6 40
15 40
34 40
21 40
40 53
30 40
9 40
40 47
40 54
13 40
26 40
31 40
32 35
35 39
35 59
13 35
23 35
35 52
6 29
18 29
21 29
8 29
29 53
29 30
9 29
29 47
29 59
29 41
23 29
29 52
10 20
20 58
20 33
11 20
14 20
6 20
15 20
19 20
18 20
8 20
20 53
20 38
20 32
20 46
5 20
20 41
20 26
20 29
3 29
3 16
3 12
10 17
17 58
14 17
15 17
17 34
17 21
17 28
17 30
17 38
17 47
17 59
13 17
17 44
17 36
3 17
17 43
24 57
36 57
25 57
12 57
6 56
18 56
1 56
51 56
28 56
30 56
9 56
46 56
5 56
55 56
23 56
36 56
3 56
7 56
56 57
0 56
50 56
2 56
2 57
48 57
17 57
17 42
17 40
0 17
3 20
20 43
20 37
0 20
20 48
20 22
29 43
0 29
4 29
29 35
35 43
2 35
35 40
35 45
35 37
7 40
16 40
4 40
40 50
31 42
31 37
4 31
12 36
25 36
2 36
12 43
0 12
12 37
12 45
13 55
48 55
25 55
0 55
24 55
22 55
24 26
24 50
24 45
24 42
24 48
7 24
0 24
7 25
4 7
7 22
2 7
42 59
0 59
41 42
25 42
42 45
42 48
22 42
4 42
41 45
37 41
4 41
23 41
26 41
23 43
23 37
23 44
16 44
2 44
44 52
22 44
0 44
43 44
2 4
2 50
22 54
13 52
16 52
50 52
45 52
22 52
26 46
46 48
13 46
45 46
5 13
13 50
13 16
25 50
45 50
16 50
5 48
5 26
5 16
4 5
26 30
25 30
0 30
30 43
30 32
32 47
32 39
32 45
25 32
9 32
0 32
39 47
16 39
0 39
37 39
39 43
38 49
45 49
22 49
9 38
16 38
22 38
26 38
38 48
9 43
9 37
4 9
26 53
22 53
47 53
4 53
48 53
26 48
25 48
43 48
22 48
37 51
27 37
16 37
22 37
0 37
27 47
4 27
4 47
4 26
4 45
28 47
28 43
16 28
25 28
0 28
25 47
25 26
22 25
8 43
8 26
8 22
8 45
16 43
18 34
1 18
22 34
34 47
26 34
21 34
34 45
16 34
16 21
16 47
16 45
1 15
19 47
19 22
19 26
19 45
19 21
6 45
14 21
21 47
21 26
21 22
0 21
1 26
1 22
22 47
47 58
1 47
1 10
0 1
