60 708
16 28
28 32
16 59
32 59
16 19
19 32
19 28
19 59
16 36
32 36
19 36
16 31
19 31
28 31
31 59
16 42
32 42
19 42
31 42
16 41
19 41
28 41
41 59
12 16
12 32
12 19
12 31
12 41
7 16
7 32
7 19
7 31
7 41
7 28
7 59
0 7
7 42
7 36
7 12
16 45
32 45
19 45
31 45
41 45
7 45
13 16
13 32
13 19
13 31
13 41
7 13
13 28
13 59
13 36
0 13
12 13
13 42
6 16
6 32
6 19
6 31
6 41
6 7
6 13
10 28
10 59
10 36
10 12
0 10
10 42
10 45
6 10
9 16
9 32
9 19
9 31
9 41
7 9
9 13
9 10
9 36
13 57
28 57
57 59
0 57
42 57
12 57
6 57
45 57
16 25
25 32
19 25
25 31
25 41
7 25
13 25
10 25
25 36
25 57
13 53
28 53
53 59
42 53
0 53
12 53
45 53
6 53
25 53
9 53
13 40
40 53
6 40
16 26
19 26
26 41
13 26
26 36
26 53
4 16
4 32
4 19
4 7
4 10
4 36
4 6
4 28
4 59
4 12
4 42
0 4
4 45
16 29
29 32
19 29
29 31
29 41
13 29
29 36
6 29
4 29
26 29
19 27
7 27
27 36
27 57
6 27
10 34
34 57
26 34
19 48
13 48
36 48
48 57
26 48
28 48
48 59
0 48
12 48
42 48
28 51
51 59
42 51
12 51
0 51
45 51
33 51
25 51
3 16
3 32
3 19
3 31
3 41
3 7
3 13
3 10
3 36
3 57
3 51
3 26
3 59
3 33
18 27
22 28
2 16
2 32
2 19
2 31
2 41
2 13
2 36
2 57
2 6
2 48
36 44
44 53
4 44
34 44
44 59
28 44
42 44
10 49
36 49
6 49
48 49
44 49
22 49
12 49
16 30
19 30
30 31
7 30
30 36
30 53
6 30
30 34
27 30
30 33
12 30
31 35
7 35
35 36
35 57
6 35
26 35
35 59
35 44
12 23
23 29
46 59
22 46
23 46
8 16
8 19
8 41
7 8
8 36
8 53
4 8
8 48
8 27
8 22
8 23
44 50
33 50
8 50
30 50
16 52
32 52
19 52
31 52
41 52
7 52
10 52
6 52
26 52
34 52
27 52
44 52
12 52
8 52
50 52
16 39
32 39
19 39
7 39
36 39
39 53
26 39
34 39
27 39
22 39
18 39
8 39
39 52
4 15
15 48
15 44
15 33
15 18
15 40
0 15
14 59
14 18
12 14
14 40
14 25
14 35
16 47
32 47
19 47
7 47
10 47
47 57
4 47
26 47
44 47
22 47
12 47
40 47
0 47
14 47
24 51
24 59
24 27
24 33
23 24
24 30
24 52
24 28
24 50
24 42
24 45
16 55
19 55
7 55
13 55
10 55
53 55
4 55
48 55
55 59
44 55
12 55
8 55
0 55
28 55
24 55
5 10
5 6
4 5
5 48
5 44
5 33
5 18
5 40
5 52
5 28
5 45
54 59
33 54
18 54
8 54
52 54
15 54
28 54
9 54
38 51
38 48
38 59
33 38
12 38
38 40
0 38
28 38
38 54
25 38
3 38
16 43
32 43
19 43
31 43
41 43
7 43
36 43
43 53
4 43
43 48
43 59
22 43
18 43
8 43
40 43
28 43
24 43
10 37
37 53
6 37
26 37
27 37
18 37
12 37
37 40
37 52
14 37
28 37
37 54
11 26
11 48
11 27
11 22
11 23
11 30
0 11
11 14
11 45
11 37
5 11
11 43
1 23
1 30
0 1
1 15
1 45
1 37
1 42
1 11
1 55
16 20
20 32
19 20
20 31
20 41
7 20
13 20
10 20
20 36
20 57
4 20
20 34
20 27
20 33
20 23
20 30
20 52
14 20
20 45
20 37
20 42
20 43
20 55
19 58
13 58
36 58
57 58
6 58
48 58
27 58
44 58
12 58
8 58
52 58
28 58
54 58
25 58
3 58
46 58
20 58
35 58
1 58
38 58
9 58
29 58
20 50
1 20
20 35
2 20
1 38
16 56
32 56
19 56
31 56
41 56
7 56
13 56
53 56
6 56
34 56
27 56
33 56
18 56
30 56
0 56
15 56
24 56
37 56
42 56
43 56
49 56
16 21
21 32
19 21
21 31
21 41
7 21
21 36
21 57
21 51
21 34
21 59
21 33
21 23
21 30
21 52
15 21
21 24
21 25
21 42
11 21
21 49
21 38
21 56
21 47
21 50
9 21
47 56
1 56
2 56
9 56
1 2
11 39
11 35
11 55
11 47
2 37
37 39
37 43
37 50
3 43
43 55
43 49
29 43
38 43
38 49
9 38
38 39
39 54
17 59
17 18
12 17
17 40
17 52
14 17
17 54
17 25
17 42
17 46
17 55
17 35
17 50
17 47
17 29
17 39
5 54
29 54
49 54
5 9
5 55
5 29
3 5
2 5
5 35
5 49
3 55
9 55
29 55
24 25
24 47
24 49
25 47
42 47
46 47
47 50
29 47
2 14
14 45
14 29
14 46
14 15
15 49
15 50
15 39
15 28
15 42
3 15
3 39
39 49
35 39
39 50
2 39
45 52
28 52
42 50
46 50
2 50
8 25
8 42
0 8
8 40
2 8
8 46
0 46
45 46
25 46
42 46
3 46
9 46
2 46
0 23
23 25
23 35
23 45
23 28
30 35
35 40
35 45
25 35
35 49
29 35
28 30
30 49
9 30
29 30
30 45
0 49
2 49
0 44
33 44
2 44
12 44
2 22
2 18
2 40
2 45
0 22
22 40
22 45
9 22
18 22
18 28
12 18
3 18
18 42
3 40
0 3
3 45
3 25
3 9
33 48
28 33
25 33
33 42
29 33
34 48
28 34
34 59
34 42
12 34
0 34
34 45
9 34
25 34
27 34
27 59
27 28
27 45
27 29
27 40
29 40
29 45
9 29
4 26
4 9
26 28
26 59
0 26
12 26
26 42
26 45
26 40
12 40
6 25
25 59
25 28
25 42
9 57
6 9
9 59
9 12
0 9
9 28
6 36
6 28
6 59
6 42
6 12
0 6
6 45
13 45
36 45
12 36
12 59
12 28
41 42
0 41
36 41
36 42
42 59
0 42
0 31
31 36
28 36
36 59
0 36
0 19
28 59
0 59
0 32
0 16
