60 354
24 34
24 40
40 59
10 40
24 57
57 59
10 57
5 34
5 40
5 57
21 24
21 59
10 21
5 21
12 40
12 34
12 57
3 24
3 59
3 10
3 5
3 12
3 40
8 57
8 34
8 32
3 16
10 14
14 40
8 14
14 16
38 46
6 59
6 12
6 40
6 8
6 46
1 59
1 10
1 40
1 8
1 57
16 52
40 53
16 53
46 53
52 53
56 59
5 56
40 56
43 57
34 43
38 43
24 29
29 59
10 29
5 29
29 40
29 43
29 57
1 29
6 29
8 49
16 49
46 49
13 16
13 28
6 13
13 49
17 38
17 49
17 35
14 17
17 21
11 49
7 38
44 57
28 44
6 44
7 44
44 53
23 58
38 47
47 56
47 58
3 47
4 59
4 40
4 8
4 16
4 57
4 28
4 38
4 47
4 35
4 21
4 56
4 29
4 13
24 26
26 59
10 26
5 26
12 26
26 40
8 26
26 43
26 57
26 52
6 26
26 47
24 31
31 59
10 31
5 31
31 40
31 43
31 57
1 31
23 31
31 47
11 31
31 53
31 58
22 40
8 22
22 57
22 52
22 38
7 22
22 31
22 53
14 22
6 54
7 54
32 54
9 54
24 50
50 59
10 50
40 50
34 48
48 57
48 50
21 48
16 50
46 50
1 50
38 50
47 50
32 50
4 50
50 54
26 50
0 50
50 56
27 35
27 53
21 27
18 46
1 18
18 38
18 49
18 58
14 18
13 18
18 54
18 27
20 25
40 41
16 41
41 57
41 52
23 41
41 47
41 58
39 57
39 52
38 39
39 47
32 39
31 33
33 39
13 33
26 33
33 41
33 56
27 33
29 33
34 39
11 39
0 39
14 39
31 36
36 39
13 36
6 37
37 49
32 37
4 37
13 37
15 57
1 15
15 38
7 15
15 35
9 15
15 21
15 37
0 15
15 30
15 22
6 51
7 51
32 51
51 53
2 19
11 19
19 41
19 44
3 19
19 36
2 26
2 51
0 2
11 51
15 51
44 51
25 51
27 51
30 37
3 37
36 37
0 37
0 36
35 55
53 55
13 55
26 55
0 55
29 55
25 55
36 55
22 36
39 41
20 41
11 41
17 41
34 41
20 34
20 30
18 25
44 45
29 45
25 45
42 58
42 53
21 42
18 42
42 45
42 56
25 42
17 42
18 44
27 50
27 30
3 50
3 54
54 56
22 54
34 54
22 34
22 30
26 31
0 31
4 26
11 26
26 29
3 58
21 58
30 58
29 58
9 30
17 30
9 44
14 44
17 44
7 11
7 53
0 7
7 14
11 14
11 17
32 35
14 35
13 35
13 29
28 49
1 49
29 49
34 49
32 49
21 49
3 29
43 56
21 43
46 56
52 56
23 56
32 56
21 56
34 56
3 23
14 23
6 23
23 53
3 53
3 52
1 52
32 52
21 52
38 52
1 14
1 34
1 6
1 21
6 34
6 32
32 46
3 46
14 46
14 21
16 57
16 34
16 32
32 34
8 38
3 8
3 34
12 21
12 38
21 40
21 57
5 38
40 57
34 57
10 34
10 38
34 40
38 40
34 59
38 59
24 38
0 38
