60 885
10 17
10 42
1 17
1 42
0 1
17 52
42 52
0 52
10 52
17 38
38 42
0 38
38 52
2 10
2 38
1 2
17 56
42 56
0 56
52 56
2 56
39 52
2 39
10 39
38 39
1 39
17 53
42 53
0 53
52 53
2 53
39 53
10 16
16 38
1 16
16 56
16 53
17 55
42 55
0 55
52 55
2 55
39 55
16 55
17 44
42 44
0 44
44 52
2 44
39 44
16 44
10 44
38 44
1 44
44 53
44 56
44 55
17 41
41 42
0 41
41 52
2 41
39 41
16 41
41 44
41 56
17 22
22 42
0 22
22 52
2 22
22 39
16 22
22 44
10 22
1 22
22 38
22 53
22 55
17 46
42 46
0 46
46 52
2 46
39 46
16 46
44 46
46 56
22 46
22 34
10 34
34 38
1 34
34 53
34 41
34 46
34 55
9 17
9 42
0 9
9 52
2 9
9 39
9 16
9 44
9 56
9 22
9 34
17 20
20 42
0 20
20 52
20 44
20 56
20 34
10 20
20 38
1 20
20 53
20 41
20 46
20 55
14 17
14 42
0 14
14 52
2 14
14 39
14 16
14 44
14 56
14 22
14 34
14 20
10 14
14 38
1 14
14 53
14 55
14 46
14 41
17 32
32 42
0 32
32 52
2 32
32 39
16 32
32 44
32 56
22 32
32 34
20 32
14 32
32 41
1 32
2 51
51 56
20 51
14 51
1 51
13 22
13 14
1 13
10 57
38 57
53 57
46 57
55 57
57 59
13 59
17 40
40 42
0 40
40 52
2 40
39 40
16 40
40 44
40 56
22 40
20 40
40 41
1 40
13 40
40 51
10 40
38 40
40 53
0 49
49 52
39 49
44 49
34 49
41 49
1 49
49 51
40 49
32 49
17 58
42 58
0 58
52 58
39 58
56 58
34 58
20 58
1 58
13 58
0 33
33 52
33 44
33 56
22 33
14 33
1 33
33 57
10 33
33 38
33 53
12 22
12 14
12 41
12 13
12 33
8 33
8 10
8 38
8 58
8 53
11 39
11 44
11 34
11 41
1 11
11 13
11 40
8 11
11 58
11 49
1 31
31 57
31 40
31 32
15 17
15 42
0 15
15 52
15 39
15 56
15 34
15 41
1 15
13 15
15 40
8 15
10 15
15 38
17 29
29 42
0 29
29 52
16 29
29 44
29 56
29 41
1 29
29 51
29 33
8 29
15 29
29 49
9 29
20 27
27 41
1 27
27 51
27 33
12 27
27 58
27 49
27 55
10 27
17 28
28 42
0 28
28 52
2 28
28 39
16 28
28 44
28 56
22 28
20 28
14 28
28 41
28 51
28 33
8 28
28 58
28 55
28 31
27 28
17 45
42 45
0 45
45 52
39 45
45 56
22 45
14 45
1 45
45 51
40 45
8 45
15 45
45 58
45 55
9 45
10 45
23 42
0 23
23 52
2 23
16 23
23 56
23 34
23 41
1 23
23 51
23 40
23 32
23 58
23 55
23 31
23 45
50 52
50 56
22 50
14 50
1 50
50 57
40 50
8 50
50 58
49 50
50 55
9 50
0 37
37 52
37 39
37 56
34 37
20 37
1 37
13 37
37 40
8 37
15 37
37 58
31 37
37 45
10 37
17 54
42 54
0 54
52 54
2 54
39 54
44 54
54 56
34 54
20 54
54 57
13 54
40 54
8 54
12 54
54 55
31 54
45 54
37 54
18 20
14 18
1 18
13 18
18 32
8 18
12 18
18 55
18 31
18 27
18 37
19 52
2 19
16 19
19 44
19 22
14 19
19 57
19 51
19 40
19 32
12 19
19 55
9 19
19 45
19 37
15 30
30 58
30 55
27 30
30 37
19 30
4 33
4 32
4 15
4 55
4 31
4 27
4 50
4 18
16 48
48 56
22 48
41 48
1 48
13 48
33 48
12 48
15 48
48 49
9 48
45 48
48 50
18 48
4 48
33 43
32 43
12 43
43 49
9 43
27 43
37 43
18 43
43 54
11 43
47 52
2 47
16 47
44 47
22 47
41 47
1 47
47 57
40 47
12 47
15 47
47 49
47 55
27 47
47 50
19 47
4 47
43 47
23 47
16 26
26 44
26 56
14 26
26 41
26 57
26 33
26 32
15 26
26 58
26 31
26 45
26 50
18 26
4 26
10 26
5 20
5 14
5 41
5 51
5 33
5 8
5 15
5 49
5 31
5 27
5 45
5 19
5 54
5 10
17 35
35 42
0 35
35 52
2 35
35 39
16 35
35 44
35 56
22 35
34 35
20 35
14 35
35 41
35 57
35 51
33 35
32 35
15 35
35 49
31 35
35 45
35 37
19 35
4 35
35 43
5 35
35 47
3 17
3 42
0 3
3 52
2 3
3 39
3 44
3 56
3 20
3 41
1 3
3 51
3 40
3 8
3 12
3 58
3 31
3 45
3 37
3 18
3 54
3 10
3 5
3 23
16 21
21 56
21 34
14 21
21 57
21 51
21 33
21 32
12 21
21 49
21 31
21 45
21 50
19 21
21 54
21 43
5 21
21 26
3 21
21 29
1 25
13 25
25 40
25 32
12 25
25 55
25 31
9 25
25 50
18 25
25 54
10 25
25 43
25 26
25 28
25 29
25 46
21 25
0 6
6 52
6 39
6 56
6 34
6 41
6 57
6 13
6 33
6 12
6 15
6 49
6 9
6 27
6 50
6 19
6 54
6 43
6 23
6 26
6 28
6 29
6 25
6 30
7 17
7 42
0 7
7 52
2 7
7 39
7 16
7 44
7 56
7 22
7 34
7 20
7 14
7 41
1 7
7 13
7 33
7 8
7 12
7 58
7 55
7 9
7 50
7 18
7 54
7 10
7 23
7 47
3 7
7 35
7 29
7 21
6 7
7 38
7 11
7 48
24 52
24 56
24 34
14 24
1 24
13 24
24 40
8 24
15 24
24 49
24 31
9 24
24 37
24 50
24 54
4 24
5 24
24 47
24 28
24 29
24 25
24 53
24 59
21 24
36 42
36 52
36 44
36 56
22 36
20 36
1 36
36 51
32 36
8 36
15 36
36 49
9 36
36 45
36 37
19 36
36 54
10 36
5 36
36 47
28 36
3 36
36 46
30 36
24 36
36 59
36 38
6 36
6 24
6 48
11 25
25 53
21 48
21 38
11 21
3 59
3 30
3 35
3 11
3 29
35 53
35 46
35 38
30 35
35 59
35 48
5 23
5 29
5 26
5 48
5 30
26 28
26 47
26 30
26 29
26 38
26 53
11 47
47 59
46 47
47 48
43 48
29 43
28 43
23 43
43 59
28 48
29 48
30 48
11 48
4 59
4 11
4 10
4 23
4 30
4 28
4 46
10 30
30 46
30 53
11 30
19 46
11 19
18 19
19 53
19 28
19 29
18 23
18 54
10 18
18 59
18 38
38 54
29 54
53 54
37 50
37 53
11 37
37 38
46 50
10 50
29 50
23 50
23 28
11 23
23 53
23 46
23 38
45 59
28 45
28 38
28 46
28 53
27 29
27 38
27 59
27 53
27 46
11 27
11 29
15 53
15 31
9 15
31 58
10 31
31 38
11 31
11 59
8 12
10 12
12 38
12 55
12 46
12 59
12 58
33 55
33 58
33 46
10 58
38 58
49 58
9 58
55 58
10 49
38 49
46 49
49 59
32 40
40 59
32 59
9 59
10 59
46 59
53 59
38 59
13 57
9 57
10 13
13 38
13 53
13 46
13 55
13 51
10 51
38 51
51 53
46 51
51 55
32 51
9 51
10 32
32 38
32 53
9 32
32 55
32 46
9 14
9 20
9 41
1 9
9 10
9 38
9 53
9 46
41 46
1 46
10 46
38 46
46 53
22 41
10 41
1 41
38 41
41 53
41 55
55 56
1 55
10 55
38 55
53 55
53 56
1 53
10 53
38 53
39 56
10 56
1 56
38 56
1 38
10 38
1 52
1 10
0 42
0 10
0 17
