60 354
20 55
11 20
36 55
11 36
20 46
36 46
40 55
11 40
20 33
33 36
33 40
50 55
11 50
33 50
20 31
31 36
31 40
31 50
39 55
11 39
33 39
39 46
31 39
15 20
15 36
15 40
15 50
15 39
26 55
11 26
15 26
26 31
26 46
26 33
20 28
28 36
28 40
28 50
28 39
28 55
11 28
20 27
27 36
27 40
27 39
27 28
6 55
6 11
6 27
39 59
6 59
22 33
22 55
22 59
1 22
39 54
28 54
22 54
33 57
55 57
16 57
40 45
28 45
45 57
45 55
45 59
33 53
45 53
4 40
4 50
4 28
4 33
4 57
4 54
4 55
4 11
4 32
16 25
25 31
8 25
23 55
11 23
9 40
9 50
9 23
6 9
9 22
9 45
4 9
9 59
3 39
3 28
3 57
3 45
3 16
3 59
28 47
14 55
14 47
28 38
14 38
22 38
38 54
5 38
19 38
32 38
3 12
12 38
4 49
49 59
32 49
12 49
16 35
35 59
5 41
19 41
3 41
35 41
2 40
2 6
2 33
2 54
2 16
2 59
2 41
1 2
2 38
0 58
43 54
29 47
4 51
29 51
32 51
1 51
10 22
10 54
5 10
10 19
10 48
13 22
13 45
13 25
13 59
10 13
13 41
13 53
17 32
17 47
17 53
17 35
34 48
34 47
18 34
17 34
24 34
8 34
5 42
42 59
42 48
41 42
38 42
42 58
11 42
34 42
42 55
15 42
34 55
8 17
15 17
13 17
13 55
5 30
19 30
30 32
30 47
30 38
13 30
30 46
8 30
30 55
36 37
37 40
37 50
37 39
23 37
14 37
22 37
37 54
25 37
37 59
37 48
37 47
0 37
9 37
30 37
24 37
32 44
1 44
12 44
43 44
37 44
44 51
7 10
7 12
0 7
7 43
0 56
9 56
37 56
36 52
40 52
28 52
33 52
52 57
52 54
16 52
29 52
3 52
47 52
52 53
9 52
52 56
44 52
46 52
27 52
7 56
2 56
7 44
7 51
7 49
13 49
13 31
10 32
10 53
8 10
1 10
10 31
0 48
24 48
48 55
27 48
21 53
21 43
21 24
1 21
18 24
24 35
24 49
8 24
18 46
18 51
8 18
18 27
35 51
11 51
2 51
29 53
15 29
29 43
3 43
12 43
43 58
27 43
43 46
11 58
49 58
2 58
2 31
2 49
41 46
41 55
9 41
12 35
35 53
35 49
9 35
12 27
31 38
0 38
11 38
14 31
14 19
33 47
47 57
16 47
3 47
0 47
15 47
3 9
3 46
3 15
9 53
9 31
23 33
19 23
19 33
19 57
4 19
19 31
19 46
19 55
8 19
1 19
1 8
8 15
1 25
25 55
25 27
11 25
25 32
11 32
4 53
4 15
4 16
53 55
27 45
16 45
15 45
11 45
45 46
16 55
16 27
16 46
15 57
46 57
54 57
54 55
31 54
1 54
1 11
1 31
22 31
11 22
5 59
0 59
27 33
11 27
27 31
27 55
15 28
28 31
28 46
15 33
0 15
11 15
15 46
31 46
46 50
33 55
11 33
33 46
40 46
5 55
0 5
