60 354
31 46
46 50
29 31
29 50
46 48
29 48
3 31
3 50
3 48
3 39
14 48
14 46
14 29
3 14
31 56
50 56
48 56
39 56
14 56
17 39
17 46
17 29
3 17
17 56
31 37
37 50
37 48
37 39
14 37
17 37
33 46
29 33
3 33
33 56
33 37
13 31
13 50
13 48
13 39
13 14
13 33
26 46
26 29
3 26
13 26
31 54
50 54
14 54
17 54
26 54
46 54
16 31
16 50
16 39
16 17
16 33
38 46
29 38
0 38
38 56
24 31
24 50
24 39
17 24
24 46
24 29
3 24
24 56
24 37
24 28
19 46
19 29
3 19
19 56
19 28
24 35
19 35
31 55
50 55
48 55
14 55
20 46
20 29
3 20
20 55
46 55
32 55
31 44
33 44
24 44
44 46
16 44
23 44
23 29
15 16
15 29
28 59
29 59
27 59
8 24
8 38
8 32
0 8
8 36
10 28
10 29
10 57
31 42
42 48
39 42
14 42
26 42
42 46
28 42
11 29
12 28
11 12
12 36
12 41
39 40
17 40
24 40
38 40
40 44
29 40
37 40
40 56
16 43
29 43
15 43
41 43
4 46
0 4
4 6
5 15
5 56
31 53
14 53
24 53
46 53
16 53
0 53
27 53
5 53
53 59
37 47
47 56
47 53
44 45
0 45
37 45
41 45
18 32
0 18
15 18
18 41
18 45
12 18
16 30
11 30
30 37
30 42
30 40
3 30
31 34
34 50
14 34
17 34
33 34
34 46
32 34
34 44
34 37
5 34
34 45
34 54
30 34
15 58
5 58
43 58
3 58
9 53
9 21
22 37
22 56
22 43
12 22
9 22
10 22
22 55
2 31
2 50
2 48
2 39
2 14
2 17
2 26
2 46
2 32
0 2
2 36
2 56
2 59
2 12
2 30
2 51
2 22
2 34
16 49
44 49
37 49
42 49
49 59
8 49
9 49
14 52
17 52
33 52
46 52
28 52
29 52
27 52
42 52
40 52
8 52
13 52
10 52
52 55
49 52
47 49
23 49
4 9
9 58
23 58
34 58
25 46
25 44
15 25
5 25
25 45
21 25
7 33
7 46
7 28
7 29
7 37
7 42
7 40
7 12
7 13
7 25
7 55
7 23
25 58
1 8
1 54
1 30
1 4
1 25
1 34
18 25
18 30
4 18
18 35
21 45
10 45
45 59
21 47
10 21
21 23
13 47
47 51
47 55
53 55
13 53
3 53
4 5
5 54
4 43
4 54
4 10
8 43
35 43
40 43
40 54
12 40
12 51
11 54
11 51
11 42
42 57
6 42
35 42
10 42
3 10
55 57
41 57
23 41
13 41
8 41
8 35
3 8
6 36
6 54
6 56
3 6
6 55
6 59
23 59
51 59
27 51
27 35
15 27
15 23
13 15
23 35
44 56
37 44
44 55
54 55
29 32
32 35
32 56
0 35
13 35
35 51
28 29
0 28
13 28
3 28
24 51
38 51
16 51
51 56
3 51
16 38
16 46
16 37
16 54
13 54
26 37
13 46
0 13
0 33
37 46
0 17
3 56
3 46
0 3
29 39
29 46
39 46
31 39
0 39
