60 708
1 50
1 30
30 50
1 22
22 30
3 30
3 50
3 22
1 44
30 44
3 44
1 27
27 30
3 27
27 50
22 27
27 44
1 32
30 32
3 32
27 32
11 50
11 22
11 44
11 32
1 38
30 38
3 38
27 38
11 38
1 34
30 34
34 50
22 34
34 44
32 34
1 58
30 58
3 58
27 58
11 58
34 58
10 50
10 22
10 32
10 44
10 38
10 58
1 7
7 30
3 7
7 27
7 11
7 34
7 10
50 53
22 53
44 53
32 53
38 53
53 58
7 53
1 49
30 49
3 49
27 49
11 49
34 49
10 49
49 53
5 50
5 22
5 44
5 32
5 38
5 58
5 7
1 54
30 54
3 54
27 54
34 54
10 54
5 54
54 58
26 50
22 26
26 44
26 32
26 38
26 54
1 13
13 30
13 27
10 23
23 50
22 23
23 44
23 32
23 38
7 23
1 17
17 30
3 17
17 27
11 17
17 34
10 17
17 53
5 17
17 23
1 56
30 56
3 56
27 56
11 56
34 56
53 56
56 58
23 56
50 56
22 56
32 56
44 56
38 56
7 56
1 21
21 30
3 21
21 27
11 21
21 34
10 21
21 53
5 21
21 58
21 56
21 50
0 21
4 22
4 32
4 44
27 28
23 28
28 56
28 50
4 28
1 41
30 41
3 41
27 41
34 41
10 41
41 53
41 58
26 41
41 50
26 39
39 50
22 39
39 44
32 39
38 39
8 27
8 58
8 50
8 39
4 8
8 41
8 22
1 35
30 35
3 35
35 58
23 35
35 50
35 39
4 35
24 30
3 24
24 27
24 58
23 24
24 50
4 24
46 50
4 46
22 46
44 46
32 46
3 47
47 58
26 47
47 50
0 47
46 47
1 36
30 36
27 36
36 58
26 36
36 50
36 39
4 36
22 36
36 44
32 36
17 36
34 43
43 58
43 56
43 50
39 43
41 43
36 43
43 44
28 43
7 43
21 43
34 52
52 58
52 56
50 52
39 52
41 52
36 52
22 52
44 52
28 52
21 52
1 9
9 30
3 9
9 27
9 11
9 34
9 53
9 58
9 23
9 50
9 39
4 9
9 24
9 35
34 40
23 40
40 56
40 50
0 40
40 41
24 40
22 40
20 27
20 58
20 56
20 50
0 20
20 41
20 36
20 22
20 40
7 20
19 27
19 23
19 56
19 50
0 19
19 41
19 22
19 44
19 40
7 19
19 21
1 51
30 51
3 51
27 51
11 51
34 51
10 51
51 53
5 51
51 58
23 51
50 51
0 51
41 51
24 51
22 51
40 51
1 33
30 33
33 34
33 58
33 56
33 50
33 39
33 41
33 36
22 33
33 40
42 50
33 42
19 42
32 42
6 50
4 6
6 24
6 22
6 28
6 7
6 32
37 50
35 37
37 44
33 37
21 37
37 54
13 37
1 45
30 45
3 45
27 45
11 45
34 45
10 45
23 45
45 56
45 50
0 45
41 45
24 45
35 45
28 45
7 45
19 45
37 45
20 45
17 45
43 45
1 25
25 30
3 25
25 27
11 25
25 34
10 25
25 58
25 50
25 39
0 25
25 41
25 36
22 25
25 28
7 25
19 25
25 52
6 25
9 25
25 47
25 43
25 45
25 51
25 42
10 15
15 58
15 56
15 50
0 15
15 46
15 24
15 22
15 40
7 15
15 33
15 32
15 37
9 15
15 47
15 25
29 53
29 58
23 29
29 50
0 29
29 41
29 36
29 35
29 40
29 33
21 29
29 52
6 29
9 29
53 57
23 57
26 57
50 57
39 57
46 57
36 57
44 57
28 57
7 57
21 57
32 57
20 57
9 57
17 57
49 57
1 31
30 31
3 31
23 31
31 56
31 50
31 39
31 46
22 31
31 44
31 40
7 31
19 31
31 52
20 31
9 31
31 57
6 18
17 18
18 57
18 43
16 32
16 52
16 20
16 17
16 43
16 18
16 38
16 51
14 56
14 50
14 39
4 14
14 36
14 35
14 40
7 14
14 32
14 37
6 14
40 48
28 48
21 48
32 48
37 48
13 48
47 48
14 48
43 48
9 48
48 54
48 51
6 55
48 55
17 55
38 55
49 55
51 55
14 55
42 55
15 55
16 55
42 48
14 47
14 25
14 38
12 26
12 50
0 12
12 46
12 24
12 35
12 40
7 12
12 19
12 52
6 12
12 17
12 47
12 18
12 49
12 42
12 14
12 45
12 54
50 59
46 59
24 59
22 59
40 59
33 59
32 59
52 59
6 59
17 59
57 59
18 59
29 59
12 59
14 59
31 59
42 59
2 50
2 22
2 28
2 7
2 21
2 32
2 20
2 9
2 43
2 25
2 29
2 51
2 45
2 59
2 16
2 31
14 16
14 31
8 16
18 29
13 18
18 31
29 31
31 49
31 54
8 57
54 57
29 57
15 29
29 42
8 29
15 51
13 15
8 15
15 42
38 45
13 45
45 54
8 45
20 37
6 37
17 37
37 51
37 47
6 42
6 8
6 54
42 47
42 54
17 33
33 49
33 47
33 51
33 38
21 33
13 33
9 33
19 51
51 52
47 51
49 51
8 51
19 47
17 19
19 20
19 32
13 19
20 38
17 20
20 43
9 20
20 49
9 40
21 40
38 40
9 28
9 52
9 13
9 38
47 52
43 52
8 52
43 47
13 43
8 43
24 36
36 49
7 36
36 47
35 47
44 47
38 47
17 46
24 46
13 46
7 46
46 54
28 46
38 46
22 24
24 54
24 35
21 24
24 44
13 24
24 32
22 35
13 35
35 44
8 35
35 49
32 35
7 35
35 54
8 28
7 8
8 21
8 17
8 13
39 41
13 39
39 49
22 41
32 41
41 44
28 41
38 41
41 49
22 28
28 44
17 28
28 32
28 54
4 38
4 21
21 44
21 38
21 49
21 54
17 56
17 50
0 17
17 22
17 49
23 49
13 23
13 26
13 50
13 44
13 38
13 49
13 54
26 49
7 26
0 26
50 54
0 54
44 54
38 54
49 54
5 49
49 50
44 49
32 49
38 49
7 58
7 50
0 7
7 44
0 10
50 58
22 58
32 58
44 58
38 58
0 58
34 38
0 34
38 50
0 38
22 38
32 38
0 11
32 50
0 32
32 44
0 27
44 50
0 44
0 3
22 50
0 22
0 30
0 50
0 1
