60 177
5 10
5 52
10 58
5 13
13 58
13 59
10 21
21 52
13 21
0 21
5 12
12 21
10 45
12 45
45 52
13 45
7 45
7 13
3 7
45 49
13 49
10 16
16 20
16 32
32 45
41 43
35 43
0 35
31 55
46 55
46 52
20 46
46 49
12 25
25 44
11 21
0 11
11 51
16 29
0 29
29 55
3 29
11 29
29 32
10 23
23 52
37 59
21 37
23 37
37 45
37 40
35 37
41 57
19 57
31 50
19 50
27 47
39 51
18 31
18 29
18 39
4 55
4 18
30 41
18 30
20 30
31 48
35 48
30 48
1 58
1 21
1 43
1 13
1 40
1 52
1 38
34 38
10 34
6 30
6 34
6 37
6 44
34 37
15 40
15 35
15 38
1 15
15 48
15 27
43 56
0 56
40 56
3 56
38 56
10 56
7 42
42 56
9 24
19 28
11 28
9 28
7 28
24 56
1 48
1 12
8 48
36 47
10 36
8 36
17 55
17 52
17 57
17 54
4 54
4 17
17 36
4 30
4 33
14 43
13 14
14 51
14 18
14 53
14 39
2 50
2 14
26 32
14 26
20 39
27 39
32 39
27 46
32 47
47 50
49 50
22 33
22 50
11 19
7 57
53 57
33 57
49 53
37 53
32 37
23 33
0 33
33 41
29 33
12 33
11 12
11 44
44 46
35 55
10 35
7 35
0 43
41 51
41 52
12 41
10 41
10 51
32 51
13 20
20 31
20 52
10 20
31 40
40 49
3 49
7 49
12 13
12 52
0 13
52 58
0 52
10 59
0 59
