60 354
0 49
23 46
46 48
46 47
2 23
2 48
2 47
23 50
48 50
47 50
46 50
2 50
5 23
5 48
5 50
13 46
2 13
5 13
23 29
29 48
29 47
29 50
13 29
5 29
27 48
27 50
13 27
39 46
2 39
5 39
23 28
28 48
28 47
28 50
28 39
5 28
27 28
38 48
5 38
9 38
18 39
5 18
9 18
48 57
50 57
13 57
5 57
27 57
31 48
31 50
13 31
5 31
31 57
10 31
6 20
9 25
22 23
22 48
22 47
22 50
13 22
5 22
22 27
30 57
22 30
10 30
25 30
23 41
41 48
41 47
41 50
13 41
39 41
41 57
22 41
10 19
19 41
8 19
8 25
8 41
12 17
21 57
10 21
12 21
21 25
2 21
12 33
35 48
35 50
13 35
5 35
27 35
22 35
20 35
35 38
35 46
50 51
5 51
51 57
10 51
16 57
16 22
12 16
16 29
23 56
48 56
47 56
50 56
13 56
39 56
27 56
56 57
16 56
25 56
2 56
33 56
46 56
36 57
10 36
12 36
19 36
12 14
14 19
14 41
14 38
11 27
10 11
11 16
11 19
11 14
11 45
34 45
16 26
26 35
26 41
26 34
26 56
18 26
26 28
40 41
11 40
26 40
18 40
36 40
2 42
33 42
44 49
19 44
2 44
2 53
17 53
37 48
37 39
27 37
22 37
20 37
35 37
2 37
37 53
37 56
7 37
41 43
34 43
3 56
3 6
20 59
15 50
5 15
9 15
15 22
15 16
15 25
15 28
7 15
2 15
15 18
15 59
32 48
32 50
13 32
32 39
27 32
22 32
19 32
15 32
14 32
17 32
32 44
18 32
0 32
32 51
16 54
25 54
11 54
17 54
3 54
31 54
0 54
4 15
4 53
4 56
4 18
4 37
4 42
4 38
4 54
32 54
8 54
8 32
15 24
24 53
8 24
1 57
1 22
1 49
1 25
1 2
1 11
1 24
1 7
1 6
1 51
1 46
1 38
21 24
24 38
24 31
2 52
17 52
24 52
45 52
6 52
29 52
21 52
52 59
14 59
33 59
3 59
18 59
12 55
35 55
30 55
11 55
7 55
45 55
51 55
55 59
8 55
46 55
46 59
21 59
3 43
3 51
28 43
37 43
29 43
37 58
29 58
43 58
38 58
36 43
37 38
44 53
0 53
38 53
44 51
36 44
0 44
42 44
29 44
31 42
40 42
36 42
21 42
29 40
40 46
26 45
7 26
38 45
29 45
6 45
11 28
6 11
14 29
14 36
14 17
36 56
28 36
36 51
2 16
16 51
16 18
35 51
30 51
31 51
35 41
17 35
33 35
33 41
21 33
7 33
18 33
29 33
21 28
6 21
12 25
17 34
17 28
17 46
31 34
8 34
8 18
0 8
19 29
19 31
18 41
30 41
7 30
0 30
6 30
30 31
30 46
22 25
7 22
22 46
6 25
0 25
0 6
20 46
20 31
20 38
20 28
7 31
0 31
18 57
2 57
2 9
9 46
10 38
10 29
10 28
7 28
28 46
27 39
2 27
27 46
7 27
27 29
5 46
2 5
5 7
23 48
7 48
7 49
