60 354
33 53
29 53
37 53
37 39
30 53
29 30
30 33
46 53
39 46
30 46
30 57
33 57
46 57
37 57
29 57
32 53
32 39
30 32
32 57
29 32
32 46
32 33
32 37
17 53
17 39
17 30
17 57
17 32
24 46
24 37
24 33
24 29
38 57
24 38
37 38
6 46
4 6
30 59
0 59
37 59
4 59
12 37
12 46
12 59
49 59
34 53
34 39
34 57
32 34
34 46
4 34
34 49
21 53
21 30
21 57
21 32
21 37
21 46
47 57
32 47
35 53
24 35
35 37
9 35
4 9
9 49
9 38
7 53
7 30
7 32
7 37
7 35
26 35
26 46
19 37
19 26
19 59
15 46
15 26
3 28
3 21
3 6
51 53
30 51
51 57
24 51
37 51
26 51
47 51
38 51
22 29
23 47
23 49
22 23
8 22
20 32
20 37
20 35
20 46
20 59
20 21
44 57
32 44
35 44
4 44
44 47
44 49
42 44
20 44
13 42
13 44
53 56
30 56
56 57
32 56
35 56
26 56
56 59
38 56
7 56
29 56
7 54
8 54
54 56
15 54
19 48
10 28
10 38
14 59
14 42
14 33
10 14
14 34
14 15
1 28
1 21
1 14
1 44
45 46
4 45
28 45
42 45
22 45
45 51
45 56
41 53
39 41
30 41
32 41
35 41
4 41
28 41
41 42
7 41
8 41
41 45
12 41
14 36
36 44
19 36
36 41
16 28
16 49
6 16
16 44
16 56
45 58
23 58
13 58
9 58
10 58
16 58
16 36
16 23
28 52
21 52
7 52
51 52
19 52
41 52
16 52
22 27
27 29
7 50
19 50
28 55
38 55
6 55
50 55
18 30
18 32
18 46
18 26
18 47
18 49
6 18
18 51
18 50
6 11
11 51
11 18
3 11
11 48
1 11
11 33
5 45
5 10
5 11
5 17
5 34
5 12
18 20
17 18
18 55
18 34
10 55
36 55
14 43
29 43
43 50
15 43
36 43
23 43
43 55
43 54
20 55
52 55
30 31
0 31
31 46
26 31
31 59
31 38
22 31
31 50
27 31
3 31
16 31
31 34
31 33
9 31
9 50
27 50
25 27
15 27
40 47
21 40
6 40
29 40
27 40
15 40
13 40
25 40
40 54
9 40
1 27
10 25
25 36
2 35
2 46
2 47
2 49
2 6
2 44
2 56
2 3
2 13
2 25
2 54
1 2
25 52
23 52
3 41
20 41
1 45
23 45
1 33
1 23
12 14
10 29
10 56
10 48
9 48
17 48
48 54
13 56
13 20
12 13
17 44
8 20
17 20
12 20
8 9
8 34
8 23
8 51
22 51
19 22
3 51
12 51
3 19
3 33
28 38
15 28
15 42
15 29
15 17
15 34
19 42
33 42
12 19
19 33
26 29
26 33
7 26
26 47
7 49
7 21
6 7
7 17
7 9
9 34
35 47
33 35
29 35
47 59
33 47
17 47
21 47
21 34
21 38
17 21
33 34
12 49
12 17
29 59
6 59
6 38
4 38
29 38
17 24
17 37
17 46
0 46
37 46
30 37
0 37
29 37
33 37
33 39
29 39
0 29
29 33
0 33
