60 531
31 34
31 36
12 36
15 34
15 36
12 15
12 29
29 31
15 29
34 54
36 54
12 54
29 54
31 51
15 51
34 53
36 53
12 53
29 53
51 53
20 36
12 20
20 29
20 31
15 20
20 54
20 53
2 34
2 36
2 12
2 29
2 51
2 20
32 36
12 32
29 32
20 32
31 32
15 32
32 54
32 53
2 32
26 34
26 36
12 26
26 29
26 51
20 26
26 32
12 17
17 31
15 17
17 54
17 53
2 17
11 36
11 12
11 29
11 51
11 20
11 17
2 11
11 31
11 15
11 54
11 53
2 43
31 43
15 43
43 54
43 53
34 37
36 37
12 37
29 37
37 51
20 37
32 37
2 37
37 43
12 30
29 30
20 30
30 32
30 31
15 30
30 53
30 54
9 34
9 36
9 12
9 29
9 51
9 20
9 32
9 17
9 30
34 46
36 46
12 46
29 46
46 51
20 46
32 46
17 46
2 46
30 46
31 46
15 46
46 54
46 53
12 50
17 50
43 50
46 50
25 31
15 25
25 53
25 54
12 35
2 35
30 35
35 46
25 35
12 47
20 47
32 47
2 47
30 47
11 47
25 47
31 47
15 47
12 14
14 32
14 30
11 14
14 47
21 43
11 21
21 25
21 31
15 21
21 28
14 21
41 47
21 41
4 36
4 12
4 29
4 20
4 32
2 4
4 30
4 11
4 52
4 21
4 31
2 45
45 46
25 45
28 45
4 45
12 42
20 42
32 42
2 42
42 43
11 42
42 47
6 31
6 15
12 44
2 44
43 44
44 46
44 47
6 44
30 55
46 55
52 55
6 55
31 55
15 55
55 57
12 13
13 17
13 43
11 13
13 52
13 28
4 13
55 58
13 58
57 58
50 56
42 56
33 47
6 33
33 55
36 40
12 40
29 40
20 40
32 40
2 40
40 43
11 40
40 52
28 40
31 40
7 34
7 12
7 29
7 20
7 32
2 7
7 43
7 30
7 25
7 28
7 40
7 42
22 34
22 36
12 22
22 29
22 51
20 22
22 32
17 22
2 22
22 46
22 52
22 28
22 50
22 42
7 22
19 30
19 46
19 47
19 52
19 50
19 42
19 22
19 54
3 50
3 42
3 22
3 54
38 50
38 40
38 57
31 38
3 38
24 41
1 12
1 32
1 2
1 11
1 52
1 21
1 55
1 42
1 57
1 31
1 26
1 24
1 35
1 9
1 41
5 52
5 28
5 55
5 13
5 33
5 56
5 14
5 38
1 5
5 53
5 35
8 33
8 31
8 26
12 39
17 39
39 43
11 39
39 47
21 39
39 40
39 42
22 39
33 39
3 39
39 44
35 39
23 39
25 59
52 59
50 59
13 59
22 59
56 59
14 59
24 59
4 18
18 40
18 57
18 56
3 18
18 59
18 58
18 48
18 35
7 18
18 19
18 37
23 59
44 59
3 10
10 59
10 45
10 48
8 10
10 37
7 10
0 10
53 59
16 25
6 16
16 55
13 16
16 33
16 54
16 26
16 59
16 58
16 53
16 23
8 16
4 49
13 49
33 49
49 54
26 49
39 49
45 49
49 53
15 49
8 49
16 49
12 27
27 51
20 27
17 27
27 30
27 46
27 52
21 27
4 27
27 40
27 33
27 56
26 27
27 38
1 27
9 27
15 27
7 27
27 49
19 27
0 16
23 44
9 23
23 41
0 23
7 23
39 58
8 39
37 39
8 58
8 35
5 8
5 41
5 19
1 19
0 24
24 45
24 38
7 38
19 38
38 48
15 38
3 9
3 37
3 19
3 15
19 35
15 19
22 53
15 22
22 54
22 37
22 31
7 54
7 14
7 45
7 9
15 40
37 40
9 40
33 40
40 54
35 40
33 45
33 48
9 33
33 56
45 56
0 56
15 56
44 56
56 58
26 58
44 58
15 58
0 58
13 53
13 41
13 44
13 57
13 31
13 48
44 57
26 57
35 57
41 57
14 57
0 57
44 55
53 55
9 55
50 55
44 48
9 44
35 44
44 45
6 42
0 6
42 50
14 42
42 45
0 42
26 42
14 45
45 53
37 45
4 37
4 26
4 14
4 41
4 54
4 48
31 41
14 41
41 48
15 41
37 41
9 21
21 50
21 54
21 48
14 31
14 26
14 53
14 48
37 47
26 47
28 47
47 53
28 31
15 28
28 35
28 53
26 28
28 37
35 50
31 35
35 48
9 25
25 48
25 50
31 50
15 50
0 50
46 52
9 46
9 54
0 9
9 15
26 30
30 37
37 54
37 53
0 37
43 52
43 48
11 48
31 48
48 53
11 26
17 52
17 26
26 31
0 26
2 31
2 15
2 53
2 54
53 54
51 54
52 54
31 54
15 52
12 31
31 52
12 34
12 52
0 52
