60 885
14 22
16 22
16 48
22 25
25 48
16 25
14 25
22 34
34 48
25 34
16 55
34 55
14 55
22 56
48 56
25 56
55 56
14 21
21 34
16 21
9 22
9 48
9 25
9 55
9 21
9 26
16 29
14 29
29 34
29 56
9 29
8 22
8 48
8 25
8 55
8 21
8 26
8 29
28 29
16 28
14 28
28 34
28 56
9 28
8 28
7 22
7 48
7 25
7 55
7 21
7 26
7 29
7 28
10 22
10 48
10 25
10 55
10 21
10 26
10 29
10 28
10 14
10 16
10 34
9 10
10 56
22 51
48 51
25 51
51 55
21 51
26 51
29 51
28 51
10 51
34 58
14 58
16 58
9 58
56 58
7 58
22 40
40 48
25 40
40 55
21 40
26 40
29 40
28 40
10 40
40 58
16 35
14 35
34 35
9 35
35 56
35 51
7 35
22 45
45 48
25 45
45 55
21 45
26 45
29 45
28 45
10 45
45 58
35 45
0 45
34 45
14 45
16 45
45 56
9 45
40 45
8 45
7 45
45 51
22 50
48 50
25 50
50 55
21 50
26 50
29 50
28 50
10 50
50 58
35 50
0 50
45 50
7 50
50 51
25 38
26 38
28 38
10 38
0 38
7 38
38 51
34 38
14 38
16 38
38 56
9 38
20 29
10 20
20 35
20 45
7 20
20 38
20 56
8 20
51 53
38 53
53 56
23 25
23 55
23 29
10 23
23 35
0 23
23 51
23 38
4 25
4 55
4 26
4 10
4 35
4 45
4 7
4 14
4 16
4 34
4 56
4 9
24 26
10 24
24 35
0 24
7 24
4 24
24 56
8 24
24 53
7 18
18 38
18 56
8 18
56 59
23 59
14 59
16 59
34 59
29 41
10 41
35 41
0 41
41 51
4 41
41 56
41 59
41 53
22 31
25 31
28 31
10 31
31 35
0 31
7 31
31 38
31 56
23 31
31 59
18 31
31 40
49 59
31 49
1 35
1 45
1 51
1 38
1 23
1 8
1 53
1 18
3 22
3 48
3 25
3 55
3 21
3 26
3 29
3 28
3 10
3 58
3 35
3 45
3 7
3 38
3 23
3 8
3 53
1 3
3 24
3 16
3 43
43 50
9 43
19 22
19 48
19 25
19 55
19 21
19 26
19 28
10 19
0 19
19 45
19 51
19 38
4 19
8 19
19 53
18 19
1 19
16 19
19 43
11 22
11 25
11 55
11 26
11 28
10 11
11 35
11 45
7 11
4 11
11 23
8 11
11 59
11 18
1 11
22 30
30 48
25 30
26 30
29 30
28 30
30 58
7 30
30 51
30 38
4 30
8 30
30 59
30 31
24 30
16 30
42 53
31 42
1 42
30 42
13 22
13 48
13 25
13 55
13 29
10 13
0 13
13 45
7 13
4 13
13 23
8 13
13 53
13 31
13 24
13 16
11 13
13 42
22 54
48 54
25 54
54 55
21 54
26 54
28 54
10 54
0 54
45 54
51 54
4 54
54 56
23 54
53 54
18 54
24 54
30 54
13 54
49 54
50 54
40 54
2 53
2 18
2 24
2 30
2 13
2 43
39 51
38 39
23 39
8 39
39 53
31 39
1 39
30 39
39 43
39 49
17 24
16 17
13 17
11 17
17 39
37 51
4 37
37 56
8 37
37 59
18 37
1 37
30 37
13 37
37 43
37 39
37 50
6 22
6 48
6 25
6 55
6 21
6 26
6 28
6 10
6 58
6 45
6 51
4 6
6 56
6 8
6 53
6 18
6 24
6 30
6 13
6 11
6 39
6 37
2 6
35 47
45 47
7 47
47 51
47 56
23 47
47 59
18 47
1 47
16 47
13 47
47 49
39 47
47 50
40 47
6 47
9 47
3 47
22 46
46 48
25 46
46 55
21 46
26 46
29 46
28 46
10 46
46 58
35 46
0 46
7 46
4 46
46 56
8 46
46 53
31 46
1 46
16 46
43 46
46 49
46 50
37 46
2 46
6 46
9 46
22 32
32 48
25 32
32 55
21 32
26 32
29 32
28 32
10 32
32 58
0 32
32 45
32 51
32 38
4 32
23 32
32 59
31 32
24 32
30 32
13 32
32 49
32 39
32 37
2 32
6 32
3 32
19 32
0 33
33 45
7 33
33 38
4 33
8 33
33 53
18 33
1 33
16 33
33 43
33 49
33 50
33 40
2 33
33 34
9 33
32 33
40 44
6 44
9 44
3 44
14 44
17 44
22 57
48 57
25 57
55 57
26 57
28 57
57 58
0 57
51 57
38 57
4 57
23 57
57 59
31 57
1 57
16 57
30 57
49 57
11 57
40 57
22 36
36 48
25 36
36 55
29 36
10 36
0 36
36 45
36 51
36 38
36 56
23 36
36 59
31 36
1 36
16 36
13 36
11 36
36 39
36 50
2 36
36 42
22 52
48 52
25 52
52 55
21 52
26 52
28 52
10 52
35 52
0 52
7 52
4 52
52 56
8 52
52 53
31 52
1 52
16 52
43 52
49 52
39 52
37 52
36 52
6 52
9 52
32 52
46 52
33 52
4 27
8 27
27 59
1 27
24 27
16 27
13 27
11 27
27 39
27 37
2 27
6 27
27 34
27 46
27 44
19 27
14 27
27 47
27 42
27 54
5 26
5 28
5 35
5 45
5 7
4 5
5 56
5 23
5 59
5 31
1 5
5 16
5 30
5 49
5 11
5 40
2 5
5 34
5 9
5 32
5 44
5 19
5 27
5 17
5 47
15 22
15 48
15 25
15 21
15 26
15 28
0 15
15 45
7 15
15 38
15 56
8 15
15 53
15 18
15 24
15 16
13 15
11 15
15 39
15 40
2 15
15 36
15 34
3 15
15 46
15 19
14 15
15 17
15 20
15 52
15 57
5 15
5 57
5 52
27 52
17 52
42 52
41 52
36 57
9 36
20 36
14 36
36 54
3 36
17 36
36 41
6 57
9 57
3 57
44 57
19 57
14 57
54 57
20 57
12 58
12 45
12 51
4 12
12 56
8 12
12 59
12 18
12 24
12 30
12 13
12 49
12 50
12 37
2 12
12 34
9 12
12 46
12 44
12 19
12 14
12 17
12 20
12 42
12 41
12 57
41 44
33 44
20 33
33 47
17 33
33 41
19 33
33 54
32 41
14 32
20 32
32 42
32 46
46 47
46 54
19 46
42 46
17 47
20 47
42 47
41 47
6 42
6 34
6 19
6 9
3 37
37 40
14 37
34 37
2 37
17 37
2 17
17 34
3 17
17 54
39 40
19 39
2 39
20 39
9 39
2 19
2 54
34 54
3 54
42 54
41 54
20 54
13 49
13 41
13 20
42 49
42 50
40 42
3 42
14 42
41 42
11 30
30 49
9 30
30 50
30 40
20 30
11 49
11 20
11 19
9 11
3 11
11 40
11 41
11 14
19 50
19 34
19 20
40 43
34 43
14 43
41 43
3 50
3 40
3 34
3 41
1 24
1 40
1 41
1 49
49 50
34 49
14 49
14 31
31 41
31 34
9 31
31 50
16 31
16 41
41 50
40 41
14 41
9 59
18 59
53 59
50 59
14 18
18 34
9 18
18 40
16 18
18 24
18 20
20 24
16 24
14 24
24 34
9 24
24 50
4 23
14 23
23 34
16 23
9 23
8 23
23 50
23 53
23 40
14 53
34 53
16 53
20 53
20 50
20 34
9 20
14 20
38 40
8 38
38 50
50 56
34 50
9 50
8 35
35 40
0 40
7 40
40 51
40 56
14 40
34 40
51 58
8 58
0 51
7 51
34 51
14 51
16 51
9 51
51 56
8 51
7 10
8 10
0 7
7 16
7 14
7 34
7 9
7 56
7 8
0 28
0 8
8 34
8 16
8 14
0 9
9 56
9 14
21 56
26 56
0 56
16 56
14 56
34 56
26 55
26 34
0 34
16 34
25 26
16 26
0 16
14 16
14 48
26 48
14 26
0 14
22 26
0 26
