60 708
31 36
4 31
36 47
4 47
36 56
4 56
47 56
31 56
1 36
1 4
1 56
12 36
4 12
12 56
12 31
12 47
1 12
36 57
4 57
56 57
12 57
29 47
29 31
1 29
16 36
4 16
16 56
12 16
16 29
28 47
28 31
1 28
28 57
16 28
10 36
4 10
10 56
10 12
10 29
10 28
31 38
38 47
1 38
38 57
16 38
20 36
4 20
20 56
12 20
20 29
20 28
20 38
7 36
4 7
7 56
7 12
7 29
7 38
7 31
7 47
1 7
7 57
7 16
8 36
4 8
8 56
8 12
8 29
8 28
8 38
7 8
8 32
36 37
4 37
37 56
12 37
29 37
28 37
7 37
15 47
15 31
1 15
15 57
15 16
25 38
15 25
13 38
13 32
13 30
13 31
13 47
1 13
36 46
46 56
12 46
28 46
32 46
37 46
13 46
36 54
4 54
54 56
12 54
29 54
28 54
7 54
32 54
37 54
47 54
31 54
1 54
36 49
4 49
49 56
12 49
29 49
28 49
7 49
37 49
30 49
49 54
16 49
17 47
17 31
38 41
32 41
13 41
41 54
8 41
17 41
26 37
8 26
26 57
17 26
26 41
26 39
9 36
4 9
9 56
9 12
9 28
9 38
7 9
9 15
9 13
9 54
9 57
24 36
4 24
24 56
12 24
24 28
24 38
7 24
15 24
24 37
24 54
24 57
17 24
24 31
24 47
53 56
28 53
7 53
32 53
30 53
8 53
16 53
24 53
19 30
19 54
8 19
16 44
31 44
20 44
44 47
1 44
19 44
33 56
33 38
32 33
15 33
33 37
8 33
16 33
33 44
19 33
26 33
25 33
32 59
15 59
37 59
54 59
57 59
24 59
26 59
9 59
25 59
33 59
10 59
4 14
14 56
12 14
14 28
7 14
14 32
13 14
14 54
14 16
14 24
14 44
9 14
6 7
6 37
6 13
6 54
6 16
6 24
6 19
6 26
6 10
36 51
4 51
51 56
12 51
29 51
28 51
38 51
7 51
32 51
15 51
30 51
51 54
16 51
24 51
26 51
9 51
6 51
51 59
13 40
40 54
8 40
24 40
19 40
40 53
6 40
33 40
34 36
34 56
12 34
34 38
7 34
15 34
30 34
8 34
34 57
24 34
19 34
26 34
6 34
33 34
34 40
7 45
15 45
30 45
8 45
45 57
17 45
44 45
9 45
25 45
33 45
40 45
10 45
55 57
17 55
19 55
9 55
6 55
33 55
14 55
45 55
46 55
4 22
22 56
12 22
22 28
22 32
22 37
22 30
13 22
16 22
22 24
22 44
22 26
22 25
22 33
22 40
22 46
30 42
13 42
42 57
17 42
26 42
42 53
9 42
33 42
40 42
5 9
5 33
5 40
16 43
17 43
19 43
43 53
6 43
43 59
14 43
5 43
43 49
22 43
43 55
36 58
56 58
12 58
28 58
38 58
15 58
13 58
54 58
57 58
17 58
26 58
9 58
25 58
21 46
27 44
9 27
25 27
21 27
27 59
5 27
27 46
27 31
22 27
36 52
4 52
52 56
12 52
29 52
28 52
38 52
7 52
32 52
37 52
13 52
52 54
52 57
17 52
19 52
52 53
9 52
52 59
0 52
45 52
42 52
31 52
36 50
4 50
50 56
12 50
29 50
28 50
7 50
32 50
13 50
8 50
16 50
24 50
19 50
26 50
25 50
50 59
40 50
45 50
49 50
31 50
50 52
1 50
50 58
18 38
15 18
18 37
13 18
18 57
18 24
18 44
18 53
6 18
18 59
14 18
5 18
18 42
35 56
12 35
35 38
35 37
30 35
35 54
16 35
35 44
19 35
9 35
25 35
21 35
35 40
5 35
35 49
2 6
2 33
2 40
2 5
2 46
2 35
2 22
2 10
2 55
23 36
23 56
12 23
23 38
7 23
15 23
23 37
8 23
16 23
17 23
19 23
23 53
6 23
23 59
14 23
5 23
23 42
23 35
22 23
23 27
23 55
18 23
23 51
2 23
23 39
11 32
11 37
11 30
11 54
11 57
11 24
11 44
11 53
6 11
11 33
11 40
11 45
11 49
11 42
11 43
1 11
10 11
11 34
11 23
11 20
11 47
11 39
2 50
2 51
2 39
2 3
35 41
10 35
35 47
35 51
18 35
35 39
22 35
18 43
1 18
18 55
18 34
18 47
18 50
3 18
47 50
3 50
16 48
24 48
44 48
48 53
9 48
33 48
0 48
14 48
46 48
31 48
22 48
27 48
10 48
34 48
48 50
41 48
47 48
3 48
10 52
41 52
47 52
3 52
27 52
39 52
51 52
27 58
27 55
1 27
27 47
21 47
21 58
21 39
21 31
20 21
0 58
5 58
49 58
31 58
43 58
10 58
55 58
47 58
39 58
41 58
34 43
43 51
3 43
20 43
5 41
5 39
5 42
5 49
42 49
22 42
39 42
3 42
31 42
20 42
22 55
22 39
1 22
3 55
41 55
34 45
31 45
20 45
45 47
45 46
1 45
34 46
31 34
1 34
10 34
20 34
34 39
40 51
14 40
31 40
14 51
49 51
10 51
20 51
41 51
47 51
6 47
6 46
6 14
6 31
14 59
14 47
10 14
14 41
14 39
14 20
41 59
1 59
49 59
3 33
33 49
3 44
44 49
10 44
19 46
19 31
19 53
9 19
19 20
19 47
25 53
3 53
47 53
1 53
9 53
41 53
49 53
10 24
9 24
9 39
9 10
25 39
39 41
25 26
1 26
26 31
26 46
20 26
25 41
41 49
1 41
20 41
3 17
17 46
17 25
17 49
25 49
46 49
47 49
46 54
8 54
16 46
0 46
3 46
1 46
10 46
13 57
13 16
13 25
3 13
8 25
25 57
1 25
3 25
20 25
15 20
10 15
15 30
15 37
31 37
37 47
1 37
37 57
16 37
8 37
8 30
8 47
8 31
1 8
8 10
8 57
8 20
8 16
7 10
7 20
20 32
20 30
20 57
20 31
1 20
10 20
3 20
10 38
10 32
10 30
10 57
28 32
16 32
16 30
16 31
16 47
3 16
1 16
29 57
29 32
32 57
30 57
47 57
31 57
1 57
12 32
1 32
1 30
0 1
1 31
32 56
32 47
30 47
4 32
31 32
30 31
3 31
32 36
30 32
3 30
0 3
