60 177
0 54
6 54
4 11
27 32
30 32
4 30
19 30
4 47
11 47
19 37
37 47
11 58
4 20
20 47
20 58
9 49
36 49
9 59
5 59
4 18
18 19
18 58
18 36
18 20
4 56
47 56
13 56
36 56
55 56
11 48
10 48
10 41
10 56
10 30
4 40
40 47
13 40
11 31
16 31
31 40
30 31
5 40
42 56
17 20
17 42
18 25
0 29
25 29
29 41
29 59
18 24
24 29
24 25
24 27
24 54
24 53
57 58
34 41
34 57
9 14
14 34
14 20
14 42
14 56
14 16
39 58
34 39
5 39
12 39
33 47
33 34
20 33
12 33
33 59
7 52
13 38
36 38
20 38
38 41
38 52
17 38
21 38
3 20
3 12
3 59
3 37
3 21
3 49
33 38
50 52
25 52
7 33
7 22
44 57
35 44
26 44
2 26
1 25
1 2
1 46
26 46
26 45
1 45
30 44
7 35
11 35
16 23
15 23
23 39
8 23
8 37
8 27
8 49
15 28
15 59
11 15
11 43
28 43
28 35
28 39
33 40
12 57
30 39
14 39
14 54
11 34
0 57
56 57
22 57
54 57
22 53
22 49
11 29
17 25
17 27
17 40
40 42
40 56
10 40
50 51
10 51
48 50
16 48
50 55
16 50
11 50
13 41
18 41
30 41
37 41
18 27
18 59
30 59
5 16
5 30
5 49
6 49
37 49
9 27
9 30
9 36
36 37
27 36
20 36
37 58
0 37
16 37
16 47
27 47
30 47
4 27
19 27
6 27
27 54
11 19
16 19
6 16
