60 885
21 56
53 56
21 53
27 56
27 53
10 21
10 27
38 56
38 53
10 38
29 56
21 29
27 29
29 38
34 56
34 53
10 34
29 34
11 56
11 21
11 27
11 38
17 56
17 53
10 17
17 29
11 17
2 56
2 53
2 10
2 29
2 11
2 21
2 27
2 38
14 56
14 53
10 14
14 29
11 14
2 14
14 21
3 56
3 21
3 27
3 38
12 56
12 53
10 12
12 29
11 12
2 12
12 21
3 12
33 56
33 53
10 33
29 33
11 33
2 33
21 33
3 33
27 33
33 38
14 33
12 33
33 34
17 33
44 56
44 53
10 44
29 44
11 44
2 44
21 44
3 44
33 44
16 56
16 53
10 16
16 29
11 16
2 16
16 21
3 16
16 33
16 27
16 38
14 16
12 16
16 34
16 17
16 44
22 56
22 53
10 22
22 29
11 22
2 22
21 22
3 22
22 33
16 22
49 56
49 53
11 49
2 49
21 49
3 49
16 49
27 49
38 49
17 49
14 49
12 49
34 49
44 49
15 56
15 53
10 15
15 29
11 15
2 15
15 21
3 15
15 33
15 16
15 49
28 56
28 53
28 29
2 28
21 28
3 28
28 33
27 28
28 38
17 28
14 28
12 28
28 34
15 28
28 44
26 56
26 53
10 26
26 29
11 26
2 26
21 26
3 26
26 33
16 26
26 49
26 28
6 56
6 53
6 29
2 6
6 21
3 6
6 33
6 49
6 27
6 38
6 14
6 17
6 12
6 34
6 15
6 26
6 22
6 44
47 56
2 47
21 47
6 47
32 56
32 53
21 32
32 49
27 32
32 38
12 32
32 34
14 32
17 32
15 32
22 32
32 44
26 32
40 56
21 40
32 40
19 56
19 53
10 19
19 29
11 19
2 19
19 21
3 19
19 33
16 19
19 49
19 28
6 19
19 27
19 38
14 19
19 34
17 19
12 19
39 56
39 53
10 39
29 39
2 39
21 39
3 39
33 39
16 39
28 39
19 39
22 39
4 56
4 53
4 10
4 29
4 11
2 4
4 21
3 4
4 33
4 16
4 49
4 6
4 32
42 56
42 53
2 42
21 42
33 42
28 42
32 42
19 42
27 42
38 42
17 42
14 42
34 42
12 42
22 42
1 56
1 21
1 33
1 28
1 6
1 42
54 56
53 54
2 54
21 54
16 54
28 54
32 54
42 54
27 54
38 54
34 54
17 54
14 54
12 54
23 56
23 53
2 23
21 23
23 33
23 28
23 32
22 23
23 54
21 43
21 37
27 37
37 38
15 37
41 56
21 41
6 41
22 41
41 54
37 41
27 58
55 56
53 55
10 55
29 55
11 55
2 55
21 55
3 55
33 55
49 55
19 55
22 55
54 55
43 55
55 58
7 56
7 53
7 10
7 29
7 11
2 7
7 21
3 7
7 33
7 16
7 49
7 28
7 32
7 19
4 7
7 43
7 58
7 27
9 56
9 21
9 33
9 16
6 9
9 19
9 22
9 43
9 58
7 9
21 35
45 56
21 45
6 45
42 45
22 45
43 45
45 58
7 45
27 45
52 56
21 52
33 52
28 52
32 52
22 52
4 52
37 52
43 52
45 52
27 52
56 57
2 57
21 57
16 57
6 57
22 57
4 57
37 57
43 57
45 57
52 57
21 59
7 59
35 59
31 56
31 53
10 31
29 31
11 31
2 31
21 31
3 31
31 33
16 31
31 49
28 31
31 32
22 31
4 31
31 43
15 31
7 31
31 35
27 31
25 58
7 25
25 31
25 59
25 57
23 25
25 41
36 56
36 53
2 36
21 36
16 36
36 49
6 36
19 36
36 54
36 37
15 36
36 45
36 52
21 50
43 50
15 50
45 50
50 52
27 50
38 50
0 50
1 50
23 50
41 50
50 55
40 50
44 50
46 56
21 46
33 46
46 49
32 46
19 46
4 46
37 46
46 58
7 46
46 52
46 50
46 57
20 52
20 31
20 59
20 55
20 27
9 20
30 56
30 53
11 30
2 30
21 30
30 33
16 30
30 49
6 30
30 42
30 54
4 30
30 43
7 30
30 35
30 50
30 55
20 30
13 21
13 37
13 15
7 13
13 35
13 31
13 57
13 55
12 13
21 24
24 28
24 32
24 42
22 24
24 37
24 43
24 58
24 52
24 31
24 59
20 24
13 24
24 36
24 34
14 24
5 56
5 53
2 5
5 21
5 16
5 49
5 6
5 42
5 22
4 5
5 15
5 7
5 52
5 50
5 57
5 55
5 41
5 46
5 24
51 56
51 53
29 51
2 51
21 51
3 51
16 51
28 51
32 51
22 51
51 54
4 51
51 58
45 51
35 51
31 51
51 59
51 55
41 51
13 51
12 51
9 51
40 51
39 51
48 56
48 53
10 48
29 48
11 48
2 48
21 48
3 48
33 48
16 48
48 49
28 48
6 48
19 48
48 54
37 48
15 48
48 58
48 52
31 48
48 59
20 48
13 48
46 48
12 48
48 51
39 48
9 48
1 48
38 48
47 48
34 48
44 48
14 48
14 51
34 51
1 51
0 51
5 51
1 5
5 26
5 25
5 14
18 21
18 42
18 54
4 18
15 18
7 18
18 52
18 31
18 55
18 20
18 41
18 36
18 24
18 30
5 18
9 18
0 18
18 40
17 18
8 21
8 19
8 54
8 43
8 58
8 45
8 52
8 31
8 57
8 20
8 13
8 46
8 24
8 30
8 39
8 9
8 18
8 38
8 40
8 44
8 14
8 25
18 47
18 25
5 17
5 27
5 44
0 24
24 26
24 38
24 25
24 30
13 34
13 40
13 36
13 30
13 44
9 13
13 46
30 46
12 30
26 30
30 38
27 30
30 47
17 30
30 44
20 47
17 20
20 46
20 41
0 20
23 46
46 47
0 46
1 46
26 46
40 46
25 46
12 50
36 50
39 50
36 59
23 36
14 36
36 38
25 36
34 36
27 36
17 36
12 36
36 39
36 40
0 25
1 25
25 38
17 25
25 40
31 59
31 34
9 31
26 31
14 31
31 47
27 59
17 59
57 59
26 59
0 59
44 59
40 59
41 59
27 57
55 57
34 57
1 57
12 57
14 57
9 57
39 57
23 57
47 52
1 52
44 52
40 52
41 52
35 45
44 45
17 45
41 45
40 45
45 47
1 45
38 45
39 45
27 35
23 35
14 35
0 35
35 55
34 35
17 35
12 35
35 38
26 35
9 35
9 23
9 12
9 39
0 9
9 47
9 34
9 26
7 23
7 14
7 26
7 55
0 7
7 39
27 55
38 55
17 55
47 55
26 55
39 55
1 55
38 58
39 58
41 58
44 58
0 58
12 58
34 58
14 41
41 47
38 41
39 41
41 44
26 41
27 41
0 41
34 37
14 37
37 40
37 43
26 37
37 39
27 43
38 43
0 43
23 43
17 43
43 44
12 43
15 23
23 27
12 23
23 38
23 44
23 34
23 40
14 23
1 23
17 23
47 54
15 54
1 54
26 54
40 54
1 4
1 15
1 12
1 26
0 1
1 44
1 14
1 38
26 42
42 44
15 42
4 42
0 42
42 47
4 22
4 27
4 38
4 34
4 44
4 14
4 12
4 39
4 17
4 47
12 39
39 40
38 39
34 39
39 47
0 39
19 26
0 19
19 44
15 19
19 22
19 40
15 40
26 40
27 40
34 40
17 40
32 47
15 47
12 47
27 47
34 47
14 47
44 47
15 26
17 26
26 44
26 38
26 27
22 28
0 28
15 27
15 38
15 17
14 15
12 15
15 34
22 49
0 49
22 27
22 38
12 22
14 22
17 22
22 34
0 22
0 16
12 44
38 44
14 44
0 33
12 17
12 27
3 17
3 14
3 34
0 3
0 14
14 27
2 34
2 17
0 2
17 21
17 27
17 38
17 34
11 34
0 11
21 34
0 34
27 34
0 29
21 38
0 10
21 27
0 27
0 53
0 21
0 56
