60 885
8 25
8 58
25 58
8 59
58 59
8 26
26 58
25 26
26 59
8 12
12 58
12 26
5 8
5 25
5 59
5 12
8 42
42 58
26 42
5 42
8 57
57 58
26 57
25 57
57 59
12 57
8 13
13 58
13 26
5 13
13 57
25 39
39 59
12 39
7 8
7 58
7 26
5 7
7 57
7 39
8 55
55 58
26 55
55 57
39 55
25 55
55 59
12 55
42 55
8 47
47 58
26 47
5 47
47 57
39 47
47 55
25 47
47 59
12 47
8 56
56 58
26 56
5 56
56 57
39 56
55 56
47 56
8 34
26 34
34 47
25 34
34 59
12 34
34 56
8 23
23 58
23 26
5 23
23 57
23 39
23 55
23 47
23 34
8 31
26 31
25 31
31 59
12 31
23 31
13 31
31 56
7 31
31 42
8 10
10 58
10 26
5 10
10 57
10 39
10 55
10 47
10 34
10 31
8 18
18 58
18 26
5 18
18 57
18 55
18 47
18 31
18 25
18 59
12 18
18 42
18 56
18 23
7 18
13 18
8 35
35 58
26 35
5 35
35 57
35 39
35 55
35 47
34 35
31 35
18 35
8 15
15 25
15 59
12 15
15 56
15 23
7 15
15 42
13 15
8 17
17 58
17 26
5 17
17 57
17 39
17 55
17 47
17 34
17 31
17 18
15 17
8 46
46 58
26 46
5 46
46 57
46 55
46 47
18 46
15 46
25 46
46 59
12 46
46 56
7 46
23 46
13 46
42 46
17 46
8 22
22 58
22 26
5 22
22 57
22 39
22 55
22 47
22 34
22 31
18 22
15 22
22 46
8 24
24 58
24 26
24 57
24 39
24 55
24 47
24 31
18 24
24 46
24 25
24 59
12 24
23 24
13 24
24 56
24 42
7 24
1 8
1 26
1 57
1 55
1 47
1 34
1 18
1 24
25 44
44 59
12 44
44 56
42 44
13 44
7 44
23 44
8 51
34 51
15 51
24 51
44 51
8 43
43 58
26 43
5 43
43 57
39 43
43 55
43 47
34 43
31 43
15 43
43 46
25 43
43 59
12 43
43 56
6 43
8 19
19 46
8 29
26 29
29 47
29 34
15 29
29 46
25 29
29 59
12 29
13 29
23 29
29 56
29 42
7 29
8 36
26 36
36 57
36 55
36 47
31 36
18 36
29 36
36 44
1 36
4 25
4 59
4 12
38 43
1 38
4 38
25 52
52 59
12 52
13 52
8 32
32 58
26 32
32 55
32 47
32 34
18 32
29 32
32 43
1 32
32 52
9 32
6 32
32 59
4 28
20 29
1 20
4 20
20 52
20 25
20 59
7 20
8 30
30 46
30 44
1 30
4 30
20 30
9 30
11 25
11 51
16 44
1 16
16 19
16 52
6 16
11 16
16 30
12 16
16 25
8 21
21 31
15 21
21 46
21 43
1 21
19 21
20 21
6 21
21 22
21 28
12 21
16 21
21 56
2 8
2 58
2 26
2 5
2 57
2 55
2 47
2 34
2 18
2 24
2 43
2 19
2 4
2 20
2 6
2 11
2 28
25 40
17 40
8 49
49 58
26 49
39 49
47 49
34 49
18 49
24 49
29 49
1 49
19 49
49 52
49 59
22 49
30 49
40 49
42 49
36 49
32 49
3 6
3 22
3 30
3 12
3 42
3 36
3 32
3 38
0 3
8 33
33 46
29 33
1 33
4 33
9 33
6 33
22 33
28 33
12 33
33 42
33 56
32 33
3 33
33 51
33 49
8 54
54 58
26 54
5 54
54 57
39 54
54 55
47 54
34 54
31 54
18 54
15 54
46 54
24 54
44 54
1 54
52 54
20 54
54 59
22 54
28 54
30 54
40 54
54 56
32 54
8 14
14 58
14 26
5 14
14 39
14 55
14 47
14 31
14 15
14 46
14 43
1 14
14 19
9 14
6 14
14 22
14 28
14 30
14 16
14 56
14 32
8 48
48 58
26 48
5 48
48 57
39 48
48 55
47 48
34 48
31 48
15 48
24 48
29 48
1 48
19 48
20 48
6 48
22 48
28 48
12 48
16 48
48 56
32 48
14 48
48 51
48 49
8 45
26 45
18 45
29 45
43 45
19 45
4 45
20 45
6 45
45 59
28 45
30 45
16 45
42 45
2 45
3 45
14 45
45 49
45 54
23 45
13 45
17 45
45 48
8 37
26 37
37 47
34 37
15 37
24 37
37 43
19 37
4 37
20 37
6 37
11 37
30 37
37 40
37 42
36 37
32 37
3 37
37 51
7 37
37 45
23 37
37 38
17 37
8 50
50 58
26 50
5 50
50 57
39 50
50 55
47 50
34 50
18 50
15 50
24 50
29 50
43 50
4 50
9 50
50 59
22 50
30 50
40 50
16 50
36 50
2 50
3 50
21 50
7 50
50 54
8 27
27 31
18 27
24 27
27 44
27 43
19 27
20 27
9 27
22 27
27 28
12 27
16 27
27 56
27 32
3 27
21 27
27 51
27 54
23 27
27 50
27 33
0 27
8 53
26 53
53 57
53 55
47 53
31 53
46 53
24 53
44 53
19 53
52 53
20 53
9 53
53 59
28 53
40 53
16 53
36 53
2 53
3 53
14 53
49 53
23 53
13 53
27 53
48 53
33 53
17 53
38 53
10 53
27 35
27 48
37 50
25 50
0 50
33 50
38 50
35 50
33 37
8 41
41 58
26 41
5 41
41 57
41 47
34 41
31 41
18 41
41 46
41 44
19 41
4 41
20 41
41 59
22 41
11 41
30 41
41 42
36 41
2 41
14 41
21 41
41 49
41 54
13 41
37 41
41 48
0 41
17 41
10 41
35 41
25 37
38 45
25 45
23 48
10 48
35 48
0 48
14 17
14 21
14 35
7 14
10 14
14 51
14 54
21 54
49 54
35 54
33 54
10 54
0 54
25 33
0 33
33 38
3 13
3 49
3 23
49 51
23 49
7 49
25 49
36 40
38 40
2 40
40 56
13 40
2 16
2 36
2 56
2 7
2 21
2 38
2 10
2 13
0 2
2 25
13 21
21 51
17 21
21 23
0 21
21 25
16 51
16 38
16 32
10 16
16 23
11 28
11 35
11 30
11 13
0 11
11 42
11 56
7 11
25 30
30 38
30 51
10 30
30 35
30 42
0 30
20 35
9 20
20 28
10 20
20 23
9 28
25 28
28 36
13 28
17 28
12 28
23 28
28 32
12 32
32 36
25 32
32 35
23 32
17 32
9 52
10 52
52 56
6 52
38 52
17 52
9 38
38 59
36 38
38 51
7 38
23 38
25 38
10 38
4 6
4 22
4 35
4 36
4 17
4 23
4 51
9 36
36 59
22 36
36 42
7 36
25 36
10 36
35 36
9 29
29 35
10 29
19 29
22 29
17 29
19 43
19 25
19 59
12 19
6 19
19 23
13 19
19 56
19 42
7 19
6 25
6 59
6 17
6 42
6 56
6 23
6 13
6 7
13 43
7 43
42 43
23 43
43 51
35 43
10 43
9 51
51 59
12 51
42 51
51 56
35 51
7 51
10 51
9 44
1 44
1 25
1 59
1 12
1 42
1 17
1 56
1 9
1 22
1 7
24 35
17 24
22 24
10 24
9 22
22 59
22 25
12 22
17 22
22 42
10 22
22 23
35 46
10 46
17 42
17 56
7 17
13 17
17 25
17 35
10 17
10 15
15 35
9 15
35 59
12 35
35 42
7 35
23 35
25 35
10 18
10 59
10 12
7 10
10 13
0 10
9 31
12 23
23 56
13 23
7 34
34 42
13 34
9 34
56 59
12 56
42 56
13 56
0 56
42 47
7 47
13 47
9 47
13 55
7 55
9 55
7 59
7 12
7 42
0 7
7 13
39 42
13 39
9 39
9 13
12 13
0 13
13 25
42 57
9 57
9 42
25 42
0 42
5 9
9 12
12 59
12 25
9 26
9 59
25 59
0 59
9 58
9 25
8 9
0 9
