60 531
13 47
9 47
13 38
9 38
36 47
36 38
13 53
9 53
36 53
15 47
15 38
13 59
9 59
36 59
15 59
35 36
35 47
35 38
28 35
35 40
40 47
38 40
13 22
22 36
15 22
22 40
13 58
9 58
36 58
15 58
35 58
40 58
47 58
38 58
13 25
9 25
25 36
15 25
25 35
2 9
2 36
2 15
2 40
2 47
2 38
2 25
0 2
2 53
2 59
2 49
47 55
38 55
20 58
20 55
47 54
38 54
33 36
15 33
33 35
33 40
2 33
1 15
1 40
1 2
1 58
1 47
1 38
2 12
1 12
12 54
23 35
23 40
23 58
1 23
23 55
15 37
35 37
2 37
1 37
13 44
9 44
36 44
15 44
35 44
40 44
2 44
1 44
44 47
38 44
13 39
9 39
36 39
15 39
35 39
39 40
39 58
39 55
39 44
23 39
16 47
3 35
3 40
3 58
3 55
3 44
3 37
3 16
3 39
3 12
18 43
30 47
9 14
14 36
14 15
14 35
2 14
14 58
14 54
14 23
41 47
41 51
30 51
12 51
34 39
2 10
1 10
10 44
10 37
10 41
6 55
6 37
6 43
6 21
19 55
19 23
19 43
19 21
10 19
19 33
2 5
5 55
5 44
5 23
5 16
5 30
5 39
5 34
2 42
1 42
42 44
42 54
41 42
6 42
10 42
34 42
5 42
14 31
25 31
39 56
34 56
52 58
1 52
52 54
37 52
41 52
30 52
10 52
18 52
0 52
17 43
17 30
10 17
17 18
17 52
17 31
17 19
17 49
7 13
7 9
7 36
7 15
7 35
7 40
7 58
1 7
7 44
7 37
7 41
6 7
7 12
7 33
5 7
7 53
15 57
40 57
57 58
55 57
44 57
37 57
16 57
6 57
39 57
34 57
14 57
53 57
3 57
50 52
25 50
50 57
47 50
42 50
13 26
26 36
15 26
26 40
26 58
26 55
26 44
26 54
16 26
26 30
10 26
18 26
14 26
25 26
12 24
24 34
5 24
24 31
24 26
24 47
3 24
0 24
12 29
29 34
5 29
25 29
29 57
29 47
3 29
29 45
29 59
24 29
17 29
22 29
24 28
24 42
24 51
26 59
4 13
4 9
4 36
4 15
4 35
4 40
4 58
1 4
4 54
4 23
4 43
4 21
4 12
4 33
4 5
4 52
4 26
3 4
4 56
4 45
43 48
6 48
10 48
18 48
33 48
48 52
26 48
38 48
7 48
20 48
4 48
13 32
9 32
32 36
15 32
32 35
32 40
32 58
1 32
32 44
23 32
32 41
6 32
32 39
32 33
14 32
25 32
26 32
32 38
7 32
0 32
32 48
8 26
8 38
3 8
0 8
8 48
8 32
10 27
18 27
5 27
27 31
27 57
27 47
7 27
20 27
2 11
11 58
11 54
11 37
11 43
6 11
10 11
11 33
11 52
11 25
11 49
11 47
7 11
11 45
11 48
46 54
23 46
43 46
30 46
39 46
34 46
14 46
46 53
19 46
46 49
46 50
20 46
11 46
22 46
17 46
46 59
11 51
11 27
4 27
27 42
8 27
8 42
32 59
28 32
4 22
4 42
26 51
26 45
38 45
45 50
0 45
28 45
50 51
22 50
50 56
42 57
7 57
22 57
28 57
7 49
7 17
7 59
0 17
17 22
17 51
22 52
38 52
52 56
25 52
31 56
19 56
49 56
20 56
28 56
22 56
42 56
31 59
31 42
19 31
31 49
38 42
5 25
5 19
5 20
5 53
19 38
0 19
19 47
19 20
19 49
21 49
6 39
6 10
6 28
6 33
6 12
6 59
10 38
10 53
10 20
10 34
34 51
34 59
0 34
14 51
51 53
38 51
20 51
28 51
20 41
28 41
38 41
14 41
41 53
33 41
0 41
14 30
12 14
14 18
14 47
3 14
14 28
14 49
0 30
30 53
22 30
18 30
12 18
18 28
3 18
18 38
18 53
18 22
3 53
3 47
3 22
0 3
16 49
12 16
16 43
16 22
16 25
43 47
43 59
39 43
20 43
38 43
25 39
0 39
33 39
39 59
22 39
25 44
22 44
44 59
0 44
37 44
37 47
37 38
28 37
23 37
37 49
20 37
33 37
37 53
23 47
22 23
12 23
23 25
23 38
0 23
23 59
12 28
12 25
12 47
12 49
0 1
1 59
1 33
1 28
33 54
20 33
33 49
33 47
25 33
33 59
49 54
53 54
20 54
20 25
20 49
20 59
53 55
49 55
25 55
22 55
28 55
49 59
2 28
25 58
22 25
22 58
0 58
28 40
40 53
40 59
28 53
28 38
28 59
35 59
0 35
35 53
15 53
0 15
0 53
38 53
47 53
0 36
0 9
0 47
0 13
