60 885
0 27
0 55
0 22
22 55
0 52
52 55
22 52
27 52
0 32
32 55
32 52
22 32
0 40
40 55
22 40
27 40
32 40
0 5
5 55
5 52
5 22
5 40
0 34
34 55
22 34
27 34
32 34
0 24
24 55
24 52
22 24
24 40
24 34
24 27
25 32
24 25
5 25
0 31
31 55
31 52
22 31
31 40
31 34
27 31
25 31
0 50
50 55
50 52
22 50
40 50
27 50
32 50
5 50
24 50
0 43
43 55
43 52
22 43
40 43
34 43
27 43
25 43
43 50
0 17
17 55
17 52
17 22
17 40
17 34
17 27
17 25
17 50
17 32
17 24
5 17
0 6
6 55
6 52
6 22
6 40
6 34
6 27
6 25
6 50
6 17
22 54
27 54
50 54
32 54
5 54
24 54
6 54
43 54
0 15
15 55
15 52
15 22
15 40
15 34
15 27
15 25
15 50
15 17
15 54
28 32
24 28
5 28
28 43
28 31
6 28
0 37
37 55
37 52
22 37
37 40
34 37
27 37
25 37
37 50
17 37
37 54
28 37
32 53
5 53
24 53
43 53
31 53
6 53
37 53
15 53
0 44
44 55
44 52
22 44
40 44
34 44
27 44
25 44
44 50
17 44
44 54
28 44
44 53
32 56
5 56
24 56
37 56
43 56
6 56
15 56
31 56
0 47
47 55
47 52
22 47
40 47
34 47
27 47
25 47
47 50
17 47
47 54
28 47
47 53
47 56
27 29
28 29
29 53
29 32
24 29
5 29
29 43
6 29
15 29
29 37
29 31
29 47
0 20
20 55
20 22
20 40
20 34
20 27
20 50
20 28
20 29
0 45
45 55
22 45
27 45
25 45
45 54
29 45
32 45
24 45
5 45
31 45
15 45
43 45
6 45
37 45
4 27
4 54
4 53
4 45
0 1
1 55
1 52
1 22
1 40
1 34
1 27
1 28
32 59
5 59
24 59
43 59
37 59
31 59
15 59
6 59
3 27
3 53
3 59
0 21
21 55
21 22
21 27
21 25
21 54
21 56
21 32
5 21
21 24
0 57
55 57
52 57
22 57
40 57
34 57
27 57
25 57
50 57
17 57
54 57
28 57
57 59
21 57
1 57
0 36
36 55
36 52
22 36
34 36
27 36
36 50
36 54
36 53
21 36
1 36
32 36
0 35
35 55
22 35
27 35
17 35
35 54
35 59
29 35
1 35
35 36
35 37
32 35
0 2
2 55
2 52
2 22
2 40
2 34
2 27
2 25
2 50
2 17
2 54
2 28
2 56
2 21
1 2
2 36
38 56
29 38
1 38
18 32
18 24
5 18
18 44
0 30
30 55
30 52
22 30
30 40
30 34
27 30
25 30
30 50
17 30
30 54
28 30
30 53
30 45
1 30
18 30
30 37
4 30
9 22
9 27
9 50
9 17
9 59
9 45
1 9
9 18
9 38
9 32
0 46
46 55
22 46
34 46
27 46
17 46
46 56
45 46
21 46
18 46
37 46
4 46
9 46
3 46
46 47
6 46
20 46
0 26
26 55
26 52
22 26
26 40
26 34
26 27
25 26
26 50
17 26
26 54
26 53
26 56
26 29
21 26
1 26
4 26
26 32
2 26
13 22
13 28
13 56
13 29
13 21
1 13
13 38
4 13
9 13
22 42
27 42
17 42
28 42
42 56
29 42
16 22
16 53
16 59
16 45
16 32
5 16
16 24
1 16
14 16
14 36
14 37
4 14
2 14
3 14
5 14
14 42
7 22
7 34
7 27
7 28
7 59
7 29
7 21
1 7
7 38
4 7
2 7
7 14
7 47
6 7
7 43
7 26
7 44
0 12
12 55
12 52
12 22
12 40
12 34
12 27
12 25
12 50
12 17
12 54
12 28
12 53
12 56
12 59
12 29
12 21
12 18
12 37
12 32
2 12
3 12
12 47
6 12
12 43
7 12
0 51
51 55
51 52
22 51
40 51
34 51
27 51
25 51
50 51
17 51
51 54
28 51
51 53
29 51
16 51
36 51
38 51
32 51
9 51
3 51
47 51
20 51
0 19
19 55
19 52
19 22
19 40
19 34
19 27
19 25
19 50
17 19
19 54
19 53
19 59
19 45
16 19
18 19
19 38
19 32
9 19
3 19
6 19
19 57
19 20
0 10
10 55
10 22
10 27
10 25
10 17
10 56
10 45
10 16
10 36
10 38
10 32
2 10
3 10
6 10
10 57
10 19
10 26
7 10
0 11
11 55
11 52
11 22
11 40
11 34
11 27
11 25
11 50
11 17
11 53
11 29
11 21
11 18
11 38
4 11
9 11
11 13
11 14
11 57
11 19
7 11
11 44
11 46
11 31
16 49
18 49
38 49
32 49
9 49
13 49
47 49
20 49
19 49
43 49
44 49
11 49
22 23
23 54
23 59
21 23
16 23
23 36
23 38
4 23
9 23
14 23
23 47
23 57
20 23
7 23
23 44
11 23
15 23
23 35
23 31
23 49
23 42
0 41
41 55
41 52
22 41
40 41
27 41
41 50
17 41
41 59
41 45
16 41
36 41
4 41
32 41
9 41
13 41
41 47
20 41
19 41
41 43
41 44
41 51
23 41
0 48
48 55
48 52
22 48
40 48
27 48
17 48
28 48
48 53
45 48
16 48
36 48
37 48
32 48
2 48
13 48
14 48
48 57
19 48
26 48
48 51
46 48
30 48
22 39
27 39
39 56
29 39
16 39
36 39
37 39
32 39
2 39
3 39
14 39
6 39
19 39
7 39
39 44
39 46
30 39
24 39
39 42
31 39
1 33
18 33
33 37
4 33
9 33
3 33
6 33
20 33
19 33
7 33
33 51
33 46
30 33
33 39
33 35
1 58
36 58
37 58
4 58
13 58
3 58
47 58
57 58
43 58
26 58
51 58
46 58
30 58
23 58
33 58
10 58
15 58
24 58
8 16
8 18
8 37
8 32
8 9
8 13
8 47
8 57
8 43
7 8
8 51
8 46
8 30
8 48
8 49
8 10
8 15
8 58
8 35
8 42
41 58
15 33
33 42
33 41
31 33
39 48
39 49
15 39
5 48
41 48
12 48
35 48
10 48
12 41
24 41
31 41
41 42
5 23
5 49
10 49
12 49
24 49
31 49
11 12
11 42
11 30
11 15
10 11
10 30
10 35
5 10
10 15
19 51
15 19
19 43
19 35
26 51
7 51
5 51
35 51
12 51
24 51
12 30
5 12
12 24
12 15
12 42
7 42
14 47
14 20
14 15
14 24
14 30
14 31
6 14
15 16
16 43
6 16
16 42
3 16
16 20
37 42
38 42
2 42
13 42
6 42
42 57
20 42
42 44
24 42
5 42
13 47
5 13
13 24
13 44
13 26
3 13
13 43
13 15
6 26
20 26
26 43
26 30
15 26
5 26
24 26
26 35
26 46
44 46
35 46
5 46
24 46
3 9
9 30
9 57
9 43
6 9
9 31
3 30
6 30
30 43
30 44
24 30
18 43
18 38
15 18
32 38
38 57
3 38
6 38
38 47
31 38
2 38
38 43
2 32
2 57
2 43
2 31
2 35
2 15
2 24
2 44
2 20
3 35
35 47
35 57
24 35
31 35
5 35
36 37
24 36
36 57
6 36
3 36
36 47
4 36
31 36
3 57
47 57
20 57
5 57
43 57
24 57
21 37
21 31
3 21
6 21
21 43
15 21
21 47
21 44
3 4
3 31
3 6
44 59
1 59
1 45
1 32
1 24
1 5
1 37
1 4
1 31
1 20
4 37
4 32
4 5
4 47
4 44
4 6
44 45
45 47
20 45
20 37
20 32
20 47
15 20
20 31
5 20
44 47
43 47
44 56
37 44
6 44
43 44
15 44
31 44
32 37
5 37
24 37
15 37
15 28
15 32
15 31
31 54
5 6
6 31
17 43
17 31
24 43
31 43
31 50
5 31
24 32
5 34
5 27
5 32
27 32
22 27
27 55
