60 708
33 51
21 33
34 51
21 34
32 33
32 34
15 51
15 21
15 32
28 33
28 34
15 28
41 51
21 41
32 41
28 41
26 41
26 31
31 33
31 34
15 31
29 51
21 29
29 32
28 29
26 29
29 31
50 51
21 50
32 50
28 50
26 50
31 50
33 50
34 50
15 50
41 50
29 50
44 51
21 44
32 44
28 44
26 44
31 44
44 50
33 53
34 53
15 53
41 53
29 53
37 51
21 37
32 37
28 37
26 37
31 37
37 50
37 53
3 33
3 34
3 15
3 29
3 41
3 37
17 26
17 50
3 17
17 34
13 26
13 50
13 53
13 34
13 33
13 15
13 44
51 59
21 59
28 59
26 59
31 59
50 59
3 59
34 59
13 59
44 59
3 7
7 33
7 34
7 15
7 41
7 29
7 39
33 52
15 52
16 51
16 21
16 32
16 26
16 31
16 50
3 16
16 52
13 16
16 44
16 19
19 30
30 33
13 40
19 40
22 33
14 21
14 26
14 31
14 50
3 14
14 34
13 14
3 25
25 34
25 52
25 33
15 25
7 12
12 34
12 25
12 44
12 19
12 30
12 39
7 20
20 52
20 25
20 44
31 56
50 56
7 56
34 56
25 56
19 56
33 56
41 56
4 56
4 30
9 56
9 22
9 33
9 59
8 21
8 28
8 31
8 50
3 8
8 34
8 13
8 25
8 22
54 56
33 54
37 54
31 58
53 58
7 58
34 58
25 58
44 58
56 58
54 58
9 58
39 58
29 58
43 51
21 43
32 43
28 43
26 43
31 43
43 50
43 53
7 43
43 52
13 43
19 43
22 43
43 54
11 21
11 26
11 50
11 53
7 11
11 34
11 13
11 19
11 22
11 30
11 33
11 15
2 31
2 53
2 7
2 34
2 52
2 44
2 19
2 30
2 11
9 47
20 47
33 47
26 57
50 57
7 57
34 57
13 57
44 57
56 57
54 57
11 57
47 57
29 57
26 46
46 50
46 53
34 46
46 52
25 46
46 56
46 54
11 46
20 46
12 46
8 46
42 51
21 42
31 42
42 50
7 42
34 42
13 42
42 44
22 42
42 54
9 42
42 47
42 43
42 46
14 42
4 42
35 56
22 35
11 35
35 47
12 35
35 46
14 35
4 35
35 40
33 35
45 52
25 45
19 45
22 45
9 45
20 45
12 45
43 45
18 51
18 21
18 32
18 26
18 31
18 50
3 18
18 34
13 18
18 44
18 56
18 30
9 18
18 20
18 47
18 46
6 13
6 25
6 56
6 22
6 11
6 20
6 29
0 6
2 6
24 51
21 24
24 28
24 26
24 31
24 53
3 24
7 24
13 24
24 25
24 56
24 30
24 54
20 24
24 43
6 24
18 24
0 24
24 40
19 49
30 49
9 49
20 49
12 49
46 49
6 49
4 49
8 49
49 57
49 59
24 49
37 49
10 51
10 21
10 32
10 28
10 26
10 31
10 50
10 53
3 10
10 34
10 13
10 25
10 56
10 30
10 54
10 47
10 12
10 43
10 18
0 10
10 35
10 57
10 49
21 55
50 55
7 55
34 55
13 55
44 55
55 56
30 55
39 55
20 55
29 55
46 55
14 55
0 55
8 55
2 55
5 51
5 21
5 32
5 26
5 31
5 50
3 5
5 34
5 52
5 25
5 19
5 54
5 11
5 47
5 12
5 46
5 18
0 5
5 8
2 5
5 41
5 15
5 59
23 40
23 57
5 23
11 38
20 38
38 43
6 38
18 38
4 38
35 38
8 38
38 55
33 38
38 59
23 38
38 41
15 38
38 45
27 51
21 27
26 27
27 50
27 53
27 34
25 27
19 27
22 27
27 30
11 27
27 47
27 29
27 46
6 27
0 27
27 35
27 57
27 55
27 38
27 58
24 27
36 51
21 36
28 36
26 36
31 36
36 50
36 53
34 36
36 52
25 36
19 36
30 36
11 36
36 39
36 43
6 36
14 36
4 36
36 40
2 36
36 49
36 37
36 58
24 36
27 36
16 36
36 42
36 59
16 27
10 27
23 27
15 23
1 51
1 21
1 28
1 26
1 31
1 50
1 7
1 34
1 52
1 44
1 56
1 22
1 9
1 39
1 29
1 43
1 6
1 40
1 8
1 57
1 5
1 37
1 15
1 23
1 42
48 55
37 48
15 48
1 48
33 48
10 48
48 59
45 48
1 10
1 33
17 23
10 23
23 45
5 33
5 45
5 55
17 55
24 55
10 55
16 55
10 58
10 42
42 49
49 58
16 49
24 37
15 24
24 59
17 24
24 45
6 59
6 37
6 18
6 41
6 14
18 45
18 57
8 18
18 58
4 18
18 37
18 59
4 45
35 45
2 45
41 45
17 45
16 45
8 35
35 57
17 35
35 42
2 42
37 42
42 58
33 42
42 59
17 46
4 46
46 57
41 46
15 46
4 57
8 57
41 57
16 57
17 57
2 47
15 47
4 47
40 47
0 47
29 47
2 43
2 14
0 2
2 40
2 37
2 15
2 33
2 58
11 43
11 29
11 14
11 20
11 17
39 43
29 43
40 43
14 43
16 43
33 43
43 58
4 58
40 58
37 58
15 58
16 58
54 59
20 54
41 54
0 54
39 54
8 54
29 54
8 9
8 39
8 12
4 8
8 16
8 37
8 59
9 16
0 9
9 40
9 39
9 41
4 9
4 29
4 40
4 15
20 56
37 56
15 56
20 39
20 33
0 20
12 20
14 20
20 37
12 29
12 37
12 16
12 17
12 33
12 41
12 15
0 25
25 41
25 37
14 25
14 22
14 30
14 29
14 16
0 14
14 33
14 15
14 17
14 40
22 39
0 22
22 40
17 22
30 40
29 40
33 40
15 40
40 41
16 30
15 30
17 30
16 39
0 16
16 41
16 17
41 52
39 52
29 52
19 52
13 39
39 44
33 39
37 39
29 39
39 59
39 41
17 39
7 19
7 44
7 37
19 34
19 44
19 33
15 19
19 37
19 29
19 59
29 59
0 59
41 59
33 59
13 29
13 17
17 44
0 17
17 37
17 41
17 33
0 3
0 37
44 53
0 53
34 44
33 44
15 44
0 44
41 44
29 44
29 34
29 33
31 41
34 41
0 41
33 41
15 41
26 28
15 26
15 34
26 32
26 34
33 34
0 34
21 26
26 33
26 51
0 26
