70 966
23 64
23 42
42 64
23 40
40 42
28 64
28 40
23 30
30 42
28 30
23 24
24 42
24 28
24 64
24 40
24 30
23 59
42 59
28 59
24 59
23 49
42 49
28 49
24 49
49 64
40 49
30 49
49 59
23 52
42 52
28 52
24 52
49 52
23 45
45 49
45 64
40 45
30 45
45 59
45 52
23 44
42 44
28 44
24 44
44 49
44 45
5 23
5 28
5 24
5 45
5 64
5 40
5 30
5 52
5 59
23 43
42 43
28 43
24 43
43 49
43 45
5 43
43 59
13 64
13 40
13 30
13 52
13 44
13 43
23 32
32 42
28 32
24 32
32 49
32 45
5 32
32 59
13 32
51 64
40 51
30 51
51 52
32 51
44 51
43 51
23 31
31 42
28 31
24 31
31 49
31 45
5 31
31 59
13 31
31 51
17 23
17 42
17 49
17 45
17 59
17 51
17 64
17 40
17 30
17 52
17 31
17 43
17 44
17 32
3 24
3 49
3 59
3 17
2 23
2 49
2 13
2 17
2 64
2 40
2 30
2 52
2 43
2 31
23 48
42 48
28 48
24 48
48 49
45 48
48 59
17 48
2 48
48 64
40 48
30 48
48 52
32 48
23 37
37 42
24 37
5 37
37 59
13 37
2 37
37 48
37 64
31 37
16 40
23 63
42 63
24 63
5 63
59 63
13 63
64 65
40 65
30 65
52 65
32 65
31 65
43 65
44 65
23 36
36 42
28 36
24 36
36 49
36 45
5 36
36 59
13 36
36 51
36 65
36 64
23 66
42 66
28 66
24 66
49 66
45 66
5 66
59 66
13 66
17 66
65 66
48 66
40 66
30 66
52 66
59 60
13 60
60 65
60 64
60 66
31 60
21 40
2 57
57 64
57 66
14 23
14 28
14 24
14 49
14 59
13 14
14 65
14 64
14 40
14 30
14 52
0 14
23 34
34 49
5 34
34 51
2 34
34 48
14 34
31 34
40 61
30 61
23 68
42 68
28 68
24 68
49 68
45 68
5 68
59 68
13 68
17 68
65 68
48 68
14 68
9 40
9 30
0 9
23 58
42 58
28 58
24 58
49 58
5 58
58 59
17 58
58 65
48 58
58 66
9 58
58 61
8 64
8 9
8 21
8 16
54 59
17 54
2 54
54 64
54 66
9 54
16 54
8 54
15 59
15 51
2 15
15 48
15 66
14 15
15 61
15 16
15 37
20 24
20 45
20 59
13 20
2 20
20 64
20 66
14 20
20 61
1 23
1 42
1 28
1 24
1 49
1 45
1 5
1 59
1 13
1 51
1 2
1 64
1 14
1 31
1 21
1 40
1 44
33 59
17 33
33 65
33 48
33 64
31 33
21 33
1 33
15 33
8 22
22 63
21 62
16 62
15 62
22 62
23 55
42 55
28 55
24 55
49 55
45 55
5 55
55 59
13 55
17 55
2 55
48 55
55 66
31 55
55 61
16 55
55 63
11 14
9 11
11 61
1 11
11 63
11 57
11 60
19 31
16 19
15 19
11 19
24 25
25 45
25 59
25 51
25 65
25 64
25 66
25 31
25 61
16 25
8 25
11 25
7 25
0 6
6 40
55 69
6 69
23 35
5 35
35 59
35 51
17 35
35 64
35 66
31 35
21 35
1 35
15 35
11 35
7 35
35 37
35 40
35 58
30 35
4 28
4 45
4 59
4 51
4 65
4 48
4 66
4 31
4 61
4 8
4 15
4 63
4 68
4 37
4 35
4 54
4 19
18 23
18 42
18 28
18 24
18 49
18 45
5 18
18 59
13 18
18 51
17 18
18 48
18 66
9 18
18 61
8 18
18 63
18 22
18 55
18 62
18 33
0 18
26 65
26 48
14 26
26 31
21 26
1 26
26 63
11 26
26 55
26 37
26 33
26 52
18 26
17 27
27 48
27 64
27 31
21 27
16 27
27 63
22 27
27 68
7 27
27 33
27 52
18 27
38 63
22 38
38 55
7 38
33 38
0 38
19 38
27 38
23 41
41 42
28 41
24 41
41 49
41 45
5 41
41 59
13 41
17 41
2 41
41 48
41 64
14 41
16 41
1 41
15 41
22 41
41 55
6 41
33 41
41 54
18 41
38 41
23 47
42 47
28 47
24 47
47 49
45 47
5 47
17 47
47 65
47 48
47 64
9 47
47 61
1 47
8 47
11 47
7 47
6 47
35 47
47 54
47 52
27 47
12 47
47 57
20 47
2 29
29 64
29 66
9 29
21 29
1 29
15 29
22 29
29 68
29 37
29 35
29 54
29 52
29 38
29 47
29 30
29 43
24 53
45 53
5 53
17 53
53 65
2 53
53 64
9 53
21 53
8 53
53 63
22 53
53 68
37 53
35 53
53 54
18 53
27 53
2 39
39 64
14 39
31 39
16 39
1 39
39 63
22 39
39 68
37 39
39 62
33 39
19 39
12 39
50 65
48 50
50 64
14 50
16 50
1 50
15 50
11 50
7 50
37 50
50 62
33 50
18 50
38 50
39 50
30 50
50 53
23 46
42 46
28 46
24 46
46 49
45 46
5 46
13 46
2 46
46 64
46 66
14 46
31 46
16 46
8 46
22 46
46 55
6 46
35 46
0 46
19 46
27 46
10 64
10 14
10 16
8 10
10 15
10 22
10 55
10 37
10 35
10 54
10 19
10 27
10 39
10 26
10 46
10 41
10 60
10 32
10 57
23 67
42 67
28 67
24 67
49 67
45 67
5 67
59 67
13 67
51 67
17 67
48 67
14 67
31 67
21 67
8 67
63 67
22 67
67 68
6 67
62 67
54 67
19 67
27 67
47 67
10 67
58 67
46 67
29 67
4 67
36 67
20 67
57 67
40 67
10 25
10 44
46 58
32 46
46 53
46 60
36 46
46 50
3 46
40 46
29 50
44 50
36 50
50 60
50 57
34 50
30 39
39 58
39 69
39 44
32 39
39 53
39 40
39 43
30 53
43 53
36 53
26 53
34 53
4 53
29 53
3 29
25 29
29 57
29 44
34 47
3 47
41 47
4 47
56 64
14 56
21 56
1 56
56 63
11 56
55 56
6 56
33 56
0 56
18 56
38 56
47 56
30 56
32 56
41 56
3 56
34 56
4 56
56 69
36 56
40 56
41 43
41 69
20 41
25 41
41 57
26 41
41 44
12 38
38 58
38 57
38 40
32 38
38 44
27 34
27 36
27 60
3 27
26 27
26 58
3 26
4 26
26 69
26 57
26 60
20 26
18 30
12 18
18 34
18 20
18 58
18 25
12 20
12 30
12 43
4 12
12 69
12 60
12 25
12 36
4 58
4 43
4 57
4 69
4 34
35 69
35 57
32 35
35 44
33 35
54 69
19 69
58 69
32 69
60 69
40 69
25 69
6 30
6 34
6 19
6 52
6 25
6 43
25 62
0 25
19 25
25 43
25 44
20 25
25 34
25 57
0 7
7 19
7 20
7 34
7 30
7 37
7 62
7 36
19 62
0 19
19 52
19 60
19 57
19 32
11 68
3 11
11 55
11 20
11 40
11 54
11 58
11 34
55 58
55 62
55 57
52 55
54 55
33 55
36 55
37 55
60 62
3 62
44 62
20 62
43 62
34 62
0 62
36 62
22 44
22 43
22 33
22 32
0 22
33 37
3 33
33 54
33 60
33 52
20 33
1 20
1 52
1 30
1 68
1 63
1 43
0 1
15 20
20 37
20 30
20 32
3 20
20 44
20 36
3 15
15 57
15 32
15 54
15 34
15 43
15 40
37 54
0 54
54 60
43 54
54 58
44 54
8 57
8 58
8 36
8 40
8 34
8 37
8 60
8 52
58 63
37 58
30 58
40 58
36 58
44 58
9 68
9 52
9 31
61 68
63 68
30 68
37 68
52 68
36 68
43 68
60 68
3 68
32 68
40 68
44 68
34 61
36 61
32 61
52 61
0 61
43 61
0 34
30 34
32 34
34 36
34 40
14 32
14 43
14 57
14 36
21 57
37 57
52 57
43 57
21 60
21 44
3 21
16 60
43 60
3 60
44 60
40 60
43 66
44 66
36 66
31 66
3 66
63 66
36 63
0 36
36 52
36 44
63 65
48 63
31 63
16 63
30 63
0 63
44 63
16 30
16 37
16 32
3 16
32 37
31 48
2 44
0 2
2 3
2 32
3 64
3 31
0 3
3 52
3 30
3 32
3 40
31 40
30 31
31 44
32 64
32 52
32 43
32 40
0 13
43 64
43 52
30 43
5 44
0 5
44 59
44 64
44 52
52 59
52 64
0 52
40 52
0 49
59 64
40 59
30 59
0 24
30 64
0 30
40 64
0 40
0 42
0 64
0 23
