70 241
49 54
43 54
21 49
2 54
2 21
22 49
2 22
34 54
21 34
22 34
31 34
34 49
33 54
21 33
22 33
44 49
51 54
21 51
22 51
44 51
2 51
34 51
2 45
43 45
54 58
49 62
58 62
16 22
16 62
16 49
11 54
11 44
12 49
12 58
12 36
34 36
54 56
44 56
49 56
43 56
45 56
2 7
55 64
34 55
6 49
6 11
6 16
6 55
6 23
35 49
35 43
6 35
35 51
33 35
23 35
2 37
37 64
27 49
27 34
27 66
16 27
13 49
11 13
13 45
49 67
43 67
56 67
16 67
30 45
30 67
8 18
5 21
5 62
5 49
5 34
5 66
3 52
21 25
25 62
2 25
25 64
3 25
16 25
7 25
5 25
49 60
60 64
37 60
52 60
52 63
10 63
3 26
10 26
50 51
2 15
11 15
15 56
15 67
15 50
1 56
1 10
1 27
54 59
44 59
49 59
11 59
37 59
52 59
1 59
19 38
20 29
19 29
29 30
4 26
4 29
2 41
41 43
3 41
41 42
36 42
42 55
9 49
9 11
9 37
9 42
9 39
9 53
3 40
13 40
27 40
40 53
40 59
9 40
9 59
1 41
19 41
41 51
17 41
17 24
24 55
19 59
1 46
33 46
6 32
16 32
32 50
32 46
8 69
61 69
55 69
2 47
47 64
6 47
47 67
47 69
15 47
45 57
10 57
52 68
13 68
7 68
33 68
53 68
57 68
36 57
55 57
47 57
47 51
58 61
30 61
32 61
32 33
15 46
15 23
38 50
3 65
16 65
38 65
63 65
60 65
48 65
38 39
39 58
26 39
18 26
26 33
8 63
60 63
51 63
25 60
48 60
14 27
14 25
14 23
14 28
23 28
5 52
5 7
5 18
5 55
18 48
8 30
30 58
13 67
13 48
13 20
20 27
20 36
48 66
37 66
33 37
37 53
35 53
36 53
7 35
7 23
7 64
7 56
36 56
36 58
11 12
11 43
11 16
43 62
43 58
45 58
0 58
45 51
33 44
2 44
44 48
33 49
33 34
34 48
21 43
31 43
43 49
31 49
48 49
31 48
0 48
