70 966
44 59
42 59
42 51
34 59
34 51
34 42
34 44
23 59
23 51
23 34
19 59
19 34
19 44
19 42
11 59
11 51
11 34
11 19
59 66
51 66
34 66
19 66
42 66
44 66
11 66
23 66
1 59
1 51
1 34
1 19
1 66
41 59
34 41
19 41
41 66
41 42
41 44
23 41
1 41
11 41
52 59
51 52
34 52
19 52
52 66
41 52
9 59
9 51
9 34
9 19
9 66
9 41
9 42
9 44
9 23
1 9
9 11
9 52
59 63
51 63
34 63
19 63
63 66
41 63
9 63
1 63
1 24
24 42
24 44
11 24
23 24
24 52
40 59
40 51
34 40
19 40
40 66
40 41
9 40
1 40
24 40
16 44
16 42
16 23
11 16
16 52
16 63
16 40
31 59
31 51
31 34
19 31
31 66
31 41
9 31
1 31
24 31
16 31
25 59
25 51
25 34
19 25
25 66
25 41
9 25
1 25
24 25
16 25
25 44
25 42
11 25
23 25
25 52
25 40
25 63
9 32
16 32
25 32
32 44
26 59
26 34
19 26
26 66
26 41
9 26
1 26
24 26
44 46
42 46
11 46
23 46
46 52
46 63
40 46
17 34
17 66
1 17
17 24
17 46
17 44
59 64
34 64
19 64
64 66
41 64
24 64
25 30
30 42
30 44
23 30
11 30
30 52
48 59
41 48
9 48
1 48
30 48
44 48
26 48
42 48
11 48
23 48
34 57
57 66
9 57
1 57
46 57
44 57
42 54
11 54
23 54
46 49
26 49
49 54
42 49
11 49
23 49
25 53
26 53
53 54
49 53
52 53
9 45
24 45
25 45
44 45
26 45
45 49
42 45
11 45
23 45
59 69
66 69
1 69
16 69
46 69
44 69
64 69
49 69
45 69
22 69
36 59
36 51
34 36
19 36
36 66
36 41
9 36
1 36
24 36
16 36
25 36
36 44
36 64
36 48
36 45
36 40
1 37
24 37
37 46
37 44
26 37
37 49
37 52
22 37
36 37
26 67
48 67
45 67
40 67
23 67
57 67
67 69
39 59
34 39
19 39
39 66
39 41
9 39
1 39
16 39
25 39
30 39
39 64
39 48
39 45
23 39
36 39
39 67
59 61
34 61
19 61
61 66
41 61
9 61
1 61
24 61
25 61
44 61
61 64
48 61
49 61
40 61
36 61
61 67
39 61
42 61
8 59
8 66
8 41
1 8
8 30
8 44
8 26
8 49
8 52
8 40
8 36
8 67
8 61
27 45
27 40
13 46
13 26
13 64
13 49
13 52
13 40
59 65
51 65
34 65
19 65
65 66
41 65
9 65
1 65
24 65
16 65
25 65
44 65
26 65
49 65
45 65
40 65
13 65
1 5
5 24
5 25
5 30
5 26
5 48
5 52
5 40
5 36
46 60
44 60
26 60
48 60
49 60
23 60
13 60
5 60
39 60
27 60
53 60
23 33
33 67
9 62
1 62
25 62
30 62
26 62
48 62
52 62
22 62
23 62
13 62
9 35
24 35
25 35
30 35
35 64
35 48
35 52
22 35
13 35
35 67
35 62
35 60
35 42
17 35
8 35
20 46
20 44
20 64
20 48
20 52
20 40
20 36
13 20
20 62
20 61
20 60
20 63
47 59
34 47
19 47
47 66
1 47
16 47
25 47
44 47
47 64
47 49
45 47
23 47
36 47
47 67
47 62
47 61
40 50
23 50
13 50
5 50
50 62
50 61
42 50
9 14
1 14
14 25
14 44
14 54
14 48
14 52
14 22
13 14
5 14
14 39
14 60
14 50
14 63
8 14
14 20
14 65
56 59
34 56
56 66
41 56
9 56
24 56
46 56
30 56
26 56
48 56
45 56
22 56
13 56
5 56
56 62
27 56
50 56
17 56
47 56
3 23
3 13
3 62
3 27
3 42
1 10
10 24
10 25
10 30
10 64
10 54
10 45
10 40
10 13
5 10
10 39
10 60
10 58
10 17
10 47
15 46
15 30
15 64
15 54
15 45
15 23
13 15
5 15
15 39
15 61
15 58
15 17
15 47
21 59
21 34
19 21
21 66
21 41
9 21
1 21
16 21
21 46
21 30
21 64
21 54
21 45
21 22
21 36
5 21
21 61
21 27
21 60
21 63
8 21
15 21
21 65
21 57
18 59
18 34
18 19
18 66
9 18
18 24
18 30
18 44
18 64
18 54
18 52
18 40
18 23
18 67
18 39
18 27
18 42
18 63
17 18
15 18
43 59
34 43
19 43
43 66
1 43
16 43
43 46
43 44
43 64
43 49
43 52
22 43
36 43
5 43
39 43
43 61
42 43
43 63
3 43
20 43
15 43
43 69
35 43
7 59
7 34
7 66
7 41
7 9
1 7
7 46
7 44
7 26
7 48
7 52
7 22
7 23
7 67
7 39
7 60
7 50
7 17
7 8
7 20
7 43
7 56
7 18
7 10
7 37
12 59
12 34
12 19
12 66
12 41
1 12
12 30
12 44
12 64
12 48
12 49
12 22
12 13
12 67
12 39
12 61
12 50
12 58
8 12
12 15
38 59
34 38
19 38
38 66
38 41
24 38
38 46
38 44
38 64
38 49
38 52
22 38
36 38
38 67
38 39
27 38
38 50
38 58
8 38
3 38
52 55
22 55
36 55
55 67
55 61
55 60
50 55
17 55
3 55
20 55
38 55
55 57
18 55
10 55
11 55
4 50
4 63
4 47
4 20
4 15
4 57
2 9
1 2
2 25
2 44
2 26
2 54
2 49
2 22
2 36
2 5
2 62
2 27
2 60
2 58
2 8
2 20
2 38
2 57
2 4
2 10
2 31
2 37
6 59
6 51
6 34
6 19
6 66
6 41
6 9
1 6
6 24
6 16
6 25
6 30
6 54
6 49
6 40
6 23
6 13
5 6
6 62
6 61
6 42
6 58
3 6
6 15
6 65
6 38
2 6
6 35
6 69
6 14
6 12
6 32
28 42
28 63
8 28
20 28
28 43
28 56
18 28
6 28
28 32
12 28
29 42
29 63
8 29
20 29
29 65
29 38
2 29
6 29
11 29
12 29
0 29
29 53
28 29
21 29
28 33
28 35
14 28
0 2
45 68
23 68
13 68
5 68
62 68
27 68
50 68
63 68
8 68
3 68
65 68
56 68
2 68
31 68
32 68
4 68
7 68
14 68
68 69
0 68
4 10
4 32
0 4
4 14
4 55
4 35
7 55
55 69
21 55
53 55
38 57
38 53
37 38
12 38
0 38
32 38
12 56
12 31
12 32
7 12
12 21
12 69
7 33
7 53
18 43
43 65
11 43
43 56
32 43
18 56
18 32
18 53
18 33
18 21
11 18
21 31
21 37
21 69
14 21
15 65
15 37
10 15
15 31
15 69
10 65
10 57
10 33
0 10
10 53
10 69
33 58
3 58
32 58
31 58
58 65
58 69
53 58
11 58
3 8
3 53
0 3
3 57
3 56
3 11
3 33
53 56
14 56
56 69
37 56
14 31
11 14
14 33
47 50
50 57
50 63
50 65
33 50
47 63
17 47
32 47
33 47
11 47
20 47
37 47
47 69
0 47
20 32
20 35
20 53
35 57
31 35
35 37
0 35
35 69
35 53
57 62
17 62
0 62
53 62
31 62
33 62
62 65
33 60
33 65
33 57
11 33
0 33
33 53
31 60
0 60
11 60
17 60
5 27
5 53
5 31
5 17
5 65
0 5
27 65
17 65
31 65
0 65
13 57
13 31
13 27
13 42
27 39
0 27
27 42
27 63
8 27
27 57
27 69
8 42
8 17
8 31
32 61
37 61
17 61
11 61
32 39
39 69
11 39
39 63
37 39
11 67
37 67
32 67
63 67
37 42
17 37
31 37
0 37
37 69
32 37
11 36
36 69
36 42
0 36
32 36
36 53
42 69
22 45
45 57
40 45
0 45
45 52
22 40
22 42
17 22
22 57
22 32
22 53
42 53
11 53
49 52
40 49
49 63
54 57
52 54
40 54
17 54
48 57
57 63
17 57
31 57
11 57
0 48
31 48
48 63
32 48
0 30
30 64
30 63
30 40
30 31
44 64
42 64
11 64
23 64
52 64
0 64
63 64
17 64
17 52
17 23
17 63
26 46
26 44
26 42
23 26
11 26
26 52
26 63
26 32
26 31
32 52
32 42
11 32
25 31
31 40
23 31
31 42
11 31
40 44
40 42
23 40
0 40
40 63
24 63
0 24
23 63
0 63
1 52
44 52
42 52
23 52
11 52
0 41
1 42
1 44
1 23
1 11
0 1
0 66
11 44
11 23
19 23
23 44
23 42
0 34
42 44
44 51
0 44
0 59
