70 241
28 38
38 48
6 48
28 44
38 58
6 58
44 58
22 28
19 38
6 19
19 44
19 22
44 66
28 66
20 66
28 46
46 48
20 46
46 58
20 28
6 57
44 57
57 66
20 57
39 41
39 58
39 57
25 57
25 52
27 66
28 30
18 44
18 30
18 20
0 10
10 28
6 35
30 35
10 35
20 43
43 54
36 43
18 21
21 36
17 36
17 45
27 61
8 44
8 30
8 20
8 23
60 69
28 69
41 63
23 63
63 69
15 43
15 48
20 42
42 58
15 42
42 52
42 60
27 65
10 65
43 65
39 65
42 65
0 4
27 51
51 54
51 57
3 51
0 56
3 56
18 56
4 56
59 61
34 59
13 28
13 19
13 14
14 58
14 15
14 51
14 17
62 63
9 62
57 68
34 68
62 68
32 50
35 50
50 68
36 50
16 61
16 34
16 17
16 55
16 68
16 25
27 33
10 33
33 43
33 39
33 42
53 57
49 61
49 52
49 53
19 49
13 40
23 40
40 43
40 49
40 47
26 41
26 54
0 26
3 26
26 47
24 67
24 35
1 24
18 24
1 28
1 26
1 53
2 26
0 29
29 51
29 67
28 29
8 29
2 29
18 37
37 67
28 37
12 37
0 31
31 48
12 31
28 31
31 32
31 67
12 19
12 40
12 26
12 35
40 53
8 40
35 49
53 62
33 53
33 68
25 33
11 57
11 51
11 19
11 63
11 55
9 11
9 14
9 59
6 64
44 64
64 66
30 64
13 64
58 64
61 64
3 64
19 64
63 64
5 61
5 39
5 18
5 63
5 64
5 36
14 64
14 65
13 67
54 67
60 67
59 67
56 59
59 65
36 56
4 51
4 18
4 25
4 65
32 42
15 35
15 34
8 34
34 63
8 69
7 48
7 8
8 48
23 58
23 61
19 23
32 61
28 32
32 55
45 55
45 48
35 45
19 43
35 54
0 54
10 18
27 30
27 28
27 58
27 48
27 60
0 60
39 60
19 60
25 60
39 52
41 57
57 58
19 20
0 20
48 66
0 66
19 66
58 66
22 48
22 58
48 58
44 48
0 44
28 48
6 28
0 6
