70 724
8 40
8 49
45 49
40 46
8 26
26 45
26 46
8 20
20 45
20 46
20 26
20 40
20 49
8 17
17 45
17 46
17 20
9 49
9 26
9 40
9 17
8 67
45 67
46 67
20 67
9 67
23 26
23 49
23 40
17 23
8 63
45 63
46 63
20 63
9 63
23 63
5 20
5 26
5 40
5 49
5 17
5 37
6 8
6 45
6 46
6 20
6 9
6 23
5 6
42 49
40 42
26 42
17 42
42 67
37 42
42 63
6 42
8 13
13 45
13 46
13 20
9 13
5 13
13 42
20 41
40 41
26 41
41 49
17 41
41 67
6 41
37 41
41 63
8 57
41 57
2 49
2 26
2 40
2 17
2 57
2 60
8 61
45 61
9 61
5 61
2 61
40 61
49 61
26 61
8 58
41 58
26 58
49 58
40 58
17 58
8 14
14 45
14 46
14 20
5 14
14 41
14 58
14 61
5 69
41 69
49 68
40 68
26 68
17 68
8 30
30 68
30 58
30 61
8 66
45 66
46 66
20 66
9 66
23 66
5 66
41 66
66 68
61 66
40 66
26 66
49 66
8 39
39 45
39 46
20 39
9 39
23 39
5 39
39 41
39 68
39 66
39 69
39 63
6 39
31 39
8 64
45 64
46 64
20 64
5 64
41 64
64 68
61 64
19 64
6 64
8 51
5 51
51 58
2 51
51 69
51 63
8 43
43 45
20 43
42 43
2 43
43 61
19 43
43 69
43 51
43 44
31 43
8 56
41 56
2 56
56 66
19 56
6 56
8 24
24 45
24 46
20 24
9 24
24 41
24 68
24 61
24 69
24 63
18 24
40 65
26 65
57 65
8 22
22 45
22 46
20 22
5 22
22 68
22 58
2 22
22 69
6 22
22 65
22 32
22 56
5 25
25 41
2 25
25 66
19 25
25 63
25 51
25 32
8 34
34 45
20 34
34 42
34 58
34 61
34 69
6 34
18 34
32 34
14 34
28 34
25 28
28 49
52 69
52 63
51 52
44 52
34 52
52 56
17 52
8 10
10 45
10 20
9 10
5 10
10 42
10 58
10 66
10 69
10 63
6 10
10 32
10 34
47 68
47 66
19 47
47 63
47 51
44 47
14 47
8 55
45 55
46 55
20 55
5 55
42 55
55 58
2 55
55 69
6 55
51 55
44 55
14 55
47 55
49 55
10 55
37 55
43 55
24 55
35 51
32 35
14 35
22 35
16 35
59 65
44 59
34 59
22 59
17 59
16 59
37 59
14 27
22 27
17 27
16 27
27 37
27 59
27 39
15 18
15 32
15 34
15 56
15 49
15 52
11 51
11 18
11 14
11 25
11 17
10 11
11 40
11 60
12 17
10 12
11 12
12 28
12 57
1 2
1 61
1 66
1 6
1 51
1 44
1 31
1 25
1 17
48 66
48 63
48 65
44 48
14 48
22 48
47 48
16 48
33 66
6 33
33 65
18 33
33 34
22 33
33 47
33 48
11 33
28 33
12 33
24 33
51 53
32 53
14 53
22 53
47 53
16 53
37 53
27 53
12 53
15 53
50 66
50 63
50 51
31 50
34 50
50 56
49 50
48 50
37 50
26 50
39 50
15 50
50 53
50 57
4 8
4 45
4 46
4 20
4 9
4 5
4 42
4 41
4 58
4 61
4 19
4 63
4 51
4 18
4 31
4 56
4 47
4 16
4 52
4 26
4 39
4 30
4 35
4 53
4 60
4 50
21 31
21 25
21 49
10 21
21 55
21 28
21 43
21 24
29 58
29 61
19 29
6 29
29 51
29 32
29 31
25 29
17 29
29 48
29 55
28 29
29 43
29 30
0 29
8 62
20 62
9 62
41 62
58 62
2 62
62 69
6 62
18 62
44 62
31 62
25 62
49 62
52 62
55 62
27 62
39 62
24 62
29 62
7 19
7 63
7 65
7 32
7 34
7 25
7 17
7 52
7 37
7 28
7 39
0 7
7 35
7 59
7 21
7 40
7 64
7 62
13 62
3 31
3 25
3 17
3 48
3 37
3 26
3 12
0 3
3 35
3 60
3 62
3 40
18 36
36 44
34 36
25 36
36 49
36 48
11 36
27 36
36 39
24 36
29 36
36 60
13 36
3 36
36 59
36 40
1 3
62 64
62 67
29 60
21 29
29 40
4 21
21 67
1 21
21 40
4 40
33 50
18 38
38 44
38 56
22 38
38 47
16 38
11 38
27 38
38 43
30 38
38 53
38 57
13 38
33 38
38 64
38 50
50 59
33 53
13 53
53 57
33 57
33 67
33 64
1 48
48 64
43 48
10 48
35 48
1 11
1 12
1 39
1 30
1 35
1 57
1 13
1 64
12 60
12 39
12 64
11 64
11 15
11 26
15 27
15 59
15 40
15 24
13 15
15 64
15 67
13 27
27 64
24 59
35 59
59 60
59 67
16 24
35 55
28 35
35 43
30 35
35 64
55 57
28 55
13 55
47 60
10 47
37 47
13 47
24 47
47 57
47 67
10 17
10 13
10 30
10 67
10 37
10 26
10 52
39 52
52 60
52 57
40 52
28 52
30 52
28 60
28 67
26 28
34 37
25 34
34 39
13 34
22 25
17 25
25 49
25 26
22 24
22 40
22 64
22 67
22 57
13 65
32 65
65 67
17 65
14 32
26 32
32 49
24 32
32 40
30 32
14 24
24 26
24 30
0 24
18 56
18 44
18 49
18 37
17 18
44 56
14 56
56 67
56 64
13 56
30 56
39 56
43 56
37 56
43 49
26 43
0 43
30 43
13 43
43 57
51 64
30 51
51 60
14 51
31 64
49 64
31 67
30 31
31 40
31 57
17 39
37 39
39 67
66 67
57 66
13 66
19 66
63 66
17 66
19 40
19 26
19 49
19 69
19 57
19 30
19 67
13 19
6 19
6 30
17 30
26 30
30 40
63 68
37 68
6 68
67 68
68 69
61 69
49 69
40 69
60 69
37 69
14 69
26 69
44 69
14 63
14 49
14 60
14 17
14 26
44 58
58 63
58 67
6 58
13 58
37 58
44 61
6 44
37 44
44 57
13 44
44 60
61 63
6 61
17 61
60 61
60 63
49 60
0 60
60 67
2 37
57 63
0 57
13 57
13 41
6 13
6 26
6 37
6 49
5 67
5 63
63 67
17 63
40 63
23 37
23 67
37 67
0 67
9 37
26 54
40 54
49 54
17 54
20 37
26 49
0 26
26 40
46 49
37 46
40 49
40 45
37 45
8 37
0 37
