70 966
42 49
37 42
37 38
20 49
20 37
26 42
26 38
20 26
34 38
34 37
34 49
26 34
11 42
11 38
11 20
11 34
5 37
5 49
5 26
5 11
19 42
19 38
19 20
19 34
5 19
49 67
37 67
11 67
26 67
42 65
38 65
20 65
34 65
5 65
65 67
21 49
21 37
11 21
21 26
21 65
19 21
42 47
38 47
20 47
34 47
5 47
47 67
21 47
20 44
5 44
21 44
37 44
44 49
11 44
26 44
44 65
44 47
19 44
44 64
47 64
5 31
31 47
31 37
31 49
11 31
26 31
31 65
19 31
20 66
34 66
44 66
47 66
31 66
10 37
10 49
10 11
10 26
20 25
25 34
5 25
25 44
25 47
10 25
42 59
38 59
20 59
34 59
59 67
47 59
31 59
42 58
38 58
20 58
34 58
58 67
47 58
31 58
37 58
49 58
26 58
11 58
6 20
5 6
6 44
6 47
6 58
6 10
6 59
29 42
29 38
20 29
29 34
5 29
29 67
21 29
29 47
29 31
29 58
29 59
29 49
29 37
6 29
31 41
41 58
41 59
29 41
12 37
12 49
11 12
12 26
0 12
42 55
38 55
20 55
34 55
5 55
55 67
21 55
44 55
55 58
12 55
55 59
33 67
33 44
33 47
12 33
33 49
33 37
17 33
17 29
32 42
32 34
21 32
32 44
31 32
10 32
12 32
32 49
32 37
7 42
7 38
7 20
7 34
5 7
7 67
7 21
7 47
7 31
7 10
7 59
7 32
42 50
38 50
20 50
34 50
50 67
47 50
31 50
10 50
50 59
29 50
32 50
3 42
3 38
3 20
3 34
3 5
3 67
3 44
3 47
3 31
3 58
3 12
3 29
3 50
20 35
34 35
5 35
35 44
31 35
12 35
35 59
29 35
35 68
35 37
34 39
5 39
39 67
39 44
39 47
39 58
39 59
33 39
39 68
35 39
7 39
20 30
30 34
30 67
30 44
30 58
12 30
30 59
30 33
30 68
30 49
7 30
30 66
15 32
15 30
7 15
15 40
38 45
34 45
21 45
44 45
31 45
10 45
12 45
33 45
45 68
35 45
30 45
7 45
41 45
18 67
18 44
18 47
18 58
12 18
18 32
18 68
18 35
18 30
18 45
67 69
47 69
31 69
10 69
12 69
33 69
68 69
50 69
7 69
40 69
18 69
63 68
30 63
49 63
40 63
6 16
16 66
16 25
28 47
28 58
28 33
28 29
28 68
28 50
28 49
7 28
16 28
28 63
12 62
29 62
62 68
35 62
7 62
40 62
18 62
17 62
37 62
23 62
8 67
8 44
8 47
8 58
8 59
8 29
8 68
8 35
8 49
7 8
8 16
8 17
8 62
8 39
8 69
8 41
21 56
47 56
56 58
10 56
56 59
32 56
50 56
35 56
7 56
40 56
18 56
17 56
4 34
4 5
4 67
4 44
4 58
4 10
4 33
4 29
4 32
4 50
4 30
4 7
4 16
4 17
4 19
3 4
4 66
4 6
4 25
27 42
27 38
20 27
27 34
27 67
27 44
27 31
10 27
27 33
27 29
27 50
27 35
27 30
27 45
16 27
4 27
61 67
47 61
31 61
10 61
12 61
33 61
50 61
35 61
30 61
45 61
18 61
17 61
42 43
38 43
20 43
34 43
5 43
43 67
21 43
43 47
43 58
12 43
43 59
29 43
32 43
43 50
30 43
40 43
43 45
43 63
43 61
8 43
51 61
1 18
1 63
1 62
1 61
1 27
20 53
34 53
53 67
47 53
31 53
10 53
33 53
32 53
50 53
30 53
49 53
40 53
17 53
53 63
53 61
1 53
0 53
28 53
13 42
13 38
13 20
13 34
5 13
13 67
13 21
13 44
13 31
13 58
13 59
13 29
13 68
13 35
13 30
13 40
13 18
13 17
13 62
1 13
48 59
33 48
32 48
35 48
48 49
7 48
16 48
48 63
48 62
0 48
48 51
13 48
48 66
22 62
1 22
22 48
2 31
2 10
2 12
2 33
2 32
2 35
2 49
2 45
2 18
2 63
2 61
2 8
2 51
2 22
2 19
30 52
7 52
16 52
17 52
52 62
1 52
51 52
22 52
2 52
24 49
24 40
16 24
24 63
4 24
8 24
0 24
24 28
24 53
24 66
36 59
29 36
36 68
35 36
30 36
36 40
36 45
36 63
4 36
8 36
36 48
22 36
19 36
24 36
57 68
50 57
49 57
45 57
16 57
57 63
57 62
1 57
48 57
22 57
53 57
3 57
14 31
14 58
14 33
14 29
14 32
14 50
14 49
14 40
14 16
14 17
14 62
8 14
0 14
14 22
2 14
3 14
14 57
14 27
14 15
14 66
9 42
9 38
9 20
9 34
5 9
9 67
9 44
9 47
9 58
9 10
9 59
9 33
9 32
9 50
9 49
9 45
9 18
9 63
9 62
0 9
9 51
9 22
9 19
9 24
38 60
34 60
5 60
44 60
58 60
10 60
59 60
32 60
50 60
35 60
49 60
45 60
18 60
60 63
60 61
0 60
51 60
53 60
19 60
2 60
57 60
6 60
49 54
40 54
18 54
17 54
54 62
1 54
48 54
28 54
53 54
24 54
54 60
37 54
15 54
11 54
54 69
23 54
43 54
54 56
26 54
25 54
9 60
55 60
41 60
43 60
37 60
60 69
13 60
9 39
9 64
9 11
9 56
46 58
10 46
46 59
33 46
46 68
35 46
30 46
40 46
16 46
17 46
46 61
8 46
46 51
28 46
46 53
2 46
46 57
27 46
46 66
11 46
9 46
14 46
46 55
6 46
46 52
46 65
9 14
9 52
9 65
9 13
14 36
14 55
6 14
14 52
57 65
25 57
57 64
11 57
52 57
36 57
56 57
36 39
36 64
36 66
36 69
36 65
25 36
23 36
36 55
24 41
24 56
23 24
24 52
24 69
6 24
15 24
37 52
15 52
52 66
25 52
52 56
52 55
2 15
2 6
2 66
2 41
2 65
2 64
2 27
22 27
22 65
22 66
11 22
22 23
22 25
22 43
6 48
48 65
25 48
37 48
39 48
3 48
41 48
13 53
13 19
3 13
13 37
13 15
11 13
13 25
13 65
13 56
13 26
13 43
23 53
53 56
53 64
53 69
39 53
11 53
1 25
1 3
1 55
1 28
1 11
1 65
1 51
41 51
43 51
19 51
39 51
15 51
51 64
51 56
27 51
19 43
3 43
27 43
15 43
41 43
43 69
43 56
26 43
6 43
61 69
25 61
19 61
55 61
27 61
3 61
37 61
15 61
26 61
19 27
27 39
27 65
15 27
27 56
23 27
6 27
11 27
4 15
4 39
4 41
4 64
4 26
4 65
4 11
4 56
8 56
28 56
56 66
11 56
23 56
0 8
6 8
8 23
8 19
8 64
0 23
23 39
23 64
23 66
23 69
23 65
23 26
62 66
28 62
0 62
6 62
0 28
15 28
28 64
26 28
28 37
28 55
6 28
28 69
19 28
16 63
16 39
11 16
55 63
26 63
63 69
11 63
37 63
63 64
0 69
37 69
15 69
66 69
41 69
26 69
3 18
18 26
17 18
18 65
18 41
18 64
0 18
18 55
45 66
11 45
26 45
0 45
6 45
19 45
37 45
15 45
15 17
15 39
15 25
11 15
30 41
30 65
19 30
30 40
11 30
39 40
25 40
40 55
40 65
3 40
40 64
17 39
3 39
39 66
26 39
37 39
25 39
39 64
6 35
26 35
3 35
0 35
25 35
35 64
3 49
0 3
3 19
3 25
3 26
3 65
3 55
3 11
3 37
7 50
26 50
49 50
50 64
37 50
11 50
17 50
50 55
7 49
7 65
7 55
7 25
6 7
7 19
7 26
7 37
7 17
32 64
25 32
32 55
32 68
32 65
17 32
32 66
0 32
17 49
17 19
17 65
0 17
17 41
19 33
0 33
11 33
33 64
26 33
33 55
33 66
0 55
19 55
37 55
55 64
11 55
41 55
6 55
12 68
12 66
29 68
37 68
49 68
6 68
41 68
19 68
11 68
25 68
41 49
37 41
41 64
41 65
26 41
25 41
6 41
11 29
26 29
29 65
0 29
19 29
6 64
6 11
6 65
58 65
19 58
58 59
37 59
49 59
26 59
11 59
25 59
59 65
19 25
25 66
25 26
10 64
10 65
10 19
10 66
49 66
0 66
37 66
31 64
0 31
49 64
26 64
64 65
0 44
47 49
37 47
26 47
11 47
19 47
47 65
19 67
0 67
19 37
19 26
0 11
0 34
0 26
26 37
0 20
37 49
38 49
0 38
0 49
0 42
