70 241
23 59
9 23
23 24
24 59
9 24
23 54
24 54
9 13
13 59
13 54
13 15
1 9
1 59
4 23
4 24
4 6
1 4
16 62
16 66
48 59
9 48
48 54
23 31
24 31
31 48
1 31
9 11
11 59
11 31
11 43
14 15
14 31
23 28
24 28
6 28
37 59
9 37
24 50
37 50
50 62
50 66
50 59
16 53
29 58
17 46
23 69
24 69
6 69
1 69
17 69
61 69
68 69
15 20
20 33
33 36
55 68
55 63
18 55
35 62
35 59
35 53
25 46
38 46
38 51
38 59
39 47
31 39
38 39
26 59
26 39
26 50
42 47
31 42
12 42
42 43
26 42
16 30
30 36
19 47
19 69
23 27
6 27
27 58
27 66
27 47
25 27
19 27
27 54
32 46
17 32
16 32
25 32
32 50
52 68
25 52
38 52
45 67
29 67
28 67
4 67
45 69
19 45
45 52
33 45
34 53
34 39
10 34
34 45
34 41
21 38
0 21
17 40
40 51
40 53
7 57
31 57
38 57
4 57
28 57
9 57
7 54
7 9
7 40
7 28
5 68
5 7
5 29
4 5
5 54
5 41
22 35
22 40
35 40
2 19
3 50
3 49
43 49
9 60
49 60
4 49
3 43
2 3
2 33
2 40
21 40
21 34
32 52
41 52
32 55
27 32
27 30
19 30
30 42
9 65
30 65
38 56
26 56
33 56
15 56
10 64
26 64
4 64
15 64
39 63
8 23
8 24
8 48
1 8
8 17
8 51
8 16
8 25
8 50
8 28
8 55
41 44
8 44
47 51
25 51
4 51
16 25
25 35
0 35
35 55
18 33
15 36
36 69
29 69
54 69
17 59
10 17
15 17
10 61
10 68
10 31
10 28
10 15
29 61
54 61
4 29
29 43
12 29
58 68
54 58
46 58
47 58
9 46
41 46
28 46
41 59
41 53
31 41
53 63
50 63
9 63
12 63
37 47
28 37
37 68
14 28
28 43
14 43
43 68
16 31
48 68
66 68
9 66
59 66
4 62
1 15
1 54
15 54
6 54
0 54
6 9
9 12
6 59
47 59
6 47
12 47
0 12
