70 241
12 66
12 14
14 20
12 50
22 66
22 50
3 22
9 22
9 67
9 20
9 12
17 66
17 50
5 12
5 16
55 66
33 55
55 67
44 67
26 44
25 45
12 39
8 39
64 66
50 64
40 64
9 64
20 64
18 64
61 64
1 67
1 26
19 66
19 50
3 19
19 40
19 67
5 31
31 40
31 33
11 31
28 31
20 60
34 66
34 40
20 34
18 34
25 54
34 54
4 45
4 68
23 68
27 56
7 56
35 63
49 55
41 49
21 50
21 40
21 25
21 26
21 27
20 46
46 67
36 46
21 46
20 65
11 65
49 65
15 19
15 65
15 17
39 69
40 69
33 69
18 69
28 69
15 69
23 69
25 38
11 38
38 61
38 68
38 44
38 52
38 51
13 49
30 36
43 61
30 43
43 54
43 52
16 43
35 43
13 30
29 67
26 29
29 34
29 30
29 63
29 41
28 32
1 32
42 57
47 57
0 47
46 47
12 47
31 57
24 57
24 58
24 32
2 27
1 2
2 24
2 51
2 12
2 64
32 45
22 32
29 32
6 27
6 60
6 23
6 55
6 29
44 62
52 62
25 53
26 53
28 53
53 68
8 53
53 55
53 62
53 69
6 62
30 42
30 60
13 38
13 51
13 64
10 65
10 13
44 59
45 59
16 59
10 59
34 37
21 37
8 37
37 45
17 37
10 37
31 51
52 69
19 69
44 65
22 65
46 65
46 56
46 64
21 45
21 55
21 41
23 41
17 41
12 41
17 49
48 49
7 48
23 48
48 56
35 48
48 55
22 35
12 63
56 63
22 56
7 27
22 27
7 23
7 58
7 54
54 68
44 68
54 64
45 54
19 54
12 34
28 34
34 60
28 60
22 60
16 60
31 60
16 31
19 31
11 19
11 16
11 17
19 36
19 58
12 36
8 36
1 36
1 8
1 12
1 64
18 40
8 40
8 20
8 18
8 42
8 16
18 39
18 20
18 22
18 42
18 45
16 25
25 28
12 25
28 44
26 55
42 55
16 33
16 61
5 17
9 17
17 20
17 42
17 58
22 67
20 66
3 20
3 67
42 67
42 61
58 61
0 58
