70 1207
23 45
6 23
6 45
19 23
6 19
23 28
6 28
28 45
23 41
6 41
28 41
23 67
6 67
45 67
19 67
41 67
13 23
6 13
13 28
13 67
20 45
20 41
19 20
23 29
6 29
28 29
29 67
20 29
33 45
33 41
19 33
29 33
23 40
6 40
28 40
40 67
20 40
33 40
23 42
6 42
28 42
42 67
33 42
42 45
19 42
41 42
13 42
40 42
29 42
14 23
6 14
14 28
14 67
14 20
14 33
14 42
13 14
23 52
13 52
45 52
19 52
41 52
40 52
29 52
14 52
4 23
4 6
4 28
4 67
4 20
4 33
4 42
4 13
4 52
7 45
7 41
7 19
7 40
7 29
7 14
23 48
6 48
28 48
48 67
20 48
33 48
42 48
13 48
48 52
7 48
28 43
42 43
13 43
43 52
43 45
41 43
19 43
40 43
29 43
14 43
23 57
6 57
28 57
57 67
20 57
33 57
42 57
13 57
52 57
7 57
43 57
23 50
6 50
20 50
42 50
13 50
43 50
45 50
41 50
19 50
40 50
29 50
14 50
48 50
4 50
23 24
6 24
24 28
24 67
20 24
24 33
24 42
13 24
24 52
7 24
24 43
24 50
23 65
6 65
28 65
13 65
52 65
7 65
50 65
45 65
19 65
41 65
29 65
40 65
14 65
24 65
23 32
6 32
28 32
32 67
20 32
32 33
32 42
13 32
32 52
7 32
32 43
32 50
32 65
11 45
11 41
11 19
11 40
11 29
11 14
11 57
11 24
11 48
23 49
6 49
28 49
49 67
20 49
33 49
42 49
13 49
49 52
7 49
43 49
49 50
49 65
11 49
23 25
6 25
25 28
25 42
13 25
7 25
25 50
25 45
19 25
25 41
25 40
25 29
14 25
25 32
25 49
4 25
24 25
25 48
25 57
23 59
6 59
28 59
59 67
20 59
33 59
42 59
13 59
52 59
7 59
43 59
50 59
59 65
11 59
25 59
23 60
6 60
28 60
60 67
20 60
33 60
42 60
13 60
52 60
7 60
43 60
50 60
11 60
45 60
19 60
41 60
40 60
29 60
14 60
57 60
32 60
49 60
48 60
24 60
4 60
23 26
26 42
13 26
7 26
11 26
26 60
26 45
19 26
26 41
26 40
26 29
14 26
26 49
26 32
26 57
26 48
4 26
24 26
23 54
6 54
28 54
54 67
20 54
33 54
42 54
13 54
52 54
43 54
50 54
25 54
26 54
23 56
6 56
28 56
56 67
20 56
13 56
52 56
43 56
56 65
56 60
31 65
31 60
31 45
31 41
19 31
29 31
31 40
14 31
31 48
24 31
31 49
31 57
4 31
31 32
23 36
6 36
28 36
36 67
33 36
36 42
36 52
36 43
36 50
36 60
31 36
36 56
45 46
19 46
41 46
29 46
40 46
14 46
23 38
6 38
28 38
38 42
13 38
7 38
38 50
25 38
26 38
38 46
23 62
6 62
28 62
62 67
20 62
13 62
52 62
7 62
62 65
60 62
23 44
6 44
44 67
13 44
44 52
7 44
44 50
44 60
44 45
19 44
41 44
40 44
29 44
14 44
44 57
44 49
4 44
44 48
32 44
24 44
44 62
5 26
5 44
5 46
5 21
23 61
6 61
28 61
61 67
20 61
33 61
13 61
43 61
61 65
60 61
31 61
56 61
61 62
24 61
19 61
45 61
41 61
13 15
15 43
15 65
11 15
15 26
15 44
15 46
15 21
15 61
15 29
15 38
9 67
9 42
9 52
9 43
9 65
9 11
9 31
9 56
9 46
9 24
9 61
9 38
24 47
29 47
45 47
41 47
17 23
6 17
17 28
17 67
17 20
17 42
13 17
7 17
17 65
17 25
17 31
17 44
17 21
17 24
17 19
17 38
17 47
9 64
23 63
6 63
28 63
63 67
20 63
33 63
42 63
13 63
52 63
7 63
43 63
50 63
63 65
11 63
25 63
60 63
31 63
56 63
62 63
45 53
19 53
41 53
29 53
40 53
53 63
18 23
13 18
18 52
18 43
18 65
18 25
18 31
18 56
18 21
18 53
18 19
18 38
18 47
18 64
18 41
4 18
18 45
50 69
25 69
31 69
44 69
21 69
53 69
24 69
61 69
47 69
64 69
41 69
55 67
42 55
13 55
7 55
11 55
55 60
26 55
46 55
55 62
24 55
55 61
29 55
38 55
55 63
41 55
45 55
5 55
49 55
40 55
39 62
21 39
39 61
29 39
9 39
39 64
39 41
39 55
39 49
36 39
23 27
6 27
27 28
27 67
20 27
27 33
13 27
7 27
11 27
25 27
26 27
27 44
27 46
24 27
19 27
27 61
9 27
27 63
27 41
4 27
18 27
27 32
27 45
52 68
43 68
50 68
60 68
26 68
44 68
21 68
24 68
19 68
29 68
47 68
63 68
51 62
51 53
19 51
51 61
38 51
51 63
45 51
41 51
23 66
6 66
66 67
42 66
13 66
7 66
50 66
25 66
26 66
44 66
46 66
53 66
19 66
61 66
38 66
64 66
51 66
4 66
49 66
36 66
10 23
6 10
10 28
10 67
10 20
10 33
10 42
10 13
10 52
7 10
10 43
10 50
10 65
10 11
10 25
10 60
10 31
10 56
10 62
10 53
10 19
10 61
9 10
10 64
10 41
4 10
10 18
10 36
10 27
10 45
23 58
6 58
28 58
58 67
20 58
33 58
42 58
13 58
52 58
50 58
58 65
25 58
31 58
56 58
46 58
21 58
19 58
29 58
47 58
58 64
51 58
55 58
18 58
36 58
10 58
26 34
34 44
34 62
24 34
19 34
29 34
34 47
34 64
34 51
34 55
34 49
34 36
27 34
34 45
12 13
7 12
12 65
12 25
12 31
12 44
12 62
12 21
12 61
12 29
12 47
12 63
12 51
12 41
12 55
12 36
12 34
12 48
12 69
3 13
3 52
3 65
3 25
3 26
3 56
3 62
3 53
3 19
3 38
3 47
3 63
3 51
3 4
3 18
3 32
3 27
3 34
3 69
3 66
3 68
8 23
8 33
8 13
8 43
8 50
8 60
8 26
8 56
8 46
8 53
8 24
8 38
8 9
8 64
8 51
4 8
8 49
8 18
8 27
8 48
3 8
30 46
24 30
19 30
30 38
9 30
30 64
30 41
30 55
30 49
30 36
27 30
30 34
30 69
3 30
30 40
17 30
14 30
30 39
8 30
23 35
6 35
28 35
35 67
20 35
35 42
13 35
35 43
11 35
35 60
31 35
35 56
35 62
21 35
19 35
35 61
35 38
35 63
35 41
35 55
35 49
32 35
10 35
35 48
35 54
30 35
35 59
1 11
1 25
1 31
1 44
1 46
1 24
1 19
1 61
1 47
1 64
1 41
1 55
1 49
1 32
1 10
1 48
1 69
1 59
1 39
2 26
2 56
2 62
2 24
2 19
2 29
2 47
2 9
2 51
2 4
2 18
2 32
2 27
2 48
2 54
2 3
2 59
1 2
0 2
16 23
6 16
16 28
16 67
16 20
16 33
16 42
13 16
16 52
7 16
16 43
16 50
11 16
16 25
16 26
16 46
16 62
16 53
16 19
16 29
16 38
16 64
16 41
16 55
16 49
16 36
16 27
16 34
16 69
16 30
16 39
12 16
0 16
16 45
16 35
37 46
37 53
37 61
29 37
37 47
37 63
37 41
37 55
18 37
36 37
27 37
37 69
37 54
3 37
37 39
1 37
8 37
16 37
37 40
14 37
2 37
35 37
37 45
19 22
22 29
22 47
22 63
22 51
4 22
18 22
22 32
22 27
22 69
22 54
3 22
22 39
12 22
8 22
5 22
17 22
14 22
22 68
22 58
22 37
22 66
16 57
15 16
2 16
16 68
2 17
2 14
2 57
2 35
2 68
1 68
1 40
1 58
1 66
1 15
1 35
1 5
8 35
17 35
15 35
35 57
35 45
30 58
15 30
30 59
8 39
8 57
8 66
0 8
8 58
8 15
8 14
3 5
3 57
3 12
0 3
12 59
12 15
12 57
12 58
12 17
12 14
0 12
12 45
34 48
34 68
15 34
34 66
34 57
34 54
34 58
17 34
54 58
5 58
17 58
15 58
58 68
57 58
58 66
10 14
10 66
10 15
10 54
10 17
10 69
10 59
10 40
10 57
59 66
39 66
5 66
17 66
40 66
57 66
45 66
51 54
49 51
51 59
14 51
5 51
51 68
32 51
17 51
55 68
49 68
27 68
48 68
59 68
39 68
0 68
40 68
15 68
45 68
5 27
27 39
0 27
39 48
39 69
5 39
39 45
39 40
55 69
14 55
36 55
18 69
36 69
48 69
45 69
0 69
17 69
14 69
17 18
15 18
14 18
0 18
18 57
18 40
32 53
14 53
53 54
19 63
29 63
47 63
45 63
41 63
32 63
4 63
36 63
0 63
14 63
5 63
63 64
40 63
45 64
41 64
49 64
17 64
54 64
59 64
57 64
4 17
17 32
17 59
0 17
5 17
14 17
47 48
9 47
14 47
47 54
47 57
9 45
9 41
9 40
9 59
9 49
4 9
9 36
5 9
9 32
0 9
9 15
9 48
15 41
4 15
15 32
15 54
15 40
14 15
15 57
4 61
29 61
40 61
5 61
32 61
38 61
5 38
5 49
5 36
5 48
5 54
0 5
5 14
5 40
5 45
44 56
0 44
44 59
56 62
45 62
41 62
19 62
29 62
40 62
14 62
59 62
48 62
54 62
4 62
0 62
21 62
21 45
19 21
21 41
21 40
21 29
21 38
14 21
21 24
21 57
4 21
21 48
21 36
21 49
24 38
19 38
38 45
38 41
38 54
32 38
38 40
0 38
4 38
24 46
32 46
36 46
46 57
46 49
19 36
29 36
36 41
36 49
36 45
32 36
36 57
36 48
31 56
31 59
45 56
19 56
41 56
40 56
29 56
14 56
32 56
4 56
48 56
54 56
49 56
56 57
24 54
4 54
49 54
32 54
40 54
45 54
54 59
0 54
54 57
0 26
59 60
0 60
24 59
19 59
29 59
4 59
49 59
32 59
48 59
45 59
14 59
0 59
19 49
29 49
45 49
48 49
32 49
4 11
11 32
4 32
32 45
32 40
14 32
0 32
57 65
48 65
4 65
0 65
24 45
24 41
19 24
24 40
24 29
0 24
14 24
50 57
19 57
29 57
41 57
4 57
0 57
40 57
4 43
43 48
19 48
29 48
41 48
4 48
45 48
14 48
40 48
4 7
4 41
4 45
0 4
0 52
14 29
14 45
13 40
19 40
40 41
0 40
40 45
13 33
0 33
13 29
19 29
29 45
29 41
13 20
0 20
13 45
13 19
13 41
0 13
19 41
41 45
0 41
19 28
19 45
0 19
0 6
0 23
