70 1207
66 68
5 68
47 66
5 47
35 68
35 47
29 66
5 29
29 35
31 66
5 31
31 35
31 68
31 47
29 31
16 66
5 16
16 35
16 31
26 66
26 31
26 68
26 47
26 29
48 66
5 48
35 48
31 48
26 48
37 68
37 47
29 37
37 48
16 37
8 66
5 8
8 35
8 31
8 26
8 37
60 68
47 60
29 60
16 60
8 60
48 60
36 66
5 36
35 36
31 36
26 36
36 37
36 60
20 66
5 20
20 35
20 31
20 26
20 37
20 60
20 68
20 47
20 29
20 48
8 20
16 20
54 66
5 54
35 54
31 54
26 54
37 54
54 60
20 54
16 54
42 66
5 42
31 42
26 42
37 42
42 60
20 42
16 42
42 68
42 47
29 42
8 42
42 48
0 42
61 66
5 61
35 61
31 61
26 61
37 61
60 61
20 61
16 61
42 61
59 66
31 59
20 59
16 59
59 68
47 59
29 59
8 59
48 59
59 61
0 59
2 66
2 5
2 35
2 31
2 26
2 37
2 60
2 20
2 16
2 42
2 59
14 68
14 47
14 29
14 48
8 14
2 14
14 54
14 61
0 14
27 66
5 27
27 35
27 31
26 27
27 37
27 60
20 27
16 27
27 42
27 59
14 27
8 27
21 68
21 47
21 29
21 48
51 66
5 51
35 51
31 51
26 51
37 51
51 60
20 51
16 51
42 51
51 59
14 51
8 51
21 51
31 56
16 56
56 59
8 56
56 68
47 56
29 56
48 56
27 56
51 56
56 61
54 56
0 56
36 56
2 56
46 66
5 46
31 46
26 46
20 46
16 46
46 59
46 56
36 46
14 58
8 58
36 58
54 58
58 68
47 58
29 58
48 58
13 31
13 42
13 59
8 13
13 36
13 58
0 13
13 47
23 66
23 31
23 26
20 23
16 23
23 42
23 59
21 23
23 36
62 68
47 62
29 62
48 62
0 62
27 62
40 59
8 40
40 62
40 54
0 40
40 47
23 40
2 40
50 58
47 50
23 50
17 68
17 29
39 66
5 39
35 39
31 39
26 39
37 39
39 60
20 39
16 39
39 42
14 39
8 39
36 39
39 62
39 58
39 47
39 68
29 39
38 66
31 38
16 38
38 42
14 38
8 38
36 38
38 58
26 63
16 63
59 63
8 63
56 63
54 63
0 63
63 68
47 63
29 63
1 20
1 16
1 14
1 8
1 36
1 54
1 63
1 47
1 39
1 2
1 17
15 58
15 63
15 39
2 15
15 17
15 68
15 29
25 36
25 58
0 25
25 47
25 39
2 25
17 25
15 25
9 66
5 9
9 31
9 26
9 37
9 60
9 20
9 16
9 14
8 9
9 56
9 54
9 58
9 63
9 39
2 9
9 50
0 49
47 49
23 49
39 49
49 51
15 49
49 68
29 49
49 61
24 66
24 31
24 26
20 24
16 24
24 42
14 24
8 24
24 56
24 58
24 63
24 47
23 24
17 24
24 50
24 49
9 24
43 58
43 63
23 43
17 43
43 50
43 49
43 68
29 43
47 52
2 52
51 52
15 52
43 52
11 66
5 11
11 35
11 31
11 26
11 37
11 60
11 20
11 16
11 42
11 59
8 11
11 36
11 54
0 11
11 63
11 39
2 11
11 50
11 15
11 49
11 68
11 29
7 66
5 7
7 35
7 31
7 26
7 37
7 60
7 20
7 16
7 42
7 59
7 8
7 56
7 58
0 7
7 47
7 23
7 39
7 17
7 50
7 9
7 11
65 66
5 65
35 65
31 65
26 65
37 65
60 65
20 65
16 65
42 65
59 65
14 65
8 65
21 65
56 65
54 65
0 65
47 65
23 65
39 65
17 65
15 65
9 65
43 65
65 68
29 65
48 65
22 66
22 31
20 22
22 42
14 22
8 22
22 36
22 54
22 58
22 63
22 47
22 39
22 51
15 22
9 22
22 65
34 66
5 34
34 35
31 34
26 34
34 60
20 34
16 34
34 42
8 34
34 56
34 54
0 34
34 47
23 34
2 34
17 34
34 49
9 34
34 43
34 65
34 68
44 66
5 44
35 44
31 44
26 44
37 44
20 44
16 44
14 44
8 44
36 44
44 54
0 44
44 63
23 44
39 44
44 51
15 44
44 49
44 65
34 44
33 66
31 33
26 33
20 33
16 33
33 42
33 59
21 33
33 36
33 62
0 33
33 47
33 39
2 33
33 50
15 33
9 33
11 33
33 34
33 68
6 66
6 31
6 20
6 16
6 14
6 21
6 56
6 54
6 58
6 47
6 23
2 6
6 51
6 15
6 43
6 65
32 68
28 66
28 31
26 28
28 37
20 28
16 28
28 59
8 28
28 56
28 58
0 28
28 47
23 28
2 28
28 50
15 28
9 28
28 43
28 32
28 33
28 44
28 68
64 66
5 64
31 64
26 64
37 64
20 64
16 64
42 64
59 64
8 64
56 64
54 64
58 64
47 64
39 64
17 64
51 64
50 64
49 64
43 64
34 64
33 64
44 64
52 64
30 59
30 56
30 36
30 62
30 58
30 63
30 47
17 30
30 50
30 49
9 30
11 30
30 65
30 33
4 66
4 5
4 31
4 26
4 37
4 60
4 20
4 16
4 59
4 21
4 36
4 54
4 63
4 47
4 23
2 4
4 51
4 49
4 9
4 11
4 65
4 33
4 68
4 30
4 38
14 41
21 41
41 56
41 54
41 58
41 63
23 41
39 41
41 51
41 50
41 49
41 43
34 41
33 41
4 41
41 68
59 67
21 67
56 67
54 67
0 67
63 67
47 67
39 67
50 67
49 67
9 67
11 67
34 67
44 67
67 68
52 67
30 67
18 67
41 67
38 67
53 66
5 53
35 53
31 53
26 53
37 53
53 60
20 53
16 53
42 53
53 59
14 53
8 53
21 53
36 53
53 54
0 53
53 63
23 53
2 53
51 53
15 53
9 53
11 53
34 53
33 53
44 53
52 53
53 67
10 59
8 10
10 36
10 54
0 10
10 63
10 47
10 39
10 51
10 50
10 43
10 11
10 34
10 33
4 10
10 52
12 20
12 16
12 42
8 12
12 36
12 54
12 58
12 47
12 23
2 12
12 51
12 50
9 12
11 12
12 32
12 33
12 44
12 52
12 64
10 12
12 48
12 29
1 12
12 30
55 66
31 55
20 55
42 55
55 59
8 55
55 56
55 62
0 55
55 63
23 55
2 55
51 55
15 55
49 55
11 55
55 65
32 55
4 55
52 55
55 67
12 55
24 55
18 55
25 55
10 55
55 61
13 55
22 55
29 55
57 66
31 57
26 57
20 57
16 57
42 57
8 57
21 57
56 57
57 58
57 63
47 57
39 57
2 57
51 57
15 57
49 57
11 57
57 65
32 57
4 57
57 68
57 67
53 57
30 57
18 57
46 57
19 65
19 32
19 68
19 64
19 67
19 53
19 28
19 24
19 46
7 19
1 19
19 29
44 69
68 69
64 69
53 69
30 69
24 69
46 69
19 69
29 69
38 69
1 69
40 69
57 69
45 66
5 45
31 45
26 45
37 45
45 60
16 45
42 45
14 45
45 56
36 45
45 54
0 45
45 47
23 45
17 45
45 51
45 50
45 49
43 45
45 65
33 45
45 68
45 64
45 67
45 53
24 45
18 45
25 45
10 45
45 69
13 45
22 45
27 45
41 45
45 55
1 45
45 48
27 69
22 69
3 66
3 31
3 26
3 20
3 16
3 42
3 14
3 56
3 36
3 54
0 3
3 47
3 23
2 3
3 50
3 49
3 9
3 43
3 34
3 32
3 44
3 52
3 64
3 53
3 28
3 24
3 46
3 19
3 61
3 38
3 29
3 7
3 57
3 55
3 6
3 48
19 61
19 40
19 57
19 22
13 57
22 57
7 57
55 57
48 57
40 57
48 55
12 38
12 27
12 13
12 22
12 40
12 24
12 18
10 53
10 30
10 24
10 46
6 10
10 41
10 27
10 13
7 10
10 48
10 38
25 53
28 53
48 53
7 53
6 53
46 53
41 53
40 67
61 67
1 67
13 67
24 67
28 41
24 41
41 46
41 61
38 41
29 41
7 41
40 41
6 41
1 41
4 18
4 29
4 61
4 52
1 4
4 27
4 46
4 40
4 13
30 64
28 30
30 61
22 30
30 38
7 30
25 30
29 30
6 30
18 30
13 64
22 64
7 64
27 64
46 64
28 64
6 64
25 64
28 61
28 29
27 28
1 28
28 40
28 46
13 28
24 28
25 32
32 48
6 32
27 32
32 38
13 32
22 32
7 32
32 46
6 33
6 44
6 68
6 24
6 25
6 61
6 13
6 22
6 27
6 40
1 6
33 52
33 61
1 33
33 44
24 33
25 33
44 68
40 44
29 44
18 44
44 48
7 44
25 44
24 44
18 34
22 34
27 34
34 38
29 34
34 52
34 46
24 34
22 68
22 52
18 22
22 25
22 61
22 27
7 22
40 65
61 65
1 65
7 65
13 65
7 52
7 18
7 61
7 38
7 27
1 7
11 52
11 38
11 40
11 18
11 25
11 61
11 46
52 68
29 52
25 52
48 52
18 52
46 52
40 43
38 43
43 61
43 46
13 43
27 43
24 43
1 43
24 68
24 48
24 46
24 27
9 49
13 49
48 49
9 68
9 29
9 25
1 9
9 27
9 13
9 18
18 25
25 48
1 25
25 38
13 25
25 27
25 61
1 15
15 18
15 46
15 27
15 38
15 40
1 68
1 18
1 38
1 29
1 40
48 63
27 63
38 63
61 63
46 63
23 63
38 47
38 39
17 38
38 51
38 68
38 46
38 40
13 38
27 38
39 48
39 51
18 39
2 39
39 46
17 18
18 50
18 40
13 18
18 48
18 29
17 50
17 27
13 17
50 51
50 68
29 50
50 61
40 50
48 50
40 68
40 46
29 40
27 40
51 62
2 62
61 62
54 62
23 62
23 58
23 68
23 29
13 23
2 23
23 27
23 46
13 51
13 61
13 29
13 48
27 58
2 58
46 58
0 46
46 51
46 61
29 46
36 51
51 54
0 51
47 51
2 51
51 68
29 51
27 51
48 51
21 27
21 61
21 54
21 36
2 21
0 21
27 36
27 47
27 68
27 48
14 36
2 8
2 36
0 2
2 47
2 68
2 29
2 61
2 48
36 59
54 59
8 61
36 61
54 61
0 61
47 61
61 68
48 61
42 54
36 42
8 54
36 54
54 68
47 54
29 54
48 54
0 54
20 36
0 20
16 36
8 36
36 68
36 47
29 36
36 48
0 36
0 60
8 16
8 68
8 47
8 29
8 48
0 8
0 37
16 48
0 48
47 48
48 68
29 48
16 26
0 26
16 68
16 47
16 29
0 16
0 31
0 29
29 47
0 35
0 47
47 68
0 5
0 68
0 66
