70 1207
5 30
30 34
5 34
30 68
34 68
22 34
5 22
4 30
4 34
4 22
30 43
34 43
22 43
5 43
4 43
43 68
30 41
34 41
22 41
41 43
5 41
41 68
4 41
30 64
34 64
22 64
43 64
41 64
5 33
4 33
33 68
33 64
25 30
25 34
22 25
25 43
25 41
25 33
34 58
41 58
5 58
4 58
58 68
58 64
9 30
9 34
9 22
9 43
9 41
9 33
9 58
5 27
27 68
4 27
27 64
20 30
20 34
20 22
20 43
20 41
20 33
20 58
20 27
1 30
1 34
1 22
1 43
1 41
1 33
1 58
1 27
1 5
1 68
1 4
1 64
1 9
1 20
1 25
30 38
34 38
22 38
38 43
38 41
33 38
38 58
27 38
1 38
26 41
5 26
26 68
4 26
26 64
20 26
9 26
25 26
26 38
10 30
10 34
10 22
10 43
10 41
10 33
10 58
10 27
1 10
10 26
30 57
34 57
22 57
43 57
41 57
33 57
57 58
27 57
1 57
26 57
5 57
57 68
4 57
57 64
9 57
25 57
20 57
38 57
15 30
15 34
15 22
15 43
15 41
15 33
15 58
15 27
1 15
15 26
15 57
5 24
24 68
4 24
24 64
20 24
9 24
24 25
15 24
10 24
24 38
14 30
14 34
14 22
14 43
14 41
14 33
14 58
14 27
1 14
14 26
14 57
14 24
5 61
4 61
61 68
61 64
9 61
20 61
25 61
38 61
10 61
15 61
30 31
31 34
22 31
31 43
31 41
31 33
31 58
27 31
1 31
26 31
31 57
24 31
31 61
10 31
29 30
29 34
22 29
29 43
29 41
29 33
29 58
27 29
1 29
26 29
29 57
24 29
29 61
10 29
5 29
29 68
4 29
29 64
9 29
25 29
20 29
15 29
29 38
29 31
18 24
18 61
18 29
30 39
34 39
22 39
39 43
39 41
33 39
39 58
27 39
1 39
26 39
5 16
4 16
16 68
16 64
9 16
16 20
16 25
10 16
15 16
16 38
8 34
8 22
8 43
8 41
1 8
8 57
8 16
8 10
8 15
8 39
8 18
5 46
4 46
46 68
46 64
19 30
19 34
19 22
19 43
19 41
19 58
19 26
19 57
16 19
10 19
19 29
19 39
19 46
19 64
17 18
17 64
5 17
17 68
4 17
9 17
11 34
11 22
11 43
11 41
11 33
11 58
1 11
11 26
11 24
10 11
11 29
5 13
13 68
4 13
13 64
13 20
9 13
13 25
11 13
29 45
13 45
18 45
45 64
41 49
49 57
24 49
10 49
15 49
39 49
18 49
49 64
5 49
49 68
4 49
35 41
35 57
35 61
10 35
29 35
13 35
35 46
35 64
35 49
2 30
2 34
2 22
2 43
2 41
2 58
2 26
2 57
2 24
2 61
2 29
2 15
2 13
2 64
2 49
41 48
48 61
15 48
39 48
13 48
48 64
48 49
5 48
4 48
48 68
11 48
41 69
26 69
57 69
61 69
15 69
39 69
46 69
64 69
49 69
48 69
15 36
13 36
18 36
17 36
36 49
36 48
5 36
36 68
4 36
30 66
34 66
22 66
43 66
41 66
33 66
1 66
26 66
57 66
61 66
29 66
15 66
18 66
64 66
49 66
2 66
36 66
19 66
34 40
40 41
1 40
26 40
40 61
10 40
29 40
15 40
13 40
40 46
17 40
40 48
5 28
28 68
4 28
12 30
12 34
12 22
12 43
12 41
12 33
12 58
12 27
1 12
12 57
12 24
10 12
12 29
12 39
12 18
12 46
12 49
12 48
12 28
30 32
32 34
22 32
32 43
32 41
32 58
26 32
32 57
32 61
10 32
15 32
32 39
13 32
32 64
17 32
2 32
28 32
5 32
12 32
32 40
34 55
43 55
41 55
55 58
1 55
26 55
24 55
10 55
15 55
13 55
18 55
55 64
17 55
2 55
36 55
32 55
30 37
34 37
22 37
37 43
37 41
37 58
1 37
37 57
24 37
10 37
29 37
15 37
13 37
37 46
17 37
2 37
28 37
32 37
5 37
25 37
37 50
14 50
4 50
18 56
46 56
17 56
2 56
28 56
19 56
37 56
14 56
4 56
46 60
60 64
49 60
48 60
36 60
32 60
37 60
12 60
4 60
56 60
55 60
50 60
38 60
60 69
34 54
41 54
1 54
54 57
16 54
54 61
15 54
39 54
18 54
54 64
49 54
2 54
36 54
19 54
37 54
12 54
17 42
2 42
19 42
32 42
40 42
37 42
42 68
34 52
43 52
41 52
52 58
1 52
52 57
16 52
10 52
29 52
39 52
13 52
52 64
17 52
48 52
36 52
19 52
37 52
12 52
42 52
52 56
8 52
13 53
53 64
49 53
48 53
28 53
32 53
37 53
14 53
42 53
4 53
53 55
8 53
30 59
34 59
22 59
43 59
41 59
33 59
58 59
27 59
26 59
57 59
24 59
10 59
29 59
39 59
18 59
46 59
49 59
2 59
36 59
32 59
40 59
37 59
4 59
41 67
26 67
24 67
61 67
29 67
39 67
13 67
64 67
17 67
48 67
28 67
32 67
40 67
14 67
4 67
21 28
19 21
21 40
14 21
4 21
21 67
8 21
21 50
21 38
21 69
21 52
6 49
6 48
6 36
6 19
6 40
6 12
6 42
4 6
6 56
6 50
6 38
6 60
6 69
34 62
41 62
1 62
26 62
16 62
61 62
29 62
15 62
46 62
62 64
17 62
48 62
36 62
32 62
37 62
14 62
42 62
62 67
55 62
53 62
50 62
60 62
6 62
34 44
43 44
41 44
44 58
1 44
26 44
44 57
10 44
29 44
39 44
18 44
44 46
44 49
44 48
36 44
32 44
37 44
12 44
14 44
44 67
44 56
44 53
44 50
0 44
44 52
35 44
44 62
44 54
31 44
7 30
7 34
7 22
7 43
7 41
7 58
1 7
7 26
7 24
7 61
7 15
7 39
7 18
7 64
7 49
2 7
7 28
7 19
7 40
7 14
7 42
4 7
7 56
7 50
7 60
0 7
7 52
7 44
3 30
3 34
3 22
3 43
3 41
3 58
1 3
3 57
3 24
3 61
3 10
3 13
3 18
3 46
3 17
3 48
3 28
3 19
3 40
3 12
3 4
3 67
3 55
3 50
3 38
0 3
3 69
3 44
3 7
3 45
3 62
3 20
18 63
46 63
49 63
2 63
36 63
32 63
40 63
12 63
42 63
56 63
55 63
8 63
50 63
63 69
52 63
6 63
63 66
3 63
25 63
35 63
54 63
31 63
9 63
30 47
34 47
22 47
43 47
41 47
47 58
1 47
26 47
47 61
10 47
15 47
39 47
18 47
46 47
47 49
2 47
28 47
19 47
37 47
14 47
42 47
47 67
47 56
47 53
38 47
47 69
47 52
23 55
23 53
23 38
23 69
23 52
23 44
20 23
23 68
23 45
23 47
23 31
23 25
30 65
34 65
22 65
43 65
41 65
58 65
1 65
57 65
24 65
10 65
29 65
15 65
13 65
64 65
49 65
48 65
28 65
19 65
37 65
14 65
42 65
65 67
55 65
8 65
60 65
0 65
65 69
6 65
23 65
65 68
20 65
62 65
5 65
11 65
7 65
45 65
35 65
54 65
23 54
23 66
23 59
47 66
3 47
25 47
47 63
47 54
20 47
21 47
31 47
7 47
45 47
21 63
62 63
3 31
3 21
3 9
3 25
7 59
7 35
7 68
7 20
7 21
7 11
7 62
9 44
30 51
34 51
22 51
43 51
41 51
51 58
1 51
26 51
51 57
10 51
15 51
39 51
13 51
17 51
49 51
2 51
28 51
19 51
37 51
12 51
4 51
51 67
51 55
51 53
38 51
0 51
6 51
44 51
51 66
51 59
25 51
35 51
51 68
20 51
51 62
45 51
11 51
31 51
44 66
11 44
59 62
54 62
5 62
11 62
45 62
6 66
6 9
6 20
6 21
6 59
6 25
5 6
21 66
21 25
9 21
5 21
21 31
11 21
9 67
5 67
11 67
45 67
38 67
55 67
67 68
59 67
54 67
31 67
55 59
53 59
38 59
0 59
52 59
35 59
9 59
59 68
45 59
25 59
54 59
52 53
5 53
45 53
0 53
25 53
9 53
53 66
31 53
50 52
52 60
5 52
31 52
52 54
35 52
25 52
42 66
25 42
42 54
38 42
0 42
42 69
9 42
35 42
11 42
54 56
8 54
54 60
54 69
9 54
20 54
11 54
54 68
25 60
11 60
35 60
0 60
45 60
31 60
20 56
56 66
56 69
0 56
8 56
50 56
25 56
38 56
45 56
50 55
35 50
20 50
9 50
0 50
11 50
50 68
37 69
37 55
12 37
20 37
37 38
12 55
4 55
20 55
8 55
9 55
55 69
11 55
55 68
31 32
0 32
20 32
14 32
32 68
11 32
4 32
25 32
5 12
12 35
12 31
12 66
12 45
12 20
4 12
0 12
12 14
12 69
9 28
11 28
28 40
8 28
28 35
5 40
40 68
35 40
40 66
4 40
11 40
0 40
9 40
14 40
40 45
8 40
31 40
8 66
38 66
0 66
66 68
11 66
35 66
5 66
9 66
20 36
14 36
31 36
25 36
36 45
19 36
36 69
36 38
0 36
19 69
8 69
0 69
20 69
11 69
68 69
45 69
9 48
0 48
2 48
14 48
20 48
8 48
2 5
2 4
2 68
2 35
2 25
2 38
2 11
2 31
2 45
2 19
19 35
4 35
8 35
35 38
5 35
35 45
35 68
11 35
45 49
9 49
25 49
19 45
14 45
38 45
9 45
5 45
31 45
13 38
11 18
11 17
11 14
8 11
11 25
11 68
17 19
8 17
17 31
17 38
0 17
14 17
17 20
5 19
4 19
19 68
8 19
19 38
9 19
0 46
20 46
9 46
25 46
14 46
8 46
8 14
4 8
8 31
0 8
5 8
8 68
8 38
16 39
39 61
29 39
15 39
5 39
39 68
4 39
39 64
9 39
20 39
25 39
18 39
38 39
14 39
0 39
5 18
4 18
18 68
18 64
18 25
18 20
9 18
18 31
14 18
14 29
15 31
31 64
4 31
31 38
25 31
9 31
5 31
14 61
10 14
14 68
9 14
5 14
14 38
14 25
0 24
10 15
5 15
15 68
4 15
15 64
9 15
15 25
15 20
15 38
0 15
10 57
5 10
4 10
10 68
10 64
10 25
10 20
9 10
10 38
0 10
0 26
38 64
20 38
5 38
0 1
20 64
4 20
20 25
9 20
20 68
5 20
25 27
9 27
0 9
5 9
25 58
0 58
25 64
4 25
0 25
5 64
4 64
64 68
0 64
0 41
0 43
4 5
22 68
0 22
0 68
5 68
0 34
0 5
0 30
