70 966
24 42
6 24
4 42
4 6
24 39
4 39
24 51
4 51
42 51
39 51
6 51
24 26
4 26
26 51
42 45
6 45
39 45
24 55
4 55
51 55
45 55
6 55
17 24
4 17
17 51
17 45
6 17
17 42
17 39
17 26
17 55
23 24
4 23
23 51
23 45
6 23
17 23
42 57
39 57
55 57
26 57
23 57
15 24
4 15
15 51
15 45
6 15
15 17
15 57
3 24
3 51
3 6
3 17
3 42
3 39
3 55
3 26
24 30
4 30
30 51
30 45
6 30
17 30
30 57
3 30
42 66
39 66
55 66
26 66
30 66
15 66
23 66
46 66
6 61
17 61
3 61
42 61
39 61
55 61
26 61
23 61
30 61
15 61
33 51
6 33
17 33
33 57
3 33
33 61
42 60
39 60
55 60
26 60
30 60
5 51
5 6
5 57
5 61
5 60
5 33
5 15
10 42
10 39
10 55
24 58
4 58
51 58
6 58
17 58
57 58
3 58
58 66
6 28
28 42
28 39
28 55
26 28
15 28
28 30
23 28
7 51
6 7
7 17
7 28
7 60
7 26
7 33
7 15
1 51
1 6
1 57
1 28
16 51
6 16
16 17
16 61
16 42
16 39
16 55
16 26
16 23
16 30
15 16
9 24
4 9
9 51
9 45
6 9
9 17
3 9
9 28
9 16
9 26
9 15
4 47
47 51
6 47
17 47
3 47
47 61
16 47
33 47
15 47
42 47
39 47
47 55
33 69
47 69
23 69
60 67
26 67
33 67
47 67
23 67
39 67
42 67
55 67
17 38
28 38
16 38
26 38
15 38
10 38
23 38
38 67
6 31
31 61
28 31
31 60
31 33
31 47
23 31
31 67
31 42
31 38
50 51
6 50
50 57
50 61
28 50
26 50
50 56
10 50
23 50
50 67
31 50
28 65
26 65
15 65
10 65
39 65
65 67
16 62
26 62
56 62
10 62
23 62
62 67
42 62
32 51
6 32
17 32
32 57
3 32
28 32
16 32
26 32
32 33
15 32
1 32
32 62
1 19
19 67
19 42
19 46
20 47
20 39
19 20
24 37
4 37
37 51
37 45
6 37
17 37
37 66
28 37
16 37
26 37
37 56
37 47
23 37
37 67
37 62
31 37
37 42
39 48
48 67
48 62
37 48
20 29
22 24
4 22
22 51
22 45
6 22
17 22
22 57
3 22
22 66
22 61
22 28
22 33
22 56
10 22
1 22
22 39
22 31
35 51
35 45
6 35
17 35
3 35
28 35
16 35
26 35
35 56
10 35
23 35
35 67
31 35
35 42
35 58
27 51
6 27
3 27
27 66
27 60
26 27
15 27
10 27
1 27
27 67
27 31
27 35
27 29
19 63
35 63
37 63
6 41
41 61
41 60
26 41
15 41
41 47
23 41
39 41
31 41
41 65
29 41
12 24
4 12
12 51
12 45
6 12
12 17
3 12
12 61
12 60
12 33
12 56
12 47
1 12
12 62
12 19
12 65
12 41
12 20
12 50
34 51
6 34
17 34
34 57
3 34
34 61
28 34
26 34
34 56
10 34
1 34
34 39
34 62
34 65
5 34
34 41
37 68
41 68
63 68
55 68
34 68
9 68
44 51
6 44
3 44
44 61
16 44
33 44
44 56
44 47
1 44
44 67
44 62
31 44
37 44
44 63
44 68
11 24
4 11
11 51
11 45
6 11
11 17
11 57
3 11
11 66
11 61
11 60
11 33
11 15
10 11
11 23
11 67
11 62
11 35
5 11
11 41
11 63
49 51
6 49
3 49
28 49
16 49
26 49
49 56
15 49
1 49
39 49
49 62
35 49
37 49
49 63
49 50
11 49
48 49
24 53
4 53
51 53
45 53
6 53
17 53
3 53
53 66
16 53
33 53
15 53
10 53
39 53
53 67
19 53
53 65
29 53
20 53
50 53
34 53
53 69
48 53
27 53
7 53
53 55
14 51
6 14
14 17
14 57
3 14
14 66
14 60
14 26
14 15
14 47
1 14
14 39
14 62
14 35
5 14
14 20
14 50
11 14
43 57
28 43
16 43
43 60
15 43
43 47
23 43
43 62
19 43
43 65
37 43
43 63
43 68
42 43
11 43
30 43
17 52
52 61
16 52
26 52
33 52
10 52
23 52
39 52
19 52
52 65
5 52
41 52
52 63
11 52
43 52
44 52
8 24
4 8
8 51
8 45
6 8
8 17
8 57
3 8
8 66
8 61
8 60
8 26
8 33
8 15
8 23
8 39
8 31
8 65
5 8
8 20
8 50
8 34
8 69
8 53
24 59
4 59
51 59
45 59
6 59
17 59
57 59
3 59
59 66
59 61
16 59
26 59
33 59
10 59
47 59
59 67
19 59
35 59
5 59
20 59
50 59
42 59
59 69
48 59
0 59
2 17
2 61
2 16
2 60
2 33
2 47
2 23
2 39
2 31
2 35
2 29
2 20
2 50
2 34
2 43
2 44
2 59
25 51
6 25
25 57
25 66
16 25
25 26
25 33
15 25
1 25
25 39
19 25
25 65
25 37
25 41
25 50
25 42
25 43
25 48
25 59
12 25
2 25
13 51
6 13
13 17
13 28
13 60
13 26
13 56
13 47
1 13
13 39
13 31
13 65
13 37
13 41
13 50
13 42
13 48
13 44
8 13
13 25
13 52
40 51
6 40
17 40
40 57
3 40
40 61
28 40
33 40
40 56
40 47
1 40
39 40
19 40
31 40
37 40
40 41
40 50
40 42
40 48
40 44
0 40
9 40
40 52
40 49
27 40
13 40
40 46
2 40
32 40
40 58
12 13
13 27
19 64
64 65
5 64
20 64
50 64
34 64
64 69
53 64
59 64
8 64
31 54
54 65
5 54
54 63
50 54
42 54
43 54
44 54
0 54
8 54
30 54
19 21
21 65
5 21
20 21
21 68
21 34
21 43
21 44
8 21
9 21
21 54
21 49
21 30
7 21
21 58
21 64
18 62
18 35
18 29
18 41
18 68
11 18
18 43
18 53
18 59
8 18
18 54
18 49
18 30
7 18
18 32
18 58
18 38
18 21
2 21
7 54
54 55
32 54
12 54
54 64
14 64
30 64
13 64
22 64
46 64
38 64
13 46
7 13
6 36
28 36
36 60
26 36
36 56
36 47
23 36
36 62
31 36
36 65
5 36
36 63
36 50
34 36
36 69
36 48
0 36
9 36
25 36
14 36
12 36
13 36
32 36
36 58
36 55
2 36
25 49
25 32
25 55
25 58
25 38
2 49
2 30
2 27
2 32
2 55
58 59
12 59
7 59
46 59
8 59
8 38
8 52
8 30
7 8
9 52
14 52
52 58
22 52
46 52
27 52
49 52
43 58
43 44
14 43
43 55
14 53
0 14
9 14
12 14
14 38
14 30
14 55
14 32
46 53
9 53
49 53
44 49
49 58
7 49
22 49
11 44
11 58
11 22
11 69
11 32
9 11
11 48
11 12
12 44
0 44
32 44
44 55
30 68
68 69
7 68
58 68
27 68
48 68
34 55
12 34
34 48
32 34
30 34
7 34
0 34
12 27
12 22
12 38
12 55
41 42
7 41
0 41
41 63
22 41
41 50
58 63
27 63
55 63
46 63
32 63
38 63
27 42
27 69
0 27
9 27
27 38
27 32
22 27
9 35
35 38
30 35
22 35
35 55
7 35
0 35
22 29
22 42
22 69
22 48
0 22
9 22
22 58
22 38
22 46
7 29
29 46
29 48
9 29
29 42
20 48
30 48
48 58
38 48
37 69
5 37
20 37
0 37
37 38
37 55
20 69
20 46
20 38
20 30
20 32
9 20
19 32
19 58
5 19
19 30
7 19
32 65
5 32
0 32
32 55
55 62
46 62
58 62
0 62
62 65
42 65
46 65
50 65
5 50
42 50
31 55
31 69
9 31
38 42
38 69
9 38
38 46
67 69
30 67
5 69
42 69
0 69
7 69
46 69
9 47
0 47
23 47
1 9
9 39
9 42
0 9
9 46
1 16
16 46
1 26
1 56
1 10
1 42
1 39
1 55
1 46
0 1
1 7
1 5
7 39
7 30
7 58
7 55
28 58
26 58
15 58
10 58
39 58
5 58
10 46
5 10
10 23
5 39
5 42
5 30
33 60
23 60
15 60
33 42
33 39
33 55
30 33
23 33
46 61
26 46
46 56
42 46
30 46
46 55
30 56
15 30
23 30
0 30
3 23
3 15
15 26
15 56
15 42
15 39
15 55
23 26
23 42
23 39
23 55
26 55
55 56
39 55
26 45
6 26
26 42
26 39
6 39
39 56
39 42
0 39
6 42
42 56
0 42
0 56
