70 1207
18 62
17 18
33 62
17 33
52 62
18 52
33 52
51 62
17 51
51 52
48 62
17 48
48 52
18 48
33 48
48 51
22 62
17 22
22 52
22 48
35 62
17 35
35 52
35 48
18 35
33 35
35 51
22 35
23 62
17 23
23 52
23 48
23 35
55 62
48 55
35 55
18 55
51 55
33 55
22 55
27 62
17 27
27 52
27 48
27 35
27 55
44 62
44 48
35 44
18 44
33 44
44 51
22 44
27 44
28 62
17 28
28 52
28 48
28 35
28 55
28 44
18 43
43 51
33 43
22 43
27 43
23 43
46 62
17 46
46 52
46 48
35 46
46 55
44 46
43 46
46 51
27 46
36 62
36 51
27 36
18 36
33 36
22 36
23 36
28 36
36 46
59 62
17 59
52 59
48 59
35 59
55 59
44 59
43 59
51 59
27 59
36 59
18 68
33 68
22 68
46 68
23 68
28 68
59 68
21 62
17 21
21 52
21 48
21 35
21 55
21 44
21 43
21 51
21 27
21 36
21 68
19 62
19 35
19 51
19 27
18 19
19 33
19 22
19 28
19 46
19 23
20 62
17 20
20 52
20 48
20 35
20 55
20 44
20 43
20 51
20 27
20 36
20 68
19 20
50 62
50 52
48 50
35 50
50 55
44 50
50 51
27 50
19 50
18 50
33 50
22 50
28 50
23 50
46 50
21 50
50 59
20 50
25 62
17 25
25 52
25 48
25 35
25 55
25 44
25 43
25 51
25 27
25 36
25 68
19 25
25 50
1 62
1 52
1 48
1 35
1 55
1 44
1 43
1 51
1 27
1 36
1 19
1 18
1 33
1 22
1 46
1 28
1 23
1 59
1 20
1 21
1 25
41 62
17 41
41 52
41 48
35 41
41 55
41 44
41 43
41 51
27 41
36 41
41 68
19 41
41 50
1 41
18 45
33 45
22 45
28 45
23 45
45 46
20 45
45 59
21 45
7 62
7 45
58 62
51 58
27 58
45 58
18 58
33 58
22 58
46 58
28 58
23 58
58 59
21 58
20 58
41 58
30 62
30 48
30 35
27 30
30 36
30 45
30 58
30 33
30 41
4 62
4 45
4 7
54 62
48 54
51 54
27 54
54 68
50 54
7 54
33 54
18 54
22 54
23 54
28 54
46 54
4 54
20 54
61 62
51 61
19 61
1 61
7 61
33 61
54 61
56 62
17 56
52 56
48 56
35 56
55 56
44 56
43 56
51 56
27 56
36 56
56 68
19 56
50 56
1 56
45 56
56 58
18 34
33 34
22 34
34 46
23 34
28 34
34 59
20 34
21 34
15 62
15 34
15 41
15 56
29 62
29 52
29 48
29 35
29 55
29 44
29 43
29 51
27 29
29 36
29 50
1 29
7 29
29 33
29 41
29 56
18 29
22 29
3 62
3 33
3 41
3 29
9 62
9 52
9 48
9 35
9 55
9 44
9 43
9 51
9 27
9 36
9 68
9 45
9 58
9 33
9 54
9 56
9 29
9 18
9 22
9 61
9 28
6 62
6 52
6 48
6 35
6 55
6 44
6 43
6 51
6 27
6 36
6 19
1 6
6 58
6 33
6 54
4 6
6 9
5 62
5 52
5 48
5 35
5 55
5 44
5 51
5 27
5 19
1 5
5 7
5 33
5 41
5 56
5 9
5 18
40 54
4 40
5 40
62 69
35 69
51 69
27 69
36 69
50 69
7 69
33 69
56 69
4 69
5 69
18 69
9 32
32 69
23 32
3 32
2 62
2 52
2 48
2 35
2 55
2 44
2 51
2 27
2 50
1 2
2 7
2 34
2 54
2 56
2 29
2 69
2 23
2 3
2 18
8 62
8 52
8 48
8 35
8 43
8 51
8 36
8 50
8 58
8 34
8 54
4 8
8 9
8 69
49 62
49 51
19 49
1 49
7 49
33 49
41 49
49 56
5 49
49 69
18 49
57 62
51 57
50 57
1 57
57 58
34 57
54 57
4 57
9 57
57 69
49 57
62 67
45 67
58 67
33 67
41 67
56 67
9 67
23 67
18 67
3 67
24 62
24 52
24 48
24 35
24 55
24 43
24 51
24 27
24 36
1 24
7 24
24 33
24 56
4 24
9 24
5 24
24 67
3 24
13 62
13 52
13 48
13 35
13 55
13 44
13 51
13 27
13 19
13 50
13 58
13 34
13 41
4 13
9 13
13 69
13 49
3 13
13 18
14 62
14 48
14 35
14 55
14 51
14 27
14 19
14 50
14 58
14 33
14 54
4 14
9 14
14 69
14 23
13 14
2 14
26 54
4 26
26 29
5 26
26 49
26 67
2 26
18 26
62 64
52 64
48 64
35 64
55 64
44 64
43 64
51 64
27 64
36 64
19 64
45 64
7 64
33 64
41 64
4 64
9 64
64 69
49 64
64 67
26 64
42 62
17 42
42 52
42 48
35 42
42 55
42 44
42 43
42 51
27 42
36 42
42 68
19 42
42 45
42 58
34 42
41 42
29 42
9 42
42 69
23 42
3 42
13 42
26 42
18 42
42 64
25 42
16 23
16 67
2 16
16 42
16 18
16 32
16 28
58 65
33 65
41 65
4 65
29 65
23 65
49 65
3 65
2 65
16 65
25 65
60 62
1 60
58 60
33 60
54 60
4 60
29 60
60 69
23 60
60 67
13 60
42 60
16 60
25 60
32 60
14 60
40 60
18 60
39 62
17 39
39 52
39 48
35 39
39 55
39 44
39 43
39 51
27 39
36 39
39 68
19 39
39 50
1 39
39 45
7 39
33 39
39 41
39 56
29 39
5 39
23 39
39 67
13 39
26 39
16 39
39 60
28 39
12 62
12 51
12 36
1 12
7 12
12 34
12 54
12 29
9 12
12 69
12 23
3 12
2 12
12 26
12 25
8 12
12 28
12 40
37 62
37 52
37 48
35 37
37 55
37 44
37 51
27 37
19 37
37 50
37 45
34 37
37 41
29 37
5 37
37 69
23 37
37 67
13 37
26 37
30 37
8 37
28 37
12 37
37 59
37 61
2 11
11 16
11 30
11 60
11 18
11 57
11 59
11 14
47 62
35 47
47 51
27 47
19 47
1 47
7 47
33 47
47 56
4 47
29 47
23 47
47 49
47 67
13 47
16 47
25 47
8 47
28 47
12 47
47 59
39 47
11 47
32 47
62 66
27 66
50 66
1 66
58 66
34 66
54 66
56 66
29 66
5 66
49 66
13 66
2 66
16 66
30 66
8 66
18 66
57 66
39 66
14 66
11 66
32 66
47 66
6 66
64 66
15 66
0 66
37 66
21 66
31 62
31 52
31 48
31 35
31 55
31 44
31 43
31 51
27 31
31 36
19 31
31 50
7 31
31 34
31 41
31 56
9 31
23 31
31 49
31 67
2 31
31 42
25 31
8 31
28 31
31 57
31 59
31 39
11 31
31 65
31 47
24 31
31 64
15 31
0 31
62 63
51 63
50 63
45 63
58 63
33 63
56 63
4 63
5 63
63 69
23 63
63 67
13 63
26 63
30 63
25 63
28 63
57 63
59 63
14 63
11 63
32 63
47 63
24 63
23 38
3 38
13 38
38 42
30 38
8 38
18 38
12 38
38 39
14 38
38 65
10 45
10 33
10 56
10 29
9 10
5 10
10 49
3 10
2 10
10 26
10 30
10 25
10 18
10 57
10 39
10 14
10 11
10 64
0 10
6 10
10 38
10 40
10 24
10 21
10 32
10 15
6 38
38 40
15 38
22 38
0 38
38 46
21 38
38 63
20 63
53 62
17 53
52 53
48 53
35 53
53 55
44 53
43 53
51 53
27 53
36 53
53 68
19 53
50 53
1 53
45 53
53 58
33 53
41 53
4 53
29 53
5 53
53 67
3 53
13 53
16 53
30 53
25 53
18 53
53 57
12 53
14 53
53 65
32 53
6 53
24 53
53 64
20 53
21 53
53 63
37 53
22 53
0 63
21 63
31 63
22 31
31 66
24 47
0 47
6 47
46 47
22 47
11 22
11 65
11 37
11 24
0 11
32 37
6 37
24 37
37 40
20 37
37 46
22 37
0 12
12 15
12 65
12 39
12 32
12 20
12 22
12 24
39 40
6 39
0 39
32 39
39 65
24 39
15 39
21 60
6 60
60 64
60 65
59 60
20 60
57 60
60 61
18 65
59 65
21 65
46 65
40 65
6 65
20 65
22 65
16 46
16 25
16 61
16 21
16 64
16 20
42 59
21 42
8 42
42 57
0 42
24 42
42 61
15 42
20 42
28 64
57 64
59 64
61 64
14 64
32 64
24 64
0 64
20 64
21 64
26 28
20 26
25 26
26 59
26 40
26 30
6 26
22 26
14 26
14 25
14 18
14 28
14 59
14 61
14 20
14 32
14 15
8 13
0 13
13 57
13 30
6 13
13 24
13 15
24 30
8 24
18 24
24 57
20 24
24 46
30 67
40 67
61 67
57 67
46 67
21 67
25 67
30 57
8 57
28 57
20 57
46 57
21 57
57 61
49 59
6 49
21 49
0 49
15 49
22 49
8 49
28 49
25 49
49 61
2 8
8 30
8 15
8 61
8 59
0 8
8 22
8 20
8 28
0 2
2 61
2 40
2 22
2 32
2 21
2 46
30 32
18 32
32 61
32 46
15 32
46 69
3 69
40 69
20 69
28 69
25 69
22 69
3 40
25 40
18 40
40 61
6 40
21 40
15 40
22 40
0 40
20 40
5 20
5 59
5 22
5 30
5 15
5 6
5 23
5 61
0 5
3 6
6 25
6 18
6 28
6 61
6 20
6 21
9 21
3 9
9 46
3 18
3 20
3 22
3 28
3 15
3 59
3 30
20 29
25 29
15 29
0 29
29 30
23 29
15 25
15 28
15 59
15 22
15 46
0 15
34 56
54 56
18 56
22 56
46 56
23 56
28 56
0 56
56 61
56 59
59 61
20 61
0 61
22 61
21 61
46 61
54 59
0 54
41 54
25 54
4 41
4 18
4 22
4 46
4 23
4 30
4 21
4 28
4 25
18 30
30 59
0 30
30 46
22 30
7 58
7 18
7 33
7 22
7 46
7 28
7 23
7 59
7 21
7 20
7 25
0 7
0 45
25 45
41 45
33 41
18 41
22 41
23 41
28 41
41 46
20 41
21 41
0 1
25 33
18 25
25 28
25 46
0 50
20 23
20 46
19 21
19 59
0 19
21 33
21 23
18 21
21 59
21 46
0 68
33 59
23 59
28 59
46 59
0 36
33 46
23 46
18 46
22 46
28 43
0 43
28 51
27 28
28 33
0 28
22 28
23 44
0 44
27 51
18 27
27 33
22 27
23 27
0 27
23 55
0 55
23 51
23 33
18 23
0 35
22 51
22 33
18 22
0 48
18 51
33 51
0 51
0 52
18 33
0 33
0 17
0 62
