70 966
9 62
59 62
24 62
9 24
24 59
17 62
17 24
9 41
41 59
17 41
35 62
24 35
35 41
9 13
13 59
13 17
10 62
10 24
10 41
10 13
9 31
31 59
17 31
28 62
24 28
28 41
13 28
28 31
9 26
26 59
10 26
26 35
26 28
17 26
58 62
24 58
41 58
13 58
31 58
26 58
33 62
24 33
33 41
13 33
31 33
26 33
9 33
33 59
33 35
10 33
17 33
28 33
6 62
6 24
6 41
6 13
6 31
6 26
6 33
39 62
24 39
9 39
39 59
17 39
28 39
35 39
10 39
39 58
2 62
2 24
2 41
2 13
2 31
2 26
2 33
2 39
9 34
34 59
34 35
28 34
17 34
10 34
6 34
34 58
2 34
62 68
24 68
41 68
13 68
31 68
26 68
33 68
39 68
34 68
10 68
35 68
47 62
24 47
41 47
13 47
31 47
33 47
39 47
10 47
9 63
59 63
28 63
17 63
2 63
6 63
58 63
50 62
10 50
50 63
9 49
49 59
28 49
17 49
49 58
2 49
6 49
20 62
10 20
20 63
20 49
42 62
24 42
31 42
33 42
39 42
10 42
35 42
42 47
9 42
42 59
28 42
17 42
55 62
24 55
41 55
13 55
31 55
26 55
33 55
39 55
34 55
10 55
35 55
47 55
42 55
51 62
24 51
41 51
13 51
31 51
33 51
39 51
10 51
51 63
47 51
1 62
1 34
1 63
1 47
1 42
1 9
1 59
1 51
1 28
40 62
24 40
33 40
39 40
40 63
40 49
1 40
0 40
20 40
42 46
56 62
24 56
33 56
34 56
56 63
47 56
1 56
9 56
56 59
62 69
34 69
35 69
49 69
1 69
56 69
0 69
68 69
53 62
24 53
41 53
13 53
31 53
33 53
39 53
34 53
53 63
47 53
37 62
24 37
37 41
13 37
31 37
26 37
33 37
10 37
35 37
37 49
9 37
37 59
17 37
28 37
35 52
37 52
42 52
51 52
46 52
9 23
23 68
23 59
19 62
19 24
19 33
19 34
19 35
19 63
19 42
19 51
0 19
19 23
3 35
3 37
3 42
3 51
3 20
3 23
18 37
18 56
18 20
3 18
18 53
62 66
24 66
41 66
13 66
31 66
33 66
39 66
34 66
63 66
47 66
37 66
51 66
0 66
66 68
2 66
58 66
40 66
18 66
28 66
9 66
17 66
62 64
24 64
33 64
34 64
10 64
63 64
42 64
56 64
0 64
23 64
3 64
64 66
10 14
14 47
1 14
14 56
14 20
14 68
14 53
14 58
14 28
32 35
32 49
32 37
32 51
0 32
3 32
32 53
32 58
14 32
11 62
10 11
11 35
11 47
11 42
11 51
11 46
11 23
11 52
2 11
43 62
24 43
13 43
33 43
39 43
10 43
35 43
43 63
42 43
43 51
20 43
43 68
43 52
2 43
0 27
27 68
27 52
2 27
27 43
11 27
42 44
44 51
0 44
23 44
44 52
2 44
14 44
17 44
12 62
12 24
12 41
12 13
12 31
12 26
12 33
12 39
12 34
10 12
12 35
12 47
12 42
12 56
12 46
12 68
12 52
2 12
12 43
12 17
12 59
36 52
2 36
14 36
12 36
29 37
0 29
29 46
3 29
29 52
29 58
29 43
12 29
29 44
33 60
10 60
35 60
47 60
1 60
56 60
20 60
23 60
3 60
2 60
14 60
17 60
29 60
30 62
24 30
26 30
30 33
30 39
30 34
30 35
30 47
1 30
30 56
20 30
30 46
3 30
30 58
30 66
17 30
12 30
15 35
15 63
1 15
15 56
15 20
15 23
15 52
15 58
14 15
12 15
15 44
15 28
15 50
15 40
7 10
7 47
1 7
7 56
7 46
7 68
7 53
2 7
7 66
7 17
7 44
7 15
7 30
35 45
45 47
1 45
45 56
20 45
45 46
3 45
45 66
43 45
11 45
44 45
28 45
30 45
19 45
45 55
22 62
22 24
22 33
22 34
22 35
22 47
22 42
22 51
22 46
3 22
22 52
22 58
14 22
17 22
22 44
22 28
18 22
22 45
22 60
22 27
4 62
4 24
4 41
4 13
4 31
4 33
4 39
4 10
4 63
4 49
4 37
4 56
4 20
3 4
4 53
2 4
4 43
4 11
4 44
4 28
4 18
4 45
21 62
21 24
21 41
13 21
21 26
21 33
21 39
21 34
10 21
21 37
1 21
0 21
20 21
21 68
21 52
21 58
21 66
17 21
12 21
15 21
38 62
24 38
13 38
33 38
38 39
10 38
35 38
38 49
38 42
38 51
20 38
38 46
38 53
2 38
14 38
17 38
29 38
28 38
38 55
36 38
61 63
47 61
37 61
1 61
0 61
61 68
53 61
58 61
61 66
14 61
44 61
30 61
38 61
19 61
60 61
61 69
4 61
32 61
40 61
61 64
50 61
16 37
16 56
0 16
16 68
16 52
2 16
16 43
16 17
12 16
15 16
16 38
16 19
6 16
16 69
7 16
16 32
8 35
8 63
8 42
8 51
0 8
8 68
8 53
2 8
8 43
8 11
8 44
8 15
8 30
8 45
8 60
8 69
8 36
5 62
5 24
5 39
5 34
5 35
5 47
5 37
5 51
5 46
5 23
3 5
5 58
5 66
5 17
5 44
5 28
5 30
5 45
5 6
5 27
5 7
5 36
5 9
5 8
25 62
24 25
25 33
25 39
10 25
25 63
25 42
1 25
25 46
23 25
25 52
25 58
14 25
17 25
25 29
25 28
18 25
19 25
21 25
4 25
7 25
5 25
25 64
20 57
3 57
52 57
57 58
43 57
11 57
29 57
28 57
18 57
19 57
27 57
57 69
7 57
36 57
8 57
57 64
25 57
55 57
62 67
10 67
35 67
49 67
37 67
0 67
20 67
67 68
53 67
2 67
66 67
17 67
12 67
15 67
18 67
21 67
6 67
27 67
1 48
48 56
20 48
48 68
48 52
2 48
43 48
11 48
29 48
28 48
30 48
21 48
48 60
27 48
4 48
9 48
48 55
48 59
48 64
7 48
32 48
48 67
32 67
40 67
64 67
57 67
55 67
22 67
50 67
54 62
24 54
39 54
34 54
10 54
37 54
42 54
51 54
46 54
3 54
53 54
2 54
14 54
11 54
12 54
15 54
18 54
19 54
6 54
54 69
4 54
36 54
40 54
54 59
54 57
25 54
54 55
54 61
20 65
65 68
53 65
58 65
14 65
11 65
44 65
30 65
38 65
21 65
60 65
27 65
7 65
32 65
5 65
59 65
50 65
25 65
16 65
22 65
16 25
25 55
5 64
5 50
8 40
8 59
8 16
8 9
8 22
16 59
9 16
16 61
22 61
19 38
38 59
32 38
38 40
18 38
21 38
27 38
19 21
21 27
21 64
21 60
6 21
4 21
21 32
4 69
4 55
4 50
4 36
4 22
22 32
22 59
9 22
45 59
45 69
40 45
7 45
36 45
6 7
7 69
7 40
7 36
15 64
15 36
15 30
6 15
30 69
18 30
30 60
27 30
9 30
18 60
60 69
50 60
36 60
40 60
60 64
29 69
29 32
6 29
29 64
29 36
29 50
18 29
9 29
36 50
36 55
36 40
12 44
12 19
12 28
12 55
12 40
27 44
44 59
9 44
6 27
27 40
27 32
27 64
43 50
11 43
18 43
40 43
19 43
9 43
43 69
11 40
11 32
11 28
6 11
11 55
11 19
11 69
28 32
19 32
32 50
32 59
14 64
6 14
14 17
14 18
17 64
18 64
40 64
9 64
50 66
55 66
59 66
6 18
18 50
18 69
3 17
3 55
3 58
3 6
3 53
3 19
19 58
19 28
9 19
6 19
19 50
23 28
23 52
52 58
28 52
40 52
50 52
2 37
6 37
37 58
37 53
37 68
1 53
46 53
53 68
2 53
17 53
53 55
9 53
53 59
53 69
58 69
59 69
9 69
20 56
46 56
56 68
51 56
28 56
50 56
9 46
46 58
28 46
6 46
46 59
40 46
46 50
40 55
1 6
1 17
1 2
9 51
51 59
17 51
2 51
51 58
51 55
6 51
20 55
2 55
28 55
6 55
9 55
20 42
42 50
9 20
17 20
2 20
49 50
0 50
17 50
50 59
9 50
47 63
9 47
47 59
28 47
17 47
47 68
47 58
0 68
6 68
9 68
2 68
2 10
2 35
6 39
6 10
6 35
6 58
6 59
6 9
33 58
10 58
35 58
58 59
10 28
28 35
28 59
10 31
31 35
9 10
10 59
10 35
10 17
13 35
9 35
35 59
17 35
9 17
0 59
0 9
