70 966
53 59
54 59
53 54
32 59
32 54
35 59
35 54
35 53
32 35
59 69
54 69
35 69
52 53
32 52
3 59
3 54
3 35
3 52
9 35
9 53
9 32
3 9
45 59
45 54
35 45
45 52
9 45
59 68
54 68
35 68
52 68
9 68
32 68
53 68
3 68
42 59
42 54
35 42
42 52
9 42
42 68
34 68
34 53
32 34
34 45
59 60
54 60
35 60
52 60
9 60
60 68
34 60
16 54
16 35
9 16
16 68
16 32
16 53
16 60
16 42
16 69
3 16
16 45
46 59
46 54
35 46
46 52
9 46
46 68
34 46
16 46
57 59
54 57
35 57
52 57
9 57
57 68
34 57
16 57
53 57
32 57
57 60
57 69
3 57
45 57
42 57
46 57
25 59
25 54
25 35
25 52
9 25
25 68
25 34
16 25
25 57
43 53
32 43
43 69
43 45
42 43
3 43
43 60
43 46
25 43
8 59
8 54
8 35
8 68
8 34
8 43
32 33
33 53
3 33
33 60
33 69
33 45
33 42
33 46
25 33
20 59
20 54
20 35
20 52
9 20
20 68
16 20
20 57
20 33
22 32
22 53
22 69
22 45
22 60
3 22
22 42
22 46
10 22
31 34
31 57
31 33
22 31
31 32
31 53
31 45
31 60
31 42
31 69
3 31
30 59
30 54
30 35
9 30
16 30
30 57
0 30
30 31
53 64
32 64
60 64
45 64
3 64
42 64
64 69
26 59
26 54
26 35
26 52
9 26
26 68
16 26
26 57
26 33
0 27
22 27
27 32
27 53
27 42
27 45
27 69
27 60
3 27
34 37
16 37
0 37
27 37
37 64
43 51
27 51
32 51
51 53
8 51
44 54
9 44
34 44
44 57
33 44
31 44
44 51
32 44
49 59
49 54
35 49
49 52
9 49
49 68
34 49
16 49
49 57
43 49
22 49
27 49
49 51
32 49
49 53
34 67
16 67
33 67
27 67
64 67
49 67
22 39
31 39
39 64
39 49
49 50
50 53
41 50
54 61
61 68
16 61
57 61
22 61
27 61
16 65
57 65
43 65
22 65
32 65
53 65
6 65
6 32
6 39
6 61
6 44
16 29
29 43
0 29
29 31
29 64
29 51
29 50
29 30
29 44
0 58
27 58
58 64
49 58
50 58
41 58
29 58
20 58
46 58
58 69
18 46
18 69
12 54
9 12
12 68
12 57
12 33
12 27
12 65
12 32
12 49
12 30
12 41
12 20
48 54
35 48
48 52
9 48
34 48
16 48
0 48
31 48
48 65
32 48
48 50
48 61
44 48
7 48
14 49
14 61
14 29
14 44
14 48
14 67
19 60
19 67
63 68
57 63
0 63
27 63
63 65
32 63
50 63
39 63
41 63
44 63
48 63
63 69
19 63
34 66
16 66
0 66
22 66
64 66
51 66
50 66
30 66
44 66
7 66
46 66
66 69
18 66
15 59
15 54
15 35
15 52
9 15
15 68
15 16
15 57
0 15
15 27
15 65
15 32
15 49
15 61
15 41
15 44
15 48
15 60
15 18
15 66
14 15
11 54
11 35
11 52
11 68
11 34
11 43
0 11
11 31
11 27
11 32
11 39
11 30
11 44
7 11
11 46
11 67
11 18
10 11
11 45
11 25
51 56
49 56
50 56
56 61
41 56
7 56
20 56
56 60
19 56
10 56
14 56
11 56
56 63
15 56
38 59
38 54
35 38
38 68
34 38
38 57
33 38
22 38
38 64
32 38
38 50
30 38
29 38
20 38
38 48
38 69
19 38
28 35
28 68
16 28
28 57
28 33
28 31
28 51
28 32
28 49
28 61
28 29
7 28
28 60
28 69
18 28
10 28
24 48
24 67
18 24
24 28
24 45
12 24
24 63
24 37
24 38
13 41
7 13
13 60
13 69
13 19
13 28
13 14
11 13
12 13
13 37
13 15
13 53
13 42
47 65
32 47
39 47
30 47
29 47
20 47
46 47
47 60
19 47
10 47
14 47
12 47
37 47
8 47
23 54
23 35
23 52
9 23
23 34
23 43
0 23
23 27
23 51
23 49
23 50
23 61
23 44
20 23
23 46
23 67
19 23
23 66
23 45
11 23
23 63
15 23
23 58
50 55
55 61
44 55
20 55
46 55
55 67
18 55
55 66
45 55
12 55
55 63
37 55
23 55
24 55
40 54
35 40
40 52
9 40
34 40
40 57
0 40
27 40
40 65
40 51
39 40
40 61
29 40
20 40
40 48
40 69
19 40
28 40
40 66
0 62
27 62
62 65
51 62
39 62
30 62
44 62
20 62
48 62
60 62
10 62
28 62
14 62
11 62
25 62
1 59
1 54
1 35
1 52
1 9
1 68
1 34
1 57
1 33
1 31
1 65
1 51
1 50
1 61
1 29
1 44
1 20
1 67
1 10
1 66
1 14
1 62
1 12
1 15
1 23
1 26
17 52
17 68
16 17
17 43
0 17
17 31
17 65
17 32
17 49
17 39
17 29
7 17
17 48
17 60
17 18
10 17
17 45
17 62
17 63
8 17
17 23
17 24
1 17
17 25
17 58
17 42
17 55
17 47
5 9
5 68
5 16
5 57
5 43
5 31
5 65
5 51
5 50
5 61
5 29
5 44
5 48
5 67
5 18
5 28
5 45
5 62
4 59
4 54
4 52
4 9
4 68
4 57
4 33
4 31
4 65
4 51
4 39
4 30
4 29
4 44
4 60
4 67
4 19
4 28
4 45
4 12
4 63
4 40
4 5
0 21
21 31
21 51
21 32
21 50
21 39
21 29
7 21
21 46
21 60
19 21
21 66
14 21
21 62
4 21
21 37
21 38
21 24
1 21
5 21
21 55
6 21
3 21
2 22
2 31
2 64
2 51
2 49
2 30
2 29
2 7
2 48
2 69
2 10
2 28
2 45
2 12
2 4
2 8
2 38
2 24
1 2
2 25
2 21
2 6
2 55
2 47
4 25
4 37
4 53
4 42
4 6
5 37
5 38
5 26
1 5
5 47
5 56
5 53
36 59
36 54
35 36
36 52
9 36
36 68
34 36
36 57
36 43
22 36
36 64
32 36
36 49
30 36
36 41
7 36
36 46
36 69
18 36
10 36
36 66
12 36
36 63
15 36
23 36
13 36
1 36
5 36
3 36
36 55
36 56
36 53
1 53
38 62
62 63
53 62
40 62
58 62
15 40
23 40
26 40
6 40
40 58
40 55
40 56
40 47
40 42
53 55
23 26
23 47
13 47
47 58
47 53
13 56
3 13
13 24
6 24
24 26
8 28
28 42
26 28
14 28
28 38
38 45
37 38
8 38
38 42
25 38
38 56
3 38
56 58
42 56
3 56
11 26
11 15
8 11
6 11
11 37
3 11
15 63
8 15
15 42
6 15
63 66
25 66
45 66
58 66
8 66
42 66
14 63
58 63
26 63
19 53
19 25
8 19
14 19
6 19
3 14
14 26
12 14
6 14
48 60
12 48
48 69
10 48
45 48
42 48
12 60
12 18
10 12
12 42
8 12
3 12
18 45
18 26
18 58
18 42
45 58
37 58
26 58
25 58
42 58
3 29
29 69
29 37
7 29
10 29
7 44
6 7
7 69
7 8
7 60
7 67
7 42
6 46
6 67
6 10
6 8
6 25
3 6
6 53
45 65
46 65
10 65
65 69
42 65
61 65
60 65
3 65
51 61
49 61
30 61
42 61
60 61
53 61
20 61
41 61
3 61
44 61
37 41
41 46
41 53
41 67
41 42
41 45
25 41
41 60
8 41
20 41
26 41
10 50
20 50
30 50
8 50
39 50
39 53
39 67
39 60
3 39
37 39
39 69
25 39
30 39
8 39
26 39
30 67
60 67
67 69
10 67
53 67
3 67
37 67
42 49
26 49
44 49
46 49
45 49
25 44
20 44
3 44
42 51
25 51
37 51
20 51
20 37
37 46
37 60
10 37
37 45
25 37
25 27
26 27
26 64
26 32
20 26
26 46
26 69
8 26
25 26
26 53
25 64
30 64
20 64
30 32
30 53
30 46
25 30
30 45
30 69
10 30
31 46
10 31
10 32
10 20
3 10
10 53
22 25
8 22
20 22
20 45
20 46
20 53
8 33
8 32
8 46
8 69
3 8
8 53
0 43
0 25
25 46
25 60
3 25
25 42
0 57
0 46
32 46
3 46
46 53
0 16
0 60
32 60
45 60
34 42
3 34
34 69
0 34
0 42
42 69
3 42
68 69
45 68
0 68
0 45
32 45
45 53
9 69
0 9
0 3
3 32
3 69
52 69
0 52
0 69
32 69
0 35
0 32
32 53
0 54
0 53
0 59
