70 966
33 54
49 54
33 47
47 49
9 47
47 54
13 33
13 49
9 13
13 47
21 33
21 49
9 21
21 47
21 54
13 21
17 33
17 49
9 17
17 47
17 21
33 58
9 58
47 58
21 58
54 58
13 58
17 58
33 62
49 62
9 62
47 62
21 62
58 62
22 33
22 49
9 22
22 47
21 22
22 58
22 54
13 22
17 22
22 62
33 40
40 49
9 40
40 47
21 40
40 58
22 40
35 54
13 35
17 35
35 62
35 40
33 60
49 60
9 60
47 60
21 60
58 60
22 60
35 60
9 12
12 47
12 21
12 58
12 54
12 13
12 17
12 62
33 56
49 56
9 56
47 56
21 56
56 58
22 56
35 56
12 56
38 47
21 38
22 38
38 54
13 38
17 38
38 62
38 60
38 40
38 56
19 33
19 49
9 19
19 47
19 21
19 58
19 22
19 35
12 19
19 38
6 33
6 9
6 47
6 21
6 58
6 22
6 35
6 38
6 54
6 13
6 17
6 62
6 60
6 40
6 56
6 19
14 33
14 49
9 14
14 47
14 21
14 58
14 22
14 35
12 14
14 38
6 14
14 19
33 39
9 39
39 47
21 39
39 58
22 39
35 39
19 39
39 54
13 39
17 39
39 62
39 56
39 60
39 40
26 33
26 49
9 26
26 47
21 26
26 58
22 26
26 35
12 26
19 26
26 39
34 47
21 34
22 34
34 38
34 39
34 54
13 34
34 62
34 56
34 60
34 40
26 34
18 33
18 49
9 18
18 47
18 21
18 58
18 22
18 35
12 18
18 38
6 18
18 19
5 47
5 58
5 35
5 19
5 54
5 13
5 17
5 62
5 40
5 60
5 56
1 33
1 49
1 9
1 47
1 21
1 58
1 38
1 19
1 5
1 17
1 13
1 54
1 62
42 47
21 42
38 42
6 42
5 42
17 42
3 5
3 17
3 54
3 13
3 62
3 60
3 40
3 56
37 39
34 37
3 37
1 37
13 53
53 54
53 62
40 53
53 56
26 53
3 50
50 53
9 48
47 48
12 48
38 48
39 48
17 48
13 48
4 33
4 49
4 9
4 47
4 21
4 58
4 22
4 35
4 12
4 19
4 39
4 17
3 4
4 54
4 62
39 61
17 61
4 61
53 61
60 61
15 47
15 21
15 22
6 15
5 15
15 34
4 15
15 53
15 54
16 39
16 17
3 16
4 16
15 16
54 68
42 68
47 69
21 69
22 69
6 69
17 69
34 69
4 69
1 69
60 69
68 69
33 46
9 46
46 47
21 46
46 58
22 46
12 46
19 46
5 46
34 46
13 46
4 46
46 48
15 46
46 54
13 45
1 45
45 48
15 45
45 46
45 54
40 45
33 36
9 36
36 47
21 36
12 36
19 36
36 39
34 36
13 36
4 36
36 60
36 68
36 46
36 42
36 69
33 67
49 67
9 67
47 67
21 67
58 67
22 67
35 67
12 67
38 67
6 67
19 67
5 67
17 67
3 67
4 67
15 67
67 68
9 59
47 59
35 59
38 59
5 59
17 59
13 59
4 59
15 59
57 59
54 59
33 43
43 49
9 43
43 47
21 43
43 58
22 43
35 43
12 43
38 43
6 43
19 43
39 43
17 43
13 43
4 43
43 60
43 57
43 59
42 43
40 43
30 33
30 49
9 30
30 47
21 30
30 58
22 30
30 35
12 30
6 30
17 30
30 34
13 30
1 30
30 48
15 30
30 59
30 42
30 36
11 33
11 49
9 11
11 47
11 21
11 58
11 22
11 35
11 12
6 11
11 19
11 34
11 13
11 53
11 48
11 68
11 46
11 62
11 40
11 30
11 56
29 47
21 29
29 35
19 29
29 39
17 29
3 29
1 29
29 60
29 68
29 54
29 62
29 69
29 36
24 54
24 42
24 36
24 61
32 47
21 32
32 38
6 32
32 39
17 32
3 32
32 53
32 60
32 57
32 54
32 42
32 69
32 36
5 41
17 41
13 41
4 41
41 48
15 41
41 46
41 54
41 69
32 41
41 56
3 28
1 28
28 48
28 68
28 54
28 62
28 40
28 61
28 32
14 28
16 28
13 23
23 53
15 23
23 57
23 59
23 42
23 40
23 61
23 32
23 28
18 23
7 48
7 68
7 54
7 42
7 40
7 61
7 56
8 53
8 15
8 54
8 62
8 40
8 30
8 56
8 29
5 64
34 64
3 64
4 64
60 64
15 64
54 64
42 64
64 69
30 64
32 64
8 64
18 64
14 64
7 64
51 56
29 51
18 51
23 51
41 51
5 55
17 55
13 55
1 55
55 60
15 55
46 55
55 62
36 55
55 61
32 55
29 55
55 67
9 52
47 52
12 52
19 52
5 52
34 52
3 52
1 52
48 52
15 52
46 52
52 54
36 52
52 61
52 56
29 52
52 67
16 52
0 52
41 52
11 52
33 63
49 63
9 63
47 63
21 63
58 63
22 63
35 63
12 63
38 63
19 63
17 63
13 63
53 63
15 63
57 63
54 63
62 63
63 69
30 63
32 63
8 63
63 67
52 63
41 63
11 63
0 63
12 20
20 38
5 20
17 20
13 20
1 20
20 60
20 68
20 59
20 54
20 69
20 61
20 32
20 24
8 20
20 23
20 43
20 51
20 63
39 66
17 66
4 66
1 66
53 66
57 66
46 66
62 66
36 66
30 66
24 66
28 66
8 66
14 66
7 66
55 66
10 60
10 57
10 59
10 54
10 69
10 36
10 56
10 29
10 14
10 23
7 10
10 11
10 51
9 27
27 47
21 27
22 27
27 38
6 27
5 27
17 27
3 27
27 53
27 60
27 57
27 59
27 54
27 69
27 30
24 27
27 29
27 67
23 27
27 41
27 43
10 27
26 27
16 27
9 65
47 65
22 65
6 65
19 65
34 65
13 65
53 65
48 65
57 65
59 65
42 65
36 65
30 65
32 65
29 65
65 67
52 65
7 65
55 65
0 65
2 22
2 19
2 5
2 17
2 13
1 2
2 60
2 57
2 46
2 62
2 40
2 30
2 32
2 8
2 18
2 14
2 43
2 11
2 51
2 63
22 25
25 38
25 39
25 34
13 25
25 53
25 48
25 68
25 59
25 54
25 40
25 61
24 25
8 25
14 25
23 25
7 25
25 55
25 63
2 25
25 37
33 44
9 44
44 47
44 58
12 44
6 44
19 44
17 44
13 44
1 44
44 48
44 68
44 46
42 44
40 44
44 61
24 44
29 44
44 67
14 44
43 44
11 44
0 44
44 66
44 64
20 44
3 31
1 31
31 60
31 57
31 46
31 62
31 40
30 31
24 31
29 31
31 67
14 31
31 41
31 43
0 31
26 31
31 64
31 44
16 31
31 45
25 44
25 45
25 50
2 65
2 16
2 66
27 65
20 65
45 65
50 65
27 45
27 50
10 37
10 66
10 45
10 64
45 66
26 66
20 66
20 64
20 37
50 63
37 63
43 52
52 55
26 52
7 55
37 55
45 55
51 55
0 55
51 64
0 51
16 51
26 64
37 64
8 43
7 8
8 18
8 26
7 18
7 23
7 37
7 50
23 50
23 45
23 37
0 28
28 37
28 29
28 67
28 41
28 50
28 45
14 41
11 41
26 41
41 43
0 41
14 32
32 67
24 32
16 24
14 24
0 24
24 29
24 37
11 29
11 67
11 50
11 16
11 26
30 43
16 30
0 30
30 37
43 56
18 43
16 43
43 45
16 59
59 67
40 59
26 59
14 59
50 59
59 62
54 67
36 67
61 67
26 67
16 67
16 36
36 45
26 36
45 56
18 45
42 46
37 46
46 69
0 46
46 61
42 69
37 69
14 69
18 69
61 69
56 69
62 68
0 68
16 68
18 68
16 54
16 37
16 50
15 57
14 15
15 26
15 37
54 57
14 57
57 61
50 57
40 57
56 57
54 61
18 61
56 61
50 61
4 60
4 40
4 56
0 4
4 48
48 54
48 62
18 48
0 48
48 50
48 56
48 60
50 62
40 50
50 56
18 50
26 50
42 53
37 53
37 42
14 37
3 42
0 3
1 42
42 54
0 42
40 42
1 60
1 18
1 14
5 18
18 34
13 18
18 54
18 62
18 56
14 18
0 18
0 34
14 34
13 26
26 60
26 62
26 40
26 56
0 26
14 39
0 39
13 14
14 62
0 6
19 54
13 19
17 19
19 62
19 56
19 60
19 40
17 56
13 56
54 56
56 62
12 60
12 40
0 12
17 60
13 60
54 60
40 60
60 62
17 40
13 40
0 40
17 62
13 62
54 62
0 58
17 54
13 17
0 21
13 54
0 47
9 49
9 54
9 33
0 9
