70 483
21 43
21 29
32 43
21 44
32 44
10 43
21 39
32 39
10 39
12 43
11 21
11 32
10 11
11 12
11 35
35 59
43 59
44 59
39 59
29 59
21 57
32 57
10 57
12 57
35 57
57 59
30 43
30 39
11 30
30 44
29 30
30 57
30 68
43 65
65 68
21 62
10 62
59 62
62 65
15 21
42 43
14 21
10 14
14 42
2 21
2 32
2 10
2 35
2 59
2 65
2 43
43 54
29 54
54 57
39 54
11 54
44 54
21 63
32 63
10 63
35 63
54 63
63 65
15 63
24 63
50 63
39 63
44 63
31 50
21 36
32 36
10 36
35 36
36 59
36 65
2 36
38 43
14 38
29 38
21 66
32 66
10 66
12 66
35 66
59 66
30 66
2 66
15 66
38 66
36 66
21 26
10 26
26 35
26 65
2 13
13 43
7 21
7 10
7 35
7 65
7 13
7 38
27 43
14 27
7 27
25 59
25 42
15 25
24 25
25 27
25 66
1 21
1 32
1 10
1 35
1 59
1 65
1 15
1 13
1 36
1 66
1 28
6 59
6 42
6 15
6 24
6 36
6 66
36 52
5 52
21 61
32 61
10 61
12 61
59 61
2 61
15 61
38 61
43 64
26 64
47 59
2 47
13 47
24 47
47 64
26 58
58 68
46 50
46 58
46 52
0 60
11 60
46 60
21 37
37 42
13 37
24 37
36 37
37 39
28 37
37 60
1 37
9 44
9 25
9 11
9 56
49 50
5 49
31 49
16 52
14 16
16 61
16 49
16 29
16 47
23 31
16 23
15 19
19 24
19 64
19 39
19 44
19 25
19 23
41 64
5 41
41 44
25 41
9 41
23 41
41 61
26 41
19 41
23 33
33 41
33 47
18 52
16 18
3 36
3 39
3 28
3 16
3 63
3 18
3 57
13 55
24 55
50 55
5 55
28 55
31 55
3 55
34 50
34 39
28 34
6 34
23 34
34 56
34 55
20 36
20 66
20 31
20 60
1 20
20 34
20 29
0 20
19 20
20 49
19 45
3 4
4 43
4 14
4 18
4 55
4 49
4 33
4 45
20 45
45 62
8 50
5 8
8 44
6 8
8 23
8 43
8 47
8 46
22 44
22 25
22 23
22 56
22 47
35 69
42 69
13 69
24 69
64 69
66 69
39 69
60 69
3 69
44 48
6 48
25 48
47 48
48 68
14 48
13 17
17 38
17 50
17 66
17 39
17 31
9 17
17 48
7 17
17 46
28 51
31 51
23 51
43 51
47 51
0 51
17 51
51 63
52 67
6 67
9 67
56 67
29 67
28 40
6 40
9 40
40 43
7 40
40 46
40 49
40 68
40 57
40 67
22 67
63 67
51 67
26 67
33 51
17 26
17 62
17 57
48 69
11 48
18 48
14 69
62 69
18 69
22 69
0 69
11 69
8 22
22 37
22 68
8 57
8 11
8 20
7 34
18 34
34 46
0 34
29 55
0 55
55 68
49 55
55 57
3 46
3 7
18 33
18 37
18 26
19 33
26 33
41 62
41 57
53 62
19 53
53 63
46 53
19 46
11 19
23 43
16 43
9 49
43 49
7 49
37 49
0 9
29 56
46 56
37 56
7 56
14 37
11 37
26 37
47 58
47 52
1 47
29 47
47 61
61 64
62 64
61 66
52 61
1 61
0 61
61 68
57 61
11 61
61 62
11 52
52 62
52 68
6 52
6 31
1 6
6 62
6 57
1 62
1 29
1 68
1 26
28 29
14 28
25 28
7 25
25 26
25 68
14 25
7 66
7 44
7 57
7 14
13 39
13 24
13 14
13 26
11 13
26 66
26 31
14 26
11 66
57 66
38 62
38 50
36 38
36 43
5 36
11 36
36 44
29 36
5 31
5 44
5 43
5 68
5 39
5 14
0 31
31 63
43 63
14 63
63 68
62 63
24 54
2 24
24 43
24 57
24 39
24 68
24 44
2 14
2 39
2 11
2 44
2 29
2 15
2 68
42 44
42 57
39 42
11 42
29 42
15 42
15 43
15 50
15 62
11 15
15 44
15 57
39 62
57 65
50 65
29 65
29 68
50 57
44 57
11 59
11 29
12 39
12 44
12 29
35 39
39 50
29 39
0 39
10 44
10 29
35 44
43 44
29 32
29 35
35 43
43 50
0 43
35 50
0 50
