70 241
25 69
0 69
37 69
0 66
37 66
30 33
30 66
30 54
0 16
3 16
2 25
9 25
9 64
9 30
7 42
23 25
25 34
0 34
15 33
15 34
34 67
34 42
7 34
17 54
17 34
17 21
25 31
3 31
30 31
7 31
22 31
16 31
31 33
21 31
23 28
28 56
9 28
28 66
31 56
27 30
2 38
3 62
38 62
16 62
10 62
11 22
10 11
11 56
4 54
4 34
20 30
7 20
25 35
0 35
3 35
7 35
35 58
16 35
22 40
16 40
1 27
1 36
1 8
8 31
50 60
21 50
50 69
18 58
18 46
46 54
2 46
22 68
46 68
12 68
12 62
12 19
19 50
40 65
11 65
33 65
18 65
8 65
19 65
19 61
19 27
41 66
41 49
4 49
6 54
9 29
48 56
29 48
48 49
5 54
5 11
5 59
5 48
34 53
53 62
5 53
14 47
1 24
10 24
24 54
24 29
24 35
22 52
16 52
40 52
24 52
26 60
26 68
26 34
26 51
39 49
9 39
39 62
39 51
26 63
48 63
55 63
35 55
51 63
43 56
11 43
43 49
43 52
43 51
32 47
24 32
32 44
2 44
44 62
9 44
9 32
5 32
32 43
26 52
52 66
8 52
14 24
14 36
14 69
14 53
13 59
13 61
13 14
13 57
35 48
6 29
6 49
45 61
6 45
6 66
2 6
41 47
41 54
36 47
47 59
34 47
59 68
20 59
57 59
57 62
19 57
12 20
11 68
23 68
36 68
18 56
18 50
8 18
18 66
18 27
27 50
23 60
8 60
33 60
21 60
8 21
8 33
36 40
36 66
23 36
36 69
23 40
35 40
40 61
34 35
23 35
16 58
33 58
20 58
58 69
10 20
4 20
2 20
20 62
20 61
4 9
4 11
10 69
9 10
38 69
27 38
16 27
27 56
27 34
27 69
56 69
31 34
31 61
21 33
21 66
21 61
17 61
33 67
23 67
67 69
3 23
7 23
9 23
23 33
7 33
7 66
7 9
7 16
2 64
2 42
2 22
2 54
2 69
2 33
16 42
16 66
3 61
22 61
22 54
30 69
25 33
0 33
