70 966
22 32
32 38
22 61
38 61
32 42
42 61
22 35
35 38
35 42
11 35
22 46
38 46
42 46
11 46
46 61
32 46
1 22
1 38
1 42
1 11
1 46
9 11
9 46
9 32
9 61
1 9
9 35
22 55
38 55
42 55
11 55
46 55
9 55
55 61
42 56
11 56
46 56
56 61
32 56
1 56
35 56
55 56
22 39
38 39
39 42
11 39
39 46
9 39
39 61
39 56
32 67
1 67
35 67
55 67
39 67
22 53
38 53
42 53
11 53
46 53
9 53
53 61
53 56
53 67
11 23
23 46
23 61
23 32
1 23
23 35
23 55
23 39
23 53
22 51
38 51
42 51
11 51
46 51
9 51
51 61
51 56
51 67
23 51
22 60
38 60
42 60
11 60
46 60
9 60
60 61
56 60
60 67
23 60
32 60
1 60
35 60
55 60
39 60
51 60
53 60
22 69
38 69
42 69
11 69
46 69
9 69
61 69
56 69
67 69
23 69
60 69
11 17
9 17
17 61
17 23
17 60
17 32
1 17
17 35
17 55
17 51
17 53
22 36
36 38
36 42
11 36
36 46
9 36
36 61
36 56
36 67
23 36
36 60
17 36
22 37
37 38
37 42
11 37
37 46
9 37
37 61
37 56
37 67
23 37
37 60
32 37
1 37
35 37
37 55
37 69
37 39
36 37
37 51
37 53
19 42
11 19
19 46
9 19
19 61
19 67
17 19
19 37
3 32
3 35
1 3
3 55
22 40
38 40
40 42
11 40
40 46
9 40
40 61
40 67
40 60
37 40
3 40
32 40
1 16
16 35
3 44
16 44
44 69
40 44
22 48
38 48
42 48
11 48
46 48
9 48
48 61
48 56
48 67
23 48
48 60
17 48
3 48
24 61
24 67
17 24
24 37
24 32
1 24
24 35
24 51
24 69
17 25
25 37
3 25
24 25
25 69
3 68
24 68
16 68
35 68
1 68
32 62
35 62
1 62
55 62
26 61
23 26
26 60
26 62
3 26
24 26
26 68
26 40
26 48
26 65
26 31
11 45
45 61
45 56
23 45
45 60
13 32
1 13
13 35
13 55
13 53
14 42
11 14
14 46
14 61
14 56
14 23
14 60
13 14
3 14
14 32
14 68
14 40
31 63
14 63
4 22
4 38
4 42
4 11
4 46
4 9
4 61
4 67
4 60
4 13
3 4
4 24
4 69
4 40
4 63
21 32
21 24
21 68
21 69
21 48
29 46
9 29
29 61
29 56
17 29
29 37
29 62
24 29
16 29
29 69
29 48
21 29
29 31
10 44
22 57
38 57
42 57
11 57
46 57
9 57
57 61
23 57
17 57
37 57
57 62
16 57
57 68
54 57
55 57
57 65
31 57
10 57
1 57
28 42
11 28
28 46
9 28
28 61
28 56
23 28
28 37
3 28
28 32
28 68
28 69
28 63
28 65
28 31
17 34
13 34
34 62
24 34
34 69
34 40
34 55
34 65
30 61
30 67
30 60
17 30
3 30
24 30
16 30
30 55
30 63
30 65
30 36
3 27
27 32
27 69
27 40
27 55
27 65
27 30
27 45
42 49
11 49
46 49
49 61
49 56
49 67
49 60
37 49
49 62
32 49
16 49
49 54
49 63
21 49
31 49
34 49
1 49
2 22
2 38
2 42
2 11
2 46
2 9
2 61
2 56
2 17
2 13
2 62
2 32
2 69
2 55
2 63
2 65
2 30
2 34
2 49
11 47
46 47
47 56
23 47
17 47
13 47
47 62
32 47
16 47
47 54
47 48
21 47
31 47
45 47
8 30
8 45
8 51
22 66
38 66
42 66
11 66
46 66
9 66
61 66
66 67
23 66
13 66
32 66
16 66
66 68
54 66
48 66
21 66
31 66
34 66
8 66
28 66
4 66
11 12
12 61
12 56
12 23
12 60
12 37
3 12
12 32
12 69
12 40
12 63
12 21
12 31
12 45
8 12
12 14
22 50
38 50
42 50
11 50
46 50
9 50
50 61
23 50
17 50
13 50
32 50
24 50
16 50
50 55
48 50
50 65
31 50
1 50
49 50
2 50
12 50
18 56
18 67
18 60
18 37
18 62
18 24
16 18
18 40
18 48
18 65
18 30
18 34
1 18
2 18
4 18
11 20
9 20
20 56
20 23
17 20
20 37
20 62
20 24
20 69
20 40
20 48
20 65
20 45
10 20
1 20
20 28
12 20
18 20
0 20
20 36
15 68
15 54
15 48
15 21
15 30
10 15
15 49
2 15
12 15
15 44
0 15
15 20
15 25
15 53
52 69
40 52
48 52
21 52
31 52
45 52
1 52
2 52
12 52
44 52
0 52
22 33
33 38
33 42
11 33
33 46
9 33
33 61
33 56
33 67
23 33
33 60
13 33
33 62
32 33
33 69
33 54
33 48
33 63
31 33
33 34
8 33
2 33
12 33
18 33
6 42
6 11
6 46
6 61
6 56
6 67
6 60
6 13
6 62
6 32
6 69
6 40
6 48
6 63
6 31
6 45
6 8
6 49
4 6
6 44
6 33
5 11
5 61
5 56
5 23
5 60
5 37
3 5
5 24
5 16
5 54
5 63
5 21
5 30
5 34
5 8
5 28
5 14
5 44
5 6
5 20
5 25
5 15
5 36
5 27
5 50
7 55
7 65
7 30
7 10
7 8
7 28
7 14
7 12
43 68
40 43
43 48
21 43
43 45
34 43
1 43
2 43
4 43
18 43
58 62
24 58
16 58
55 58
48 58
21 58
45 58
1 58
8 58
2 58
4 58
18 58
43 58
33 58
25 58
53 58
35 58
5 58
29 58
52 58
19 58
7 58
25 43
7 43
43 66
39 43
19 43
29 43
11 64
46 64
9 64
61 64
56 64
64 67
17 64
37 64
62 64
32 64
64 68
54 64
55 64
63 64
30 64
34 64
1 64
49 64
14 64
12 64
43 64
0 64
57 64
27 64
41 68
40 41
41 63
21 41
30 41
34 41
41 49
28 41
12 41
41 44
6 41
33 41
25 41
41 64
36 41
27 41
29 41
41 50
59 62
32 59
59 68
40 59
55 59
21 59
31 59
34 59
1 59
2 59
4 59
12 59
6 59
57 59
25 59
15 59
59 64
26 59
39 59
59 66
41 59
19 59
41 52
36 64
19 64
35 64
64 66
43 57
0 43
0 7
7 25
7 15
7 35
5 7
7 39
7 50
7 47
5 47
6 51
6 35
6 36
6 50
6 26
6 27
20 33
33 66
33 50
33 53
33 52
26 33
27 33
51 52
15 52
36 52
27 52
52 66
47 52
15 26
15 47
20 57
19 20
20 29
20 47
20 51
18 57
18 29
18 50
18 19
18 47
18 27
18 36
50 57
50 53
36 50
39 50
19 50
12 51
12 35
12 66
25 66
53 66
27 66
29 66
19 66
0 8
8 36
8 44
4 8
8 35
8 47
2 47
14 47
0 47
47 51
35 47
29 47
39 47
2 51
0 2
2 35
2 14
39 49
26 49
25 49
27 49
29 49
49 53
4 49
27 28
4 27
27 57
27 36
26 27
30 34
30 53
25 30
30 39
19 30
30 35
34 45
34 39
28 34
25 34
19 34
1 28
19 28
28 36
25 28
26 28
28 39
28 44
28 57
4 57
39 57
19 57
53 57
36 57
10 29
0 10
4 10
10 36
10 35
10 14
10 51
14 29
4 29
29 51
29 53
29 35
26 29
21 39
21 35
4 21
21 45
0 21
4 45
4 25
4 53
4 35
1 63
44 63
36 63
14 65
14 45
1 14
14 44
14 19
14 26
14 39
0 14
14 36
13 36
13 39
13 45
13 69
45 62
32 45
45 69
40 45
45 55
44 45
1 45
26 45
45 53
26 44
26 51
26 36
19 26
26 39
51 62
62 65
39 62
32 65
65 68
54 65
55 65
51 65
31 65
25 65
53 65
19 65
31 68
36 68
0 68
53 68
19 68
31 54
1 31
31 51
0 31
53 54
48 54
35 54
25 54
25 55
25 44
0 25
25 35
24 48
0 24
24 55
24 36
48 69
36 48
44 48
1 48
0 48
39 44
44 51
44 53
0 44
16 39
16 40
16 51
16 55
40 51
39 40
1 40
0 40
3 53
3 36
3 19
19 32
19 69
19 55
1 19
19 51
0 37
36 55
17 39
17 69
0 17
32 69
35 69
1 69
39 69
32 51
51 55
39 51
35 51
51 53
32 53
53 55
1 53
0 53
39 53
0 67
39 55
35 39
32 55
35 55
1 61
1 32
35 46
0 46
35 61
32 35
0 35
11 42
11 61
32 61
0 61
11 38
11 32
0 32
11 22
0 11
