70 241
6 63
37 63
6 37
55 63
37 55
19 63
6 19
19 42
6 57
42 57
12 37
6 28
1 37
1 28
44 59
44 55
44 56
6 56
1 56
39 63
26 39
39 43
6 39
40 43
32 59
6 32
12 32
10 37
10 19
10 26
10 32
10 64
37 54
19 54
43 54
32 54
54 64
54 68
36 63
36 37
19 36
28 36
36 59
36 44
37 61
28 61
26 61
29 55
29 61
36 61
1 46
25 36
12 25
26 31
1 31
25 31
26 48
1 48
36 48
48 66
3 48
15 49
42 49
17 26
6 17
5 17
36 52
47 52
0 27
8 27
33 43
33 44
33 64
16 33
22 37
19 22
22 43
1 22
22 33
0 9
35 63
19 35
35 43
6 35
35 64
9 35
60 64
46 60
41 60
7 41
7 60
7 12
7 55
12 60
21 59
21 44
5 21
21 54
10 21
21 60
53 64
53 61
0 53
53 56
53 55
21 53
21 52
33 67
5 23
23 68
23 67
24 40
23 24
25 65
46 65
62 63
19 62
44 62
32 62
33 62
59 69
1 69
20 69
47 69
17 69
22 69
38 69
15 38
38 42
38 50
56 69
20 40
4 20
20 42
4 14
13 36
13 61
4 13
13 51
17 51
45 51
31 45
2 40
2 14
2 10
2 4
2 51
2 24
12 13
13 31
4 52
0 11
4 11
58 63
28 58
58 59
1 58
40 58
54 58
23 58
58 62
11 58
50 58
11 39
14 62
14 42
62 65
17 62
31 62
3 65
24 65
0 65
18 27
18 24
18 55
34 40
34 61
10 34
18 34
34 42
16 34
22 24
23 39
41 67
30 67
16 67
56 67
35 41
30 35
35 39
31 35
9 39
9 22
22 56
22 48
33 50
16 46
8 16
12 16
8 39
8 50
27 52
48 52
10 47
17 47
15 17
15 48
31 66
5 25
25 55
5 30
0 5
30 46
3 30
30 42
46 61
12 61
3 36
3 54
3 55
54 55
10 50
32 40
32 42
39 40
6 26
26 50
6 50
50 68
56 68
1 44
28 43
12 28
28 55
12 59
42 59
19 55
6 43
0 6
43 63
0 43
