70 1207
18 57
2 57
18 44
2 44
57 64
44 64
14 18
2 14
14 64
18 34
2 34
34 64
34 57
34 44
14 34
18 55
2 55
55 64
34 55
22 57
22 44
14 22
22 55
18 62
2 62
62 64
34 62
22 62
0 62
55 62
57 62
34 53
22 53
0 53
53 55
53 57
44 53
14 53
18 19
2 19
19 64
19 34
19 22
0 19
19 55
19 57
19 53
18 40
2 40
40 64
34 40
22 40
0 40
40 55
40 57
40 53
40 44
14 40
18 65
2 65
64 65
34 65
22 65
0 65
55 65
57 65
53 65
40 65
19 65
3 18
2 3
3 64
3 34
3 22
0 3
3 55
3 57
3 53
3 40
3 19
3 44
3 14
3 62
18 67
2 67
64 67
34 67
22 67
0 67
55 67
57 67
53 67
40 67
19 67
3 67
38 57
19 38
3 38
38 44
14 38
38 65
38 62
38 67
18 48
2 48
48 64
34 48
22 48
0 48
48 55
48 57
48 53
40 48
19 48
3 48
38 48
18 20
2 20
20 64
20 34
20 22
0 20
20 55
20 57
20 53
20 40
19 20
3 20
20 38
20 44
14 20
20 48
20 67
20 62
13 18
2 13
13 64
13 34
13 22
0 13
13 55
13 57
13 53
13 40
13 19
3 13
13 38
13 20
2 69
34 69
22 69
0 69
55 69
57 69
40 69
3 69
20 69
44 69
14 69
67 69
65 69
62 69
13 69
48 69
18 32
2 32
32 64
32 34
22 32
0 32
32 55
32 57
32 53
32 40
19 32
3 32
32 38
20 32
32 69
2 17
17 34
17 22
0 17
17 55
17 57
17 53
17 19
17 20
17 69
17 44
14 17
17 67
17 48
17 65
13 17
17 62
2 47
47 64
34 47
22 47
0 47
47 55
47 57
47 53
40 47
19 47
3 47
17 47
25 34
0 25
25 55
25 57
25 53
19 25
20 25
25 69
25 44
14 25
13 25
25 62
25 67
25 65
25 48
36 55
36 57
36 40
3 36
36 38
25 36
32 36
18 51
2 51
51 64
34 51
0 51
51 55
51 57
51 53
40 51
19 51
20 51
17 51
32 51
44 51
14 51
51 67
5 57
5 19
5 20
5 69
5 25
5 51
18 54
2 54
54 64
34 54
0 54
54 55
54 57
53 54
40 54
3 54
20 54
17 54
32 54
18 21
2 21
21 64
21 34
21 22
0 21
21 55
21 57
21 53
21 40
19 21
3 21
21 38
20 21
21 69
17 21
21 32
21 44
14 21
21 62
21 48
21 65
4 57
4 19
4 20
4 69
4 21
4 51
38 49
49 69
25 49
21 49
44 49
14 49
48 49
38 46
17 46
32 46
21 46
46 49
33 44
14 33
13 33
2 61
61 64
34 61
22 61
0 61
55 61
57 61
53 61
40 61
19 61
38 61
17 61
25 61
21 61
54 61
33 61
36 61
4 61
44 61
18 24
2 24
24 64
24 34
22 24
0 24
24 55
24 57
24 40
19 24
3 24
24 69
24 25
21 24
24 54
24 33
24 36
34 60
0 60
55 60
57 60
19 60
3 60
38 60
60 69
32 60
21 60
49 60
33 60
32 66
51 66
54 66
44 66
14 66
15 55
15 57
15 40
3 15
15 38
15 69
15 25
15 51
15 49
15 66
15 65
15 60
15 44
15 24
15 62
9 49
9 33
9 65
9 60
11 65
4 11
11 44
18 30
2 30
30 64
30 34
22 30
0 30
30 55
30 57
30 53
30 40
19 30
3 30
30 38
30 69
30 32
30 51
30 49
30 66
30 65
11 30
30 44
30 48
9 30
8 53
8 19
8 20
8 69
8 25
8 51
8 49
8 66
8 36
8 60
8 44
8 48
2 12
12 64
12 34
12 22
0 12
12 55
12 57
12 53
12 40
12 19
12 20
12 69
12 25
12 21
12 49
12 66
12 65
12 60
12 44
12 24
12 62
1 64
1 34
1 22
0 1
1 55
1 57
1 53
1 3
1 38
1 69
1 25
1 51
1 54
1 66
1 36
1 60
1 44
1 48
1 12
1 9
44 52
48 52
12 52
9 52
13 52
2 41
34 41
22 41
0 41
41 55
41 57
40 41
19 41
38 41
17 41
32 41
21 41
41 54
41 66
36 41
11 41
41 44
41 62
12 41
41 52
7 49
7 66
7 36
7 60
7 11
7 62
7 9
7 8
7 52
23 36
23 60
23 44
23 24
23 62
9 23
7 23
23 67
6 64
6 34
6 22
0 6
6 55
6 57
6 53
3 6
6 38
6 69
6 25
6 51
6 54
6 33
6 36
4 6
6 11
6 24
6 62
6 8
6 7
6 67
6 14
6 23
34 56
55 56
40 56
19 56
20 56
17 56
25 56
21 56
54 56
56 66
36 56
4 56
44 56
24 56
12 56
8 56
56 67
2 50
50 64
34 50
22 50
0 50
50 55
50 57
50 53
40 50
19 50
38 50
17 50
21 50
50 51
49 50
50 66
50 65
50 60
11 50
24 50
12 50
8 50
50 67
16 57
16 19
16 38
16 17
16 25
16 51
16 54
16 33
16 65
4 16
11 16
16 24
12 16
8 16
7 16
16 50
16 30
16 23
16 56
11 35
35 62
12 35
9 35
7 35
35 50
35 46
0 28
28 57
28 40
19 28
28 38
28 69
25 28
21 28
28 54
28 66
28 36
4 28
28 44
24 28
12 28
8 28
7 28
28 46
6 28
23 28
34 58
55 58
57 58
19 58
20 58
58 69
25 58
51 58
49 58
54 58
58 65
58 60
11 58
48 58
58 62
8 58
7 58
50 58
46 58
28 58
56 58
26 57
3 26
26 38
25 26
26 32
21 26
26 49
26 33
26 36
4 26
11 26
26 48
12 26
8 26
26 52
26 67
6 26
26 30
26 28
29 32
21 29
29 54
29 33
29 65
29 60
29 48
29 62
12 29
8 29
29 67
29 50
29 30
23 29
26 29
29 35
36 59
4 59
44 59
48 59
9 59
8 59
52 59
46 59
30 59
28 59
56 59
35 59
29 59
16 59
42 55
42 57
40 42
3 42
20 42
17 42
32 42
42 51
42 54
33 42
42 65
4 42
42 44
42 48
42 62
8 42
7 42
42 67
6 42
28 42
42 56
13 42
29 42
5 42
42 59
42 61
1 42
43 54
33 43
43 66
43 60
11 43
24 43
9 43
43 52
43 67
43 46
30 43
23 43
43 56
35 43
13 43
16 43
42 43
43 61
1 43
2 10
10 34
0 10
10 55
10 57
10 53
10 40
3 10
10 20
10 17
10 32
10 21
10 54
10 66
10 36
10 60
10 44
10 24
10 12
8 10
10 52
10 67
6 10
10 28
10 56
10 35
10 41
10 16
5 10
10 15
10 58
34 37
0 37
37 55
37 57
37 53
3 37
20 37
17 37
32 37
37 51
37 49
33 37
37 65
4 37
37 44
24 37
37 62
8 37
37 67
37 50
30 37
23 37
28 37
13 37
37 41
16 37
37 59
15 37
1 37
10 37
39 53
19 39
20 39
17 39
32 39
39 51
39 49
39 66
36 39
4 39
11 39
39 48
39 62
9 39
39 52
39 67
39 46
28 39
26 39
13 39
29 39
16 39
5 39
39 59
39 61
10 39
18 27
2 27
27 64
27 34
0 27
27 55
27 57
27 53
27 40
3 27
27 38
27 69
25 27
27 51
27 49
27 66
27 36
27 60
27 44
27 48
12 27
9 27
7 27
27 50
27 46
27 28
26 27
27 35
27 41
16 27
27 59
15 27
27 61
18 45
2 45
45 64
34 45
22 45
0 45
45 55
45 57
45 53
40 45
19 45
3 45
38 45
20 45
45 69
17 45
32 45
21 45
45 49
45 66
36 45
4 45
44 45
24 45
45 62
45 52
7 45
45 46
6 45
23 45
28 45
26 45
29 45
16 45
45 59
15 45
45 58
10 45
45 47
3 63
17 63
32 63
21 63
54 63
33 63
36 63
60 63
11 63
48 63
62 63
9 63
52 63
50 63
6 63
30 63
56 63
13 63
29 63
41 63
5 63
15 63
58 63
45 63
27 63
57 68
19 68
20 68
17 68
32 68
21 68
49 68
66 68
65 68
60 68
48 68
24 68
12 68
9 68
52 68
50 68
6 68
23 68
28 68
35 68
41 68
5 68
42 68
15 68
1 68
58 68
63 68
37 68
14 68
18 31
2 31
31 64
31 34
22 31
0 31
31 55
31 57
31 53
31 40
19 31
3 31
31 38
20 31
31 69
17 31
25 31
31 51
31 54
31 33
31 65
31 60
31 44
31 48
31 62
8 31
31 67
31 50
31 46
23 31
31 56
31 35
13 31
31 41
5 31
31 61
1 31
31 45
27 31
31 68
14 31
31 43
43 63
47 63
27 45
27 39
14 27
37 39
39 43
39 47
37 47
37 43
10 14
10 43
14 42
15 42
42 47
58 59
59 61
14 59
29 58
1 29
15 29
5 29
29 61
13 26
26 61
14 26
1 26
26 47
26 58
5 26
5 58
58 61
1 58
47 58
15 28
28 35
35 56
35 61
35 47
16 35
35 41
13 16
1 16
16 47
41 50
14 50
13 50
1 50
50 56
50 61
6 56
30 56
5 56
41 56
15 56
5 6
1 6
6 30
6 47
23 30
5 23
23 41
23 47
23 61
7 15
7 41
7 30
7 13
5 7
7 14
30 41
14 41
5 41
15 41
41 61
52 61
52 67
47 52
1 52
46 52
1 30
1 13
1 15
1 14
12 14
8 12
12 46
9 12
8 30
5 8
8 47
30 46
14 30
13 30
11 48
11 62
9 11
5 11
11 47
11 14
11 24
9 48
9 67
9 47
9 14
9 15
9 46
15 67
15 46
13 15
47 66
62 66
4 66
65 66
60 66
44 60
14 60
4 60
47 60
24 60
24 48
24 46
24 67
24 61
14 24
5 24
61 62
61 67
46 61
47 61
33 46
5 33
33 65
33 67
4 33
33 48
46 65
4 46
44 46
46 67
5 46
13 46
49 54
36 49
49 67
4 49
49 62
4 44
4 62
4 14
4 67
4 48
4 5
4 13
21 67
13 21
21 54
44 54
14 54
13 54
54 65
47 54
5 54
36 54
5 65
5 62
5 14
47 51
48 51
13 51
51 62
51 65
36 51
36 65
36 44
14 36
36 67
36 47
25 47
25 32
47 48
47 67
13 47
14 47
17 32
32 44
14 32
32 62
32 65
32 48
13 32
32 67
13 65
13 44
13 48
13 62
13 14
20 65
48 65
48 62
44 67
3 65
44 65
14 65
62 65
19 40
40 62
19 44
14 19
19 62
53 62
0 22
0 55
55 57
44 55
14 55
0 34
0 14
14 57
0 64
0 44
44 57
0 2
0 57
0 18
