70 483
32 33
32 34
30 33
30 34
26 33
26 32
23 33
23 34
23 26
32 54
30 54
23 54
33 56
34 56
26 56
54 56
32 56
33 64
26 64
32 64
23 64
56 64
30 64
33 53
26 53
53 54
32 53
53 64
23 59
30 59
56 59
53 59
21 33
21 26
21 32
21 59
7 56
7 30
7 23
7 18
17 32
17 64
26 29
29 64
29 30
23 29
29 56
33 36
34 36
26 36
36 54
32 36
36 64
29 36
23 36
30 36
36 56
17 36
33 67
32 67
29 67
36 67
2 29
2 17
2 50
21 58
23 58
22 50
22 58
23 69
15 33
15 34
15 26
15 54
15 32
15 59
5 33
5 26
5 54
5 32
5 56
5 30
5 23
3 33
3 26
3 54
3 32
3 5
3 36
5 14
14 17
16 33
16 32
5 16
16 17
14 16
16 18
16 68
62 68
39 69
39 68
16 39
21 39
39 62
24 59
24 36
14 24
7 38
17 38
13 33
13 26
13 32
13 64
13 29
32 43
43 64
29 43
33 60
26 60
54 60
32 60
5 60
43 60
50 60
58 60
60 69
31 54
31 32
7 31
31 36
31 66
31 38
31 69
30 35
17 47
47 58
0 1
1 67
1 47
5 44
17 44
14 44
38 44
1 44
30 63
31 63
15 63
6 69
6 63
6 53
6 16
32 45
45 64
5 45
43 45
45 50
38 45
30 45
35 45
7 41
36 41
17 41
18 41
23 41
31 41
41 67
17 46
38 46
46 69
35 46
41 46
13 46
55 59
43 55
14 55
18 55
55 68
39 55
53 55
13 55
28 33
26 28
28 32
28 64
7 28
28 43
14 28
28 38
23 28
28 63
33 49
26 49
32 49
49 64
29 49
43 49
49 66
38 49
49 69
35 49
24 49
28 49
16 49
49 62
5 40
36 40
40 50
18 40
1 40
35 40
40 49
13 40
11 69
11 39
11 49
5 65
43 65
50 65
18 65
23 65
31 65
24 65
10 30
10 35
2 10
10 65
10 45
10 28
14 37
18 37
30 37
37 39
2 37
16 37
11 37
52 60
33 61
26 61
32 61
61 64
7 61
29 61
61 66
18 61
23 61
24 61
2 61
16 61
1 27
27 31
27 53
19 59
19 36
19 66
19 58
19 68
19 35
19 53
12 32
12 59
12 29
12 36
12 17
12 38
12 23
12 68
12 53
12 19
12 55
12 21
12 62
12 67
6 12
5 57
43 57
14 57
18 57
23 57
31 57
2 57
41 57
27 57
15 57
37 57
57 67
12 57
20 30
20 63
2 20
20 65
20 55
15 20
42 50
9 15
9 42
1 42
42 68
24 42
42 65
42 45
42 52
22 48
28 48
42 48
48 56
8 53
8 65
8 27
8 40
8 21
8 61
8 48
25 54
25 64
25 29
17 25
25 50
25 58
25 68
25 63
24 25
25 65
25 45
0 25
25 46
10 25
8 25
25 44
47 48
20 42
2 51
19 51
11 51
0 51
42 51
51 61
20 51
51 60
42 56
4 22
4 28
4 62
4 10
4 20
3 4
20 57
19 47
19 60
19 27
19 22
19 62
11 27
27 67
27 61
27 60
52 61
37 61
44 61
37 52
10 37
3 37
6 10
65 67
11 65
11 45
11 40
3 11
0 40
40 47
40 46
15 40
0 49
47 49
13 28
28 55
6 28
28 62
15 55
46 55
44 55
46 60
46 67
44 46
41 45
41 56
22 41
0 41
16 41
16 45
45 62
6 45
6 62
6 47
13 63
44 63
0 63
2 44
13 44
15 44
44 60
1 24
35 47
22 47
21 47
47 56
31 35
3 35
31 67
2 31
31 60
53 60
3 60
43 53
13 43
23 43
21 43
30 43
43 56
13 66
13 18
13 30
13 24
13 21
13 15
21 66
38 66
53 66
0 66
66 67
18 38
0 38
24 38
38 56
24 39
24 53
21 24
22 39
3 62
21 68
56 68
16 56
3 16
14 56
14 18
14 23
14 30
3 14
3 58
3 30
3 53
3 15
5 15
0 5
15 36
15 50
15 69
2 15
22 69
0 22
21 22
22 56
53 58
2 58
2 30
50 67
21 67
56 67
17 29
29 53
17 18
0 17
18 30
7 21
0 21
23 53
0 64
23 56
0 56
23 32
23 30
26 30
30 32
0 33
