70 1207
10 27
10 55
10 51
51 55
10 48
48 55
27 48
10 58
55 58
48 58
10 69
51 69
27 69
58 69
10 60
55 60
48 60
60 69
27 60
27 61
58 61
51 61
60 61
4 10
4 55
4 48
4 69
4 27
4 61
10 14
14 27
14 51
14 58
2 10
2 55
2 48
2 69
2 27
2 61
2 14
10 62
55 62
48 62
62 69
27 62
14 62
58 62
51 62
4 62
10 28
28 55
28 48
28 69
27 28
28 61
14 28
28 62
18 58
18 51
2 18
4 18
18 60
18 28
1 10
1 55
1 48
1 69
1 27
1 61
1 14
1 62
1 18
7 62
7 51
7 58
4 7
7 28
7 60
2 7
1 7
3 10
3 55
3 48
3 69
3 27
3 61
3 14
3 62
3 18
3 7
45 51
45 58
2 45
4 45
45 60
28 45
3 45
1 45
10 66
55 66
48 66
66 69
27 66
61 66
14 66
62 66
18 66
7 66
45 66
27 34
34 45
34 51
34 58
2 34
34 60
4 34
28 34
3 34
1 34
8 10
8 55
8 48
8 69
8 27
8 61
8 14
8 62
8 18
7 8
8 45
8 34
8 60
10 46
46 55
46 48
46 69
27 46
46 61
46 62
45 46
46 60
46 58
46 51
4 46
28 46
2 46
3 46
1 46
8 46
10 33
33 55
33 48
33 69
27 33
33 61
14 33
33 62
18 33
7 33
33 45
33 34
33 60
33 46
10 12
12 27
12 14
12 34
12 46
12 58
12 51
12 28
2 12
4 12
3 12
1 12
8 12
12 66
12 33
10 67
55 67
48 67
67 69
27 67
61 67
14 67
7 67
46 67
12 67
15 46
15 51
15 58
15 28
4 15
2 15
3 15
1 15
39 46
15 39
39 51
10 32
32 48
18 32
7 32
32 46
12 32
32 51
32 58
2 32
28 32
4 32
32 33
10 50
48 50
27 50
14 50
18 50
45 50
34 50
12 50
50 51
32 50
10 37
37 55
37 48
37 69
27 37
37 61
14 37
37 62
18 37
37 45
37 60
12 37
37 51
37 58
10 63
55 63
48 63
63 69
27 63
14 63
62 63
45 63
60 63
15 63
63 66
51 63
28 63
4 63
2 63
37 63
1 63
7 44
44 45
44 60
15 44
44 51
32 44
44 63
10 11
11 55
11 48
11 69
11 27
11 61
7 11
11 34
11 60
11 46
11 66
11 58
11 63
4 11
11 28
2 11
54 60
46 54
54 66
32 54
54 63
11 54
5 10
5 27
5 14
5 45
5 60
5 12
5 51
5 58
5 63
5 11
10 13
13 55
13 48
13 69
13 27
13 61
13 14
13 62
13 18
7 13
13 45
13 34
13 46
13 15
13 66
13 58
13 32
8 13
32 42
11 42
24 42
10 68
48 68
68 69
27 68
62 68
7 68
46 68
15 68
51 68
58 68
37 68
11 68
24 68
5 68
52 60
46 52
52 66
51 52
52 63
8 52
13 52
52 68
6 10
6 55
6 48
6 69
6 27
6 61
6 14
6 62
6 18
6 45
6 34
6 12
6 66
6 51
6 63
6 8
6 13
5 6
31 60
31 46
31 66
31 51
31 32
8 31
13 31
6 31
31 54
31 50
31 44
10 21
21 27
14 21
7 21
21 60
12 21
21 66
21 58
21 32
21 37
13 21
5 21
21 54
21 50
21 44
10 38
38 48
27 38
38 61
38 62
7 38
38 60
12 38
38 66
38 58
32 38
11 38
24 38
5 38
38 54
22 27
22 45
22 60
15 22
22 51
22 58
22 32
8 22
22 24
5 22
22 54
22 50
10 65
48 65
27 65
7 65
46 65
15 65
51 65
32 65
37 65
8 65
13 65
65 68
6 65
22 65
37 49
8 49
13 49
49 68
49 54
49 65
44 49
27 57
45 57
57 60
15 57
57 66
57 58
37 57
8 57
13 57
57 68
54 57
22 57
44 57
38 57
49 57
34 53
12 53
53 66
53 58
32 53
8 53
13 53
53 68
53 54
22 53
38 53
53 57
10 17
17 48
17 27
17 61
14 17
17 45
17 60
15 17
17 51
17 58
17 63
11 17
13 17
17 68
17 54
17 22
17 65
17 57
17 21
10 41
41 55
41 48
41 69
27 41
41 61
14 41
41 62
18 41
34 41
41 60
12 41
41 66
41 58
41 63
37 41
24 41
41 68
6 41
22 41
41 65
38 41
17 41
10 59
34 59
59 60
15 59
51 59
32 59
59 63
11 59
24 59
6 59
54 59
50 59
44 59
21 59
10 19
19 27
19 62
7 19
19 60
15 19
19 51
19 58
19 37
8 19
19 24
5 19
19 54
19 22
19 65
19 21
19 59
19 33
19 53
2 19
34 56
46 56
51 56
56 58
37 56
11 56
8 56
56 68
54 56
22 56
44 56
56 57
17 56
49 56
56 67
43 66
32 43
37 43
11 43
13 43
5 43
6 43
43 50
43 44
38 43
17 43
43 49
33 43
43 67
0 43
31 43
28 43
10 26
26 55
26 48
26 69
26 27
26 61
14 26
26 62
18 26
7 26
26 60
12 26
15 26
26 32
26 63
11 26
24 26
5 26
26 54
26 50
26 65
21 26
26 59
26 33
26 53
26 43
26 56
26 42
3 26
0 26
25 46
12 25
25 66
25 58
25 63
25 37
8 25
25 68
6 25
25 65
25 44
25 38
21 25
25 59
25 53
25 67
25 52
25 42
3 25
0 25
9 10
9 55
9 48
9 69
9 27
9 61
9 62
9 34
9 60
9 12
9 66
9 58
9 63
8 9
9 24
9 68
9 54
9 22
9 65
9 38
9 21
9 49
9 53
9 67
2 9
10 20
20 55
20 48
20 69
20 27
20 61
14 20
20 62
18 20
7 20
20 34
12 20
20 66
20 58
20 63
8 20
20 24
20 68
20 54
20 50
20 44
20 57
17 20
20 33
20 53
2 20
20 56
20 42
10 64
55 64
48 64
64 69
27 64
61 64
7 64
34 64
60 64
15 64
64 66
51 64
63 64
11 64
24 64
5 64
6 64
22 64
44 64
38 64
17 64
49 64
33 64
2 64
56 64
20 64
10 16
16 55
16 48
16 69
16 27
16 61
14 16
16 62
16 18
7 16
16 45
16 34
16 60
16 46
16 51
16 58
16 63
11 16
16 24
5 16
6 16
16 50
16 65
16 57
16 21
16 59
16 53
16 67
2 16
16 20
16 41
9 16
4 16
10 35
35 55
35 48
35 69
27 35
35 61
14 35
35 62
18 35
7 35
35 45
34 35
35 46
15 35
35 66
35 58
35 37
11 35
13 35
5 35
6 35
22 35
35 44
35 57
21 35
35 49
35 53
35 67
2 35
35 42
16 35
0 35
9 35
29 63
29 37
24 29
5 29
29 54
29 50
29 44
29 57
17 29
29 59
29 67
2 29
29 52
20 29
3 29
0 29
9 29
25 29
19 29
29 35
4 29
29 64
26 29
28 29
4 35
31 35
28 35
10 23
23 27
18 23
7 23
23 60
12 23
23 51
23 58
23 37
11 23
13 23
23 68
6 23
23 50
23 65
21 23
17 23
23 33
23 67
23 43
23 52
20 23
16 23
9 23
23 25
23 39
47 62
45 47
34 47
12 47
47 51
47 58
47 63
8 47
13 47
47 68
6 47
22 47
47 65
38 47
47 59
47 49
33 47
2 47
47 56
47 52
20 47
3 47
10 40
40 55
40 48
40 69
27 40
40 61
14 40
40 62
7 40
40 45
40 46
15 40
40 66
40 58
37 40
8 40
13 40
5 40
6 40
22 40
40 65
40 57
40 59
40 49
33 40
2 40
40 52
40 42
16 40
3 40
9 40
36 54
36 50
36 44
36 57
17 36
36 59
33 36
2 36
36 52
36 42
16 36
0 36
36 40
36 39
4 36
35 36
31 36
1 36
36 41
10 30
30 55
30 48
30 69
27 30
30 61
14 30
30 62
18 30
7 30
30 45
30 34
30 60
12 30
30 51
30 32
30 63
11 30
24 30
5 30
30 50
22 30
30 44
30 38
21 30
30 59
30 33
30 67
30 56
30 42
3 30
0 30
25 30
30 39
4 30
23 30
30 36
28 30
19 30
30 41
1 40
40 47
4 40
19 40
40 41
40 64
39 47
23 47
1 47
19 47
47 64
4 47
26 47
23 35
19 23
1 23
23 26
35 64
16 64
1 16
0 16
3 64
26 64
1 64
41 64
19 64
3 20
19 20
9 20
20 41
20 28
9 39
9 28
4 9
1 9
9 25
25 31
25 28
25 39
25 26
26 41
26 31
19 26
1 43
4 43
43 56
3 43
43 52
39 43
42 43
2 56
39 56
3 56
19 56
4 56
52 56
1 56
3 19
0 19
19 31
2 59
4 59
31 59
33 59
1 59
41 59
59 67
41 53
41 67
41 52
0 41
39 41
4 41
28 41
17 53
0 17
17 42
17 39
17 52
17 49
17 33
33 53
31 53
0 53
52 53
2 53
3 53
4 53
42 57
1 57
0 57
28 57
52 57
4 57
42 49
39 49
49 52
4 49
3 49
2 49
31 49
0 49
4 65
44 65
3 65
65 67
1 65
38 65
2 65
22 38
22 28
1 22
22 67
0 22
0 38
38 42
28 38
33 38
2 38
21 38
3 38
38 67
21 31
21 39
21 67
21 28
3 21
1 21
2 31
31 52
3 31
0 31
31 39
1 31
28 31
1 6
2 6
6 42
6 44
6 50
3 6
6 52
0 6
50 52
44 52
28 52
0 52
4 52
28 68
42 68
67 68
44 68
54 68
0 68
33 68
42 50
42 67
2 42
28 42
1 42
39 42
0 42
24 28
3 24
4 24
13 24
24 44
0 24
13 33
1 13
13 39
5 13
2 13
13 67
13 50
5 54
2 5
5 50
5 39
4 5
1 5
3 5
54 67
33 54
39 54
4 54
11 44
0 11
1 11
3 11
11 39
4 44
39 44
33 44
33 63
2 37
4 37
28 37
3 37
37 50
37 67
0 37
37 39
8 37
8 50
28 50
2 50
39 50
3 50
33 50
3 32
32 67
32 39
1 32
8 32
39 67
3 39
1 39
15 66
8 15
0 15
15 33
15 67
8 67
33 67
28 67
33 51
8 33
28 33
1 33
46 66
8 51
8 58
8 28
4 8
2 8
34 66
0 34
60 66
58 66
51 66
2 66
4 66
28 66
3 66
1 66
3 60
3 51
3 58
1 60
1 51
1 58
1 28
0 18
28 60
28 51
28 58
4 28
60 62
2 62
0 62
2 60
2 51
2 58
14 60
4 14
0 14
4 60
4 51
4 58
0 61
51 60
58 60
0 60
0 69
27 58
51 58
0 58
48 51
0 48
27 51
0 51
27 55
0 55
0 27
0 10
