70 1207
27 57
57 68
27 68
57 58
58 68
23 57
23 27
23 58
3 57
3 68
3 23
3 27
57 66
66 68
23 66
27 66
58 66
3 66
57 63
63 68
23 63
27 63
63 66
0 63
29 58
29 63
3 29
41 57
41 68
23 41
27 41
41 66
0 41
29 41
41 63
15 57
15 68
15 23
15 27
15 66
0 15
15 29
15 63
15 58
3 15
15 41
6 57
6 68
6 23
6 27
6 66
0 6
6 29
6 63
6 15
27 60
60 66
60 63
58 60
3 60
41 60
6 60
22 57
22 68
22 23
22 27
22 66
0 22
22 29
22 63
15 22
22 60
35 57
35 68
23 35
27 35
35 66
0 35
29 35
35 63
15 35
35 60
35 58
3 35
35 41
6 35
22 35
30 57
30 68
23 30
27 30
30 66
0 30
29 30
30 63
15 30
30 60
30 35
25 27
25 58
3 25
6 25
25 41
22 25
25 30
16 57
16 68
16 23
16 27
16 66
0 16
16 29
16 63
15 16
16 60
16 35
16 25
45 58
3 45
41 45
6 45
22 45
30 45
5 57
5 68
5 23
5 27
5 66
0 5
5 29
5 63
5 15
5 60
5 35
5 25
5 45
5 41
27 33
33 63
33 41
33 58
3 33
6 33
30 33
22 33
56 57
56 68
23 56
27 56
56 66
0 56
29 56
56 63
15 56
56 60
35 56
25 56
45 56
41 56
33 56
40 57
40 68
23 40
27 40
40 66
0 40
40 63
15 40
40 60
35 40
40 41
40 58
3 40
6 40
30 40
22 40
16 40
21 57
21 68
21 23
21 27
21 66
0 21
21 29
21 63
15 21
21 60
21 35
21 25
21 45
21 41
21 33
21 40
57 61
61 68
23 61
27 61
61 66
0 61
29 61
61 63
15 61
60 61
35 61
25 61
41 61
33 61
58 61
3 61
6 61
30 61
22 61
21 61
5 61
56 61
16 61
26 57
26 68
23 26
26 27
26 66
0 26
26 29
26 63
15 26
26 60
26 35
25 26
26 45
26 41
26 33
26 40
26 61
57 69
68 69
27 69
66 69
63 69
15 69
60 69
35 69
45 69
33 69
58 69
3 69
6 69
30 69
22 69
56 69
21 69
16 69
5 69
26 69
49 57
49 68
27 49
49 66
0 49
49 63
15 49
35 49
41 49
40 49
49 69
4 57
4 68
4 23
4 27
4 66
0 4
4 63
4 15
4 60
4 25
4 41
4 40
10 57
10 27
10 66
10 63
10 15
10 35
10 41
10 33
10 58
3 10
6 10
10 22
10 30
10 21
41 67
40 67
10 67
4 67
27 48
48 63
41 48
48 61
48 69
26 48
48 58
3 48
6 48
22 48
30 48
13 27
13 40
10 13
4 13
13 48
11 57
11 68
11 23
11 27
11 66
0 11
11 29
11 63
11 15
11 60
11 35
11 25
11 45
11 41
11 33
11 40
11 69
4 11
57 59
23 59
27 59
59 66
0 59
59 63
15 59
25 59
41 59
33 59
59 69
26 59
58 59
3 59
6 59
22 59
30 59
12 57
12 68
12 23
12 27
12 66
0 12
12 29
12 63
12 15
12 60
12 35
12 25
12 33
12 40
10 12
12 26
12 59
12 49
10 54
26 54
50 57
50 68
23 50
27 50
50 66
0 50
29 50
50 63
15 50
50 60
35 50
25 50
45 50
41 50
33 50
40 50
10 50
26 50
50 58
3 50
6 50
46 57
27 46
46 66
46 63
45 46
33 46
8 57
8 68
8 23
8 27
8 66
0 8
8 29
8 63
8 15
8 60
8 35
8 25
8 45
8 40
8 10
8 58
3 8
6 8
8 30
8 22
2 27
2 66
2 63
2 35
2 33
2 61
2 8
2 4
2 59
2 49
2 54
18 41
18 40
8 18
18 26
18 50
11 18
18 49
18 58
3 18
18 21
47 57
47 68
23 47
27 47
47 66
0 47
29 47
47 63
15 47
47 60
35 47
25 47
45 47
33 47
10 47
4 47
47 48
11 47
25 34
34 61
34 69
26 34
34 48
11 34
34 54
34 58
3 34
57 62
62 68
23 62
27 62
62 66
0 62
29 62
62 63
15 62
60 62
35 62
25 62
45 62
41 62
33 62
40 62
8 62
26 62
48 62
49 62
34 62
18 62
13 62
5 62
46 62
20 27
20 35
20 41
20 40
20 69
8 20
20 48
20 50
20 34
17 27
17 63
17 41
17 61
17 69
17 26
17 59
17 50
17 49
17 18
17 58
3 17
24 57
24 68
23 24
24 27
24 66
0 24
24 63
15 24
24 60
24 35
24 41
24 40
24 69
4 24
24 48
24 49
24 34
17 24
13 24
22 24
42 57
42 68
23 42
27 42
42 66
0 42
42 63
15 42
42 60
35 42
42 45
42 61
8 42
4 42
42 48
11 42
42 54
17 42
13 42
5 42
42 58
6 42
42 46
43 57
27 43
43 66
43 63
15 43
35 43
41 43
43 61
8 43
26 43
43 59
43 50
43 54
34 43
13 43
42 43
27 28
28 63
25 28
28 61
28 69
8 28
28 48
28 50
28 54
28 34
28 30
22 28
28 58
6 28
28 56
27 38
38 61
10 38
4 38
38 59
38 49
38 54
17 38
13 38
5 38
28 38
38 62
39 57
23 39
27 39
39 66
39 63
15 39
39 60
35 39
39 41
39 40
39 69
4 39
39 59
39 49
34 39
18 39
22 39
5 39
39 42
39 62
57 65
27 65
65 66
35 65
25 65
33 65
8 65
26 65
48 65
50 65
34 65
13 65
30 65
5 65
46 65
1 57
1 68
1 23
1 27
1 66
0 1
1 63
1 15
1 60
1 35
1 41
1 61
1 69
1 4
1 50
1 11
1 49
1 18
1 13
1 42
1 46
1 28
1 58
1 2
1 65
1 24
1 43
30 53
5 53
28 53
1 53
39 53
21 53
53 58
53 56
52 57
27 52
52 66
15 52
45 52
52 61
10 52
8 52
48 52
50 52
52 54
18 52
13 52
22 52
42 52
1 52
52 62
47 52
10 14
4 14
14 59
14 49
14 34
14 17
14 30
5 14
14 28
1 14
14 47
9 57
9 27
9 66
9 35
9 45
9 61
9 10
4 9
9 59
9 50
9 34
9 18
9 30
9 22
9 46
9 28
9 47
36 41
33 36
36 69
4 36
36 48
36 50
36 54
18 36
30 36
22 36
36 42
28 36
36 62
9 36
36 58
8 31
26 31
31 59
31 50
31 34
18 31
30 31
22 31
31 46
31 62
31 39
21 31
31 58
31 36
31 52
24 31
31 43
51 57
27 51
51 66
51 63
15 51
35 51
41 51
40 51
10 51
26 51
48 51
49 51
51 54
18 51
30 51
5 51
42 51
51 62
47 51
21 51
14 51
51 56
31 51
12 51
37 57
27 37
37 66
37 63
37 41
37 61
10 37
8 37
37 48
11 37
37 54
17 37
30 37
5 37
37 42
37 62
37 39
9 37
37 58
36 37
37 52
24 37
37 43
6 37
2 37
37 65
37 51
3 37
48 64
50 64
54 64
17 64
22 64
5 64
28 64
62 64
39 64
21 64
14 64
36 64
31 64
12 64
37 64
3 64
7 57
7 68
7 27
7 66
0 7
7 63
7 15
7 35
7 41
7 33
7 8
7 26
7 59
7 11
7 34
7 18
7 13
5 7
7 46
7 28
7 39
7 21
7 14
7 56
7 52
7 24
3 7
19 41
19 61
8 19
4 19
19 59
11 19
19 34
17 19
13 19
5 19
19 46
19 62
19 39
9 19
14 19
19 36
12 19
19 24
3 19
55 57
55 68
23 55
27 55
55 66
0 55
29 55
55 63
15 55
55 60
35 55
25 55
45 55
41 55
33 55
55 61
55 69
26 55
55 59
49 55
54 55
18 55
22 55
5 55
46 55
1 55
47 55
9 55
55 58
55 56
52 55
12 55
43 55
3 55
51 55
55 65
55 67
20 55
32 57
27 32
32 66
32 63
25 32
32 40
32 69
26 32
32 48
11 32
32 54
17 32
30 32
5 32
32 42
28 32
32 47
21 32
32 58
32 56
31 32
24 32
32 43
32 55
7 32
2 32
32 65
20 32
16 32
32 53
19 55
19 38
16 19
7 19
2 19
19 53
10 44
4 44
44 59
44 50
34 44
18 44
30 44
42 44
44 46
1 44
39 44
21 44
14 44
36 44
44 52
24 44
43 44
19 44
7 44
16 44
20 44
44 67
6 44
44 64
7 65
6 7
7 64
7 67
16 64
53 64
64 65
2 64
37 67
38 51
16 51
20 51
51 53
2 51
51 67
16 31
2 31
6 31
12 31
6 36
12 36
36 43
3 36
16 36
36 65
9 38
9 24
9 43
6 9
9 56
9 21
9 14
3 9
2 9
6 14
12 14
14 20
14 38
14 52
14 24
14 43
52 56
52 53
52 65
52 67
20 52
3 52
12 53
43 53
38 53
6 53
53 65
1 6
1 21
1 47
1 56
39 65
21 65
58 65
43 65
6 65
65 67
39 47
39 58
39 43
38 39
3 39
24 39
38 56
12 38
24 38
38 43
16 38
2 38
20 38
6 38
20 28
28 43
16 28
3 28
24 43
43 67
12 42
42 67
16 42
24 42
24 56
6 24
16 24
17 56
5 17
12 17
17 20
16 17
17 30
17 46
6 17
13 20
20 22
20 62
20 47
20 21
20 56
12 20
3 20
20 67
2 20
58 62
12 62
62 67
16 62
6 62
16 34
6 34
34 47
34 67
18 47
30 47
22 47
46 47
2 47
12 47
47 67
47 56
21 47
47 58
13 18
18 22
2 18
2 13
2 22
2 46
2 58
2 56
2 12
2 6
8 46
8 16
5 8
8 21
8 56
26 46
46 50
46 49
46 54
30 46
46 58
21 46
3 46
46 67
12 46
22 50
21 50
50 54
30 50
11 50
49 54
54 58
3 54
6 54
21 54
12 54
54 56
12 30
12 21
3 12
11 59
16 59
5 59
56 59
11 58
3 11
6 11
11 21
11 30
11 56
11 22
11 16
11 13
11 67
5 11
13 49
13 58
3 13
13 67
13 22
5 13
13 56
48 49
48 67
22 67
21 67
58 67
56 67
16 67
10 56
5 10
4 10
10 26
4 58
3 4
4 6
4 30
4 22
4 49
4 16
4 26
49 58
3 49
6 49
30 49
5 49
22 49
26 58
3 26
6 26
26 30
22 26
21 30
21 22
16 21
40 56
5 40
5 56
56 58
5 33
16 33
5 58
5 16
16 45
16 41
16 30
16 58
3 16
30 41
30 58
3 30
22 41
22 58
6 22
3 22
6 41
3 6
41 58
3 41
58 63
3 63
0 66
0 3
3 58
27 58
0 58
0 68
0 27
0 57
