70 241
4 11
11 37
37 41
11 28
37 66
28 66
11 63
63 66
22 63
60 63
36 41
11 36
7 37
7 28
7 63
7 36
11 31
31 53
54 59
10 36
10 66
47 63
41 47
10 47
37 49
28 49
49 63
41 49
10 49
44 49
49 55
15 22
9 15
58 66
39 58
2 34
32 35
15 35
31 62
44 62
63 68
36 68
31 68
9 68
31 48
48 68
48 55
50 68
3 50
49 50
27 63
27 41
22 27
22 67
5 67
2 67
53 67
16 25
16 67
36 57
5 57
18 59
10 18
18 47
1 4
1 37
1 63
1 41
1 22
1 9
1 18
1 53
1 43
43 67
11 65
14 36
14 68
14 55
4 13
13 37
13 28
13 41
13 31
13 44
13 58
13 39
6 17
13 17
33 36
9 33
33 68
33 39
16 33
17 33
18 20
15 20
20 33
21 66
17 21
20 21
21 34
20 57
52 62
19 52
34 52
26 52
41 69
36 69
22 69
9 69
2 69
13 69
11 69
26 69
47 69
45 55
15 45
45 54
45 48
38 46
27 46
38 53
40 66
40 47
38 40
29 40
22 51
10 51
32 51
3 51
25 51
42 49
42 51
7 42
42 65
6 12
12 39
11 12
12 51
30 62
17 30
30 50
12 30
8 56
0 56
8 12
29 51
24 29
23 58
23 53
23 62
23 48
23 38
23 24
7 29
27 38
38 45
45 69
19 26
0 26
6 61
49 61
1 61
27 61
47 61
19 61
19 20
33 57
7 17
13 14
13 27
1 14
14 47
18 64
32 64
62 64
14 64
0 64
60 64
14 65
43 65
34 43
1 48
18 57
7 18
53 57
16 57
34 57
48 67
60 67
5 27
5 55
25 27
27 50
50 60
3 54
3 48
11 68
62 68
35 62
35 66
34 35
25 35
2 32
32 39
32 47
39 60
15 58
58 60
15 49
7 15
11 49
44 66
11 44
44 47
10 54
10 60
6 54
54 66
7 54
11 54
11 59
9 59
7 9
9 53
53 55
7 31
31 60
36 60
60 66
41 66
28 41
11 41
22 41
22 37
11 22
4 22
22 55
6 55
6 25
0 25
