70 241
6 40
40 62
6 12
40 47
12 47
6 47
38 42
6 48
42 48
8 35
40 50
12 50
6 50
42 50
35 50
50 62
38 64
35 64
52 64
25 52
27 40
6 27
40 51
12 51
6 39
1 40
1 39
1 6
1 42
1 8
37 51
25 37
18 51
18 37
4 8
4 35
40 65
6 65
51 65
32 39
6 32
32 35
16 32
4 32
32 65
20 57
4 66
14 66
20 66
18 66
26 68
40 67
42 67
51 67
37 67
26 67
34 57
34 67
14 34
50 69
34 69
47 69
38 61
37 61
61 64
61 65
22 58
2 48
7 39
7 42
7 51
7 16
7 27
2 7
28 51
16 28
28 57
28 67
0 28
5 26
15 38
15 37
15 27
15 65
23 64
15 23
1 30
23 30
30 55
36 40
12 36
6 36
36 42
36 38
36 62
29 36
29 49
49 65
49 61
36 49
1 49
21 27
21 65
21 22
8 9
9 62
9 27
9 67
9 55
9 21
1 9
31 45
11 61
11 20
11 68
11 31
5 31
31 32
45 54
9 54
10 35
10 62
10 57
13 64
13 15
10 13
19 38
19 62
19 27
13 19
17 58
2 17
17 43
17 36
44 50
56 64
15 56
14 56
20 56
5 56
44 56
17 44
19 44
10 17
19 43
3 57
3 66
3 53
53 68
38 63
16 63
58 63
63 67
28 63
3 63
8 60
37 60
26 60
25 60
50 60
60 63
23 60
52 60
18 63
3 19
3 48
1 19
13 50
13 47
10 24
10 20
10 54
54 68
7 21
21 41
33 41
33 49
25 36
30 36
34 36
23 32
18 23
5 15
5 28
5 46
7 28
7 48
7 47
2 22
22 47
22 59
48 59
46 59
0 59
22 61
46 61
46 69
32 34
1 67
66 68
52 68
20 50
55 57
25 55
32 55
18 55
16 27
16 65
4 65
4 18
1 4
4 48
18 47
1 37
39 51
39 62
6 51
27 51
51 62
14 27
14 24
0 14
24 48
24 52
0 52
50 64
35 48
35 62
8 47
8 48
8 38
42 47
47 62
47 58
12 62
6 62
6 38
25 38
25 58
0 25
0 58
