70 483
39 61
26 61
39 40
26 40
44 61
40 44
30 39
26 30
30 44
61 67
40 67
39 68
26 68
44 68
67 68
29 61
29 40
29 68
39 63
26 63
44 63
63 67
29 63
15 44
15 61
15 40
15 63
39 66
26 66
44 66
66 67
29 66
15 66
32 61
32 40
30 32
32 66
32 68
39 54
26 54
44 54
29 54
32 54
2 61
2 40
2 54
29 31
2 31
10 61
10 40
39 47
26 47
44 47
47 67
29 47
32 47
10 47
47 66
48 61
40 48
46 48
34 48
34 66
1 15
1 32
1 66
23 61
12 39
12 26
12 29
51 61
40 51
39 60
26 60
15 60
51 60
48 60
23 60
11 60
0 65
46 49
49 65
33 39
26 33
15 33
33 51
10 33
4 48
4 61
4 40
0 4
4 68
9 26
9 44
9 29
9 32
9 66
4 9
9 11
9 65
0 18
57 63
15 24
24 51
24 48
4 24
24 63
13 24
6 22
6 17
15 52
2 52
48 52
23 52
52 61
33 52
28 52
28 65
6 28
29 45
45 51
45 48
23 45
45 46
45 65
6 45
28 45
20 39
20 26
20 44
20 67
20 29
15 20
20 32
20 51
10 20
4 20
20 52
20 63
19 56
39 62
26 62
44 62
62 67
29 62
15 62
32 62
51 62
48 62
62 66
46 62
62 63
17 62
38 66
4 38
11 38
38 63
17 38
38 61
38 47
38 62
38 40
46 50
50 63
19 50
38 50
50 68
12 50
0 50
1 50
50 54
31 50
42 52
42 63
19 42
28 42
19 69
62 69
57 69
43 46
33 43
18 43
35 43
43 69
43 50
43 49
7 48
4 7
7 46
7 33
7 17
7 45
7 22
7 60
7 9
7 43
7 54
25 33
25 38
25 30
5 69
5 60
5 25
6 8
8 45
8 22
5 8
8 64
8 34
8 42
8 61
8 25
0 8
5 9
5 56
1 5
5 37
37 40
37 56
31 37
1 37
21 39
21 44
15 21
21 32
10 21
21 66
21 46
13 21
18 21
21 28
21 35
59 66
4 59
11 59
13 59
18 59
59 62
59 69
3 17
3 62
3 22
3 59
33 58
35 58
22 58
58 59
3 58
54 58
25 58
58 61
47 58
49 58
3 7
3 31
3 42
3 21
3 56
12 59
15 41
2 41
10 41
4 41
41 52
13 41
19 41
28 41
35 41
41 59
41 64
22 55
55 60
55 64
34 55
0 55
31 55
9 36
36 55
36 41
22 27
27 60
9 27
27 40
27 36
39 53
26 53
44 53
53 67
29 53
51 53
10 53
23 53
11 53
53 65
18 53
28 53
53 69
53 60
9 53
40 53
36 53
27 53
53 61
42 53
14 30
14 59
14 49
7 14
14 54
16 64
16 34
16 54
0 16
14 16
16 56
14 27
14 41
1 27
36 42
41 55
20 41
41 56
21 59
59 61
21 49
21 37
12 21
20 21
21 47
7 25
24 25
25 61
1 25
31 43
24 43
43 61
43 47
42 69
31 69
9 69
42 50
42 64
1 42
12 38
38 64
35 38
1 62
60 62
0 62
30 62
56 62
56 68
56 60
12 56
19 40
19 20
19 31
20 45
20 68
20 57
9 20
20 40
20 31
20 24
45 57
45 47
45 68
31 45
45 61
9 28
28 34
28 49
24 28
46 52
12 52
52 63
52 68
40 52
52 64
33 64
17 64
22 64
57 64
12 64
17 68
12 17
17 35
17 54
22 35
35 54
35 47
35 68
22 30
6 60
1 6
6 24
24 30
24 57
24 49
24 34
0 24
13 47
13 57
18 57
34 57
49 57
9 57
47 57
9 18
18 34
4 33
4 63
33 63
33 61
12 33
33 68
30 33
33 49
49 68
40 49
1 65
60 65
54 65
30 65
30 60
40 60
12 51
51 68
51 63
10 12
12 23
12 34
12 47
1 12
23 40
23 30
23 46
1 23
1 11
1 68
11 54
11 30
11 61
11 34
34 63
34 68
0 34
0 48
46 61
31 46
0 46
46 47
40 47
0 47
10 54
10 66
10 30
10 31
10 63
31 66
31 63
31 54
2 66
2 30
54 66
54 68
54 61
32 63
0 32
61 66
40 66
66 68
15 30
15 68
40 63
29 30
0 29
30 67
30 40
0 30
30 61
0 26
0 39
