70 966
33 68
39 68
31 68
31 33
31 39
48 68
31 48
55 68
31 55
33 55
39 55
45 68
31 45
45 55
17 68
17 31
17 55
17 33
17 39
17 48
17 45
34 68
31 34
34 55
17 34
52 55
17 52
33 52
39 52
45 52
34 52
48 52
16 68
16 31
16 55
16 17
16 52
54 68
31 54
54 55
17 54
52 54
33 54
39 54
48 54
45 54
34 54
64 68
31 64
55 64
17 64
52 64
54 64
33 43
39 43
34 43
43 45
43 48
43 64
16 43
35 68
31 35
35 55
17 35
35 52
35 54
35 43
33 50
39 50
34 50
45 50
48 50
50 64
35 50
16 50
28 68
28 31
28 55
17 28
28 52
28 54
28 43
28 50
33 58
39 58
34 58
48 58
45 58
35 58
16 58
58 64
28 58
19 68
19 31
19 55
17 19
19 52
19 54
19 43
19 58
19 35
5 55
5 17
5 35
5 33
5 39
5 45
5 48
5 34
5 64
5 16
5 28
51 68
31 51
51 55
17 51
51 52
51 54
43 51
50 51
35 51
5 51
31 46
46 55
17 46
46 54
35 46
5 46
33 46
39 46
45 46
34 46
46 48
16 46
31 44
44 55
17 44
44 54
43 44
44 64
44 46
24 31
24 52
24 54
5 24
24 64
24 33
24 39
24 34
24 45
24 48
16 24
30 68
30 31
30 55
17 30
30 52
30 54
30 43
30 50
30 35
30 64
24 30
30 33
30 44
2 39
2 45
2 34
2 48
15 35
15 64
15 46
15 33
15 44
2 15
27 68
27 31
27 55
17 27
27 52
27 54
27 43
27 58
27 35
27 64
27 46
27 33
27 44
27 39
27 34
27 45
27 48
8 31
8 55
8 17
8 54
8 35
5 8
8 46
8 33
8 44
8 27
64 67
33 40
39 40
34 40
40 45
40 48
16 40
9 46
9 40
9 33
9 16
21 33
2 21
21 39
21 34
21 45
21 48
59 68
31 59
55 59
17 59
52 59
54 59
43 59
50 59
35 59
5 59
59 64
24 59
33 59
2 59
21 59
0 59
23 54
23 35
23 64
23 24
23 44
16 23
23 67
0 23
23 39
21 37
15 37
23 37
20 67
18 35
5 18
18 46
18 40
18 44
18 27
18 67
18 39
18 45
18 48
18 34
11 33
2 11
11 21
11 18
11 23
11 45
29 46
24 29
29 44
16 29
29 67
0 29
15 29
20 29
4 29
1 31
1 55
1 17
1 54
1 35
1 5
1 64
1 24
1 33
1 27
1 21
0 1
1 15
1 45
10 31
10 55
10 17
10 52
10 43
5 10
10 64
10 24
10 44
2 10
10 21
10 18
10 45
9 10
7 31
7 52
7 43
7 35
7 46
7 24
7 33
7 16
7 67
0 7
7 23
7 9
7 10
7 37
7 28
32 46
32 40
32 33
16 32
27 32
0 32
23 32
9 32
29 32
10 32
27 57
0 57
15 57
20 57
34 57
10 57
15 47
9 47
29 47
37 47
47 57
34 62
10 62
28 62
25 68
25 31
25 55
25 52
25 43
5 25
25 46
24 25
25 44
16 25
25 67
18 25
23 25
25 45
25 34
25 37
25 62
25 32
46 60
40 60
33 60
16 60
21 60
0 60
45 60
20 60
10 60
1 60
28 60
35 49
49 64
46 49
40 49
33 49
2 49
49 67
0 49
15 49
9 49
34 49
10 49
28 49
12 68
12 31
12 55
12 17
12 52
12 54
12 43
12 58
12 35
5 12
12 64
12 40
12 33
12 27
12 21
12 18
12 15
12 45
12 29
10 12
12 28
12 49
13 68
13 31
13 55
13 17
13 52
13 54
13 43
13 35
13 64
13 40
13 33
13 27
13 21
13 18
13 23
13 20
13 29
13 37
1 13
13 62
13 60
31 53
53 55
17 53
53 54
43 53
5 53
46 53
33 53
44 53
27 53
53 67
18 53
23 53
45 53
20 53
10 53
1 53
32 53
13 53
3 68
3 31
3 17
3 52
3 43
3 5
3 46
3 24
3 44
2 3
3 21
0 3
3 45
3 9
3 20
3 37
3 28
3 32
3 49
3 53
3 4
42 68
31 42
42 55
17 42
42 52
42 54
42 43
5 42
42 64
24 42
33 42
16 42
27 42
18 42
23 42
42 45
29 42
10 42
42 57
42 62
13 42
42 59
4 42
7 42
42 47
3 42
68 69
31 69
55 69
52 69
54 69
35 69
64 69
40 69
33 69
16 69
27 69
18 69
15 69
20 69
34 69
37 69
28 69
32 69
13 69
53 69
26 55
17 26
26 43
5 26
26 64
24 26
26 33
26 27
26 67
18 26
26 45
9 26
26 29
26 37
26 28
26 32
26 60
26 53
54 63
35 63
46 63
24 63
33 63
27 63
21 63
15 63
23 63
9 63
34 63
37 63
57 63
62 63
13 63
33 65
2 65
21 65
18 65
45 65
20 65
34 65
37 65
1 65
32 65
49 65
25 65
66 67
18 66
23 66
9 66
34 66
37 66
1 66
62 66
13 66
65 66
4 66
48 66
19 66
66 69
12 66
29 36
10 36
36 57
36 62
36 49
36 53
36 65
4 36
36 48
36 69
12 36
7 36
11 36
36 66
30 36
14 68
14 31
14 55
14 17
14 52
14 54
14 43
14 35
14 64
14 24
14 44
14 16
14 67
0 14
14 23
14 20
14 34
14 37
1 14
14 32
14 49
14 59
14 26
56 67
18 56
45 56
20 56
34 56
1 56
56 57
32 56
56 60
56 59
26 56
11 56
35 41
5 41
41 46
40 41
16 41
27 41
41 67
21 41
15 41
9 41
29 41
1 41
28 41
41 49
13 41
41 53
41 65
41 56
19 41
38 43
5 38
38 64
24 38
38 44
16 38
38 67
18 38
23 38
20 38
34 38
10 38
38 57
38 62
38 60
13 38
38 65
38 42
15 61
9 61
29 61
1 61
57 61
32 61
49 61
59 61
26 61
4 61
48 61
39 61
6 13
6 59
4 6
6 42
6 61
6 38
6 41
6 39
6 51
6 47
6 63
22 68
22 31
22 55
22 52
22 35
22 64
22 24
22 40
22 33
16 22
21 22
0 22
15 22
9 22
22 29
10 22
22 57
22 32
22 49
22 65
22 26
22 56
22 48
22 38
6 22
8 22
22 25
3 22
22 30
11 22
7 61
38 61
12 61
47 61
11 61
30 38
8 38
38 41
38 63
38 51
39 41
11 41
7 41
14 41
25 41
14 56
39 56
51 56
30 56
25 56
19 56
14 48
14 69
12 14
14 36
14 47
14 66
14 25
11 66
63 66
25 66
63 65
4 65
48 65
19 65
47 65
26 63
42 63
48 63
3 63
39 63
30 63
51 63
25 26
26 39
11 26
8 26
26 69
42 69
19 69
7 69
25 69
3 69
39 69
8 42
12 42
3 48
3 12
3 8
3 51
3 25
48 53
8 53
39 53
53 59
11 53
7 53
13 48
13 51
12 13
12 59
4 12
12 19
7 12
12 47
49 60
19 49
11 49
49 59
8 49
7 60
25 60
30 60
4 60
47 60
39 60
11 60
19 60
19 25
25 39
51 62
47 62
4 62
59 62
8 62
48 62
47 59
19 47
39 47
8 47
7 47
4 57
19 57
39 57
57 59
48 57
32 57
30 32
7 32
32 39
4 7
7 51
7 30
1 10
10 48
8 10
10 51
1 37
1 11
1 30
1 19
1 4
1 28
4 30
4 51
29 39
29 48
28 29
11 29
8 29
11 28
11 48
11 30
8 11
18 28
18 20
15 20
20 45
20 59
20 39
20 28
20 37
20 30
34 37
37 59
28 37
37 39
23 48
23 51
23 59
19 23
23 45
34 59
19 59
51 59
30 59
9 21
0 21
8 21
9 15
9 45
9 34
8 9
9 48
9 19
9 51
40 67
19 40
33 67
2 67
39 67
34 67
45 67
48 67
8 67
30 67
8 15
8 28
8 19
8 51
8 30
19 27
27 51
15 27
27 28
0 15
15 39
15 45
15 30
2 30
0 30
30 34
28 30
30 48
24 28
24 44
33 44
39 44
44 45
34 44
44 48
16 44
44 51
19 44
28 44
28 46
46 51
33 51
16 51
0 51
34 51
28 51
19 51
39 51
5 19
19 64
16 19
0 19
19 34
28 35
28 64
16 28
28 45
33 35
35 39
35 45
35 48
34 35
16 35
35 64
33 64
39 64
48 64
34 64
45 64
16 64
16 54
16 33
16 39
16 48
16 34
16 45
0 16
33 34
0 34
34 45
33 45
39 45
48 55
33 48
0 48
33 39
0 39
0 33
