70 241
5 26
5 23
23 65
18 23
18 26
8 18
5 56
18 56
26 56
53 56
23 53
1 5
1 26
1 53
53 58
29 58
19 43
5 44
26 44
46 56
44 46
23 44
43 44
25 44
25 56
18 36
26 36
36 53
23 36
15 26
15 23
15 62
15 43
26 55
23 55
55 62
43 55
48 55
55 56
14 55
14 56
11 18
11 26
28 42
23 42
53 63
29 63
45 63
10 63
18 24
24 26
24 53
19 24
24 45
10 24
9 24
16 24
16 44
39 45
32 58
51 62
26 35
29 35
35 51
4 35
45 52
4 52
52 59
20 55
20 61
42 61
18 69
26 69
28 69
23 69
51 69
4 69
64 69
64 66
16 66
24 66
17 53
17 29
17 62
4 17
1 17
2 45
2 38
38 42
2 25
2 50
2 36
2 56
2 15
2 17
31 44
15 31
17 31
6 59
6 56
6 31
27 50
13 27
44 60
8 57
57 58
57 63
57 60
3 26
3 23
3 45
3 43
1 3
3 56
3 8
1 40
40 56
40 50
1 22
22 37
22 42
22 35
20 37
12 37
35 37
37 42
37 40
3 40
48 54
20 54
54 69
40 54
6 54
54 67
63 67
3 60
3 39
27 60
11 27
6 13
6 7
7 66
17 42
17 47
17 36
30 51
30 43
30 59
30 69
24 30
30 47
30 63
0 30
36 47
47 66
39 66
61 69
63 69
12 69
35 61
11 20
20 52
24 52
15 52
11 52
14 52
0 4
4 8
8 35
35 42
0 41
41 50
41 68
28 34
29 34
34 45
21 34
1 21
9 34
34 55
34 41
34 36
11 34
34 68
58 68
35 68
12 51
51 56
11 51
8 51
12 32
1 12
33 58
12 33
0 33
8 33
12 58
11 12
32 39
32 36
9 39
16 39
39 44
39 58
8 24
59 63
44 63
42 45
14 42
23 28
11 28
8 28
11 23
11 43
9 11
9 59
9 58
50 59
14 50
14 15
44 55
0 48
15 48
0 15
1 62
36 62
25 36
0 36
43 58
29 56
1 29
23 29
1 8
23 26
23 49
8 49
26 65
8 26
5 8
8 19
0 19
