70 241
27 42
41 42
8 27
8 41
12 31
12 13
13 34
13 35
49 67
7 35
7 32
35 63
32 63
4 6
1 42
1 35
1 37
12 37
37 49
37 38
37 57
37 64
8 53
42 53
9 53
9 38
27 33
42 43
33 43
1 33
33 34
27 46
34 46
27 28
28 41
1 28
12 28
28 46
28 32
9 28
24 27
12 24
24 46
7 24
24 39
24 31
25 49
7 25
24 25
25 31
14 25
14 51
25 29
44 63
29 44
37 44
59 69
18 46
18 67
20 42
8 20
5 20
5 31
39 68
24 50
27 62
34 62
46 62
62 67
39 62
50 62
23 62
45 49
45 67
45 66
45 60
45 69
17 27
17 34
17 35
17 39
9 17
17 57
3 17
17 45
17 51
8 17
4 45
23 45
6 65
10 49
10 32
10 20
10 50
10 65
10 51
8 10
9 52
10 52
2 11
2 52
47 53
32 47
47 66
47 64
2 47
47 52
40 46
38 40
40 66
40 64
28 40
40 47
40 42
19 42
19 40
61 68
47 61
21 62
28 56
26 46
26 32
24 26
26 50
26 63
46 58
58 67
57 58
58 60
26 58
52 58
22 69
22 58
0 22
22 59
8 58
26 56
9 48
48 64
18 54
33 54
54 63
48 54
26 48
27 30
12 30
30 35
30 67
30 66
30 50
30 68
30 48
21 30
25 30
0 48
9 36
36 60
36 62
36 56
36 65
28 55
36 55
5 55
11 55
21 56
21 61
23 61
2 8
42 52
63 65
25 65
23 65
4 62
50 68
5 68
3 68
5 18
5 33
20 69
18 20
18 60
18 59
3 16
16 18
11 16
16 37
44 59
24 60
28 60
0 28
33 46
7 33
9 33
13 33
15 33
15 51
8 33
11 53
53 69
11 38
11 66
11 31
0 11
3 66
3 31
3 37
4 37
1 69
34 69
39 69
13 69
42 69
39 64
4 64
4 51
6 63
6 13
57 63
31 32
8 32
7 42
7 38
7 67
42 67
38 49
38 51
13 38
13 31
0 13
13 42
31 34
34 35
31 35
12 42
8 12
8 35
35 41
27 35
35 51
51 57
0 57
