70 966
44 63
39 44
21 63
21 39
1 63
1 39
1 44
1 21
60 63
39 60
1 60
44 58
21 58
58 60
63 64
39 64
1 64
58 64
18 44
18 21
18 60
18 64
63 65
39 65
1 65
58 65
18 65
44 65
10 63
1 10
10 18
10 44
10 21
10 64
10 60
53 63
39 53
1 53
53 58
18 53
44 53
10 53
21 38
38 60
38 64
38 65
38 53
27 63
27 39
1 27
27 58
18 27
27 44
10 27
27 38
41 63
39 41
1 41
41 58
18 41
41 44
10 41
38 41
21 41
41 60
41 64
41 65
41 53
27 41
50 63
39 50
1 50
50 58
18 50
44 50
10 50
38 50
41 50
6 21
6 60
6 64
6 65
6 53
6 50
6 27
24 63
24 39
1 24
24 58
18 24
24 44
10 24
24 38
24 41
6 24
21 49
49 60
49 64
49 65
49 53
24 49
27 49
7 63
7 39
1 7
7 58
7 18
7 44
7 10
7 38
7 41
6 7
7 49
0 7
2 63
2 39
1 2
2 58
2 18
2 44
2 10
2 41
2 49
0 2
2 21
2 60
2 64
2 65
2 53
2 50
2 24
2 27
2 7
25 63
25 39
1 25
25 58
18 25
25 44
10 25
25 38
25 41
6 25
25 49
0 25
2 25
21 25
1 19
19 44
19 49
0 19
19 21
19 64
19 60
19 65
19 53
19 27
19 50
19 24
7 19
3 63
3 39
1 3
3 58
3 44
3 41
3 49
3 21
3 19
44 67
2 67
21 67
64 67
60 67
53 67
65 67
27 67
50 67
7 67
24 67
9 63
1 9
9 44
2 9
9 21
9 67
47 63
39 47
1 47
47 58
18 47
44 47
10 47
41 47
6 47
47 49
0 47
2 47
21 47
24 47
1 29
29 44
19 29
40 44
0 40
21 40
40 64
40 60
40 53
40 65
40 50
27 40
24 40
7 40
57 63
1 57
44 57
41 57
49 57
0 57
40 57
57 67
29 57
57 60
57 64
13 21
13 40
13 47
13 57
1 51
44 51
21 51
51 67
29 51
51 57
13 51
35 63
35 39
1 35
35 58
18 35
35 44
10 35
35 41
6 35
35 49
0 35
21 35
19 35
35 67
22 60
22 64
22 65
22 53
22 50
12 22
7 12
12 51
12 64
12 35
45 47
7 45
45 64
30 60
9 34
30 34
5 21
5 40
5 29
5 7
5 64
5 34
28 63
1 28
28 44
28 41
0 28
21 28
28 40
24 28
28 29
28 47
28 64
28 30
28 50
52 60
30 52
28 52
24 56
56 57
56 60
34 56
50 56
56 65
15 63
1 15
15 44
10 15
0 15
2 15
15 21
15 67
15 29
7 15
15 51
15 64
15 50
15 56
63 69
39 69
1 69
58 69
18 69
44 69
10 69
41 69
6 69
49 69
0 69
21 69
19 69
24 69
47 69
57 69
64 69
34 69
50 69
65 69
45 69
1 14
14 44
14 21
14 40
14 29
14 47
14 60
14 34
14 50
14 65
14 69
32 63
1 32
32 44
10 32
32 49
2 32
21 32
32 40
24 32
32 57
32 51
32 34
32 50
32 45
23 63
23 39
1 23
23 58
18 23
23 44
10 23
23 38
23 41
6 23
23 49
21 23
19 23
23 24
22 23
23 57
23 60
23 34
23 35
23 56
23 45
59 63
39 59
1 59
58 59
18 59
44 59
10 59
41 59
0 59
2 59
21 59
59 67
29 59
7 59
59 60
30 59
28 59
56 59
23 59
32 59
1 33
33 44
0 33
2 33
21 33
33 40
29 33
7 33
33 51
33 34
33 50
33 45
33 69
1 42
42 44
19 42
24 42
22 42
7 42
42 60
30 42
35 42
42 56
42 45
61 63
39 61
1 61
58 61
18 61
44 61
10 61
38 61
41 61
6 61
0 61
21 61
40 61
24 61
29 61
47 61
51 61
30 61
35 61
61 65
42 61
52 61
17 24
7 17
17 60
17 30
17 28
17 65
17 23
17 42
17 33
19 20
20 67
20 47
7 20
20 60
20 34
20 35
20 56
20 69
20 52
17 20
1 8
8 44
8 21
8 40
8 47
7 8
8 51
8 64
8 35
8 56
8 69
8 42
8 52
1 46
44 46
41 46
2 46
19 46
24 46
46 47
7 46
46 51
35 46
28 46
45 46
46 69
32 46
8 46
46 59
5 46
25 46
1 43
43 44
40 43
43 67
29 43
7 43
43 60
43 64
35 43
43 65
43 69
32 43
17 43
19 54
54 67
24 54
54 57
54 60
35 54
28 54
54 65
23 54
32 54
17 54
54 59
11 29
7 11
11 51
11 64
11 35
11 56
11 23
11 32
11 33
11 54
11 46
47 55
7 55
51 55
35 55
50 55
55 65
55 69
52 55
8 55
55 59
51 62
30 62
28 62
56 62
62 69
32 62
33 62
59 62
46 62
28 48
48 65
45 48
48 52
17 48
8 48
48 62
14 48
36 63
36 39
1 36
36 58
18 36
36 44
10 36
36 38
36 41
6 36
36 49
2 36
19 36
36 67
22 36
36 57
36 64
30 36
28 36
36 45
23 36
36 42
36 52
36 59
36 55
3 36
36 48
26 63
1 26
26 44
2 26
21 26
24 26
22 26
26 57
26 51
26 30
26 28
26 65
23 26
26 42
26 52
8 26
26 62
3 26
26 48
1 37
37 44
37 41
0 37
21 37
37 67
37 47
37 57
37 60
30 37
37 50
37 56
23 37
32 37
8 37
37 54
37 55
3 37
21 68
67 68
29 68
57 68
51 68
30 68
35 68
56 68
23 68
42 68
52 68
59 68
54 68
14 68
25 68
61 68
15 68
31 63
31 39
1 31
31 58
18 31
31 44
10 31
31 41
31 49
2 31
19 31
24 31
31 47
7 31
31 51
31 34
28 31
31 56
31 45
31 42
17 31
31 59
31 46
31 55
31 68
31 37
20 31
12 31
1 4
4 44
4 19
4 40
4 22
4 57
4 60
4 64
4 50
4 65
4 23
4 52
4 33
4 8
4 55
4 14
4 68
4 37
4 20
4 61
4 15
16 63
1 16
16 58
16 18
16 44
10 16
16 41
2 16
16 21
16 24
16 22
16 57
16 51
16 30
16 50
16 45
16 23
16 52
16 33
8 16
16 62
14 16
16 48
16 26
16 20
16 53
4 16
15 16
11 16
29 66
57 66
64 66
30 66
50 66
65 66
23 66
32 66
17 66
54 66
62 66
14 66
66 68
25 66
20 66
53 66
43 66
31 66
9 66
16 66
4 31
4 11
11 31
9 31
53 68
37 68
9 37
26 37
27 37
13 37
37 43
20 26
26 36
5 26
25 26
26 53
5 36
12 36
36 61
27 36
11 36
13 36
5 48
27 48
20 48
13 48
12 48
3 62
13 62
61 62
55 62
53 62
14 55
9 55
11 55
12 55
27 55
11 14
11 25
5 11
11 61
15 54
3 54
43 54
12 54
53 54
20 54
43 46
3 43
14 43
5 43
12 43
43 61
27 43
9 43
15 46
9 46
12 46
27 46
8 9
8 61
8 20
8 25
14 20
13 20
20 27
17 61
3 17
17 25
17 53
17 27
3 61
25 61
5 61
9 61
12 42
32 42
3 42
13 42
27 42
33 42
33 59
9 33
15 33
14 33
13 33
5 33
12 33
13 59
14 59
27 59
5 59
9 23
23 32
5 32
14 32
9 32
32 53
14 15
27 69
53 69
5 69
15 69
52 69
15 52
15 25
12 15
15 53
15 27
13 15
3 56
52 56
5 56
25 52
12 52
9 28
5 28
28 45
27 28
13 28
3 5
5 53
5 9
25 34
3 34
34 53
30 45
30 35
30 50
9 45
12 45
25 45
3 45
13 45
12 25
12 13
12 53
7 22
22 35
35 47
35 51
27 35
25 35
35 50
35 53
51 65
51 64
13 64
13 50
3 13
13 27
9 13
27 57
9 57
53 57
25 40
29 40
29 60
29 64
29 65
29 53
3 29
27 29
29 47
47 60
47 64
47 65
47 53
9 47
25 47
9 64
9 25
3 67
3 60
3 64
3 50
3 25
3 53
19 25
7 25
25 60
25 65
7 21
7 24
7 64
7 60
7 50
49 50
0 49
0 24
21 24
24 64
24 60
24 53
24 65
24 27
24 50
0 50
21 50
50 64
50 65
0 41
0 27
21 27
27 60
27 65
27 53
0 53
21 53
53 60
53 65
10 65
0 10
0 65
21 65
60 65
64 65
0 18
44 64
0 64
21 64
60 64
0 58
44 60
0 60
21 60
0 1
21 44
0 21
0 39
0 44
0 63
