70 724
39 49
27 49
27 39
10 49
10 39
9 10
36 49
36 39
9 36
36 60
39 53
36 53
49 62
39 62
9 62
60 62
53 62
29 62
29 36
10 29
27 29
7 49
7 39
7 9
7 60
7 53
7 29
7 21
30 49
30 39
9 30
30 60
30 53
29 30
21 30
27 30
30 36
30 62
10 30
43 49
39 43
9 43
43 60
43 53
29 43
21 43
30 43
41 49
39 41
30 41
36 41
10 41
41 62
27 41
14 49
14 39
9 14
14 60
14 53
14 29
14 41
21 32
10 32
27 32
32 36
32 62
46 49
39 46
46 53
29 46
41 46
32 46
49 57
39 57
57 60
21 57
30 57
34 36
27 34
34 62
10 34
22 49
22 39
9 22
22 29
21 22
22 34
33 49
33 39
9 33
33 53
30 33
33 41
22 33
39 44
44 53
41 44
34 44
22 44
49 66
39 66
9 66
29 66
30 66
41 66
19 62
19 36
10 19
49 58
39 58
58 60
53 58
30 58
19 58
22 58
5 52
49 65
39 65
60 65
53 65
21 65
32 65
19 65
5 65
45 49
39 45
30 45
32 45
19 45
44 45
17 45
17 18
52 54
54 58
0 54
12 54
21 26
26 34
19 26
5 26
26 58
12 26
11 49
11 39
9 11
11 60
11 53
11 29
11 21
11 34
11 52
11 44
11 17
49 50
39 50
50 60
50 53
30 50
34 50
19 50
44 50
17 50
30 48
32 48
22 48
44 48
48 50
18 48
26 48
48 57
48 62
39 68
21 68
30 68
32 68
52 68
58 68
0 68
18 68
15 49
15 39
9 15
15 53
15 21
15 34
15 19
15 44
15 17
12 15
15 55
62 67
43 67
6 21
6 32
6 19
6 44
6 17
6 12
6 26
6 67
23 52
23 44
0 23
12 23
7 23
23 55
20 22
20 44
20 58
20 50
7 20
20 23
22 47
5 47
47 58
18 47
46 47
47 55
47 62
10 47
20 47
7 16
16 23
26 61
55 61
23 61
35 49
35 39
35 41
32 35
35 52
35 44
0 35
35 50
7 35
35 55
35 61
35 68
15 35
1 33
1 65
3 46
3 57
3 62
3 47
40 52
5 40
40 58
40 50
7 40
40 57
40 61
40 65
27 40
10 40
6 40
40 43
40 48
3 40
40 66
40 54
11 40
42 49
39 42
41 42
32 42
19 42
5 42
42 58
42 46
26 42
42 67
23 42
42 68
40 42
7 69
23 69
62 69
65 69
3 69
33 56
56 65
54 56
22 59
5 59
58 59
50 59
7 59
59 67
33 59
59 65
56 59
59 69
24 49
24 39
21 24
24 41
22 24
24 44
17 24
24 50
7 24
24 57
24 62
24 68
24 54
8 41
8 34
8 19
8 22
0 8
8 50
8 46
8 57
8 33
8 47
8 15
8 69
13 49
13 39
13 41
13 32
13 22
5 13
0 13
12 13
13 26
13 55
13 33
13 47
13 54
8 13
13 24
13 42
2 49
2 39
2 9
2 60
2 53
2 29
2 21
2 41
2 22
2 5
2 58
2 50
2 26
2 67
2 61
2 65
2 54
1 2
2 27
2 13
2 11
30 63
34 63
19 63
44 63
17 63
50 63
46 63
55 63
33 63
63 68
15 63
1 63
27 63
10 63
11 63
63 66
45 63
2 63
4 52
4 58
0 4
4 46
4 26
4 67
4 23
4 68
4 15
4 56
4 24
0 64
12 64
26 64
23 64
62 64
64 65
54 64
56 64
8 64
49 51
39 51
9 51
51 60
51 53
29 51
30 51
32 51
51 52
5 51
17 51
50 51
7 51
51 57
51 61
51 68
15 51
51 69
37 49
37 39
37 41
19 37
22 37
5 37
17 37
18 37
7 37
37 55
37 62
37 47
3 37
8 37
37 42
28 49
28 39
9 28
28 60
28 53
28 29
21 28
28 30
28 41
28 34
22 28
28 58
28 50
12 28
28 46
28 55
28 33
28 65
15 28
28 56
28 37
10 28
11 28
28 48
28 42
14 28
28 45
28 59
37 48
37 51
10 37
38 49
38 39
38 53
29 38
30 38
32 38
22 38
5 38
38 58
18 38
26 38
38 57
38 61
38 65
15 38
1 38
37 38
10 38
13 38
20 38
6 38
31 61
31 68
3 31
31 69
27 31
31 64
31 51
31 48
31 38
6 31
2 31
31 59
22 25
25 44
0 25
18 25
7 25
25 57
25 33
25 47
25 54
25 69
8 25
10 25
25 51
20 25
25 38
25 45
16 25
25 59
36 38
20 37
37 43
51 64
6 51
16 51
48 51
43 51
4 64
14 64
59 64
6 64
35 64
4 43
4 63
4 35
4 16
4 42
4 66
16 63
2 14
2 16
2 36
13 16
13 48
13 36
11 13
8 43
8 24
8 45
8 35
24 27
24 66
24 59
24 36
24 43
16 24
11 59
48 59
36 59
56 69
11 56
20 56
6 56
48 56
36 69
42 69
16 69
42 43
20 42
6 42
42 66
3 15
3 36
1 3
3 10
3 43
3 20
1 66
1 14
1 45
1 10
1 35
1 27
20 35
35 48
35 36
6 35
16 35
61 68
61 66
16 61
14 61
27 61
16 47
15 16
14 47
47 54
47 66
20 65
20 27
11 20
20 36
23 45
11 23
23 62
6 23
23 54
6 54
6 27
6 66
54 67
10 67
27 67
57 67
15 67
15 33
15 68
14 15
55 68
55 66
33 55
57 68
45 68
11 68
48 68
14 48
50 62
10 50
11 50
27 50
11 26
11 33
11 27
10 11
26 45
26 54
26 65
26 43
45 54
27 54
12 46
12 33
12 66
12 18
18 43
18 36
18 45
7 18
14 18
18 65
18 62
18 57
45 62
10 45
43 45
14 45
36 45
17 65
17 66
57 65
33 65
36 65
5 14
5 46
5 57
5 58
5 7
5 62
0 58
43 58
33 58
27 58
19 27
19 43
14 19
19 66
44 66
7 66
10 66
43 66
14 66
10 44
36 44
27 44
33 44
7 33
33 62
22 62
22 36
22 27
34 57
52 57
0 57
46 57
36 57
14 57
7 52
10 52
0 52
46 52
0 46
27 46
14 46
10 46
36 46
46 62
7 46
14 32
0 32
7 32
32 43
0 14
14 27
14 43
41 43
7 41
0 43
43 62
7 30
0 7
21 62
36 62
10 53
27 53
21 53
21 36
0 36
10 60
27 60
10 21
0 10
9 27
21 27
21 39
0 21
