70 483
17 27
27 64
17 43
43 64
4 43
4 54
27 54
43 54
17 26
26 64
4 26
26 54
27 56
43 56
26 56
17 52
52 64
4 52
52 54
52 56
27 34
34 43
26 34
17 50
50 64
4 50
50 54
50 56
34 50
26 50
27 58
43 58
50 58
52 58
17 20
20 64
4 20
20 54
20 56
20 34
20 26
20 58
27 66
43 66
52 66
50 66
9 17
9 64
4 9
9 54
9 56
9 34
9 66
12 26
12 27
12 43
12 52
12 50
19 58
12 19
27 62
17 23
4 23
23 54
23 56
23 66
23 43
23 62
19 32
4 51
51 54
51 58
43 51
1 26
1 43
1 27
1 51
1 69
4 42
27 35
35 52
35 42
13 17
4 13
13 54
13 56
13 26
13 43
13 35
3 4
3 54
3 26
3 43
3 50
4 60
56 60
60 66
21 27
21 43
21 52
21 50
21 60
26 31
21 31
27 31
14 31
14 42
8 14
38 62
38 42
26 59
43 59
50 59
3 59
53 59
38 53
16 50
4 41
34 41
26 41
12 41
31 41
16 41
27 41
20 41
10 41
2 34
2 43
2 31
2 3
4 7
7 54
7 26
7 66
7 50
7 32
7 59
1 47
42 47
7 47
24 26
24 43
1 24
3 24
24 47
23 24
24 27
8 24
0 24
1 29
29 50
7 29
6 14
6 29
15 26
15 43
1 15
3 15
15 59
6 15
4 55
54 55
26 55
12 55
35 55
3 55
41 55
47 55
13 55
28 34
12 28
28 50
28 32
28 59
6 28
28 55
8 28
0 28
26 57
57 66
50 57
42 57
47 57
38 57
51 57
20 57
46 57
1 65
42 65
59 65
47 65
27 65
20 65
46 65
57 65
19 65
53 65
5 7
2 5
5 27
13 61
8 61
35 63
42 63
47 63
6 63
55 63
61 63
34 67
43 67
1 67
32 67
7 67
23 67
16 67
60 67
36 41
23 36
16 36
36 60
36 69
37 62
32 37
37 41
23 37
13 37
37 60
36 37
37 57
28 37
4 39
39 56
39 66
39 43
31 39
3 39
14 39
6 39
39 55
39 60
39 46
29 39
28 39
17 48
48 64
4 48
48 54
26 48
12 48
31 48
42 48
14 48
2 48
27 48
48 61
16 68
4 40
40 43
40 62
40 42
40 59
23 40
40 51
40 68
40 67
10 40
24 40
45 47
23 45
45 51
20 45
36 45
9 45
28 45
40 45
26 33
12 33
1 33
32 33
33 59
33 38
13 33
8 33
33 46
33 57
24 33
26 49
12 49
1 49
3 49
41 49
47 49
16 49
8 49
48 49
10 49
19 49
44 49
18 31
3 18
18 41
18 38
18 55
18 60
18 68
0 18
15 18
18 49
18 52
11 50
11 32
7 11
2 11
11 51
11 61
0 11
11 29
13 30
20 30
30 67
22 35
22 50
14 22
2 22
22 55
20 22
22 46
10 22
22 53
22 44
5 22
22 30
24 30
11 30
28 30
30 52
11 40
11 18
11 63
33 49
33 45
5 33
37 45
40 52
29 68
10 68
48 68
17 25
25 64
4 25
25 54
25 56
25 34
25 58
25 66
1 25
25 42
14 25
23 25
25 27
8 25
25 68
9 25
15 25
25 65
25 52
25 69
5 68
48 53
0 48
44 48
9 48
19 44
39 44
44 69
37 39
39 63
37 53
19 36
10 36
36 67
63 67
15 67
29 67
29 63
24 63
63 69
61 69
5 61
9 61
5 15
5 65
5 53
46 52
9 57
28 57
29 55
15 55
15 20
9 15
15 69
6 60
0 6
6 27
6 20
24 29
29 69
23 47
47 51
2 7
7 20
0 7
7 51
2 23
2 69
2 10
2 9
2 13
10 27
9 10
10 52
41 52
9 41
14 16
16 38
16 51
16 53
16 52
8 16
53 60
19 53
27 59
38 59
59 69
23 38
19 38
38 52
8 38
8 52
14 19
14 60
13 14
9 31
31 42
31 50
31 60
31 52
3 60
51 60
19 60
3 13
3 9
13 27
13 69
13 20
0 35
0 42
42 69
32 51
19 51
9 51
23 32
32 52
19 62
0 19
12 20
9 12
20 66
20 50
0 20
43 50
27 50
34 52
26 52
26 27
26 43
27 43
0 43
4 64
4 27
0 27
4 17
0 4
