70 1207
32 48
28 48
28 29
28 32
8 48
8 29
8 32
8 28
48 53
29 53
32 53
8 53
9 28
48 68
29 68
32 68
8 68
9 68
0 68
12 48
12 29
12 32
8 12
9 12
0 12
12 28
12 53
12 68
48 56
29 56
32 56
8 56
9 56
0 56
12 56
29 49
32 49
8 49
0 49
12 49
28 49
49 68
49 53
38 48
29 38
32 38
8 38
9 38
0 38
12 38
38 49
22 29
22 32
8 22
0 22
12 22
22 28
22 68
22 53
22 38
22 56
30 48
29 30
30 32
8 30
9 30
0 30
12 30
30 49
22 30
32 47
8 47
12 47
47 49
28 47
47 68
47 53
47 56
38 47
30 47
1 48
1 29
1 32
1 8
1 9
0 1
1 12
1 49
1 22
1 47
18 32
18 28
18 53
18 68
18 38
18 56
18 30
42 48
29 42
32 42
8 42
9 42
0 42
12 42
42 49
22 42
42 47
18 42
42 68
29 52
32 52
8 52
0 52
12 52
49 52
47 52
52 68
28 52
52 53
38 52
52 56
30 52
42 52
48 50
29 50
32 50
8 50
9 50
0 50
12 50
49 50
22 50
47 50
18 50
50 68
50 52
38 50
28 67
53 67
56 67
30 67
21 32
12 21
21 49
21 22
21 47
21 52
21 67
32 64
52 64
38 64
28 64
53 64
56 64
30 64
11 48
11 29
11 32
8 11
9 11
0 11
11 12
11 49
11 22
11 47
11 18
11 68
11 38
11 64
31 32
22 31
31 68
31 52
31 38
31 64
4 48
4 29
4 32
4 8
4 9
0 4
4 12
4 49
4 22
4 47
4 18
4 68
4 52
4 38
4 67
4 64
4 28
4 53
4 56
4 30
29 59
32 59
8 59
0 59
12 59
47 59
18 59
52 59
38 59
4 59
31 59
38 57
4 57
31 57
28 57
53 57
56 57
32 51
8 51
9 51
0 51
12 51
47 51
51 68
51 52
38 51
4 51
6 29
6 32
6 8
6 9
0 6
6 12
6 49
6 22
6 18
6 68
6 52
6 64
4 6
6 28
6 53
6 56
6 30
20 32
20 68
20 67
20 64
6 20
20 57
20 50
1 20
29 63
32 63
8 63
9 63
0 63
12 63
49 63
47 63
18 63
63 68
38 63
63 67
31 63
50 63
1 63
30 63
6 23
23 57
32 54
47 54
18 54
52 54
38 54
4 54
6 54
31 54
28 54
53 54
54 56
27 29
27 32
8 27
9 27
0 27
12 27
27 49
22 27
27 47
27 68
27 67
4 27
27 31
27 57
27 54
1 27
7 32
7 22
7 18
7 68
7 38
7 64
4 7
7 31
7 50
1 7
7 23
7 28
7 53
7 21
15 32
12 15
15 47
15 68
15 38
4 15
6 15
15 57
15 50
1 15
7 15
15 63
24 32
8 24
0 24
12 24
24 49
22 24
24 68
24 52
24 38
24 64
24 31
24 57
24 54
24 30
7 24
24 63
24 28
29 36
32 36
8 36
12 36
36 49
22 36
36 47
36 52
36 38
36 64
6 36
36 57
36 54
23 36
7 36
36 42
24 36
26 32
0 26
12 26
26 49
18 26
26 68
26 67
26 64
4 26
26 57
1 26
26 30
7 26
26 42
1 65
23 65
7 65
63 65
28 65
32 58
8 58
12 58
22 58
18 58
58 68
38 58
58 67
6 58
57 58
50 58
1 58
58 63
58 65
24 58
5 32
5 47
5 18
5 68
5 38
4 5
5 6
5 57
5 50
5 30
5 23
5 42
5 65
5 15
5 28
32 44
44 68
38 44
4 44
6 44
44 57
44 50
23 44
7 44
42 44
24 44
5 44
32 37
0 37
12 37
37 49
37 47
37 68
37 52
4 37
31 37
37 57
1 37
30 37
23 37
37 42
24 37
26 37
5 37
16 32
0 16
12 16
16 22
16 68
16 52
16 38
16 64
4 16
16 57
16 50
16 23
16 63
16 42
16 26
10 32
10 49
10 18
10 68
10 67
10 64
4 10
10 50
1 10
10 30
7 10
10 63
10 24
29 69
32 69
8 69
0 69
12 69
22 69
18 69
68 69
52 69
64 69
31 69
50 69
54 69
30 69
23 69
42 69
26 69
10 69
28 69
29 40
32 40
8 40
12 40
40 49
22 40
18 40
40 68
40 67
4 40
6 40
31 40
40 54
30 40
23 40
40 42
24 40
10 40
5 40
29 45
32 45
8 45
9 45
0 45
12 45
45 49
22 45
45 47
45 68
45 67
4 45
31 45
45 57
45 54
23 45
7 45
45 63
26 45
10 45
37 45
28 45
48 55
29 55
32 55
8 55
9 55
0 55
12 55
49 55
22 55
47 55
18 55
52 55
38 55
55 64
31 55
50 55
1 55
30 55
55 63
42 55
55 65
10 55
37 55
45 55
40 55
41 65
26 41
5 41
41 45
41 51
21 41
20 41
25 32
0 25
12 25
25 47
25 68
25 52
25 67
4 25
6 25
25 31
25 50
23 25
7 25
25 42
24 25
10 25
5 25
25 28
25 51
25 41
25 27
25 44
25 58
17 24
17 26
17 28
17 40
17 51
17 41
43 48
29 43
32 43
8 43
9 43
0 43
12 43
43 49
22 43
43 47
18 43
43 68
43 67
43 64
4 43
43 57
1 43
30 43
7 43
43 63
24 43
10 43
5 43
43 45
21 43
37 46
45 46
40 46
43 46
27 46
3 54
3 30
3 23
3 63
3 65
3 10
3 37
3 28
3 51
3 43
3 46
2 32
2 22
2 68
2 52
2 38
2 4
2 6
2 50
2 54
2 30
2 7
2 65
2 24
2 10
2 5
2 28
2 21
2 41
2 27
23 35
35 65
24 35
10 35
5 35
28 35
35 40
35 41
35 43
2 35
35 44
16 35
35 59
13 32
13 22
13 18
13 52
13 38
13 64
6 13
13 57
13 50
13 30
7 13
13 63
13 65
5 13
13 37
13 45
13 40
13 43
13 27
13 44
13 17
13 16
13 56
13 35
48 66
29 66
32 66
8 66
9 66
0 66
12 66
49 66
22 66
47 66
18 66
66 68
38 66
64 66
6 66
57 66
50 66
30 66
7 66
42 66
65 66
26 66
37 66
40 66
21 66
43 66
27 66
46 66
17 66
36 66
16 66
55 66
14 29
14 32
8 14
9 14
0 14
12 14
14 49
14 22
14 18
14 52
14 38
14 64
14 31
14 57
14 54
1 14
14 23
14 63
14 65
14 26
14 37
14 45
14 51
14 41
14 43
14 46
14 58
14 16
14 56
14 59
14 66
18 33
33 52
33 38
33 67
4 33
33 57
33 54
30 33
23 33
33 65
26 33
10 33
5 33
28 33
33 40
33 41
27 33
33 46
17 33
33 36
33 59
33 55
14 33
33 66
25 33
32 61
12 61
47 61
52 61
38 61
61 67
6 61
50 61
54 61
23 61
61 63
42 61
24 61
10 61
28 61
40 61
51 61
21 61
43 61
46 61
58 61
36 61
56 61
55 61
14 61
48 62
29 62
32 62
8 62
0 62
12 62
49 62
22 62
18 62
62 68
38 62
62 64
6 62
31 62
54 62
1 62
23 62
62 63
24 62
10 62
37 62
45 62
40 62
41 62
46 62
2 62
58 62
36 62
59 62
35 62
14 62
62 66
6 39
31 39
1 39
30 39
7 39
39 42
39 65
26 39
37 39
28 39
39 51
21 39
39 43
39 46
17 39
36 39
39 59
35 39
39 66
39 62
19 29
19 32
8 19
9 19
0 19
12 19
19 49
19 22
19 47
19 68
19 38
4 19
6 19
19 31
19 54
1 19
19 23
19 42
19 65
10 19
19 37
19 28
19 51
19 41
19 27
2 19
19 44
17 19
19 59
19 55
19 35
19 66
19 62
3 19
19 39
19 69
6 34
34 50
34 54
30 34
23 34
34 65
26 34
10 34
5 34
28 34
34 40
21 34
34 46
2 34
34 44
17 34
34 59
34 55
34 66
15 34
19 34
34 39
11 34
33 34
20 34
34 69
13 19
39 53
3 39
32 60
8 60
12 60
49 60
47 60
60 68
60 67
60 64
6 60
50 60
54 60
1 60
7 60
42 60
60 65
10 60
5 60
45 60
40 60
41 60
43 60
2 60
44 60
17 60
56 60
35 60
14 60
15 60
60 62
39 60
60 61
60 69
20 60
33 60
11 39
11 62
61 62
62 69
25 61
33 61
20 61
61 69
53 61
3 33
11 33
14 20
14 53
14 69
25 66
13 66
13 15
13 25
13 53
3 13
13 20
11 13
35 53
3 35
11 35
15 35
2 20
2 56
2 58
2 3
2 15
2 55
2 36
2 53
3 44
3 16
3 56
3 55
3 15
3 53
3 69
20 46
11 46
46 56
44 46
46 69
43 59
11 43
43 53
17 43
43 58
43 55
17 44
17 58
17 55
17 56
17 36
17 25
25 59
25 55
15 25
25 53
11 25
20 25
41 44
41 55
41 58
36 41
36 55
55 56
55 69
20 55
27 45
16 45
11 45
45 59
40 45
15 45
45 58
20 45
40 69
40 51
21 40
16 40
27 40
51 69
21 69
27 69
58 69
36 69
56 69
11 69
10 11
10 59
10 16
10 21
16 37
16 21
16 27
16 44
16 58
16 36
16 20
16 56
16 59
16 53
15 16
27 37
11 37
20 37
37 59
37 51
37 44
28 44
21 44
27 44
11 44
44 59
15 44
5 58
5 21
5 53
5 36
5 56
28 58
51 58
20 58
11 58
58 59
53 58
36 58
59 65
26 65
20 65
27 65
21 26
26 28
26 51
26 56
20 26
26 53
26 27
26 36
28 36
36 51
27 36
15 36
11 36
15 24
24 59
24 56
24 53
11 24
24 51
15 28
15 51
15 21
15 27
15 59
15 20
15 53
7 27
7 51
7 42
27 42
21 27
27 53
27 59
11 54
42 54
30 54
1 54
23 54
21 54
23 28
23 53
23 56
23 63
28 63
11 63
53 63
59 63
20 63
51 63
21 63
20 42
20 51
20 56
20 53
6 21
6 51
51 57
1 51
30 51
51 56
51 53
21 51
21 57
1 57
57 59
50 59
1 59
21 59
11 59
4 31
28 31
31 53
31 56
31 42
31 50
30 31
11 31
1 31
11 50
1 11
11 42
11 21
11 56
21 64
50 64
1 64
42 64
21 30
21 56
42 67
50 67
1 67
28 50
50 53
50 56
42 50
30 50
1 52
38 42
30 42
28 42
42 56
42 53
1 18
1 68
1 38
1 28
1 53
1 56
30 68
30 38
28 30
30 53
30 56
38 68
28 38
38 53
38 56
49 56
56 68
28 56
53 56
28 68
53 68
9 53
0 53
28 53
0 8
0 28
29 32
0 32
0 29
