70 483
11 57
11 56
7 57
7 56
57 58
56 58
11 58
7 58
34 57
34 56
34 58
11 27
7 27
27 34
27 29
12 57
12 56
12 58
12 27
11 12
7 12
12 34
12 29
25 57
25 56
25 58
25 27
12 25
11 65
34 65
7 65
12 64
64 65
11 33
33 34
7 33
29 33
39 57
12 39
33 39
2 57
2 56
2 12
11 38
7 38
34 38
29 38
28 58
28 38
4 58
4 38
4 11
4 34
4 7
4 6
11 22
7 22
22 34
55 56
12 55
58 62
12 62
11 62
7 62
34 62
58 69
65 69
62 69
22 69
44 58
44 65
4 44
22 44
11 44
7 44
34 44
44 55
8 44
20 33
20 62
11 20
20 34
7 20
17 20
16 20
4 43
43 62
20 43
11 43
5 43
5 40
59 65
59 62
20 59
33 54
11 18
18 34
7 18
18 29
18 28
4 61
18 61
2 61
17 61
44 45
40 45
42 57
42 56
42 58
12 42
4 42
9 11
7 9
9 34
9 42
33 60
9 60
2 60
11 14
24 43
14 24
24 45
10 58
10 12
10 62
2 10
2 67
11 67
28 67
42 67
10 67
54 67
63 67
14 63
10 63
63 64
39 63
48 67
17 48
48 61
47 48
10 26
26 47
30 43
30 40
5 30
30 47
29 30
26 30
21 30
20 35
35 54
35 61
35 64
35 48
35 60
21 35
8 35
32 48
32 59
32 35
6 32
32 69
13 20
13 54
13 61
13 64
13 42
11 13
13 26
41 44
40 41
5 41
1 57
1 56
1 58
1 65
1 62
1 9
1 43
1 54
1 5
1 29
1 8
50 58
50 65
4 50
50 62
20 50
17 50
50 54
1 50
36 50
52 57
52 56
52 58
12 52
4 52
18 52
20 52
52 54
52 61
1 52
51 65
18 51
51 67
17 51
5 51
51 64
7 51
46 62
22 46
20 46
40 46
45 46
46 64
46 51
11 46
34 46
26 46
12 23
23 38
4 23
23 62
2 23
23 40
23 45
1 23
23 30
11 23
23 35
23 46
23 52
23 29
8 23
51 68
36 68
43 66
17 66
61 66
42 66
39 66
3 66
34 66
16 66
63 66
66 69
66 68
53 57
53 56
12 53
53 65
4 53
2 53
44 53
17 53
5 53
10 53
39 53
3 53
53 66
41 53
15 33
15 62
15 67
15 40
15 45
15 64
15 30
15 59
15 34
15 26
15 69
15 28
15 63
15 53
13 53
37 57
37 56
37 58
37 65
33 37
18 37
2 37
37 54
37 61
37 47
37 51
37 60
34 37
26 37
37 69
29 37
37 63
37 53
8 53
46 68
52 68
21 68
23 68
16 68
5 31
31 47
30 31
31 36
31 35
31 46
24 31
31 55
7 31
31 50
29 46
6 51
51 55
51 52
8 51
36 52
34 52
41 52
8 52
16 52
29 36
11 36
50 60
35 49
7 49
49 50
25 49
28 49
6 49
25 50
19 58
12 19
19 65
18 19
19 44
19 40
10 19
19 42
19 39
3 19
19 34
6 19
19 50
13 19
19 55
19 21
21 50
32 50
1 11
1 60
1 34
1 41
41 42
41 60
0 41
28 41
7 41
13 41
13 32
13 55
32 63
0 21
21 26
21 29
24 30
30 59
26 59
8 26
47 55
25 47
6 47
34 48
25 48
48 69
39 48
11 48
3 48
3 59
3 63
3 55
3 34
6 63
28 63
39 67
29 67
10 54
10 61
7 10
6 10
10 16
10 28
10 24
11 24
0 24
24 25
24 69
7 24
24 29
14 25
14 29
14 28
14 60
14 34
54 60
39 60
59 60
7 60
16 60
17 42
42 45
42 64
7 42
42 69
42 59
16 42
11 45
25 45
45 61
45 64
29 45
39 61
55 61
18 54
18 64
17 54
54 59
7 54
5 59
6 59
59 69
5 69
5 8
5 34
40 43
7 43
34 43
6 43
43 64
11 40
16 40
40 55
16 39
16 25
16 55
7 16
17 69
17 39
8 17
0 8
8 28
6 44
25 44
44 69
6 69
55 62
22 55
0 55
25 55
6 22
6 25
4 28
2 4
28 64
28 39
11 28
7 28
2 38
2 11
2 34
2 7
2 39
2 25
2 64
39 64
33 64
25 33
25 65
11 25
29 58
29 56
29 57
0 29
