70 966
26 67
26 69
67 69
26 34
34 69
49 67
10 26
10 69
10 49
39 67
10 39
34 39
8 26
8 69
8 49
8 39
17 26
17 69
17 49
17 39
17 67
17 34
10 17
8 17
4 17
23 26
23 69
23 49
23 39
17 23
17 52
52 67
10 52
34 52
8 52
23 52
4 52
20 26
20 69
20 49
20 39
17 20
20 52
45 69
17 45
45 67
34 45
10 45
8 45
23 45
4 45
26 57
57 69
49 57
39 57
17 57
52 57
45 57
41 67
34 41
10 41
8 41
23 41
4 41
20 41
41 57
26 58
58 69
49 58
39 58
17 58
52 58
45 58
41 58
22 67
10 22
22 34
8 22
4 22
22 23
20 22
22 57
22 58
26 42
42 69
42 49
39 42
17 42
42 52
42 45
41 42
22 42
55 69
41 55
55 67
10 55
34 55
8 55
23 55
4 55
20 55
55 57
55 58
26 65
65 69
49 65
39 65
17 65
52 65
45 65
41 65
22 65
55 65
4 65
28 67
10 28
28 34
8 28
23 28
28 57
20 28
28 58
3 69
3 17
3 45
3 55
3 28
11 67
11 34
10 11
8 11
11 23
11 20
11 57
11 58
26 60
60 69
49 60
17 60
45 60
41 60
55 60
11 60
17 59
45 59
4 59
24 26
24 69
24 49
24 39
17 24
24 52
24 45
22 24
4 24
24 67
24 34
10 24
8 24
23 24
24 57
20 24
50 55
24 50
44 50
20 50
45 54
41 54
28 54
24 54
44 54
20 54
54 67
34 54
8 54
27 69
27 39
17 27
27 41
4 27
24 27
27 59
10 27
27 54
48 67
34 48
8 48
62 69
22 62
4 62
28 62
59 62
10 62
62 67
48 62
60 62
40 44
10 40
20 40
40 48
29 67
18 20
18 48
18 34
8 18
18 42
14 26
14 69
14 49
14 39
14 45
14 22
14 28
14 24
14 59
10 14
14 67
14 18
14 29
15 20
15 48
15 29
4 63
11 63
44 63
26 31
31 69
31 49
31 39
17 31
31 52
31 45
22 31
31 55
11 31
31 44
10 31
31 67
31 34
8 31
23 31
26 66
66 69
49 66
39 66
52 66
41 66
55 66
24 66
44 66
31 66
20 66
48 66
60 66
15 66
3 66
0 66
42 66
7 45
7 41
4 7
7 28
7 59
7 10
7 67
7 54
7 29
26 36
36 69
36 49
36 39
17 36
36 52
36 45
36 41
36 55
28 36
10 36
20 36
36 67
36 54
36 60
34 36
26 56
56 69
49 56
39 56
17 56
52 56
45 56
41 56
22 56
55 56
4 56
24 56
56 59
10 56
56 67
48 56
36 56
40 56
3 56
21 69
21 49
21 52
21 22
4 21
21 24
21 59
10 21
21 54
18 21
21 36
15 21
13 36
13 15
13 21
6 29
6 36
26 61
61 69
49 61
39 61
17 61
52 61
45 61
41 61
4 61
28 61
59 61
10 61
54 61
18 61
60 61
36 61
2 10
2 31
2 67
2 54
2 60
2 15
2 61
2 6
43 52
22 43
4 43
28 43
43 44
31 43
43 54
18 43
29 43
40 43
43 61
6 43
26 32
32 69
32 49
32 39
17 32
32 52
32 45
32 41
22 32
32 55
4 32
24 32
10 32
20 32
32 67
18 32
29 32
32 40
32 61
6 32
32 50
26 46
46 69
46 49
39 46
17 46
46 52
45 46
22 46
4 46
24 46
10 46
31 46
46 67
46 54
46 60
40 46
3 46
21 46
32 46
7 46
46 62
2 46
10 30
30 31
20 30
18 30
29 30
15 30
3 30
21 30
30 43
30 42
30 46
30 58
30 65
30 66
4 51
24 51
10 51
31 51
51 54
18 51
51 60
40 51
51 61
21 51
43 51
42 51
37 69
37 39
17 37
22 37
4 37
28 37
37 59
20 37
37 67
37 54
29 37
15 37
37 61
0 37
37 43
7 37
37 63
14 37
38 69
17 38
38 52
38 55
4 38
28 38
38 44
20 38
38 67
18 38
36 38
38 40
3 38
21 38
38 42
5 67
5 48
5 60
5 40
3 5
5 6
5 32
5 62
55 64
11 64
44 64
31 64
20 64
48 64
29 64
40 64
3 64
6 64
32 64
5 64
7 64
58 64
64 65
2 64
51 64
27 64
14 64
13 64
47 69
17 47
47 52
41 47
4 47
24 47
44 47
10 47
47 67
18 47
47 60
15 47
3 47
21 47
43 47
42 47
47 62
46 47
47 65
35 69
35 39
35 52
35 55
4 35
24 35
10 35
31 35
35 67
18 35
35 36
15 35
3 35
0 35
32 35
7 35
35 37
35 46
0 9
5 9
9 62
9 46
12 69
12 17
12 52
12 22
12 55
12 24
12 59
12 31
12 20
12 48
12 60
12 15
3 12
0 12
12 42
7 12
12 37
12 34
9 12
2 12
12 51
4 25
24 25
25 59
10 25
25 67
25 48
25 29
25 36
3 25
21 25
25 43
25 42
25 37
25 46
25 65
25 66
68 69
39 68
17 68
45 68
28 68
11 68
59 68
10 68
54 68
48 68
60 68
40 68
61 68
6 68
0 68
7 68
37 68
34 68
65 68
2 68
25 68
17 53
22 53
4 53
11 53
10 53
31 53
53 67
18 53
29 53
40 53
53 61
6 53
32 53
5 53
53 62
53 58
53 65
35 53
53 68
27 53
53 64
16 60
15 16
16 61
6 16
0 16
7 16
16 62
16 58
9 16
16 35
16 51
16 25
14 16
16 30
19 42
5 19
19 46
19 34
19 66
2 19
19 23
19 51
14 19
16 19
12 19
1 26
1 69
1 49
1 39
1 45
1 22
1 55
1 28
1 59
1 31
1 54
1 18
1 60
1 15
1 61
1 6
1 43
1 5
1 62
1 46
1 66
1 2
1 23
1 27
1 25
1 30
1 12
1 19
1 38
1 13
19 57
13 19
16 53
16 63
13 16
53 56
47 53
53 63
50 53
13 68
51 68
27 68
23 68
50 68
38 68
29 33
33 36
33 61
0 33
32 33
33 42
33 62
33 34
9 33
33 35
23 33
33 63
33 57
13 33
25 33
33 47
33 50
8 33
12 25
25 57
25 63
8 25
12 14
8 12
12 38
12 50
9 23
9 35
9 27
9 50
9 38
9 56
9 63
35 56
35 38
35 47
35 57
14 35
35 50
23 47
47 64
8 47
47 63
38 47
13 47
30 64
50 64
5 34
5 8
5 14
5 38
5 50
2 5
5 57
37 38
38 58
27 38
14 38
30 38
38 50
37 65
23 37
27 37
37 50
37 51
34 51
51 65
51 66
30 51
51 56
8 51
27 30
30 57
8 30
46 58
27 46
46 50
32 34
13 32
32 43
23 32
32 58
8 32
32 65
43 57
43 63
2 43
43 62
43 56
7 43
27 43
2 34
2 65
2 8
2 63
2 23
2 27
50 61
14 61
6 61
61 63
23 61
42 61
6 62
0 6
6 42
6 7
6 13
6 58
13 42
13 62
13 34
13 65
13 66
13 56
7 21
21 58
21 62
21 34
21 27
14 21
21 65
21 56
21 23
7 56
56 62
56 58
27 56
14 56
8 56
56 57
56 63
27 36
23 36
36 57
0 36
7 36
8 36
36 42
7 23
7 27
7 66
7 63
7 34
62 66
58 66
65 66
57 66
14 66
8 66
31 60
31 42
20 31
31 57
31 63
63 67
48 63
60 63
15 63
0 63
58 63
23 63
57 63
14 15
15 23
0 15
15 34
15 58
14 42
14 58
14 23
14 27
18 57
18 58
18 29
29 34
3 29
29 40
29 65
8 29
29 42
34 40
27 40
40 57
40 50
3 40
40 62
40 65
8 62
57 62
48 60
27 48
23 48
48 50
48 65
3 27
23 54
54 65
50 54
0 54
3 54
50 60
0 50
8 50
50 57
24 59
24 58
59 67
10 59
34 59
8 59
23 59
20 59
57 59
3 59
44 59
0 59
44 67
34 44
10 44
8 44
23 44
20 44
44 57
44 60
44 58
42 44
44 65
60 67
34 60
8 60
58 60
3 11
0 11
3 20
3 67
0 3
3 8
3 57
3 65
28 42
28 65
10 65
42 65
58 65
42 55
4 42
42 67
0 42
42 58
4 58
20 58
58 67
34 58
4 57
10 57
57 67
0 57
34 57
23 57
20 45
4 20
10 20
20 67
20 34
8 20
20 23
0 20
4 23
10 23
23 67
23 34
4 8
8 10
8 67
0 8
8 34
4 39
4 10
10 67
10 34
0 10
34 49
4 49
4 34
34 67
0 34
4 69
4 67
4 26
0 4
