70 724
32 62
11 32
50 62
11 50
38 62
11 38
32 38
34 62
11 34
34 38
62 67
11 67
38 67
32 67
9 62
9 11
9 38
9 67
25 32
25 34
62 63
11 63
38 63
63 67
25 63
39 62
11 39
38 39
39 67
25 39
32 39
54 62
11 54
38 54
54 67
25 54
39 54
12 32
12 50
12 63
12 34
12 54
9 12
5 62
5 11
5 38
5 67
5 25
5 39
5 12
11 47
38 47
39 47
7 32
7 63
7 54
7 50
7 34
7 9
2 39
2 7
2 47
11 68
38 68
67 68
25 68
39 68
7 68
35 68
32 48
9 48
44 67
12 44
44 48
44 68
32 37
28 37
27 32
24 27
23 62
11 23
23 38
23 67
23 25
23 39
12 23
23 47
23 35
23 68
23 37
23 52
23 32
11 59
38 59
59 67
25 59
39 59
12 59
35 59
59 68
52 59
23 59
24 59
31 38
7 31
31 35
14 38
14 67
14 39
7 14
14 35
14 32
38 55
7 55
35 55
14 55
37 55
52 55
14 41
41 52
18 62
11 18
18 38
18 67
18 39
18 47
18 48
18 68
14 18
18 41
14 42
42 52
18 42
53 62
11 53
38 53
53 67
39 53
12 53
47 53
53 68
37 53
23 53
42 53
47 56
48 56
27 56
23 56
24 56
31 56
21 52
21 41
21 42
21 56
11 45
38 45
45 67
39 45
45 48
14 45
27 45
23 45
24 45
45 56
24 46
46 56
46 50
15 31
15 46
15 45
39 58
7 58
47 58
58 68
27 58
23 58
24 58
31 58
45 58
11 20
20 38
20 67
7 20
20 47
14 20
20 37
20 23
20 42
20 56
20 46
20 51
11 66
38 66
39 66
7 66
47 66
66 68
27 66
52 66
42 66
31 66
46 66
58 66
40 41
31 40
40 45
40 66
49 67
7 49
47 49
49 68
14 49
49 52
41 49
31 49
32 49
49 66
27 36
36 52
36 42
36 56
36 45
36 58
36 49
47 65
48 65
14 65
41 65
42 65
56 65
46 65
4 32
29 35
29 68
29 37
29 41
29 42
33 42
33 56
2 33
29 33
33 44
32 33
1 62
1 11
1 38
1 67
1 39
1 7
1 35
1 68
1 37
1 52
1 31
1 33
1 45
1 58
1 49
22 42
22 56
22 45
22 58
22 49
22 44
5 22
38 57
39 57
35 57
57 68
14 57
41 57
24 57
31 57
32 57
57 58
49 57
22 57
46 69
66 69
49 69
44 69
36 69
30 35
14 30
30 37
30 41
24 30
30 33
30 32
30 58
28 30
17 30
30 69
30 54
15 30
5 30
43 67
39 43
35 43
43 48
43 52
41 43
42 43
33 43
32 43
43 58
28 43
43 44
9 43
10 62
10 11
10 38
10 67
10 25
10 39
10 12
10 47
10 48
10 68
10 37
10 23
10 41
10 33
10 32
10 51
10 66
10 36
10 69
8 32
8 51
8 66
8 36
8 69
8 10
2 8
8 29
8 43
0 8
26 40
3 28
3 17
3 9
3 10
3 40
3 34
3 21
16 38
16 67
16 39
12 16
16 47
14 16
16 27
16 52
16 24
16 33
16 32
4 16
16 66
16 22
42 64
31 64
46 64
51 64
49 64
22 64
16 64
64 65
40 64
19 35
14 19
19 27
19 23
19 42
19 56
19 45
4 19
19 49
19 36
19 64
19 54
15 19
18 19
19 63
13 39
12 13
13 47
13 68
13 37
13 41
13 24
13 33
13 32
4 13
13 66
13 17
13 69
37 61
23 61
24 61
31 61
46 61
4 61
61 66
44 61
61 69
37 60
52 60
24 60
56 60
46 60
4 60
28 60
44 60
9 60
60 61
2 60
29 60
43 60
30 60
1 60
60 65
16 60
6 64
6 61
6 40
6 18
6 43
6 21
6 13
6 59
6 60
6 63
20 61
57 61
21 61
40 61
0 61
2 61
13 61
2 13
13 18
13 19
13 57
13 34
13 65
13 20
19 26
16 19
19 20
19 21
63 64
34 64
21 64
54 64
18 64
16 69
2 16
3 16
16 30
0 16
16 59
8 16
3 65
3 26
3 55
0 3
26 30
26 59
26 53
26 63
8 26
8 55
8 53
1 10
10 53
10 29
10 54
10 50
10 43
10 63
40 43
29 43
30 43
0 43
43 59
21 30
1 30
57 69
20 69
59 69
15 57
18 57
5 57
57 65
20 57
55 57
50 57
20 22
22 50
18 22
22 55
1 22
0 22
1 9
1 15
1 29
1 5
1 50
1 20
1 65
28 33
33 55
33 54
33 34
4 29
29 51
28 29
29 36
9 29
18 29
29 53
20 29
29 50
4 18
4 21
4 28
4 34
4 5
4 65
2 4
17 65
44 65
54 65
18 65
5 65
50 65
17 44
9 17
17 34
17 36
17 53
17 63
36 40
21 36
2 36
36 50
36 59
18 49
49 55
40 49
34 49
15 49
2 40
40 53
40 50
40 59
9 66
53 66
54 66
20 66
2 20
20 53
20 63
51 63
51 58
0 51
50 51
51 55
44 58
15 58
58 59
53 58
54 58
15 44
9 15
15 54
15 21
0 15
15 55
5 15
5 46
45 46
18 46
46 59
2 46
21 45
28 45
45 55
0 45
9 45
45 50
21 28
21 50
21 34
21 59
53 56
0 56
5 56
56 63
32 53
9 53
5 53
0 53
34 53
42 50
9 42
32 42
18 31
18 54
18 59
18 63
41 44
41 63
2 41
32 41
41 55
9 55
54 55
5 55
0 55
55 59
34 55
14 50
14 31
9 14
14 63
5 14
14 54
31 37
23 31
31 63
0 31
31 44
9 31
31 59
28 59
44 59
23 54
5 23
23 24
23 50
23 34
2 24
24 28
5 24
24 34
24 54
27 50
9 27
5 27
27 34
27 52
32 52
9 52
28 52
0 52
5 28
28 63
28 50
0 28
2 28
37 63
37 44
2 37
0 37
32 44
2 44
44 54
9 44
34 48
48 54
48 63
48 50
48 68
32 68
54 68
34 68
2 68
0 68
2 63
2 34
7 47
7 35
32 47
34 47
47 54
47 50
9 47
47 63
5 47
5 35
5 9
5 54
5 34
35 54
32 54
34 54
39 63
9 39
34 39
39 50
35 39
35 63
32 63
0 63
50 63
25 50
9 25
9 35
0 9
50 67
34 67
35 67
34 35
32 34
34 50
38 50
35 38
35 50
11 35
32 35
35 62
0 35
