70 1207
9 20
9 62
0 62
9 21
0 21
20 21
21 62
5 9
0 5
5 21
9 37
0 37
21 37
20 37
37 62
5 37
8 9
0 8
8 21
8 37
20 54
54 62
5 54
8 54
9 31
0 31
21 31
31 37
31 54
9 24
0 24
21 24
24 37
24 54
20 24
5 24
8 24
24 62
9 47
0 47
21 47
37 47
47 54
24 47
20 64
5 64
62 64
8 64
47 64
31 64
9 30
0 30
21 30
30 37
30 54
24 30
30 64
11 64
11 20
8 11
5 11
11 62
11 30
11 47
11 31
9 51
0 51
21 51
37 51
51 54
24 51
51 64
11 51
9 50
0 50
21 50
37 50
50 54
24 50
50 64
11 50
20 50
50 62
8 50
5 50
30 50
31 50
47 50
50 51
9 46
0 46
21 46
37 46
46 54
24 46
46 64
11 46
46 50
20 46
46 62
8 46
5 46
46 47
31 46
30 46
46 51
9 59
0 59
21 59
37 59
54 59
24 59
59 64
11 59
50 59
46 59
9 58
21 58
37 58
24 58
58 64
50 58
46 58
20 58
5 58
8 58
58 62
47 58
30 58
31 58
51 58
58 59
9 13
0 13
13 21
13 37
13 54
13 24
13 64
11 13
13 50
13 46
13 58
4 20
4 62
4 8
4 5
4 31
4 30
4 47
4 51
4 59
4 13
9 23
0 23
21 23
23 37
23 54
23 24
11 23
23 50
23 58
4 23
6 9
0 6
6 21
6 37
6 54
6 24
6 64
6 11
6 50
6 46
6 58
4 6
16 20
5 16
8 16
16 62
16 31
16 47
16 30
16 51
16 59
13 16
16 29
13 29
38 64
38 50
38 58
4 38
16 38
13 38
20 38
38 62
5 38
8 38
38 47
30 38
31 38
38 51
9 15
15 37
15 64
11 15
15 46
20 67
5 67
62 67
8 67
30 67
31 67
47 67
51 67
59 67
13 67
42 46
42 67
6 42
13 42
9 39
0 39
21 39
37 39
39 54
24 39
39 64
11 39
39 58
4 39
6 39
9 22
0 22
21 22
22 37
22 54
22 24
11 22
22 50
22 46
4 22
6 22
20 22
8 22
5 22
22 62
22 47
22 31
22 30
22 51
9 19
0 19
19 21
19 37
19 54
19 24
19 64
11 19
19 50
19 46
19 58
4 19
16 19
19 22
19 38
9 53
21 53
37 53
53 54
24 53
11 53
46 53
4 53
6 53
13 53
39 53
18 46
18 67
6 18
18 22
9 56
24 56
56 64
11 56
56 58
4 56
16 56
13 56
22 56
20 56
5 56
8 56
56 62
47 56
31 56
30 56
9 34
0 34
21 34
34 37
34 54
24 34
34 64
34 50
34 46
4 34
6 34
13 34
34 56
34 39
9 27
27 54
27 64
11 27
27 58
4 27
16 27
22 27
27 56
18 27
20 27
5 27
8 27
27 62
9 12
12 21
12 37
12 54
12 24
12 50
12 58
12 67
6 12
12 13
12 56
12 18
12 27
12 30
12 20
8 12
3 46
3 67
3 16
3 22
3 56
3 53
3 30
3 12
6 61
13 61
38 61
53 61
27 61
9 43
21 43
37 43
43 54
43 64
43 50
43 58
4 43
6 43
22 43
38 43
18 43
43 53
30 43
20 43
43 62
5 43
8 43
43 61
1 9
1 21
1 37
1 24
1 64
1 50
1 46
1 58
1 6
1 13
1 56
1 18
1 27
1 43
1 51
9 36
36 37
24 36
11 36
36 46
4 36
16 36
22 36
36 56
36 39
27 36
30 36
36 51
36 55
36 42
5 36
6 63
13 63
56 63
39 63
30 63
43 63
12 63
61 63
16 66
22 66
56 66
18 66
27 66
12 66
61 66
33 56
18 33
27 33
12 33
33 51
33 61
20 33
2 56
2 18
2 53
2 43
2 12
2 33
2 42
2 5
2 63
9 65
37 65
24 65
50 65
46 65
58 65
16 65
13 65
38 65
18 65
30 65
12 65
61 65
55 65
65 66
5 65
63 65
11 40
40 50
40 46
40 67
16 40
22 40
38 40
18 40
40 53
12 40
40 51
33 40
40 66
23 40
40 65
7 53
7 43
7 51
7 61
7 55
5 7
7 23
9 32
0 32
21 32
32 37
32 54
24 32
11 32
32 50
32 46
4 32
32 67
22 32
32 56
32 39
30 32
12 32
32 61
32 33
32 66
32 42
32 65
7 32
42 57
23 57
57 63
57 65
9 14
14 24
14 64
14 50
14 46
14 67
6 14
13 14
14 38
14 39
14 27
14 30
14 61
14 33
14 42
5 14
14 23
7 14
14 57
8 14
17 38
17 39
17 53
17 43
17 61
17 55
17 42
5 17
17 63
7 17
17 59
8 17
17 19
9 69
21 69
37 69
54 69
11 69
50 69
58 69
67 69
16 69
13 69
38 69
39 69
53 69
12 69
51 69
55 69
42 69
5 69
65 69
7 69
38 49
18 49
30 49
43 49
49 51
49 61
49 66
5 49
23 49
7 49
49 57
49 69
9 35
0 35
21 35
35 37
35 54
24 35
11 35
35 50
35 46
35 58
6 35
22 35
35 39
18 35
35 53
35 43
12 35
33 35
35 42
23 35
35 65
7 35
35 49
8 35
35 36
35 40
15 35
9 68
0 68
21 68
24 68
64 68
50 68
46 68
58 68
16 68
22 68
38 68
39 68
27 68
30 68
12 68
55 68
42 68
23 68
63 68
65 68
57 68
8 68
35 68
10 22
10 39
10 53
10 12
10 51
10 61
10 66
5 10
10 23
10 59
10 57
10 49
10 36
10 35
21 41
37 41
24 41
11 41
41 58
4 41
6 41
13 41
38 41
39 41
41 53
41 43
41 51
41 55
41 66
41 42
23 41
7 41
41 57
8 41
36 41
10 41
41 69
14 41
34 41
9 25
0 25
21 25
25 37
25 64
11 25
25 46
25 67
6 25
22 25
25 56
25 39
25 53
25 30
25 61
25 33
25 66
25 42
25 63
7 25
25 49
8 25
17 25
25 35
25 69
2 25
25 34
6 48
22 48
38 48
39 48
30 48
12 48
48 51
33 48
48 55
42 48
48 63
7 48
48 57
48 49
36 48
35 48
48 69
14 48
25 48
48 62
1 48
9 45
21 45
37 45
24 45
45 64
11 45
45 46
45 58
16 45
13 45
45 56
39 45
27 45
43 45
12 45
45 55
45 66
23 45
45 65
7 45
45 59
8 45
17 45
35 45
45 68
14 45
3 45
25 45
9 26
21 26
26 37
26 54
24 26
26 50
26 46
4 26
16 26
22 26
26 38
18 26
26 30
26 43
12 26
26 55
26 42
5 26
23 26
26 59
26 57
26 49
17 26
10 26
26 69
2 26
26 34
25 26
1 26
26 45
26 47
26 40
44 59
8 44
17 44
10 44
44 68
2 44
3 44
44 62
26 44
19 44
20 44
29 44
44 47
31 44
9 52
0 52
21 52
37 52
52 54
24 52
52 64
46 52
52 58
52 67
16 52
13 52
52 56
39 52
52 53
30 52
51 52
52 61
52 66
5 52
52 65
52 59
52 57
49 52
36 52
35 52
2 52
14 52
3 52
25 52
26 52
44 52
9 28
0 28
21 28
28 37
28 54
24 28
11 28
28 50
28 58
4 28
16 28
13 28
28 56
28 53
27 28
28 30
28 51
28 33
28 66
23 28
28 63
7 28
28 57
8 28
28 36
10 28
28 69
28 34
3 28
28 62
1 28
19 28
28 41
28 52
9 60
0 60
21 60
37 60
54 60
24 60
60 64
11 60
46 60
58 60
60 67
13 60
38 60
18 60
27 60
30 60
12 60
60 61
42 60
23 60
60 63
7 60
59 60
49 60
36 60
35 60
2 60
14 60
34 60
60 62
1 60
19 60
28 60
20 60
15 60
47 60
41 60
40 60
28 48
20 28
15 28
48 52
15 52
29 52
31 52
41 52
44 45
26 29
19 26
15 45
45 48
45 47
40 45
32 45
31 45
29 48
40 48
31 48
15 48
25 31
15 25
19 25
25 40
25 41
1 41
19 41
20 41
29 41
40 41
2 10
10 15
10 19
10 20
3 10
10 40
10 32
10 68
32 68
15 68
29 68
34 68
31 68
47 68
1 68
20 68
62 68
14 68
29 35
35 62
35 69
35 47
15 49
20 49
49 62
36 49
31 49
1 49
34 49
17 69
36 69
14 69
31 69
34 69
1 69
40 69
2 69
19 69
17 40
15 17
17 20
17 47
14 17
3 17
17 31
17 62
14 34
14 20
3 14
1 14
14 40
14 32
32 57
47 57
34 57
57 62
1 57
2 57
19 57
8 32
32 36
32 34
32 62
1 32
19 32
20 32
32 40
29 32
31 32
15 32
3 7
7 40
1 7
7 19
7 36
40 59
3 40
19 40
40 47
34 65
20 65
19 65
3 65
47 65
31 65
2 65
8 65
29 65
2 8
2 36
2 3
2 31
2 62
2 29
2 15
2 19
33 66
33 34
33 42
33 47
3 33
29 33
5 33
15 33
19 33
33 59
8 33
31 66
5 66
23 66
63 66
29 66
3 66
20 66
19 66
59 66
34 66
42 63
23 63
47 63
62 63
59 63
29 63
31 63
15 63
36 63
1 63
36 59
34 36
1 36
19 36
29 36
20 55
1 55
47 55
55 62
1 42
1 5
1 34
1 62
1 20
1 31
43 59
42 43
31 43
43 51
34 43
15 43
23 43
51 61
20 61
42 61
15 61
19 61
3 61
23 61
61 62
31 61
3 5
3 59
3 8
3 29
3 31
3 19
3 47
3 15
5 12
12 62
12 47
12 31
27 47
27 30
27 59
27 34
15 27
27 29
27 42
19 27
27 51
34 51
5 34
34 59
34 47
20 34
34 62
18 56
51 56
56 59
18 20
18 62
5 18
8 18
18 31
18 30
18 47
18 42
18 29
18 53
18 23
15 18
20 53
8 53
5 53
53 62
19 53
53 59
31 53
30 53
47 53
23 53
19 30
19 42
15 19
22 59
15 22
22 39
38 39
20 39
39 62
8 39
5 39
30 39
31 39
39 47
39 42
39 51
8 42
15 42
31 42
15 67
15 16
15 38
5 15
15 59
15 47
29 38
23 38
29 30
29 51
5 29
29 59
8 29
29 62
20 29
29 31
6 16
6 20
6 62
6 8
5 6
6 30
6 47
6 31
6 51
6 59
6 13
6 23
13 23
23 51
5 23
23 47
23 59
20 23
8 23
13 20
13 62
8 13
5 13
13 31
13 47
13 30
13 51
51 59
59 62
20 59
8 59
31 59
20 51
5 51
8 51
47 51
51 62
20 30
5 30
8 30
30 62
30 31
8 47
47 62
20 47
31 47
24 31
5 8
8 20
5 62
20 62
0 20
