70 483
16 41
16 52
18 41
18 52
16 61
18 61
41 60
52 60
16 22
18 22
22 60
41 59
52 59
59 61
22 59
16 38
18 38
38 60
38 59
1 41
1 52
1 22
1 61
16 69
18 69
60 69
59 69
1 69
23 41
23 52
22 23
23 61
23 69
23 38
16 54
54 59
23 54
41 64
52 64
61 64
22 64
64 69
38 64
16 36
36 59
36 64
41 50
50 52
50 61
22 50
50 69
16 67
59 67
23 67
50 67
1 3
3 64
9 41
9 52
9 22
9 61
1 25
25 64
9 25
16 28
18 28
28 60
28 59
23 28
28 50
9 28
28 41
28 52
3 55
28 55
1 8
8 50
8 9
8 41
1 7
7 64
3 7
7 8
0 30
30 69
6 16
6 18
6 59
1 6
6 23
6 64
6 9
15 41
15 52
32 41
32 52
22 32
32 61
10 32
10 28
10 25
4 58
4 38
4 6
4 22
24 30
24 38
8 29
29 38
0 13
13 29
17 30
17 61
16 34
34 59
23 34
34 50
32 34
28 34
30 34
34 61
34 37
5 64
5 50
5 32
5 28
0 5
5 38
5 37
25 44
29 44
37 44
5 44
57 66
44 57
0 27
27 29
6 27
22 27
27 57
13 27
3 53
28 53
8 53
38 53
17 53
0 21
21 58
21 53
0 68
38 68
17 68
5 68
7 68
52 68
21 68
14 25
14 61
6 14
14 68
7 14
25 63
61 63
53 63
63 68
24 63
14 63
16 56
18 56
56 60
56 59
1 56
50 56
3 56
15 56
8 56
56 58
17 56
17 33
9 26
15 26
0 26
26 29
26 33
5 26
7 26
26 63
26 31
2 24
37 48
22 48
48 57
34 48
36 48
21 48
48 66
6 46
46 68
24 46
46 48
4 46
10 46
34 46
46 69
20 53
20 68
7 20
13 20
4 20
20 46
20 54
20 26
6 45
5 45
7 45
13 45
31 45
23 65
64 65
3 65
28 65
30 65
38 65
37 65
5 65
24 65
0 19
19 61
6 19
19 33
19 52
13 19
16 42
1 42
42 64
42 50
3 42
8 42
25 42
29 42
42 53
5 42
42 52
19 42
14 42
42 46
42 54
27 42
24 49
13 49
49 66
14 49
42 49
49 67
4 47
2 47
47 55
47 49
34 47
10 47
21 49
41 43
43 63
12 32
12 15
12 25
12 61
12 17
12 41
7 12
12 52
9 11
8 11
11 30
11 29
11 17
5 11
7 11
11 13
11 12
11 65
11 67
11 21
3 51
28 51
0 51
51 61
51 53
22 51
25 40
40 58
6 40
22 40
40 41
40 67
40 51
40 52
31 40
7 40
13 40
30 62
38 62
53 62
22 62
40 62
48 62
62 66
14 62
55 62
45 62
26 62
27 62
19 51
39 56
39 51
11 51
51 69
26 51
34 51
21 51
18 35
35 59
1 35
35 64
3 35
28 35
8 35
35 61
35 53
22 35
35 52
35 63
35 66
11 35
35 69
35 67
27 35
10 35
12 43
10 12
12 54
12 65
12 14
2 43
42 43
43 67
43 44
43 45
4 19
19 54
19 65
19 55
14 65
44 65
45 65
56 65
45 69
20 45
20 27
2 48
2 14
2 26
2 36
2 34
26 54
33 66
33 56
31 33
33 36
33 67
33 54
22 33
24 56
56 63
54 56
55 56
36 56
27 56
10 63
63 67
10 68
21 41
21 31
21 54
21 44
31 53
7 53
13 31
27 31
31 36
31 69
36 57
10 57
44 52
44 66
44 55
36 44
5 34
5 55
7 34
34 66
34 36
17 37
22 37
36 37
37 67
10 37
13 17
17 41
17 69
13 41
22 29
29 52
29 66
24 29
24 41
24 69
4 24
4 66
4 67
4 55
36 58
41 58
58 66
10 58
10 55
10 36
32 66
32 54
15 66
30 66
6 15
15 38
15 61
15 69
6 30
6 38
6 55
6 52
6 54
7 30
30 41
7 38
8 52
8 54
8 67
8 38
8 55
55 61
52 55
28 36
25 28
22 28
25 41
25 54
25 36
25 67
25 61
9 38
9 36
9 69
3 9
3 41
3 52
3 22
3 67
3 61
38 67
67 69
36 50
38 50
54 64
54 61
41 54
61 69
41 69
52 69
1 38
0 22
22 41
60 61
0 52
0 41
