70 241
0 36
12 35
23 35
13 23
23 56
12 56
2 56
13 25
25 56
47 55
35 58
13 58
58 60
16 58
45 56
8 45
56 67
58 67
55 64
58 64
64 67
16 21
17 56
8 17
17 21
17 30
30 62
6 67
6 30
6 45
34 56
23 27
27 34
2 53
39 53
39 47
44 53
39 44
21 54
54 65
54 69
17 54
10 54
10 25
10 23
7 35
7 56
7 55
7 58
7 53
50 53
49 50
40 47
35 52
13 52
52 56
52 58
52 67
32 52
40 52
52 64
51 59
20 51
12 51
37 51
0 37
20 37
37 59
26 67
26 62
39 63
4 12
2 4
4 23
4 48
8 48
36 48
30 48
48 63
17 48
2 48
18 60
8 18
18 67
18 47
18 40
16 41
2 41
18 41
25 41
17 28
0 28
28 66
25 66
38 47
38 65
38 69
38 64
2 38
45 46
29 45
23 29
9 68
9 43
43 64
43 46
31 53
31 62
31 45
31 34
3 5
3 26
5 44
5 31
5 50
31 43
12 14
14 31
14 37
6 14
31 68
12 19
19 43
19 26
1 67
1 62
1 63
1 29
1 20
8 15
15 39
11 40
11 34
2 11
11 15
15 64
12 15
15 59
1 15
15 54
22 53
22 62
22 40
0 22
22 28
18 22
22 24
24 68
1 22
1 19
43 44
29 68
12 68
42 45
17 42
28 42
7 42
42 68
16 42
29 46
29 34
33 46
46 59
46 61
7 61
48 61
23 61
16 33
33 52
33 38
38 66
23 38
54 66
18 28
18 48
6 18
48 50
25 63
7 63
26 63
0 26
25 26
26 37
20 34
20 52
16 20
44 57
52 57
44 52
32 40
40 64
40 50
50 64
7 50
6 50
7 49
0 7
7 10
16 54
23 69
44 69
2 44
34 39
12 39
16 39
34 53
12 34
6 34
6 59
17 45
0 17
21 59
59 65
2 59
64 65
25 67
45 67
45 62
8 16
8 25
8 23
16 47
47 58
2 58
58 62
12 58
2 47
0 47
25 47
23 55
12 55
25 55
23 25
23 62
2 13
12 13
12 36
2 35
2 60
60 62
36 62
