70 241
32 47
9 32
47 50
9 50
7 50
7 32
4 47
4 9
4 7
14 50
14 32
4 14
22 47
9 22
7 22
14 22
13 66
9 44
7 44
13 44
4 44
28 47
9 28
14 28
28 44
50 68
17 68
17 44
10 66
10 17
10 34
11 69
4 69
11 13
11 25
11 61
11 59
11 54
10 60
54 60
36 60
29 68
29 44
11 29
25 31
31 58
31 36
30 45
22 45
28 45
45 60
9 37
7 37
14 37
37 44
10 37
4 38
61 63
38 63
8 34
8 46
34 46
1 25
1 54
3 19
16 61
16 38
16 19
12 36
17 55
12 55
6 14
6 44
6 10
6 58
6 36
6 55
6 29
2 25
2 58
2 17
28 64
50 64
2 64
39 50
21 39
4 39
32 39
21 64
21 63
21 50
19 52
22 52
21 52
1 52
16 52
14 51
25 51
11 51
51 54
17 51
19 35
33 35
1 35
17 27
27 41
41 60
27 29
27 35
23 27
23 50
28 67
20 25
20 54
17 20
20 55
9 43
7 43
43 68
13 43
43 61
43 54
36 43
22 43
37 43
2 43
43 48
48 60
15 29
3 62
55 62
19 49
33 49
49 59
17 18
18 22
18 49
18 20
18 59
18 63
49 62
31 49
51 62
59 62
15 62
15 48
24 32
24 31
15 24
24 50
4 48
20 43
20 46
20 67
27 67
2 67
35 37
0 65
35 65
63 65
4 65
33 63
33 51
32 51
51 52
51 66
21 53
2 6
53 56
2 56
3 57
34 57
0 57
6 57
57 66
57 63
6 31
53 55
12 16
1 12
12 34
12 37
16 32
16 46
16 59
19 28
1 3
3 59
3 22
1 32
1 46
26 46
26 66
8 63
8 66
37 38
5 37
37 45
4 37
5 53
31 53
45 53
30 59
30 66
30 31
29 58
22 58
32 58
29 36
29 34
28 29
28 60
50 60
54 59
50 54
11 22
11 50
34 61
17 61
28 61
61 66
32 34
32 68
25 68
25 28
25 32
4 25
32 44
44 66
22 44
13 22
13 50
4 22
0 4
7 66
32 40
40 50
32 42
42 50
47 66
0 66
