70 724
16 65
16 48
24 48
26 48
26 65
16 21
21 24
21 26
47 65
47 48
21 47
9 16
9 24
9 26
9 47
14 21
14 65
14 48
9 14
0 14
16 40
24 40
26 40
40 47
14 40
9 40
10 16
10 47
10 14
9 10
10 21
10 65
10 48
5 16
5 24
5 26
5 47
5 14
5 9
5 10
21 66
48 66
65 66
40 66
16 61
24 61
26 61
47 61
14 61
9 61
10 61
61 66
16 53
24 53
26 53
47 53
9 53
10 53
53 65
21 53
48 53
13 16
9 13
13 53
4 48
4 21
4 65
9 49
10 49
48 49
4 49
27 65
21 27
16 51
10 51
51 53
4 51
27 51
16 44
24 44
26 44
44 47
9 44
10 44
44 66
33 65
21 33
9 57
10 57
48 57
33 57
12 21
12 65
15 53
4 15
12 15
6 21
6 65
9 36
10 36
36 53
4 36
12 36
6 36
16 19
19 24
19 26
19 47
14 19
9 19
19 53
19 48
12 19
19 44
16 17
17 24
17 26
17 47
14 17
9 17
17 66
17 48
17 27
6 17
17 19
13 17
14 39
9 39
39 48
4 39
27 39
39 44
39 57
1 16
1 24
1 9
1 10
1 53
1 48
1 27
1 44
1 51
1 65
53 69
4 69
27 69
6 69
1 69
13 69
16 52
24 52
26 52
47 52
14 52
9 52
52 53
4 52
33 52
44 52
19 52
1 52
16 18
18 24
18 26
18 47
14 18
9 18
18 66
18 48
12 18
6 18
18 19
13 18
18 52
11 16
11 24
11 26
11 47
11 14
9 11
11 48
4 11
11 12
11 27
15 63
21 63
13 63
16 20
20 47
14 20
10 20
20 53
20 48
12 20
20 57
20 63
1 20
20 39
19 30
30 49
30 52
30 65
16 59
10 59
59 66
48 59
33 59
6 59
59 63
1 59
39 59
30 59
17 59
20 59
14 38
9 38
38 53
4 38
33 38
38 57
19 38
13 38
38 52
30 38
3 16
3 24
3 9
3 10
2 21
2 48
2 65
2 3
2 40
2 42
42 48
12 42
6 42
42 57
1 42
42 52
30 42
3 42
40 42
42 59
17 37
41 48
4 41
12 41
27 41
41 57
41 49
41 64
19 29
13 29
29 64
11 29
29 41
29 40
29 61
15 29
29 51
16 46
9 46
10 46
4 46
27 46
46 57
19 46
1 46
13 46
30 46
3 46
27 58
44 58
19 58
49 58
39 58
11 58
3 58
38 58
3 50
50 58
40 50
18 50
12 31
31 44
31 57
13 31
31 64
11 31
3 31
20 31
31 61
18 31
31 45
23 41
20 23
23 59
18 23
23 31
16 68
24 68
26 68
47 68
14 68
9 68
53 68
48 68
33 68
6 68
19 68
49 68
39 68
11 68
41 68
43 68
59 68
15 68
31 68
29 68
16 32
9 32
32 53
32 48
32 33
32 44
32 63
32 49
32 39
11 32
3 32
20 32
32 59
62 63
49 62
52 62
30 62
17 62
20 62
59 62
32 62
16 67
47 67
14 67
9 67
53 67
48 67
12 67
44 67
63 67
1 67
52 67
30 67
17 67
20 67
59 67
18 67
62 67
65 67
7 14
7 9
7 53
4 7
7 33
7 27
7 57
1 7
7 64
7 11
3 7
7 43
7 59
7 37
7 45
7 67
34 63
13 34
34 52
11 34
3 34
34 58
34 61
15 34
34 51
34 67
34 69
16 25
14 25
9 25
10 25
2 25
25 48
12 25
25 44
25 63
25 49
25 52
11 25
25 41
25 43
25 59
15 25
25 31
25 34
17 28
28 40
28 46
18 28
28 62
28 68
28 38
28 50
28 36
25 28
16 35
35 47
14 35
10 35
35 66
4 35
33 35
35 44
19 35
13 35
35 52
17 35
35 41
35 58
35 46
35 37
35 62
29 35
28 35
7 35
12 54
6 54
54 57
49 54
54 64
30 54
17 54
54 58
54 61
37 54
51 54
54 68
34 54
54 69
2 56
4 56
27 56
6 56
19 56
49 56
39 56
11 56
3 56
56 58
40 56
18 56
51 56
29 56
21 56
56 65
32 56
54 56
36 56
42 56
5 54
35 54
8 45
8 67
8 34
8 21
8 54
8 38
0 8
8 25
5 35
35 36
32 35
21 28
7 25
55 57
1 55
39 55
17 55
20 55
43 55
55 61
37 55
45 55
55 67
21 55
55 65
23 55
0 55
38 55
25 55
5 25
53 60
48 60
33 60
57 60
19 60
49 60
52 60
11 60
3 60
58 60
40 60
15 60
51 60
60 67
22 27
6 22
19 22
13 22
22 39
22 30
20 22
22 40
22 61
22 37
22 51
22 29
22 23
5 22
22 69
22 42
22 65
22 60
21 60
42 60
23 60
36 60
25 60
7 34
0 34
5 7
7 23
7 32
38 67
62 69
51 62
62 65
36 62
0 62
31 32
32 68
21 32
23 32
32 50
23 68
50 68
42 68
23 36
5 31
31 38
31 50
50 65
42 50
38 50
0 50
0 58
15 58
46 58
58 65
40 46
37 46
15 46
21 46
45 46
46 51
46 61
18 46
37 45
42 45
36 45
29 45
21 45
0 29
5 29
64 65
3 64
21 64
51 64
15 64
40 64
5 64
30 41
41 43
41 69
0 41
15 41
40 41
41 51
21 41
37 43
40 43
36 43
21 43
43 61
43 51
43 69
0 37
37 38
37 42
42 69
5 42
3 48
3 12
3 57
3 19
3 49
3 30
3 38
3 5
38 59
38 65
0 38
36 59
20 30
30 36
17 20
20 65
18 20
5 20
11 63
61 63
11 49
11 52
11 18
11 61
0 11
17 18
15 18
18 36
18 69
0 52
52 69
52 61
17 69
40 69
65 69
0 69
36 69
1 15
1 39
1 36
0 1
1 40
15 39
5 39
21 39
39 40
36 39
17 39
17 36
17 61
5 19
19 36
6 15
6 61
5 15
15 21
15 51
0 12
12 57
12 13
57 65
21 57
49 57
0 57
40 57
33 44
5 33
33 61
27 44
44 65
21 44
44 51
44 49
40 44
0 44
13 44
49 51
13 51
21 51
27 40
27 49
5 27
49 61
13 49
4 61
4 13
4 5
13 65
5 13
13 21
53 61
0 53
0 61
5 61
61 65
5 66
0 66
5 48
10 40
0 10
40 48
40 65
9 48
9 65
9 21
0 9
0 47
21 48
0 26
48 65
0 48
24 65
0 24
0 16
