70 241
25 48
25 42
0 42
48 66
42 66
45 48
33 45
16 33
15 45
15 16
15 48
16 59
45 53
48 52
52 53
0 29
29 52
3 69
0 40
40 52
40 69
14 40
40 59
29 40
25 35
0 35
35 45
35 52
16 35
35 48
38 42
0 23
23 52
16 23
23 48
23 38
23 29
23 35
57 64
4 19
4 46
16 55
48 55
19 55
46 55
55 58
40 55
15 55
31 55
39 62
34 38
34 50
49 59
49 50
6 10
10 33
10 40
10 42
10 57
18 25
16 18
18 69
14 18
18 38
18 50
48 60
1 60
1 48
1 59
1 18
1 58
1 57
1 15
36 49
44 65
23 44
15 44
19 61
46 61
47 61
33 61
11 59
11 29
6 11
11 33
11 41
26 48
26 59
26 64
43 53
26 43
26 47
26 33
11 26
24 38
15 56
24 56
9 19
9 56
3 9
9 57
9 41
18 28
23 28
28 57
28 53
28 61
9 28
9 27
20 35
20 23
20 42
20 32
20 53
5 20
5 34
13 54
8 59
8 46
6 8
8 40
8 49
8 34
8 42
8 54
5 54
27 54
5 44
31 32
12 69
12 14
12 59
12 29
12 58
17 65
17 30
17 55
17 31
17 26
7 17
12 30
12 13
49 51
65 67
23 67
41 67
51 67
26 67
36 68
42 68
2 13
2 24
2 7
2 68
67 68
12 51
51 62
12 53
12 32
9 32
29 56
24 65
24 40
24 55
11 24
24 26
11 61
44 61
21 64
21 50
18 21
3 21
21 49
21 61
21 53
21 44
53 65
27 65
3 27
27 36
27 34
7 36
7 63
1 63
13 37
37 62
1 37
4 37
1 4
18 42
18 47
18 41
13 47
34 47
3 47
10 13
6 35
6 42
6 49
3 49
33 34
34 39
31 62
4 58
4 40
4 57
4 42
19 53
19 46
15 19
19 33
33 46
46 57
35 46
35 57
29 64
3 64
41 64
29 41
23 41
15 41
35 38
35 40
33 35
14 29
14 33
3 14
3 29
3 15
42 69
29 69
48 53
53 59
22 53
15 22
15 59
16 48
33 48
42 45
42 48
0 48
