70 1207
16 66
13 66
13 16
13 32
31 66
13 31
34 66
13 34
16 34
32 34
31 34
66 69
13 69
34 69
41 66
13 41
34 41
16 41
32 41
31 41
41 69
21 66
13 21
21 34
21 41
16 58
32 58
31 58
21 58
58 69
40 66
13 40
34 40
40 41
40 58
39 66
13 39
34 39
39 41
39 58
16 39
32 39
31 39
39 69
21 39
27 66
13 27
27 34
27 41
27 58
27 39
27 32
63 66
13 63
34 63
41 63
58 63
32 63
16 63
31 63
21 63
63 69
27 63
40 63
51 66
13 51
34 51
41 51
51 58
39 51
32 51
51 63
33 66
33 41
33 58
33 39
32 33
16 33
31 33
33 69
21 33
27 33
33 40
1 66
1 13
1 34
1 41
1 58
1 39
1 32
1 63
1 33
6 16
6 31
6 69
6 21
6 40
6 27
6 51
1 6
22 66
13 22
22 34
22 41
22 58
22 39
22 32
22 63
22 33
6 22
22 27
14 41
14 39
14 32
14 33
14 27
14 16
14 31
14 69
14 21
14 40
14 22
14 51
1 14
24 66
13 24
24 34
24 41
24 58
24 39
24 32
24 63
24 33
6 24
24 27
14 24
16 42
31 42
21 42
42 69
40 42
22 42
42 51
1 42
24 42
2 66
2 13
2 34
2 41
2 58
2 39
2 32
2 63
2 33
2 6
2 27
2 14
2 42
16 19
19 31
19 69
19 21
19 40
19 51
1 19
19 22
18 66
13 18
18 34
18 41
18 58
18 39
18 32
18 63
18 33
6 18
18 27
14 18
18 42
18 19
66 67
13 67
34 67
41 67
58 67
39 67
32 67
63 67
33 67
6 67
27 67
14 67
42 67
19 67
16 67
31 67
21 67
67 69
40 67
1 67
51 67
22 67
24 67
2 67
18 67
37 66
37 41
37 39
32 37
37 63
27 37
14 37
37 67
32 50
33 50
27 50
50 67
16 50
31 50
21 50
50 69
40 50
22 50
1 50
50 51
62 66
13 62
34 62
41 62
58 62
39 62
32 62
62 63
33 62
6 62
27 62
14 62
42 62
50 62
13 26
26 41
26 39
26 32
26 63
26 27
14 26
19 26
16 26
26 31
26 69
21 26
26 40
1 26
22 26
26 51
25 26
61 66
13 61
34 61
41 61
58 61
32 61
61 63
6 61
42 61
19 61
16 23
23 31
21 23
23 69
23 40
23 51
22 23
1 23
13 43
34 43
43 58
39 43
32 43
33 43
27 43
43 67
23 43
22 43
27 68
67 68
50 68
61 68
28 66
13 28
28 34
28 41
28 58
28 39
28 32
28 63
28 33
6 28
27 28
14 28
28 42
28 67
28 50
26 28
16 28
28 31
28 69
21 28
28 40
23 35
28 35
35 68
15 66
13 15
15 34
15 41
15 58
15 39
15 32
15 63
15 33
6 15
15 27
14 15
15 42
15 19
15 26
15 22
30 66
13 30
30 34
30 41
30 58
30 39
30 32
30 63
30 33
6 30
30 42
30 67
23 30
22 30
28 30
16 30
30 31
21 30
30 69
30 40
20 66
20 34
20 41
20 32
20 63
20 27
20 42
20 67
20 23
20 61
20 30
15 20
20 37
20 35
56 66
13 56
34 56
41 56
56 58
39 56
32 56
56 63
33 56
27 56
42 56
56 67
26 56
22 56
56 68
7 16
7 31
7 21
7 69
7 40
49 50
22 49
49 68
7 49
43 49
35 49
17 66
13 17
17 34
17 41
17 58
17 39
17 32
17 63
17 33
17 27
14 17
17 50
17 23
17 22
17 30
7 17
17 43
17 25
16 17
17 69
53 66
41 53
39 53
32 53
53 63
27 53
42 53
53 67
50 53
53 61
28 53
30 53
35 53
17 53
4 23
4 22
4 30
4 15
4 37
4 35
4 17
4 16
4 69
0 4
1 4
3 27
3 50
3 23
3 22
3 68
3 30
3 43
3 25
3 4
28 46
30 46
37 46
25 46
4 46
46 56
16 46
12 66
12 34
12 58
12 39
12 32
6 12
12 42
12 67
12 50
12 22
12 68
12 30
12 37
12 35
4 12
12 46
47 66
34 47
41 47
32 47
47 63
6 47
27 47
19 47
47 50
47 61
28 47
15 47
43 47
35 47
47 56
2 47
46 47
16 47
29 32
6 29
14 29
29 42
26 29
29 61
28 29
15 29
29 37
29 35
4 29
2 29
29 47
20 29
21 29
36 68
15 36
36 43
35 36
17 36
36 56
36 46
36 62
21 36
29 36
52 66
13 52
34 52
41 52
39 52
32 52
52 63
33 52
27 52
19 52
23 52
52 61
52 68
7 52
43 52
17 52
52 56
46 52
47 52
20 52
21 52
36 52
24 52
1 52
29 52
12 52
52 69
5 41
5 39
5 32
5 33
5 14
5 19
5 26
5 61
5 28
5 30
5 43
5 25
4 5
2 5
5 47
5 62
5 21
11 66
11 13
11 41
11 32
11 63
6 11
11 27
11 50
11 23
11 22
11 68
7 11
11 37
11 25
11 17
2 11
32 54
6 54
14 54
50 54
26 54
22 54
54 68
30 54
37 54
35 54
17 54
46 54
16 54
51 54
60 66
13 60
34 60
41 60
39 60
32 60
33 60
6 60
42 60
19 60
23 60
60 61
28 60
15 60
43 60
35 60
4 60
2 60
54 60
47 60
21 60
0 60
36 60
31 60
32 65
27 65
14 65
65 67
26 65
61 65
30 65
7 65
43 65
35 65
4 65
56 65
46 65
62 65
20 65
0 65
52 65
65 69
31 65
57 66
13 57
34 57
41 57
57 58
39 57
32 57
57 63
33 57
27 57
14 57
57 67
26 57
22 57
28 57
7 57
35 57
25 57
17 57
56 57
46 57
57 62
20 57
11 57
36 57
31 57
57 65
18 57
10 30
10 15
10 37
10 35
4 10
2 10
10 47
10 62
10 21
10 36
10 69
13 44
34 44
39 44
32 44
44 63
27 44
14 44
44 50
26 44
44 61
30 44
15 44
43 44
35 44
17 44
2 44
44 46
44 62
20 44
11 44
44 69
24 44
48 66
34 48
39 48
32 48
48 63
33 48
14 48
19 48
23 48
22 48
28 48
15 48
43 48
25 48
17 48
48 56
48 54
48 62
20 48
0 48
36 48
44 48
18 48
55 66
13 55
34 55
41 55
55 58
39 55
32 55
27 55
14 55
42 55
26 55
22 55
28 55
7 55
37 55
25 55
4 55
2 55
54 55
55 62
11 55
0 55
36 55
44 55
55 65
18 55
10 55
40 55
9 23
9 61
9 28
9 30
9 43
9 25
9 56
2 9
9 54
9 20
9 21
9 36
9 52
9 44
9 65
9 55
9 24
41 59
39 59
32 59
33 59
27 59
59 67
23 59
59 61
28 59
7 59
43 59
35 59
4 59
56 59
46 59
59 62
11 59
0 59
59 69
31 59
59 65
5 59
10 59
24 59
9 59
14 64
50 64
26 64
61 64
30 64
15 64
43 64
25 64
4 64
56 64
46 64
20 64
11 64
0 64
36 64
64 69
31 64
18 64
5 64
59 64
32 38
33 38
27 38
19 38
38 50
22 38
38 68
15 38
37 38
35 38
38 56
2 38
38 54
38 47
21 38
0 38
38 69
38 44
38 65
38 55
10 38
27 45
45 67
26 45
45 61
45 68
7 45
15 45
25 45
17 45
45 56
45 47
45 62
11 45
36 45
45 69
44 45
31 45
5 45
10 45
38 45
29 45
3 45
8 32
8 67
8 26
8 22
8 28
8 30
8 37
8 25
8 17
2 8
8 46
8 62
8 11
8 36
8 52
8 69
8 31
8 55
8 24
8 45
8 59
1 8
8 53
8 60
8 64
8 40
8 57
8 51
45 49
40 45
45 60
12 45
45 48
38 59
38 40
38 57
38 51
38 64
38 48
38 49
38 60
29 64
9 64
48 64
3 64
40 64
12 64
1 59
16 59
53 59
3 59
9 29
9 57
9 48
9 51
9 12
9 40
3 9
12 55
3 55
51 55
48 55
53 55
10 48
29 48
48 60
16 48
12 48
48 57
1 44
12 44
44 51
5 44
29 44
44 53
10 44
10 31
5 10
1 10
10 51
10 57
10 53
10 49
24 57
53 57
3 57
16 57
49 57
24 65
18 65
12 65
40 65
60 65
49 65
5 60
24 60
1 60
53 60
49 60
3 60
51 60
11 54
54 62
21 54
24 54
1 54
49 54
3 54
54 69
40 54
20 54
53 54
11 47
11 21
11 31
11 12
11 49
11 18
11 24
11 53
11 16
5 11
5 52
5 31
5 18
5 29
5 16
5 49
3 5
5 40
31 52
40 52
3 52
51 52
18 52
18 36
36 49
36 53
16 36
18 29
24 29
1 29
12 29
16 29
29 51
3 29
12 47
31 47
20 47
47 69
3 47
40 47
1 47
21 47
12 62
0 12
12 24
1 12
12 40
12 49
12 51
3 46
46 62
24 46
46 69
18 46
0 46
3 20
0 3
3 69
3 18
3 16
3 51
2 4
4 62
4 31
4 53
53 56
53 62
21 53
18 53
24 53
1 53
49 53
16 53
40 53
17 31
17 56
17 18
17 21
17 49
17 51
17 40
49 56
20 49
0 49
49 69
1 49
16 49
40 49
7 37
1 7
2 7
7 15
7 56
7 18
37 56
16 56
20 56
24 56
40 56
18 56
2 56
2 20
16 20
18 20
0 20
20 21
20 40
20 51
15 30
30 51
0 30
15 16
15 31
15 69
15 21
15 43
15 24
15 62
15 25
15 35
1 15
35 43
16 35
31 35
21 35
24 35
35 62
28 62
0 28
28 68
28 51
2 28
16 68
31 68
21 68
68 69
40 68
1 68
37 68
25 68
62 68
24 68
43 68
18 68
37 43
16 43
31 43
18 43
43 69
0 43
43 51
2 23
23 61
23 24
16 61
31 61
21 61
61 69
40 61
51 61
22 61
1 61
24 61
37 61
25 61
25 37
16 25
25 31
2 25
25 40
18 25
21 25
0 25
1 25
25 51
26 62
18 26
0 26
2 26
37 62
16 62
31 62
24 62
51 62
24 50
18 50
2 50
37 50
16 37
31 37
37 69
21 37
37 40
24 37
2 37
18 22
18 69
18 51
18 24
1 18
19 24
2 19
0 19
2 16
2 51
0 2
2 21
1 2
2 31
21 24
16 24
24 51
16 22
22 31
22 69
21 22
22 40
22 51
1 22
0 22
1 27
1 21
0 1
1 31
1 16
1 40
33 51
27 51
0 51
16 51
16 27
27 31
21 27
27 69
27 40
39 40
32 40
0 40
31 40
21 32
16 21
21 69
0 21
32 69
0 69
31 69
16 69
31 32
0 31
16 31
16 32
32 66
0 32
