70 724
46 47
12 47
31 46
12 31
29 46
12 29
29 47
29 31
46 59
12 59
29 59
7 46
7 12
7 29
7 47
7 31
7 59
46 66
12 66
29 66
7 66
36 46
12 36
29 36
7 36
36 47
31 36
36 59
36 66
46 48
12 48
29 48
7 48
36 48
47 67
31 67
59 67
66 67
48 67
40 46
12 40
29 40
7 40
36 40
40 67
6 47
6 31
6 59
6 48
6 66
46 49
12 49
29 49
7 49
36 49
49 67
6 49
48 49
29 64
7 64
36 64
6 64
48 64
47 64
31 64
59 64
64 66
0 64
7 32
32 36
32 64
17 47
17 31
17 59
17 66
17 32
12 65
29 65
7 65
36 65
65 67
6 65
48 65
17 65
18 47
18 31
18 59
18 65
12 68
29 68
7 68
67 68
48 68
64 68
18 68
49 68
38 47
11 18
26 47
26 31
9 29
9 36
6 9
9 17
21 29
21 36
21 48
37 47
31 37
37 59
37 66
29 41
7 41
36 41
6 41
41 64
37 41
21 41
26 41
41 59
38 51
47 51
2 38
2 51
29 35
7 35
35 36
6 35
35 64
17 35
3 48
3 64
3 21
3 47
3 31
3 59
3 35
12 45
29 45
7 45
36 45
45 67
6 45
45 64
17 45
3 45
26 45
45 59
3 50
3 43
43 47
31 43
14 29
14 36
14 64
14 37
14 49
14 43
14 59
14 51
14 35
24 45
24 66
24 32
11 24
19 38
19 50
19 35
19 24
12 69
29 69
7 69
36 69
67 69
6 69
48 69
17 69
3 69
49 69
59 69
51 69
31 69
16 38
16 50
21 30
30 43
44 46
12 44
29 44
7 44
36 44
6 44
44 48
37 44
21 44
43 44
44 47
31 44
9 44
44 53
4 64
4 21
3 4
4 26
4 59
4 5
4 30
4 16
4 45
33 64
33 37
3 33
33 43
33 44
5 33
30 33
0 33
33 45
27 31
39 40
9 39
27 39
8 12
8 29
7 8
8 36
6 8
8 17
3 8
8 49
8 38
5 8
8 31
8 39
8 69
8 27
8 14
29 63
36 63
48 63
21 63
49 63
26 63
38 63
51 63
35 63
16 63
63 69
45 63
33 63
2 63
14 63
56 69
1 29
1 36
1 48
1 21
1 18
1 43
1 59
1 5
1 35
1 24
1 45
25 29
25 67
25 64
17 25
3 25
25 49
25 38
25 50
25 35
16 25
25 39
1 25
25 63
12 34
29 34
7 34
34 36
34 67
6 34
34 48
17 34
34 49
34 43
34 38
34 50
30 34
16 34
29 42
6 42
42 48
37 42
3 42
42 43
42 59
42 51
31 42
16 42
2 42
15 29
7 15
15 48
15 64
15 49
15 43
15 59
15 51
15 35
15 24
15 42
15 45
14 15
15 34
15 56
10 38
5 10
10 35
10 24
10 42
1 10
10 65
9 10
10 68
49 62
26 62
38 62
51 62
31 62
16 62
39 62
1 62
62 65
9 62
62 68
10 62
15 62
62 66
52 59
5 52
30 52
0 52
39 52
45 52
52 65
47 52
32 52
8 52
30 58
0 58
39 58
1 58
14 58
9 58
32 58
8 58
15 58
11 58
13 29
7 13
13 48
13 21
13 49
13 43
13 38
13 51
13 30
0 13
13 69
1 13
13 65
9 13
13 32
13 41
13 58
13 66
4 13
29 57
7 57
36 57
57 67
57 64
17 57
3 57
43 57
44 57
50 57
30 57
0 57
39 57
33 57
57 63
34 57
56 57
8 57
57 58
29 61
7 61
36 61
61 67
48 61
17 61
18 61
26 61
44 61
5 61
31 61
24 61
42 61
33 61
61 63
47 61
32 61
23 44
23 35
23 30
16 23
23 42
23 27
23 60
23 47
23 32
23 41
28 48
28 37
21 28
26 28
28 59
28 51
28 30
16 28
28 42
1 28
28 65
28 60
28 34
23 28
15 28
3 55
49 55
55 59
5 55
35 55
16 55
55 69
27 55
55 60
47 55
55 68
8 55
23 55
3 54
49 54
44 54
50 54
35 54
16 54
42 54
45 54
54 65
54 60
54 68
10 54
54 55
54 61
4 54
11 54
54 62
53 54
25 55
55 66
20 29
7 20
20 36
6 20
20 48
20 21
18 20
20 26
20 44
5 20
20 35
0 20
20 69
20 45
20 63
20 47
20 32
8 20
20 55
20 40
3 22
22 26
22 44
22 51
22 31
0 22
22 42
1 22
22 65
22 60
22 56
8 22
22 23
22 61
2 22
20 22
22 57
22 28
20 52
19 20
2 20
28 55
11 28
28 62
28 53
23 61
2 23
19 23
15 61
57 61
11 61
4 61
2 57
53 57
13 57
13 19
2 13
53 58
52 58
40 52
4 52
52 62
19 52
11 62
10 41
10 11
10 25
4 10
10 15
15 40
4 15
42 68
42 66
11 42
34 42
33 34
14 34
34 47
32 34
4 34
25 34
34 68
19 34
25 56
25 40
25 66
19 25
11 25
25 53
1 27
1 19
1 9
1 56
56 63
9 56
11 56
40 56
2 56
53 56
47 63
60 63
32 60
8 60
11 60
9 60
8 68
8 53
39 53
27 45
27 65
27 33
14 27
27 32
11 27
27 53
27 47
4 33
33 41
2 33
33 66
33 68
9 33
4 14
4 68
4 66
5 53
31 53
0 53
14 53
47 53
40 53
44 66
40 44
32 44
44 59
30 44
30 50
30 68
11 30
30 40
30 31
16 30
16 45
16 69
2 16
65 69
19 69
9 69
14 69
32 69
40 69
14 19
9 19
19 41
19 40
14 24
14 66
14 68
0 43
32 43
43 66
35 43
43 50
38 50
32 50
47 50
45 50
0 50
35 50
40 50
50 66
50 68
45 47
41 45
40 45
35 59
31 35
2 35
35 41
2 47
2 41
2 66
11 51
51 65
9 51
41 51
0 41
41 65
9 41
32 41
41 66
40 41
21 37
0 37
21 47
21 31
21 59
21 49
21 66
9 21
21 40
21 32
9 26
9 31
9 40
26 65
26 59
11 26
26 40
11 38
11 65
38 65
38 68
0 68
32 68
66 68
18 49
31 65
0 65
40 65
17 40
31 32
49 64
40 64
47 49
31 49
0 49
49 59
49 66
6 40
0 6
40 48
0 67
47 48
31 48
48 59
48 66
0 48
0 36
0 66
47 66
0 7
47 59
31 59
0 59
0 29
31 47
0 31
0 12
0 47
0 46
