70 1207
46 68
25 46
61 68
46 60
60 61
7 46
7 68
7 60
7 25
19 46
19 61
7 19
32 68
25 32
32 60
16 46
16 61
7 16
16 32
50 68
50 60
25 50
23 46
23 61
7 23
23 32
23 50
7 30
30 68
30 60
25 30
16 30
23 30
19 30
33 46
33 61
7 33
32 33
33 50
30 33
33 60
21 68
21 25
16 21
19 21
21 23
21 33
46 56
56 61
7 56
32 56
50 56
30 56
56 60
21 56
18 68
18 25
18 23
18 19
16 18
18 33
18 56
46 53
53 61
7 53
32 53
50 53
30 53
53 60
21 53
18 53
57 68
25 57
19 57
16 57
23 57
56 57
33 57
1 46
1 61
1 7
1 32
1 50
1 30
1 60
1 21
1 18
1 57
14 46
14 61
7 14
14 32
14 50
14 30
14 60
14 21
14 18
14 57
14 68
14 25
14 19
14 23
14 16
14 56
14 33
1 14
4 46
4 61
4 7
4 32
4 50
4 30
4 60
4 21
4 18
4 57
4 14
46 52
52 61
50 52
30 52
52 60
18 52
52 68
25 52
16 52
23 52
19 52
52 56
33 52
52 53
39 46
39 61
7 39
32 39
39 50
30 39
39 60
21 39
18 39
39 57
14 39
39 52
61 65
7 65
50 65
30 65
60 65
18 65
52 65
65 68
25 65
19 65
23 65
16 65
33 65
56 65
53 65
15 46
15 61
7 15
15 32
15 50
15 30
15 60
15 21
15 18
15 57
14 15
15 52
15 65
6 46
6 61
6 7
6 32
6 50
6 30
6 60
6 21
6 18
6 57
6 14
6 68
6 25
6 19
6 23
6 16
6 33
6 56
7 34
34 60
21 34
18 34
14 34
6 34
5 68
5 25
5 19
5 16
5 23
5 56
5 33
17 46
7 17
17 50
17 30
17 60
17 57
17 52
6 17
5 17
61 64
7 64
50 64
30 64
60 64
57 64
14 64
64 65
6 64
62 68
25 62
19 62
16 62
23 62
56 62
33 62
24 61
7 24
24 30
24 60
21 24
24 57
14 24
6 24
24 62
23 24
17 24
38 60
38 57
14 38
6 38
5 38
23 38
38 64
38 68
25 38
19 38
16 38
8 46
8 61
7 8
8 32
8 30
8 60
8 21
8 18
8 14
6 8
5 8
8 23
8 38
8 68
8 25
8 16
8 19
51 60
51 65
51 62
23 51
17 51
8 51
15 51
51 56
29 46
29 61
7 29
29 32
29 50
29 30
29 60
21 29
18 29
14 29
29 52
6 29
29 62
23 29
29 64
29 38
6 69
64 69
38 69
8 69
68 69
25 69
19 69
16 69
24 69
26 46
7 26
26 50
26 30
26 60
26 57
26 52
6 26
5 26
23 26
17 26
26 38
26 69
36 69
36 68
25 36
36 39
10 60
10 21
10 52
6 10
10 62
10 23
10 17
10 38
10 36
10 56
0 10
10 34
3 46
3 61
3 7
3 30
3 60
3 14
3 52
3 65
3 5
3 23
3 17
3 38
3 15
3 56
3 29
3 25
3 68
7 11
11 60
11 21
11 14
11 52
11 65
11 62
11 23
11 17
11 38
11 15
11 56
11 29
11 34
3 11
41 46
41 61
7 41
30 41
41 60
18 41
14 41
41 65
6 41
23 41
17 41
8 41
41 69
41 56
0 41
25 41
3 41
41 68
24 41
22 46
22 61
7 22
22 32
22 50
22 30
22 60
21 22
18 22
14 22
22 52
22 65
22 62
22 23
22 64
22 38
22 69
22 56
0 22
22 34
3 22
22 41
12 69
12 36
12 29
12 25
12 26
12 41
12 68
37 46
37 61
37 50
30 37
37 60
21 37
37 52
6 37
5 37
37 62
37 64
37 38
37 69
36 37
0 37
25 37
3 37
9 46
9 61
7 9
9 32
9 50
9 30
9 60
9 21
9 18
9 14
9 52
6 9
5 9
9 23
9 64
8 9
9 15
9 56
9 25
9 34
9 26
9 41
9 68
55 60
21 55
14 55
55 65
6 55
23 55
17 55
8 55
55 69
55 56
0 55
34 55
26 55
9 55
35 60
18 35
14 35
6 35
5 35
35 62
35 64
35 38
35 69
35 56
0 35
25 35
26 35
35 41
35 68
43 46
7 43
43 50
43 60
21 43
18 43
43 52
43 65
5 43
43 64
38 43
8 43
43 69
43 56
29 43
25 43
3 43
35 43
12 43
32 42
42 60
21 42
42 57
42 52
42 65
42 62
23 42
17 42
8 42
15 42
42 56
29 42
34 42
26 42
9 42
35 42
19 42
42 68
5 59
59 62
17 59
38 59
59 69
56 59
29 59
25 59
26 59
41 59
35 59
42 59
17 28
8 28
28 69
28 36
28 29
25 28
3 28
28 41
12 28
28 42
15 20
20 36
20 25
20 34
3 20
20 41
12 20
20 28
20 59
12 67
19 67
59 67
2 46
2 61
2 7
2 32
2 50
2 60
2 21
2 14
2 52
2 65
2 62
2 23
2 17
2 8
2 69
2 36
2 29
2 34
2 26
2 9
2 35
2 19
2 67
31 52
31 65
31 62
23 31
31 64
8 31
15 31
0 31
29 31
25 31
3 31
31 41
31 35
19 31
31 59
13 50
13 30
13 60
13 18
13 52
13 65
5 13
13 23
13 64
13 38
13 69
13 36
0 13
13 34
13 26
9 13
12 13
13 19
13 28
13 31
13 16
4 13
13 20
13 68
13 53
48 64
38 48
15 48
36 48
29 48
25 48
26 48
9 48
12 48
19 48
28 48
31 48
16 48
4 48
13 48
29 66
26 66
3 66
41 66
35 66
42 66
66 67
31 66
16 66
51 66
13 66
1 66
10 66
40 50
40 60
21 40
40 57
14 40
40 65
5 40
40 62
40 64
38 40
15 40
40 56
29 40
25 40
3 40
9 40
12 40
19 40
28 40
40 67
16 40
4 40
5 47
23 47
17 47
38 47
47 69
36 47
0 47
34 47
3 47
41 47
35 47
42 47
47 59
47 67
47 55
47 51
47 68
46 49
49 61
7 49
32 49
49 50
30 49
49 60
49 57
14 49
49 52
6 49
49 62
17 49
38 49
15 49
49 56
0 49
34 49
3 49
41 49
12 49
19 49
28 49
49 67
16 49
49 51
47 49
10 49
39 49
24 49
43 49
33 49
49 53
46 58
58 61
7 58
32 58
50 58
30 58
58 60
21 58
18 58
14 58
52 58
58 65
6 58
23 58
17 58
8 58
58 69
36 58
0 58
25 58
3 58
9 58
35 58
42 58
28 58
58 67
55 58
4 58
13 58
58 66
39 58
40 58
43 58
48 58
53 58
2 58
27 60
27 57
27 52
27 65
27 62
23 27
27 64
8 27
27 69
27 36
0 27
27 34
26 27
27 41
27 35
19 27
27 28
27 31
27 55
27 51
27 47
10 27
27 39
27 40
24 27
27 48
20 27
27 58
1 27
44 69
44 56
29 44
25 44
26 44
9 44
12 44
42 44
44 67
31 44
44 55
4 44
13 44
44 66
22 44
40 44
24 44
44 48
20 44
11 44
27 44
44 68
44 49
46 54
54 61
7 54
32 54
50 54
30 54
54 60
54 57
14 54
54 65
5 54
54 64
17 54
8 54
15 54
54 56
29 54
25 54
26 54
9 54
12 54
42 54
28 54
31 54
51 54
4 54
13 54
10 54
40 54
45 46
7 45
45 50
30 45
45 60
21 45
14 45
45 65
45 62
23 45
45 64
8 45
15 45
45 56
0 45
34 45
26 45
41 45
35 45
19 45
28 45
31 45
45 55
4 45
45 47
45 66
22 45
2 45
45 48
20 45
45 54
24 45
37 45
1 45
45 68
11 45
43 54
33 54
20 54
11 54
37 54
2 54
1 54
44 54
2 27
27 68
49 58
1 58
5 63
62 63
17 63
8 63
15 63
36 63
29 63
34 63
26 63
9 63
35 63
42 63
59 63
63 67
16 63
4 63
13 63
63 66
22 63
40 63
43 63
53 63
20 63
58 63
37 63
2 63
1 63
49 63
37 49
49 68
39 47
33 47
43 47
40 47
37 47
10 47
24 47
20 47
40 66
39 40
2 40
11 40
33 40
40 53
53 66
22 66
48 66
43 66
22 48
24 48
33 48
11 48
20 48
37 48
13 22
2 13
11 13
31 53
22 31
2 31
31 39
4 31
31 33
16 31
31 37
2 55
2 51
2 10
2 43
2 33
2 11
1 2
55 67
10 67
67 68
51 67
24 67
20 67
1 67
16 20
10 20
20 22
20 24
20 53
20 68
28 68
1 28
28 33
28 59
28 55
28 37
24 28
16 59
59 68
39 59
22 59
43 59
4 59
53 59
10 59
11 59
51 59
42 55
42 43
1 42
4 42
22 42
37 42
42 53
43 55
16 43
43 51
22 43
24 43
33 43
1 43
43 53
33 35
35 55
35 39
10 35
24 35
11 35
11 55
22 55
10 55
24 55
55 68
16 55
37 55
9 16
4 9
9 53
9 39
9 51
9 37
9 10
12 37
4 37
10 37
22 37
24 37
37 53
11 37
37 68
12 16
4 12
12 22
12 51
1 12
12 53
22 51
22 24
22 33
22 39
11 41
33 41
1 41
19 41
11 19
11 16
4 11
10 11
11 33
11 53
11 68
3 19
3 33
3 10
3 4
3 51
3 16
10 19
10 51
1 10
10 68
10 39
36 56
33 36
29 36
1 36
34 36
4 36
19 36
26 36
0 26
26 34
26 68
24 26
26 53
1 26
26 39
15 69
29 69
29 68
25 29
29 53
29 39
29 34
29 33
29 51
34 51
19 51
16 51
33 51
39 51
1 51
51 53
8 33
8 15
8 34
8 53
1 8
4 8
33 38
24 38
38 39
38 56
24 56
0 24
24 25
19 24
4 24
24 39
24 68
53 62
4 62
62 64
34 62
64 68
25 64
19 64
16 64
53 64
33 64
56 64
17 64
15 64
34 64
1 64
17 68
17 25
17 19
16 17
4 17
17 39
17 53
15 17
17 56
5 39
1 5
5 34
5 15
15 34
25 34
34 68
1 34
34 39
16 34
6 15
1 6
6 39
4 6
6 53
15 68
15 25
1 15
15 19
15 56
4 15
15 53
15 33
15 16
39 65
4 65
1 65
23 39
39 56
19 39
4 39
33 39
39 68
1 39
39 53
4 52
1 52
4 23
0 4
4 25
4 16
4 33
14 53
1 23
0 1
1 16
1 33
1 53
53 57
0 53
25 53
16 53
23 56
56 68
25 56
16 56
23 33
25 33
19 33
33 68
23 60
23 68
23 25
19 23
16 23
19 50
16 50
16 60
0 16
16 19
19 32
19 60
0 19
19 25
19 68
60 68
25 60
25 61
0 25
25 68
0 68
