70 241
3 10
3 60
3 53
35 53
52 53
52 69
35 69
3 69
59 69
36 42
4 10
4 53
6 33
4 33
3 48
29 48
17 60
17 53
17 48
4 17
17 33
17 59
12 41
1 29
1 12
9 36
4 9
9 33
9 35
26 31
4 31
26 45
33 45
45 50
36 67
4 67
18 67
15 67
15 59
15 41
53 61
25 61
61 67
35 61
31 61
15 61
33 38
35 49
42 49
38 49
3 62
16 62
16 21
31 68
54 68
17 54
4 8
8 25
8 67
8 35
8 41
8 17
11 47
11 29
47 49
10 27
27 53
27 48
4 27
21 27
27 59
5 27
2 33
2 35
2 52
51 52
39 51
5 65
39 65
45 65
9 65
28 41
15 28
28 65
28 47
28 54
28 29
16 65
16 39
38 39
14 67
14 59
14 68
14 39
14 34
14 45
14 29
40 41
2 40
14 40
40 63
9 63
12 23
9 23
23 34
23 63
12 55
0 55
55 63
55 58
7 56
7 58
0 40
40 56
50 64
21 64
51 64
39 64
32 64
22 57
22 42
19 31
19 22
8 19
19 27
19 56
42 66
47 66
24 51
15 24
24 66
24 47
16 24
21 44
37 56
37 44
37 52
0 37
44 52
8 44
32 44
0 44
44 54
24 44
20 66
19 20
16 20
20 61
3 22
17 57
42 57
29 57
57 64
54 57
61 64
30 64
45 51
30 51
2 30
30 45
29 30
27 30
2 27
2 18
2 45
12 27
18 27
3 5
5 47
8 47
3 47
8 54
56 68
18 68
16 68
9 16
42 62
0 62
56 62
34 62
34 49
34 52
17 34
13 42
43 52
15 43
42 43
13 43
38 43
34 43
13 18
13 34
49 59
31 38
32 38
0 38
38 56
32 61
3 46
46 61
0 15
59 67
21 67
35 67
0 21
21 29
21 45
3 45
50 52
31 50
31 59
9 31
29 31
1 9
1 56
12 18
17 41
17 42
35 48
48 52
29 33
3 33
33 52
4 6
4 42
4 18
36 56
25 56
25 59
25 35
0 25
52 59
18 53
3 35
3 18
10 35
35 60
18 35
18 60
18 26
0 26
