70 483
32 61
21 32
21 68
61 68
12 32
12 68
12 61
12 21
32 60
60 68
12 60
61 66
21 66
60 66
32 52
12 52
52 66
48 61
21 48
48 60
48 52
32 37
12 37
37 48
12 18
18 21
18 61
18 60
4 32
4 68
4 12
4 66
4 48
4 18
32 49
12 49
48 49
21 49
49 61
49 60
2 32
2 12
21 38
38 61
38 60
32 67
67 68
12 67
66 67
38 67
18 67
27 67
28 61
21 28
1 32
1 68
1 12
1 66
1 48
1 18
32 42
18 42
42 49
21 42
42 61
42 56
32 33
18 33
33 52
7 33
9 65
24 32
24 68
12 24
24 66
24 48
24 49
24 52
24 28
42 62
7 62
9 62
32 50
50 68
12 50
50 66
48 50
18 50
27 50
42 50
50 62
24 50
27 31
31 42
20 32
12 20
20 48
20 49
20 52
20 28
20 44
32 34
12 34
34 48
18 34
27 34
34 42
34 62
8 12
8 18
8 49
8 42
8 34
6 56
36 52
21 23
23 61
23 36
14 32
14 68
12 14
14 66
14 48
14 18
14 52
14 23
14 62
15 34
5 44
5 15
4 5
32 59
12 59
48 59
49 59
52 59
42 59
59 62
15 59
4 59
33 59
58 60
58 59
5 58
19 31
49 51
28 51
51 62
6 51
20 51
51 61
14 51
12 25
18 25
25 27
7 25
25 44
15 25
4 25
25 51
16 20
16 51
44 46
3 52
3 23
3 62
3 15
3 4
3 37
3 46
3 67
3 61
32 69
49 69
27 69
23 69
7 69
3 69
4 69
61 69
14 69
1 69
30 52
23 30
30 34
15 30
30 60
30 59
14 30
30 69
31 35
35 60
35 46
13 24
13 59
13 16
13 19
13 37
44 57
3 57
24 57
57 59
14 57
13 57
35 57
16 26
19 26
26 35
2 26
26 67
32 39
18 39
39 52
7 39
34 39
15 39
4 39
39 51
16 39
33 39
26 39
21 39
39 50
39 67
39 58
24 63
61 63
14 63
63 69
22 52
22 23
7 22
6 22
4 22
22 60
22 46
19 22
22 54
8 54
47 49
28 47
44 47
15 47
20 47
41 46
41 47
41 56
27 29
29 42
29 62
6 29
29 60
29 41
29 46
19 29
25 29
8 29
29 47
29 56
29 53
53 57
53 63
53 56
10 32
10 12
10 27
10 28
10 62
6 10
10 31
10 61
0 10
10 19
10 22
8 10
10 29
10 36
4 17
17 51
17 46
13 17
17 22
1 17
2 17
17 54
10 17
9 40
3 40
4 40
40 61
0 40
13 40
25 40
21 40
31 45
45 61
5 45
33 45
37 45
45 65
49 55
23 55
34 55
3 55
55 60
55 61
5 55
33 55
22 55
1 55
45 55
50 55
9 11
6 11
11 31
11 51
0 11
11 19
11 37
11 21
11 45
11 57
11 55
35 64
8 64
2 64
57 64
11 64
30 64
40 55
45 47
40 45
40 54
17 40
10 58
14 47
33 47
37 47
1 47
30 47
47 54
54 67
22 58
22 63
1 63
39 63
63 67
56 63
26 57
26 50
2 57
13 35
13 33
35 36
35 56
30 35
8 30
30 67
30 58
25 69
50 69
36 69
2 69
2 3
20 46
1 46
21 46
46 56
16 46
2 16
16 65
16 36
16 25
25 37
25 50
1 25
25 65
19 51
36 51
0 19
19 58
58 65
36 58
5 59
37 59
8 59
59 67
0 5
5 21
5 67
5 50
5 8
15 31
15 60
14 15
0 15
14 24
14 37
14 33
0 14
0 23
36 62
6 36
31 36
36 65
2 36
36 50
6 8
6 33
6 21
8 20
0 8
8 37
0 34
34 67
21 34
1 34
20 34
24 34
20 37
20 60
20 61
4 20
20 31
44 56
37 44
1 44
31 44
31 50
31 33
2 31
50 60
50 56
24 62
2 62
24 65
24 67
0 24
21 24
1 24
4 65
61 65
43 65
43 67
21 65
65 67
4 9
9 61
9 60
9 33
33 56
21 33
7 61
7 21
7 56
4 7
56 60
1 56
1 42
37 42
2 42
1 28
0 1
28 60
28 67
2 38
38 52
2 49
2 52
2 60
2 21
49 52
4 49
18 37
27 37
21 37
21 52
52 61
52 60
21 27
27 61
0 61
0 27
