70 724
25 54
30 54
25 56
30 56
25 57
30 57
54 57
56 57
2 25
2 30
2 57
53 54
53 56
2 53
25 61
30 61
57 61
53 61
9 54
9 56
25 28
28 30
28 57
28 53
9 28
3 57
3 53
3 9
3 54
3 56
3 28
3 61
2 3
20 25
20 30
20 57
20 53
9 20
3 20
36 57
36 54
36 56
28 36
36 61
2 36
20 36
22 25
22 30
22 57
22 53
9 22
3 22
22 36
19 54
19 56
19 28
2 19
19 61
19 20
25 47
30 47
47 57
47 53
9 47
3 47
36 47
19 47
54 60
56 60
60 61
2 60
4 60
4 20
28 67
14 54
14 56
14 61
2 14
14 63
0 63
63 67
28 49
0 49
49 67
49 54
47 49
49 56
5 28
5 20
0 5
5 49
27 61
32 67
32 49
27 32
2 32
24 63
9 31
31 36
54 68
56 68
28 68
2 68
61 68
20 68
11 57
9 11
3 11
11 19
11 68
11 20
0 11
11 49
2 11
11 31
5 11
11 24
28 59
0 59
18 25
18 30
18 57
18 53
9 18
3 18
18 36
18 19
18 28
14 18
18 54
18 56
39 57
9 39
3 39
19 39
39 68
0 39
18 39
54 66
15 25
15 30
15 57
15 53
9 15
3 15
15 36
15 19
15 60
14 15
15 67
15 66
15 63
18 51
29 57
19 29
28 29
20 29
29 67
29 54
29 31
17 57
9 17
3 17
17 19
17 28
14 17
0 17
17 29
2 17
17 51
12 60
12 14
12 18
12 29
2 12
12 51
16 57
9 16
3 16
16 36
16 28
16 20
0 16
16 66
16 63
16 51
12 16
10 67
10 66
10 27
10 51
10 24
28 35
20 35
0 35
29 35
27 35
35 51
5 35
57 65
53 65
3 65
19 65
60 65
20 65
18 65
65 66
63 65
31 65
12 65
35 65
59 65
39 65
14 46
20 46
0 46
46 49
46 63
31 46
46 61
10 46
46 59
22 46
11 46
46 54
8 59
8 39
8 46
0 37
29 37
37 63
5 37
24 37
37 48
44 61
35 44
44 59
57 64
36 64
28 64
14 64
64 67
29 64
27 64
5 64
61 64
10 64
44 64
38 57
36 38
28 38
20 38
38 67
38 49
29 38
31 38
38 61
35 38
38 48
38 64
30 62
57 62
53 62
9 62
3 62
36 62
28 62
14 62
18 62
29 62
27 62
5 62
12 62
10 62
29 69
31 69
5 69
35 69
59 69
13 18
13 49
2 13
13 31
5 13
10 13
13 69
13 38
52 68
20 52
52 67
49 52
52 63
5 52
12 52
10 52
52 69
22 52
39 52
32 52
18 43
43 49
2 43
5 43
12 43
35 43
43 69
38 43
43 52
50 57
9 50
3 50
19 50
50 68
20 50
50 67
50 66
2 50
50 51
12 50
24 50
44 50
22 50
39 50
9 23
23 36
23 28
20 23
18 23
23 49
23 29
23 51
23 61
23 24
23 69
22 23
17 21
45 57
36 45
45 60
20 45
45 67
45 49
45 63
31 45
45 61
35 45
44 45
22 45
21 45
45 58
43 45
7 25
7 30
7 57
7 53
7 9
3 7
7 36
7 19
7 28
0 7
7 18
7 29
2 7
7 31
5 7
7 35
7 44
7 38
7 46
7 43
25 55
55 57
53 55
9 55
3 55
36 55
28 55
14 55
18 55
29 55
2 55
5 55
12 55
10 55
48 55
22 55
46 55
23 55
32 55
13 55
55 64
7 55
54 55
42 68
0 42
18 42
42 49
2 42
42 51
5 42
35 42
42 69
22 42
42 52
42 50
42 55
42 54
40 61
24 40
40 69
38 40
40 52
23 40
26 59
22 26
26 39
26 50
26 43
16 26
1 57
1 36
1 60
1 20
1 67
1 29
1 63
1 51
1 61
1 24
1 59
1 44
1 46
1 58
1 26
1 54
1 62
1 40
1 8
1 4
1 56
1 47
26 40
26 56
33 57
3 33
28 33
14 33
18 33
33 66
33 63
33 51
12 33
10 33
33 44
33 39
33 52
33 43
26 33
7 33
41 48
38 41
41 46
41 58
41 43
41 54
16 41
33 41
13 41
41 64
8 41
37 41
33 65
17 33
4 33
32 33
2 34
31 34
34 61
10 34
34 69
34 44
34 46
23 34
15 34
34 54
33 34
34 42
6 67
6 66
6 27
6 31
6 24
6 10
6 48
6 44
6 39
6 23
6 15
6 62
6 40
6 64
6 32
6 45
6 13
6 34
11 34
16 34
34 47
26 65
8 26
40 62
11 40
40 47
40 42
40 45
17 42
13 42
37 42
16 42
55 62
17 55
7 56
7 16
7 45
7 13
7 64
4 7
17 45
4 45
32 45
45 65
21 64
21 58
21 37
21 23
23 50
23 56
23 54
17 23
23 32
11 50
13 50
43 50
50 65
50 62
47 50
11 43
37 43
15 43
15 52
47 52
4 52
13 52
11 13
13 16
13 56
56 69
16 69
32 69
62 69
38 62
39 62
15 62
11 62
37 62
56 62
37 38
38 58
38 54
16 38
58 64
11 64
47 64
32 64
56 64
37 44
44 47
15 44
37 58
11 37
16 37
37 56
37 65
32 48
17 48
39 48
48 59
48 58
15 48
4 48
16 58
4 58
8 58
15 58
8 15
8 17
8 47
4 8
8 32
46 56
46 65
54 65
17 65
4 65
16 65
35 56
35 39
10 35
35 59
35 54
4 10
10 15
10 16
16 39
12 56
12 17
12 61
4 12
12 39
12 47
17 24
17 22
15 17
4 17
29 56
29 51
29 47
51 63
31 51
22 51
15 51
5 51
51 56
15 24
15 47
4 15
59 66
39 66
2 66
4 66
27 39
2 39
4 39
11 39
18 31
18 61
18 59
18 22
2 59
31 59
59 61
11 59
47 59
54 59
22 59
11 47
31 68
20 31
27 31
4 31
31 54
24 31
24 61
24 32
24 47
22 24
22 32
32 54
32 56
5 27
5 47
5 61
22 49
49 61
49 63
54 63
2 63
47 63
22 63
4 63
14 47
14 22
14 67
0 14
0 67
54 67
56 67
2 67
4 67
47 60
20 60
47 54
19 22
0 19
22 28
22 61
22 56
0 36
20 28
20 54
20 56
2 20
20 61
0 3
28 54
28 56
2 28
28 61
0 28
2 9
9 61
0 9
0 61
54 61
0 53
0 2
2 56
2 54
0 57
0 56
0 30
0 54
0 25
