70 1207
1 60
1 8
8 60
1 32
8 32
1 56
8 56
56 60
32 56
1 18
8 18
18 56
1 57
8 57
56 57
57 60
32 57
18 57
1 53
8 53
53 56
53 57
60 61
32 61
18 61
53 61
1 51
8 51
51 56
51 57
51 61
1 31
8 31
31 56
31 57
31 61
31 60
31 32
18 31
1 68
8 68
56 68
57 68
61 68
31 68
48 60
32 48
18 48
48 68
48 53
48 51
1 69
8 69
56 69
57 69
61 69
31 69
48 69
1 17
8 17
17 56
17 57
17 61
17 48
17 60
17 32
17 18
17 53
17 68
17 51
17 69
1 55
8 55
55 56
55 57
55 61
31 55
48 55
17 55
1 9
8 9
9 57
9 31
9 60
9 32
9 18
9 69
9 51
9 53
9 68
9 55
1 44
8 44
44 56
44 57
44 61
31 44
44 48
17 44
9 44
42 60
32 42
18 42
42 68
42 53
42 69
42 51
42 44
42 55
1 11
8 11
11 56
11 57
11 61
11 31
11 48
11 17
9 11
11 42
40 60
32 40
18 40
40 53
40 69
40 51
40 68
40 55
40 44
1 49
8 49
49 56
49 57
49 61
31 49
48 49
17 49
9 49
42 49
40 49
1 59
17 59
42 59
59 60
32 59
18 59
59 69
53 59
51 59
59 68
55 59
44 59
1 14
8 14
14 56
14 57
14 61
14 31
14 48
14 17
9 14
14 42
14 40
14 59
41 60
32 41
18 41
41 51
41 68
41 53
41 69
41 55
41 44
11 41
41 49
14 41
1 52
8 52
52 56
52 57
52 61
31 52
48 52
17 52
9 52
41 52
52 55
34 60
32 34
18 34
34 51
34 53
34 68
34 69
34 44
1 43
8 43
43 57
31 43
9 43
43 59
34 43
18 43
5 60
5 32
5 68
5 53
5 51
5 69
5 44
5 43
1 26
8 26
26 56
26 57
26 61
26 31
26 48
17 26
26 42
26 59
26 41
26 34
5 26
26 49
1 25
8 25
25 56
25 57
25 61
25 31
25 48
17 25
9 25
25 59
25 55
25 34
13 42
13 41
13 55
13 18
13 60
13 32
13 53
13 68
13 51
13 69
13 44
1 21
8 21
21 56
21 57
21 61
21 31
21 48
17 21
9 21
21 42
21 40
21 59
21 55
18 21
13 21
6 9
6 41
6 55
6 34
5 6
6 60
6 32
6 69
6 68
6 53
6 51
6 44
1 50
8 50
50 56
50 57
17 50
50 59
34 50
18 50
6 50
1 58
8 58
56 58
57 58
58 61
31 58
48 58
17 58
9 58
42 58
40 58
41 58
55 58
34 58
13 58
6 58
58 60
32 58
53 58
51 58
58 68
58 69
1 67
8 67
56 67
57 67
61 67
31 67
48 67
17 67
9 67
42 67
40 67
59 67
55 67
34 67
13 67
58 67
49 67
8 65
48 65
9 65
59 65
41 65
18 65
13 65
49 65
60 65
32 65
17 54
42 54
41 54
34 54
13 54
6 54
54 65
1 24
8 24
24 56
24 57
24 61
24 31
17 24
24 59
24 41
18 24
13 24
24 58
24 65
24 60
24 32
24 51
55 66
18 66
13 66
49 66
25 66
24 66
1 22
8 22
22 56
22 57
22 61
22 48
9 22
22 40
22 34
18 22
13 22
6 22
22 49
4 60
4 32
4 68
1 37
8 37
37 56
37 57
37 61
31 37
37 48
17 37
9 37
37 59
37 41
18 37
5 37
6 37
37 49
4 37
22 37
1 45
8 45
45 56
45 57
45 61
31 45
45 48
17 45
9 45
42 45
40 45
45 59
41 45
18 45
13 45
6 45
25 45
24 45
4 45
45 60
32 45
1 19
8 19
19 56
19 57
19 61
19 48
19 42
19 41
19 55
18 19
5 19
19 58
19 65
19 24
19 22
19 45
25 46
24 46
22 46
1 10
8 10
10 57
10 31
9 10
10 42
10 55
10 34
6 10
10 58
10 65
10 24
10 22
10 60
10 32
1 64
8 64
56 64
57 64
61 64
48 64
42 64
59 64
41 64
18 64
13 64
58 64
64 65
24 64
10 64
1 33
8 33
33 57
31 33
33 42
33 40
33 55
33 34
13 33
6 33
25 33
24 33
10 33
33 60
32 33
33 52
33 66
14 33
11 33
25 39
4 39
10 39
33 39
39 50
39 66
36 55
18 36
13 36
36 58
36 49
24 36
4 36
33 36
36 46
36 64
36 60
36 67
12 25
12 24
10 12
12 33
12 50
12 66
12 36
38 60
32 38
38 67
12 38
38 39
38 43
38 51
1 2
2 8
2 57
2 31
2 17
2 59
2 55
2 34
2 18
2 58
2 25
2 4
2 10
2 45
2 50
2 66
2 36
2 38
2 26
2 68
7 55
7 18
5 7
7 49
7 65
7 24
7 22
7 45
7 46
7 66
7 36
7 51
7 54
7 26
7 37
7 60
7 19
7 53
3 10
3 45
3 46
3 64
0 3
3 51
3 43
3 26
3 7
35 49
35 65
4 35
35 45
33 35
35 64
0 35
35 38
35 54
35 68
7 35
11 35
21 35
12 35
35 60
1 30
8 30
30 57
30 31
30 42
30 40
30 55
18 30
13 30
30 58
30 49
30 65
22 30
30 45
30 50
30 64
0 30
30 51
30 54
26 30
14 30
30 35
30 60
30 52
13 47
47 58
25 47
24 47
4 47
45 47
47 50
47 66
47 64
38 47
43 47
26 47
14 47
35 47
47 52
9 28
28 59
28 41
18 28
13 28
6 28
28 49
4 28
10 28
28 33
28 50
28 46
0 28
28 38
28 43
26 28
7 28
11 28
28 67
28 69
3 28
28 32
15 25
15 65
10 15
15 45
15 50
15 66
0 15
15 51
15 54
15 26
14 15
15 35
15 67
15 28
15 69
3 15
6 27
27 58
27 65
4 27
10 27
27 45
27 50
27 46
27 36
27 38
27 43
27 68
14 27
27 60
27 67
27 52
27 47
1 20
8 20
20 56
20 57
20 61
20 31
20 48
17 20
9 20
20 42
20 40
20 41
20 55
20 34
13 20
6 20
20 65
4 20
20 22
20 45
20 50
20 46
20 36
20 38
20 54
20 68
14 20
11 20
20 60
20 28
20 69
1 23
23 31
17 23
23 40
23 55
18 23
5 23
23 58
23 25
23 24
22 23
10 23
23 33
23 66
23 36
23 38
23 43
23 68
7 23
11 23
23 60
23 52
23 69
20 23
15 23
1 29
8 29
29 57
29 31
9 29
29 59
29 41
18 29
5 29
6 29
25 29
29 65
22 29
29 45
29 50
29 64
29 36
29 51
29 43
26 29
7 29
11 29
29 67
28 29
29 69
3 29
29 44
1 63
8 63
56 63
57 63
61 63
31 63
48 63
17 63
9 63
59 63
41 63
34 63
18 63
58 63
49 63
63 65
10 63
45 63
46 63
63 66
0 63
36 63
43 63
63 68
7 63
11 63
63 67
52 63
47 63
20 63
44 63
32 63
39 63
37 63
27 63
30 63
53 63
29 63
23 29
21 29
19 29
1 16
8 16
16 56
16 57
16 61
16 31
16 17
16 59
16 55
16 18
6 16
16 58
16 25
16 65
10 16
16 33
16 46
16 66
0 16
16 38
16 43
16 26
14 16
16 35
16 67
16 52
16 47
3 16
15 16
16 29
16 32
16 27
2 16
16 21
16 23
1 62
8 62
56 62
57 62
61 62
31 62
48 62
17 62
9 62
42 62
40 62
59 62
55 62
18 62
13 62
6 62
49 62
24 62
22 62
33 62
50 62
62 64
0 62
36 62
54 62
62 68
7 62
35 62
52 62
28 62
47 62
20 62
15 62
29 62
32 62
27 62
12 62
53 62
16 62
39 62
2 29
23 37
19 23
2 23
21 23
23 30
20 21
20 30
20 44
20 27
20 37
20 53
15 27
27 37
19 27
2 27
27 30
15 32
2 15
15 30
12 15
28 39
28 47
12 28
28 44
32 47
30 47
3 47
37 47
47 53
19 47
30 37
12 30
21 30
30 39
3 35
35 53
2 35
35 37
3 67
3 44
3 19
2 3
3 12
3 39
3 32
7 69
7 39
2 7
2 60
2 52
2 69
2 32
2 53
2 21
19 38
12 54
12 26
12 14
12 67
12 69
12 44
12 32
12 19
12 39
12 53
14 36
26 36
36 51
36 39
32 36
11 36
36 37
39 54
39 68
11 39
39 60
39 69
39 44
37 39
19 39
39 53
33 54
0 33
33 64
33 53
33 37
33 69
26 33
50 64
64 66
60 64
52 64
37 64
64 68
51 64
44 64
0 64
32 64
53 64
21 64
11 64
10 52
0 10
10 44
10 67
10 53
10 46
10 43
46 50
46 60
32 46
21 46
46 66
19 46
46 68
43 46
46 67
44 46
11 46
14 46
19 66
0 19
19 43
19 26
11 19
19 60
19 52
19 44
19 32
19 21
45 51
26 45
45 68
45 50
45 69
37 45
21 45
0 37
37 54
11 37
37 60
37 69
37 44
21 37
37 53
4 50
4 11
4 26
4 22
0 4
4 54
4 14
4 44
4 67
22 60
22 32
22 53
22 50
11 22
22 68
22 26
22 51
22 43
22 69
22 66
21 22
60 66
21 66
43 66
11 66
26 66
66 69
66 67
54 66
24 52
21 24
24 53
24 44
24 69
14 24
24 54
50 54
0 54
51 54
43 54
54 60
21 54
53 54
14 54
54 68
52 54
65 68
51 65
65 69
53 65
50 65
11 65
43 65
65 67
43 67
26 67
14 67
11 67
60 67
52 67
32 67
53 67
49 58
14 58
0 58
50 58
25 58
50 60
32 50
50 51
50 52
14 50
0 50
0 6
6 21
6 43
6 52
21 25
21 51
21 68
14 21
21 60
21 52
21 69
21 44
13 25
11 13
25 49
25 60
25 32
25 51
25 68
25 53
25 69
25 43
25 44
0 25
25 26
26 51
26 43
26 60
26 44
26 69
5 14
5 52
5 49
0 43
43 60
11 43
43 69
43 44
34 49
14 34
11 34
34 52
49 52
0 52
51 52
52 68
14 52
11 52
44 52
14 55
14 18
14 49
14 51
14 68
14 60
14 32
14 44
11 14
11 59
49 59
49 55
18 49
49 60
32 49
49 68
49 53
49 51
49 69
44 49
11 49
11 40
11 55
11 18
11 68
11 32
11 69
0 42
44 55
18 44
0 44
44 51
44 60
44 53
0 9
55 60
32 55
18 55
55 68
55 69
53 55
51 55
0 55
18 69
0 69
51 69
60 69
53 69
18 68
0 68
51 68
60 68
53 68
32 68
31 53
31 51
18 51
51 60
51 53
32 51
18 53
0 53
32 53
0 57
18 60
18 32
0 18
0 60
0 1
