70 724
45 47
2 45
25 47
2 25
23 45
23 25
21 47
2 21
21 23
28 45
25 28
21 28
24 47
2 24
23 24
24 28
10 45
10 25
10 21
43 47
2 43
23 43
28 43
10 43
35 47
35 45
25 35
21 35
24 35
35 43
19 47
2 19
19 23
19 28
10 19
19 35
11 47
2 11
11 23
10 11
11 45
11 25
11 21
11 24
11 43
29 47
2 29
23 29
28 29
10 29
29 35
11 29
29 39
45 50
25 50
21 50
24 50
43 50
47 64
10 64
50 64
14 45
14 25
14 21
14 43
14 24
50 65
14 65
29 65
21 65
29 44
21 44
44 45
25 44
44 65
17 45
17 25
17 21
17 43
17 24
17 62
21 62
45 46
25 46
13 45
13 25
13 21
13 43
47 55
2 55
23 55
10 55
35 55
31 45
25 31
21 31
24 31
31 43
36 47
35 36
36 50
31 36
17 36
47 52
2 52
23 52
28 52
10 52
35 52
39 52
40 45
25 40
21 40
40 43
24 40
11 41
40 41
29 41
41 52
41 46
47 49
2 49
23 49
28 49
10 49
35 49
11 49
39 49
49 50
14 49
29 49
49 52
44 49
45 49
6 47
6 35
6 11
6 40
6 29
6 52
47 63
10 63
11 63
50 63
29 63
45 63
25 63
8 47
2 8
8 23
8 28
8 10
8 35
8 39
8 14
8 21
8 63
8 46
8 49
20 63
39 60
40 60
17 60
21 60
44 60
49 60
45 60
17 68
63 68
44 68
60 68
6 68
22 63
22 65
6 22
55 59
29 30
30 52
30 44
30 65
30 59
25 30
12 44
12 49
12 55
12 25
12 37
0 12
6 16
16 22
12 16
47 53
40 53
13 53
52 53
46 53
53 65
20 53
25 53
16 53
33 47
2 33
23 33
33 35
11 33
31 33
29 33
21 33
33 65
33 49
6 33
33 59
42 45
6 58
47 56
2 56
23 56
28 56
10 56
35 56
39 56
31 56
17 56
52 56
44 56
56 60
55 56
41 56
47 69
2 69
28 69
10 69
11 69
31 69
29 69
21 69
46 69
6 69
55 69
56 69
16 69
43 69
44 57
49 57
20 57
22 57
42 57
57 62
34 39
14 34
13 34
21 34
34 65
34 60
6 34
22 34
12 34
33 34
34 45
34 53
34 38
34 57
4 47
2 4
4 23
4 28
4 10
4 35
4 11
4 39
4 50
4 40
4 13
4 63
4 46
4 60
4 59
4 56
4 42
4 62
4 34
11 51
14 51
13 51
21 51
51 65
51 60
51 55
51 56
37 51
51 62
43 51
3 46
3 65
3 6
3 22
3 12
3 43
3 36
3 51
3 8
47 66
2 66
23 66
35 66
39 66
14 66
29 66
21 66
63 66
65 66
55 66
25 66
37 66
16 66
36 66
7 44
7 60
7 59
7 56
7 37
7 33
7 57
7 51
48 59
48 56
37 48
48 62
36 48
7 48
20 67
56 67
42 67
33 67
34 67
27 47
2 27
23 27
27 28
10 27
27 35
11 27
27 39
27 50
27 40
13 27
21 27
27 63
27 60
27 55
22 27
12 27
16 27
27 34
27 67
19 27
15 47
2 15
15 39
15 31
15 17
15 21
15 46
15 60
15 20
15 56
15 37
15 16
15 57
15 27
8 15
15 38
1 47
1 10
1 39
1 14
1 13
1 52
1 63
1 60
1 20
1 59
1 12
1 33
1 57
1 41
1 67
0 1
1 15
1 64
1 3
1 19
11 18
14 18
18 29
18 52
18 46
18 65
6 18
18 25
18 37
16 18
18 36
18 41
18 67
18 45
18 38
20 32
25 32
22 32
32 33
32 36
32 51
0 32
32 66
32 68
32 69
26 63
26 60
20 26
25 26
26 42
16 26
26 57
26 51
7 26
26 45
26 53
26 32
39 54
31 54
17 54
52 54
46 54
49 54
54 55
22 54
16 54
43 54
54 57
27 54
0 54
45 54
53 54
32 54
47 61
2 61
23 61
35 61
11 61
31 61
13 61
61 63
46 61
61 65
20 61
59 61
37 61
43 61
34 61
41 61
7 61
0 61
53 61
61 64
54 61
24 61
58 61
9 11
9 40
9 17
9 52
9 46
9 65
9 20
9 22
9 12
9 62
9 57
9 41
9 67
9 66
9 53
9 69
9 30
9 19
9 61
9 48
24 54
30 54
26 54
5 11
5 31
5 29
5 52
5 44
5 6
5 59
5 25
5 42
5 33
5 57
5 41
5 8
0 5
5 15
5 69
5 19
5 48
4 5
5 26
18 26
26 58
4 32
18 32
18 30
18 24
1 18
1 4
15 48
15 30
3 15
15 24
27 45
27 64
0 27
8 27
24 27
0 67
48 67
66 67
64 67
67 68
38 48
48 64
30 48
4 48
7 66
4 7
7 38
7 30
7 45
3 66
4 66
19 66
30 66
66 69
3 68
3 58
3 19
3 4
51 58
30 51
41 51
4 51
51 53
4 38
30 34
34 41
57 58
57 69
41 69
8 69
38 69
68 69
30 69
36 56
56 58
19 56
56 64
56 62
42 58
33 58
8 58
45 58
53 58
58 64
24 58
24 42
38 42
42 64
42 43
33 42
16 33
33 53
24 33
0 33
8 53
0 53
53 68
16 30
16 38
12 41
12 36
12 30
8 12
36 59
19 59
22 59
25 59
43 59
22 68
0 22
22 45
22 37
37 68
62 68
36 68
41 68
45 68
64 68
19 68
20 60
25 60
38 60
6 20
20 24
8 20
0 20
20 62
8 25
8 43
8 36
8 19
8 24
43 63
19 63
0 63
6 63
36 63
6 49
6 45
0 6
6 41
43 49
49 62
19 49
49 64
41 49
37 49
49 55
41 43
38 41
0 40
40 52
17 52
45 52
25 52
37 52
52 55
24 52
36 52
36 65
36 62
36 43
36 64
0 36
31 55
13 55
46 55
45 55
37 55
25 55
55 64
43 55
38 55
13 37
13 64
37 46
25 37
19 37
37 62
46 62
62 64
19 62
45 62
43 62
17 38
0 17
21 38
38 44
25 38
38 45
19 38
44 64
24 44
43 44
45 65
25 65
24 65
14 19
14 29
14 64
21 64
0 64
24 64
19 50
29 50
29 45
25 29
21 29
29 43
24 29
19 29
11 19
19 39
19 21
19 43
39 43
24 43
10 24
10 39
24 39
21 24
24 25
24 45
21 39
21 45
21 25
0 21
25 39
39 45
39 47
0 39
