70 1207
33 36
33 55
36 55
13 33
13 55
13 65
8 33
8 55
8 65
8 36
8 13
3 33
3 55
3 65
3 8
33 46
46 55
46 65
8 46
36 46
13 46
33 39
39 55
39 65
8 39
39 46
33 52
52 55
52 65
8 52
46 52
36 52
13 52
33 47
47 55
47 65
8 47
46 47
47 52
23 33
23 55
23 65
8 23
23 46
23 52
23 36
13 23
3 23
23 39
23 47
10 33
10 55
10 65
8 10
10 46
10 52
10 23
33 67
55 67
65 67
8 67
46 67
52 67
23 67
36 67
13 67
3 67
39 67
47 67
33 50
50 55
50 65
8 50
46 50
50 52
23 50
50 67
47 50
37 65
8 37
37 46
37 52
37 67
37 47
36 37
13 37
37 39
3 37
17 33
17 55
17 65
8 17
17 46
17 52
17 23
17 67
17 47
17 37
21 36
13 21
21 39
3 21
32 33
32 55
32 65
8 32
32 46
32 52
23 32
32 67
32 47
32 37
21 32
36 48
13 48
39 48
3 48
32 48
10 48
17 48
48 50
24 33
24 55
24 65
8 24
24 46
24 52
23 24
24 67
24 47
24 37
21 24
24 48
8 56
46 56
56 67
47 56
36 56
13 56
3 56
39 56
10 56
17 56
50 56
32 56
33 42
42 55
42 65
8 42
42 46
42 52
23 42
42 67
42 47
37 42
21 42
42 48
42 56
31 33
31 55
31 65
8 31
31 46
31 52
23 31
31 47
31 37
31 36
13 31
31 39
3 31
17 31
31 32
31 50
10 31
31 42
24 31
6 55
6 65
6 8
6 52
6 23
6 47
6 21
6 31
23 27
27 47
27 37
27 31
27 36
13 27
3 27
27 39
17 27
10 27
27 50
27 32
27 42
33 41
41 55
41 65
8 41
41 46
41 52
41 67
41 47
21 41
41 56
27 41
36 41
18 65
8 18
18 46
18 52
18 23
18 47
18 21
18 56
43 55
8 43
43 46
43 52
23 43
43 47
37 43
36 43
13 43
3 43
39 43
32 43
17 43
10 43
43 50
24 43
42 43
2 33
2 55
2 65
2 8
2 46
2 52
2 23
2 67
2 47
2 37
2 48
2 43
36 53
13 53
39 53
3 53
50 53
32 53
10 53
17 53
42 53
24 53
7 53
7 36
7 18
33 60
55 60
60 65
8 60
46 60
52 60
23 60
47 60
21 60
31 60
43 60
36 60
18 60
8 14
14 46
14 23
14 67
14 56
14 31
14 43
14 27
14 36
13 14
14 39
3 14
10 14
14 42
14 17
14 32
20 65
8 20
20 46
20 52
20 23
20 67
20 21
20 56
20 43
20 36
14 20
7 20
6 20
22 67
22 47
21 22
22 43
22 53
21 63
31 63
53 63
36 63
13 63
39 63
3 63
50 63
10 63
32 63
17 63
8 16
16 47
16 56
16 31
16 27
16 63
16 36
14 16
7 16
13 54
7 38
38 54
19 65
8 19
19 46
19 52
19 67
19 47
19 48
19 56
19 53
19 63
19 36
14 19
6 19
19 22
19 24
11 36
11 14
6 11
11 54
11 19
33 69
55 69
65 69
8 69
46 69
52 69
23 69
67 69
47 69
37 69
56 69
31 69
53 69
63 69
18 69
60 69
7 69
22 69
19 69
27 66
63 66
36 66
60 66
33 35
35 55
35 65
8 35
35 46
35 52
23 35
35 67
35 47
35 37
21 35
35 48
35 56
31 35
35 43
35 36
18 35
7 35
6 35
13 35
17 35
29 36
14 29
29 35
29 54
13 49
9 48
9 56
9 43
9 27
9 36
7 9
6 9
9 35
9 49
9 69
5 39
33 51
51 55
51 65
8 51
46 51
51 52
23 51
51 67
47 51
37 51
51 56
43 51
27 51
36 51
18 51
14 51
7 51
35 51
49 51
51 66
5 51
0 51
38 51
42 51
15 33
15 55
15 65
8 15
15 46
15 52
15 23
15 67
15 47
15 37
15 21
15 48
15 56
15 31
15 43
15 36
15 18
14 15
6 15
15 35
15 19
15 66
5 15
0 15
15 41
15 51
15 29
10 15
15 50
33 64
55 64
64 65
8 64
46 64
52 64
23 64
64 67
47 64
37 64
21 64
43 64
27 64
36 64
18 64
14 64
35 64
22 64
49 64
64 69
30 52
30 67
21 30
30 56
30 53
30 63
30 36
30 60
30 35
22 30
30 49
30 66
30 41
36 57
57 60
6 57
54 57
22 57
30 57
5 57
3 57
41 57
51 57
29 57
4 8
4 52
4 67
4 47
4 48
4 56
4 43
4 27
4 36
4 60
4 7
4 22
4 19
4 66
3 4
0 4
4 13
4 51
4 29
8 58
58 67
37 58
43 58
53 58
58 63
36 58
58 60
6 58
22 58
19 58
58 69
5 58
3 58
13 58
33 45
45 55
45 65
8 45
45 46
45 52
23 45
45 67
45 47
37 45
21 45
45 48
45 56
43 45
45 53
27 45
36 45
45 60
6 45
35 45
45 49
45 66
5 45
13 45
41 45
45 51
33 61
55 61
61 65
8 61
46 61
52 61
23 61
61 67
47 61
37 61
21 61
48 61
56 61
31 61
43 61
61 63
14 61
60 61
6 61
35 61
19 61
61 69
30 61
3 61
38 61
45 61
29 61
4 61
36 40
40 60
7 40
40 54
40 49
40 69
5 40
3 40
13 40
38 40
40 45
11 40
40 50
39 40
40 61
40 64
33 44
44 55
44 65
8 44
44 46
44 52
44 67
44 47
21 44
31 44
27 44
36 44
18 44
44 60
6 44
22 44
19 44
44 69
30 44
3 44
41 44
44 45
10 44
4 44
40 44
44 64
18 25
14 25
7 25
25 54
25 49
25 69
5 25
3 25
25 41
25 51
10 25
4 25
25 40
2 25
25 32
25 61
28 33
28 55
28 65
8 28
28 46
28 52
23 28
28 67
28 47
28 37
21 28
28 31
28 53
28 63
28 36
14 28
28 35
22 28
28 49
28 69
28 30
0 28
28 38
28 51
28 45
11 28
28 40
25 28
24 28
23 59
47 59
37 59
56 59
53 59
59 63
18 59
59 60
6 59
54 59
19 59
59 69
30 59
3 59
41 59
38 59
29 59
11 59
40 59
59 64
24 59
32 59
39 59
28 59
12 33
12 55
12 65
8 12
12 46
12 52
12 67
12 47
12 21
12 31
12 43
12 63
12 36
7 12
6 12
12 54
12 19
12 66
12 30
3 12
12 38
12 51
10 12
4 12
11 12
12 64
12 24
12 59
12 28
12 17
27 34
34 63
34 36
7 34
6 34
34 35
19 34
34 66
30 34
13 34
34 41
34 45
10 34
11 34
34 50
25 34
34 58
28 34
1 33
1 55
1 65
1 8
1 46
1 52
1 23
1 67
1 47
1 37
1 21
1 48
1 56
1 43
1 53
1 27
1 36
1 14
1 7
1 22
1 19
1 66
1 5
0 1
1 41
1 45
1 10
1 11
1 50
1 25
1 58
1 42
1 2
1 34
1 57
1 16
1 20
8 68
52 68
23 68
37 68
56 68
31 68
53 68
27 68
18 68
60 68
35 68
54 68
19 68
66 68
30 68
0 68
41 68
51 68
29 68
4 68
50 68
25 68
58 68
28 68
1 68
17 68
15 68
16 68
8 62
47 62
37 62
31 62
27 62
36 62
18 62
14 62
6 62
22 62
19 62
62 66
5 62
3 62
38 62
51 62
10 62
4 62
50 62
25 62
24 62
59 62
28 62
57 62
15 62
12 62
44 62
20 62
62 68
9 62
26 33
26 55
26 65
8 26
26 46
26 52
23 26
26 67
26 47
26 37
26 48
26 31
26 27
26 63
26 36
7 26
26 35
26 54
26 49
26 66
26 30
3 26
13 26
26 45
26 29
11 26
26 50
26 64
25 26
26 59
26 28
17 26
26 34
12 26
26 39
9 26
26 68
26 61
32 68
9 68
1 15
1 39
34 57
12 34
34 39
20 34
32 34
34 61
12 44
2 12
12 61
15 59
42 59
17 59
9 28
28 44
28 61
20 25
25 44
42 44
44 57
15 44
2 44
32 44
44 61
2 40
40 57
16 40
40 58
58 61
42 61
57 61
9 61
20 61
45 58
17 45
16 45
20 45
32 45
24 45
9 45
29 58
4 58
50 58
24 58
15 58
9 58
2 58
16 58
42 58
4 11
4 39
4 16
4 42
4 50
4 57
57 64
24 57
42 57
32 57
15 57
39 57
30 42
0 30
13 30
20 30
24 30
30 64
29 30
30 50
0 64
41 64
38 64
10 64
11 64
24 64
9 64
39 64
42 64
17 64
15 64
9 15
15 16
2 15
20 51
29 51
9 51
50 51
24 51
5 11
5 10
5 38
5 9
2 5
5 17
5 32
5 16
3 9
9 38
9 10
9 11
9 42
9 17
9 16
20 49
41 49
16 49
3 49
29 49
49 66
49 50
2 49
39 49
32 49
29 66
3 29
13 29
29 39
29 42
11 29
16 29
2 29
29 50
35 66
3 35
10 35
35 42
35 39
35 50
32 35
22 66
17 66
39 66
20 66
2 66
24 66
50 66
66 69
38 69
10 69
13 69
42 69
16 69
0 69
11 69
32 69
3 69
11 13
11 41
11 38
11 17
11 42
11 24
17 19
0 19
19 38
13 19
10 19
19 42
0 38
13 38
20 38
32 38
10 38
2 38
38 39
42 54
39 54
24 54
10 54
16 54
3 16
16 41
16 50
16 42
16 17
16 39
16 20
16 32
18 63
24 63
6 63
2 63
22 63
18 22
7 22
6 22
13 22
0 22
22 32
22 50
20 22
22 41
2 22
3 22
17 22
0 20
10 20
20 50
20 24
20 42
17 20
20 39
2 20
14 50
6 14
14 60
13 60
39 60
3 60
24 60
2 60
0 60
7 60
32 60
50 60
17 60
7 13
3 7
7 39
7 10
7 42
7 41
0 7
2 53
0 53
2 36
2 6
2 3
2 13
2 10
2 42
2 17
2 39
2 32
18 43
13 18
3 18
18 39
10 18
17 18
18 32
18 50
18 41
0 18
6 18
18 24
6 41
3 41
0 41
13 41
17 41
10 41
41 50
6 27
24 27
6 13
6 39
3 6
6 24
0 31
36 42
0 42
13 42
24 56
0 24
13 24
10 24
24 32
24 39
17 24
32 36
3 32
13 32
10 32
32 50
17 32
32 39
10 21
21 50
17 21
0 21
17 36
0 17
10 17
17 50
10 37
37 50
36 50
13 50
10 67
0 67
10 47
10 36
0 10
0 23
36 47
13 47
39 47
3 47
39 52
3 52
0 52
36 39
0 39
13 39
3 46
0 46
3 36
0 3
0 8
13 36
0 13
55 65
36 65
0 36
33 65
0 65
