70 483
31 35
27 31
14 27
14 35
31 52
14 52
35 38
38 52
6 31
6 14
6 38
7 38
7 27
7 35
6 7
7 52
31 59
38 59
7 59
2 31
2 38
2 7
2 35
2 52
2 27
2 6
2 59
15 31
15 38
7 15
2 15
12 52
12 27
6 12
12 35
12 59
12 15
31 41
38 41
7 41
2 41
12 41
35 44
6 44
27 44
15 44
44 59
31 47
38 47
7 47
2 47
47 52
44 47
42 47
12 49
44 49
6 37
35 37
27 37
37 69
0 69
31 50
38 50
7 50
2 50
12 50
50 52
38 61
7 61
52 61
44 61
42 61
10 61
10 54
29 35
29 59
12 26
6 67
35 67
27 67
7 58
2 58
12 58
58 67
42 58
58 61
41 58
3 69
3 46
10 39
39 49
3 39
5 37
30 31
7 30
12 30
30 52
30 42
22 30
30 41
8 30
8 20
2 9
9 67
9 37
9 61
9 69
8 9
6 66
33 66
48 52
48 67
48 55
48 61
41 48
32 37
32 54
32 41
8 32
11 55
11 61
11 69
11 32
11 39
9 11
3 11
21 61
0 21
21 29
7 18
2 18
18 52
18 44
18 55
18 54
18 41
18 36
13 27
13 47
13 58
13 26
40 55
40 54
29 40
32 40
13 40
40 48
24 40
16 39
51 52
51 67
42 51
51 54
41 51
32 51
19 66
19 20
29 57
46 57
19 57
9 60
10 60
50 60
5 60
57 60
18 60
3 57
50 57
47 57
29 63
46 63
63 66
48 63
7 68
2 68
12 68
52 68
61 68
0 68
41 68
32 68
51 68
48 68
65 68
16 68
35 68
31 62
38 62
7 62
2 62
12 62
52 62
37 62
0 62
62 69
32 62
19 62
51 62
24 62
11 62
62 68
6 62
35 62
33 62
20 62
18 62
18 68
28 31
28 38
7 28
2 28
28 52
28 67
28 61
28 54
28 69
28 36
13 28
28 48
28 65
16 28
28 68
6 28
28 40
53 69
45 47
45 53
24 45
45 50
45 59
25 41
25 45
19 25
5 25
1 25
13 43
5 43
1 43
21 43
43 50
52 56
44 56
42 56
0 56
29 56
32 56
39 56
9 56
24 56
15 56
26 56
20 56
17 19
5 17
17 59
17 50
17 56
17 25
17 35
17 53
17 30
12 23
23 52
23 42
23 61
23 69
23 45
23 66
9 23
23 24
16 23
23 47
17 23
23 49
23 25
23 33
23 28
31 34
2 34
12 34
34 52
34 67
0 34
34 69
34 36
13 34
5 34
34 59
21 34
34 47
34 56
33 34
34 58
4 66
4 48
4 65
4 11
4 68
4 6
4 34
4 27
4 10
4 58
2 64
44 64
55 64
54 64
29 64
45 64
39 64
5 64
59 64
15 64
64 68
6 64
34 64
53 64
35 64
30 64
10 56
43 56
43 49
43 57
35 43
18 43
21 25
25 26
25 49
25 53
10 25
51 53
9 53
24 53
16 53
50 53
53 57
28 53
28 30
15 65
30 65
16 65
49 65
63 65
15 63
50 63
49 63
40 63
18 63
57 63
20 63
49 57
35 57
19 21
19 24
19 59
19 51
48 51
27 51
30 51
16 51
24 51
26 51
10 16
6 16
16 40
26 40
40 58
30 40
27 40
13 18
13 50
18 59
11 18
18 20
18 58
5 36
26 36
21 36
21 48
3 21
21 35
21 49
21 33
11 21
11 30
11 27
11 20
6 32
32 47
32 48
32 35
48 49
33 48
15 48
33 59
33 47
20 33
10 33
9 66
15 66
3 9
9 20
9 58
9 47
8 27
8 15
30 39
30 50
20 30
15 22
5 22
22 59
5 69
5 39
5 59
5 6
5 35
35 39
3 24
3 27
3 20
3 6
3 50
46 58
46 49
10 46
24 58
15 58
26 58
27 58
15 67
26 67
59 67
26 55
26 61
26 41
26 59
15 26
26 27
6 26
6 55
41 55
24 55
27 55
24 54
24 29
24 35
10 29
10 59
10 47
10 27
50 61
6 61
27 61
50 54
50 69
15 50
20 69
6 69
37 49
15 37
49 54
41 49
47 49
47 54
35 54
47 59
15 47
41 44
0 41
27 41
15 41
15 52
52 59
42 59
6 52
6 27
27 38
35 52
27 52
35 42
20 42
0 20
