70 1207
3 55
24 55
3 44
24 44
42 55
42 44
3 30
24 30
30 42
3 46
24 46
42 46
46 55
44 46
30 46
3 59
24 59
42 59
46 59
3 4
4 46
4 55
4 44
4 30
3 20
20 24
20 42
20 46
4 20
3 68
46 68
55 68
44 68
30 68
20 68
59 68
3 61
24 61
42 61
46 61
4 61
61 68
36 55
36 44
30 36
36 59
20 36
36 61
0 36
3 11
11 24
11 42
11 46
4 11
11 68
11 36
35 55
35 44
30 35
20 35
35 59
35 61
0 35
11 35
3 10
10 24
10 42
10 46
4 10
10 68
10 36
10 35
10 30
3 13
13 46
13 30
13 55
13 44
13 59
13 20
13 61
11 13
0 13
10 13
3 14
14 24
14 42
14 46
4 14
14 68
14 36
14 35
14 30
13 14
34 55
34 44
34 59
20 34
34 61
10 34
0 34
11 34
14 34
3 40
24 40
40 42
40 46
4 40
40 68
36 40
35 40
30 40
13 40
34 40
32 55
32 44
32 59
20 32
32 61
11 32
0 32
10 32
14 32
32 40
3 15
15 46
4 15
15 68
15 35
15 30
13 15
15 32
3 19
19 42
19 46
4 19
19 68
19 35
19 30
19 34
47 55
44 47
47 59
20 47
47 61
11 47
0 47
10 47
14 47
40 47
3 12
12 46
12 30
12 47
12 19
12 59
3 9
9 46
9 30
9 32
9 19
9 59
9 55
9 44
9 20
9 61
0 9
9 10
9 11
3 60
24 60
42 60
46 60
4 60
60 68
36 60
30 60
13 60
32 60
3 31
31 46
4 31
31 68
31 35
30 31
13 31
31 34
31 55
31 44
20 31
31 59
31 61
11 31
0 31
10 31
31 40
14 31
3 17
17 46
17 30
17 47
17 31
9 17
3 8
8 46
8 68
8 30
8 13
8 47
8 31
8 19
8 9
8 55
8 44
8 20
8 61
3 49
46 49
4 49
35 49
30 49
34 49
31 49
9 49
8 49
3 29
29 42
29 46
4 29
29 68
29 36
29 35
29 30
13 29
29 34
29 31
29 59
8 29
29 55
29 44
20 29
29 61
0 29
3 56
46 56
56 68
35 56
30 56
32 56
31 56
56 59
9 56
29 56
9 43
25 55
25 44
20 25
25 61
3 33
24 33
33 42
33 46
4 33
33 68
33 36
33 35
30 33
13 33
33 34
33 47
31 33
33 59
8 33
25 33
33 43
33 61
3 6
6 46
4 6
6 30
6 34
6 47
6 19
6 59
6 9
6 29
6 60
6 55
6 44
6 20
3 57
24 57
42 57
46 57
4 57
57 68
36 57
35 57
30 57
13 57
34 57
47 57
19 57
57 59
55 64
44 64
20 64
61 64
0 64
10 64
11 64
57 64
3 52
42 52
46 52
4 52
52 68
36 52
35 52
30 52
13 52
32 52
31 52
52 59
52 64
29 52
43 52
6 52
52 55
44 52
20 52
30 63
32 63
19 63
59 63
63 64
25 63
43 63
61 63
52 63
55 63
44 63
3 28
28 46
4 28
28 30
13 28
28 32
19 28
28 59
28 64
28 29
28 43
6 28
28 52
28 63
28 44
26 30
26 34
26 31
26 59
26 64
25 26
26 60
26 61
6 26
3 51
24 51
42 51
46 51
4 51
51 68
36 51
35 51
30 51
13 51
34 51
32 51
19 51
51 59
51 64
29 51
43 51
6 51
7 64
7 8
7 43
7 60
7 52
7 55
7 44
1 3
1 46
1 30
1 32
1 19
1 59
1 9
1 29
1 43
1 61
1 7
1 51
1 44
1 26
3 21
21 24
21 42
21 46
4 21
21 68
21 36
21 35
21 30
13 21
21 34
21 47
21 31
21 59
8 21
21 25
21 43
21 61
7 21
21 63
21 44
21 26
3 54
46 54
30 54
32 54
31 54
19 54
8 54
29 54
43 54
54 61
7 54
54 63
51 54
26 54
54 55
3 41
41 46
4 41
41 68
36 41
35 41
30 41
32 41
19 41
41 59
9 41
25 41
29 41
41 61
41 52
7 41
41 44
41 54
21 41
20 41
3 69
24 69
42 69
46 69
4 69
68 69
36 69
35 69
30 69
13 69
34 69
32 69
47 69
59 69
8 69
25 69
60 69
6 69
7 69
63 69
44 69
17 69
54 69
57 69
55 69
3 45
24 45
42 45
45 46
4 45
45 68
36 45
35 45
30 45
13 45
34 45
32 45
19 45
45 59
45 64
25 45
45 60
45 61
45 52
45 51
44 45
17 45
21 45
20 45
45 69
3 48
24 48
42 48
46 48
4 48
48 68
36 48
35 48
30 48
13 48
34 48
47 48
31 48
19 48
9 48
8 48
43 48
48 61
7 48
48 63
48 51
17 48
48 54
48 57
48 69
48 55
14 48
28 48
11 48
1 48
29 38
38 60
6 38
7 38
38 44
26 38
3 62
46 62
62 68
30 62
13 62
32 62
31 62
9 62
8 62
25 62
43 62
60 62
52 62
51 62
17 62
26 62
21 62
55 62
33 62
57 62
3 5
5 46
4 5
5 30
5 13
5 34
5 31
5 19
5 9
5 25
5 60
5 61
5 7
5 51
5 44
5 26
5 62
5 57
50 62
50 57
20 50
50 55
37 52
37 51
37 44
26 37
37 54
37 62
37 50
12 37
0 37
37 41
15 37
51 66
17 66
54 66
62 66
66 69
12 66
0 66
33 66
31 53
9 53
53 64
25 53
53 60
6 53
7 53
51 53
44 53
53 54
21 53
53 57
20 53
12 53
0 53
27 52
7 27
17 27
26 27
27 54
20 27
27 50
12 27
0 27
27 55
27 49
3 23
23 24
23 42
23 46
4 23
23 68
23 35
23 30
13 23
23 47
19 23
23 59
8 23
23 25
23 60
6 23
23 52
23 63
23 44
17 23
21 23
20 23
23 69
12 23
0 23
23 27
15 23
23 66
9 65
8 65
60 65
61 65
6 65
51 65
44 65
17 65
21 65
20 65
65 69
48 65
0 65
33 65
53 65
23 65
11 65
40 65
22 30
22 32
22 47
22 59
8 22
22 25
22 60
6 22
22 52
22 51
22 44
17 22
21 22
22 57
22 69
12 22
0 22
22 33
22 53
1 22
22 37
11 22
22 65
22 55
22 56
18 30
18 59
9 18
18 29
18 60
6 18
18 52
18 63
17 18
18 54
18 21
18 20
18 50
18 69
18 41
18 33
1 18
18 66
18 23
18 40
18 28
18 55
18 22
3 58
24 58
42 58
46 58
4 58
58 68
36 58
35 58
30 58
13 58
34 58
32 58
31 58
58 59
8 58
29 58
43 58
58 61
7 58
58 63
17 58
26 58
21 58
58 62
20 58
58 69
12 58
33 58
15 58
1 58
37 58
11 58
28 58
55 58
56 58
22 58
3 39
39 46
30 39
34 39
39 47
19 39
39 64
29 39
39 43
6 39
7 39
39 51
39 44
39 54
21 39
39 62
39 50
12 39
39 41
33 39
15 39
39 66
37 39
39 40
28 39
5 39
39 45
39 58
3 16
16 46
16 30
16 32
16 31
16 59
9 16
8 16
16 60
6 16
16 52
16 51
16 44
16 26
16 62
16 20
16 50
16 48
0 16
16 27
16 53
16 66
16 37
11 16
16 65
5 16
16 45
10 16
3 67
42 67
46 67
4 67
36 67
30 67
13 67
32 67
47 67
59 67
9 67
25 67
43 67
61 67
52 67
51 67
44 67
26 67
21 67
57 67
50 67
12 67
41 67
27 67
15 67
66 67
23 67
40 67
28 67
55 67
56 67
10 67
58 67
14 67
16 67
49 67
16 39
2 31
2 59
2 64
2 25
2 29
2 6
2 52
2 51
2 44
2 26
2 62
2 57
2 50
2 48
2 41
2 33
2 53
1 2
2 23
2 40
2 65
2 45
2 56
2 10
2 16
2 39
2 38
2 18
16 18
39 49
18 39
18 58
38 58
14 18
22 49
10 22
22 38
49 65
45 65
28 65
38 65
10 65
23 55
11 23
23 45
23 40
14 23
23 49
1 27
27 53
15 27
27 28
10 27
27 38
14 27
11 27
53 55
28 53
1 53
14 53
15 53
53 56
45 53
53 66
55 66
37 66
11 66
28 66
10 66
56 66
37 56
28 37
37 38
5 37
10 37
37 55
49 50
12 50
10 50
5 50
38 50
14 50
40 50
5 48
5 41
5 33
5 15
1 5
5 11
5 28
5 14
5 49
5 38
5 55
5 45
38 62
10 62
40 62
14 62
1 62
49 62
38 57
38 48
0 38
15 38
1 38
38 40
38 56
14 38
38 49
33 48
45 48
48 49
12 48
15 48
41 45
33 45
1 45
40 45
10 45
45 49
14 45
41 69
11 69
1 69
56 69
0 69
33 69
10 69
12 41
41 55
1 41
11 41
15 41
41 56
28 41
10 41
10 54
54 57
12 54
21 54
11 54
28 54
20 54
54 56
21 55
14 21
21 49
15 21
1 21
0 21
1 55
1 40
1 49
1 14
7 51
7 57
7 17
0 7
7 40
7 20
7 10
51 55
44 51
51 56
26 51
15 51
51 57
26 44
26 55
26 28
20 26
26 33
26 56
15 26
26 40
28 57
20 28
11 28
28 56
28 55
20 63
14 63
11 63
33 63
0 63
17 63
40 63
49 63
10 63
57 63
12 63
14 52
52 56
49 52
12 52
15 52
14 64
40 64
8 57
29 57
6 57
55 57
20 57
40 57
10 57
0 57
15 57
11 57
6 40
6 56
6 17
6 11
6 33
33 44
20 33
0 33
33 55
33 56
11 33
33 40
10 25
25 43
25 40
17 25
43 55
43 44
20 43
43 61
43 60
43 56
0 43
15 43
17 43
43 49
44 56
20 56
12 56
11 56
55 56
10 56
29 60
15 29
14 29
12 29
29 49
11 29
49 61
44 49
17 49
0 49
15 49
40 49
14 49
8 60
8 11
8 10
8 17
0 8
8 15
17 44
17 55
15 17
17 20
14 17
0 17
11 17
12 17
31 60
9 60
55 60
44 60
20 60
60 61
14 60
12 60
40 60
11 60
10 60
9 14
9 12
12 61
12 44
12 20
12 55
12 40
0 12
19 47
19 55
19 44
19 59
19 20
19 61
0 19
11 19
10 19
15 19
19 40
14 19
15 59
15 61
15 20
15 55
15 40
10 15
40 59
40 44
0 40
10 40
14 61
14 44
0 14
11 14
14 55
10 14
10 59
10 61
10 44
11 30
11 59
11 61
11 44
11 55
30 61
59 61
55 61
44 61
20 61
0 61
0 68
20 30
20 59
20 55
4 59
0 4
30 59
55 59
44 59
0 59
0 46
30 55
30 44
0 30
0 42
44 55
0 44
0 24
0 55
0 3
