70 241
14 60
14 48
31 48
16 60
16 48
24 31
24 45
32 45
59 60
24 59
38 59
7 32
7 42
14 18
7 18
18 59
38 66
64 66
49 54
42 54
9 36
16 36
36 54
36 39
14 39
16 26
3 24
3 42
4 32
16 34
34 45
25 38
25 34
13 25
25 45
12 25
12 61
49 58
34 58
13 58
14 58
58 66
13 37
37 63
13 47
47 63
11 48
11 24
11 32
11 34
11 13
11 45
11 26
4 11
28 38
28 34
3 28
28 45
11 28
5 59
5 9
5 28
3 67
16 55
54 55
49 52
49 62
35 62
3 62
14 62
59 62
8 13
8 14
8 62
3 57
7 17
17 59
9 17
17 57
57 66
37 57
7 57
33 44
20 47
0 30
10 30
6 30
6 37
1 66
21 59
9 21
27 66
21 27
8 27
41 62
9 41
53 56
47 56
56 61
41 56
27 41
2 66
2 5
2 29
2 41
2 52
2 25
41 52
11 15
15 57
15 39
15 27
15 47
24 43
34 43
18 43
14 43
30 43
43 68
59 65
65 68
43 65
54 65
65 69
54 69
6 69
6 23
23 69
8 65
7 43
43 44
15 43
27 44
1 21
19 59
19 21
1 19
19 46
28 50
46 50
16 50
25 50
19 31
4 19
0 21
1 29
1 6
1 10
6 61
10 20
8 10
10 47
10 25
20 44
20 52
44 67
22 29
22 61
22 44
22 31
33 51
51 57
28 51
7 51
51 52
40 47
40 51
8 57
8 52
52 62
37 62
7 62
31 35
35 53
35 52
3 52
52 55
55 67
11 67
5 67
4 67
16 67
31 67
5 54
28 39
25 28
11 47
37 58
37 39
9 37
53 58
58 61
29 58
31 58
0 61
9 25
4 34
3 4
4 45
4 53
0 4
4 16
3 45
3 29
14 29
26 29
29 39
26 39
26 53
26 31
0 39
54 59
16 54
7 54
16 49
31 49
9 49
14 49
9 64
9 66
18 66
45 66
18 31
7 53
42 59
38 45
14 38
45 53
31 45
16 24
14 24
16 32
16 53
14 32
0 14
31 60
31 32
0 31
32 53
13 53
0 13
