70 724
2 20
20 54
20 26
2 26
20 63
26 63
20 64
26 64
2 64
54 64
63 64
20 66
26 66
64 66
20 28
26 28
28 64
2 28
28 63
28 54
28 66
20 21
21 26
21 64
21 28
2 57
54 57
57 63
57 66
21 57
11 20
11 26
11 64
11 28
11 57
2 55
55 63
54 55
55 66
21 55
11 55
20 51
26 51
51 64
28 51
51 55
2 3
3 54
3 63
3 66
3 21
3 11
20 69
26 69
64 69
28 69
55 69
3 69
2 44
44 63
44 54
44 66
21 44
11 44
44 69
20 50
26 50
50 64
28 50
50 55
3 50
44 50
2 61
61 63
54 61
61 66
21 61
20 25
25 26
25 64
25 28
25 57
25 55
2 67
63 67
54 67
21 67
66 67
25 67
37 67
37 61
31 67
21 31
20 59
26 59
59 64
28 59
57 59
55 59
3 59
59 61
2 59
54 59
59 63
1 44
2 60
60 63
54 60
60 66
21 60
32 44
32 60
31 32
32 54
20 52
26 52
52 64
28 52
44 52
21 52
52 59
20 38
26 38
38 67
38 60
21 38
38 54
2 38
38 63
20 48
28 48
48 67
48 60
48 59
38 48
48 52
1 48
23 52
1 23
20 40
26 40
28 40
40 55
3 40
21 40
31 40
0 40
38 40
1 40
40 50
20 36
26 36
36 64
28 36
36 57
36 55
36 67
36 60
21 36
0 36
6 20
6 26
6 64
6 28
6 57
6 55
3 6
6 21
6 59
6 54
6 38
2 6
6 63
20 39
26 39
39 64
28 39
39 44
39 60
39 59
39 54
6 39
2 39
20 33
26 33
33 64
28 33
33 57
33 55
33 67
21 33
31 33
33 54
33 38
2 33
33 40
33 39
11 33
33 63
20 46
26 46
46 67
21 46
31 46
46 54
46 52
2 46
6 49
2 49
43 49
18 20
18 26
18 64
18 28
18 57
18 55
3 18
18 60
18 21
0 18
18 38
1 18
18 23
18 33
14 20
14 26
14 64
14 28
14 57
14 55
14 67
14 21
14 59
0 14
14 38
1 14
14 43
14 18
20 34
26 34
28 34
34 55
34 67
34 60
31 34
34 54
6 34
1 34
23 34
33 34
9 31
9 54
6 9
2 9
9 40
12 20
12 26
3 12
12 21
12 59
0 12
6 12
1 12
12 43
12 33
47 52
2 47
23 47
12 47
9 47
47 51
37 47
19 43
12 19
28 42
21 42
42 54
0 42
6 42
2 42
40 42
20 65
26 65
64 65
28 65
3 65
21 65
59 65
54 65
6 65
2 65
40 65
12 65
48 65
36 65
42 65
8 40
8 65
8 18
8 51
8 37
8 11
20 68
26 68
64 68
28 68
57 68
55 68
3 68
21 68
59 68
0 68
52 68
1 68
40 68
12 68
9 68
51 68
49 68
8 68
46 68
47 68
36 68
32 68
24 26
24 28
3 24
24 61
24 59
24 38
24 52
2 24
23 24
12 24
18 24
24 51
24 69
29 67
29 61
29 59
29 54
29 52
2 29
29 40
29 65
29 34
29 51
29 69
29 66
5 34
10 48
10 49
5 10
43 45
33 45
18 45
10 45
11 45
29 45
45 46
22 23
12 22
9 22
22 42
11 22
8 22
22 46
22 45
18 53
10 53
37 53
29 53
18 30
10 30
30 37
19 30
17 20
17 26
17 44
17 60
17 59
0 17
17 52
1 17
17 40
12 17
17 34
17 49
17 69
17 30
13 44
13 61
13 31
13 54
13 52
2 13
13 40
13 33
9 13
13 42
13 37
13 19
20 27
26 27
27 28
27 55
27 44
27 61
27 59
27 38
27 52
2 27
23 27
27 33
27 34
27 42
11 27
19 27
27 30
27 47
27 56
20 35
26 35
35 64
28 35
3 35
35 60
31 35
35 54
35 52
1 35
35 40
35 65
34 35
35 42
11 35
8 35
27 35
35 45
35 56
17 35
4 23
4 12
4 34
4 49
4 69
4 29
4 46
4 35
4 53
7 9
7 42
7 49
7 19
7 30
7 45
7 36
4 7
7 66
7 24
7 25
7 50
4 39
62 67
61 62
59 62
54 62
52 62
1 62
23 62
33 62
18 62
42 62
49 62
19 62
13 62
47 62
36 62
32 62
48 62
4 62
16 37
16 29
16 46
14 16
58 69
19 58
46 58
14 58
41 69
19 41
41 46
35 41
36 41
32 41
39 41
41 58
41 66
41 56
16 58
6 15
1 15
15 40
15 33
9 15
15 42
15 69
15 29
15 27
15 45
15 58
15 56
15 48
15 22
15 25
5 15
58 63
56 58
5 58
16 32
16 24
16 66
16 62
16 17
50 62
4 50
4 5
35 48
35 39
56 63
48 56
39 56
27 63
13 27
27 48
13 24
13 25
13 32
13 17
13 50
5 13
17 36
17 32
17 48
17 68
5 17
30 46
30 36
30 66
30 39
30 53
14 53
22 53
25 53
24 53
50 53
48 53
22 32
22 39
22 68
22 25
45 47
32 45
36 45
10 39
10 51
10 36
10 19
5 37
5 29
5 14
5 36
5 39
24 29
29 50
14 24
24 68
24 25
24 63
66 68
8 25
8 48
8 14
8 32
8 36
65 66
37 65
50 65
51 65
11 65
32 65
19 42
39 42
32 42
14 42
42 69
11 19
19 63
19 47
47 63
47 50
14 47
47 66
12 63
12 39
9 12
12 69
9 48
9 49
9 11
9 66
9 50
9 34
34 46
34 51
14 34
32 34
25 34
14 49
14 46
14 25
18 49
18 69
18 37
18 63
18 36
49 66
37 49
11 49
48 49
43 51
32 43
43 50
43 46
25 43
33 46
46 51
37 46
25 33
39 69
11 39
39 50
6 69
6 36
6 37
6 52
6 51
36 40
23 36
11 36
23 40
23 69
23 66
23 37
23 48
48 66
38 52
1 38
38 50
38 66
11 38
25 38
2 52
32 52
52 63
2 32
32 37
1 60
11 60
1 59
0 1
1 2
1 37
1 69
31 59
2 31
31 54
31 63
31 66
31 51
31 37
31 50
11 31
25 31
0 37
37 63
11 67
25 61
25 54
2 25
25 51
25 69
25 63
50 61
61 69
51 61
50 54
50 51
50 69
50 63
44 51
21 69
54 69
3 51
0 51
2 51
51 63
11 51
0 11
2 11
11 66
2 21
21 54
21 63
21 66
54 66
2 66
63 66
54 63
0 63
2 63
26 54
2 54
0 2
