70 966
6 41
32 41
6 32
28 41
28 32
32 62
6 62
28 62
19 41
19 32
19 62
41 50
32 50
50 62
6 50
28 50
19 50
1 41
1 32
1 62
1 50
37 41
32 37
37 62
37 50
6 37
28 37
19 37
1 37
41 44
32 44
44 62
44 50
37 44
6 30
28 30
19 30
1 30
30 44
24 41
24 32
24 62
24 50
24 37
24 30
6 65
28 65
1 65
19 65
44 65
0 65
24 65
29 41
29 32
29 62
29 50
29 37
29 30
29 65
6 45
28 45
19 45
1 45
44 45
0 45
24 45
29 45
33 41
32 33
33 62
33 50
33 37
30 33
33 65
33 45
4 41
4 32
4 45
4 6
4 28
4 19
1 4
4 44
0 4
4 24
4 29
4 33
41 68
32 68
62 68
50 68
37 68
30 68
65 68
45 68
4 68
14 41
14 32
14 62
14 50
14 37
14 30
4 14
6 14
14 28
1 14
14 19
14 44
0 14
14 24
14 29
14 33
36 41
32 36
36 62
36 50
36 37
30 36
36 65
36 45
4 36
14 36
6 60
28 60
1 60
19 60
44 60
0 60
24 60
29 60
60 68
36 60
33 60
41 61
32 61
61 62
50 61
37 61
30 61
61 65
45 61
4 61
14 61
60 61
49 65
6 49
28 49
19 49
1 49
44 49
24 49
0 49
29 49
5 41
5 32
5 62
5 50
5 37
5 30
5 65
5 45
5 14
5 49
6 63
28 63
19 63
1 63
44 63
0 63
24 63
13 41
13 32
13 62
13 50
13 37
13 30
13 65
13 45
4 13
13 14
13 60
13 49
13 63
41 42
32 42
37 42
6 34
28 34
19 34
1 34
34 44
24 34
0 34
29 34
41 56
32 56
14 56
34 56
42 56
3 32
3 50
3 4
3 34
3 63
3 42
3 6
3 28
1 3
3 19
3 44
0 3
3 24
3 61
35 37
35 49
40 41
32 40
40 62
40 50
37 40
40 60
6 40
28 40
19 40
1 40
40 44
0 40
24 40
29 40
14 18
18 49
18 40
18 42
18 29
10 14
10 34
10 40
0 10
41 52
32 52
52 62
50 52
37 52
30 52
52 65
45 52
4 52
34 52
52 63
3 52
6 52
28 52
19 52
1 52
44 52
15 41
15 32
15 62
15 50
15 37
15 30
15 65
15 49
15 40
15 52
9 41
9 32
9 62
9 50
9 37
9 30
9 65
9 45
4 9
9 49
9 42
0 9
9 52
6 9
9 28
1 9
9 19
9 44
9 13
41 58
32 58
58 62
50 58
37 58
30 58
14 58
34 58
40 58
3 58
9 58
10 58
18 58
7 9
7 10
41 53
32 53
53 62
50 53
37 53
30 53
53 65
45 53
14 53
49 53
34 53
0 53
52 53
10 53
6 53
28 53
1 53
19 53
53 56
32 57
37 57
45 57
57 60
57 63
52 57
9 57
53 57
29 43
10 43
6 43
28 43
1 43
19 43
27 43
7 27
22 63
22 42
22 29
22 44
39 41
32 39
39 50
37 39
39 45
39 60
39 40
0 39
9 39
10 39
6 39
28 39
1 39
19 39
4 20
20 60
20 63
0 20
20 29
20 44
20 39
8 41
8 32
8 62
8 50
8 37
8 30
8 65
8 45
4 8
8 34
8 40
8 42
8 9
8 44
8 39
6 8
8 28
31 37
31 60
31 42
0 31
31 52
31 53
18 31
8 31
22 31
1 31
13 31
37 64
49 64
63 64
42 64
9 64
10 64
43 64
7 64
11 29
11 44
11 43
8 11
6 11
59 63
0 59
52 59
44 59
39 59
7 59
11 59
41 67
32 67
4 67
34 67
40 67
0 67
52 67
44 67
53 67
18 67
8 67
6 67
21 40
3 21
21 52
9 21
21 39
7 21
21 67
1 21
13 21
21 57
21 28
21 68
17 53
17 18
17 67
1 17
13 17
41 48
32 48
4 48
48 60
40 48
3 48
29 48
44 48
43 48
8 48
11 48
48 59
29 66
9 66
39 66
8 66
66 67
59 66
27 66
54 66
54 57
24 54
27 54
4 38
38 60
38 42
3 38
29 38
38 44
38 39
7 38
11 38
38 67
13 38
38 57
24 38
28 38
38 54
36 38
1 69
57 69
47 52
10 47
47 53
7 47
22 47
1 47
13 47
47 57
47 61
12 41
12 32
12 62
12 50
12 37
12 30
12 65
12 45
12 14
12 49
12 40
0 12
12 52
12 53
12 43
12 18
12 22
1 12
12 66
12 48
12 47
12 28
12 54
12 69
12 15
12 56
12 38
4 23
14 23
23 34
0 23
23 29
23 44
23 43
7 23
11 23
23 59
23 66
23 48
23 24
23 28
23 54
25 39
7 25
8 25
1 25
13 25
25 57
25 47
25 68
17 25
21 25
25 69
42 46
0 46
29 46
44 46
46 53
18 46
22 46
46 59
46 64
46 57
46 47
46 68
17 46
25 46
46 56
19 46
16 32
16 50
16 37
16 34
16 42
3 16
16 29
16 44
16 43
7 16
11 16
1 16
13 16
16 57
16 24
16 27
16 54
16 25
15 16
12 16
16 31
16 46
5 16
16 33
14 55
49 55
55 63
3 55
29 55
53 55
43 55
18 55
11 55
55 67
13 55
55 57
24 55
27 55
17 55
21 55
55 56
19 55
16 55
5 55
23 55
35 55
26 41
26 32
26 50
26 37
14 26
26 49
26 40
0 26
9 26
10 26
26 39
7 26
11 26
26 59
13 26
26 64
26 47
26 27
17 26
25 26
26 69
19 26
26 31
26 46
26 33
2 40
0 2
2 52
2 10
2 53
2 18
2 8
2 59
2 13
2 48
2 28
2 68
2 21
2 25
2 15
2 19
2 38
2 46
2 33
2 26
2 58
2 6
41 51
32 51
50 51
37 51
51 65
34 51
51 63
3 51
29 51
10 51
39 51
8 51
11 51
51 67
51 66
51 64
47 51
28 51
21 51
36 51
15 51
51 56
31 51
5 51
23 51
35 51
26 51
51 55
26 55
16 61
23 46
6 46
46 58
25 35
19 25
23 25
15 23
12 23
23 31
23 61
6 23
12 58
12 31
5 12
36 47
47 58
47 69
47 68
28 47
35 47
27 69
17 69
5 69
38 69
6 69
35 69
33 69
20 69
31 38
35 38
38 58
6 38
5 38
17 54
31 54
33 54
54 58
35 54
36 54
57 66
20 66
15 66
19 66
36 66
28 66
48 66
64 66
66 68
48 64
5 48
48 61
17 48
48 68
33 48
27 48
48 57
48 58
35 48
17 24
17 68
17 19
17 21
15 17
17 20
5 21
21 56
6 21
21 61
20 21
59 67
13 67
58 67
33 67
27 67
35 67
57 67
67 68
6 59
5 59
59 61
36 59
15 59
19 59
1 59
28 59
11 64
1 11
11 56
11 13
11 28
11 20
11 36
1 64
61 64
35 64
58 64
36 64
31 64
28 64
24 64
6 64
19 64
28 31
31 68
31 36
15 31
20 31
8 20
8 24
8 19
5 8
8 22
8 33
8 61
1 20
20 57
20 28
20 27
19 20
20 61
20 33
20 35
20 58
6 20
33 39
39 56
22 39
39 68
18 39
6 22
22 28
22 58
22 57
15 22
19 22
22 27
22 35
22 68
22 33
22 24
5 22
24 27
27 68
6 27
27 56
19 27
15 27
35 43
5 43
43 57
43 61
15 43
24 43
7 57
15 57
56 57
53 68
36 53
7 53
13 53
6 7
7 28
7 58
1 7
7 61
7 35
58 68
36 58
56 58
33 58
6 58
9 15
9 36
9 61
5 9
10 15
15 18
15 28
15 36
5 15
15 19
10 52
52 68
52 56
24 52
10 44
6 10
10 28
1 10
10 19
10 18
5 10
10 35
6 18
18 28
18 19
1 18
13 18
18 36
18 56
18 68
40 61
35 40
3 35
29 35
28 35
35 56
5 35
35 61
3 29
3 36
3 56
1 56
13 56
24 56
36 56
56 61
6 56
34 42
6 42
28 42
1 42
19 42
42 44
0 42
24 42
36 42
29 42
5 42
13 42
13 44
6 13
13 24
5 13
33 63
63 68
5 63
5 24
5 68
5 61
49 61
36 49
49 68
33 49
44 61
61 68
36 61
19 61
33 61
36 44
28 36
33 36
6 36
14 68
0 68
33 68
0 33
29 33
33 44
1 33
24 33
19 33
6 29
28 29
19 29
1 29
29 44
0 24
24 44
1 24
19 24
6 24
0 30
0 44
6 44
28 44
19 44
1 44
0 37
0 1
1 6
0 50
0 19
0 62
0 28
0 32
0 6
0 41
