70 966
12 45
25 45
12 51
25 51
24 51
45 46
46 51
12 60
25 60
24 60
46 60
2 12
2 24
2 45
2 51
2 60
12 49
25 49
24 49
46 49
2 49
18 45
18 51
18 60
12 27
25 27
24 27
27 46
2 27
18 27
12 40
25 40
24 40
40 46
2 40
18 40
40 45
40 51
40 60
12 53
25 53
24 53
46 53
2 53
18 53
40 53
12 30
24 30
2 30
30 40
30 45
30 51
30 60
12 64
25 64
24 64
46 64
2 64
18 64
40 64
30 64
34 45
34 51
34 60
34 53
27 34
34 49
34 64
12 43
25 43
24 43
43 46
2 43
18 43
40 43
30 43
34 43
34 69
45 69
51 69
60 69
43 69
27 69
64 69
49 69
53 69
12 41
25 41
24 41
41 46
2 41
18 41
40 41
30 41
34 41
41 69
41 45
34 52
45 52
51 52
52 60
52 53
52 64
49 52
27 52
43 52
9 12
9 25
9 24
9 46
2 9
9 18
9 40
9 30
9 34
9 69
9 45
9 52
45 61
51 61
60 61
53 61
27 61
49 61
43 61
61 64
9 61
41 61
19 46
19 40
19 30
19 69
19 45
19 61
4 51
4 60
4 27
4 49
4 43
4 53
4 64
24 67
18 67
67 69
45 67
52 67
61 67
4 67
41 67
12 29
25 29
24 29
29 46
2 29
29 40
29 34
29 45
29 52
5 12
5 25
5 24
5 46
2 5
5 40
5 30
5 45
5 52
5 61
5 51
5 60
5 43
5 49
5 64
5 27
5 53
5 9
5 29
12 39
25 39
24 39
39 46
2 39
18 39
39 40
39 45
39 52
5 39
26 51
26 60
26 64
26 27
26 53
26 49
26 43
22 30
22 69
22 45
22 61
22 26
3 45
3 51
3 60
3 53
11 12
11 25
11 24
11 46
2 11
11 18
11 40
11 30
11 34
11 45
11 52
5 11
3 11
11 41
2 55
18 55
34 55
55 69
45 55
55 61
26 55
20 51
20 60
30 33
33 45
33 52
33 61
4 33
20 33
29 33
45 54
20 54
29 54
51 54
49 54
27 54
54 67
54 64
9 54
2 38
18 38
30 38
38 69
38 45
5 38
3 38
20 38
29 38
38 54
12 48
24 48
18 48
40 48
34 48
48 69
45 48
48 52
4 48
3 48
29 48
48 54
12 17
17 25
17 24
17 46
2 17
17 18
17 40
17 30
17 34
17 45
17 52
17 61
4 17
3 17
17 55
21 51
21 49
30 68
68 69
45 68
61 68
3 68
41 68
21 68
24 28
28 46
2 28
28 40
28 30
28 45
28 52
28 61
26 28
28 41
28 29
21 28
13 45
13 61
4 13
13 20
13 55
13 28
12 31
24 31
2 31
18 31
30 31
31 69
31 45
5 31
4 31
3 31
29 31
21 31
28 31
12 44
25 44
24 44
44 46
2 44
18 44
40 44
30 44
34 44
44 69
44 45
44 61
26 44
20 44
44 55
44 54
31 44
10 12
10 24
2 10
10 18
10 34
10 69
10 45
5 10
4 10
3 10
10 55
10 21
10 31
10 44
48 58
26 65
41 65
29 65
54 65
48 65
44 65
39 65
58 65
55 62
54 62
48 62
62 65
45 56
3 56
29 56
21 56
48 56
51 56
11 56
38 56
12 42
25 42
24 42
42 46
2 42
40 42
30 42
42 45
42 52
5 42
26 42
41 42
42 55
28 42
42 48
42 51
42 56
42 62
4 47
41 47
29 47
21 47
28 47
44 47
47 56
47 62
10 47
30 32
32 45
32 52
5 32
26 32
20 32
32 55
21 32
32 48
32 44
32 56
32 62
32 47
9 32
32 33
32 64
32 39
0 32
32 43
23 37
37 62
8 37
8 67
0 8
8 22
7 12
7 25
7 24
7 46
2 7
7 18
7 40
7 30
7 34
7 45
7 52
5 7
4 7
7 20
7 29
7 54
7 31
7 44
7 56
21 36
36 54
36 48
36 51
36 56
23 36
36 49
36 60
14 45
3 14
14 55
14 54
14 48
14 44
14 23
14 36
14 47
14 67
14 22
14 64
14 68
16 26
16 41
16 29
16 28
16 31
16 51
16 23
16 36
16 53
16 67
16 22
16 64
45 66
41 66
29 66
21 66
31 66
51 66
23 66
36 66
47 66
9 66
22 66
64 66
58 66
13 66
18 35
35 40
34 35
35 69
35 45
35 52
26 35
3 35
35 55
21 35
28 35
35 51
35 65
35 62
35 53
9 35
22 35
35 66
35 68
16 35
35 43
14 35
35 37
12 57
24 57
2 57
40 57
34 57
57 69
45 57
57 61
4 57
41 57
55 57
28 57
31 57
44 57
56 57
36 57
8 57
9 57
33 57
57 64
39 57
17 57
43 57
27 57
35 57
57 58
13 57
57 60
38 57
45 50
5 50
4 50
20 50
50 55
28 50
48 50
50 51
50 65
50 62
50 53
49 50
33 50
50 64
39 50
16 50
12 15
15 25
15 24
15 46
2 15
15 18
15 69
15 45
15 52
15 61
5 15
15 20
15 29
15 54
15 28
15 51
15 56
15 53
8 15
9 15
15 22
12 59
25 59
24 59
46 59
18 59
40 59
30 59
59 69
45 59
5 59
4 59
41 59
55 59
21 59
31 59
51 59
59 65
59 62
53 59
49 59
59 67
43 59
0 59
37 59
59 68
38 59
48 63
51 63
23 63
53 63
47 63
63 67
22 63
59 63
63 66
17 63
43 63
15 63
37 63
7 63
11 63
10 63
1 28
1 31
1 65
1 36
1 47
1 9
1 67
1 59
1 68
1 16
1 43
1 27
6 40
6 45
6 52
5 6
3 6
6 20
6 29
6 21
6 31
6 65
6 56
6 62
6 47
6 67
6 33
6 59
6 68
6 17
6 15
6 14
1 6
6 7
6 32
6 58
6 42
6 13
1 58
1 11
1 19
1 63
1 50
32 63
15 59
27 59
42 59
15 66
15 17
13 15
15 38
11 15
15 58
15 50
14 15
27 50
35 50
42 50
13 50
19 50
50 57
10 35
11 35
35 38
39 66
16 66
66 68
42 66
38 66
16 38
16 42
7 16
16 19
16 43
14 16
11 14
7 14
14 37
14 19
13 14
11 36
13 36
36 64
36 68
19 36
36 58
7 36
7 8
7 9
7 33
7 64
7 39
7 43
7 58
7 32
7 60
7 13
8 27
8 13
8 9
8 43
8 39
8 49
8 19
37 49
22 37
37 68
17 37
37 43
10 37
32 37
37 60
19 37
11 32
32 60
32 38
47 58
47 49
42 47
19 47
17 47
33 47
47 64
9 42
42 67
0 42
27 42
42 58
11 42
19 42
38 42
19 56
56 62
9 56
53 56
13 56
17 56
10 62
38 62
9 62
62 67
39 62
53 62
43 62
22 65
19 65
65 68
65 67
64 65
33 65
0 65
27 65
23 58
49 58
33 58
17 58
0 58
27 58
10 58
23 49
23 60
22 23
23 43
10 23
23 39
17 23
9 10
10 22
10 64
10 68
10 17
0 10
10 13
10 19
10 38
43 44
0 44
44 53
44 64
44 49
17 44
44 67
11 44
44 51
44 60
31 68
31 53
31 39
11 31
13 31
9 31
31 60
31 51
13 51
13 49
13 67
13 39
0 13
13 60
28 43
28 39
28 51
11 28
28 68
27 28
28 64
0 28
51 68
53 68
9 68
33 68
39 68
60 68
0 68
0 21
17 21
19 21
21 22
17 48
17 49
17 67
17 64
17 39
17 43
17 60
48 49
38 48
33 48
48 67
19 48
43 48
22 48
38 51
38 53
38 49
38 67
27 38
11 38
54 60
33 54
53 54
0 54
33 51
33 53
33 67
0 33
19 33
33 39
33 60
11 33
20 55
20 29
51 55
43 55
53 55
22 55
55 60
39 55
19 55
11 55
11 53
11 49
11 22
11 39
0 11
3 27
3 41
3 49
3 64
3 43
3 19
3 22
22 53
9 22
22 64
22 27
22 43
26 39
9 26
26 29
0 26
39 41
39 67
19 39
27 39
5 41
29 51
29 60
29 67
9 29
27 29
29 64
9 67
4 19
19 64
0 19
19 60
0 61
9 41
9 51
9 27
41 52
41 51
41 60
41 43
41 64
41 49
0 41
27 41
41 53
0 69
43 45
43 49
27 43
45 64
49 64
60 64
30 53
27 30
30 49
0 30
45 53
0 53
27 53
53 60
27 40
40 49
27 45
27 51
0 27
27 60
18 49
0 18
45 49
0 49
49 60
0 2
45 60
0 60
0 46
45 51
24 25
24 45
0 45
12 24
0 24
