70 724
27 47
27 62
40 47
40 62
27 58
40 58
47 66
62 66
58 66
27 48
41 47
41 62
41 58
41 48
41 66
27 34
34 40
34 41
47 59
59 62
58 59
48 59
59 66
34 59
26 27
26 40
26 41
39 47
39 62
39 58
39 48
39 66
34 39
26 39
47 64
62 64
58 64
48 64
64 66
34 64
26 64
27 64
40 64
41 64
9 47
9 62
9 66
9 64
2 62
2 58
2 66
2 64
2 27
2 41
2 40
6 47
6 62
6 66
2 6
15 47
15 62
15 66
15 64
2 15
15 27
15 41
15 40
13 47
13 48
13 66
13 26
13 15
8 62
8 48
8 66
8 64
8 15
8 27
8 40
8 41
32 47
32 62
32 58
32 48
32 66
32 64
2 32
8 32
5 56
27 56
32 56
31 47
31 62
31 58
31 48
31 66
31 34
26 31
31 64
27 30
30 40
30 41
30 69
23 27
23 41
23 40
2 53
23 53
5 53
32 53
31 53
47 57
48 57
34 57
26 57
30 57
8 57
5 57
32 57
29 66
26 29
15 29
5 29
29 56
29 40
18 27
4 62
4 48
4 66
4 64
4 30
4 15
34 44
44 64
30 44
15 44
5 44
27 44
14 34
14 26
14 30
8 14
14 44
14 56
14 31
14 57
5 67
40 67
31 67
57 67
36 47
36 58
36 66
26 36
2 36
8 36
5 36
36 40
29 36
36 57
36 67
29 65
43 56
18 43
29 43
1 43
36 43
49 67
20 66
20 26
2 20
5 20
20 44
20 40
20 29
27 61
59 61
47 50
50 62
50 66
50 64
15 50
8 50
44 50
40 50
18 50
50 61
50 67
39 50
18 60
60 61
11 47
11 62
11 58
11 48
11 66
11 64
11 30
11 15
5 11
11 32
11 31
1 11
11 67
44 52
40 52
29 52
1 52
11 52
49 52
52 60
55 66
55 64
2 55
15 55
55 56
32 55
31 55
55 61
36 55
39 55
24 36
24 39
2 25
15 25
25 44
25 40
25 29
25 57
25 36
28 47
28 62
28 34
26 28
28 30
5 28
28 44
28 32
28 31
1 28
11 28
28 39
28 69
2 37
8 37
5 37
32 37
31 37
37 57
11 37
28 37
24 37
37 69
13 37
51 60
51 69
4 51
9 51
51 53
29 33
33 61
11 33
33 39
21 65
21 33
14 21
19 47
19 62
19 58
19 48
19 66
19 34
19 26
2 19
19 30
8 19
19 44
18 19
19 31
19 61
19 67
19 28
19 21
19 55
4 19
19 43
35 56
35 40
29 35
31 35
11 35
35 49
24 35
35 69
4 35
35 51
35 52
19 35
22 67
22 28
11 54
49 54
24 54
31 42
42 57
36 42
39 42
42 54
42 69
27 42
42 51
2 38
15 38
38 44
32 38
18 38
38 57
11 38
28 38
24 38
38 60
27 38
63 66
63 64
2 63
8 63
44 63
40 63
18 63
57 63
36 63
28 63
24 63
63 69
55 63
9 63
25 63
3 30
3 15
3 56
3 32
3 31
3 57
3 36
3 49
3 21
3 55
3 4
3 63
3 43
3 65
3 6
12 66
12 64
2 12
12 23
5 12
12 40
12 29
1 12
12 36
12 49
12 54
12 55
4 12
12 63
12 43
3 12
13 68
9 68
43 68
38 68
52 68
6 68
12 68
46 62
46 58
46 66
26 46
15 46
5 46
46 56
32 46
18 46
1 46
11 46
28 46
24 46
20 46
4 46
43 46
35 46
17 27
9 17
17 38
17 59
14 17
17 50
0 17
17 46
45 66
45 64
2 45
8 45
44 45
40 45
29 45
45 57
36 45
45 49
45 54
45 69
45 55
45 63
35 45
17 45
42 45
45 50
22 45
0 45
33 45
7 30
5 7
7 56
7 32
7 18
7 61
7 11
7 49
7 21
7 69
7 13
7 43
7 53
7 38
7 42
7 14
7 22
16 47
16 62
16 58
16 48
16 66
16 34
16 26
16 64
16 30
8 16
16 44
16 40
16 18
16 57
11 16
16 49
16 24
16 20
4 16
16 63
16 53
3 16
16 65
14 16
16 52
0 16
7 16
10 47
10 62
10 58
10 48
10 66
10 26
10 15
8 10
10 56
10 32
10 18
10 61
10 67
10 28
10 21
10 69
10 27
9 10
10 35
10 38
10 65
10 50
10 59
10 16
10 25
10 46
7 45
7 37
17 25
46 68
46 50
12 46
6 46
37 46
14 68
50 68
0 12
12 33
12 52
6 12
3 52
3 33
3 22
63 65
52 63
38 63
38 42
0 38
38 41
19 38
42 65
25 42
22 42
0 42
19 42
22 54
0 54
41 54
20 54
43 54
53 54
54 60
54 59
22 55
13 22
22 51
22 35
22 50
22 52
22 37
35 37
35 65
19 37
19 33
6 19
19 25
19 52
13 21
33 69
4 33
33 51
33 53
33 50
33 41
25 33
37 51
6 51
41 51
37 65
14 37
37 41
13 28
28 65
25 28
14 28
24 25
20 25
13 25
25 43
25 59
0 25
9 24
24 69
24 55
6 24
20 55
9 55
52 55
6 55
55 59
27 52
52 59
11 13
11 60
0 11
39 60
50 60
27 60
4 60
6 60
41 60
60 69
53 60
43 60
20 50
27 50
9 50
50 53
4 61
39 61
61 69
20 61
6 61
20 49
20 39
0 20
14 20
4 20
20 59
13 20
20 27
41 49
43 49
9 49
4 49
13 43
9 43
14 43
1 27
1 65
1 13
0 1
36 65
65 69
13 65
59 65
41 65
36 41
36 69
36 39
27 67
4 67
14 67
9 67
6 67
53 67
59 67
4 14
14 53
14 41
14 59
9 44
44 59
4 44
13 44
39 44
4 18
4 29
4 13
18 59
18 29
13 18
9 18
27 29
29 39
29 57
29 69
27 57
53 57
41 57
9 57
39 53
13 53
41 53
6 53
53 59
23 69
56 69
32 69
30 31
30 59
8 31
31 56
31 40
27 31
31 59
31 41
0 31
6 31
41 56
6 56
40 56
13 56
32 40
27 32
32 39
6 32
9 32
5 8
8 39
8 13
6 8
13 27
6 15
9 15
15 59
6 39
6 41
0 6
2 5
2 9
2 39
9 27
9 59
0 9
5 64
39 64
59 64
0 39
27 39
39 59
26 59
41 59
5 34
5 41
40 41
27 41
48 66
40 48
5 48
27 66
40 66
5 40
27 40
0 40
5 27
0 27
5 47
0 5
