70 1207
9 23
23 51
9 51
9 69
51 69
15 23
9 15
15 69
9 10
10 51
23 37
9 37
37 69
10 37
0 37
3 9
3 51
4 23
4 9
4 69
4 10
0 4
3 4
6 23
6 9
6 69
6 10
0 6
3 6
6 51
6 37
23 52
9 52
52 69
10 52
0 52
3 52
6 52
23 41
9 41
41 69
0 41
3 41
6 41
41 51
15 41
4 41
23 29
9 29
29 69
10 29
0 29
3 29
6 29
29 41
23 24
9 24
24 41
24 51
24 29
24 37
24 52
15 24
4 24
18 23
9 18
18 69
10 18
0 18
3 18
6 18
18 41
18 24
23 42
9 42
42 69
10 42
0 42
3 42
6 42
41 42
24 42
42 51
37 42
29 42
42 52
15 42
4 42
23 58
9 58
58 69
10 58
0 58
3 58
6 58
41 58
24 58
42 58
51 63
29 63
4 63
52 63
15 63
37 63
7 23
7 9
7 69
7 10
0 7
3 7
6 7
7 41
7 24
7 42
7 63
23 57
9 57
3 57
6 57
24 57
42 57
51 57
15 57
29 57
52 57
4 57
37 57
23 30
9 30
30 69
10 30
0 30
3 30
6 30
30 41
24 30
30 42
30 63
30 57
22 23
9 22
22 69
10 22
0 22
6 22
22 24
22 42
22 57
22 51
4 22
15 22
22 52
22 37
22 29
23 61
9 61
61 69
10 61
0 61
3 61
6 61
41 61
24 61
42 61
22 61
23 56
9 56
3 56
6 56
41 56
42 56
22 56
45 51
45 52
29 45
15 45
4 45
37 45
9 67
6 67
24 67
42 67
22 67
45 67
56 67
51 67
9 32
32 51
9 14
14 57
14 22
14 45
14 51
7 14
14 32
23 40
9 40
40 69
0 40
3 40
6 40
24 40
40 42
40 57
40 56
9 33
33 51
15 33
4 33
33 37
33 52
29 33
9 43
6 43
41 43
42 43
43 57
43 56
33 43
43 51
7 43
16 23
9 16
16 69
10 16
0 16
3 16
6 16
16 41
16 24
16 42
16 63
16 57
16 22
16 45
16 33
16 51
16 40
21 23
9 21
21 24
21 42
21 57
21 45
21 33
21 51
7 21
16 21
23 64
9 64
3 64
6 64
41 64
57 64
22 64
45 64
33 64
7 64
40 64
16 64
11 23
9 11
0 11
6 11
11 41
11 24
11 57
11 22
11 33
7 11
11 32
11 40
9 48
41 48
24 48
42 48
48 57
45 48
48 56
48 51
7 48
11 48
48 64
43 48
9 31
3 31
24 31
31 42
31 57
22 31
31 33
7 31
31 32
31 40
11 31
31 43
9 39
16 39
11 39
23 66
9 66
66 69
10 66
0 66
3 66
6 66
41 66
24 66
42 66
63 66
57 66
22 66
56 66
51 66
7 66
32 66
16 66
64 66
38 66
31 66
23 47
9 47
47 69
10 47
3 47
6 47
41 47
42 47
47 57
45 47
47 56
7 47
32 47
16 47
11 47
38 47
39 47
31 47
18 47
21 47
9 34
34 51
32 34
16 34
11 34
34 43
31 34
34 47
23 55
9 55
55 69
10 55
0 55
3 55
6 55
41 55
24 55
42 55
55 63
55 57
22 55
55 56
51 55
7 55
32 55
16 55
55 64
43 55
39 55
47 55
9 59
51 59
32 59
16 59
11 59
43 59
39 59
20 23
9 20
3 20
6 20
20 24
20 42
20 22
20 45
20 33
7 20
20 40
16 20
11 20
20 38
20 39
9 46
40 46
11 46
38 46
31 46
20 46
46 55
9 54
16 54
54 64
43 54
39 54
47 54
13 47
13 15
13 66
23 50
9 50
50 69
10 50
3 50
6 50
24 50
42 50
50 57
50 56
33 50
50 51
7 50
40 50
11 50
38 50
31 50
20 50
13 50
50 54
2 23
2 9
2 69
2 10
0 2
2 3
2 6
2 41
2 24
2 42
2 63
2 57
2 22
2 45
2 56
2 51
2 7
2 40
2 11
2 43
2 31
2 20
2 13
9 25
25 41
24 25
25 63
25 57
25 56
25 33
25 51
25 32
25 40
25 64
25 43
25 39
20 25
25 55
23 27
9 27
27 69
10 27
0 27
3 27
6 27
27 41
24 27
27 42
27 57
27 56
27 33
27 51
7 27
11 27
27 64
27 43
27 39
27 47
27 55
25 27
2 27
27 67
27 52
9 65
40 65
11 65
38 65
39 65
20 65
55 65
25 65
30 65
61 65
17 23
9 17
17 69
10 17
3 17
6 17
17 41
17 63
17 22
17 45
17 33
7 17
17 32
17 40
11 17
17 43
17 39
17 20
17 55
17 25
17 30
2 17
17 65
17 46
17 37
23 28
9 28
28 69
10 28
3 28
6 28
28 41
24 28
22 28
28 45
28 56
28 51
7 28
28 40
28 64
28 38
28 31
28 47
28 55
25 28
28 30
28 67
28 52
28 46
35 40
16 35
35 64
35 38
35 39
20 35
35 47
35 54
30 35
35 67
35 52
35 46
34 35
35 66
12 23
9 12
12 41
12 42
12 22
12 56
12 33
12 51
12 32
12 40
12 64
12 43
12 31
12 47
12 13
12 54
12 30
12 67
12 52
12 35
12 37
12 27
1 9
1 51
1 32
1 16
1 64
1 38
1 39
1 20
1 13
1 54
1 25
1 67
1 65
1 46
1 27
44 64
38 44
31 44
44 47
44 55
13 44
2 44
44 61
44 65
35 44
27 44
29 44
23 26
9 26
26 69
10 26
3 26
6 26
26 41
26 42
26 57
26 45
26 56
26 51
26 40
16 26
11 26
26 38
26 39
26 47
26 55
25 26
26 30
26 61
26 65
26 35
26 27
26 44
1 26
9 53
42 53
22 53
53 56
33 53
51 53
32 53
16 53
11 53
43 53
39 53
20 53
53 55
53 54
30 53
2 53
52 53
35 53
37 53
28 53
1 53
53 66
21 53
26 53
14 53
29 53
53 59
31 68
20 68
55 68
54 68
2 68
67 68
52 68
46 68
35 68
44 68
1 68
53 68
19 23
9 19
0 19
6 19
19 41
19 57
19 22
19 56
19 33
19 51
19 40
16 19
19 64
19 43
19 31
19 20
13 19
19 54
19 30
19 67
19 65
19 35
19 27
19 28
4 19
1 19
19 58
15 19
9 36
36 45
36 56
36 51
32 36
16 36
11 36
36 43
36 38
31 36
36 55
25 36
30 36
36 67
36 65
35 36
36 37
36 44
4 36
36 53
19 36
8 23
8 9
8 69
8 10
0 8
3 8
6 8
8 41
8 24
8 42
8 57
8 22
8 56
7 8
8 32
8 16
8 11
8 43
8 31
8 47
8 13
8 25
2 8
8 61
8 52
8 65
8 27
8 44
4 8
8 17
8 58
8 36
8 29
8 48
8 12
8 21
8 15
8 50
23 60
9 60
0 60
41 60
24 60
42 60
22 60
45 60
33 60
7 60
32 60
40 60
60 64
38 60
39 60
20 60
13 60
25 60
2 60
60 61
60 65
46 60
35 60
28 60
4 60
17 60
58 60
8 60
21 60
15 60
9 62
45 62
51 62
7 62
32 62
40 62
62 64
43 62
31 62
20 62
13 62
25 62
30 62
62 67
52 62
35 62
37 62
28 62
4 62
53 62
19 62
32 49
40 49
11 49
38 49
31 49
47 49
49 55
25 49
30 49
49 67
49 52
49 65
37 49
28 49
44 49
1 49
17 49
19 49
49 66
14 49
34 49
18 49
26 49
49 62
49 59
5 64
5 43
5 39
5 47
5 13
5 54
2 5
5 67
5 61
5 46
5 37
5 27
5 44
5 17
5 19
5 49
5 14
5 26
5 36
5 59
5 60
5 68
5 18
5 48
21 62
15 62
60 62
34 62
48 62
12 62
62 68
18 62
50 60
12 60
60 68
60 66
8 68
21 36
26 36
18 36
36 59
12 36
36 68
36 50
18 19
19 68
19 34
19 66
14 68
26 68
29 68
18 68
50 53
18 53
26 58
21 26
26 50
12 26
26 34
26 66
1 44
34 44
44 48
15 44
14 44
4 44
1 15
1 18
1 12
1 59
1 50
1 66
1 58
12 17
12 58
12 21
12 50
12 18
12 34
35 50
28 35
35 48
18 28
17 28
28 66
28 50
4 28
21 28
28 58
14 28
4 17
15 17
17 34
17 48
17 29
17 58
14 17
14 65
37 65
50 65
46 65
27 65
15 65
4 65
27 37
15 27
18 27
21 27
27 58
27 29
27 59
25 58
15 25
21 25
25 29
25 34
2 25
25 66
4 25
2 66
2 52
2 15
2 58
2 61
2 34
2 50
2 59
2 46
2 29
50 61
37 50
50 58
14 50
48 50
50 66
29 50
13 54
4 13
13 37
13 30
13 67
13 58
13 61
4 54
18 54
46 54
54 61
48 54
14 54
54 59
54 67
52 54
30 54
37 54
46 61
46 59
14 46
46 58
46 48
29 46
21 46
18 46
37 46
20 30
20 59
20 29
20 37
20 52
20 67
20 58
14 20
55 59
59 67
59 61
37 59
58 59
14 59
15 59
34 59
59 66
48 59
29 59
18 55
29 55
34 55
52 55
21 55
14 55
48 55
34 61
34 52
34 37
4 34
14 34
34 66
34 48
29 34
47 66
47 48
15 47
4 47
47 61
61 66
52 66
37 66
14 66
15 66
18 66
30 38
38 39
37 38
38 58
14 38
29 38
18 38
38 67
31 39
14 39
18 39
21 39
39 58
15 39
29 39
31 61
31 48
31 52
30 31
31 37
4 31
30 48
48 67
48 61
4 48
48 58
21 48
15 48
29 48
11 67
11 43
11 64
11 37
11 15
11 58
14 64
61 64
18 64
30 64
21 64
52 64
4 64
29 64
21 43
21 30
21 61
21 52
4 21
21 58
21 29
15 21
16 43
16 61
16 29
16 58
16 52
16 37
4 16
16 30
43 67
43 61
15 43
43 52
4 43
33 61
30 33
33 58
33 40
7 40
32 40
37 40
29 40
40 67
14 40
15 40
18 40
14 30
14 67
14 37
14 18
14 29
30 32
32 61
15 32
32 67
32 52
4 32
32 58
30 67
37 67
15 67
18 67
18 45
45 56
45 58
51 56
52 56
15 56
29 56
4 56
37 56
30 56
7 56
56 61
18 56
7 61
58 61
52 61
4 61
29 61
22 30
7 22
22 58
18 22
30 51
29 30
30 37
18 30
57 58
18 57
7 57
7 51
7 15
4 7
7 37
7 52
7 29
7 18
58 63
18 63
51 58
52 58
4 58
18 42
18 51
18 52
15 18
29 51
4 29
15 29
41 52
37 41
51 52
15 52
4 52
6 15
4 6
4 51
4 37
3 15
3 37
37 51
10 15
0 15
15 51
0 51
0 9
