70 483
37 52
37 58
0 58
4 52
4 58
37 42
0 42
28 52
28 58
28 42
15 37
0 15
15 28
46 52
46 58
42 46
15 46
8 42
8 37
0 8
8 28
8 46
4 8
52 61
42 61
15 61
8 61
29 52
29 42
15 29
8 29
29 37
0 29
29 46
28 29
4 29
45 52
42 45
15 45
8 45
29 45
29 32
32 37
0 32
4 32
32 46
28 32
32 61
52 53
42 53
15 53
8 53
29 53
32 53
15 50
29 50
37 50
0 50
46 50
4 50
28 50
11 15
8 11
11 50
37 39
0 39
52 54
29 54
24 52
24 42
15 24
24 29
24 37
0 24
4 24
24 28
43 52
42 43
8 43
29 43
24 43
41 52
41 58
41 42
15 41
8 41
29 41
35 41
39 41
37 41
41 43
52 67
42 67
15 67
8 67
50 67
41 67
3 50
3 35
3 18
24 65
39 65
10 50
10 39
10 37
10 57
24 33
33 35
33 57
26 32
26 35
52 55
42 55
15 55
8 55
32 55
35 55
24 38
35 38
38 55
47 53
10 19
19 47
18 20
20 57
20 53
7 32
7 41
7 55
7 65
7 20
7 19
4 7
7 45
7 46
7 33
9 24
9 41
9 55
9 65
36 57
36 65
4 56
3 56
55 62
47 62
56 62
55 69
26 69
56 69
50 63
41 63
55 63
26 63
56 63
63 69
5 10
5 26
5 20
5 37
6 57
6 26
0 31
31 38
31 45
6 31
24 64
35 64
57 64
47 64
31 64
10 51
26 51
37 51
51 69
6 51
20 34
34 51
6 34
18 22
22 26
22 36
19 22
22 51
36 40
11 40
4 40
22 40
18 30
30 47
30 56
11 30
5 30
2 30
30 46
7 30
30 34
37 44
19 44
43 44
38 44
28 44
33 44
0 44
44 54
30 44
24 66
39 66
10 66
65 66
20 66
37 66
4 66
38 66
64 66
40 66
53 66
44 66
3 66
63 66
17 43
5 17
31 59
11 59
43 59
22 59
59 64
59 62
0 59
12 35
12 41
12 55
12 65
12 36
12 19
12 43
12 22
12 59
1 52
1 42
1 8
1 29
1 32
1 41
1 10
1 26
1 36
1 51
1 9
1 45
1 2
1 33
5 49
16 50
16 39
16 57
16 65
16 36
16 69
9 16
16 45
0 16
14 31
11 14
6 14
14 16
14 46
1 14
0 14
15 48
29 48
48 50
39 48
10 48
48 57
20 48
48 51
5 48
16 48
48 59
40 48
34 48
20 25
11 25
6 25
16 25
13 32
13 41
10 13
13 47
13 37
13 19
9 13
13 45
13 46
13 25
23 64
13 23
23 53
23 34
23 60
23 49
13 40
18 21
21 57
21 56
21 69
6 21
21 45
21 28
13 21
21 49
21 60
17 21
21 63
13 54
7 25
0 25
25 48
25 30
25 49
3 48
14 48
14 54
14 60
16 46
16 49
28 49
1 49
49 61
1 12
1 17
20 27
27 37
9 27
5 27
2 27
12 27
27 53
27 67
27 54
27 61
12 61
12 67
12 62
17 59
17 62
17 30
3 17
2 61
2 3
2 40
34 40
0 40
22 62
22 60
22 54
22 34
28 34
34 67
51 64
46 51
0 51
43 64
38 64
33 64
64 67
54 64
31 37
28 31
31 46
6 9
6 62
6 45
5 6
5 63
5 33
45 63
28 63
33 63
62 63
63 67
43 69
62 69
9 69
28 69
54 69
53 62
61 62
36 56
33 36
9 36
36 54
11 36
9 54
4 9
9 60
46 60
7 60
54 60
7 53
19 20
20 67
19 53
19 38
0 19
19 33
47 61
47 67
37 47
38 47
4 38
38 53
38 67
28 38
3 38
26 55
55 61
54 55
4 55
53 55
26 46
26 33
26 54
4 26
33 45
3 33
45 57
0 57
57 65
10 65
10 46
10 45
43 65
11 65
3 65
28 65
3 11
3 4
0 3
18 67
11 18
18 28
18 37
0 18
11 67
43 67
61 67
0 41
41 46
41 53
37 68
43 68
37 43
43 53
43 61
24 61
24 46
24 35
35 37
0 35
35 54
35 45
28 35
39 54
4 39
11 39
39 61
4 11
11 61
45 50
50 53
28 53
32 45
37 45
29 61
37 61
46 61
4 46
4 15
4 28
4 42
0 52
