70 483
41 69
41 43
3 69
3 43
41 52
3 52
5 69
5 43
5 52
9 41
3 9
5 9
8 69
8 43
8 52
41 65
3 65
5 65
8 65
19 69
19 43
19 52
19 65
9 19
35 41
3 35
5 35
19 35
61 69
43 61
52 61
9 61
61 65
41 63
3 63
5 63
8 63
61 63
1 69
1 43
1 52
38 41
3 38
5 38
19 38
38 61
1 38
11 41
3 11
5 11
8 11
11 61
11 69
11 43
44 61
11 44
54 61
1 54
54 65
54 69
43 54
44 54
5 55
1 55
54 55
35 55
11 58
47 69
43 47
47 63
11 31
31 47
31 69
17 41
3 17
5 17
8 17
17 61
11 17
17 65
17 35
17 31
15 38
15 69
13 69
13 43
13 52
41 48
3 48
13 48
1 48
48 65
47 48
31 48
28 69
0 28
28 48
28 44
9 28
41 50
3 50
5 50
8 50
19 50
13 50
50 54
35 50
6 41
3 6
5 6
6 8
6 61
6 13
6 65
6 35
6 69
6 43
11 46
35 46
6 46
28 46
3 53
5 53
53 61
11 53
53 65
35 53
6 53
39 41
3 39
5 39
13 39
39 65
39 54
6 39
38 39
31 57
39 57
31 42
39 42
42 59
11 45
45 54
6 45
38 45
42 45
36 42
9 36
36 45
11 20
20 35
20 31
20 38
65 67
35 67
58 67
39 67
7 67
19 21
1 21
11 21
21 35
21 58
15 21
31 34
28 34
7 34
6 27
15 27
27 34
27 43
30 65
30 54
30 58
28 30
30 34
30 43
27 30
37 40
40 54
6 40
38 40
40 59
40 63
27 40
12 40
6 51
28 51
51 59
21 51
51 55
17 51
12 51
2 42
2 36
2 46
2 51
32 67
32 69
2 32
12 32
32 53
32 50
2 69
2 52
3 60
5 60
19 60
11 60
54 60
47 60
58 60
38 60
39 60
60 63
46 60
57 60
16 27
16 40
59 66
36 66
46 66
45 66
33 65
33 54
33 58
15 33
33 34
33 63
4 33
4 20
4 67
10 31
10 38
10 34
10 43
10 46
10 17
14 59
14 43
14 27
14 20
14 45
0 14
10 14
25 33
25 57
14 25
33 49
45 49
14 49
49 60
58 64
38 64
34 64
21 64
40 64
51 64
16 64
49 64
9 64
60 64
29 64
44 64
25 49
49 50
9 49
25 50
7 56
21 56
33 56
17 56
56 67
37 68
47 68
58 68
15 68
42 68
63 68
55 68
45 68
16 68
53 68
24 58
15 24
24 39
24 63
24 27
24 45
24 67
24 68
24 52
24 53
31 62
39 62
42 62
62 63
55 62
20 62
62 66
62 69
24 62
56 62
18 46
18 20
18 67
4 18
0 18
18 62
18 25
10 18
44 62
10 24
52 68
56 68
30 68
50 56
25 56
56 60
25 44
6 23
23 38
23 39
23 36
23 27
20 23
23 66
14 23
9 23
12 23
23 53
23 29
4 10
10 48
10 12
4 26
0 4
4 48
20 33
29 33
33 45
33 52
29 51
29 66
29 69
0 29
29 53
52 66
16 66
30 66
16 48
16 60
9 16
52 60
2 60
2 12
2 30
0 51
9 51
12 69
0 12
26 40
40 57
40 44
30 40
30 50
30 48
26 30
27 67
27 69
21 34
17 34
34 52
34 63
21 63
21 44
21 67
21 52
21 43
21 26
57 67
26 67
7 20
7 44
0 7
20 36
17 20
20 53
0 36
36 50
36 46
17 45
44 45
42 50
42 43
42 69
42 57
43 57
55 57
57 69
48 57
26 57
39 69
39 53
26 39
53 59
43 53
53 55
26 53
46 59
55 59
9 59
48 59
17 46
46 50
9 46
6 63
6 50
28 50
17 50
9 50
43 48
48 55
0 48
26 48
13 65
13 26
9 13
22 69
22 43
22 52
22 26
22 65
9 22
11 26
26 54
26 58
15 26
26 52
15 17
15 43
15 55
15 52
17 63
17 52
9 31
0 31
31 43
47 58
0 47
44 47
58 69
55 58
52 58
55 63
0 55
44 55
52 54
38 44
44 69
9 44
11 52
11 38
35 38
38 69
38 63
1 63
1 35
37 63
35 61
35 65
35 69
35 43
9 35
65 69
43 65
9 65
52 65
8 9
37 43
43 69
37 69
0 37
