70 483
23 26
22 23
26 55
22 55
19 23
19 55
25 26
22 25
19 25
14 26
14 22
14 19
14 23
14 25
14 55
17 26
17 22
17 19
14 17
14 45
23 45
25 45
45 55
17 45
4 45
8 14
8 23
8 55
8 25
8 17
8 38
22 49
19 49
14 49
8 49
23 24
24 55
24 25
26 36
22 36
19 36
14 36
36 45
8 36
24 36
26 64
22 64
45 64
8 64
23 64
55 64
25 64
26 52
22 52
19 52
14 52
45 52
23 61
55 61
25 61
17 61
14 54
54 61
26 34
22 34
19 34
14 34
34 45
34 61
24 34
23 34
34 55
34 63
31 63
23 63
7 61
23 65
17 65
7 65
49 65
61 67
65 67
23 67
12 14
12 61
12 34
12 31
12 38
7 12
6 45
6 8
6 64
6 31
6 28
6 17
6 56
7 56
16 26
16 22
14 16
16 61
16 64
16 31
16 23
16 54
1 45
1 8
1 34
23 58
13 45
13 61
13 64
13 58
6 13
12 13
9 61
9 31
6 9
34 50
31 50
38 50
24 44
44 65
23 44
44 50
44 54
1 62
32 62
15 38
15 54
15 16
15 55
21 54
17 21
9 60
34 37
37 38
23 37
37 50
9 37
20 45
8 20
20 24
20 38
20 23
20 50
20 37
20 49
20 21
1 27
27 32
27 60
9 35
35 49
0 35
27 35
28 39
53 64
34 53
6 53
7 53
9 53
17 53
64 68
58 68
7 68
50 68
37 68
55 68
28 68
14 40
8 40
24 40
31 40
23 40
7 40
1 40
40 49
40 68
40 63
26 59
22 59
14 59
8 59
59 64
31 59
6 59
7 59
16 59
55 59
0 59
15 59
35 59
40 59
59 67
54 66
32 66
28 66
63 66
59 66
23 43
43 50
9 43
32 43
28 43
13 43
35 43
43 66
57 68
53 57
39 57
43 57
20 57
5 34
5 31
5 23
5 12
5 54
5 49
5 28
5 13
24 48
38 48
23 48
12 48
1 48
17 48
21 48
48 53
46 48
4 46
22 42
19 42
14 42
42 45
42 64
42 65
6 42
7 42
9 42
42 49
0 42
42 53
42 56
0 51
27 51
35 51
21 33
13 33
33 39
1 10
10 17
0 10
10 15
10 56
10 33
10 20
29 37
29 49
29 68
29 53
29 56
29 33
30 61
30 65
6 30
7 30
30 37
30 32
30 68
15 30
30 48
30 40
30 36
1 41
41 55
41 60
15 41
39 41
4 41
30 41
34 47
31 47
38 47
7 47
47 54
17 47
28 47
15 47
47 56
18 54
17 18
18 21
18 27
18 59
18 40
18 25
18 47
0 2
2 63
2 48
2 43
2 18
2 52
2 47
2 25
18 67
25 47
41 47
14 69
8 69
24 69
31 69
38 69
50 69
16 69
55 69
21 69
13 69
39 69
51 69
42 69
47 69
1 11
11 49
11 68
11 27
11 56
4 11
11 29
11 52
11 69
11 41
62 69
10 41
29 30
30 66
29 44
10 29
10 66
33 62
33 52
33 51
5 51
36 51
42 51
20 42
42 46
42 62
25 46
46 66
46 67
5 48
25 48
44 48
5 20
5 62
5 57
5 36
44 57
57 62
4 43
43 67
52 66
20 59
4 40
20 40
40 44
67 68
53 68
53 63
39 53
53 62
35 39
36 39
4 35
35 62
13 27
27 44
20 27
37 55
37 56
25 37
37 60
37 67
28 60
44 60
56 60
52 60
60 63
21 60
13 21
15 21
15 62
15 56
32 44
32 49
4 32
25 44
36 44
50 54
9 50
50 55
4 50
1 50
1 9
9 52
9 49
9 13
13 17
13 36
13 25
38 58
55 58
1 58
1 38
1 16
1 25
4 16
16 17
16 63
16 67
0 16
16 56
52 56
6 55
6 25
4 6
12 28
28 54
17 28
28 36
12 52
12 36
0 12
12 67
12 49
12 25
63 67
52 67
36 67
54 65
4 65
7 23
7 63
7 17
55 63
52 63
4 63
34 54
25 34
34 52
23 54
36 54
52 61
52 64
23 52
52 55
38 64
31 64
17 64
23 31
31 36
23 36
36 49
24 49
4 24
23 49
4 8
0 4
38 45
3 23
3 55
3 25
3 17
17 55
25 38
0 25
0 55
22 38
23 38
26 38
0 38
