70 1207
50 58
50 62
58 62
50 54
54 62
7 50
7 62
7 58
7 54
47 50
47 62
7 47
50 64
62 64
7 64
58 64
54 64
50 65
62 65
7 65
64 65
50 52
52 62
7 52
52 64
52 58
52 54
44 50
44 62
7 44
44 64
44 52
27 62
27 64
27 58
27 54
27 47
27 44
27 65
50 68
62 68
7 68
64 68
52 68
27 68
44 68
24 50
24 62
7 24
24 64
24 52
24 44
24 58
24 54
24 65
24 47
9 50
9 62
7 9
9 64
9 52
9 27
9 44
9 24
11 52
11 44
11 58
11 54
11 47
11 65
3 50
3 62
3 7
3 64
3 52
3 27
3 44
3 24
3 11
38 50
38 62
7 38
38 64
38 52
27 38
38 44
24 38
11 38
38 58
38 54
38 47
38 65
9 38
3 38
38 68
36 50
36 62
7 36
36 64
36 52
27 36
36 44
24 36
11 36
36 38
36 58
36 54
36 65
36 47
3 36
36 68
9 36
46 50
46 62
7 46
46 64
46 52
27 46
44 46
24 46
11 46
38 46
36 46
50 59
59 62
7 59
59 64
52 59
27 59
44 59
24 59
11 59
38 59
36 59
58 59
54 59
59 65
47 59
9 59
3 59
59 68
46 59
6 50
6 62
6 7
6 64
6 52
6 27
6 44
6 24
6 11
6 38
6 36
6 59
38 66
59 66
58 66
54 66
65 66
47 66
3 66
66 68
9 66
6 66
46 66
2 50
2 62
2 7
2 64
2 52
2 27
2 44
2 24
2 11
2 38
2 36
2 59
2 66
27 67
44 67
59 67
66 67
58 67
54 67
65 67
47 67
67 68
9 67
3 67
46 67
6 67
14 50
14 62
7 14
14 64
14 52
14 27
14 44
14 24
11 14
14 38
14 36
14 59
14 66
14 67
0 14
58 60
54 60
47 60
60 65
3 60
9 60
60 68
23 50
23 62
7 23
23 64
23 52
23 27
23 44
11 23
23 36
23 66
29 50
29 62
7 29
29 64
29 52
27 29
29 44
24 29
29 38
29 67
29 58
29 54
29 65
29 47
29 68
9 29
3 29
29 46
6 29
29 30
0 30
25 50
25 62
7 25
25 64
25 52
25 27
25 44
24 25
11 25
25 38
25 36
25 66
0 25
25 60
25 58
25 54
25 47
25 65
9 25
3 25
25 68
2 25
12 50
12 62
7 12
12 64
12 44
11 12
12 38
12 59
12 29
12 60
12 25
50 55
55 62
7 55
55 64
52 55
11 55
36 55
55 59
19 58
19 54
19 65
19 47
9 19
19 68
3 19
6 19
19 46
33 50
33 62
7 33
33 64
27 33
33 44
33 36
33 66
19 33
0 33
48 50
48 62
7 48
48 64
48 52
27 48
44 48
24 48
36 48
48 59
29 48
28 50
28 62
7 28
28 64
28 52
27 28
28 44
24 28
28 38
28 59
19 28
28 58
28 54
28 47
28 65
9 28
3 28
28 68
50 61
61 62
7 61
61 64
52 61
44 61
36 61
61 66
0 61
28 61
55 61
43 62
43 64
43 52
43 44
36 43
43 67
29 43
28 43
25 43
43 58
43 54
43 61
26 55
26 43
50 63
62 63
7 63
63 64
52 63
27 63
44 63
24 63
36 63
59 63
0 63
28 63
25 63
55 63
58 63
54 63
4 27
4 44
4 36
4 67
0 4
4 60
4 25
4 55
4 63
62 69
24 69
36 69
66 69
29 69
60 69
25 69
25 42
42 55
42 58
42 54
42 47
42 65
16 50
16 62
7 16
16 64
16 52
16 27
16 44
16 24
11 16
16 38
16 36
16 67
16 29
16 28
16 48
16 42
16 43
16 54
31 50
31 62
7 31
31 64
31 52
27 31
31 44
24 31
11 31
31 38
31 36
31 59
31 66
31 67
29 31
28 31
31 48
31 43
31 54
49 62
7 49
49 64
11 49
36 49
49 59
0 49
28 49
25 49
42 49
43 49
49 58
17 50
17 62
17 44
17 24
17 59
17 66
17 67
17 28
17 48
17 43
17 63
17 49
17 31
17 68
17 46
50 51
51 62
7 51
51 64
51 52
27 51
44 51
24 51
11 51
38 51
36 51
51 59
51 66
51 67
29 51
0 51
25 51
42 51
51 63
51 69
31 51
51 68
56 67
28 56
48 56
55 56
43 56
56 69
39 44
11 39
36 39
39 59
19 39
39 60
39 48
39 55
39 43
39 54
39 58
14 39
39 65
30 39
20 39
20 56
20 46
36 53
53 66
0 53
28 53
48 53
42 53
43 53
53 54
31 53
53 68
53 56
22 50
22 62
7 22
22 64
22 52
22 27
22 44
22 24
11 22
22 38
22 36
22 59
22 67
22 28
22 48
22 42
22 43
22 49
22 69
22 56
22 53
22 51
20 22
2 22
16 22
22 23
8 50
8 62
7 8
8 64
8 52
8 44
8 36
8 67
8 29
8 28
8 48
8 55
8 43
8 69
8 39
8 56
8 46
8 51
8 9
18 50
18 62
18 64
18 24
18 38
18 59
18 29
0 18
18 25
18 55
18 63
18 54
18 31
18 68
18 46
18 51
9 18
41 64
11 41
38 41
41 59
29 41
41 60
41 55
41 43
41 63
41 54
39 41
31 41
41 56
41 51
18 41
2 41
21 50
21 62
21 44
11 21
21 38
21 59
21 29
21 60
21 48
21 55
21 63
21 49
21 31
21 56
21 46
35 50
35 62
7 35
35 64
35 52
27 35
35 44
24 35
35 38
35 66
35 67
35 60
35 48
35 55
35 54
35 49
35 39
31 35
35 46
35 53
14 35
29 37
0 37
37 60
37 55
37 54
37 69
37 39
37 68
37 46
35 37
9 37
2 37
29 32
28 32
32 48
32 42
32 63
32 54
32 69
32 68
32 56
32 35
20 32
21 32
32 37
17 32
5 50
5 62
5 7
5 64
5 52
5 24
5 38
5 66
0 5
5 28
5 48
5 42
5 54
5 49
5 69
5 68
5 53
5 35
5 20
5 21
5 32
5 8
5 6
5 37
5 61
5 58
4 5
3 5
5 33
5 41
1 38
1 66
1 67
1 60
1 55
1 43
1 63
1 49
1 39
1 31
1 46
1 51
1 9
1 2
1 21
1 23
1 5
1 4
57 69
57 68
53 57
51 57
20 57
2 57
21 57
23 57
8 57
22 57
12 57
14 57
3 57
29 45
28 45
25 45
42 45
45 63
45 49
39 45
45 68
45 53
35 45
9 45
18 45
21 45
8 45
4 45
22 45
45 57
45 58
12 45
13 52
13 44
13 38
13 67
13 29
13 60
13 48
13 43
13 54
13 49
13 31
13 56
13 46
13 51
13 20
2 13
13 32
13 16
4 13
13 22
13 57
13 58
13 37
13 45
13 65
13 61
13 17
13 33
3 13
13 47
3 45
45 47
45 61
26 45
41 45
17 45
57 65
1 57
34 50
34 62
7 34
34 64
34 52
34 44
34 38
34 66
19 34
0 34
34 48
34 55
34 43
34 54
34 39
34 68
34 53
34 51
9 34
2 34
32 34
23 34
8 34
4 34
34 57
30 34
12 34
6 34
1 34
26 34
17 34
14 34
15 44
11 15
15 38
15 59
15 67
15 28
15 48
15 42
15 54
15 49
15 39
15 68
15 46
15 35
9 15
2 15
15 21
15 16
5 15
15 22
15 57
15 58
12 15
6 15
15 65
15 61
15 26
14 15
15 41
15 34
34 41
30 57
1 30
1 12
1 6
10 36
10 67
0 10
10 60
10 55
10 42
10 43
10 69
10 39
10 68
10 46
10 35
10 18
2 10
10 32
8 10
5 10
4 10
40 52
38 40
36 40
40 59
0 40
28 40
25 40
40 42
40 54
40 49
31 40
40 56
40 46
40 51
20 40
18 40
32 40
16 40
8 40
4 40
40 41
6 40
10 40
14 40
40 47
40 61
12 40
40 58
17 40
26 40
10 30
10 12
6 10
1 10
10 33
10 17
3 10
10 14
10 47
1 26
1 61
1 65
1 47
5 47
23 32
14 32
6 32
8 32
26 32
12 32
32 65
16 37
4 37
37 58
12 37
3 37
6 37
37 65
37 47
17 37
37 61
33 37
30 35
3 35
9 35
35 58
35 51
2 35
23 35
35 65
21 35
20 21
2 21
21 33
3 21
21 47
21 61
21 30
21 41
21 58
4 21
16 41
4 41
41 58
12 41
41 65
41 61
17 41
14 41
18 26
18 23
4 18
18 30
18 58
18 47
2 18
14 18
18 61
8 18
17 18
8 17
8 14
8 65
8 22
8 12
8 26
8 30
22 26
22 30
17 22
3 22
22 33
22 61
22 58
53 58
9 53
3 53
53 61
30 53
26 53
14 53
23 53
47 53
20 53
6 53
20 61
20 33
14 20
9 20
20 30
2 20
16 20
12 20
20 65
33 39
39 68
39 56
23 39
4 39
39 46
3 56
9 56
56 65
14 56
46 56
23 56
56 58
47 56
12 56
51 56
16 51
26 51
33 51
4 51
12 51
51 61
17 51
9 17
16 17
17 30
17 61
17 33
6 49
14 49
26 49
46 49
2 49
49 65
47 49
23 49
31 49
9 49
31 69
31 58
12 31
16 31
31 61
2 31
26 31
6 31
30 31
31 33
16 68
16 46
2 16
3 16
16 33
16 26
4 16
14 16
16 23
6 16
30 42
9 42
3 42
14 42
42 68
42 69
33 42
63 69
54 69
58 69
4 69
12 69
61 69
30 69
26 69
9 69
47 69
3 69
6 69
4 68
4 46
4 9
4 6
4 47
4 65
2 63
33 63
30 63
12 63
9 63
23 63
3 63
26 63
47 63
61 63
9 26
26 58
12 26
3 26
26 47
14 26
2 43
43 47
43 46
43 65
43 68
61 68
23 61
30 61
3 61
28 48
6 28
48 58
48 54
48 65
47 48
48 55
9 48
3 48
33 48
48 68
33 54
33 46
23 33
33 58
30 33
6 33
33 65
33 47
3 33
19 55
55 60
55 58
54 55
55 65
47 55
23 55
6 55
12 55
12 68
2 12
12 23
12 14
23 25
25 30
25 46
6 25
14 25
23 30
30 47
6 30
30 65
23 29
23 60
9 23
23 65
23 47
23 58
3 23
46 60
14 60
2 60
14 54
14 58
6 14
14 65
2 67
0 2
2 68
2 46
2 6
2 65
0 66
0 6
6 54
6 46
6 9
6 65
0 46
46 54
46 65
0 38
0 3
3 54
3 9
3 58
3 47
11 68
9 11
0 11
0 9
9 47
9 58
24 68
0 68
54 68
58 68
47 68
0 27
44 58
44 54
44 65
44 47
52 65
47 52
0 65
54 65
47 64
0 64
0 47
0 7
0 54
54 58
0 62
0 58
0 50
