70 966
17 36
31 36
29 31
9 17
9 31
5 36
5 29
5 9
5 65
17 35
31 35
5 35
25 36
25 29
9 25
25 65
25 35
6 17
5 6
6 31
6 25
23 36
23 29
9 23
23 65
23 35
6 23
36 64
29 64
9 64
64 65
35 64
6 64
17 64
31 64
5 64
25 64
23 64
36 68
29 68
9 68
65 68
35 68
6 68
64 68
13 29
9 13
13 65
6 13
13 17
5 13
13 31
13 68
13 23
13 25
26 36
26 29
9 26
26 65
26 35
6 26
26 64
13 26
5 26
17 33
31 33
23 33
25 33
33 68
2 36
2 29
2 9
2 65
2 35
2 6
2 64
2 13
2 5
2 33
17 42
31 42
23 42
25 42
42 68
26 42
2 42
60 64
42 60
13 34
5 34
17 34
31 34
23 34
34 68
25 34
1 5
1 33
1 34
36 52
29 52
9 52
52 65
35 52
6 52
52 64
13 52
5 52
9 69
64 69
5 69
33 69
17 69
31 69
68 69
25 69
23 69
24 65
6 24
5 24
24 69
24 52
35 49
49 64
5 49
33 49
49 52
17 49
31 49
25 49
49 60
12 65
6 12
12 13
12 69
12 52
12 49
0 12
13 67
5 67
52 67
9 44
44 64
5 44
44 69
34 44
44 52
17 44
31 44
23 44
44 68
25 44
5 51
51 69
51 52
44 51
49 51
51 67
16 36
16 29
9 16
6 16
13 16
16 33
16 34
16 52
0 16
0 8
2 8
8 17
9 50
50 64
5 50
50 69
50 52
44 50
36 63
29 63
9 63
63 65
6 63
63 64
5 63
33 63
63 69
44 63
0 63
17 63
31 63
13 18
18 42
18 52
18 49
18 63
8 18
48 69
44 48
2 48
48 67
17 48
4 36
4 9
4 65
4 64
4 13
4 33
4 69
4 52
0 4
2 4
4 48
1 4
36 62
29 62
9 62
62 65
35 62
62 64
13 62
62 69
34 62
44 62
62 63
2 62
16 62
32 63
32 67
8 32
17 32
36 39
29 39
9 39
39 65
35 39
6 39
39 64
13 39
5 39
33 39
39 52
39 44
0 39
39 67
39 48
32 39
10 13
10 33
10 52
10 49
10 63
2 10
8 10
10 16
10 17
36 40
29 40
9 40
40 65
35 40
40 64
13 40
33 40
34 40
40 44
40 63
40 67
8 40
10 40
36 41
29 41
9 41
41 65
35 41
6 41
41 64
13 41
5 41
33 41
41 69
41 44
41 63
41 67
16 41
1 41
17 41
41 51
23 41
18 41
0 46
8 46
46 48
1 46
41 46
46 62
28 36
28 29
9 28
28 65
28 35
6 28
28 64
13 28
5 28
28 33
28 69
28 49
0 28
28 67
28 48
28 32
28 41
8 55
32 55
41 55
17 55
36 38
29 38
9 38
38 65
35 38
6 38
38 64
13 38
5 38
33 38
34 38
38 49
38 63
2 38
8 38
32 38
38 62
38 55
38 39
3 34
3 49
3 63
2 3
3 16
3 32
3 41
29 43
9 43
43 65
43 64
13 43
42 43
43 52
43 44
0 43
8 43
16 43
1 43
43 62
27 43
39 43
20 35
20 64
5 20
20 33
20 34
20 52
0 20
20 67
8 20
20 32
20 62
20 27
20 51
3 20
22 63
22 67
22 48
22 32
22 41
22 55
22 28
20 22
22 25
0 59
59 67
16 59
32 59
59 62
55 59
28 59
3 59
20 59
46 59
9 56
6 56
13 56
5 56
52 56
49 56
2 56
8 56
48 56
1 56
41 56
55 56
39 56
3 56
56 59
43 56
7 69
7 44
0 7
7 67
7 8
7 32
7 10
7 62
7 39
3 7
7 59
7 17
7 22
7 26
36 66
29 66
65 66
64 66
5 66
33 66
34 66
49 66
63 66
8 66
48 66
1 66
10 66
27 66
39 66
51 66
20 66
17 66
7 66
5 61
61 69
34 61
49 61
0 61
2 61
16 61
1 61
10 61
55 61
27 61
20 61
25 61
59 61
7 61
46 61
24 61
50 61
23 61
47 49
2 47
16 47
32 47
41 47
27 47
28 47
3 47
40 45
34 53
49 53
53 63
53 67
16 53
1 53
41 53
53 55
39 53
51 53
45 53
17 53
7 53
4 53
19 65
6 19
5 19
19 42
19 52
19 49
2 19
19 67
19 48
19 32
19 62
19 27
19 39
3 19
19 20
17 19
19 60
19 46
4 19
19 38
19 68
19 40
48 54
32 54
10 54
27 54
28 54
3 54
25 54
43 54
7 54
46 54
19 54
12 54
24 54
21 65
21 64
5 21
21 33
21 69
21 49
21 63
21 67
8 21
1 21
21 41
21 55
21 28
21 51
21 25
21 59
21 43
21 61
21 47
21 23
21 54
21 66
21 50
15 45
15 59
15 60
4 15
15 47
15 40
15 23
15 21
15 26
0 58
58 67
8 58
1 58
41 58
58 62
39 58
51 58
20 58
58 59
46 58
58 61
19 58
23 58
54 58
15 58
53 58
11 34
11 44
11 63
2 11
11 16
11 32
10 11
11 55
11 39
11 51
11 45
11 17
11 60
11 61
11 12
11 23
11 54
11 21
11 58
14 36
14 29
9 14
14 65
14 35
6 14
14 64
13 14
5 14
14 69
14 34
14 49
0 14
14 67
14 16
14 32
10 14
14 62
14 28
14 51
14 25
14 17
14 60
14 46
14 47
12 14
14 68
14 66
14 38
14 18
14 31
11 14
30 36
29 30
9 30
30 65
30 35
6 30
30 64
13 30
5 30
30 42
30 69
30 44
30 63
2 30
16 30
1 30
30 41
30 55
27 30
3 30
25 30
17 30
7 30
30 46
4 30
23 30
30 54
15 30
30 38
14 30
34 37
37 44
0 37
2 37
37 48
32 37
37 62
37 55
28 37
3 37
37 45
17 37
37 60
37 61
12 37
37 40
37 68
37 66
37 58
31 37
11 37
18 37
30 37
37 56
26 30
30 53
30 50
14 56
11 31
11 53
11 26
50 58
38 58
26 58
15 53
15 38
15 24
21 22
18 21
21 31
54 66
54 68
50 54
19 22
19 24
19 53
5 57
33 57
34 57
44 57
0 57
57 67
48 57
1 57
41 57
55 57
51 57
20 57
25 57
43 57
57 60
4 57
19 57
12 57
57 68
57 66
38 57
22 57
26 57
56 57
24 57
18 57
12 53
53 68
22 53
53 56
50 53
45 47
17 45
24 45
43 47
47 60
47 61
4 47
47 56
26 47
18 47
47 66
47 50
12 47
61 66
31 61
40 66
56 66
22 66
18 66
7 12
7 18
7 56
7 40
7 46
46 56
40 56
56 68
22 56
24 56
17 59
40 59
59 68
24 59
59 60
22 59
22 46
22 40
22 68
22 50
22 26
20 31
20 50
20 43
20 68
20 26
20 60
12 20
25 43
17 43
43 46
43 50
31 43
23 43
26 43
12 43
38 43
17 27
23 27
3 27
4 27
27 51
27 31
26 27
24 27
3 28
3 18
3 24
3 38
3 12
3 25
3 23
25 38
17 38
4 38
38 40
23 38
24 38
31 38
39 55
25 55
18 55
40 55
28 55
28 60
28 40
28 46
26 28
28 50
28 31
23 28
4 28
46 51
24 46
26 46
18 46
41 60
40 41
40 51
4 40
40 68
26 40
18 40
10 26
10 60
10 12
10 25
10 39
10 62
10 50
10 24
10 31
10 68
18 39
25 39
12 39
39 68
24 39
17 39
39 51
32 68
32 62
32 50
17 62
26 62
4 62
60 62
62 68
50 62
12 62
4 51
4 25
4 17
4 60
4 12
4 68
4 31
1 48
26 48
18 48
24 48
48 60
23 48
48 50
16 48
16 18
18 25
17 18
18 23
18 50
18 24
2 63
1 63
50 63
63 68
24 63
8 50
25 50
50 60
12 50
31 50
8 24
8 25
8 68
8 16
16 17
16 68
16 51
12 16
16 31
16 25
1 51
51 68
17 51
51 60
26 51
44 67
2 44
0 44
2 67
17 67
23 67
31 67
12 67
1 12
12 23
12 31
26 49
49 68
23 49
24 49
1 24
23 24
24 31
24 26
52 69
26 69
2 69
34 52
17 52
31 52
23 52
52 68
25 52
0 52
1 52
1 2
1 17
1 23
1 31
1 25
26 34
2 34
34 60
0 60
2 60
23 60
60 68
31 60
2 17
2 31
2 25
2 26
26 33
0 33
0 26
23 26
5 68
31 68
5 23
0 23
23 25
0 6
5 25
25 31
5 17
5 31
0 5
9 65
31 65
0 31
17 29
17 65
0 17
29 65
0 65
