70 966
4 34
32 34
4 32
34 53
32 53
4 13
13 53
34 60
32 60
13 60
8 34
8 32
8 13
4 8
17 34
17 32
13 17
8 17
4 43
17 43
34 65
32 65
13 65
8 65
43 65
34 61
32 61
13 61
8 61
4 61
61 65
60 61
17 61
53 61
10 34
10 32
10 13
8 10
10 43
10 61
3 4
3 65
3 17
3 53
3 60
25 34
25 32
13 25
8 25
25 43
25 61
3 25
34 36
32 36
13 36
8 36
36 43
36 61
3 36
4 36
36 65
36 60
36 53
17 36
25 36
10 36
9 34
9 32
9 13
8 9
9 43
9 61
3 9
9 36
4 40
40 53
40 65
40 60
17 40
25 40
10 40
9 40
34 62
32 62
13 62
8 62
43 62
61 62
3 62
36 62
40 62
4 27
17 27
27 53
27 65
27 60
10 27
25 27
9 27
34 37
32 37
13 37
8 37
37 43
37 61
3 37
36 37
37 40
27 37
4 21
21 53
17 21
21 65
21 60
21 25
10 21
9 21
21 62
21 37
6 8
6 21
36 58
40 58
4 58
58 65
17 58
58 60
53 58
10 58
9 58
7 36
7 40
7 58
7 53
16 58
16 53
4 16
16 65
16 60
10 16
8 68
61 68
36 68
21 68
25 68
53 68
16 68
65 68
4 44
44 60
0 44
34 48
32 48
13 48
8 48
43 48
48 61
3 48
27 48
25 48
17 48
4 45
45 65
45 60
10 45
9 45
45 57
57 65
8 66
61 66
36 66
25 66
58 66
17 66
53 66
65 66
4 66
60 66
10 66
20 25
17 20
20 45
4 39
39 65
39 60
10 39
3 23
23 40
23 58
17 23
16 23
23 39
12 34
12 32
12 13
8 12
12 43
12 61
12 40
12 21
12 58
12 53
12 16
12 65
12 66
4 12
12 60
15 58
15 17
15 16
15 39
12 15
15 37
22 36
22 25
22 58
17 22
16 22
22 65
12 22
26 66
4 26
17 46
46 53
16 46
39 46
46 66
26 46
0 46
30 36
25 30
30 58
30 53
16 30
30 65
30 66
12 30
0 30
4 30
38 66
12 38
22 38
30 38
32 56
13 56
8 56
56 61
36 56
40 56
25 56
53 56
45 56
56 65
12 56
37 56
22 56
30 56
4 56
35 44
35 37
22 35
35 56
40 63
21 63
25 63
17 63
53 63
63 65
44 63
37 63
0 63
24 32
8 24
24 61
3 24
24 36
21 24
24 25
17 24
24 45
24 39
24 66
24 26
0 24
9 24
4 24
9 18
18 24
18 63
14 32
8 14
3 14
14 40
14 25
14 17
14 16
14 65
14 66
14 37
0 14
9 14
14 63
17 69
53 69
45 69
65 69
12 69
22 69
9 69
30 69
14 69
38 69
3 50
25 50
17 50
50 53
45 50
16 50
44 50
26 50
22 50
9 50
14 50
35 50
1 12
1 37
1 22
1 24
1 56
1 35
1 50
5 44
5 26
0 5
5 30
5 56
5 35
5 50
5 57
5 18
32 59
13 59
8 59
59 61
3 59
25 59
17 59
53 59
45 59
59 65
59 66
37 59
0 59
30 59
59 63
38 59
50 59
5 59
33 34
32 33
13 33
8 33
33 43
33 61
3 33
21 33
25 33
33 53
33 45
33 65
12 33
33 37
9 33
30 33
33 63
14 33
33 57
20 33
3 49
21 49
25 49
17 49
45 49
39 49
12 49
37 49
0 49
30 49
49 63
35 49
49 57
33 49
11 25
11 17
11 16
11 39
11 65
11 37
11 22
11 30
11 56
11 38
11 50
11 20
11 49
6 11
2 34
2 32
2 13
2 8
2 43
2 61
2 3
2 36
2 40
2 25
2 58
2 17
2 45
2 39
2 12
2 26
2 22
2 24
2 63
2 38
2 57
2 5
2 33
2 6
2 10
44 64
22 64
9 64
24 64
56 64
35 64
50 64
57 64
4 64
48 64
2 64
23 67
33 67
4 67
6 67
41 44
37 41
22 41
30 41
41 63
35 41
41 50
41 57
41 49
18 41
52 63
14 52
23 52
20 52
49 52
4 52
41 52
10 52
1 52
11 52
52 64
52 69
52 62
7 52
29 34
29 32
13 29
8 29
29 43
29 61
3 29
29 36
29 40
25 29
29 58
17 29
29 53
29 65
29 66
26 29
0 29
9 29
29 56
29 35
23 29
5 29
29 49
4 29
29 41
29 68
18 29
29 60
29 52
34 55
32 55
13 55
8 55
43 55
55 61
3 55
36 55
40 55
25 55
55 58
53 55
45 55
55 65
12 55
37 55
0 55
30 55
55 56
14 55
23 55
5 55
4 55
6 55
41 55
55 68
1 55
55 60
46 55
15 55
29 55
55 64
42 63
35 42
23 42
20 42
42 49
6 42
41 42
10 42
32 51
8 51
51 61
3 51
36 51
27 51
51 58
51 53
45 51
16 51
51 66
37 51
0 51
9 51
14 51
35 51
51 57
5 51
49 51
48 51
41 51
51 68
18 51
51 60
31 34
31 32
13 31
8 31
31 61
3 31
31 36
31 40
31 58
31 53
31 45
31 39
31 66
31 37
22 31
24 31
31 56
31 35
31 57
5 31
31 49
31 48
2 31
31 68
31 51
11 31
25 47
17 47
16 47
39 47
47 66
26 47
22 47
30 47
47 63
35 47
23 47
5 47
47 49
47 48
2 47
47 67
47 51
47 60
46 47
31 47
42 47
32 54
13 54
8 54
54 61
36 54
40 54
17 54
53 54
16 54
39 54
44 54
26 54
9 54
30 54
54 56
35 54
23 54
20 54
33 54
6 54
54 67
54 68
51 54
54 60
47 54
54 62
19 34
19 32
13 19
8 19
19 43
19 61
3 19
19 36
19 40
19 21
17 19
19 53
19 45
19 39
19 44
12 19
9 19
19 30
19 63
19 35
19 50
19 20
19 33
19 48
19 67
10 19
18 19
1 19
19 46
19 62
19 31
19 54
7 19
19 42
29 54
15 54
54 64
15 47
28 34
28 32
13 28
8 28
28 43
28 61
28 36
27 28
25 28
17 28
28 53
28 39
28 66
26 28
22 28
9 28
28 56
14 28
28 57
20 28
28 33
6 28
28 67
10 28
1 28
28 60
28 47
28 46
28 42
28 29
28 59
28 64
31 46
7 31
15 31
31 69
42 51
46 51
51 59
11 42
42 55
42 69
42 59
7 55
29 59
29 64
52 59
41 68
41 62
41 60
41 69
41 67
46 67
59 67
62 67
7 67
64 67
18 64
11 64
62 64
2 7
2 18
2 59
1 2
2 11
2 15
11 68
11 18
7 11
11 15
11 60
10 49
4 49
48 49
15 49
33 68
33 59
33 62
33 46
6 33
1 33
6 59
1 59
59 62
59 69
5 48
5 10
4 5
1 5
1 4
1 10
1 69
1 46
1 62
23 50
4 50
10 50
50 60
18 50
50 69
6 50
57 69
4 69
6 69
68 69
60 69
46 69
7 69
14 60
14 15
14 68
6 14
10 14
14 38
14 23
14 18
4 18
18 68
18 62
7 18
15 18
24 48
10 24
24 57
7 24
20 24
15 24
24 62
6 24
24 63
23 24
7 63
20 63
4 63
35 63
57 63
35 57
4 35
56 62
48 56
23 56
46 56
38 56
38 60
38 46
38 62
38 48
6 38
38 68
10 38
20 38
7 38
15 38
30 60
30 68
30 46
46 57
20 46
46 48
10 46
26 68
0 26
23 26
22 26
20 26
26 57
7 26
26 62
26 60
4 22
22 57
15 22
0 22
22 60
15 23
15 20
6 15
10 15
15 62
7 15
12 23
9 12
6 12
12 48
12 37
9 23
23 62
7 23
23 68
23 57
20 23
37 39
20 39
20 66
0 20
6 20
7 20
20 68
20 62
7 66
37 66
57 66
48 57
57 60
45 48
48 65
44 48
9 48
10 48
48 62
7 48
48 60
6 48
6 44
10 44
44 62
44 68
9 68
4 68
10 68
16 37
9 16
16 62
6 16
7 16
7 65
0 7
4 7
0 58
58 62
6 58
37 58
6 53
6 65
0 6
25 37
37 53
4 37
37 60
10 37
9 37
27 62
0 27
25 62
17 62
62 65
0 62
0 40
9 25
9 17
9 53
9 65
0 9
4 9
9 10
0 36
4 25
25 60
25 53
25 65
17 25
10 25
3 10
0 3
10 17
10 53
10 65
10 60
0 61
17 65
53 65
4 65
60 65
0 65
43 60
43 53
0 43
4 17
17 53
17 60
0 17
8 53
8 60
0 8
53 60
4 60
0 13
4 53
0 53
0 32
0 4
0 34
