70 483
2 42
25 42
15 25
2 4
36 42
15 36
4 36
2 21
21 36
42 66
15 66
4 66
21 66
2 20
20 25
20 66
15 40
4 40
20 40
2 16
16 36
16 66
32 42
15 32
4 32
21 32
20 32
16 32
2 22
1 42
1 15
1 4
1 20
1 22
15 26
2 26
15 68
26 68
2 19
10 15
4 10
10 22
10 19
10 57
10 32
8 15
4 8
8 22
8 26
8 10
40 55
5 62
16 44
22 44
44 62
36 44
16 29
19 29
10 29
29 36
29 50
5 31
6 23
6 31
9 15
4 9
9 16
9 26
9 19
9 55
9 50
11 62
11 36
48 66
11 48
17 48
17 40
5 17
31 53
17 53
32 53
54 57
54 55
52 68
19 35
35 36
35 52
35 40
6 35
35 66
15 67
4 67
20 67
26 67
62 67
36 67
50 67
40 67
5 67
34 67
25 67
15 69
19 69
57 69
36 69
52 69
31 69
5 69
53 69
57 64
10 64
52 64
40 64
6 64
53 64
15 47
26 47
47 57
10 47
47 48
11 47
15 38
4 38
21 38
20 38
16 38
26 38
38 57
36 38
38 50
11 38
38 46
38 66
34 38
10 30
30 55
30 50
30 40
30 46
4 28
26 28
28 57
28 55
11 28
28 40
5 28
0 28
28 32
15 24
4 24
21 24
20 24
22 24
19 24
24 57
24 36
24 48
1 24
24 28
15 39
4 39
21 39
20 39
22 39
19 39
39 62
10 39
23 39
39 40
28 39
24 39
41 52
1 41
28 41
34 41
39 41
3 48
1 3
3 5
3 24
3 39
52 59
1 59
6 59
24 59
39 59
3 59
33 62
33 55
33 52
33 40
31 33
33 66
33 64
33 69
33 59
32 33
52 58
11 58
31 58
53 58
25 58
3 58
17 58
16 60
26 60
60 62
36 60
52 60
1 60
46 60
60 66
39 60
30 60
15 43
4 43
20 43
22 43
43 57
10 43
23 43
11 43
5 43
43 66
43 60
30 43
17 43
34 63
44 63
63 68
12 63
41 63
18 57
10 18
18 52
11 18
18 46
18 28
18 64
18 44
6 65
65 66
60 65
30 65
38 65
27 48
11 27
27 46
27 66
27 60
27 44
27 65
14 27
14 49
25 45
44 45
45 65
45 49
7 16
7 22
7 19
7 36
7 50
1 7
5 7
7 28
7 25
7 44
7 59
7 12
7 45
7 67
7 47
7 43
0 45
45 47
9 45
32 49
29 49
14 54
14 41
51 62
10 51
23 51
40 51
6 51
24 51
51 60
3 51
27 51
13 51
51 58
33 51
14 51
51 67
5 61
61 66
39 61
61 69
59 61
12 61
54 61
37 64
3 37
27 37
12 37
5 56
24 56
34 56
3 56
56 68
27 56
56 58
18 56
37 56
2 56
37 61
29 37
8 37
61 67
14 61
27 47
35 65
18 65
29 65
18 63
18 33
18 47
18 29
43 63
0 63
33 43
0 43
8 43
13 60
12 60
13 30
13 59
8 13
13 58
13 35
9 13
33 58
8 58
41 59
12 59
3 68
3 41
0 41
35 41
2 41
39 44
29 39
9 39
2 24
24 25
12 24
24 47
25 28
28 30
30 44
30 38
30 35
12 30
9 38
38 47
29 38
0 38
2 38
46 47
12 46
8 46
47 64
12 47
29 47
64 69
8 64
64 68
2 64
67 69
54 69
8 69
32 69
17 69
67 68
32 67
2 67
34 68
0 34
34 35
2 35
9 35
8 35
52 54
1 52
1 54
6 54
53 54
25 54
17 54
32 54
9 54
29 54
44 53
29 53
8 53
17 25
17 68
0 17
8 17
5 48
40 48
25 48
0 11
11 32
11 40
9 11
6 9
9 66
9 68
0 9
6 44
2 6
6 68
25 31
29 31
8 31
31 66
5 29
2 50
8 50
32 50
44 50
1 44
2 44
2 62
40 62
5 55
12 55
8 55
32 55
1 10
10 68
10 25
19 36
19 25
12 19
19 66
19 57
2 57
57 68
36 57
1 68
32 68
12 26
26 32
1 26
25 26
26 40
26 66
1 36
1 12
1 66
22 32
22 25
22 66
22 36
22 40
25 32
2 32
16 40
16 25
2 40
20 36
36 66
21 25
2 36
4 25
0 25
2 15
12 15
12 23
0 23
