70 724
0 11
11 25
0 8
8 25
11 60
8 60
3 8
0 3
3 25
3 60
8 67
3 67
0 57
57 60
25 57
8 51
3 51
51 57
51 67
0 40
25 40
40 60
40 51
11 38
8 38
3 38
38 57
38 67
38 40
0 65
60 65
25 65
51 65
38 65
8 44
3 44
44 57
44 67
40 44
44 65
0 28
28 60
25 28
28 51
28 38
8 14
3 14
14 57
14 67
14 40
14 65
14 28
0 68
60 68
25 68
51 68
38 68
44 68
8 41
3 41
41 57
41 67
40 41
41 65
28 41
41 68
1 8
1 57
1 67
1 28
8 48
3 48
48 57
48 67
40 48
48 65
0 36
25 36
36 60
36 51
36 38
5 8
3 5
5 67
5 40
5 36
1 5
8 45
28 45
45 48
1 45
0 45
27 68
36 42
1 32
0 32
48 63
32 63
45 63
8 53
3 53
53 57
53 67
40 53
28 53
48 53
42 53
45 53
46 53
8 22
22 57
22 67
22 28
22 36
22 32
8 35
35 40
35 68
0 20
20 25
20 60
20 41
20 35
8 12
12 57
12 67
12 40
12 48
12 20
12 42
21 35
21 50
21 51
26 45
26 50
26 51
8 61
3 61
61 67
61 65
48 61
32 61
42 61
7 8
3 7
7 57
7 67
7 40
7 65
7 28
7 68
7 48
7 32
7 42
7 35
8 18
3 18
18 67
18 28
18 48
18 32
18 35
7 18
18 51
18 61
8 16
3 16
16 67
16 68
1 16
16 20
16 35
16 50
16 25
5 16
45 55
7 55
16 55
26 55
55 56
44 55
8 54
54 57
54 67
40 54
36 54
32 54
42 54
35 54
16 54
54 61
53 54
44 54
8 52
52 67
1 52
42 52
45 52
50 52
51 52
6 8
3 6
6 57
6 67
6 40
6 28
6 36
1 6
6 35
6 50
6 16
6 61
6 44
6 38
6 60
16 66
6 66
36 58
1 58
42 58
46 58
16 58
58 61
9 35
7 9
9 51
9 26
9 58
9 44
9 12
9 52
9 41
9 63
59 67
28 59
48 59
20 59
35 59
7 59
51 59
59 61
58 59
53 59
44 59
52 59
41 59
59 63
4 26
16 30
26 30
30 58
27 30
4 30
29 57
29 67
1 29
29 32
29 42
7 29
16 29
29 61
29 56
29 30
29 54
29 52
33 51
6 33
33 56
30 33
18 33
33 49
35 43
7 43
43 62
6 43
43 53
30 43
12 43
43 52
43 60
36 69
32 69
42 69
7 69
16 69
61 69
53 69
23 62
23 26
23 56
12 23
22 23
1 10
10 42
10 35
7 10
10 51
10 61
10 56
10 23
10 54
10 12
10 41
10 55
10 14
10 25
5 10
47 62
47 61
47 53
23 47
18 47
8 17
3 17
17 57
17 28
17 48
17 32
17 35
17 46
17 62
17 26
17 56
17 44
17 18
17 52
17 38
34 58
30 34
12 34
17 34
34 41
34 55
34 59
4 34
48 64
32 64
42 64
35 64
51 64
61 64
53 64
30 64
12 64
17 64
60 64
8 31
3 31
31 57
31 67
31 40
28 31
1 31
31 42
31 45
31 35
16 31
6 31
31 58
23 31
12 31
31 49
31 41
2 8
2 3
2 67
2 40
2 48
1 2
2 42
2 50
2 62
2 26
2 53
2 44
2 54
2 49
2 60
2 31
2 59
37 48
32 37
37 42
37 50
16 37
37 61
37 58
23 37
18 37
37 52
37 49
31 37
37 59
34 37
21 37
2 37
29 37
33 37
22 37
27 37
2 5
2 38
13 51
6 13
13 58
13 23
13 18
13 17
13 41
13 55
13 14
13 34
5 13
13 47
18 24
17 24
24 60
24 31
14 24
24 34
24 27
4 24
13 24
24 33
0 24
8 39
28 39
1 39
32 39
39 45
35 39
39 51
26 39
39 58
39 53
39 54
39 49
39 43
39 41
9 39
25 39
27 39
39 47
10 39
15 67
15 65
15 36
15 32
15 45
15 50
15 51
15 61
15 53
15 30
15 44
12 15
15 43
15 63
14 15
15 34
15 64
15 38
10 15
15 66
0 15
15 39
2 39
24 39
2 13
13 33
13 66
2 33
2 29
31 63
31 64
0 31
14 31
25 31
31 33
9 64
34 64
0 64
64 69
64 66
47 64
27 64
34 66
17 66
5 17
17 47
17 41
17 69
43 47
47 55
9 47
5 47
4 47
47 69
10 47
10 21
10 69
23 38
23 69
0 23
8 19
3 19
19 67
19 28
1 19
19 42
19 45
19 50
19 46
6 19
19 53
19 23
19 54
12 19
19 60
19 63
14 19
5 19
19 22
4 19
19 69
19 66
0 19
19 21
23 41
23 25
54 69
43 69
55 69
59 69
25 69
29 69
0 69
38 43
0 43
4 43
33 43
14 43
33 59
22 33
27 33
29 33
49 55
14 49
41 49
25 49
29 49
29 63
9 29
22 29
29 38
21 29
18 30
30 60
30 66
30 63
21 30
4 44
4 12
4 55
4 59
4 27
4 38
4 21
21 59
9 59
9 27
0 9
9 38
14 58
58 66
22 58
25 58
53 58
58 63
18 66
60 66
55 66
25 66
27 66
21 66
6 52
0 6
6 25
6 12
6 27
52 53
44 52
52 54
52 60
0 52
25 52
52 63
21 52
54 55
25 54
22 54
27 54
54 60
55 60
27 55
38 55
16 51
0 16
16 38
16 56
26 56
27 56
56 60
5 56
0 56
21 56
18 56
38 56
41 56
18 41
18 38
18 21
14 18
0 18
7 14
7 25
7 51
7 38
7 41
5 7
7 61
0 7
46 61
22 61
26 61
53 61
5 26
21 26
26 63
26 41
26 44
21 41
21 63
21 22
27 50
12 50
44 50
12 51
12 53
12 44
12 22
12 27
20 51
20 38
35 45
35 60
22 35
0 35
22 46
22 62
22 60
22 63
14 22
5 22
22 38
62 63
41 62
44 62
53 62
60 62
14 62
5 53
46 60
46 63
44 63
60 63
5 63
32 42
14 32
32 44
32 60
25 32
0 42
27 42
38 42
27 45
27 51
27 41
5 45
45 51
44 45
41 45
25 45
14 45
5 44
5 60
5 14
5 25
36 48
0 48
48 60
25 48
48 51
1 48
44 48
38 48
0 1
1 60
1 25
1 41
1 14
1 51
14 68
14 51
14 44
14 25
28 44
25 38
0 38
57 67
0 67
25 67
60 67
0 25
