70 966
14 15
14 28
15 28
14 52
28 52
10 52
4 15
4 52
14 59
28 59
10 59
4 59
14 68
28 68
10 68
4 68
15 68
52 68
59 68
14 18
18 28
10 18
4 18
18 68
14 17
17 28
10 17
4 17
17 68
15 17
17 52
17 59
17 18
14 37
28 37
10 37
4 37
37 68
17 37
15 27
27 52
27 59
27 37
18 27
14 24
24 28
10 24
4 24
24 68
17 24
24 27
14 29
28 29
10 29
4 29
29 68
17 29
27 29
15 29
29 52
29 59
29 37
18 29
24 29
14 44
28 44
10 44
4 44
44 68
17 44
27 44
29 44
15 46
46 52
46 59
37 46
18 46
24 46
44 46
14 16
16 28
10 16
4 16
16 68
16 17
16 46
14 39
28 39
10 39
4 39
39 68
27 39
29 39
39 59
39 52
15 39
37 39
18 39
24 39
39 44
16 39
14 58
28 58
10 58
4 58
58 68
27 58
29 58
39 58
37 58
14 19
19 28
10 19
17 19
19 46
19 59
19 37
19 52
15 19
18 19
19 44
19 23
5 15
5 52
5 18
14 38
28 38
10 38
4 38
38 68
17 38
27 38
29 38
38 46
38 39
19 38
5 38
31 38
3 14
3 28
3 68
3 17
3 29
3 39
3 37
13 15
13 52
13 18
8 46
8 59
8 39
8 13
8 31
3 8
8 24
12 46
12 59
12 37
12 19
12 31
14 50
28 50
10 50
4 50
50 68
27 50
29 50
50 59
37 50
19 50
5 50
50 52
15 50
6 14
6 28
6 68
6 17
6 29
6 59
6 39
5 6
6 31
6 50
6 24
6 12
14 66
28 66
10 66
4 66
66 68
27 66
46 66
59 66
37 66
19 66
14 43
28 43
43 68
17 43
43 46
43 59
37 43
5 43
15 43
43 52
18 43
14 20
20 28
10 20
20 27
20 29
20 39
20 37
19 20
20 43
20 24
15 26
26 52
7 27
7 46
7 37
7 19
7 31
3 7
7 26
7 12
37 53
13 53
5 53
3 53
24 53
12 53
61 68
17 61
29 61
39 61
37 61
13 61
5 61
50 61
12 61
2 68
2 17
2 27
2 39
2 37
2 13
2 43
2 50
2 12
2 15
2 52
2 20
2 61
10 21
17 21
21 46
21 59
21 39
13 21
21 43
21 50
21 26
2 21
29 69
59 69
39 69
13 69
31 69
3 69
24 69
2 69
52 69
23 69
10 34
17 34
27 34
34 59
34 37
19 34
31 34
34 50
24 34
34 69
34 53
14 45
10 45
45 68
17 45
29 45
45 46
37 45
13 45
31 45
45 50
24 45
12 45
45 66
10 49
17 49
29 49
49 59
39 49
13 49
31 49
3 49
12 49
2 49
49 53
45 49
34 49
16 49
37 41
19 41
41 43
41 50
26 41
12 41
41 69
46 64
59 64
39 64
19 64
31 64
50 64
26 64
12 64
53 64
45 64
38 64
29 36
36 59
36 37
5 36
36 43
36 50
24 36
2 36
36 69
36 64
14 65
28 65
65 68
27 65
46 65
59 65
37 65
19 65
5 65
3 65
26 65
2 65
53 65
45 65
34 65
8 65
14 42
17 42
29 42
42 59
19 42
5 42
42 43
3 42
26 42
42 69
42 53
42 45
42 65
42 44
14 22
22 28
10 22
4 22
22 68
17 22
22 29
22 59
22 39
19 22
22 43
3 22
22 24
2 22
22 66
22 45
22 65
22 42
43 54
50 54
26 54
54 69
54 66
45 54
54 65
16 54
41 54
22 54
51 66
51 64
34 51
44 51
51 54
24 30
30 69
30 53
31 67
50 67
24 67
12 67
53 67
14 57
28 57
57 68
17 57
46 57
57 59
39 57
13 57
31 57
50 57
24 57
2 57
57 67
45 57
57 64
44 57
6 57
31 32
3 32
12 32
2 32
32 69
32 45
32 64
32 42
32 41
12 33
2 33
33 66
33 67
33 34
33 42
33 54
32 33
15 33
62 66
62 67
62 65
16 62
6 62
32 62
15 62
53 55
55 67
55 65
16 55
41 55
30 55
15 55
55 62
55 58
49 55
34 48
44 48
6 48
32 48
30 48
7 48
48 55
22 48
20 48
23 48
8 48
14 60
28 60
10 60
4 60
60 68
17 60
27 60
29 60
46 60
59 60
39 60
19 60
5 60
50 60
26 60
12 60
60 66
60 67
60 64
16 60
6 60
32 60
10 35
27 35
29 35
35 39
19 35
13 35
35 43
3 35
24 35
2 35
35 66
35 64
35 65
35 42
35 41
30 35
35 52
20 35
47 66
47 67
47 64
42 47
6 47
47 54
35 47
47 62
1 58
1 61
1 60
1 21
1 47
1 38
11 43
11 24
11 26
11 12
11 66
11 67
11 65
11 42
11 16
11 30
11 15
11 62
1 11
11 55
11 21
11 52
11 38
0 11
11 57
11 60
11 49
14 63
28 63
63 68
17 63
29 63
59 63
37 63
13 63
43 63
3 63
12 63
2 63
63 66
63 67
63 64
42 63
6 63
54 63
35 63
7 63
1 63
55 63
18 63
11 63
57 63
52 63
0 63
29 56
56 59
37 56
5 56
43 56
50 56
26 56
56 69
56 66
56 67
44 56
16 56
41 56
54 56
15 56
14 40
28 40
10 40
4 40
40 68
17 40
27 40
29 40
40 46
40 59
37 40
5 40
31 40
3 40
24 40
40 69
40 53
40 64
34 40
40 42
40 41
32 40
35 40
40 49
20 40
22 40
40 57
40 52
40 60
25 27
25 59
25 37
5 25
25 43
3 25
24 25
25 69
25 53
25 45
25 65
25 42
6 25
25 30
25 35
25 40
25 58
25 55
18 25
23 25
9 14
9 28
9 10
4 9
9 68
9 17
9 27
9 59
9 39
9 19
9 43
9 50
9 24
9 69
9 66
9 45
9 64
9 44
6 9
9 32
9 35
9 62
7 9
9 47
9 21
9 23
9 56
9 51
9 25
9 57
9 60
9 61
25 38
25 33
25 36
25 56
25 48
7 40
18 40
40 58
40 56
7 56
47 56
18 56
20 56
8 56
36 56
56 63
56 61
48 63
61 63
1 51
0 1
22 47
47 51
21 47
36 47
18 47
47 49
33 47
35 60
35 51
8 35
35 36
0 35
55 60
18 60
52 60
51 60
48 60
33 60
0 60
33 48
48 49
55 57
22 55
23 55
36 62
0 62
61 62
23 62
51 62
33 62
8 62
33 58
20 33
23 33
33 57
33 38
33 61
32 57
32 49
15 32
18 32
32 52
32 61
32 36
15 57
7 57
21 57
52 57
49 57
8 57
23 67
15 67
61 67
8 67
21 67
44 67
30 67
7 67
30 44
16 30
30 41
22 30
20 30
30 51
30 49
15 30
30 38
30 61
21 30
18 51
23 51
0 51
36 51
49 51
51 61
8 54
21 54
7 54
0 54
54 58
38 54
23 54
15 22
22 58
22 38
0 22
22 61
8 22
20 22
22 52
42 58
7 42
38 42
15 42
42 52
0 65
61 65
58 65
16 65
36 65
23 65
36 44
16 36
36 58
21 36
23 36
8 36
36 52
36 49
41 64
18 64
20 64
6 64
34 64
34 41
41 44
6 41
41 52
41 58
38 41
20 41
0 41
41 49
21 49
49 52
0 49
34 45
16 45
6 45
0 45
45 58
23 45
45 52
20 34
21 34
18 34
34 38
7 34
34 52
34 44
15 34
58 69
15 69
66 69
16 69
21 69
21 44
6 21
7 21
21 38
21 23
8 21
2 44
2 18
0 2
2 38
53 61
16 61
6 61
18 61
20 61
38 61
7 53
18 53
44 53
8 53
38 53
20 53
0 53
7 16
7 15
7 38
7 23
7 58
7 8
18 26
26 38
26 44
0 26
12 26
23 26
20 26
26 66
20 44
20 58
18 20
20 52
8 20
20 23
24 43
43 58
23 43
31 43
43 66
3 66
15 66
6 66
16 66
58 66
52 66
6 16
6 8
6 18
6 23
0 50
16 50
44 50
12 50
12 52
12 15
12 16
8 12
8 44
8 38
0 8
13 24
3 13
13 44
13 16
3 31
3 52
3 15
3 38
3 18
3 58
3 23
3 24
38 52
0 38
5 31
5 23
23 44
15 23
19 31
19 24
19 58
24 58
15 58
52 58
18 58
16 37
16 31
16 44
16 18
15 16
44 59
37 44
31 44
0 44
29 31
24 59
24 37
24 52
15 24
27 31
37 59
15 37
37 52
18 37
18 59
18 31
15 18
0 18
52 59
15 59
31 59
31 52
10 28
10 15
15 31
10 14
10 31
0 31
