70 483
34 46
46 58
18 58
27 34
27 58
47 58
46 47
18 47
27 47
34 65
58 65
47 65
7 34
7 18
7 46
7 65
7 27
23 58
7 23
2 18
2 46
2 65
2 27
34 53
53 58
47 53
7 53
2 53
11 46
11 18
11 65
11 27
2 62
11 62
9 62
48 49
34 63
47 63
7 63
24 46
18 24
24 63
1 2
1 24
25 34
25 58
25 47
7 25
2 25
11 25
25 46
18 25
14 58
14 47
28 46
18 28
28 65
27 28
14 28
42 47
7 42
28 42
11 42
9 42
42 63
28 61
25 61
49 61
3 65
3 41
41 45
17 49
17 63
17 61
14 17
17 41
33 58
7 33
28 33
11 33
3 33
33 63
17 33
33 65
34 68
58 68
47 68
7 68
28 68
11 68
25 68
63 68
38 68
17 68
38 39
17 39
39 51
39 46
36 55
4 23
4 55
5 36
4 5
34 43
43 58
43 47
7 43
2 43
11 43
3 43
43 45
36 43
17 43
40 43
43 48
52 61
4 52
39 52
5 52
42 52
43 52
1 52
50 51
48 50
50 52
40 67
7 30
25 30
3 30
30 49
30 36
18 30
30 57
5 57
57 68
57 69
25 59
45 59
59 61
4 59
40 59
29 34
29 47
28 29
11 29
29 49
29 45
29 36
18 29
29 51
29 48
14 29
29 68
31 38
18 31
31 40
29 31
31 52
31 68
25 44
44 63
38 44
4 44
39 44
19 44
44 62
38 60
18 60
39 60
10 42
10 60
10 13
13 60
22 34
22 47
7 22
22 25
3 22
22 63
22 61
18 22
22 39
5 22
22 62
8 61
8 17
8 51
8 48
8 67
8 60
8 55
21 34
21 47
2 21
11 21
3 21
21 45
17 21
21 65
21 39
19 21
21 67
8 21
21 42
3 37
37 49
36 37
37 65
30 37
29 37
37 62
37 68
37 44
26 34
26 47
7 26
24 26
25 26
26 49
26 38
4 26
26 40
19 26
10 26
26 60
35 58
35 47
7 35
24 35
9 35
35 49
35 36
18 35
30 35
35 48
10 35
35 69
27 35
3 56
45 56
36 56
56 65
30 56
19 56
56 67
42 56
35 56
54 56
56 59
21 56
16 58
16 47
2 16
16 24
16 25
16 45
16 17
16 65
16 40
16 48
16 62
8 16
16 32
16 46
16 43
14 16
16 56
0 16
35 64
26 64
57 64
27 64
56 64
64 66
35 41
7 12
12 25
12 49
12 45
12 38
12 18
12 51
12 48
12 68
8 12
12 35
12 37
12 57
12 41
12 23
12 66
26 35
26 46
10 15
6 15
15 42
15 26
15 46
15 23
15 53
14 15
26 37
0 26
21 37
20 51
19 20
10 20
8 20
20 44
20 37
20 59
20 50
1 20
0 20
37 53
21 59
21 27
21 23
8 22
22 32
22 33
22 43
22 41
22 23
22 31
13 32
14 32
32 57
32 55
13 41
13 33
13 14
13 59
13 43
10 68
60 67
43 60
44 60
46 60
14 60
31 44
23 44
44 59
1 44
31 33
31 43
27 31
1 31
29 59
23 29
29 46
29 33
52 59
59 69
27 59
33 69
1 69
53 69
54 57
0 57
57 66
27 30
30 48
14 30
30 41
30 53
30 66
19 66
66 67
6 66
55 66
46 66
50 66
19 67
19 54
52 67
53 67
6 67
6 54
6 41
6 23
6 50
6 42
50 55
50 54
50 53
0 50
33 52
42 43
1 43
40 42
5 40
5 27
5 62
5 55
5 41
1 5
5 48
4 42
39 55
55 68
54 55
33 55
46 55
39 68
23 39
27 68
54 68
38 51
51 65
1 51
51 54
51 62
33 51
23 33
1 33
17 48
17 53
18 41
41 62
41 46
41 53
3 45
3 18
3 46
3 63
3 53
45 49
1 45
45 65
27 45
45 61
23 61
27 61
53 61
48 61
42 61
61 62
61 65
27 42
42 53
14 25
9 14
14 63
14 65
14 62
14 53
1 14
25 27
1 25
1 36
1 65
24 65
49 63
48 63
53 63
23 63
36 63
46 63
48 53
23 49
18 49
49 62
62 65
46 62
23 62
11 23
11 53
2 23
18 65
54 65
9 27
18 27
27 54
9 46
36 46
18 46
18 34
9 18
18 36
9 36
36 54
0 54
