70 483
25 66
25 43
51 66
43 51
25 60
9 66
9 43
9 60
25 57
51 57
58 66
43 58
58 60
57 58
25 47
47 58
9 47
14 66
14 43
14 60
14 57
14 47
20 25
20 51
14 20
9 20
20 58
13 20
48 66
43 48
48 60
48 57
20 48
52 66
52 60
52 57
49 66
49 60
20 49
25 49
49 58
8 49
25 36
13 36
8 36
36 51
10 60
10 57
10 20
10 36
10 13
13 62
39 66
39 60
20 39
39 49
39 52
39 62
28 67
0 21
21 24
59 67
25 46
10 46
22 46
46 55
13 27
9 27
31 66
31 60
31 47
31 49
45 47
36 45
45 52
31 45
5 45
5 62
0 5
5 21
33 66
33 43
33 60
33 57
20 33
33 49
33 52
9 33
27 33
21 33
13 56
45 56
0 56
56 59
30 56
31 56
13 40
9 40
27 40
30 40
40 56
2 13
2 62
0 2
2 59
2 33
0 26
21 26
20 68
49 68
52 68
62 68
0 68
52 54
9 54
46 54
7 52
7 62
7 27
7 54
7 68
2 7
42 47
42 49
13 42
9 42
42 46
42 54
25 44
42 44
44 69
8 69
50 52
45 50
27 50
50 54
30 50
31 53
50 53
35 44
35 53
18 68
18 26
18 35
12 47
12 52
12 13
12 62
0 12
12 54
29 68
20 23
23 36
23 45
23 62
23 27
23 59
23 29
23 26
23 35
11 13
11 62
11 67
11 21
11 29
41 68
26 41
25 41
10 41
20 37
37 49
37 45
9 37
27 37
37 54
33 37
37 41
37 50
12 37
37 58
31 37
64 66
43 64
60 64
57 64
47 64
49 64
52 64
45 64
0 64
54 64
33 64
2 64
42 64
0 1
1 30
1 68
1 8
1 64
61 67
54 61
29 61
2 61
35 61
24 61
15 47
15 49
15 45
9 15
15 67
15 30
15 56
8 15
15 64
15 61
15 58
15 22
15 69
4 42
4 61
4 15
4 5
4 28
16 50
3 46
3 30
3 29
3 8
3 64
3 40
17 45
9 17
17 46
17 21
17 56
17 68
17 42
3 17
17 48
6 35
6 61
6 17
6 31
6 51
6 25
6 24
38 68
2 38
35 38
38 61
6 38
38 39
38 48
38 55
24 38
7 38
17 34
17 28
14 17
1 17
3 28
3 16
3 48
19 66
19 60
19 47
19 36
19 52
9 19
19 27
19 21
19 68
19 53
19 50
3 19
1 19
19 31
19 51
16 19
19 34
18 19
3 10
16 69
16 48
4 16
32 67
21 32
32 56
2 32
32 40
11 32
1 32
32 69
14 32
16 32
18 32
33 65
26 65
41 65
12 65
1 65
31 65
28 65
23 65
32 65
10 65
10 16
4 24
60 63
36 63
52 63
9 63
27 63
59 63
63 68
53 63
40 63
11 63
15 63
31 63
14 63
23 63
25 63
4 63
5 15
1 61
34 61
1 39
1 7
5 64
24 64
55 64
34 64
5 34
34 37
34 51
7 34
37 51
7 37
10 37
11 41
41 51
39 41
41 50
11 42
11 31
11 39
11 22
11 23
11 14
23 58
23 39
23 48
7 23
12 29
12 53
12 42
12 58
12 18
12 69
5 12
12 55
18 58
18 69
18 55
18 22
28 35
22 35
25 35
50 69
31 50
40 50
48 50
14 69
24 69
28 44
44 58
8 42
7 42
10 42
14 42
7 40
7 31
48 54
54 68
51 54
8 54
26 68
22 26
2 26
26 58
5 26
26 28
2 39
2 40
2 51
40 58
40 51
25 40
14 56
33 56
10 56
24 56
8 33
33 55
5 33
33 51
22 33
5 48
5 28
5 25
8 45
45 48
25 45
45 58
9 31
27 31
31 59
0 27
27 30
27 48
30 59
25 30
30 55
30 48
30 39
8 55
55 58
39 55
48 55
25 55
22 59
22 39
14 22
22 51
22 25
14 59
39 59
24 59
10 59
8 24
24 28
24 51
21 51
21 58
21 28
10 28
39 67
14 67
10 39
25 62
10 62
14 62
8 62
48 62
10 58
9 36
14 36
36 58
0 8
8 14
8 48
14 49
49 51
9 49
49 52
25 52
48 52
52 58
13 14
14 25
47 51
0 58
9 57
9 13
0 9
9 51
51 60
13 60
13 51
13 25
13 66
0 13
