70 724
31 54
4 31
4 54
28 31
4 28
51 54
28 51
31 33
4 33
33 51
4 42
42 54
33 42
28 42
31 58
4 58
51 58
42 58
48 54
28 48
33 48
48 58
9 31
4 9
9 51
9 42
9 48
9 58
31 37
4 37
37 48
37 58
37 54
33 37
28 37
9 37
31 69
4 69
51 69
42 69
48 69
58 69
37 69
4 5
5 58
5 54
5 33
5 28
17 31
4 17
17 51
17 42
17 48
17 58
17 37
5 17
17 54
27 28
27 33
17 27
27 69
9 27
5 25
25 27
28 55
33 55
17 55
9 55
55 69
6 31
4 6
6 51
6 42
6 48
6 58
6 37
6 54
6 55
28 46
33 46
5 23
33 34
28 34
17 34
9 34
34 69
31 52
4 52
42 52
37 52
52 54
34 52
46 52
20 31
4 20
20 51
20 42
20 48
20 58
20 37
5 20
20 54
20 34
4 36
36 58
5 36
36 54
33 36
28 36
7 36
7 20
12 46
34 61
46 61
24 61
33 61
9 61
26 31
26 58
26 37
26 54
26 46
26 61
17 49
6 49
25 49
37 45
27 45
36 45
20 45
45 49
4 57
57 58
5 57
54 57
34 57
20 57
4 44
44 58
44 54
27 44
44 55
20 44
15 44
17 44
28 44
31 50
4 50
42 50
48 50
37 50
50 54
50 55
20 50
15 50
17 50
33 50
8 31
4 8
8 48
8 58
8 54
8 27
8 34
8 20
8 12
8 57
8 33
8 50
28 43
43 50
12 64
57 64
33 64
12 41
41 57
28 41
16 54
16 27
16 36
16 61
12 16
16 57
16 28
13 36
13 20
13 15
13 57
13 16
13 41
13 43
31 40
4 40
40 42
40 48
40 58
37 40
40 54
27 40
34 40
40 61
12 40
40 69
28 40
19 31
4 19
19 42
19 37
5 19
19 54
19 36
19 20
12 19
17 19
19 28
19 50
19 45
19 40
30 33
19 30
33 62
16 62
30 62
31 67
4 67
51 67
42 67
48 67
58 67
37 67
34 67
46 67
20 67
12 67
17 67
33 67
16 67
62 67
7 67
44 67
24 67
15 39
39 57
39 69
16 39
39 67
0 39
31 63
4 63
42 63
48 63
37 63
27 63
55 63
46 63
15 63
63 69
33 63
41 63
19 63
39 63
13 63
36 59
59 61
15 59
57 59
33 59
41 59
59 62
40 59
59 64
26 59
6 59
10 31
4 10
10 48
10 58
5 10
10 27
10 36
10 61
10 12
10 69
10 28
10 16
10 43
10 67
31 35
4 35
35 42
35 48
35 58
35 37
5 35
35 54
35 36
20 35
12 35
17 35
28 35
35 50
35 62
35 39
13 35
9 35
10 35
6 35
23 35
31 38
4 38
38 51
38 42
38 48
38 58
37 38
5 38
38 54
34 38
38 55
20 38
38 49
38 69
38 56
16 38
19 38
62 65
25 65
2 54
2 34
2 36
2 46
2 49
2 57
2 69
2 41
2 43
2 65
2 64
2 8
48 53
53 58
53 54
34 53
46 53
20 53
12 53
53 57
28 53
50 53
19 53
40 53
53 64
2 53
11 45
0 11
5 68
54 68
46 68
61 68
12 68
57 68
33 68
50 68
19 68
40 68
35 68
8 68
11 68
14 56
14 50
14 43
14 67
8 14
2 14
11 14
14 38
14 45
3 69
3 41
3 43
3 65
3 13
3 8
3 24
3 14
22 37
22 27
22 34
22 61
15 22
22 69
22 56
22 50
22 67
22 65
22 64
8 22
22 23
22 24
22 68
31 32
4 32
32 42
32 58
5 32
32 54
32 36
32 46
15 32
17 32
32 33
32 41
32 62
32 39
32 40
1 31
1 4
1 51
1 42
1 48
1 58
1 37
1 5
1 54
1 34
1 36
1 46
1 49
1 12
1 33
1 16
1 43
1 67
1 13
1 8
29 55
29 61
15 29
17 29
29 56
29 41
29 62
29 65
29 64
1 29
24 29
29 38
29 44
47 69
47 50
47 62
40 47
13 47
47 59
1 47
14 47
29 47
47 52
44 47
30 47
26 47
18 36
18 61
15 18
18 57
18 33
18 50
18 19
18 39
18 64
2 18
1 18
18 53
18 22
18 63
18 47
18 32
18 52
18 44
56 60
41 60
19 60
60 65
60 64
8 60
23 60
38 60
29 60
6 60
3 60
7 60
0 60
10 60
6 29
9 29
7 29
1 45
1 25
1 32
1 9
1 23
23 32
32 38
22 32
32 63
26 32
32 45
0 32
31 66
4 66
42 66
58 66
5 66
54 66
36 66
46 66
49 66
57 66
28 66
41 66
62 66
66 67
64 66
8 66
23 66
38 66
22 66
25 66
3 66
30 66
52 66
0 66
22 25
3 22
3 63
3 9
3 52
14 68
14 53
14 44
25 68
10 68
26 68
7 68
21 49
21 69
21 28
16 21
19 21
21 65
13 21
21 59
21 24
21 38
21 68
21 45
21 52
0 21
10 21
21 30
6 11
11 30
11 63
11 53
6 53
52 53
0 53
9 53
53 63
0 2
2 38
2 23
2 44
2 52
52 65
64 65
38 65
30 65
35 38
24 38
30 38
26 35
25 35
0 35
10 59
10 23
6 10
9 10
7 10
10 44
7 59
30 59
24 59
59 63
25 63
0 63
9 63
23 39
39 40
7 39
9 39
39 45
6 39
45 67
8 67
23 62
6 62
26 62
13 30
6 30
30 52
7 30
19 52
0 19
40 43
24 40
26 40
40 44
13 40
40 52
13 24
7 13
13 44
16 26
6 16
9 16
0 16
16 41
23 41
7 41
41 64
43 64
45 64
8 64
8 43
43 52
25 43
9 43
8 9
24 50
44 50
25 50
23 44
25 44
44 45
15 23
15 57
15 24
12 15
15 69
15 33
17 57
45 57
52 57
33 45
25 45
9 45
26 45
49 52
26 49
28 49
17 26
26 33
24 26
25 26
6 26
7 26
17 61
23 61
28 61
12 61
9 12
7 12
6 12
7 17
7 28
7 24
6 7
17 36
9 36
20 36
20 28
20 33
20 69
20 52
20 25
52 56
24 52
23 34
23 46
17 23
23 69
23 25
46 69
24 46
6 46
6 28
25 55
17 25
25 28
17 69
17 28
9 17
5 69
5 9
5 24
54 69
33 69
24 69
9 69
9 54
0 9
54 58
33 58
28 58
24 58
24 42
33 54
28 54
4 24
24 54
24 31
24 56
0 56
