70 241
39 54
2 39
11 54
31 39
11 31
36 54
31 36
43 54
39 57
11 57
40 54
2 40
40 57
9 11
9 40
9 57
6 57
6 31
56 57
6 56
16 56
55 57
6 55
16 55
10 43
6 10
11 65
43 65
57 65
8 11
8 40
1 54
1 8
8 37
8 65
30 50
30 37
30 65
24 30
30 56
42 43
6 42
16 42
24 42
42 56
3 50
3 6
3 65
14 49
22 49
46 49
0 46
54 60
65 66
20 66
8 66
26 64
18 21
18 20
18 64
18 66
5 56
7 52
32 52
32 42
11 12
12 43
12 50
12 57
12 65
12 22
25 55
9 25
12 25
14 61
14 34
31 34
11 62
37 62
62 65
34 62
56 62
42 62
3 62
41 52
28 41
41 62
5 68
48 56
45 48
8 63
45 63
18 63
12 63
51 63
53 54
7 53
53 62
15 32
15 61
15 53
13 15
51 53
18 38
9 38
27 62
19 21
19 34
19 54
19 59
4 54
47 61
4 47
4 31
4 67
49 67
61 67
9 67
2 4
4 19
19 61
19 27
9 19
2 27
27 38
38 53
41 63
16 33
24 33
8 33
33 59
23 33
33 55
0 33
58 59
9 58
33 58
31 58
13 23
0 23
23 48
48 68
2 48
26 48
26 68
41 68
41 49
26 34
11 17
17 40
17 57
17 37
16 17
17 34
17 25
7 17
17 32
17 69
3 69
0 17
26 35
17 35
34 61
22 34
25 61
55 61
3 25
7 12
12 32
10 12
2 12
32 55
8 52
5 7
2 7
5 10
5 18
8 29
29 60
5 29
10 29
29 30
29 49
18 30
59 64
10 64
59 66
26 59
13 66
55 66
60 66
49 60
9 60
31 60
30 49
14 31
9 14
14 22
3 22
22 54
2 22
9 22
3 28
3 44
13 44
3 13
10 28
28 42
26 42
30 42
30 31
26 50
6 26
21 26
13 21
13 24
8 13
24 56
8 24
2 37
37 65
16 65
10 65
10 20
10 31
20 55
0 55
2 16
16 54
31 56
6 9
6 54
43 57
54 57
31 57
2 57
31 43
2 43
2 11
2 54
0 54
