70 241
34 60
34 40
34 68
9 60
9 40
9 68
16 60
16 40
16 68
16 24
16 57
40 45
45 68
31 45
31 36
30 36
18 40
13 18
48 50
13 42
16 42
42 64
1 17
1 8
8 42
13 61
12 18
12 61
28 51
35 51
29 47
29 33
15 40
15 30
15 28
15 35
15 62
0 15
4 63
4 35
4 38
12 38
38 47
26 38
47 67
38 67
34 67
17 67
43 64
26 43
43 67
23 63
3 63
3 23
3 48
59 65
18 32
29 66
20 66
39 66
44 53
46 57
13 46
44 46
35 46
46 47
27 47
27 46
27 34
27 41
19 60
19 40
19 68
19 24
19 57
19 31
19 28
19 35
19 47
19 27
19 51
19 22
22 61
22 34
25 62
18 25
25 36
8 25
49 58
16 58
36 69
49 69
6 60
6 40
6 31
6 30
41 56
6 56
6 69
14 57
14 30
14 28
14 69
14 34
14 63
10 14
0 10
10 39
5 59
5 20
5 10
5 61
55 59
38 55
16 55
51 55
6 55
5 55
2 11
2 8
2 41
2 36
33 54
11 54
48 54
46 54
11 46
5 11
10 37
37 51
37 48
37 41
10 49
6 14
14 36
14 41
6 32
6 16
6 8
6 9
49 64
38 49
49 53
49 52
21 36
21 45
21 49
17 21
25 52
22 25
19 61
16 19
27 61
39 46
7 67
7 45
7 46
7 15
4 53
53 64
18 53
39 53
9 53
53 65
51 66
34 66
17 66
20 32
0 20
9 32
32 63
32 65
16 65
15 65
3 65
17 23
23 43
41 43
8 43
38 48
42 63
33 63
15 63
15 61
16 62
26 62
26 33
26 45
26 51
33 48
9 33
29 48
29 51
9 29
28 47
9 28
28 34
28 64
12 47
59 61
18 59
8 59
8 18
17 42
17 64
17 18
42 48
34 42
18 50
13 64
13 34
13 36
13 45
0 36
36 45
9 30
30 45
35 45
45 64
34 45
9 31
16 31
31 35
31 41
0 16
9 24
24 41
24 35
24 34
9 35
9 41
41 68
34 57
41 60
40 41
41 57
35 41
35 40
35 57
57 64
0 64
