70 483
3 16
16 69
3 22
22 69
8 16
8 22
3 6
6 69
6 8
16 43
6 43
3 60
60 69
16 45
22 45
45 60
3 36
36 69
30 60
30 36
3 30
8 30
30 68
3 10
32 60
10 32
3 48
32 48
19 60
19 61
19 48
3 19
16 18
6 18
18 60
3 49
49 69
16 53
22 53
53 60
49 53
48 53
3 53
31 53
30 53
30 52
16 51
6 51
3 63
63 69
62 63
36 62
3 62
8 62
62 68
4 16
4 6
4 60
4 49
3 4
4 8
4 31
16 58
22 58
58 60
36 58
48 58
3 58
8 58
4 58
8 57
55 69
10 38
8 38
31 38
38 55
30 38
38 44
31 35
35 55
30 35
11 43
37 57
11 37
18 37
26 35
26 64
26 58
27 61
27 36
10 27
8 27
27 68
7 16
7 22
7 60
7 61
7 10
7 8
7 47
4 7
7 44
0 54
28 54
16 46
6 46
46 60
10 46
46 48
8 46
31 46
4 46
46 52
46 54
32 46
46 69
37 46
13 35
13 69
13 58
13 62
13 51
13 46
13 28
58 59
13 59
1 32
40 62
12 57
12 32
0 12
12 40
12 58
12 33
39 60
10 39
39 48
3 39
31 39
4 39
39 44
29 62
29 32
47 65
30 65
52 65
29 65
27 65
64 65
23 57
11 23
23 27
23 64
1 23
23 38
25 68
25 55
25 57
11 25
25 27
25 64
23 25
17 47
17 30
17 44
17 32
17 35
0 17
17 23
17 62
15 31
15 47
15 52
15 29
15 35
15 69
15 37
15 17
67 68
4 67
57 67
32 67
27 67
0 67
37 67
45 67
33 67
15 67
14 35
14 69
14 58
14 45
14 67
6 66
36 66
10 66
8 66
31 66
4 66
57 66
54 66
0 66
40 66
16 56
6 56
56 60
49 56
10 56
8 56
31 56
47 56
44 56
29 56
18 56
0 56
37 56
56 58
56 66
45 56
10 50
3 50
31 50
30 50
50 57
44 50
18 50
24 48
8 24
24 68
24 47
24 57
24 54
24 27
5 24
24 37
17 24
24 28
14 24
7 24
24 38
24 26
21 24
5 43
5 58
9 48
3 9
9 47
9 55
9 52
9 11
9 35
5 9
9 64
9 13
9 28
9 46
41 44
41 54
27 41
41 69
23 41
41 45
41 67
14 41
41 53
16 34
22 34
3 42
42 69
8 42
34 42
34 61
34 48
3 34
34 68
34 47
34 57
11 34
0 34
34 69
34 37
34 62
28 34
34 66
34 41
34 50
19 20
20 26
20 25
20 34
25 34
41 59
9 41
9 53
9 26
7 9
5 19
5 50
50 56
17 50
28 50
46 50
19 50
12 50
25 50
51 56
56 62
53 56
62 66
39 66
21 66
51 66
65 66
2 52
2 11
2 18
2 40
2 23
2 62
2 67
2 66
2 25
2 46
2 43
2 26
14 21
21 26
21 53
7 21
14 59
7 14
65 67
15 46
15 38
15 43
12 15
15 51
17 45
17 43
17 25
25 28
25 38
23 65
19 23
45 65
19 65
38 65
12 65
51 65
29 45
29 39
29 58
18 39
39 69
37 39
13 39
26 39
7 39
1 39
28 39
12 39
12 43
12 59
7 40
1 40
1 45
1 43
1 38
1 59
1 53
1 46
51 59
7 59
46 53
7 54
51 54
7 32
7 37
7 45
43 47
0 47
27 47
19 47
27 30
27 32
27 43
27 33
0 27
27 51
33 69
33 58
33 62
26 33
33 53
33 38
19 33
38 64
37 64
43 64
11 69
11 18
11 35
18 35
35 58
28 35
35 38
19 38
55 57
52 57
57 69
57 58
28 58
4 32
0 4
4 30
4 45
4 51
4 62
4 18
44 62
32 62
19 62
51 63
10 51
48 51
8 51
31 51
51 52
0 51
19 51
43 51
0 52
18 52
44 52
45 52
43 44
44 53
28 44
32 53
18 53
0 53
43 53
18 49
10 18
3 18
18 31
18 45
18 69
18 19
19 31
31 45
19 30
19 32
48 69
3 32
32 68
30 32
10 69
8 10
10 45
10 28
3 28
28 68
28 30
28 69
68 69
30 43
36 43
36 45
0 36
3 45
0 45
43 60
8 60
3 43
8 43
8 61
0 8
61 69
3 69
3 61
0 3
0 61
