70 483
42 64
48 64
34 42
34 48
64 69
34 69
27 42
27 48
27 69
60 64
34 60
27 60
42 43
43 48
43 69
14 64
14 34
14 27
14 43
14 42
25 48
25 69
14 25
17 64
17 27
17 43
17 42
17 25
42 57
37 57
60 67
58 64
27 58
43 58
42 58
25 58
37 58
58 67
14 15
20 64
20 34
20 27
20 43
10 42
10 48
10 69
10 60
50 64
34 50
27 50
43 50
10 50
42 50
38 69
38 48
38 60
1 64
1 27
1 43
1 42
1 38
1 37
6 64
6 27
6 43
6 42
6 25
11 48
11 69
42 66
11 66
61 66
66 69
6 66
12 27
12 42
12 25
12 37
12 50
12 69
12 60
37 59
59 69
16 50
16 69
0 16
6 16
16 49
49 58
40 61
40 69
28 42
11 28
28 50
15 28
28 45
6 28
32 42
32 38
32 50
32 69
6 32
26 64
26 34
26 27
26 43
26 42
26 37
26 61
26 69
16 26
26 53
31 42
31 38
31 61
15 31
31 45
6 31
31 57
9 31
13 50
13 69
13 60
13 53
13 32
46 50
46 67
45 46
6 46
31 46
13 46
20 46
18 64
18 27
18 42
18 38
18 61
18 69
18 60
18 55
25 41
11 41
41 61
15 41
6 41
41 55
2 61
2 15
2 60
2 12
2 40
2 41
47 50
15 47
16 47
6 47
2 47
28 47
16 22
6 22
22 58
45 63
53 63
32 63
41 63
20 63
31 35
35 63
31 65
5 65
56 65
8 27
8 43
8 42
8 11
8 61
8 67
8 16
8 12
8 32
8 63
8 56
0 8
8 9
21 50
21 69
16 21
21 53
21 40
2 21
21 22
21 46
8 21
50 51
51 67
51 60
51 55
40 51
51 63
18 51
26 51
8 51
52 60
52 53
2 52
28 52
5 52
46 52
51 52
58 68
28 68
41 68
18 68
23 45
23 58
23 40
23 63
18 23
23 46
23 48
23 35
23 59
23 49
2 30
13 30
30 56
18 30
23 30
30 65
42 44
38 44
44 50
15 44
44 60
44 58
31 44
2 44
41 44
18 44
44 48
17 44
4 64
4 27
4 43
4 42
4 25
4 11
4 37
4 67
4 60
4 6
4 58
2 4
4 5
4 46
4 48
4 68
4 44
19 20
19 26
19 48
19 68
33 45
33 58
33 40
28 33
33 41
0 33
33 51
33 65
33 47
33 49
40 62
2 62
22 62
46 62
14 62
17 62
33 62
4 62
47 62
52 62
19 33
4 19
19 35
20 54
22 39
26 39
14 39
24 40
2 24
24 56
24 39
24 51
24 68
36 42
36 37
36 50
36 69
36 60
36 53
36 58
13 36
36 56
18 36
36 48
36 51
36 54
7 58
7 28
7 22
0 7
7 14
29 32
13 29
29 56
29 39
29 48
29 57
29 49
7 29
29 35
1 29
7 36
7 24
7 49
1 7
24 36
36 66
24 47
24 30
39 65
39 54
39 49
14 54
17 54
52 54
21 54
3 54
3 59
3 19
3 35
4 35
44 57
30 44
35 44
1 30
9 30
23 68
52 68
65 68
1 52
21 52
21 51
21 59
21 57
8 47
1 8
8 66
14 65
9 65
59 65
5 48
5 35
1 5
26 35
1 63
57 63
22 63
20 22
22 57
14 22
22 47
26 47
17 47
47 49
41 48
18 41
17 41
0 41
9 41
20 55
18 58
13 18
18 46
46 59
9 13
13 49
13 26
13 66
0 9
9 66
9 49
9 57
31 66
14 31
31 48
26 31
20 26
1 26
26 57
17 53
32 53
32 40
0 32
17 32
28 32
32 59
20 32
28 59
14 28
0 28
17 28
6 45
20 45
40 45
1 45
12 40
1 40
40 49
20 49
16 58
16 59
16 60
14 16
12 59
20 59
59 66
57 59
12 48
12 14
12 66
12 57
1 12
0 12
12 58
20 66
0 66
17 66
1 66
6 11
6 61
6 48
6 57
48 61
20 61
1 61
1 69
14 38
38 50
20 38
0 38
37 50
50 69
14 50
0 50
10 20
20 42
20 25
15 20
15 48
15 17
15 57
15 58
17 67
57 67
14 57
14 37
37 60
37 48
37 69
17 37
17 60
0 17
14 17
43 60
42 60
60 69
0 60
42 69
42 48
0 48
0 42
