70 483
2 8
4 8
2 4
0 4
6 8
4 6
2 19
0 19
8 60
4 60
19 60
8 31
4 31
19 31
2 31
0 31
6 31
31 60
8 51
4 51
19 51
31 51
2 5
0 5
5 6
5 60
5 51
8 53
4 53
19 53
31 53
5 53
8 20
4 20
20 31
2 20
0 20
20 60
6 20
8 26
4 26
26 31
20 26
2 18
0 18
18 60
6 18
18 26
18 23
2 23
0 23
6 23
23 60
1 8
1 4
1 31
1 20
1 23
2 12
0 12
13 23
12 13
20 47
2 30
6 30
8 50
20 50
18 50
30 50
2 67
31 57
8 39
2 39
0 39
39 60
6 39
19 58
39 58
20 58
12 58
47 58
43 67
18 55
12 55
47 55
43 55
22 23
8 27
27 39
20 27
2 27
0 27
8 48
4 48
19 48
39 48
2 10
0 10
10 60
6 10
31 36
5 36
10 36
2 56
0 56
6 56
7 8
7 19
7 31
7 39
7 56
7 27
7 47
31 68
20 68
23 68
67 68
22 68
31 63
39 63
23 63
27 63
63 67
63 68
49 63
58 63
2 63
10 65
56 65
22 65
42 65
26 42
8 11
11 19
11 31
11 39
11 18
11 30
11 22
11 42
52 67
52 68
11 52
52 64
11 64
2 64
13 64
53 64
26 64
23 29
12 29
29 47
29 68
29 49
11 29
33 42
9 25
25 43
25 33
11 25
40 54
40 55
36 40
8 32
4 32
19 32
31 32
5 32
32 39
20 32
27 32
22 32
32 68
32 52
32 58
32 40
8 61
4 61
31 61
5 61
20 61
27 61
9 61
42 61
49 61
55 59
59 61
2 59
1 59
51 59
28 47
28 43
16 53
34 67
22 34
16 34
34 58
34 54
34 55
34 50
34 36
23 46
27 46
9 46
22 46
33 46
46 59
25 46
46 55
46 50
26 46
34 46
9 45
43 45
45 52
11 45
2 45
45 61
3 49
3 11
3 25
3 61
14 51
3 14
14 36
14 28
25 41
41 63
14 41
2 24
24 64
3 24
16 69
58 69
54 69
63 69
21 69
32 69
46 69
8 66
4 66
31 66
39 66
20 66
27 66
47 66
22 66
42 66
59 66
40 66
64 66
55 66
32 66
57 66
16 44
44 58
44 65
44 55
3 44
32 44
44 48
44 66
15 34
15 29
7 15
15 44
44 53
66 69
8 35
4 35
31 35
35 39
18 35
27 35
9 35
35 43
35 49
35 58
35 40
35 65
35 50
35 36
35 48
35 66
0 35
3 37
32 37
34 37
37 45
35 37
13 37
1 69
0 69
21 29
21 24
8 62
5 62
10 62
56 62
22 62
42 62
16 62
11 62
62 65
62 63
50 62
21 62
53 62
6 62
57 62
41 62
1 24
24 41
24 48
13 24
41 45
28 41
1 41
14 32
3 45
3 48
36 45
45 46
45 53
46 60
29 34
16 28
16 51
16 65
28 59
23 38
27 38
38 67
38 68
38 49
38 58
38 53
38 60
0 38
17 33
17 38
2 17
17 61
1 17
17 26
0 17
13 17
17 57
7 17
7 38
13 38
38 57
28 38
28 65
26 28
28 51
28 53
13 28
25 61
0 61
7 61
48 61
32 61
29 32
25 40
40 50
25 60
0 25
25 48
0 33
33 54
1 33
33 48
33 57
26 33
54 58
29 54
7 54
13 54
6 54
2 54
29 64
13 29
7 29
36 64
52 57
2 52
36 52
7 52
26 52
13 52
11 50
11 65
6 11
0 42
42 48
42 60
26 65
1 65
6 65
63 65
1 63
60 63
50 63
7 68
60 68
53 68
49 68
57 68
6 68
7 26
7 51
6 7
56 60
36 56
36 47
36 43
36 58
36 57
36 60
10 48
27 48
9 48
43 48
48 51
13 48
22 27
27 51
22 49
2 22
13 22
22 51
6 49
49 58
49 50
49 55
55 57
51 55
6 55
1 43
43 50
2 43
43 58
39 51
39 57
23 57
57 67
9 57
6 57
1 57
60 67
0 67
50 67
53 67
50 53
50 60
30 53
30 47
2 47
9 47
47 60
0 47
26 47
9 51
9 13
6 9
1 9
12 26
1 12
1 6
18 51
18 53
26 51
0 26
20 53
2 53
53 60
2 51
0 51
6 60
0 60
6 19
0 8
