70 483
34 40
40 41
17 41
34 42
41 42
15 40
15 17
15 42
14 34
14 41
14 15
22 40
17 22
22 42
14 22
6 34
6 41
6 15
40 56
17 56
42 56
6 56
21 34
21 41
15 21
21 56
40 50
17 50
42 50
6 50
21 50
40 46
21 46
41 46
34 46
15 46
29 40
29 46
22 29
26 34
26 41
42 59
21 59
46 59
26 59
41 45
34 45
45 59
46 66
41 66
34 66
15 66
0 66
40 47
46 47
47 66
26 47
12 34
12 47
12 20
15 32
0 32
20 32
36 40
36 42
6 36
21 36
36 46
26 36
34 57
41 57
57 68
42 67
21 67
46 67
22 67
26 67
28 67
40 61
42 61
6 61
21 61
46 61
26 61
45 61
38 40
17 38
38 42
6 38
21 38
38 46
38 66
22 38
26 38
42 62
6 62
46 62
22 62
45 62
38 62
61 62
59 62
42 58
6 58
46 58
22 58
57 58
28 58
50 58
58 59
41 58
49 61
49 59
49 58
18 57
18 38
18 32
18 59
18 35
7 18
7 34
25 61
18 25
7 25
24 26
24 28
24 61
24 54
0 54
32 69
54 69
25 69
20 69
15 69
29 69
16 24
16 41
16 69
30 45
28 30
18 30
30 59
7 30
7 8
8 51
8 15
8 41
8 56
2 58
2 44
2 51
2 29
2 8
9 50
9 18
9 25
9 20
9 31
9 68
9 62
43 66
22 43
43 45
28 43
43 61
43 59
25 43
20 43
43 51
61 63
34 63
58 63
44 63
43 63
63 68
0 63
4 63
13 66
13 22
13 45
13 38
13 61
13 18
13 35
13 44
13 24
13 31
8 13
4 13
57 65
38 65
50 65
59 65
25 65
35 65
5 45
5 28
5 50
5 54
5 35
5 20
5 65
5 11
11 31
8 11
11 49
11 65
11 47
0 11
11 30
5 62
5 39
10 35
32 53
53 59
25 53
52 66
22 52
52 57
28 52
32 52
52 54
52 58
52 53
5 52
41 52
52 63
4 52
49 52
15 19
19 29
19 62
4 19
8 33
9 33
37 43
31 37
16 37
23 24
23 41
23 62
9 23
23 36
10 23
23 37
23 47
33 37
37 69
1 37
40 60
46 60
60 66
22 60
57 60
28 60
60 61
59 60
35 60
20 60
51 60
31 60
8 60
26 64
38 64
32 64
59 64
7 64
53 64
24 64
41 64
16 64
64 67
60 64
64 65
27 50
27 54
7 27
27 51
15 27
27 68
16 27
27 64
27 69
27 30
27 67
27 36
56 64
60 65
10 60
37 60
47 60
19 33
33 39
10 33
19 52
13 19
2 19
52 67
13 52
48 66
22 48
12 48
28 48
32 48
18 48
48 58
48 53
15 48
48 68
48 62
9 48
2 48
48 67
1 48
48 49
41 53
53 67
47 53
3 32
3 54
3 35
3 53
3 15
3 31
3 47
3 36
3 65
45 55
38 55
18 55
34 55
25 55
20 55
5 55
3 55
55 63
4 55
49 55
39 55
36 55
0 55
3 30
3 62
10 53
53 56
5 10
10 68
10 16
10 30
1 10
5 30
56 65
30 65
13 65
2 13
4 49
63 67
36 63
31 43
41 43
43 56
43 47
1 43
1 41
1 62
1 9
1 36
2 9
2 39
51 68
30 51
49 51
16 30
30 67
56 69
36 69
47 69
15 54
24 25
20 24
15 24
24 36
24 68
24 67
25 47
25 39
7 20
7 56
7 15
7 35
7 67
18 34
18 29
34 35
35 68
31 35
29 35
31 44
0 31
44 49
36 44
0 44
44 62
29 49
0 49
58 62
0 58
36 58
29 58
39 62
38 47
38 59
38 50
38 61
29 38
38 41
34 38
20 61
61 67
61 68
39 61
34 67
67 68
28 68
28 56
28 39
34 68
29 68
56 57
15 57
36 57
0 57
32 36
36 50
34 36
32 47
20 34
15 20
20 39
12 41
12 50
47 59
47 56
0 47
22 66
56 66
39 66
50 66
22 39
39 45
34 39
39 41
39 56
0 39
29 45
41 59
0 26
26 29
15 26
26 56
29 50
15 29
0 29
29 56
46 56
46 50
22 50
15 50
0 50
41 50
50 56
34 50
21 22
34 56
6 22
0 6
22 34
22 41
15 22
0 42
17 34
0 17
0 40
