70 966
4 65
65 68
12 68
4 68
34 65
34 68
59 65
12 59
4 59
34 59
32 65
32 68
32 59
0 32
4 32
3 12
3 34
52 65
52 68
52 59
0 52
4 52
3 52
25 65
25 68
25 59
0 25
4 25
12 25
25 34
25 32
25 52
28 65
28 68
28 59
0 28
4 28
3 28
25 28
11 65
11 68
11 59
4 11
11 12
11 34
11 32
11 52
5 65
5 68
5 59
0 5
4 5
3 5
5 25
5 11
4 56
12 56
34 56
52 56
32 56
64 65
64 68
59 64
0 64
4 64
3 64
25 64
11 64
56 64
51 68
4 51
51 56
12 51
34 51
32 51
51 52
10 65
10 68
10 59
0 10
4 10
3 10
10 25
10 11
10 56
10 51
12 61
34 61
52 61
32 61
15 65
15 68
15 59
0 15
4 15
3 15
15 25
11 15
15 56
15 51
15 61
9 65
9 68
9 59
0 9
4 9
3 9
9 25
9 11
9 56
9 51
9 61
9 12
9 52
9 34
9 32
46 65
46 68
46 59
4 46
25 46
11 46
46 56
9 46
12 26
26 52
26 34
26 46
45 65
45 68
45 59
4 45
25 45
11 45
45 56
9 45
26 45
18 65
18 68
4 18
18 25
18 51
9 18
12 36
36 52
34 36
32 36
44 65
44 68
4 44
25 44
44 51
44 61
36 44
18 44
2 12
11 39
9 39
55 59
4 55
25 55
51 55
12 55
52 55
32 55
34 55
11 49
9 49
49 55
2 49
17 30
48 65
48 68
48 59
4 48
11 48
48 61
48 55
26 48
30 48
41 48
35 65
35 68
35 59
0 35
4 35
3 35
25 35
11 35
35 56
35 51
35 36
26 35
2 35
35 41
36 37
18 37
30 37
57 65
57 68
57 59
4 57
25 57
11 57
51 57
9 57
55 57
18 57
30 57
5 57
46 57
6 68
4 6
6 11
6 51
6 36
6 26
2 6
6 57
6 35
2 8
8 57
25 54
51 54
54 55
26 54
30 54
54 57
33 65
33 68
4 33
25 33
33 56
33 61
33 55
18 33
19 65
19 68
4 19
19 25
19 56
19 61
19 36
18 19
12 19
1 65
1 68
1 59
1 4
1 11
1 51
1 36
1 26
1 19
1 41
1 33
65 67
67 68
59 67
0 67
4 67
3 67
25 67
11 67
56 67
51 67
61 67
9 67
36 67
2 67
19 67
57 67
33 67
60 67
44 67
7 51
7 9
7 55
7 18
7 19
7 57
7 54
7 60
7 8
7 16
7 28
30 69
41 69
33 69
60 69
14 65
4 14
14 56
9 14
14 55
14 18
2 14
14 41
14 35
8 14
13 35
8 13
13 14
13 49
13 16
13 39
20 33
20 54
20 44
20 46
16 20
20 69
47 65
47 68
47 59
4 47
11 47
47 51
36 47
18 47
30 47
47 57
33 47
47 54
44 47
46 47
47 67
47 69
20 47
21 55
18 21
21 30
21 41
21 35
8 21
14 21
21 44
16 21
21 39
43 65
43 68
43 59
0 43
4 43
3 43
25 43
11 43
43 56
43 51
43 61
9 43
43 55
18 43
19 43
30 43
33 43
43 60
8 43
43 44
43 67
39 43
58 65
58 68
58 59
0 58
4 58
25 58
11 58
56 58
51 58
58 61
55 58
26 58
30 58
57 58
33 58
54 58
14 58
49 58
58 67
43 58
17 58
31 65
31 68
31 59
4 31
25 31
11 31
31 56
9 31
31 55
18 31
19 31
31 41
31 54
31 60
31 44
31 49
28 31
31 39
17 31
20 31
22 44
22 46
22 28
22 69
20 22
22 31
23 26
2 23
19 23
23 57
23 35
23 54
14 23
23 46
23 67
23 69
17 23
23 31
65 66
66 68
59 66
0 66
4 66
3 66
25 66
11 66
51 66
9 66
55 66
18 66
19 66
57 66
35 66
60 66
14 66
46 66
66 67
66 69
43 66
31 66
10 66
53 56
9 53
36 53
2 53
19 53
53 57
33 53
53 54
44 53
46 53
53 67
53 69
17 53
20 53
53 66
53 64
56 62
9 62
55 62
2 62
30 62
41 62
35 62
60 62
44 62
46 62
62 67
62 69
17 62
20 62
62 66
13 62
24 35
24 54
8 24
24 46
24 67
24 69
24 43
20 24
23 24
13 24
29 65
4 29
11 29
9 29
29 55
26 29
19 29
29 41
29 35
8 29
14 29
29 49
16 29
29 67
17 29
29 31
29 64
13 29
24 29
29 53
29 58
29 52
29 47
29 34
22 29
40 68
4 40
25 40
9 40
36 40
18 40
19 40
40 41
33 40
40 60
14 40
40 49
28 40
39 40
40 43
31 40
23 40
27 65
27 68
27 59
0 27
4 27
25 27
27 56
27 61
27 55
18 27
19 27
27 41
27 35
27 60
8 27
27 49
27 67
27 39
17 27
21 27
23 27
27 40
27 52
14 63
16 63
28 63
63 67
43 63
21 63
63 64
27 63
62 63
53 63
58 63
5 63
37 63
42 56
42 51
42 55
18 42
30 42
42 57
33 42
42 60
42 44
42 49
28 42
42 69
17 42
20 42
42 66
42 64
24 42
42 53
38 55
18 38
19 38
38 41
35 38
38 60
8 38
38 49
28 38
38 43
17 38
21 38
38 66
38 64
27 38
38 48
37 38
12 38
38 42
32 38
38 45
5 38
10 38
1 38
40 42
37 42
1 42
15 42
42 63
42 45
7 42
6 63
1 63
22 63
45 63
7 27
27 34
12 27
27 37
27 47
1 27
33 50
50 54
14 50
49 50
28 50
39 50
43 50
20 50
50 64
13 50
27 50
50 53
29 50
12 50
10 50
37 50
6 50
34 50
32 50
45 50
40 48
40 58
29 40
15 40
10 40
37 40
34 40
40 47
32 40
7 29
5 24
24 37
24 45
24 32
22 24
7 24
24 62
15 24
47 62
10 62
6 62
52 62
53 62
34 62
58 62
12 62
48 53
15 53
1 53
7 53
22 53
37 66
5 66
13 66
32 66
48 66
15 66
23 66
23 52
6 23
23 34
23 58
22 23
23 47
23 64
12 23
13 22
12 22
10 22
22 32
22 47
22 52
1 22
7 31
10 31
13 31
5 31
12 31
31 45
31 58
13 58
52 58
12 58
10 58
5 58
15 58
6 58
43 52
12 43
43 45
1 43
7 43
34 43
21 43
20 21
21 37
15 21
21 47
6 21
21 64
21 52
21 32
21 48
1 21
47 48
5 47
32 47
6 47
15 47
1 47
13 20
20 37
20 64
20 32
20 34
13 45
13 15
10 13
13 32
5 13
14 39
14 46
14 44
1 14
14 64
14 69
14 32
14 52
14 48
49 69
28 69
64 69
10 69
6 69
7 69
48 69
12 69
7 64
7 12
5 7
7 32
7 34
7 52
7 15
16 67
16 52
5 16
16 39
16 48
16 28
10 16
16 17
16 64
16 37
28 67
1 67
34 67
45 67
17 67
60 64
49 60
12 60
34 60
1 60
1 49
1 39
1 64
1 48
1 12
1 37
1 34
19 33
19 32
15 19
19 28
19 52
19 46
5 19
19 34
19 45
33 57
33 34
33 44
32 33
33 45
33 49
12 33
33 64
33 52
33 54
8 54
28 54
32 54
48 54
15 54
45 54
39 54
44 54
17 54
37 54
6 8
8 46
5 8
8 10
8 52
8 12
8 17
8 49
8 28
8 37
6 44
6 49
6 28
6 17
6 64
6 48
6 12
6 10
6 52
6 34
32 57
49 57
10 57
57 64
52 57
28 57
37 57
35 37
37 46
37 39
37 48
10 37
34 37
35 39
35 48
28 35
10 35
35 46
17 35
15 35
5 35
46 48
17 48
48 64
32 48
34 48
45 48
41 45
12 41
34 41
41 44
17 41
39 41
17 49
10 17
15 17
5 17
10 30
30 39
12 30
30 64
30 49
15 30
10 49
46 49
45 49
28 49
39 55
10 55
5 55
2 39
39 46
32 39
34 39
5 39
39 52
15 39
39 45
2 28
2 15
2 44
5 44
10 44
15 44
34 44
44 45
32 44
36 64
18 36
15 36
28 36
12 18
18 34
18 46
10 18
18 52
18 45
18 32
45 64
12 45
10 45
45 52
15 45
26 32
26 64
5 26
5 46
12 46
34 46
46 64
15 46
5 9
9 28
9 10
9 64
9 15
15 28
5 15
15 34
10 61
28 61
61 64
5 61
5 10
5 51
28 51
51 64
28 56
5 56
5 52
5 32
11 28
28 52
12 28
28 32
12 52
32 52
3 32
0 34
4 34
0 4
4 12
12 65
0 12
