70 1207
42 53
33 42
33 53
39 42
33 39
18 42
18 33
18 53
42 51
33 51
18 51
42 62
18 62
53 62
51 62
39 62
41 42
33 41
18 41
41 62
53 55
51 55
39 55
34 42
33 34
18 34
34 62
34 55
12 42
12 53
12 39
12 51
12 41
12 34
42 61
33 61
18 61
61 62
55 61
12 61
2 42
2 33
2 18
2 62
2 12
2 53
2 39
2 51
2 41
2 34
2 61
1 42
1 33
1 18
1 62
1 55
1 12
1 2
42 60
33 60
18 60
60 62
55 60
12 60
2 60
53 60
51 60
39 60
34 60
41 60
60 61
1 60
35 42
33 35
18 35
35 62
35 55
12 35
2 35
35 60
53 54
51 54
39 54
41 54
34 54
1 54
54 61
24 42
24 33
18 24
24 62
24 55
12 24
2 24
24 60
24 54
21 42
21 33
18 21
21 62
21 55
2 21
21 54
21 53
21 39
21 51
21 41
21 34
21 61
1 21
21 24
21 35
30 42
30 33
18 30
30 62
30 55
12 30
2 30
30 60
30 54
21 30
38 53
38 39
38 51
38 41
34 38
38 61
1 38
35 38
24 38
30 38
6 42
6 33
6 18
6 62
6 55
6 12
2 6
6 60
6 54
6 21
6 38
6 34
42 65
33 65
18 65
62 65
55 65
12 65
2 65
60 65
54 65
34 65
53 65
39 65
51 65
41 65
1 65
61 65
24 65
35 65
30 65
42 63
12 63
60 63
21 63
63 65
1 63
53 68
51 68
39 68
41 68
61 68
42 50
33 50
18 50
50 62
50 55
12 50
21 50
34 50
50 65
24 50
50 68
50 53
39 50
50 61
4 42
4 33
4 18
4 62
4 60
4 34
4 65
1 4
4 24
8 42
8 33
8 18
8 62
8 55
2 8
8 54
8 34
8 65
0 8
8 24
8 53
8 51
8 39
8 41
8 61
13 42
2 13
13 60
13 21
13 34
1 13
8 13
13 53
51 59
41 59
59 64
61 64
14 42
14 33
14 18
14 62
14 55
12 14
14 60
14 38
14 34
1 14
14 68
8 14
14 39
14 61
11 42
11 33
11 18
11 62
11 12
2 11
11 60
11 21
0 11
1 11
11 68
11 53
11 39
11 51
19 60
19 34
19 65
19 24
19 68
19 53
19 39
11 19
14 19
42 49
33 49
18 49
49 62
49 55
49 60
49 54
38 49
34 49
1 49
24 49
49 53
39 49
58 59
51 58
41 58
34 48
24 48
48 68
8 48
48 58
48 61
11 48
48 49
22 42
22 33
18 22
2 22
22 60
22 34
0 22
1 22
8 22
22 53
22 39
22 58
14 22
22 49
40 42
18 40
40 62
2 40
40 54
38 40
0 40
1 40
40 68
8 40
40 59
11 40
14 40
11 66
4 66
51 66
42 46
33 46
18 46
46 60
21 46
34 46
0 46
1 46
24 46
8 46
39 46
46 58
11 46
46 66
40 46
21 47
34 47
0 47
24 47
47 68
39 47
47 59
47 61
11 47
47 66
40 47
36 42
12 36
36 54
21 36
36 65
24 36
8 36
36 53
36 59
36 58
14 36
4 36
36 40
36 47
3 42
3 33
3 18
2 3
3 21
3 38
0 3
1 3
3 8
3 53
3 59
3 58
3 14
3 66
3 40
45 60
21 45
0 45
1 45
24 45
8 45
45 59
45 61
11 45
45 49
22 45
20 65
1 20
20 24
20 53
20 59
20 58
4 20
20 66
20 49
20 45
0 43
24 43
43 68
8 43
39 43
43 61
14 43
43 66
22 43
43 45
20 43
23 42
23 33
18 23
23 62
23 55
12 23
2 23
23 60
23 54
21 23
23 38
23 34
23 65
0 23
23 68
23 53
23 39
23 61
4 23
23 66
23 49
23 45
23 43
24 52
52 53
52 59
52 61
14 52
49 52
22 52
45 52
43 52
4 69
66 69
40 69
22 69
3 69
52 69
24 28
28 53
28 59
28 58
11 28
4 28
28 40
28 47
28 43
28 52
37 42
37 60
21 37
34 37
37 65
1 37
8 37
37 53
37 59
37 61
14 37
37 66
37 40
37 47
3 37
7 42
7 12
7 54
7 34
7 65
1 7
7 68
7 53
7 39
7 11
7 14
4 7
7 49
7 45
7 43
7 52
7 48
7 50
7 63
7 20
7 36
25 42
25 33
18 25
25 62
25 55
12 25
2 25
25 60
25 54
21 25
25 38
25 34
0 25
24 25
8 25
25 53
25 39
25 61
14 25
4 25
25 40
25 47
25 43
7 25
25 37
25 35
8 56
53 56
39 56
56 58
11 56
4 56
22 56
45 56
3 56
52 56
37 56
35 56
9 42
9 33
9 18
9 62
9 55
9 12
2 9
9 60
9 54
9 21
9 38
9 34
0 9
9 24
8 9
9 53
9 58
9 61
9 14
9 66
9 22
9 45
9 43
7 9
9 28
9 35
9 23
9 30
9 36
15 42
15 33
15 18
15 62
15 55
12 15
2 15
15 60
15 54
15 38
15 65
1 15
8 15
15 53
15 39
15 61
11 15
4 15
15 22
15 47
15 43
15 52
15 37
15 35
9 15
29 42
29 33
18 29
29 62
29 55
12 29
2 29
29 60
29 54
21 29
0 29
1 29
24 29
29 53
29 39
29 58
14 29
29 49
22 29
29 45
3 29
29 52
28 29
29 35
29 56
29 46
42 57
33 57
18 57
57 62
55 57
12 57
2 57
57 60
54 57
34 57
0 57
1 57
57 68
53 57
57 59
57 58
14 57
49 57
40 57
47 57
45 57
43 57
7 57
0 67
1 67
67 68
53 67
39 67
61 67
11 67
66 67
40 67
47 67
3 67
7 67
37 67
64 67
6 67
17 42
17 33
17 18
17 60
17 21
17 38
17 65
1 17
8 17
17 53
17 59
17 61
4 17
17 66
17 49
17 45
17 43
7 17
17 37
17 67
17 56
15 17
13 17
17 50
17 41
17 36
17 46
17 48
17 57
17 64
10 42
2 10
10 60
10 38
0 10
10 24
8 10
10 39
10 59
10 58
10 14
10 49
10 40
10 45
10 43
7 10
10 37
10 67
9 10
10 29
10 13
10 50
10 23
10 20
10 51
10 30
10 57
27 42
27 33
18 27
27 62
27 55
12 27
2 27
27 60
27 54
21 27
27 38
27 34
27 65
0 27
27 68
27 39
27 59
11 27
14 27
27 66
22 27
27 47
3 27
27 43
27 28
27 35
27 56
15 27
13 27
26 42
26 33
18 26
26 62
26 55
2 26
26 54
26 34
26 65
0 26
26 68
8 26
26 39
26 61
4 26
26 49
22 26
26 47
26 43
26 52
26 28
26 35
9 26
15 26
25 26
5 42
5 33
5 18
5 62
5 55
5 12
5 54
5 34
5 65
1 5
5 68
5 53
5 39
5 58
5 11
5 49
5 40
5 45
3 5
5 43
5 37
5 67
5 9
5 15
5 13
5 26
5 41
5 20
5 46
5 30
42 44
33 44
18 44
44 62
44 55
12 44
2 44
44 60
44 54
34 44
44 65
1 44
44 68
39 44
44 58
11 44
14 44
44 66
40 44
44 47
3 44
44 52
37 44
35 44
9 44
29 44
13 44
44 50
23 44
20 44
44 46
30 44
44 64
44 69
27 44
44 63
5 44
25 44
5 64
5 25
16 68
16 53
16 59
11 16
4 16
16 49
16 40
16 47
16 45
16 52
16 28
16 67
16 56
16 29
31 60
31 34
31 65
1 31
31 68
31 53
31 39
31 58
11 31
4 31
31 40
22 31
31 45
31 52
31 37
31 35
9 31
15 31
31 64
19 31
30 31
31 69
23 31
31 57
31 48
31 63
16 31
31 46
20 31
31 51
16 26
16 41
16 36
16 46
16 51
16 57
16 27
16 64
5 16
16 63
6 16
5 10
5 63
26 27
6 26
26 69
26 64
26 51
32 42
32 60
21 32
32 34
32 65
0 32
24 32
32 53
32 58
32 61
4 32
32 49
22 32
32 47
3 32
7 32
32 37
32 67
9 32
29 32
13 32
26 32
32 41
32 36
32 57
27 32
32 46
19 32
30 32
32 69
32 63
25 32
26 63
26 46
26 36
27 41
27 46
27 51
6 27
27 63
27 69
10 27
10 17
10 69
6 10
17 63
6 17
17 19
51 67
30 67
63 67
46 67
50 67
67 69
57 67
48 67
29 57
15 57
50 57
23 57
51 57
30 57
48 57
6 57
19 57
19 29
29 51
15 29
29 50
29 36
29 63
29 69
6 15
15 20
15 46
15 48
15 64
15 41
9 56
6 9
9 19
9 63
48 56
20 56
50 56
56 69
25 56
13 56
51 56
41 56
56 64
13 25
25 50
25 41
25 36
25 51
25 48
25 64
25 69
19 25
7 19
7 41
7 37
7 64
37 51
23 37
28 37
20 37
36 37
35 37
13 28
28 69
28 46
19 28
28 48
28 30
28 50
6 28
28 63
28 41
41 69
20 69
30 69
6 69
19 69
13 52
30 52
35 52
46 52
52 64
51 52
23 52
23 35
13 23
23 50
23 64
23 46
23 48
19 23
23 36
23 63
23 30
19 43
35 43
43 50
6 43
20 35
20 50
20 41
20 36
19 20
20 46
20 51
20 63
6 45
19 45
3 45
45 64
45 51
3 6
3 36
3 46
3 63
3 30
3 64
3 13
3 48
3 41
35 36
13 36
30 36
6 36
36 48
36 64
30 47
46 47
13 47
35 47
41 47
47 50
47 48
46 48
46 64
13 66
40 66
50 66
35 66
63 66
30 66
22 40
40 41
6 40
40 51
30 40
22 48
22 50
22 64
19 22
22 35
22 63
22 51
48 50
48 51
48 63
48 64
19 48
30 58
49 58
58 61
35 58
6 58
14 49
6 49
19 49
41 49
49 51
49 63
13 49
19 35
19 50
19 64
19 63
11 41
11 30
11 13
4 11
11 14
14 51
14 64
14 63
14 35
4 64
35 59
13 59
59 61
59 63
13 61
13 35
13 30
6 13
13 50
13 41
8 35
4 8
4 39
4 61
4 51
4 50
4 41
4 6
4 30
41 50
30 50
6 68
30 68
63 68
39 63
61 63
6 65
6 24
6 53
6 39
6 41
6 51
6 30
30 34
0 30
1 30
24 30
30 53
30 51
0 21
24 34
0 24
1 24
24 53
24 51
24 39
24 41
24 61
24 35
35 54
34 35
0 35
1 35
35 39
35 41
1 34
0 1
1 53
1 39
1 51
1 41
1 61
0 2
34 61
0 61
53 61
39 61
51 61
41 61
34 53
34 39
34 51
34 41
0 34
41 55
0 41
41 53
39 41
41 51
0 51
51 53
39 51
18 39
0 18
0 39
39 53
0 33
0 53
0 42
