70 966
7 51
7 69
9 51
9 69
9 34
7 34
23 34
6 51
6 69
6 34
7 24
9 24
23 24
18 51
18 69
18 34
18 24
9 39
7 39
23 39
6 39
18 39
43 51
43 69
34 43
24 43
39 43
9 58
7 58
23 58
6 58
18 58
35 51
35 69
34 35
24 35
35 39
35 58
19 51
19 69
19 34
19 24
19 39
19 58
7 19
9 19
19 23
6 19
18 19
51 57
57 69
34 57
24 57
39 57
57 58
19 57
9 48
7 48
23 48
6 48
18 48
48 57
51 66
66 69
34 66
24 66
39 66
58 66
19 66
48 66
9 27
7 27
23 27
6 27
18 27
27 57
27 66
27 35
51 68
68 69
34 68
24 68
39 68
58 68
19 68
48 68
27 68
7 68
9 68
23 68
6 68
18 68
66 68
35 68
57 68
43 68
24 46
39 46
46 58
46 48
46 68
51 59
59 69
34 59
24 59
39 59
58 59
19 59
48 59
27 59
59 68
7 59
9 59
23 59
18 59
6 59
57 59
43 59
35 59
59 66
22 27
22 59
22 46
9 54
7 54
23 54
6 54
18 54
20 59
20 54
20 23
7 20
37 51
37 69
34 37
24 37
37 39
37 58
19 37
37 48
37 68
37 59
35 37
14 34
14 39
14 58
14 19
14 48
14 68
14 35
9 14
7 14
14 23
6 14
14 18
14 37
59 65
14 65
7 65
35 41
14 41
23 41
9 41
8 51
8 39
8 19
8 48
8 68
8 59
8 46
8 14
8 23
8 41
8 37
23 31
31 41
13 51
13 69
13 34
13 24
13 39
13 58
13 19
13 48
13 27
13 68
13 35
13 54
13 23
7 13
9 13
51 55
55 69
34 55
24 55
39 55
55 58
19 55
48 55
27 55
55 59
35 55
54 55
7 55
41 55
13 55
29 35
29 46
23 29
29 41
29 37
58 63
19 63
27 63
63 68
46 63
14 63
7 63
41 63
37 63
9 63
14 53
7 53
53 63
31 53
44 51
44 69
24 44
39 44
19 44
44 48
27 44
44 68
44 46
44 54
7 44
41 44
44 63
31 44
9 44
12 51
12 34
12 24
12 39
12 19
12 48
12 27
12 68
12 46
12 14
12 23
7 12
12 13
12 31
12 44
12 43
10 58
10 19
10 68
10 59
10 46
10 14
7 10
10 41
10 13
10 29
10 44
10 43
9 10
13 62
31 62
51 61
61 69
34 61
39 61
19 61
48 61
27 61
59 61
35 61
46 61
23 61
7 61
61 63
29 61
9 61
4 27
4 68
4 35
4 46
4 7
4 41
4 13
4 31
4 61
13 67
29 67
61 67
43 67
9 67
20 67
57 67
17 23
7 17
13 17
17 31
17 61
17 67
38 51
38 69
34 38
24 38
38 39
38 58
19 38
38 48
27 38
38 68
35 38
14 38
23 38
7 38
37 38
29 38
38 61
38 67
9 38
33 46
14 33
23 33
7 33
33 63
29 33
33 61
33 67
33 38
33 66
35 45
45 46
23 45
7 45
37 45
29 45
45 61
43 45
10 45
23 49
41 49
13 49
49 63
44 49
25 51
25 69
25 34
25 39
25 58
19 25
25 27
25 68
25 46
25 54
23 25
7 25
25 37
25 29
25 61
9 25
1 63
1 29
1 25
1 43
1 10
1 49
1 45
23 40
7 40
13 40
31 40
40 44
25 40
10 40
40 66
7 11
11 41
11 13
11 63
11 44
11 43
37 47
29 47
47 61
43 47
10 47
9 47
11 47
30 51
30 69
30 34
30 39
19 30
30 48
30 68
30 59
30 35
30 54
23 30
7 30
13 30
29 30
30 61
25 30
30 47
11 30
30 45
30 40
3 48
3 59
3 35
3 14
3 23
3 7
3 37
3 31
3 44
3 25
3 47
3 11
2 23
2 41
2 37
2 31
2 25
2 43
2 10
2 49
2 9
16 44
16 43
16 38
16 49
2 16
51 64
34 64
24 64
39 64
58 64
19 64
27 64
64 68
59 64
54 64
23 64
7 64
37 64
63 64
44 64
64 67
38 64
47 64
45 64
9 64
0 64
64 65
24 32
32 39
32 58
32 48
32 68
32 59
32 46
14 32
23 32
32 41
32 37
31 32
32 61
25 32
32 38
32 47
2 32
32 64
3 32
6 32
32 55
36 38
36 49
2 36
3 36
30 36
8 36
0 36
26 44
25 26
26 38
26 66
2 26
26 40
26 30
6 26
35 56
14 56
23 56
7 56
56 63
29 56
44 56
56 67
10 56
49 56
11 56
40 56
18 56
6 56
55 56
12 56
16 56
15 51
15 39
15 19
15 48
15 27
15 59
15 35
14 15
15 23
7 15
15 37
15 29
15 61
15 67
15 38
11 15
15 45
15 64
15 30
15 55
15 56
15 62
12 15
13 50
31 50
50 61
25 50
38 50
49 50
11 50
50 64
8 50
50 55
50 56
26 50
5 46
5 54
5 7
5 41
5 63
5 29
5 44
5 43
5 38
5 66
2 5
5 64
5 8
5 55
0 5
5 62
5 12
1 5
5 16
5 33
5 22
23 42
7 42
37 42
29 42
25 42
42 67
42 47
42 49
11 42
42 45
3 42
6 42
26 42
42 62
5 42
32 42
4 42
35 60
14 60
23 60
41 60
13 60
31 60
60 61
25 60
10 60
47 60
11 60
40 60
30 60
8 60
0 60
36 60
12 60
50 60
60 65
21 45
21 40
21 30
8 21
21 56
21 26
21 22
21 32
4 21
21 60
9 21
21 53
15 21
21 42
16 60
20 60
42 60
57 60
1 42
19 28
28 48
28 68
28 59
28 46
14 28
23 28
7 28
13 28
28 63
25 28
28 67
10 28
28 66
2 28
28 64
3 28
28 55
26 28
28 36
22 28
28 50
17 28
4 28
28 57
28 42
15 28
9 28
33 42
5 50
5 9
50 53
4 50
15 50
1 50
17 50
15 17
24 52
39 52
52 58
19 52
27 52
52 68
35 52
52 54
23 52
7 52
13 52
52 63
44 52
25 52
47 52
52 66
11 52
52 64
3 52
8 52
0 52
26 52
12 52
32 52
52 65
52 53
15 52
9 52
33 52
1 52
15 16
15 33
26 56
4 56
56 62
33 56
26 57
17 26
1 26
26 36
12 36
17 36
36 65
9 36
32 36
36 53
22 32
32 57
9 32
16 32
32 65
16 64
12 64
20 64
6 64
16 18
16 55
16 62
16 65
16 57
16 33
16 20
2 57
2 17
2 3
2 20
2 45
2 53
2 65
3 9
3 55
3 18
3 4
3 57
0 3
3 33
3 30
9 30
18 30
22 30
20 30
30 53
4 30
8 47
47 65
47 49
22 47
18 47
0 47
11 66
9 11
11 62
4 11
8 11
6 11
11 40
9 40
33 40
40 53
22 40
40 62
8 40
17 40
1 40
1 18
1 8
0 1
1 4
1 57
1 53
1 9
25 57
0 25
25 65
25 49
9 49
45 49
49 66
49 65
8 49
49 53
12 49
49 55
9 45
0 45
33 45
12 45
18 45
22 45
45 55
33 55
33 62
22 33
17 33
33 53
38 66
17 38
22 38
38 53
38 57
38 55
17 66
17 18
8 17
12 17
17 65
4 17
17 20
65 67
6 67
18 67
4 67
8 67
4 10
4 66
4 6
4 62
4 12
4 53
61 66
43 61
8 61
61 62
43 62
10 62
62 66
18 62
8 62
57 62
20 62
22 62
10 18
10 12
10 20
0 10
6 10
8 12
6 12
12 57
12 20
18 44
22 44
6 44
44 55
44 53
43 53
6 53
0 53
22 53
20 53
22 63
63 65
29 63
20 63
0 63
31 63
9 29
29 55
29 57
29 43
43 55
18 55
8 55
0 55
20 55
13 18
13 31
6 13
13 22
9 31
8 31
6 31
18 31
31 66
20 31
8 18
41 57
41 66
41 43
18 41
41 65
6 41
37 65
18 65
6 65
0 65
22 65
57 65
9 65
14 57
14 43
23 37
7 37
9 37
37 43
0 37
37 57
37 66
20 37
20 66
0 20
20 22
20 57
9 20
54 66
22 54
22 23
7 22
22 43
6 22
0 22
46 59
35 46
9 46
7 46
23 46
6 46
18 46
43 46
46 66
46 57
27 43
35 66
7 66
43 66
9 66
57 66
6 66
43 48
35 48
35 57
7 57
18 57
6 57
19 43
19 35
9 35
7 35
23 35
6 35
18 35
35 43
43 58
7 43
9 43
0 43
18 23
7 18
6 18
9 18
6 24
6 23
6 7
6 9
9 23
7 9
0 9
23 69
7 23
0 7
23 51
0 23
