70 724
6 7
6 69
6 48
7 61
61 69
48 61
7 59
59 69
48 59
6 59
59 61
7 56
56 69
48 56
56 59
56 61
6 62
7 10
10 69
10 48
10 59
10 61
10 62
6 28
10 28
7 63
63 69
48 63
59 63
61 63
62 63
28 63
6 26
10 26
26 63
26 56
7 21
21 69
21 48
21 59
21 61
21 62
21 28
21 26
7 31
31 69
31 59
31 61
31 62
6 31
10 31
31 63
31 56
21 31
7 16
16 69
16 48
16 59
16 61
16 62
16 28
16 26
16 31
17 69
17 59
17 61
17 31
6 17
10 17
17 63
17 56
16 17
17 21
9 62
9 17
7 41
41 69
41 48
41 59
41 61
41 62
28 41
17 41
6 41
10 41
41 63
41 56
16 41
21 41
23 61
23 41
20 69
20 59
20 62
17 20
20 41
6 20
20 63
20 56
10 20
20 21
16 20
7 29
29 61
28 29
17 29
20 29
12 61
12 17
12 41
6 12
12 56
12 63
10 12
12 38
7 35
35 61
28 35
26 35
6 18
10 18
18 56
18 63
18 35
53 61
31 53
18 53
25 41
6 25
10 25
25 56
25 63
1 61
1 31
1 18
1 25
1 38
1 29
1 23
7 55
55 69
48 55
55 59
55 61
55 62
28 55
17 55
41 55
35 55
6 19
20 32
32 35
19 32
1 32
21 32
10 32
33 61
31 33
20 33
25 33
19 33
38 54
6 54
54 63
7 60
60 69
48 60
59 60
60 61
60 62
28 60
17 60
41 60
35 60
54 60
7 22
22 69
22 48
22 59
22 61
22 62
22 28
22 31
18 22
22 35
22 38
22 54
14 38
14 22
14 21
20 49
12 49
38 49
1 49
21 49
29 49
20 24
24 35
19 24
24 54
21 24
24 49
4 6
7 52
52 59
28 52
31 52
41 52
35 52
19 52
1 52
7 43
43 69
43 48
43 59
43 61
43 62
28 43
31 43
18 43
25 43
19 43
22 43
16 43
42 61
26 42
20 42
25 42
35 42
42 54
42 43
3 21
3 68
10 68
4 68
38 64
54 64
43 64
49 64
7 40
40 69
40 61
31 40
20 40
12 40
19 40
40 54
23 40
27 40
6 40
21 40
5 28
5 26
5 20
5 12
5 38
5 22
5 40
3 5
4 5
7 37
37 69
37 48
37 59
37 61
37 62
26 37
17 37
20 37
25 37
35 37
22 37
37 43
37 49
32 37
14 37
32 57
37 57
57 63
40 45
45 49
4 45
20 36
12 36
35 36
22 36
36 43
3 36
4 36
36 64
24 36
36 56
61 66
17 66
18 66
12 66
38 66
22 66
40 66
49 66
14 66
36 66
63 66
67 69
61 67
62 67
31 67
18 67
25 67
38 67
54 67
43 67
49 67
14 67
7 51
51 59
51 61
17 51
41 51
12 51
38 51
1 51
21 51
10 51
27 51
51 67
16 51
51 68
6 51
42 51
51 52
51 57
33 51
11 21
11 49
11 27
11 37
11 16
11 44
11 53
11 55
11 52
11 57
11 33
11 51
7 30
30 69
30 48
30 59
26 30
17 30
30 41
12 30
19 30
22 30
21 30
3 30
14 30
30 37
16 30
5 30
2 54
1 2
2 21
2 49
2 32
2 36
2 16
2 45
2 42
2 24
40 47
32 47
27 47
47 64
47 63
44 47
2 47
32 65
14 65
65 67
44 65
6 65
47 65
56 65
9 65
33 65
15 43
10 15
15 27
15 64
15 16
15 44
6 15
15 23
21 39
10 39
32 39
39 64
39 67
39 68
6 39
39 42
7 50
50 69
48 50
50 59
50 61
50 62
26 50
31 50
18 50
25 50
38 50
1 50
43 50
10 50
14 50
37 50
16 50
50 68
50 53
50 55
39 50
50 56
0 50
50 51
50 66
30 50
15 39
29 39
39 60
39 52
7 58
58 69
58 59
58 61
58 62
31 58
41 58
25 58
38 58
1 58
21 58
10 58
14 58
37 58
58 63
45 58
2 58
42 58
39 58
19 46
1 46
40 46
10 46
32 46
37 46
46 67
45 46
46 68
46 47
7 13
13 69
13 48
13 59
13 62
13 41
13 18
13 25
13 19
13 22
13 40
13 32
13 27
13 64
5 13
13 45
13 53
13 23
13 52
13 24
13 46
9 13
34 61
17 34
18 34
12 34
34 38
34 54
34 43
3 34
32 34
34 64
34 63
34 44
6 34
34 55
13 34
34 57
29 34
15 34
7 8
8 69
8 48
8 59
8 62
8 31
8 18
8 25
8 19
8 22
8 40
3 8
8 27
8 64
8 16
8 44
2 8
8 23
8 42
8 46
0 8
8 24
8 60
8 34
34 60
13 56
15 46
33 46
46 58
24 46
58 66
33 58
29 58
30 58
0 15
15 29
15 65
65 66
11 65
42 47
33 47
0 47
47 66
29 47
2 57
2 56
2 30
23 30
30 52
9 30
30 51
11 30
44 67
52 67
23 67
55 67
24 67
0 67
53 67
44 53
44 66
6 44
6 66
56 66
57 66
24 66
0 36
33 36
36 60
36 45
36 53
23 36
16 45
5 45
45 57
45 52
33 45
9 45
55 57
56 57
57 60
6 37
37 52
16 37
5 37
5 42
5 60
5 68
5 29
5 24
0 5
5 23
40 60
29 40
33 40
10 27
27 32
27 63
27 29
27 55
27 53
27 64
42 64
64 68
29 64
55 64
16 68
56 68
42 68
55 68
60 68
3 56
0 3
3 6
3 42
3 53
3 10
3 55
4 42
42 52
0 42
0 43
43 52
10 43
9 43
43 53
10 52
4 52
52 53
33 52
4 9
4 24
4 16
0 4
4 23
23 24
0 24
24 60
49 63
49 60
49 56
14 49
14 33
14 56
14 60
14 63
9 14
0 22
6 22
22 60
22 56
16 22
60 63
55 60
29 60
21 54
29 54
10 54
33 54
32 33
16 33
33 53
9 32
10 19
19 53
19 23
0 19
19 55
1 55
21 55
53 55
23 55
9 55
1 63
1 9
1 21
1 53
16 25
9 25
25 53
9 53
29 53
16 18
0 18
18 21
12 35
6 35
35 63
35 38
10 35
21 35
35 56
9 35
6 38
38 56
16 38
0 12
12 29
12 23
29 63
9 29
20 23
10 23
6 23
23 56
9 41
9 63
9 56
0 9
10 16
0 31
21 63
56 63
6 63
28 56
0 28
56 62
6 61
0 61
0 6
7 69
0 69
