70 966
27 46
1 27
46 68
1 68
15 46
15 27
15 68
34 46
1 34
15 34
27 67
67 68
34 67
9 46
1 9
9 15
9 67
5 27
5 68
5 9
5 34
38 46
1 38
15 38
38 67
5 38
36 46
1 36
15 36
36 67
5 36
27 36
36 68
9 36
34 36
8 46
1 8
8 15
8 67
5 8
8 36
27 63
63 68
34 63
9 63
8 63
38 63
46 69
1 69
15 69
67 69
5 69
36 69
63 69
43 46
1 43
15 43
5 43
36 43
43 63
27 43
43 68
9 43
34 43
8 43
38 43
46 52
1 52
15 52
52 67
5 52
36 52
52 63
43 52
13 36
13 27
13 68
13 34
9 13
13 38
8 13
22 46
1 22
15 22
22 67
5 22
22 36
22 63
22 43
13 22
46 61
1 61
15 61
61 67
5 61
36 61
61 63
43 61
13 61
27 61
61 68
9 61
34 61
38 61
8 61
22 61
52 61
61 69
46 50
1 50
15 50
5 50
36 50
50 63
43 50
13 50
50 61
27 50
9 50
33 68
33 34
8 33
33 38
33 52
33 69
22 33
27 40
33 40
4 68
4 34
4 38
4 8
4 52
4 22
4 69
4 41
27 42
9 42
4 42
42 68
34 42
38 42
8 42
27 56
9 56
42 56
38 56
19 46
1 19
15 19
5 19
19 36
19 63
19 43
13 19
19 61
9 19
19 33
26 46
1 26
15 26
5 26
26 63
13 26
26 27
9 26
21 43
13 21
21 27
9 21
21 68
21 34
21 38
8 21
11 27
9 11
11 21
11 38
21 32
32 38
19 32
32 68
32 34
8 32
46 58
15 58
43 58
13 58
27 58
33 58
42 58
38 58
32 58
56 58
11 58
46 48
1 48
15 48
48 67
5 48
36 48
48 63
43 48
13 48
48 61
27 48
9 48
33 48
26 48
19 48
14 68
14 34
16 21
16 42
16 32
14 16
11 16
44 46
15 44
44 63
43 44
27 44
9 44
4 44
26 44
19 44
44 56
3 46
1 3
3 15
3 5
3 36
3 13
3 61
3 33
3 21
3 26
3 19
25 32
25 68
25 34
25 50
8 25
25 40
46 47
5 47
36 47
13 47
27 47
9 47
4 47
38 47
25 47
47 56
47 48
46 54
1 54
15 54
54 67
5 54
36 54
54 63
43 54
13 54
54 61
27 54
9 54
4 54
26 54
32 54
14 54
11 54
46 55
15 55
36 55
43 55
27 55
33 55
21 55
38 55
19 55
14 55
3 55
54 55
33 35
26 35
32 35
25 35
3 35
35 44
39 46
15 39
36 39
39 43
39 61
33 39
39 42
26 39
38 39
25 39
39 48
39 54
35 39
0 39
19 28
28 56
28 48
28 54
7 27
7 33
4 7
7 38
7 19
7 25
3 7
7 44
45 46
15 45
36 45
43 45
27 45
9 45
42 45
38 45
19 45
14 45
11 45
57 68
6 27
6 9
6 21
6 42
6 38
6 14
6 11
6 57
6 7
0 6
6 45
37 63
37 61
27 37
33 37
37 42
37 38
19 37
25 37
3 37
37 44
7 37
61 65
9 65
21 65
42 65
32 65
25 65
11 65
57 65
35 65
22 65
41 65
37 65
49 61
9 49
21 49
42 49
32 49
11 49
3 49
49 54
7 49
49 65
39 49
20 36
20 61
20 27
20 33
4 20
20 26
19 20
14 20
3 20
20 54
20 35
20 22
20 39
20 37
16 20
20 69
31 46
15 31
31 36
13 31
27 31
9 31
4 31
26 31
31 38
14 31
31 48
31 57
31 35
0 31
31 45
20 31
31 55
31 34
31 58
31 52
18 46
1 18
15 18
5 18
18 43
18 61
18 27
9 18
18 21
18 38
18 32
18 25
18 48
18 54
18 44
0 18
30 46
1 30
15 30
5 30
30 36
30 63
30 43
13 30
27 30
9 30
21 30
30 38
25 30
11 30
3 30
30 57
7 30
22 30
30 45
18 30
30 40
36 53
13 53
27 53
9 53
21 53
26 53
19 53
53 56
3 53
53 54
7 53
0 53
30 53
37 53
53 55
11 29
29 48
7 29
29 65
29 39
29 37
29 55
29 34
16 29
29 68
46 66
1 66
15 66
66 67
5 66
36 66
63 66
43 66
13 66
61 66
27 66
33 66
4 66
26 66
25 66
56 66
48 66
54 66
7 66
22 66
45 66
30 66
55 66
29 66
58 66
11 64
57 64
7 64
22 64
45 64
20 64
3 23
23 57
23 35
22 23
23 39
23 37
23 55
23 58
23 41
4 17
17 42
17 19
17 56
3 17
17 44
7 17
0 17
17 45
17 20
17 23
17 34
17 47
17 52
17 18
17 31
17 66
16 17
17 68
17 49
32 60
56 60
48 60
57 60
44 60
22 60
39 60
37 60
55 60
34 60
58 60
52 60
18 60
31 60
60 66
5 51
43 51
27 51
9 51
4 51
38 51
19 51
51 56
3 51
51 57
7 51
0 51
45 51
30 51
23 51
2 46
2 5
2 36
2 61
2 27
2 33
2 4
2 26
2 32
2 56
2 3
2 54
2 44
2 65
2 39
2 30
2 28
46 62
61 62
27 62
9 62
4 62
38 62
25 62
56 62
48 62
44 62
35 62
0 62
45 62
37 62
2 62
34 62
41 62
62 64
18 62
31 62
49 62
8 62
53 62
50 62
24 46
1 24
15 24
5 24
24 36
24 63
24 43
13 24
24 27
9 24
21 24
24 26
24 32
24 56
11 24
24 44
24 35
22 24
24 39
24 30
24 55
2 24
24 47
24 64
6 24
24 31
24 62
16 24
12 21
12 38
12 32
12 14
12 48
12 44
12 35
12 65
12 45
12 20
2 12
12 34
12 47
12 64
6 12
10 46
5 10
10 36
10 13
10 27
9 10
10 21
10 38
10 32
10 14
10 48
10 44
7 10
10 22
10 65
10 30
10 55
10 29
10 58
10 41
6 10
10 16
10 31
10 68
10 51
10 12
59 63
59 61
27 59
9 59
21 59
42 59
19 59
25 59
11 59
57 59
35 59
22 59
30 59
20 59
23 59
34 59
47 59
59 64
18 59
10 59
59 66
40 59
53 59
50 59
49 59
8 59
10 69
12 66
12 16
12 24
12 49
12 60
12 69
24 53
24 40
8 24
51 62
2 52
2 34
2 49
2 47
2 40
2 18
2 51
2 50
47 51
51 64
51 52
16 51
51 60
51 68
51 69
8 51
60 68
50 60
17 60
17 53
23 69
23 50
23 64
8 23
16 23
23 47
29 64
47 64
53 64
64 66
28 64
16 64
6 66
18 66
40 66
66 68
29 49
29 53
29 41
28 29
8 29
53 58
6 53
28 53
49 53
40 53
30 37
8 30
30 50
30 34
18 20
18 55
18 47
18 41
18 50
8 18
18 31
31 40
28 31
20 49
20 47
20 58
20 68
49 58
41 49
6 49
28 49
49 68
34 65
8 65
40 65
55 65
65 68
50 65
45 65
37 39
37 41
28 37
6 37
37 40
37 52
37 55
6 55
6 34
6 41
6 52
6 68
6 69
44 57
57 69
0 57
45 57
7 45
0 45
34 45
45 52
45 47
16 45
7 8
7 40
7 28
7 22
0 28
28 39
28 58
28 52
16 28
8 28
28 69
28 50
8 39
39 58
39 69
39 41
39 55
35 58
35 55
0 35
35 52
34 35
35 68
16 35
55 68
40 55
54 68
50 54
47 54
40 54
34 54
41 54
22 54
52 54
44 47
0 47
47 69
47 52
8 47
3 25
25 56
22 25
3 11
3 68
3 22
3 48
3 44
0 3
16 44
8 44
44 50
44 69
0 16
16 58
16 52
16 69
14 69
14 48
0 14
48 68
34 48
48 52
40 48
48 50
48 58
0 58
34 58
50 58
40 58
22 32
32 41
11 32
11 68
11 34
11 50
11 41
11 69
8 11
21 26
21 22
21 50
26 42
26 68
26 34
26 38
8 26
26 40
0 26
26 52
19 26
19 68
19 34
8 19
19 69
19 56
0 19
56 68
34 56
8 56
41 56
52 56
40 56
42 52
42 69
42 50
41 42
22 42
22 41
41 68
41 69
41 50
8 41
40 41
0 4
4 40
40 52
40 50
8 40
33 50
0 33
0 50
50 68
50 69
0 61
22 27
9 22
22 68
22 69
0 22
22 52
13 52
13 69
27 52
9 52
38 52
34 52
52 68
43 69
0 43
27 69
9 69
38 69
34 69
8 69
8 27
8 9
8 38
36 38
27 38
9 38
38 68
34 38
9 27
9 68
9 34
27 34
0 15
27 68
0 27
0 46
