70 724
17 31
17 21
31 54
21 54
17 41
41 54
31 53
41 53
21 53
17 62
54 62
53 62
21 24
24 31
24 41
24 62
17 48
48 54
48 53
24 48
41 45
31 45
21 45
45 48
45 62
13 17
13 54
13 53
13 24
13 45
21 52
41 52
31 52
48 52
52 62
17 33
33 54
33 53
24 33
33 45
33 52
17 46
46 53
24 46
45 46
46 52
21 46
41 46
31 46
46 48
46 62
13 46
33 46
37 53
37 52
37 46
2 52
2 21
2 41
2 31
2 48
2 62
2 13
2 33
7 53
7 45
2 7
19 41
19 21
19 31
19 48
19 62
13 19
7 19
44 53
44 52
44 46
19 44
41 65
31 65
21 65
33 65
17 56
54 56
53 56
24 56
45 56
52 56
46 56
2 56
56 65
25 46
25 28
25 65
17 39
39 53
24 39
39 45
39 52
2 39
29 41
29 31
21 29
29 48
29 62
2 47
3 31
3 41
3 21
3 62
3 48
3 33
3 13
17 40
40 53
40 46
3 40
40 65
25 40
40 41
46 63
2 63
63 65
25 63
33 36
1 28
1 25
1 36
0 1
12 21
12 62
17 55
54 55
53 55
24 55
45 55
52 55
2 55
3 55
39 55
17 61
53 61
24 61
45 61
52 61
2 61
28 61
57 61
36 61
0 61
12 61
33 61
21 61
21 60
28 68
25 68
41 68
0 68
18 68
56 68
21 68
60 68
14 46
2 14
14 29
14 39
14 57
0 14
14 18
20 28
20 39
20 41
20 63
20 37
29 59
25 59
36 59
0 59
20 59
33 59
17 51
51 53
24 51
51 52
46 51
2 51
28 51
39 51
36 51
51 63
12 51
33 51
8 28
8 25
8 36
8 41
8 18
8 56
8 51
15 41
4 15
17 35
35 53
24 35
35 45
35 52
3 35
35 65
25 35
35 41
4 35
18 35
33 35
21 35
35 60
12 22
20 22
22 51
49 63
20 49
49 59
49 60
13 49
22 49
46 58
2 58
29 58
57 58
41 58
58 63
18 58
56 58
51 58
49 58
14 58
22 69
10 14
10 69
10 48
10 61
10 15
7 10
8 10
34 46
2 34
28 34
34 39
34 36
0 34
34 63
33 34
21 34
34 60
14 34
31 34
13 34
17 32
32 53
24 32
32 45
32 46
3 32
29 32
32 57
32 41
32 63
20 32
32 56
21 32
32 49
18 30
30 56
21 30
23 30
30 61
9 41
9 63
9 18
9 33
9 51
9 49
9 30
6 12
6 33
6 51
6 60
6 22
6 31
17 50
50 54
50 53
45 50
50 52
28 50
29 50
25 50
36 50
4 50
12 50
33 50
50 51
50 60
23 50
6 50
13 50
32 50
47 50
50 55
5 41
5 63
5 12
5 20
5 59
5 49
5 30
5 69
5 13
5 61
5 47
5 50
5 35
5 44
5 55
5 40
41 66
63 66
18 66
20 66
51 66
21 66
30 66
31 66
16 65
16 39
16 36
4 16
16 18
16 20
16 51
16 49
16 30
6 16
13 16
15 16
38 51
23 38
22 38
38 69
16 38
32 38
15 38
27 52
3 27
27 28
25 27
27 36
27 63
18 27
27 33
27 51
27 49
22 27
27 69
27 48
27 32
15 27
7 27
27 40
42 46
2 42
42 65
25 42
42 57
0 42
12 42
42 56
42 59
42 49
14 42
6 42
42 48
42 61
15 42
27 42
37 42
34 42
14 67
31 67
13 67
61 67
15 67
50 67
8 67
42 67
55 67
11 17
11 53
11 24
11 45
11 46
2 11
11 65
11 39
11 57
4 11
11 18
11 33
11 51
11 23
11 22
11 69
11 48
11 58
11 15
7 11
11 35
11 44
9 11
11 67
17 43
43 53
24 43
43 45
43 46
28 43
43 65
25 43
43 57
43 63
12 43
20 43
43 59
23 43
14 43
43 69
32 43
43 58
18 64
20 64
51 64
49 64
14 64
6 64
13 64
61 64
47 64
8 64
17 26
24 26
26 52
3 26
26 39
25 26
26 36
26 41
26 63
26 56
26 59
26 60
26 30
26 69
16 26
26 58
26 64
8 26
26 37
26 55
26 40
26 68
9 26
26 62
9 64
43 64
44 64
37 64
64 66
8 43
37 43
43 44
43 55
40 43
11 43
43 62
10 11
66 67
38 67
42 68
38 42
40 42
27 38
27 62
27 66
27 35
37 38
9 38
1 38
38 62
16 35
16 66
16 40
1 16
16 55
16 44
32 66
37 66
44 66
66 68
1 66
5 66
5 10
9 50
8 50
44 50
37 50
6 61
6 47
6 62
6 9
6 44
6 7
9 13
9 32
9 35
1 9
9 40
1 30
30 62
30 32
30 55
15 30
14 30
14 32
32 48
32 47
32 34
32 68
15 34
7 34
8 34
34 35
10 34
34 55
34 62
10 68
1 10
1 69
58 69
68 69
37 69
48 58
40 58
1 58
44 58
55 58
15 58
37 58
44 49
49 62
22 31
7 22
22 37
22 40
22 48
13 22
22 35
31 35
35 61
15 35
8 35
1 35
4 55
4 33
4 47
4 7
4 62
15 18
15 56
15 59
15 23
15 31
1 23
23 48
8 23
23 47
8 14
8 31
8 13
8 61
51 55
51 59
40 59
48 59
21 59
37 59
14 59
7 59
13 59
7 20
20 47
13 20
14 20
20 48
20 62
14 21
14 68
14 44
48 68
47 68
7 68
55 68
62 68
47 60
31 60
60 61
55 60
40 60
7 60
48 61
7 61
61 62
31 57
41 57
55 57
21 57
44 57
36 55
12 55
55 56
31 55
47 55
12 48
1 12
12 56
12 13
12 33
1 56
1 21
1 47
1 7
1 44
31 36
36 47
36 48
7 36
36 62
36 63
0 63
44 63
40 63
31 63
47 63
18 40
33 40
31 40
40 47
40 62
3 47
29 47
39 47
21 47
13 47
7 47
29 39
31 39
39 41
21 39
39 48
39 62
33 39
25 39
37 39
18 39
7 39
25 31
21 25
25 41
25 48
25 56
13 25
41 56
0 56
33 56
7 56
31 56
37 56
21 56
62 65
37 65
44 65
41 44
18 44
33 44
21 44
37 44
7 28
7 48
7 62
2 37
37 41
0 37
21 37
37 48
28 33
31 33
33 62
13 52
13 28
13 41
0 13
13 31
13 62
28 48
0 48
31 48
28 62
28 41
18 41
21 41
21 28
0 21
28 31
18 31
18 28
0 18
