70 724
11 26
11 12
25 26
12 25
12 38
11 38
26 57
12 57
38 57
38 67
11 67
25 67
57 67
22 26
12 22
22 38
22 67
7 57
7 25
7 11
26 37
12 37
37 38
37 67
7 37
12 69
38 69
11 69
57 69
25 69
37 69
26 31
12 31
31 38
31 67
7 31
31 69
2 26
2 12
2 38
2 67
2 7
2 69
2 25
2 11
2 57
2 31
2 22
2 37
26 41
12 41
38 41
41 67
7 41
41 69
2 41
11 42
25 42
42 57
41 42
22 42
31 42
37 42
23 42
26 58
12 58
38 58
58 67
58 69
2 58
42 58
22 58
12 61
38 61
61 67
2 61
19 26
12 19
19 38
19 67
7 19
2 19
19 42
19 57
19 25
11 19
19 31
19 37
19 41
19 22
19 59
11 62
57 62
25 62
3 42
3 62
3 61
12 65
38 65
65 67
65 69
2 65
22 65
61 65
1 11
1 25
1 57
1 41
1 22
1 31
1 37
44 67
44 69
1 44
22 44
17 44
17 47
47 65
44 47
1 5
5 22
5 17
5 65
15 26
12 15
15 38
15 67
7 15
2 15
15 19
1 15
15 17
55 61
55 66
44 55
5 55
21 25
7 40
2 40
1 40
40 62
17 40
40 65
40 44
5 40
21 40
47 51
14 38
14 69
2 14
18 57
18 25
11 18
18 37
18 22
18 31
18 41
9 38
2 9
9 42
9 18
9 17
9 65
9 44
5 9
19 34
22 34
34 61
34 65
34 44
16 38
16 69
16 42
16 18
16 17
16 66
15 16
16 34
16 21
6 34
13 15
12 45
38 45
7 45
45 69
19 45
1 45
45 54
30 67
2 30
30 42
18 30
30 54
30 65
23 30
30 45
54 68
66 68
44 68
34 68
1 48
22 48
48 62
48 65
23 48
5 48
48 68
13 48
4 23
4 45
4 34
4 55
60 67
2 60
1 60
18 60
17 60
60 66
23 60
34 60
21 60
51 60
14 60
12 32
32 38
7 32
2 32
32 42
22 32
32 61
32 65
15 32
32 34
32 68
32 55
32 60
31 32
11 32
9 32
19 20
20 22
20 61
20 23
20 44
20 45
20 21
20 55
4 20
20 31
49 67
2 49
19 49
22 49
49 62
49 65
44 49
34 49
49 68
6 49
4 49
3 49
44 46
15 46
21 46
46 55
46 60
31 46
27 34
13 27
4 27
27 46
23 29
29 45
29 34
29 51
29 40
3 29
11 29
27 29
7 64
64 69
19 64
18 64
54 64
64 65
44 64
5 64
6 64
51 64
4 64
31 64
29 64
9 64
58 64
12 28
28 38
28 67
28 69
1 28
28 62
28 61
28 66
28 44
5 28
28 68
13 28
28 60
3 28
28 29
9 28
20 28
28 64
11 39
9 39
12 50
38 50
50 67
7 50
50 69
2 50
19 50
22 50
17 50
50 66
23 50
45 50
21 50
50 55
40 50
4 50
49 50
9 50
27 50
0 50
12 35
35 38
7 35
2 35
1 35
35 62
17 35
35 65
35 44
5 35
34 35
6 35
13 35
35 46
30 35
35 58
35 50
21 33
33 55
13 33
3 33
11 33
30 33
43 69
2 43
42 43
22 43
43 61
43 66
15 43
43 45
34 43
6 43
40 43
4 43
43 49
17 52
52 65
15 52
45 52
52 68
13 52
40 52
3 52
49 52
9 52
14 52
52 63
20 52
37 52
52 59
47 52
43 52
10 61
10 54
10 15
5 10
6 10
10 51
10 13
3 10
10 29
10 52
10 20
10 33
10 48
56 69
2 56
19 56
22 56
56 61
56 66
44 56
5 56
34 56
13 56
4 56
31 56
29 56
30 56
56 58
20 56
10 56
29 53
53 58
50 53
7 24
24 69
1 24
22 24
24 61
24 54
24 44
5 24
21 24
13 24
24 60
3 24
24 46
24 30
24 43
24 53
24 32
12 36
36 38
36 67
36 69
19 36
18 36
36 54
23 36
15 36
5 36
21 36
6 36
36 60
4 36
11 36
9 36
20 36
24 36
36 39
35 36
25 36
14 36
27 36
8 68
8 51
4 8
8 31
8 49
8 30
8 43
8 24
8 10
8 63
8 16
8 48
8 36
8 57
16 24
14 24
24 48
10 53
35 53
25 53
53 56
14 53
53 59
16 56
14 56
48 56
56 57
10 25
0 10
20 43
37 43
33 43
41 43
16 43
43 47
33 63
33 35
33 39
0 33
16 33
27 33
35 39
35 37
32 35
0 35
14 50
50 59
25 50
39 50
28 39
39 47
39 57
37 39
28 41
28 37
14 28
27 28
28 59
47 64
27 64
25 64
37 64
41 64
57 64
29 41
29 58
29 59
27 30
27 63
0 27
27 57
41 46
46 47
25 46
46 63
46 58
9 46
46 49
20 49
37 49
49 63
14 49
48 49
20 63
20 32
20 59
32 41
32 37
32 48
32 59
32 47
3 60
57 60
59 60
30 60
4 60
41 60
4 31
4 48
31 48
30 48
48 58
48 63
16 48
59 68
47 68
58 68
41 68
31 68
30 68
37 68
57 68
30 55
30 31
16 30
25 30
0 30
54 57
37 54
54 59
14 54
23 54
23 45
15 45
31 45
37 45
14 45
0 45
45 59
13 45
3 45
45 63
6 13
13 51
13 25
0 13
13 63
0 6
6 14
6 58
6 16
6 55
3 6
16 40
3 16
16 58
16 63
16 47
34 41
25 34
9 34
9 55
9 40
9 11
9 58
9 57
18 23
14 18
18 63
14 17
14 23
14 51
14 31
14 41
14 25
51 63
40 51
11 51
37 51
25 40
40 58
11 40
0 40
40 47
37 40
21 63
21 55
3 21
11 21
55 59
41 55
31 55
55 57
57 66
31 66
25 66
15 66
15 23
3 15
15 31
5 15
15 59
15 57
15 37
5 58
5 47
5 57
5 11
11 47
41 47
37 47
47 59
11 17
17 25
17 41
17 59
23 44
44 63
11 44
1 63
62 63
63 65
41 63
57 63
3 65
11 65
58 65
41 65
3 57
3 11
0 3
59 62
37 62
31 59
41 59
0 59
19 61
19 23
22 61
11 61
57 61
25 61
37 61
58 61
23 61
31 61
23 58
41 58
57 58
22 41
23 41
2 23
22 31
31 37
22 69
23 69
25 37
7 22
7 23
22 25
22 57
11 22
23 67
11 57
0 57
25 38
23 38
23 25
11 25
0 25
12 23
0 11
23 26
0 23
