70 241
25 33
53 69
33 69
18 69
53 66
33 66
18 66
10 25
10 69
10 66
10 18
28 66
10 28
44 69
10 44
44 51
0 16
16 28
20 25
20 69
11 53
11 33
11 32
10 32
32 51
0 6
6 31
13 19
40 44
40 53
26 40
40 46
20 23
13 29
23 29
0 14
14 28
3 14
3 55
2 20
2 55
2 46
42 46
28 68
27 66
41 53
33 41
27 41
15 25
15 69
15 66
15 41
15 51
15 16
25 34
34 69
34 66
34 41
28 34
16 34
15 34
10 64
20 64
34 64
26 64
10 37
28 37
22 37
15 37
37 67
37 48
1 40
1 37
1 53
1 15
1 64
43 60
27 43
43 49
23 43
60 63
27 63
22 63
23 63
53 63
43 63
44 63
56 63
4 46
4 18
4 33
4 56
6 61
56 61
15 17
17 59
17 38
15 38
19 38
34 54
37 54
36 51
27 36
14 36
13 47
62 66
10 62
60 62
20 62
14 62
32 62
35 62
44 62
47 62
0 12
12 27
12 49
12 62
12 32
12 50
7 40
7 23
7 12
5 34
5 47
5 50
5 7
9 48
5 9
9 39
34 58
11 52
41 52
52 60
16 52
20 52
30 52
52 58
42 52
52 64
33 52
30 53
30 58
30 50
53 58
3 58
24 58
20 21
21 47
21 46
21 35
21 24
21 43
24 39
24 59
9 54
3 5
7 43
7 67
12 57
44 57
32 57
45 57
65 66
41 65
28 65
27 65
34 65
47 65
36 65
8 17
8 65
8 68
8 45
65 68
59 65
36 47
36 53
36 54
6 36
48 54
38 54
56 59
3 43
35 60
18 60
31 35
14 35
29 35
1 35
33 35
22 50
18 22
50 64
19 50
44 64
15 67
20 41
27 51
27 68
18 27
49 68
26 68
48 68
2 68
48 49
45 48
42 45
2 42
2 32
18 55
33 55
3 19
14 33
14 67
29 67
6 67
29 33
18 29
23 46
26 32
19 26
6 26
18 19
6 13
6 44
31 32
31 53
18 32
11 20
11 18
20 28
16 20
16 44
16 33
28 51
10 53
10 33
0 33
25 53
0 53
