70 1207
21 55
39 55
21 26
26 39
18 21
18 39
18 26
21 24
24 39
18 24
18 25
25 55
24 25
25 26
21 28
28 39
18 28
25 28
21 23
23 39
18 23
23 25
23 55
23 26
23 24
23 28
21 47
39 47
18 47
25 47
23 47
14 26
14 55
14 24
14 28
14 47
21 48
39 48
18 48
25 48
23 48
14 48
48 55
21 40
39 40
18 40
25 40
23 40
14 40
40 55
26 40
24 40
40 47
28 40
20 21
20 39
18 20
20 25
20 23
14 20
20 55
20 40
5 39
5 18
5 25
5 23
5 55
5 40
5 24
5 26
5 28
5 47
5 20
5 48
3 21
3 39
3 18
3 25
3 23
3 14
3 55
3 40
3 5
13 55
13 24
13 26
13 47
13 28
13 48
13 20
21 49
39 49
18 49
25 49
23 49
14 49
49 55
40 49
5 49
13 49
21 61
39 61
18 61
25 61
23 61
14 61
55 61
40 61
5 61
13 61
24 61
26 61
47 61
28 61
48 61
20 61
15 21
15 39
15 18
15 25
15 23
14 15
15 55
15 40
5 15
13 15
15 61
24 64
26 64
47 64
28 64
20 64
48 64
15 64
3 64
21 32
32 39
18 32
25 32
23 32
14 32
32 55
32 40
5 32
13 32
32 61
32 64
21 58
39 58
18 58
25 58
23 58
14 58
55 58
40 58
5 58
13 58
58 61
58 64
26 58
24 58
47 58
28 58
20 58
48 58
32 58
3 58
15 58
49 58
19 21
19 39
18 19
19 25
19 23
14 19
19 55
19 40
5 19
13 19
19 61
19 64
19 58
29 58
24 29
26 29
29 47
28 29
20 29
29 48
29 49
29 32
15 29
3 29
21 38
38 39
18 38
25 38
23 38
14 38
38 55
38 40
5 38
13 38
38 61
38 64
38 58
29 38
39 50
18 50
25 50
23 50
50 55
40 50
5 50
50 61
50 58
26 50
24 50
47 50
28 50
20 50
48 50
3 50
15 50
32 50
49 50
38 50
19 50
29 57
50 57
47 57
26 57
39 52
18 52
25 52
23 52
52 55
40 52
52 61
52 64
52 58
50 52
47 52
26 52
24 52
28 52
20 52
48 52
42 55
42 47
46 64
46 50
46 47
26 46
24 46
28 46
46 48
20 46
46 49
3 46
32 46
15 46
11 46
11 26
7 39
7 18
7 55
7 40
7 13
7 61
7 58
7 50
7 46
29 33
33 47
26 33
24 33
28 33
20 33
33 48
33 49
32 33
3 33
15 33
19 33
55 56
56 61
56 58
29 56
26 56
33 56
39 53
18 53
23 53
53 55
53 61
53 64
53 58
50 53
47 53
7 53
24 53
28 53
20 53
48 53
55 69
29 69
26 69
7 69
53 69
4 7
4 24
4 28
4 20
4 48
39 45
18 45
25 45
23 45
14 45
45 55
40 45
5 45
13 45
45 61
29 45
45 50
26 45
33 45
45 53
4 45
21 67
39 67
18 67
25 67
23 67
14 67
55 67
40 67
5 67
13 67
61 67
64 67
58 67
47 67
26 67
7 67
52 67
4 67
24 67
28 67
58 65
47 65
26 65
33 65
52 65
24 66
28 66
10 18
10 23
10 55
10 40
10 13
10 61
10 29
10 47
10 46
10 26
10 52
10 66
2 39
2 18
2 23
2 14
2 55
2 5
2 13
2 64
2 29
2 47
2 46
2 26
2 7
2 4
2 24
2 28
46 54
26 54
7 54
53 54
2 54
54 56
1 52
1 53
1 67
1 56
1 24
1 28
37 55
37 61
37 64
37 50
26 37
7 37
37 53
4 37
37 66
2 37
1 37
37 54
12 46
12 33
7 12
12 53
12 67
12 56
8 21
8 39
8 18
8 25
8 23
8 14
8 55
8 40
5 8
8 13
8 61
8 64
8 58
8 47
8 46
8 26
8 53
4 8
8 67
2 8
1 8
8 24
8 12
31 66
31 56
8 31
30 39
18 30
25 30
23 30
14 30
30 55
30 40
5 30
13 30
30 61
30 58
30 50
30 47
30 33
30 52
30 66
30 67
39 60
18 60
25 60
23 60
14 60
55 60
40 60
5 60
13 60
60 61
60 64
29 60
47 60
33 60
7 60
53 60
60 67
2 60
24 60
19 60
30 60
17 52
17 66
2 17
17 60
1 17
17 54
36 39
18 36
25 36
23 36
36 55
36 40
5 36
36 61
36 64
36 47
36 46
33 36
7 36
36 53
36 66
36 56
8 36
30 36
12 36
16 39
16 18
16 55
16 40
13 16
16 61
16 29
16 50
16 46
16 33
16 53
16 66
16 67
16 60
8 16
16 54
16 36
39 51
18 51
25 51
23 51
14 51
51 55
40 51
5 51
13 51
51 61
29 51
50 51
47 51
33 51
51 52
51 53
2 51
51 56
1 51
8 51
12 51
10 51
49 51
48 51
18 41
41 55
5 41
41 64
41 58
41 47
26 41
33 41
7 41
4 41
41 67
41 56
41 60
41 54
12 41
41 51
9 39
9 18
9 23
9 55
9 40
5 9
9 13
9 61
9 58
9 50
9 46
9 33
9 52
9 53
9 66
9 56
8 9
9 54
9 36
9 51
9 31
9 41
9 19
27 46
26 27
27 52
27 66
27 67
27 56
8 27
27 30
27 36
10 27
9 27
24 27
27 41
27 31
3 27
9 44
44 69
44 57
31 44
3 44
23 68
55 68
5 68
64 68
29 68
50 68
26 68
7 68
52 68
53 68
67 68
2 68
1 68
8 68
12 68
10 68
21 63
39 63
18 63
25 63
23 63
14 63
55 63
40 63
5 63
13 63
61 63
63 64
58 63
47 63
26 63
33 63
52 63
63 66
2 63
56 63
60 63
30 63
12 63
10 63
42 63
29 59
47 59
26 59
33 59
52 59
53 59
2 59
59 60
1 59
30 59
12 59
10 59
59 63
59 69
32 59
3 59
1 34
8 34
12 34
34 51
34 63
24 34
32 34
31 34
34 59
34 44
34 38
28 34
34 42
11 34
34 65
22 23
22 55
13 22
22 61
22 29
22 50
22 47
22 26
22 52
4 22
22 67
22 60
1 22
22 54
22 36
22 51
22 63
22 69
22 41
22 32
22 44
19 22
16 22
22 68
22 48
11 22
22 34
22 65
22 49
22 27
20 22
39 62
18 62
25 62
23 62
55 62
40 62
61 62
62 64
29 62
50 62
26 62
7 62
53 62
62 66
62 67
2 62
60 62
30 62
12 62
51 62
62 63
62 69
41 62
31 62
59 62
38 62
16 62
42 62
48 62
17 62
34 62
62 65
0 62
27 62
45 62
22 62
15 34
27 34
6 39
6 18
6 25
6 23
6 14
6 55
6 40
5 6
6 13
6 64
6 58
6 47
6 46
6 26
6 52
6 66
2 6
6 56
6 8
6 30
6 12
6 10
6 63
6 69
6 41
6 32
6 59
6 19
6 38
6 28
6 48
6 17
6 34
6 37
6 20
0 6
6 15
6 45
38 59
0 59
48 59
59 65
11 59
42 59
15 59
17 59
49 59
28 63
24 63
49 63
17 63
11 63
16 63
57 63
0 63
63 68
48 63
24 68
57 68
32 68
44 68
19 68
16 68
49 68
35 39
18 35
35 55
35 40
5 35
35 61
35 58
35 50
35 47
26 35
7 35
4 35
2 35
35 56
1 35
30 35
12 35
35 51
9 35
24 35
35 41
31 35
3 35
35 44
35 68
28 35
35 42
11 35
27 35
20 35
35 45
35 37
35 48
0 35
45 68
15 68
20 68
11 68
0 68
27 68
42 44
28 44
20 44
44 45
19 44
16 44
27 44
27 38
27 48
43 47
26 43
43 52
4 43
43 66
43 56
43 60
43 54
36 43
43 51
9 43
43 69
43 57
32 43
3 43
19 43
16 43
28 43
43 48
11 43
43 49
20 43
43 45
37 43
0 43
27 43
27 49
15 27
9 65
9 69
9 37
9 32
9 20
9 38
9 15
3 9
9 45
24 41
41 57
41 45
15 41
20 41
3 41
16 41
41 48
28 41
19 41
51 57
15 51
31 51
45 51
17 51
0 51
16 51
16 24
16 32
3 16
16 17
11 16
16 20
16 37
16 48
16 65
15 36
36 42
36 69
17 36
36 38
0 36
28 36
36 48
3 36
24 36
36 49
20 36
17 69
17 57
17 31
17 38
17 28
17 42
11 17
17 65
17 20
17 49
17 45
15 60
32 60
0 60
38 60
28 60
10 60
3 60
60 65
57 60
8 30
24 30
30 65
30 31
30 45
30 32
19 30
11 30
28 30
30 57
12 30
30 38
30 69
12 31
24 31
31 32
11 31
31 42
20 31
31 49
31 38
3 31
19 31
8 69
0 8
8 38
8 45
8 11
8 20
8 54
11 12
12 57
12 37
10 12
12 20
12 65
12 45
10 37
24 37
37 57
32 37
3 37
19 37
37 42
11 37
37 49
0 37
37 45
15 37
1 15
1 19
1 42
1 3
1 32
1 10
1 49
1 54
1 48
24 54
10 54
0 54
42 54
15 54
49 54
48 54
3 54
20 54
32 54
19 54
2 15
0 2
2 10
2 20
2 3
2 69
2 42
2 49
10 24
3 10
10 65
10 19
10 32
10 69
10 11
10 28
10 42
10 38
48 66
20 66
19 66
65 66
66 69
42 66
11 66
65 67
56 65
65 69
57 65
32 65
38 65
28 65
42 65
45 65
15 65
49 65
57 67
56 67
48 67
49 67
32 67
38 67
45 67
19 67
45 56
45 69
32 45
3 45
42 45
0 45
3 4
4 42
4 49
4 15
4 38
4 56
4 11
4 57
4 69
4 32
24 69
48 69
38 69
20 69
49 69
11 69
38 53
53 56
15 53
19 53
0 53
24 56
28 56
11 56
48 56
56 57
20 56
0 33
33 42
7 33
7 24
7 28
7 20
7 48
7 32
7 15
7 49
3 7
7 11
0 7
11 57
11 19
11 15
0 11
19 46
42 46
0 46
38 46
42 52
24 42
42 57
38 42
28 42
42 49
32 52
49 52
52 57
3 52
24 57
15 57
19 57
49 57
38 57
0 57
38 47
26 38
19 38
38 49
28 38
0 38
19 29
0 29
19 47
3 19
19 48
15 19
0 19
0 58
32 47
26 32
24 32
0 32
15 32
28 32
49 64
0 64
15 47
15 26
15 28
15 48
15 20
3 61
49 61
0 61
47 49
26 49
48 49
20 49
3 13
0 13
3 47
3 26
3 24
3 48
3 20
3 28
0 5
20 47
20 26
0 20
40 48
0 40
47 48
26 48
28 48
0 14
47 55
26 47
24 47
28 47
0 23
28 55
26 28
24 28
0 25
24 55
24 26
0 24
18 55
0 18
26 55
0 39
0 55
0 21
