70 241
5 59
5 33
19 59
19 33
5 7
7 26
7 44
61 62
43 61
20 62
20 43
1 62
2 59
2 33
2 62
2 49
10 24
18 43
33 67
62 67
18 67
25 33
25 49
24 25
25 28
18 69
1 58
58 69
11 19
11 23
23 58
44 46
47 59
47 49
37 62
37 49
33 48
48 49
27 48
21 27
21 58
1 31
21 31
19 53
22 53
53 65
31 65
24 60
21 60
60 61
15 60
41 43
41 58
41 42
42 44
32 37
32 44
27 29
29 32
29 48
15 29
23 29
29 39
10 39
37 56
18 56
48 56
55 62
43 55
18 55
28 55
55 69
6 59
6 49
1 6
6 18
6 60
6 55
6 26
6 20
32 36
36 65
6 36
33 54
49 54
37 54
54 57
57 61
54 69
54 65
19 54
16 19
16 25
27 52
52 58
32 52
52 55
14 27
14 58
14 48
14 42
1 40
21 40
40 60
15 40
14 40
8 46
3 69
3 10
46 51
3 51
5 51
26 68
67 68
17 69
3 17
14 30
30 63
45 69
42 45
30 45
45 63
45 67
26 34
34 63
34 45
34 61
17 30
17 68
17 22
17 47
51 68
20 51
4 61
4 51
3 8
3 61
5 8
8 40
8 61
2 8
5 64
10 64
40 64
39 64
12 40
14 61
9 14
9 25
9 52
9 67
16 52
44 50
50 52
12 13
13 52
16 54
36 54
22 54
36 56
48 66
55 66
19 66
41 66
44 66
36 66
6 44
55 56
38 46
38 55
29 38
35 38
35 47
22 38
20 38
29 56
56 63
39 56
20 32
2 32
12 32
12 42
12 19
12 25
2 42
15 41
23 41
25 41
20 41
15 67
15 25
60 67
60 63
63 65
22 65
22 23
5 53
31 53
26 53
31 47
19 31
23 31
20 31
2 21
21 48
21 26
20 48
10 48
27 37
5 37
26 37
37 47
1 37
28 47
46 47
26 47
2 47
23 46
2 23
5 58
25 69
28 67
2 67
18 19
10 18
5 10
10 44
2 24
1 49
1 61
1 44
1 20
19 43
44 62
5 62
26 62
7 19
26 33
0 5
26 59
0 26
