70 483
18 32
11 18
11 32
18 43
11 43
18 69
11 69
32 69
43 69
18 67
11 67
67 69
6 32
6 43
18 31
11 31
31 69
6 31
32 62
43 62
18 44
11 44
44 69
6 44
44 62
18 35
11 35
35 69
6 35
35 62
32 35
35 43
35 44
31 35
15 18
11 15
15 69
6 15
15 62
15 35
35 46
32 46
43 46
31 46
15 46
44 46
46 67
18 55
11 55
55 69
46 55
32 55
57 69
32 56
43 56
15 56
31 56
56 57
18 25
11 25
25 69
6 25
25 35
25 56
22 32
22 43
18 54
11 54
54 69
6 54
54 62
46 54
22 54
18 51
46 51
17 18
11 17
17 69
6 17
17 35
17 46
17 32
12 17
12 51
44 58
5 18
5 11
5 69
5 6
5 62
5 35
5 17
1 22
1 55
1 32
17 60
1 60
18 27
11 27
27 69
6 27
27 62
27 46
27 55
1 27
10 35
10 46
10 17
1 10
10 27
16 17
1 16
24 58
53 56
53 55
24 53
53 54
53 57
4 22
4 51
4 27
4 54
17 48
1 48
27 48
16 48
25 48
29 48
25 29
27 37
16 37
16 45
10 45
9 45
4 9
9 25
34 62
34 46
17 34
1 34
34 58
34 54
34 48
34 60
19 45
22 30
30 55
24 30
10 30
30 48
4 30
48 64
30 64
27 47
47 54
39 52
4 52
21 52
19 52
29 52
37 66
64 66
12 33
33 66
33 43
8 18
8 11
8 69
6 8
8 62
8 56
8 55
8 51
8 24
8 10
8 45
8 60
8 41
8 34
8 33
8 66
17 65
55 65
51 65
16 65
45 65
30 65
21 65
64 65
20 69
20 35
20 56
20 51
20 24
16 20
20 45
20 30
7 20
19 20
20 47
20 31
18 63
11 63
63 69
62 63
35 63
46 63
55 63
1 63
38 63
38 54
16 63
57 63
45 63
37 63
44 63
20 63
15 63
25 50
19 50
12 50
50 63
2 37
40 41
40 64
2 40
15 40
5 40
29 40
58 59
54 59
48 59
45 59
41 59
40 59
12 59
31 59
57 68
25 68
37 68
44 68
29 68
53 68
0 68
67 68
59 68
13 22
1 13
13 27
13 16
13 39
13 60
13 41
13 19
12 13
13 53
13 68
3 24
3 10
3 48
3 4
3 25
3 44
3 53
26 67
26 65
23 69
23 35
22 23
23 55
23 27
10 23
23 39
23 30
23 44
19 23
12 23
23 26
7 49
40 49
49 53
31 49
2 49
15 49
9 49
23 49
8 23
0 23
5 23
3 26
3 67
3 13
22 28
28 51
27 28
10 28
28 39
4 28
21 28
28 34
20 28
28 63
28 65
3 28
9 28
28 43
3 50
13 43
18 61
61 69
61 62
56 61
17 61
1 61
27 61
16 61
57 61
60 61
7 61
44 61
29 61
61 66
61 65
13 61
9 61
32 61
15 59
14 47
14 31
2 14
14 15
14 59
14 50
5 59
2 29
2 66
2 5
2 50
36 45
4 36
7 36
36 44
36 47
36 53
36 65
15 36
5 36
36 50
9 63
5 63
20 65
20 32
8 65
8 52
8 32
33 53
0 33
43 66
52 66
52 67
43 52
9 52
5 39
39 47
4 47
41 47
34 47
29 47
47 67
9 47
41 64
12 64
53 64
32 64
34 64
30 32
19 30
15 30
30 43
7 19
19 43
0 19
7 34
9 34
34 67
31 34
37 45
45 67
4 37
21 37
5 37
15 37
31 37
21 67
21 53
21 44
21 29
15 29
4 48
15 48
0 48
4 53
16 24
24 67
24 25
24 57
15 24
24 43
10 16
16 44
16 67
10 57
10 15
10 43
10 32
27 60
27 31
27 32
54 60
57 60
5 60
12 60
60 67
0 60
31 60
1 57
1 5
5 58
5 54
5 12
12 58
12 54
12 57
12 25
0 17
17 44
17 43
17 51
15 51
51 54
51 67
43 51
31 51
32 51
0 51
31 54
0 54
25 54
22 25
22 31
15 22
25 55
25 44
0 25
25 43
55 57
43 57
32 57
44 57
31 57
55 67
0 55
44 55
0 46
35 67
0 35
32 42
42 43
42 44
42 67
32 44
62 67
31 62
31 32
0 31
6 67
0 6
32 67
0 69
0 43
0 11
0 32
0 18
