70 724
61 63
15 61
25 61
15 25
22 25
22 63
28 61
15 28
22 28
25 48
48 63
28 48
7 61
7 15
7 22
7 48
32 61
15 32
32 48
25 32
32 63
29 61
15 29
22 29
29 48
29 32
31 63
25 31
45 61
15 45
22 45
45 48
32 45
31 45
9 15
9 32
9 63
9 25
60 61
15 60
22 60
48 60
32 60
31 60
9 60
56 63
25 56
56 60
45 56
29 56
7 56
61 66
15 66
22 66
48 66
32 66
31 66
9 66
56 66
63 66
15 67
31 67
9 67
43 61
15 43
32 43
9 43
43 63
25 43
18 61
15 18
18 32
9 18
18 43
25 62
15 47
31 47
47 63
47 62
47 67
6 56
6 67
15 26
22 26
26 48
9 26
26 56
26 43
8 25
17 56
17 43
8 17
4 28
4 17
15 52
22 52
32 52
31 52
52 63
52 67
26 52
4 52
28 52
16 63
16 43
16 67
16 28
26 59
6 59
34 59
34 51
51 58
15 24
24 32
24 43
24 62
24 26
6 24
24 28
24 51
63 68
43 68
67 68
6 68
15 21
21 32
21 56
21 62
8 21
6 21
3 21
5 21
16 21
21 47
8 50
6 50
3 50
50 51
0 50
14 61
14 15
14 22
14 48
14 32
14 31
14 63
14 43
14 26
4 14
14 28
14 24
14 69
14 68
15 39
22 39
39 48
9 39
39 56
39 67
12 25
44 63
44 67
12 44
26 44
3 44
5 44
0 44
44 69
39 44
44 50
39 49
7 49
48 57
9 57
57 63
57 62
57 67
4 57
3 57
16 57
48 55
9 55
55 63
43 55
12 55
26 55
34 55
24 55
0 55
34 54
24 54
54 55
54 68
39 54
50 54
42 56
42 43
12 42
4 42
34 42
42 51
0 42
42 47
39 42
19 56
19 67
8 19
4 19
19 28
19 24
19 55
19 68
19 59
19 50
33 61
15 33
22 33
33 48
32 33
31 33
33 63
33 43
26 33
4 33
28 33
16 33
33 55
33 47
33 39
19 33
33 49
11 15
9 11
11 56
11 67
8 11
11 26
3 11
11 24
11 69
28 65
5 65
16 65
47 65
11 65
15 20
20 32
20 56
20 62
8 20
20 26
3 20
5 20
16 20
20 65
20 59
7 20
20 58
20 57
20 21
34 35
35 51
35 55
35 47
35 68
19 35
35 42
35 57
23 34
23 24
16 23
23 47
23 50
7 23
23 42
11 23
23 35
15 53
22 53
48 53
32 53
9 53
53 62
12 53
4 53
3 53
5 53
0 53
53 65
53 68
15 41
31 41
41 63
41 67
26 41
6 41
34 41
24 41
41 55
41 69
39 41
19 41
61 64
15 64
22 64
48 64
32 64
9 64
56 64
62 64
12 64
6 64
3 64
51 64
64 69
64 65
59 64
41 64
64 66
11 64
44 64
38 43
38 62
12 38
6 38
34 38
5 38
16 38
38 65
38 50
7 38
38 66
26 46
6 46
34 46
24 46
16 46
46 65
46 59
7 46
42 46
46 57
0 1
1 69
1 39
1 7
1 41
1 46
1 44
1 35
1 45
40 61
15 40
40 48
31 40
40 63
40 67
12 40
6 40
34 40
40 51
40 55
40 47
40 68
7 40
40 49
40 57
11 40
18 40
40 45
2 28
2 5
0 2
2 65
2 68
2 19
2 66
2 58
2 21
2 38
2 52
2 40
2 14
36 63
36 62
12 36
28 36
34 36
5 36
0 36
36 69
36 68
36 41
36 49
36 58
21 36
36 38
15 27
22 27
27 32
9 27
27 63
27 62
8 27
6 27
27 28
27 51
0 27
27 65
27 68
27 41
27 66
27 46
21 27
27 35
27 52
14 27
27 29
27 36
10 66
10 46
10 23
10 52
10 27
15 30
30 32
30 63
30 67
12 30
4 30
28 30
24 30
0 30
30 69
30 59
7 30
30 42
30 57
23 30
18 30
13 15
13 22
13 48
13 31
13 63
13 43
13 67
4 13
3 13
13 24
13 16
13 68
13 59
13 50
13 49
11 13
13 21
13 18
13 45
13 33
15 37
22 37
37 48
9 37
37 63
37 43
8 37
26 37
3 37
37 51
16 37
37 65
37 50
19 37
37 49
11 37
23 37
37 38
13 37
37 40
14 37
10 37
37 53
37 64
13 17
13 54
13 30
30 40
14 30
30 64
10 30
29 30
2 10
10 60
10 36
17 27
33 36
2 36
29 36
36 64
2 60
25 40
1 40
1 20
1 54
1 53
1 25
14 46
46 54
46 60
44 46
38 46
11 38
18 38
38 60
38 64
29 38
45 64
20 64
54 64
41 60
41 66
41 57
41 53
41 45
41 42
42 53
53 57
23 53
35 53
45 53
17 53
14 53
53 54
23 44
23 25
17 23
14 35
35 45
33 35
20 35
20 52
20 33
14 20
20 25
7 65
59 65
60 65
11 39
11 50
11 66
11 33
11 18
11 60
33 44
17 33
33 54
29 33
19 42
18 19
19 25
19 58
19 29
42 66
18 42
42 54
17 42
44 54
52 54
17 54
29 55
52 55
55 57
55 58
7 55
17 55
55 66
57 69
57 59
49 57
29 57
17 57
21 57
44 49
14 49
49 58
45 49
29 44
17 44
18 44
12 29
12 18
12 60
12 39
4 39
34 39
5 39
16 39
39 69
39 68
17 39
39 66
14 39
7 14
14 21
50 69
18 69
50 58
21 50
29 50
50 52
7 21
21 58
21 45
21 52
3 66
3 29
3 17
3 68
24 68
16 68
58 68
60 68
24 58
24 66
0 24
58 60
52 58
25 58
18 58
45 58
17 51
47 51
7 51
51 59
51 60
25 51
0 59
7 59
52 59
18 59
45 59
25 59
16 34
25 34
7 34
5 16
16 18
16 25
5 18
5 52
5 45
5 29
47 52
52 66
18 52
52 60
0 4
4 18
17 47
7 17
17 60
8 26
7 8
0 8
26 66
26 45
6 26
25 26
26 29
6 25
6 45
6 60
6 66
6 7
6 47
28 47
0 47
25 47
47 66
45 47
29 47
29 62
60 62
18 62
18 28
18 25
29 43
43 67
43 45
28 43
7 43
25 67
66 67
0 67
28 67
25 66
29 66
28 56
60 63
28 60
0 60
29 60
25 60
9 28
7 9
9 45
9 29
45 63
28 45
0 45
25 45
7 31
29 31
28 31
25 29
28 32
7 32
7 63
28 63
0 28
25 63
15 63
0 63
