70 241
0 22
13 22
22 52
13 52
0 52
22 41
41 52
13 49
0 49
41 49
10 49
13 23
7 23
2 22
22 38
38 52
38 49
2 38
19 62
22 56
10 56
12 56
0 12
12 66
43 66
38 43
48 56
43 48
3 48
22 35
2 35
55 60
4 12
0 4
4 55
4 41
24 29
29 32
32 56
29 69
10 33
25 33
10 18
18 43
18 40
10 16
16 56
3 16
1 57
27 57
24 27
36 60
36 56
3 36
32 44
5 20
5 44
5 50
15 41
37 49
23 37
12 37
17 37
6 52
2 6
6 10
6 17
6 40
61 65
61 63
22 34
34 52
0 39
13 39
39 41
34 39
2 34
29 34
34 56
34 66
22 46
10 46
13 42
31 52
10 31
31 42
25 31
31 66
31 63
31 41
54 69
31 54
6 31
20 53
44 53
53 64
1 53
53 62
35 53
7 64
9 64
59 66
46 59
59 64
1 59
14 18
0 14
14 59
45 52
2 45
42 45
4 45
45 55
45 68
26 45
38 45
45 58
7 45
26 58
11 55
11 65
11 26
8 19
4 8
3 8
20 21
21 24
21 33
8 21
21 46
7 21
8 36
8 11
8 62
28 52
10 28
12 28
25 28
28 66
16 28
28 41
28 37
28 48
8 28
11 27
11 35
26 62
37 58
14 58
13 59
0 51
9 51
9 69
9 31
42 46
4 46
46 65
34 46
46 62
0 46
34 35
0 34
34 37
34 61
15 61
47 61
5 47
5 61
65 68
16 68
6 68
68 69
41 68
66 67
63 67
36 67
38 67
6 67
1 67
6 38
6 35
32 37
24 37
15 37
5 15
20 63
44 63
35 63
13 44
36 44
36 50
36 41
27 50
33 50
27 62
27 38
1 16
1 13
30 55
16 30
18 30
30 69
30 33
7 30
16 18
13 18
18 48
13 40
33 40
33 69
33 48
13 25
25 69
25 35
32 69
32 38
32 41
32 55
4 24
24 55
24 38
24 48
0 55
35 60
7 60
3 35
3 62
0 48
7 66
7 56
56 62
19 41
19 38
0 2
2 7
2 41
2 13
7 13
23 41
0 23
10 23
