70 724
14 31
11 14
11 31
14 25
11 25
29 31
25 29
14 66
11 66
29 66
24 31
24 25
24 66
14 42
11 42
29 42
24 42
11 44
29 44
31 44
25 44
44 66
5 14
5 11
5 29
5 24
5 44
31 58
25 58
58 66
42 58
5 58
14 32
11 32
29 32
24 32
32 44
32 58
18 31
18 25
18 66
0 18
18 42
14 43
11 43
29 43
24 43
43 44
43 58
18 43
24 61
44 61
31 61
25 61
61 66
12 14
11 12
12 29
12 24
12 44
12 58
12 18
12 61
31 45
25 45
45 66
2 45
14 60
11 60
29 60
44 60
31 60
25 60
60 66
14 68
11 68
29 68
24 68
44 68
58 68
60 68
31 65
25 65
5 65
6 61
6 65
11 20
20 58
20 61
20 60
20 31
20 25
6 20
3 45
3 60
3 20
14 26
11 26
26 29
26 44
18 26
26 60
20 26
26 31
25 26
26 68
11 56
29 56
44 56
56 58
56 61
31 53
25 53
53 66
24 27
18 27
27 60
27 53
26 27
5 27
31 49
55 61
55 65
26 55
42 55
49 55
32 55
43 55
14 41
11 41
41 44
41 58
41 61
41 60
20 41
41 59
31 41
41 43
23 45
23 53
30 31
25 30
11 28
28 44
28 60
28 53
28 30
28 59
20 48
48 59
30 33
33 42
33 48
49 54
26 67
59 67
41 67
54 67
7 30
5 7
7 41
19 49
19 48
11 34
29 34
24 34
34 58
34 61
34 53
20 34
5 34
34 49
19 34
13 45
13 53
13 26
13 59
13 41
13 54
8 48
8 54
8 13
8 64
8 12
9 45
9 53
9 26
5 9
9 48
9 32
9 43
1 65
1 5
1 49
1 54
1 43
1 2
22 30
22 42
22 48
22 54
22 43
1 22
22 68
7 21
21 64
12 21
14 51
11 51
29 51
24 51
44 51
51 58
45 51
51 53
20 51
5 51
48 51
19 51
13 51
2 51
51 67
21 51
22 51
51 66
28 51
14 15
11 15
15 24
15 44
15 60
15 53
15 20
15 42
5 15
15 48
7 15
15 64
15 68
15 21
30 50
50 59
49 50
48 50
13 50
2 50
12 50
50 68
13 17
1 17
17 67
9 17
17 25
17 34
17 27
35 44
35 58
18 35
35 60
20 35
35 59
5 35
35 54
7 35
1 35
7 57
57 64
35 57
5 46
32 46
43 46
1 46
46 57
21 46
17 46
23 46
30 36
5 36
36 41
19 36
36 43
36 64
36 57
21 36
17 36
36 66
11 37
37 58
37 61
37 60
30 37
5 37
37 48
32 37
7 37
1 37
37 57
17 37
30 69
42 69
41 69
32 69
13 69
64 69
57 69
68 69
56 69
16 32
1 16
12 16
16 68
16 69
16 34
16 51
16 36
11 52
29 52
44 52
18 52
52 60
52 65
20 52
42 52
48 52
19 52
7 52
2 52
52 67
21 52
22 52
23 52
37 52
16 52
52 55
0 52
26 47
5 47
47 49
47 54
7 47
47 67
12 47
21 47
47 50
34 47
47 66
3 47
47 55
0 47
20 38
38 42
5 38
32 38
38 43
38 64
38 68
9 38
22 38
34 38
36 38
28 38
39 41
19 39
39 43
2 39
39 67
9 39
22 39
34 39
39 51
3 39
31 39
6 39
38 39
27 39
10 11
10 29
10 24
10 44
10 61
10 65
10 20
10 59
10 41
10 19
10 43
2 10
10 12
9 10
10 17
8 10
10 37
3 10
10 55
10 39
10 47
11 63
29 63
24 63
58 63
61 63
53 63
30 63
59 63
48 63
54 63
13 63
43 63
57 63
9 63
50 63
8 63
37 63
28 63
33 63
39 63
38 63
10 63
25 63
52 63
10 35
10 52
38 56
38 47
6 38
24 40
40 58
40 61
40 53
20 40
40 59
40 48
19 40
7 40
1 40
40 67
40 68
22 40
23 40
40 66
28 40
40 55
40 56
38 40
40 46
35 40
40 52
47 52
35 47
16 33
6 16
11 62
29 62
44 62
58 62
18 62
60 62
62 65
59 62
41 62
54 62
13 62
62 67
12 62
62 68
22 62
8 62
51 62
16 62
33 62
15 62
46 62
25 62
31 62
6 62
4 61
4 65
4 20
4 42
4 49
4 19
4 43
1 4
4 68
4 9
4 22
4 8
4 66
4 36
4 16
4 15
4 46
4 27
4 25
4 31
16 56
23 69
66 69
31 69
33 69
34 69
55 69
6 69
37 69
23 37
27 37
36 37
33 37
35 37
37 56
36 46
15 36
28 36
36 56
3 46
33 46
15 46
27 46
27 57
9 57
6 57
55 57
56 57
25 57
17 35
35 50
34 35
3 35
35 55
0 35
6 35
17 31
17 50
28 50
27 50
8 50
15 50
25 50
3 50
15 34
15 51
15 33
0 15
15 25
25 51
3 51
0 51
21 23
6 21
21 28
21 22
21 66
0 22
22 33
22 34
1 27
1 25
1 33
1 9
9 56
9 33
3 9
0 9
8 9
8 23
0 8
6 8
8 28
3 8
0 13
13 23
13 34
13 56
13 43
2 13
12 13
34 64
34 67
34 56
27 34
19 68
19 31
19 25
7 19
12 19
0 19
6 7
7 28
7 64
7 67
3 7
7 66
2 67
67 68
66 67
33 67
31 67
33 54
54 64
6 54
3 54
54 66
27 54
32 33
0 33
25 33
0 48
28 48
31 48
12 48
28 32
28 64
12 28
27 28
28 55
25 28
23 30
23 42
23 41
23 32
2 23
12 23
23 31
23 66
23 55
23 25
32 41
41 64
41 66
25 41
2 41
2 64
55 64
3 64
31 64
55 68
55 66
27 55
49 68
49 56
3 49
6 49
27 49
27 43
6 27
27 31
43 53
32 53
53 56
26 56
5 56
32 56
2 56
0 56
31 56
6 56
26 66
26 32
26 59
2 26
5 26
0 26
26 43
31 59
25 59
0 59
43 59
3 59
59 66
3 12
0 3
3 31
20 42
12 20
6 42
2 6
6 66
65 68
42 65
12 65
65 66
42 68
43 68
12 68
66 68
32 60
42 60
5 60
2 60
0 60
2 42
2 32
2 12
0 2
0 45
43 45
12 45
12 42
0 12
5 61
42 61
43 61
32 61
0 61
32 43
18 32
5 18
32 42
31 32
25 32
0 58
5 42
5 31
5 25
0 44
42 44
31 42
25 42
0 24
31 66
0 29
25 31
0 11
0 14
