70 483
0 12
2 12
0 25
12 61
25 61
0 21
2 21
21 61
8 12
8 25
8 21
0 41
8 41
2 41
41 61
12 16
16 25
16 21
16 41
0 11
8 11
2 11
11 61
11 16
12 44
25 44
21 44
41 44
11 44
0 55
0 23
23 61
2 23
8 23
23 59
55 59
0 31
12 62
21 62
23 62
11 62
31 62
23 26
11 26
0 42
20 42
20 26
1 12
1 21
1 41
0 52
8 52
2 52
52 61
10 12
10 25
10 41
10 52
10 55
12 39
25 39
39 41
11 39
31 39
26 39
0 39
0 15
15 38
11 19
19 52
15 19
19 26
19 39
10 19
40 61
20 40
8 40
15 46
39 46
0 46
14 46
13 46
10 13
34 69
15 56
26 56
34 56
13 56
41 45
11 45
15 45
16 45
1 45
6 12
6 25
6 21
0 66
9 41
9 66
9 31
9 26
1 9
6 9
35 46
10 35
0 68
1 68
6 68
3 68
3 39
3 34
3 10
3 35
41 47
47 66
31 47
42 47
1 47
6 47
35 47
14 47
21 29
29 55
29 68
16 29
29 44
29 40
19 29
29 47
15 60
26 60
46 60
6 60
40 60
24 34
10 24
24 35
24 28
24 60
21 58
11 58
31 58
26 58
1 58
13 58
14 58
19 51
7 68
7 26
7 44
7 13
7 45
7 51
7 20
7 9
21 30
30 66
15 30
26 30
30 44
6 30
22 30
30 47
2 30
45 65
14 65
60 65
58 65
18 65
30 65
61 65
29 65
11 53
52 53
31 53
16 53
39 53
10 53
45 53
47 53
2 53
53 65
29 53
17 44
10 17
17 35
17 51
2 17
17 58
17 62
29 37
17 37
37 53
18 37
37 69
36 45
28 36
20 36
36 56
29 36
36 49
12 64
25 64
21 64
41 64
11 64
64 66
64 68
39 64
44 64
6 64
45 64
3 64
60 64
56 64
31 32
32 42
1 32
32 40
19 32
14 32
32 60
9 32
32 61
33 59
33 38
4 45
3 4
4 33
4 20
4 49
4 59
0 4
4 18
4 69
31 43
16 43
1 43
13 43
43 45
43 47
43 60
43 56
4 43
17 43
43 59
7 43
43 61
18 43
33 57
15 48
39 48
46 48
44 48
35 48
48 51
33 48
48 58
48 62
17 48
48 64
12 67
55 67
67 68
26 67
44 67
10 67
40 67
14 67
2 67
58 67
62 67
24 67
64 67
48 67
8 67
27 46
13 27
27 40
27 51
2 27
20 27
27 29
24 27
27 53
27 67
27 61
5 39
5 6
5 35
5 14
5 28
5 9
5 32
5 30
5 38
5 27
0 5
5 7
48 61
7 48
15 54
16 54
46 54
13 54
22 54
51 54
33 54
9 54
29 54
50 54
54 64
36 54
0 54
54 57
18 33
9 33
9 57
32 57
50 57
38 57
8 57
12 63
21 63
41 63
55 63
31 63
26 63
1 63
6 63
35 63
3 63
28 63
58 63
62 63
49 63
24 63
18 63
63 69
57 63
32 38
32 64
32 62
50 64
36 64
8 36
36 37
17 53
17 59
8 53
53 69
62 65
7 30
24 30
30 69
0 30
18 30
7 49
7 59
51 58
51 69
8 51
2 51
28 58
24 58
49 58
24 50
24 38
28 60
20 28
28 61
8 60
60 69
29 60
29 50
47 61
3 47
47 49
18 47
3 59
3 9
3 50
3 38
3 62
44 68
49 68
16 49
44 49
6 49
22 49
20 49
49 61
8 49
14 22
22 35
22 61
9 35
0 35
9 59
9 50
6 66
2 66
16 66
6 16
1 6
6 18
6 38
6 45
45 56
38 45
45 62
14 56
20 56
38 56
56 69
0 56
8 56
18 34
0 34
13 69
19 69
59 69
0 13
13 59
13 14
14 59
0 14
8 46
46 61
46 50
38 46
40 50
19 50
20 50
38 50
19 40
8 19
19 20
18 19
2 19
15 16
2 15
38 39
0 38
10 39
1 39
39 44
1 10
10 44
2 10
10 62
1 52
0 1
1 62
1 20
2 20
26 42
42 59
0 26
26 62
2 62
8 62
31 61
8 31
18 31
31 59
44 59
18 59
18 23
18 55
16 18
44 55
8 55
55 61
16 44
2 44
0 16
16 61
8 16
2 16
0 61
2 25
0 2
