70 1207
15 28
15 35
28 35
15 41
35 41
0 41
11 15
11 35
0 11
11 28
11 41
15 45
35 45
0 45
11 45
15 16
16 35
0 16
11 16
16 28
16 45
16 41
3 15
3 35
0 3
3 11
3 16
14 28
14 41
14 45
3 14
10 15
10 35
0 10
10 11
10 16
10 14
15 61
35 61
0 61
11 61
16 61
14 61
28 61
45 61
41 61
10 61
15 68
35 68
0 68
11 68
16 68
14 68
61 68
3 68
28 59
45 59
41 59
1 15
1 35
0 1
1 11
1 16
1 14
1 61
1 3
1 59
28 29
29 45
29 41
10 29
29 68
1 29
15 27
27 35
0 27
11 27
16 27
14 27
27 61
3 27
27 59
27 29
12 35
0 12
11 12
12 16
12 61
12 59
12 28
12 41
12 45
10 12
1 12
12 68
12 27
15 65
35 65
0 65
11 65
16 65
14 65
61 65
3 65
59 65
29 65
12 65
41 65
19 35
11 19
3 19
19 29
19 41
19 28
19 45
10 19
1 19
19 68
19 27
6 15
6 35
0 6
6 11
6 16
6 14
6 61
3 6
6 59
6 29
6 12
6 41
6 19
6 65
15 21
21 35
0 21
11 21
21 61
3 21
12 21
21 65
21 28
21 45
1 21
21 68
10 21
21 27
6 21
0 39
11 39
3 39
29 39
12 39
21 39
15 69
35 69
0 69
16 69
61 69
59 69
12 69
65 69
21 69
28 69
45 69
1 69
10 69
68 69
27 69
6 69
35 62
0 62
11 62
16 62
3 62
29 62
41 62
62 65
62 69
35 42
0 42
3 42
42 59
41 42
42 65
21 42
31 35
0 31
11 31
16 31
3 31
31 59
12 31
31 65
28 31
31 45
1 31
31 68
10 31
27 31
6 31
50 61
29 50
12 50
50 65
31 50
42 50
15 26
26 35
0 26
16 26
3 26
26 59
26 41
26 65
21 26
26 31
26 28
26 45
1 26
10 26
26 68
26 27
6 26
4 15
4 35
0 4
4 16
4 61
3 4
4 41
4 65
4 69
4 42
4 26
8 28
8 45
8 10
8 68
1 8
15 60
35 60
0 60
16 60
3 60
59 60
12 60
41 60
60 69
42 60
26 60
8 60
39 60
15 18
18 35
0 18
16 18
18 61
18 29
12 18
18 19
18 21
18 31
12 30
19 30
30 69
30 31
15 51
35 51
0 51
11 51
16 51
14 51
51 61
29 51
12 51
19 51
21 51
42 51
28 51
45 51
51 68
1 51
10 51
27 51
20 41
19 20
20 21
20 51
20 30
8 20
7 15
7 35
0 7
7 11
7 16
7 14
7 61
3 7
7 41
7 65
7 31
7 42
7 30
7 8
7 28
7 45
7 27
21 25
25 31
25 26
15 49
35 49
0 49
11 49
16 49
14 49
49 61
3 49
49 59
29 49
12 49
41 49
19 49
49 65
21 49
42 49
30 49
28 49
45 49
49 68
1 49
10 49
13 15
13 35
0 13
11 13
13 16
13 14
13 61
3 13
13 59
13 29
12 13
13 41
13 19
13 65
13 21
13 42
13 30
13 49
7 13
3 17
17 59
17 41
17 65
17 31
17 42
17 51
8 17
17 28
17 45
24 61
24 29
24 41
24 65
24 69
24 51
24 26
24 49
17 24
18 24
13 24
41 44
44 65
21 44
44 51
26 44
30 44
39 44
17 44
27 44
28 44
44 45
44 62
24 44
15 43
35 43
0 43
11 43
16 43
14 43
43 61
3 43
43 59
29 43
12 43
41 43
19 43
43 65
21 43
31 43
43 51
8 43
39 43
18 43
27 43
43 44
43 68
15 55
35 55
0 55
11 55
16 55
55 61
3 55
55 59
41 55
19 55
21 55
31 55
26 55
49 55
7 55
17 55
10 55
55 68
1 55
5 10
5 44
1 5
5 28
0 40
16 40
40 61
29 40
40 41
40 65
40 69
31 40
26 40
40 49
39 40
18 40
10 40
40 44
5 40
28 40
15 56
35 56
0 56
11 56
16 56
56 61
3 56
29 56
41 56
19 56
21 56
51 56
26 56
49 56
17 56
18 56
10 56
27 56
1 56
55 56
6 56
50 56
43 56
25 56
56 60
10 54
44 54
5 54
28 54
54 56
40 54
50 54
3 64
29 64
12 64
21 64
64 69
51 64
26 64
8 64
39 64
17 64
13 64
64 68
1 64
55 64
6 64
25 64
50 64
54 64
2 61
2 3
2 41
2 65
2 21
2 51
2 26
2 49
2 39
2 18
2 10
2 44
1 2
2 55
2 56
2 40
2 50
22 61
3 22
12 22
22 41
22 69
22 42
22 30
22 49
17 22
18 22
10 22
22 27
5 22
22 55
22 56
22 40
22 50
20 22
22 60
9 27
9 44
1 9
5 9
6 9
9 40
9 50
9 22
9 24
15 52
35 52
0 52
11 52
16 52
14 52
52 61
3 52
52 59
29 52
12 52
41 52
19 52
52 65
21 52
31 52
51 52
8 52
7 52
18 52
13 52
44 52
52 68
28 52
6 52
52 56
50 52
22 52
52 64
15 63
35 63
0 63
11 63
16 63
14 63
61 63
29 63
12 63
19 63
63 69
31 63
30 63
49 63
7 63
18 63
13 63
44 63
63 68
5 63
6 63
25 63
43 63
54 63
63 64
52 63
60 63
0 37
16 37
37 61
3 37
37 41
19 37
37 69
31 37
37 51
8 37
37 39
18 37
10 37
37 44
1 37
28 37
6 37
37 40
37 50
22 37
24 37
37 52
37 63
37 62
15 67
35 67
0 67
14 67
3 67
29 67
12 67
41 67
31 67
51 67
30 67
8 67
7 67
17 67
13 67
44 67
5 67
55 67
56 67
25 67
43 67
54 67
64 67
4 67
63 67
35 53
0 53
11 53
16 53
53 61
3 53
41 53
53 65
53 69
42 53
30 53
49 53
7 53
17 53
10 53
27 53
53 68
53 55
6 53
40 53
43 53
53 54
24 53
4 53
26 57
30 57
39 57
18 57
27 57
57 68
1 57
28 57
6 57
40 57
43 57
54 57
24 57
52 57
32 69
32 42
32 51
8 32
32 39
17 32
10 32
32 68
5 32
32 55
28 32
32 56
32 50
22 32
24 32
32 52
32 57
15 33
33 35
0 33
11 33
16 33
14 33
33 61
3 33
33 59
29 33
33 41
19 33
33 69
33 42
33 51
33 49
33 39
17 33
13 33
27 33
33 68
28 33
6 33
33 56
33 43
22 33
33 64
4 33
33 63
33 53
32 33
41 47
19 47
47 69
31 47
30 47
47 49
7 47
18 47
13 47
27 47
5 47
47 55
28 47
25 47
47 50
47 54
24 47
4 47
47 63
33 47
47 67
9 47
15 48
35 48
0 48
11 48
16 48
14 48
48 61
3 48
48 59
29 48
12 48
41 48
19 48
48 65
31 48
48 51
26 48
8 48
39 48
18 48
13 48
48 68
5 48
48 55
28 48
25 48
48 50
22 48
48 64
4 48
48 57
48 53
33 48
9 48
48 60
47 48
3 46
46 59
12 46
46 65
21 46
46 51
26 46
8 46
7 46
13 46
10 46
27 46
46 68
46 55
46 56
40 46
25 46
22 46
24 46
46 52
46 63
46 62
33 46
15 38
35 38
0 38
11 38
16 38
14 38
38 61
3 38
38 59
29 38
38 41
38 65
21 38
38 51
30 38
38 49
38 39
13 38
10 38
27 38
1 38
28 38
6 38
38 40
38 50
38 54
38 64
4 38
38 57
38 53
37 38
38 45
36 61
36 59
36 41
19 36
36 69
36 42
30 36
36 49
7 36
17 36
13 36
36 44
1 36
5 36
6 36
25 36
36 50
22 36
36 64
36 52
36 63
36 62
36 67
36 38
15 58
35 58
0 58
11 58
16 58
14 58
58 61
3 58
41 58
19 58
58 69
31 58
26 58
49 58
7 58
18 58
10 58
44 58
1 58
28 58
6 58
40 58
43 58
54 58
24 58
4 58
57 58
53 58
33 58
37 58
48 58
30 66
49 66
7 66
17 66
13 66
27 66
5 66
28 66
6 66
40 66
43 66
54 66
24 66
52 66
57 66
62 66
33 66
37 66
58 66
45 66
34 61
3 34
34 41
19 34
34 69
34 42
26 34
30 34
34 39
17 34
13 34
34 44
34 68
34 55
28 34
25 34
34 43
22 34
24 34
34 52
34 63
34 53
33 34
34 38
34 58
34 45
2 34
34 36
20 34
34 66
15 23
23 35
0 23
11 23
16 23
14 23
23 61
3 23
23 41
19 23
23 31
23 42
23 51
23 49
23 39
18 23
13 23
23 27
1 23
23 28
23 56
23 25
23 43
22 23
23 24
4 23
23 57
23 62
23 67
23 38
9 23
23 47
23 60
23 32
23 66
23 46
36 66
46 66
36 58
45 58
46 58
36 47
32 36
2 36
9 38
38 46
32 38
46 48
46 60
20 46
32 48
20 48
47 60
32 47
45 47
33 67
32 67
32 60
20 32
57 62
20 57
53 57
2 57
9 53
53 62
53 67
2 53
37 67
2 67
60 67
37 45
9 37
20 37
2 37
45 63
9 63
52 62
2 52
9 52
9 20
9 60
2 9
2 22
2 64
2 45
2 60
2 20
20 64
4 64
60 64
62 64
45 54
54 62
4 54
24 54
40 56
56 62
24 40
4 40
40 45
25 40
5 6
5 25
5 62
5 20
5 55
28 55
55 62
45 55
24 55
43 55
25 43
43 62
43 50
4 43
20 43
43 45
44 68
1 44
1 24
24 28
24 25
24 45
13 17
17 20
17 27
4 17
17 68
6 17
17 50
13 28
13 45
1 13
13 68
13 62
13 20
6 49
25 49
7 25
18 25
10 25
25 68
25 28
20 25
25 50
25 60
7 50
7 10
7 68
4 7
1 7
7 20
7 18
20 27
20 68
6 20
4 20
20 62
20 45
30 51
28 30
30 45
1 30
30 68
10 30
27 30
30 62
18 30
18 39
18 28
18 45
10 18
18 60
18 62
1 18
10 60
60 68
1 60
28 60
50 60
4 60
60 62
8 62
8 27
8 50
8 39
4 8
4 27
4 68
1 4
4 28
4 6
4 45
26 39
26 50
10 50
27 50
1 50
28 50
31 42
28 42
42 45
10 42
1 42
42 68
27 42
6 42
42 62
39 42
39 62
28 62
45 62
39 69
28 39
39 45
39 68
1 39
10 39
6 39
6 10
6 27
6 28
6 45
19 65
28 65
45 65
1 65
10 65
65 68
27 65
27 41
10 27
27 28
27 45
1 41
1 28
1 45
10 59
59 68
41 68
28 68
45 68
3 61
3 10
10 41
10 28
10 45
3 28
3 45
3 41
41 45
28 41
0 35
0 28
0 15
