70 724
7 24
24 60
3 7
3 60
2 7
2 24
2 3
7 64
60 64
2 64
24 32
3 32
7 48
48 60
2 48
32 48
24 69
3 69
7 36
36 60
2 36
32 36
36 69
7 39
39 60
2 39
32 39
39 69
24 39
3 39
7 56
56 60
2 56
32 56
56 69
39 56
3 56
24 43
43 56
43 48
36 43
7 23
23 60
2 23
23 32
23 69
23 39
3 23
23 43
24 31
7 15
15 60
2 15
15 32
15 69
15 39
15 31
7 20
20 39
3 20
20 24
7 18
18 60
2 18
18 32
18 20
24 47
32 61
3 61
43 61
47 61
3 33
33 47
24 33
32 35
35 39
35 43
33 35
26 35
2 54
39 54
31 54
47 54
14 43
14 47
14 33
14 24
2 52
39 52
3 52
33 52
14 52
15 52
11 14
11 56
16 60
16 39
3 16
16 33
14 16
16 54
11 16
16 23
16 36
7 53
39 53
3 53
20 53
14 53
53 56
53 54
23 53
36 53
33 51
51 54
14 46
15 46
34 46
7 40
40 60
2 40
39 40
31 40
40 47
33 40
40 56
11 40
10 40
7 37
37 60
2 37
32 37
37 69
37 39
37 43
20 37
26 37
37 56
37 46
37 52
11 17
17 52
17 37
17 53
33 49
26 49
46 49
36 49
14 63
15 63
11 63
36 63
37 63
7 27
27 60
27 32
3 27
27 43
20 27
14 27
15 27
27 46
10 27
27 63
41 52
36 41
41 63
7 55
55 60
2 55
32 55
55 69
39 55
3 55
47 55
26 55
54 55
46 55
23 55
36 55
41 55
4 31
4 33
4 26
4 56
4 46
4 23
1 54
1 36
1 37
43 45
20 45
26 45
15 45
45 46
45 52
1 45
45 53
24 45
35 45
2 67
3 67
43 67
47 67
33 67
56 67
52 67
23 67
37 67
41 67
49 67
35 67
51 67
7 62
60 62
2 62
32 62
39 62
3 62
31 62
47 62
14 62
54 62
52 62
10 62
62 63
53 62
49 62
7 65
60 65
2 65
32 65
65 69
39 65
43 65
47 65
33 65
56 65
46 65
23 65
1 65
41 65
24 65
2 6
6 32
3 6
6 20
6 26
6 56
6 52
6 23
6 37
7 9
9 39
3 9
9 20
9 26
9 54
9 46
9 23
9 63
9 48
7 12
12 60
12 32
3 12
12 31
12 20
12 26
12 56
12 54
10 12
12 37
9 12
12 24
5 33
5 15
5 11
5 10
1 5
5 41
4 5
5 51
3 44
44 47
14 44
44 56
44 54
36 44
37 44
41 44
4 44
5 44
18 44
37 68
53 68
49 68
44 68
14 19
19 56
19 46
19 36
19 37
19 63
4 19
19 65
19 35
7 8
8 60
2 8
8 32
8 69
8 39
3 8
8 20
8 26
8 15
8 52
8 23
8 37
8 9
8 41
8 65
8 19
8 51
8 12
8 55
8 18
14 57
56 57
11 57
23 57
57 63
9 57
49 57
5 57
16 57
51 57
27 57
6 57
57 64
0 57
25 49
25 65
25 35
1 21
21 41
21 24
21 65
16 21
21 62
21 55
42 52
10 42
37 42
9 42
42 49
42 44
42 67
21 42
12 42
34 42
18 42
42 48
32 50
3 50
31 50
20 50
14 50
15 50
50 54
10 50
1 50
9 50
24 50
5 50
16 50
21 50
12 50
34 50
42 50
48 50
17 50
0 50
11 30
10 30
30 36
30 41
4 30
30 44
30 35
30 51
12 30
30 34
30 64
7 22
22 60
2 22
22 32
22 69
22 39
3 22
20 22
14 22
22 56
11 22
22 23
22 37
22 53
4 22
22 65
22 67
22 51
22 27
6 22
22 42
22 61
38 49
5 38
38 67
11 29
10 29
29 63
29 53
4 29
5 29
19 29
21 29
12 29
11 13
13 23
1 13
13 53
4 13
13 35
13 19
13 29
43 59
20 59
26 59
54 59
46 59
10 59
1 59
9 59
24 59
35 59
59 67
51 59
38 59
13 59
0 59
48 59
25 59
17 59
28 43
20 28
28 33
15 28
11 28
28 52
1 28
9 28
4 28
28 44
16 28
28 29
28 59
6 28
28 64
28 48
8 28
13 28
46 66
23 66
1 66
9 66
41 66
65 66
19 66
51 66
27 66
3 58
20 58
26 58
56 58
11 58
10 58
1 58
41 58
24 58
5 58
19 58
29 58
6 58
34 58
13 58
40 58
45 58
58 66
17 58
58 68
18 66
48 66
40 66
13 66
61 66
28 66
28 62
34 59
13 18
13 57
13 45
13 38
0 29
17 29
29 38
29 68
34 38
18 38
22 38
38 45
38 61
25 38
22 68
22 45
22 30
17 30
25 30
30 61
30 50
50 68
42 61
42 62
21 27
21 25
21 45
6 21
6 25
18 25
25 57
25 45
25 62
17 57
8 57
8 40
0 8
8 17
19 68
19 61
19 64
19 34
27 68
55 68
40 68
0 68
62 68
0 44
34 44
44 55
35 44
27 44
5 48
5 64
5 16
5 12
12 16
12 18
12 64
12 61
6 12
9 34
4 9
9 61
6 9
6 49
6 65
6 16
6 62
6 61
62 65
61 65
17 65
40 65
62 67
27 62
48 62
40 62
45 67
27 67
18 67
17 67
27 45
45 64
45 61
1 4
0 1
1 51
4 51
4 27
4 16
4 55
35 55
27 55
34 55
0 55
18 55
55 64
40 55
27 41
18 41
40 41
27 40
34 63
49 63
61 63
40 63
63 64
35 63
49 53
24 49
35 49
0 49
17 49
17 64
0 17
37 48
37 40
16 40
40 51
40 48
10 61
10 34
10 36
24 34
34 35
34 48
36 46
46 51
18 46
24 46
51 52
51 53
18 51
48 51
16 53
18 53
0 53
24 53
0 16
16 64
16 48
11 35
11 52
11 23
11 61
48 52
24 52
0 52
35 52
14 54
14 48
14 64
15 54
36 54
35 54
54 64
48 54
0 54
35 36
35 61
33 56
33 36
33 64
18 33
33 61
15 61
24 61
18 47
15 18
18 23
18 36
20 23
15 20
20 48
20 26
15 26
15 56
15 48
15 23
15 24
15 64
31 48
31 56
23 31
26 31
31 36
31 64
23 26
23 64
43 64
26 56
24 56
0 56
39 48
36 39
39 64
26 39
3 36
26 36
24 36
36 64
64 69
48 69
3 48
24 48
32 64
3 64
24 64
0 64
3 24
24 26
7 26
0 26
