70 966
19 22
22 66
22 49
19 23
23 66
23 49
22 24
23 24
19 42
42 66
42 49
24 42
15 22
15 23
15 42
19 67
66 67
49 67
24 67
15 67
13 22
13 23
19 27
27 66
27 49
24 27
15 27
13 27
22 58
23 58
58 67
19 57
57 66
49 57
24 57
15 57
13 57
57 58
22 50
23 50
50 67
27 50
50 57
42 50
19 31
31 66
31 49
24 31
15 31
13 31
31 58
31 50
5 22
5 23
5 42
5 57
5 67
5 27
16 19
16 66
16 49
16 24
15 16
13 16
16 58
16 50
5 16
19 51
51 66
49 51
24 51
15 51
5 51
22 51
23 51
51 57
42 51
51 67
27 51
19 40
40 66
40 49
24 40
15 40
13 40
40 58
40 50
5 40
40 51
3 22
3 23
3 57
3 42
3 67
3 27
61 66
24 61
50 61
5 61
3 61
53 66
22 53
23 53
27 53
42 53
53 57
53 67
19 28
28 66
28 49
24 28
15 28
13 28
28 58
28 50
5 28
28 51
28 53
29 66
29 51
3 29
29 53
22 29
23 29
29 42
29 57
29 67
27 29
19 36
36 66
36 49
24 36
15 36
13 36
36 58
36 51
3 36
29 36
22 45
23 45
19 68
66 68
49 68
24 68
13 68
51 68
53 68
29 68
45 68
19 34
34 66
34 49
24 34
15 34
13 34
34 58
34 50
5 34
34 51
34 53
29 34
22 34
23 34
19 56
56 66
49 56
24 56
50 56
51 56
3 56
34 56
19 26
26 66
26 49
24 26
15 26
13 26
26 58
26 50
5 26
26 51
3 26
26 29
22 26
23 26
1 66
1 51
1 3
1 34
1 26
1 10
1 67
1 27
22 30
30 40
7 66
5 7
7 53
7 29
7 26
7 10
60 66
29 60
34 60
22 60
63 66
51 63
53 63
29 63
34 63
60 63
63 67
4 19
4 66
4 49
4 24
4 15
4 5
4 51
4 53
4 34
4 26
4 60
4 22
32 34
32 60
27 32
4 32
46 66
46 53
45 46
10 46
46 67
4 46
22 46
46 63
19 52
52 66
49 52
24 52
15 52
13 52
50 52
5 52
51 52
29 52
45 52
10 52
52 67
4 52
46 52
2 34
2 26
2 67
2 27
2 46
2 22
18 26
18 60
18 67
18 27
18 30
2 18
25 66
25 53
25 45
25 26
25 60
4 25
25 46
21 60
4 21
21 30
21 22
11 27
4 11
9 19
9 66
9 49
9 24
9 15
9 13
9 58
9 51
3 9
9 34
9 26
9 60
9 67
9 27
9 46
9 22
20 66
5 20
20 53
20 29
20 45
10 20
20 67
4 20
9 20
2 20
22 69
32 69
25 69
11 69
36 69
12 66
12 51
3 12
12 29
12 45
10 12
12 60
12 27
9 12
12 21
12 69
12 18
12 28
12 22
45 54
26 54
54 60
4 54
46 54
9 54
25 54
18 54
28 54
39 69
22 37
34 64
10 64
60 64
30 64
46 64
9 64
2 64
37 64
28 64
22 64
19 33
33 66
33 49
24 33
13 33
5 33
3 33
29 33
33 45
26 33
33 67
4 33
9 33
2 33
25 33
8 66
8 53
8 45
8 10
8 67
4 8
8 30
8 21
2 8
8 18
8 22
43 66
15 43
13 43
5 43
43 53
29 43
34 43
10 43
43 67
4 43
30 43
21 43
25 43
8 43
22 43
39 43
33 43
42 43
43 56
44 66
44 53
34 44
10 44
27 44
4 44
44 46
21 44
2 44
18 44
22 44
39 44
33 44
42 44
14 66
14 49
14 15
5 14
3 14
14 34
14 45
10 14
14 60
14 27
14 30
14 21
14 25
14 37
14 28
14 39
14 33
65 66
29 65
26 65
10 65
65 67
4 65
46 65
21 65
65 69
37 65
22 65
39 65
12 65
57 65
31 65
23 65
62 69
8 62
28 62
39 62
12 62
62 65
14 62
44 62
0 62
54 55
12 55
14 55
55 68
44 55
55 64
11 55
32 55
43 55
19 38
38 66
38 49
24 38
15 38
13 38
38 58
38 50
5 38
38 51
3 38
38 53
38 45
26 38
38 60
4 38
9 38
2 38
25 38
18 38
8 38
22 38
38 54
38 42
38 56
38 68
33 48
42 48
48 56
48 68
0 48
48 52
45 47
10 47
47 67
4 47
9 47
21 47
47 69
18 47
28 47
8 59
22 59
40 59
7 59
47 59
59 63
52 59
1 59
56 59
41 66
24 41
41 58
41 51
41 53
29 41
26 41
10 41
41 67
4 41
9 41
2 41
41 69
37 41
22 41
41 59
41 54
41 65
14 41
41 44
41 48
7 41
41 64
36 41
41 52
41 63
40 41
17 19
17 66
17 49
15 17
13 17
5 17
17 53
17 29
17 45
10 17
17 60
17 27
17 46
17 21
17 69
17 18
17 28
17 39
17 33
17 65
14 17
17 68
0 17
7 17
6 19
6 66
6 49
6 24
6 15
5 6
6 51
6 29
6 34
6 10
6 60
6 30
6 46
6 21
6 25
6 37
6 8
6 39
6 33
6 65
6 14
6 31
6 48
6 61
6 64
6 40
6 17
6 32
6 62
6 20
1 6
6 16
17 36
17 52
17 41
17 40
17 38
17 47
16 17
23 41
11 41
57 59
20 59
42 59
33 59
0 59
23 59
47 54
42 47
14 47
31 47
47 48
7 47
47 64
20 47
47 52
47 62
40 47
47 63
11 47
27 35
4 35
9 35
2 35
35 69
18 35
28 35
35 39
12 35
35 42
14 35
31 35
35 48
7 35
35 43
20 35
32 35
1 35
35 62
23 35
35 57
16 35
40 48
1 48
38 48
7 48
38 55
38 43
20 38
32 38
1 38
38 40
38 63
11 38
7 55
23 55
55 62
55 61
43 62
32 62
16 62
57 62
23 62
63 65
11 65
61 65
52 65
65 68
14 65
14 56
11 14
14 44
14 23
7 14
31 44
44 64
44 52
44 57
36 44
43 44
44 63
23 44
0 43
16 43
1 43
23 43
32 43
11 43
8 20
8 33
8 39
8 61
8 68
8 42
8 16
8 32
8 11
8 36
22 33
33 54
33 57
7 33
0 33
33 40
33 64
32 33
33 63
12 64
56 64
7 64
57 64
52 64
20 64
36 64
63 64
37 40
37 42
37 61
16 37
37 68
23 37
31 37
37 39
0 37
32 37
22 39
16 39
39 54
39 68
36 39
11 39
39 61
54 56
42 54
11 54
31 54
20 54
1 54
54 61
16 54
12 54
12 23
12 36
12 68
12 52
12 40
1 12
7 12
12 42
40 69
0 69
20 69
16 69
56 69
20 28
20 42
20 56
20 68
0 20
20 61
20 52
20 36
11 20
0 9
9 31
9 11
9 42
9 56
7 9
9 36
9 57
1 9
11 21
11 18
11 68
7 11
11 32
11 63
11 23
16 21
21 28
0 21
21 68
21 25
21 32
21 63
21 40
22 25
25 42
25 61
25 57
25 52
23 25
25 31
1 25
18 25
7 25
25 28
18 22
1 18
18 56
18 57
18 63
18 36
18 52
7 18
2 52
2 56
2 42
2 23
2 61
2 31
2 28
2 68
2 63
28 52
52 56
7 52
52 63
32 52
52 57
46 68
7 46
16 46
46 61
23 46
46 57
40 46
32 46
22 32
32 42
31 32
32 68
32 61
1 32
4 57
4 63
4 42
22 63
31 63
0 63
7 63
36 63
16 63
23 60
60 61
56 60
60 67
27 60
36 60
31 60
7 60
7 30
7 28
7 68
0 30
30 56
16 30
1 30
28 30
30 36
1 22
1 56
1 31
1 61
1 23
1 16
1 40
26 61
26 27
26 56
16 26
26 40
26 28
0 26
26 31
26 36
26 57
56 67
28 56
42 56
0 56
56 61
40 56
56 57
27 34
34 40
34 57
34 42
34 67
16 34
0 34
10 34
31 34
10 22
10 23
10 16
10 27
10 68
10 40
10 42
67 68
27 68
31 68
40 68
23 68
16 68
28 45
45 57
36 45
42 45
45 67
27 36
36 42
31 36
0 36
36 61
36 40
23 36
36 57
29 31
28 29
28 67
27 28
22 28
28 40
0 28
28 31
16 53
0 53
53 61
61 67
27 61
31 61
0 61
40 61
57 61
16 61
3 31
3 40
0 3
40 67
40 57
31 51
0 51
16 51
16 27
16 42
16 31
0 16
16 57
5 31
27 31
22 31
0 31
27 57
22 57
0 57
23 57
42 58
27 58
22 27
27 42
23 27
13 67
13 42
22 67
23 67
0 67
0 42
22 23
19 66
0 66
