70 1207
12 50
50 67
12 67
50 69
67 69
12 62
62 69
50 52
52 67
52 62
21 67
12 21
21 52
21 69
0 21
50 61
61 67
61 62
21 61
41 50
41 67
21 41
12 41
41 69
41 52
0 41
41 61
23 50
23 67
23 62
21 23
23 41
2 12
2 69
2 52
0 2
2 61
50 64
64 67
62 64
21 64
41 64
2 64
35 67
35 41
2 35
12 35
35 52
35 69
0 35
35 61
23 35
35 64
9 50
9 67
9 62
9 21
9 41
2 9
9 35
42 67
12 42
42 69
42 52
0 42
42 61
23 42
42 64
9 42
50 59
59 67
59 62
21 59
41 59
2 59
35 59
42 59
3 67
3 42
3 12
3 69
3 52
0 3
3 61
3 64
3 23
50 66
66 67
62 66
21 66
41 66
2 66
35 66
42 66
3 66
0 66
20 50
20 67
20 21
20 41
20 35
3 20
0 20
12 20
20 52
20 69
20 61
20 23
20 64
20 66
14 50
14 67
14 62
14 21
14 41
2 14
14 35
14 42
3 14
0 14
14 20
14 23
0 38
20 38
12 38
38 52
38 69
38 61
38 64
38 66
9 38
38 59
1 50
1 67
1 62
1 21
1 41
1 2
1 35
1 42
1 3
0 1
1 20
1 23
1 38
1 66
39 50
39 67
21 39
39 41
2 39
3 39
20 39
23 39
38 39
39 66
12 39
39 69
39 52
39 61
39 64
9 39
14 39
1 39
39 59
50 56
56 67
21 56
41 56
2 56
3 56
0 56
23 56
38 56
39 56
38 51
51 66
12 51
51 52
51 69
51 61
51 64
51 59
28 50
28 67
28 62
21 28
28 41
2 28
28 35
28 42
20 28
23 28
28 66
28 51
31 38
31 39
12 31
31 52
31 69
31 61
31 64
50 53
53 67
53 62
21 53
41 53
2 53
35 53
42 53
3 53
0 53
20 53
23 53
53 66
51 53
31 53
31 68
59 68
12 68
68 69
52 68
61 68
64 68
1 68
44 50
44 67
44 62
21 44
41 44
2 44
35 44
3 44
0 44
23 44
44 66
44 51
31 44
44 68
28 44
31 55
10 12
10 69
10 52
10 61
48 50
48 67
35 48
3 48
0 48
20 48
48 66
39 48
48 59
10 48
9 48
12 48
48 52
48 69
48 61
48 56
22 31
22 68
9 22
22 48
22 52
22 56
9 57
12 19
19 69
19 52
19 57
24 50
24 67
21 24
24 41
2 24
3 24
0 24
23 24
24 38
24 39
24 31
10 24
9 24
19 24
24 52
12 24
24 57
37 50
37 67
21 37
37 41
2 37
37 42
3 37
23 37
37 66
37 51
31 37
10 37
28 37
37 55
37 52
12 37
26 59
26 68
26 55
19 26
26 52
26 56
12 26
26 69
40 67
21 40
35 40
40 42
0 40
23 40
38 40
39 40
31 40
10 40
28 40
40 55
40 52
12 40
26 40
37 40
40 69
4 67
4 21
4 35
4 42
0 4
4 20
4 66
4 51
4 31
4 59
4 28
4 19
4 48
4 12
4 26
4 57
7 55
7 19
7 48
7 56
7 12
7 37
7 69
6 50
6 67
6 62
6 21
6 41
2 6
6 35
6 42
3 6
6 20
6 66
6 39
6 51
6 68
6 9
6 48
6 52
6 56
6 12
5 67
5 35
0 5
5 23
5 38
5 51
5 59
5 10
5 55
5 48
5 52
5 12
5 57
5 69
50 63
63 67
62 63
21 63
41 63
2 63
35 63
42 63
3 63
0 63
20 63
23 63
38 63
63 66
59 63
10 63
28 63
55 63
48 63
12 63
26 63
5 63
63 69
4 63
1 63
32 50
32 67
21 32
32 41
2 32
32 42
0 32
23 32
32 38
32 39
31 32
32 59
28 32
19 32
32 52
12 32
32 57
5 32
32 37
6 32
32 63
46 50
46 67
35 46
42 46
0 46
20 46
46 66
39 46
46 59
10 46
28 46
46 55
46 52
12 46
26 46
46 57
7 46
46 69
46 53
14 46
1 46
33 50
33 67
21 33
33 41
33 35
3 33
0 33
20 33
33 38
33 66
31 33
33 68
28 33
33 48
33 52
33 56
26 33
33 37
33 69
4 33
6 33
33 46
18 23
18 39
18 59
18 68
18 28
18 19
18 56
12 18
18 26
5 18
18 37
4 18
18 63
18 53
15 67
15 42
0 15
15 20
15 23
15 66
15 59
10 15
15 28
15 19
15 56
12 15
15 26
15 57
7 15
15 69
6 15
15 44
15 24
0 29
20 29
29 66
29 51
29 31
10 29
9 29
19 29
29 48
12 29
26 29
5 29
29 37
6 29
29 53
29 46
15 29
50 54
54 67
21 54
41 54
35 54
3 54
0 54
23 54
38 54
39 54
54 59
54 68
9 54
54 55
52 54
54 56
26 54
54 57
7 54
54 69
54 63
44 54
46 54
54 61
0 27
23 27
27 38
27 39
27 31
27 68
27 28
19 27
27 52
12 27
27 57
27 37
7 27
4 27
27 53
27 44
18 27
27 54
17 67
17 42
0 17
17 23
17 66
17 39
17 31
17 68
17 28
17 19
17 48
12 17
17 57
5 17
17 37
17 69
17 53
17 46
15 17
17 18
45 67
42 45
3 45
23 45
45 66
45 51
45 59
45 68
9 45
45 48
45 52
45 56
12 45
5 45
7 45
6 45
45 53
45 46
15 45
18 45
17 45
9 49
49 55
49 52
49 56
12 49
5 49
49 69
4 49
6 49
44 49
46 49
49 54
16 50
16 67
16 35
3 16
0 16
16 20
16 23
16 51
16 31
16 68
9 16
16 19
16 52
12 16
16 26
5 16
7 16
16 69
16 53
16 44
16 18
16 54
16 17
9 34
19 34
34 52
34 56
12 34
5 34
34 69
4 34
34 63
34 44
34 46
34 54
16 34
33 34
34 40
43 50
43 67
21 43
41 43
2 43
35 43
42 43
3 43
0 43
23 43
38 43
39 43
31 43
10 43
9 43
43 55
43 48
12 43
43 57
37 43
43 69
4 43
43 63
43 53
15 43
14 43
16 43
34 43
13 67
13 21
13 41
13 42
0 13
13 20
13 38
13 39
13 51
13 68
9 13
13 19
13 48
13 56
12 13
5 13
7 13
6 13
13 63
13 44
13 15
13 14
13 16
13 33
13 29
13 43
38 58
58 66
31 58
10 58
28 58
55 58
52 58
56 58
12 58
5 58
7 58
58 69
6 58
53 58
18 58
14 58
17 58
33 58
13 58
65 67
41 65
35 65
42 65
0 65
20 65
23 65
51 65
59 65
10 65
9 65
55 65
52 65
12 65
57 65
5 65
7 65
65 69
53 65
46 65
15 65
54 65
17 65
49 65
29 65
1 65
64 65
47 50
47 67
47 62
21 47
41 47
2 47
35 47
42 47
3 47
0 47
20 47
23 47
47 66
39 47
31 47
10 47
28 47
47 48
47 52
12 47
26 47
47 57
7 47
6 47
47 63
44 47
18 47
47 54
16 47
33 47
34 47
47 65
45 47
47 61
8 50
8 67
8 62
8 21
8 41
2 8
8 35
3 8
0 8
8 20
8 66
8 39
8 51
8 68
8 9
8 55
8 48
8 12
8 26
8 37
8 69
4 8
8 53
8 46
8 15
8 14
8 17
8 49
8 29
8 65
8 45
8 61
11 69
6 11
11 63
11 53
11 15
11 54
11 17
11 49
11 34
1 11
11 43
11 61
8 11
11 24
11 22
11 58
36 50
36 67
36 62
21 36
36 41
2 36
35 36
3 36
0 36
23 36
36 38
36 51
36 59
36 68
9 36
19 36
36 52
36 56
26 36
36 57
36 37
4 36
36 63
36 44
15 36
14 36
17 36
33 36
29 36
13 36
36 45
32 36
36 40
24 36
25 67
25 42
0 25
23 25
25 38
25 39
25 51
25 59
25 28
25 55
25 48
25 56
25 26
5 25
25 37
4 25
6 25
25 44
18 25
25 54
17 25
25 33
25 29
1 25
25 45
25 61
8 25
24 25
22 25
30 67
30 41
2 30
30 42
0 30
20 30
30 38
30 66
30 51
30 68
28 30
19 30
30 52
12 30
30 57
5 30
30 37
30 69
30 63
30 44
18 30
30 54
17 30
30 33
30 34
1 30
30 45
30 61
8 30
24 30
25 30
30 58
27 30
59 60
10 60
9 60
55 60
52 60
12 60
26 60
57 60
7 60
6 60
53 60
44 60
18 60
14 60
33 60
49 60
29 60
1 60
43 60
32 60
8 60
47 60
22 60
60 64
11 60
30 60
25 36
25 64
36 64
27 36
11 36
8 47
8 27
40 47
47 64
47 58
22 47
22 65
58 65
45 65
27 65
32 65
43 58
32 58
40 58
58 64
27 58
13 40
13 22
1 13
13 27
13 61
13 24
1 43
24 43
43 64
27 43
32 43
22 43
34 64
29 34
34 61
32 34
34 45
16 22
1 16
16 32
16 49
16 24
16 61
16 40
29 49
49 61
1 49
49 64
27 49
45 49
32 49
22 45
45 61
40 45
17 64
17 27
17 33
27 29
24 27
22 27
29 54
14 54
1 54
29 33
24 29
1 29
15 40
1 15
15 32
15 18
18 33
18 64
14 18
18 22
14 33
22 33
24 33
24 46
22 46
32 46
46 61
14 32
1 32
32 61
24 32
32 64
14 63
44 63
53 63
61 63
24 63
5 61
5 64
5 6
5 44
6 7
4 6
1 6
6 61
6 53
6 22
7 61
1 7
7 22
4 7
7 53
4 69
4 14
4 24
4 40
4 44
4 64
40 53
40 44
14 40
1 40
40 61
24 40
22 40
40 64
26 61
1 26
26 37
37 69
14 37
24 37
22 37
1 37
37 44
24 69
14 24
19 53
52 57
12 57
57 69
22 57
44 57
57 64
53 57
22 69
14 22
48 64
1 48
14 48
10 64
10 55
9 55
12 55
55 69
52 55
55 61
53 55
44 55
14 55
1 55
44 56
12 44
44 61
44 64
28 68
9 68
53 68
52 53
53 56
12 53
53 64
14 31
31 59
28 31
12 28
28 52
28 69
28 61
14 28
1 28
28 56
9 28
1 51
14 51
9 51
51 56
56 59
52 56
12 56
56 69
14 56
56 61
1 59
1 12
14 38
14 66
14 59
12 14
14 69
14 64
9 20
20 59
23 66
12 66
66 69
52 66
61 66
64 66
59 66
9 66
3 9
3 59
0 59
23 59
12 59
52 59
59 69
59 61
59 64
9 59
0 9
9 23
9 12
9 52
9 69
9 61
9 64
0 64
23 64
52 64
12 64
64 69
2 23
0 23
12 23
23 52
23 69
23 61
0 61
52 61
0 52
12 52
52 69
0 62
0 69
12 69
0 67
0 12
0 50
