70 724
53 62
53 61
0 61
31 62
31 61
14 53
0 14
14 31
8 62
8 61
8 14
32 53
0 32
31 32
37 62
37 61
14 37
32 37
53 59
0 59
31 59
28 62
28 61
14 28
28 32
28 59
24 53
0 24
24 31
8 24
24 28
24 37
4 62
4 61
4 24
53 65
0 65
31 65
8 65
37 65
28 65
4 65
51 61
51 65
62 67
61 67
14 67
32 67
59 67
65 67
53 67
0 67
31 67
28 67
35 61
14 35
32 35
35 67
32 57
24 57
57 67
53 57
0 57
31 57
43 62
43 61
14 43
32 43
24 43
52 53
0 52
31 52
58 61
14 58
32 58
52 58
58 67
53 56
0 56
56 58
30 61
14 30
30 32
30 52
30 67
30 56
12 56
12 53
0 12
4 12
12 30
23 59
23 65
23 67
55 59
24 55
55 67
53 55
0 55
31 55
28 55
23 55
13 61
13 14
13 32
13 24
13 67
13 55
13 56
62 64
61 64
14 64
32 64
59 64
24 64
64 67
55 64
45 53
0 45
20 57
20 55
20 45
44 53
0 44
33 44
33 64
42 57
42 56
12 42
42 64
42 53
0 42
23 42
18 61
18 52
18 67
18 57
18 45
18 44
18 42
57 69
55 69
56 69
44 69
42 69
53 69
20 69
23 69
27 42
27 69
27 33
18 27
27 53
27 37
39 42
39 69
33 39
29 59
24 29
29 57
29 55
29 44
16 53
0 16
16 29
16 28
17 61
17 32
17 59
17 24
17 57
17 55
12 17
17 64
16 17
34 53
31 34
30 34
34 58
28 34
8 34
34 43
3 12
3 44
3 34
3 10
21 67
21 57
21 56
21 64
16 21
21 69
21 53
1 16
1 21
1 3
0 1
1 18
25 32
24 25
25 67
25 57
25 45
25 44
25 42
10 25
3 25
0 25
49 61
49 52
49 57
49 55
12 49
49 64
42 49
49 69
33 49
0 49
49 53
43 49
62 63
61 63
32 63
52 63
57 63
55 63
44 63
63 64
16 63
34 63
33 63
29 63
49 63
25 63
60 63
17 60
4 60
35 60
23 60
12 38
38 64
16 38
21 38
33 38
0 38
27 38
25 38
21 22
0 22
22 49
40 62
40 61
14 40
32 40
40 59
40 65
40 57
40 55
40 56
40 44
16 40
10 40
3 40
29 40
40 53
20 40
32 50
24 50
50 67
50 55
50 56
44 50
42 50
10 50
3 50
0 50
40 50
3 11
0 11
11 27
11 40
5 16
5 21
3 5
0 5
5 49
5 11
19 42
19 34
3 19
18 19
19 27
19 25
19 63
3 6
6 29
6 49
6 11
6 19
6 39
48 61
32 48
48 59
48 52
48 67
48 57
12 48
48 64
16 48
10 48
33 48
0 48
27 48
25 48
19 48
17 48
4 48
48 58
36 67
36 55
12 36
36 64
36 42
36 69
21 36
18 36
36 49
11 36
22 36
28 36
36 48
35 36
41 63
28 41
4 41
9 12
9 44
9 42
9 69
9 33
9 29
9 18
9 40
9 19
9 39
4 9
9 35
9 30
9 53
9 38
9 43
9 41
56 66
64 66
42 66
66 69
3 66
29 66
18 66
25 66
63 66
17 66
8 66
9 66
60 66
31 66
49 68
40 68
63 68
28 68
48 68
35 68
60 68
5 68
46 63
17 46
28 46
8 46
41 46
31 46
46 68
1 46
38 46
46 51
30 46
3 7
0 7
7 49
7 40
7 63
7 17
4 7
7 58
7 41
8 47
47 58
41 47
5 47
38 47
1 47
7 47
36 47
30 47
20 47
7 20
7 43
7 53
7 46
7 23
7 30
66 68
43 68
13 68
6 68
38 68
1 66
53 66
15 61
15 65
15 67
15 55
12 15
15 64
15 42
10 15
15 21
15 18
15 27
15 40
15 22
15 39
4 15
15 35
42 54
10 54
33 54
18 54
49 54
11 54
19 54
28 54
4 54
54 58
54 60
37 54
1 54
31 54
30 54
2 48
2 35
2 54
2 31
2 50
1 2
2 36
2 38
2 51
2 66
15 54
20 54
15 31
15 50
1 15
15 36
15 38
15 37
15 66
30 66
9 23
9 50
41 50
41 51
36 41
30 41
41 53
20 36
13 36
36 37
6 36
1 48
31 48
13 48
30 48
6 48
6 58
6 60
5 6
6 43
26 53
6 26
26 51
26 30
6 37
6 51
19 37
19 51
19 30
5 19
4 19
19 50
13 19
5 28
5 8
5 35
5 60
5 43
5 51
5 13
5 23
11 23
11 30
11 35
11 50
11 13
11 43
11 53
8 11
39 50
4 50
31 50
37 50
50 53
13 50
1 50
40 58
22 40
17 40
25 40
4 40
40 51
22 63
1 22
8 22
22 28
22 39
20 22
22 35
22 23
22 38
22 58
38 39
8 38
38 60
38 43
23 38
13 60
31 63
53 63
43 63
17 63
31 49
8 49
13 49
25 49
25 53
20 25
25 28
25 39
1 25
25 31
25 37
1 39
1 35
1 20
21 29
21 43
0 21
17 21
21 33
21 35
13 21
21 28
3 21
3 53
3 51
3 58
3 31
3 4
29 34
20 34
10 34
0 34
10 53
10 33
10 13
10 31
10 43
10 35
10 30
10 58
10 17
8 10
17 29
17 27
8 17
17 28
17 43
17 51
17 23
17 58
13 16
4 16
16 37
16 35
29 69
29 53
29 39
29 51
13 29
23 29
29 35
29 37
4 29
29 43
27 39
4 39
35 39
39 53
30 39
37 39
27 58
27 30
27 35
4 27
27 28
28 69
4 69
51 69
0 69
37 69
18 69
18 33
0 18
18 53
8 18
18 20
18 30
18 23
18 51
42 51
33 42
33 53
33 37
30 33
8 33
23 33
20 33
35 44
23 44
20 44
31 44
37 44
44 58
20 28
8 20
20 35
20 31
20 51
20 23
45 64
35 45
28 45
53 64
0 64
43 64
51 64
30 64
4 64
8 64
13 64
13 28
13 58
13 51
13 30
13 23
43 55
8 55
35 55
37 55
12 23
8 23
23 53
23 37
12 31
12 37
12 51
8 12
12 58
31 56
43 56
0 58
31 58
51 58
43 58
53 58
8 52
37 52
43 52
43 57
8 43
37 43
43 53
37 57
35 57
28 57
4 57
51 57
8 35
4 67
51 67
8 67
28 51
4 37
4 53
0 28
28 31
37 59
8 59
8 37
31 37
8 32
0 31
0 53
0 62
