70 724
6 28
6 38
28 38
6 69
38 69
6 8
8 38
8 28
8 69
6 43
38 43
8 43
28 50
50 69
43 50
6 61
38 61
8 61
50 61
6 35
35 38
8 35
35 50
28 35
35 69
35 43
6 46
38 46
8 46
46 50
35 46
21 28
21 69
21 43
6 15
15 38
8 15
15 50
15 35
15 21
6 60
38 60
8 60
35 60
21 60
28 60
60 69
43 60
15 60
46 60
6 63
38 63
8 63
50 63
35 63
21 63
60 63
20 38
8 20
20 28
20 69
20 43
20 46
6 17
17 38
8 17
17 50
17 35
17 21
17 60
17 20
6 53
38 53
8 53
50 53
53 60
28 53
53 69
43 53
53 63
46 53
17 53
1 38
1 35
1 53
0 1
6 26
26 38
8 26
26 50
20 26
0 26
26 28
26 69
26 43
16 26
6 58
38 58
8 58
50 58
35 58
21 58
58 60
0 58
28 58
58 69
20 65
6 33
8 33
20 33
28 33
33 69
33 43
33 46
21 31
31 33
26 31
31 58
6 68
50 68
35 68
33 68
26 68
28 47
47 69
51 60
51 53
26 51
47 51
6 23
23 38
8 23
23 50
23 35
23 53
28 54
54 69
8 25
25 35
21 25
25 33
25 54
13 28
38 66
8 66
60 66
0 66
54 66
13 66
20 30
30 53
30 54
13 30
24 60
0 24
24 54
24 58
24 30
57 60
53 57
33 57
47 57
57 68
32 68
32 57
30 39
39 57
6 62
38 62
8 62
50 62
35 62
21 62
20 62
0 62
26 62
58 62
62 68
39 62
61 62
25 62
6 49
38 49
8 49
35 49
20 49
49 53
49 58
13 49
30 49
16 49
6 52
38 52
8 52
50 52
35 52
21 52
20 52
52 53
33 52
47 52
23 52
16 52
12 26
12 58
12 30
12 16
12 52
20 67
0 67
33 67
13 67
23 67
39 67
52 67
31 67
12 67
46 67
6 11
11 38
8 11
11 35
11 60
0 11
11 33
11 58
11 30
11 16
11 52
11 67
11 49
11 51
8 44
35 44
44 60
0 44
44 54
44 47
44 68
39 44
44 61
28 44
44 49
12 44
22 26
22 23
22 68
16 22
22 31
22 25
34 38
8 34
34 60
0 34
33 34
34 58
30 34
34 57
34 39
25 34
24 34
34 51
26 41
13 41
41 68
39 41
31 41
41 67
34 41
41 51
41 44
38 42
8 42
42 60
33 42
42 54
42 47
23 42
42 57
42 61
28 42
34 42
12 42
22 42
42 44
42 66
20 37
37 53
26 37
37 58
30 37
37 39
37 61
37 67
4 61
4 28
4 25
6 59
8 59
20 59
0 59
26 59
58 59
59 68
39 59
59 61
28 59
4 59
51 59
59 63
33 36
13 36
30 36
16 36
36 52
31 36
36 49
20 29
0 29
29 33
13 29
23 29
29 39
29 61
29 67
4 29
24 29
29 69
6 45
38 45
8 45
35 45
45 60
45 53
26 45
13 45
23 45
45 57
31 45
45 67
4 45
29 45
45 63
1 45
3 52
3 31
3 25
3 29
3 63
3 42
3 11
3 24
21 27
27 33
27 54
23 27
27 68
16 27
27 52
27 67
4 27
12 27
22 27
27 36
3 27
14 22
14 36
38 40
8 40
35 40
40 53
33 40
23 40
30 40
39 40
40 61
25 40
34 40
12 40
40 46
36 40
14 40
10 34
10 51
10 44
10 36
10 14
4 7
7 29
7 63
7 36
3 7
7 10
7 17
5 61
5 31
4 5
5 51
5 22
1 5
26 64
47 64
30 64
57 64
61 64
28 64
34 64
12 64
46 64
42 64
3 64
18 68
18 57
18 52
18 25
4 18
18 51
18 63
18 44
18 64
18 41
18 62
18 59
23 48
16 48
31 48
25 48
48 49
48 51
22 48
1 48
48 69
14 48
7 48
48 59
27 48
19 22
1 19
19 69
19 45
19 43
19 65
19 48
2 49
2 51
2 46
1 2
2 69
2 45
2 24
2 65
2 27
9 23
9 16
9 52
9 67
9 34
9 29
9 44
9 36
9 64
9 45
7 9
9 62
9 40
9 32
2 9
9 66
2 11
2 19
6 56
8 56
21 56
53 56
56 58
47 56
56 68
16 56
56 61
56 67
49 56
29 56
22 56
42 56
56 69
41 56
43 56
37 56
15 56
19 56
32 56
11 56
18 19
18 48
5 48
55 63
44 55
55 69
45 55
24 55
55 65
40 55
55 66
18 55
17 55
18 32
64 65
15 64
43 64
5 64
64 66
5 41
5 7
5 59
5 15
5 17
5 11
7 11
7 40
10 11
10 17
10 43
10 40
10 41
10 65
40 62
17 40
32 40
14 17
14 37
14 41
14 27
14 66
24 27
27 62
15 27
27 66
3 69
3 62
3 45
45 62
32 45
24 45
29 37
22 29
29 66
29 36
36 46
36 69
36 59
32 36
59 69
41 59
24 59
59 62
17 59
4 37
4 46
4 12
4 49
37 63
37 42
37 41
37 43
37 65
32 37
15 37
11 37
42 65
15 42
41 42
15 41
34 66
34 69
1 34
22 34
22 24
22 44
17 22
11 44
44 62
17 44
1 11
11 15
17 67
67 69
12 63
12 46
12 17
12 43
12 62
1 12
28 52
24 52
1 52
17 52
49 52
15 52
28 49
32 49
49 62
17 49
43 49
49 63
1 62
24 62
39 69
39 66
31 39
32 39
39 46
28 32
32 51
32 46
32 69
24 32
15 57
46 57
43 57
17 57
25 57
1 57
28 57
24 57
24 31
1 24
28 30
30 61
15 30
30 66
30 46
17 30
31 66
25 66
46 66
43 66
65 66
17 66
13 15
13 65
13 25
25 68
25 31
25 28
25 63
25 65
15 25
15 54
23 54
17 54
23 58
23 28
23 69
23 43
23 65
1 23
23 51
16 51
51 61
28 51
51 65
15 51
47 63
47 68
43 47
1 47
17 47
28 68
68 69
16 68
31 68
63 68
16 31
31 43
31 65
33 65
33 63
58 65
16 65
28 65
46 65
43 65
43 58
46 58
58 61
16 58
16 61
16 63
26 46
1 26
26 61
1 28
1 46
1 43
15 53
53 61
0 17
20 63
15 20
20 61
0 20
0 63
61 63
43 63
63 69
46 63
60 61
0 15
15 28
15 46
15 43
21 46
21 61
35 61
0 35
0 61
61 69
0 43
28 43
0 8
0 69
0 38
0 28
0 6
