70 724
15 19
15 20
19 29
20 29
15 18
18 29
19 64
20 64
18 64
15 40
29 40
40 64
15 63
29 63
63 64
19 63
20 63
18 63
40 63
3 15
3 29
3 64
3 63
57 64
19 57
20 57
18 57
40 57
3 57
15 31
29 31
31 64
31 63
31 57
15 30
29 30
30 64
30 63
19 30
20 30
18 30
30 40
3 30
15 25
25 29
25 64
25 63
25 57
25 30
19 33
20 33
18 33
33 40
3 33
31 33
15 69
29 69
64 69
63 69
57 69
30 69
33 69
19 58
20 58
18 58
40 58
3 58
31 58
58 69
25 58
15 67
29 67
64 67
63 67
57 67
30 67
33 67
58 67
19 27
20 27
18 27
27 40
3 27
16 27
14 19
14 20
14 18
14 40
3 14
15 38
38 64
38 63
30 38
14 38
1 38
19 53
20 53
18 53
37 53
19 59
20 59
18 59
30 47
1 47
47 59
4 15
4 63
4 30
1 4
4 45
4 19
4 20
4 18
4 62
26 30
1 26
6 58
52 58
19 52
20 52
18 52
40 52
3 52
15 17
17 64
17 63
17 57
17 30
17 52
17 53
17 59
10 33
1 10
10 45
10 59
10 19
10 20
64 65
63 65
33 65
45 65
6 65
59 65
10 65
37 46
19 46
20 46
33 35
35 52
35 45
49 63
49 57
30 49
49 52
6 49
19 49
20 49
44 63
44 57
44 58
44 52
44 53
44 49
10 44
12 53
12 49
2 63
2 57
2 14
1 2
2 6
2 4
2 19
2 20
2 38
15 48
29 48
48 63
30 48
33 48
48 52
6 48
48 49
2 48
46 48
38 48
19 48
25 48
48 65
44 48
31 48
10 43
11 63
11 57
11 27
11 52
11 53
11 59
10 11
11 19
11 20
7 15
7 63
7 33
7 52
7 53
4 7
7 37
7 11
7 20
7 48
7 62
7 43
23 63
23 57
23 33
1 23
23 45
23 59
23 37
23 46
20 23
21 38
15 60
60 63
14 60
1 60
53 60
59 60
37 60
11 60
35 60
21 60
60 62
32 53
32 59
32 37
11 32
12 32
33 55
52 55
6 55
49 55
37 55
11 55
20 55
15 28
28 29
28 63
28 57
28 33
1 28
28 53
4 28
2 28
11 28
20 28
28 48
5 64
5 63
5 30
5 52
5 53
4 5
2 5
5 12
5 35
5 28
5 32
37 56
11 56
12 56
21 56
17 56
26 56
31 56
56 69
5 56
10 54
11 54
35 54
48 54
17 54
54 56
5 54
44 54
37 42
42 46
20 42
42 55
32 42
42 43
5 42
15 41
29 41
41 64
41 57
14 41
1 41
6 41
41 59
37 41
12 41
35 41
28 41
41 62
41 61
15 36
29 36
36 64
36 63
36 57
30 36
14 36
1 36
36 45
4 36
36 49
2 36
36 48
36 55
36 62
36 43
5 36
36 41
36 69
18 36
64 68
57 68
27 68
52 68
6 68
4 68
2 68
11 68
20 68
48 68
62 68
61 68
36 68
47 68
42 68
10 22
22 46
20 22
22 55
22 62
22 61
22 47
22 44
22 38
22 68
22 54
7 22
3 22
22 26
9 15
9 29
9 64
9 57
9 14
9 52
9 53
9 59
9 10
2 9
9 35
9 48
9 17
9 61
9 23
9 44
9 67
9 38
9 65
13 62
13 61
13 47
13 69
13 38
35 39
28 39
32 39
39 61
23 39
39 69
38 39
39 68
6 51
4 51
10 51
12 51
20 51
28 51
21 51
43 51
23 51
51 69
42 51
39 51
31 51
13 51
3 51
8 18
8 60
3 8
0 8
33 66
45 66
59 66
4 66
10 66
46 66
20 66
28 66
17 66
43 66
5 66
66 69
42 66
39 66
54 66
7 66
8 66
22 66
20 24
24 55
24 32
24 43
24 36
24 69
24 67
24 31
18 24
24 60
24 25
24 26
24 66
15 34
34 64
34 63
34 57
30 34
34 45
6 34
34 49
2 34
11 34
34 35
28 34
32 34
23 34
34 47
34 69
34 67
34 68
34 65
7 34
25 34
16 34
24 34
9 34
40 66
8 51
40 51
0 51
25 39
16 39
13 39
7 39
13 60
50 64
50 63
30 50
1 50
6 50
4 50
37 50
11 50
35 50
50 55
32 50
50 61
23 50
47 50
42 50
31 50
50 54
13 50
3 50
16 50
9 50
0 50
9 13
13 26
13 25
9 19
9 22
26 68
0 68
3 68
65 68
36 44
19 36
0 36
25 36
41 44
41 67
41 42
41 60
41 65
0 41
3 41
40 41
31 41
42 67
18 42
16 42
42 54
31 54
40 54
54 65
18 54
43 56
19 56
23 56
40 56
47 56
56 65
3 5
5 38
5 26
5 60
5 67
5 16
18 28
28 65
28 67
28 62
28 44
28 55
19 55
17 55
25 55
26 55
43 55
3 55
32 55
19 32
32 67
32 61
32 62
31 32
18 32
38 61
60 61
3 61
25 61
44 60
38 60
60 65
26 60
16 60
16 21
21 23
21 47
21 31
21 40
3 21
17 23
0 23
23 65
23 31
7 23
23 40
7 44
7 67
7 31
7 40
3 7
11 38
11 43
11 47
43 48
17 43
43 44
18 43
16 43
43 67
48 69
2 25
2 12
2 26
2 62
2 18
2 16
12 46
12 19
12 44
12 20
3 12
12 62
12 26
12 67
12 18
12 47
44 62
44 65
38 44
26 44
35 49
31 49
18 49
40 49
3 49
25 49
49 69
38 49
49 67
10 35
35 46
19 35
26 35
35 67
35 69
35 62
16 35
31 46
17 46
25 46
46 65
40 46
46 69
17 65
19 65
25 65
3 10
10 40
10 17
10 16
17 20
17 25
17 47
17 40
17 69
17 26
25 52
31 52
6 52
6 19
6 20
6 18
6 40
6 25
6 31
6 26
6 69
4 26
26 38
19 26
0 26
4 67
4 47
4 16
37 47
31 47
19 47
0 47
25 47
3 47
16 59
37 59
19 37
20 37
18 37
31 37
37 69
40 53
3 53
53 67
38 53
38 62
38 67
18 38
1 14
14 31
14 25
1 19
1 20
1 18
1 40
1 69
1 16
1 3
16 62
16 69
16 18
16 19
16 40
27 69
27 67
45 67
25 67
19 67
40 69
18 69
25 33
19 25
0 25
30 31
31 40
19 31
3 20
3 18
40 45
20 40
19 40
18 45
0 18
20 45
19 20
19 45
45 62
0 62
