80 632
70 74
41 70
29 74
29 41
1 70
1 29
74 79
41 79
1 79
18 70
18 29
18 79
74 77
41 77
1 77
18 77
48 77
70 77
29 77
77 79
23 74
23 41
18 23
23 77
58 70
29 58
58 79
18 66
44 74
41 44
44 48
44 77
44 70
29 44
44 79
63 74
44 63
58 63
39 70
29 39
1 7
7 44
70 78
29 78
78 79
33 74
33 41
1 33
33 48
33 78
33 39
4 70
4 29
1 42
42 77
38 70
29 38
38 79
64 74
41 64
18 64
48 64
38 64
21 78
21 70
21 29
21 79
31 38
21 31
4 31
59 74
41 59
1 59
44 59
59 78
21 59
72 74
41 72
18 72
48 72
58 72
39 72
35 72
59 72
26 74
26 77
26 58
5 70
5 29
27 38
5 27
10 74
10 41
10 48
10 77
10 38
10 21
4 10
10 70
2 74
2 77
2 44
2 39
2 10
49 54
14 18
14 77
14 44
14 39
14 35
14 54
10 61
19 49
19 54
8 19
19 61
19 59
47 74
41 47
1 47
18 47
47 48
44 47
47 58
21 47
4 47
19 47
46 47
17 33
17 79
17 47
17 42
10 67
59 67
27 67
17 67
8 67
49 56
56 59
46 56
27 56
51 56
28 78
21 28
4 28
28 35
28 61
30 33
30 52
62 74
41 62
1 62
18 62
48 62
62 77
58 62
21 62
35 62
38 71
21 71
35 71
59 71
29 71
62 71
45 58
39 45
45 49
45 71
45 61
45 72
10 50
50 54
50 61
43 78
21 43
35 43
19 43
43 71
41 53
53 77
53 78
5 53
49 53
19 53
53 71
43 53
50 53
7 53
0 53
9 74
9 41
1 9
9 18
9 48
9 77
9 44
5 9
9 49
9 54
9 27
9 52
9 50
9 64
9 28
0 75
9 75
44 55
39 55
4 55
19 55
33 55
55 72
50 55
32 48
32 44
32 58
5 32
32 35
19 32
32 46
32 43
32 50
32 79
2 32
32 66
12 74
12 41
1 12
12 77
12 58
5 12
10 12
12 54
12 61
12 72
12 62
12 32
12 28
12 14
10 16
16 59
16 61
16 43
16 50
16 32
16 66
14 16
12 16
16 79
24 46
24 27
24 50
7 24
24 66
24 51
16 24
25 71
25 72
8 25
25 64
25 26
11 48
11 44
11 58
11 39
4 11
11 54
11 33
11 27
11 62
11 56
3 11
11 45
34 61
27 34
34 62
34 56
11 34
14 34
34 70
22 42
22 28
0 22
22 51
2 22
2 57
22 57
57 63
1 6
6 44
6 38
5 6
6 49
6 35
6 33
6 72
6 17
6 56
6 26
6 45
18 40
40 48
38 40
39 40
40 49
40 59
40 61
17 40
8 40
40 56
40 66
14 40
40 55
38 76
76 78
49 76
54 76
71 76
27 76
62 76
7 76
47 76
9 76
40 76
29 76
63 76
53 76
12 76
34 76
6 40
40 70
4 68
19 68
46 68
17 68
42 68
7 68
26 68
14 68
40 68
22 68
33 65
65 72
42 65
32 65
65 66
51 65
65 70
65 79
65 68
12 65
37 42
7 37
26 37
3 37
2 37
29 37
37 65
23 37
24 37
37 75
65 67
69 74
41 69
1 69
18 69
48 69
69 77
58 69
39 69
35 69
54 69
33 69
52 69
8 69
56 69
26 69
51 69
69 70
29 69
68 69
69 75
13 74
13 77
13 78
13 21
10 13
13 59
13 27
13 43
13 62
13 64
13 28
13 45
13 55
20 61
20 43
8 20
20 64
0 20
3 20
2 20
20 79
13 20
47 60
14 60
60 79
20 60
57 60
53 60
30 60
6 60
20 67
20 31
11 73
3 73
16 73
29 73
12 73
8 15
15 56
0 15
9 15
15 70
15 73
15 63
15 53
15 31
15 23
30 73
13 73
13 69
13 67
13 24
12 69
34 68
53 68
31 40
6 22
6 57
6 75
6 23
36 74
36 48
36 58
5 36
10 36
36 54
33 36
36 72
36 62
7 36
36 66
36 45
36 55
25 36
36 57
34 36
30 36
31 36
22 63
22 34
24 34
11 30
11 70
11 51
11 26
3 25
3 31
3 67
2 3
25 70
25 79
24 25
25 75
25 30
24 30
16 29
16 53
12 67
32 63
31 32
32 55
0 55
45 55
55 75
30 55
55 63
23 75
9 63
9 53
9 79
2 9
29 53
14 43
43 63
43 64
43 50
43 72
23 43
23 50
45 50
28 50
50 70
7 45
45 47
45 67
14 45
71 79
42 71
66 71
61 71
70 71
46 62
62 72
7 62
31 62
42 62
30 62
28 30
30 47
52 66
8 52
28 52
28 64
14 28
28 51
28 29
47 51
23 51
29 51
56 67
56 64
56 70
47 67
31 67
17 31
17 70
7 17
17 64
42 47
47 64
0 47
47 70
19 26
7 19
19 42
61 79
14 61
23 61
14 42
14 66
2 54
54 63
33 54
54 70
2 46
2 72
2 8
2 66
2 23
10 79
10 27
10 29
8 10
27 59
27 46
7 27
27 29
26 27
5 26
5 79
5 23
26 35
26 46
8 26
26 64
26 31
26 63
33 46
8 46
46 72
29 72
35 66
35 64
35 70
35 59
31 59
59 64
23 59
59 66
31 33
31 63
21 42
21 64
21 66
33 64
0 64
38 42
4 42
42 63
42 79
29 42
4 49
4 23
49 70
49 63
33 49
7 49
33 63
7 78
7 39
7 29
7 23
39 63
8 39
44 66
8 44
58 66
8 66
66 79
23 58
0 23
23 79
8 77
48 79
29 48
41 48
48 70
48 74
8 48
0 8
