80 1580
20 64
13 20
10 64
10 13
10 48
20 69
10 69
64 76
13 76
48 76
69 76
14 20
10 14
14 76
27 64
13 27
27 48
27 69
14 27
54 64
13 54
48 54
54 69
20 54
10 54
54 76
27 54
47 64
13 47
47 48
47 69
14 47
47 54
20 32
10 32
32 76
27 32
32 47
41 64
13 41
41 48
41 69
14 41
41 54
32 41
49 64
48 49
20 49
10 49
49 76
27 49
47 49
63 64
13 63
48 63
63 69
14 63
54 63
32 63
49 63
48 66
20 66
10 66
66 76
27 66
47 66
56 64
13 56
48 56
56 69
14 56
54 56
32 56
49 56
56 66
23 48
20 23
10 23
23 76
23 27
23 47
64 75
13 75
48 75
69 75
14 75
54 75
32 75
49 75
66 75
23 75
60 64
13 60
48 60
60 69
14 60
54 60
32 60
49 60
60 66
23 60
20 60
10 60
60 76
47 60
27 60
60 75
56 60
60 63
41 60
64 72
13 72
48 72
69 72
14 72
54 72
32 72
49 72
66 72
23 72
60 72
3 48
3 20
3 10
3 76
3 47
3 27
3 41
3 63
3 75
3 56
30 64
13 30
30 48
30 69
14 30
30 54
30 32
30 49
30 66
23 30
30 60
3 30
6 64
6 13
6 48
6 69
6 14
6 54
6 32
6 49
6 66
6 23
6 60
3 6
6 20
6 10
6 76
6 47
6 27
6 63
6 56
6 41
6 75
6 30
6 72
61 64
13 61
48 61
61 69
14 61
54 61
32 61
49 61
61 66
23 61
60 61
3 61
6 61
20 61
10 61
61 76
47 61
27 61
56 61
61 75
61 63
41 61
30 61
61 72
16 64
13 16
16 48
16 69
14 16
16 54
16 32
16 49
16 66
16 23
16 60
3 16
6 16
16 61
16 20
10 16
16 76
16 47
16 27
16 56
16 41
16 63
16 75
16 72
16 30
35 64
13 35
35 48
35 69
14 35
35 54
32 35
35 49
35 66
23 35
35 60
3 35
6 35
35 61
16 35
33 64
33 48
33 69
33 54
32 33
33 49
23 33
33 60
6 33
20 33
10 33
33 76
33 47
27 33
33 75
33 63
33 41
33 56
33 72
30 33
33 35
26 64
26 48
26 60
3 26
26 61
26 33
7 64
7 13
7 48
7 69
7 14
7 54
7 32
7 49
7 66
7 23
7 60
3 7
6 7
7 61
7 16
7 33
20 57
10 57
57 76
47 57
27 57
41 57
56 57
57 75
57 63
57 72
30 57
53 64
13 53
48 53
53 69
14 53
53 54
32 53
49 53
53 66
23 53
53 60
3 53
6 53
53 61
16 53
33 53
53 57
62 64
48 62
62 69
54 62
32 62
49 62
62 66
3 62
6 62
16 62
7 62
17 20
10 17
17 76
17 27
17 47
17 63
17 41
17 75
17 56
17 30
17 72
7 73
17 73
19 64
19 48
19 69
19 54
19 32
19 49
19 23
3 19
19 61
19 33
19 57
24 48
3 24
6 24
24 61
24 57
24 62
20 24
10 24
24 76
24 27
24 47
24 41
24 63
24 75
24 56
19 24
12 64
12 13
12 48
12 69
12 54
12 32
12 49
12 66
12 23
3 12
12 61
12 16
12 33
12 24
12 19
12 76
25 57
25 62
19 25
25 76
20 21
10 21
21 27
21 47
64 67
13 67
48 67
67 69
14 67
54 67
32 67
49 67
66 67
23 67
60 67
3 67
6 67
16 67
33 67
7 67
19 67
67 76
21 67
48 70
54 70
23 70
3 70
6 70
61 70
33 70
62 70
24 70
70 76
20 70
10 70
27 70
47 70
41 70
43 64
13 43
43 48
43 69
14 43
43 54
32 43
43 49
43 66
23 43
43 60
3 43
43 61
16 43
33 43
7 43
19 43
43 70
25 43
9 43
37 64
13 37
37 48
37 69
14 37
37 54
32 37
37 49
37 66
23 37
37 60
6 37
37 61
33 37
7 37
37 62
19 37
37 76
21 37
9 37
20 37
10 37
5 64
5 48
5 54
5 49
5 66
5 60
5 6
5 16
5 57
5 17
5 19
5 70
5 25
5 37
5 27
37 46
46 72
20 46
10 46
40 64
13 40
40 48
40 69
14 40
40 54
32 40
40 49
40 66
23 40
40 60
3 40
40 61
16 40
7 40
40 62
24 40
40 76
21 40
9 40
37 40
40 46
64 74
48 74
54 74
66 74
23 74
60 74
6 74
16 74
57 74
62 74
19 74
70 74
25 74
28 64
13 28
28 48
28 69
14 28
28 54
28 32
28 49
23 28
28 60
6 28
16 28
7 28
28 62
19 28
28 76
21 28
9 28
20 28
10 28
24 55
55 70
25 55
28 55
27 55
55 72
55 74
40 55
55 56
26 55
6 18
16 18
18 33
18 62
18 24
18 76
9 18
18 28
18 37
18 46
18 74
18 40
52 57
52 62
24 52
52 70
21 52
9 52
27 52
52 72
2 64
2 48
2 54
2 49
2 60
2 3
2 61
2 16
2 33
2 7
2 24
2 76
2 70
2 9
2 27
2 46
2 74
2 20
2 10
64 65
13 65
48 65
65 69
14 65
54 65
32 65
49 65
65 66
3 65
6 65
16 65
33 65
62 65
24 65
65 76
25 65
28 65
37 65
46 65
2 65
20 79
10 79
2 11
11 79
11 56
51 64
13 51
48 51
51 69
14 51
51 54
32 51
49 51
51 66
23 51
51 60
3 51
51 61
16 51
51 57
51 62
24 51
51 70
25 51
28 51
27 51
46 51
51 74
40 51
51 52
26 51
35 51
51 73
51 75
51 65
51 63
11 51
34 64
13 34
34 48
34 69
14 34
34 54
32 34
34 49
34 66
23 34
34 60
3 34
6 34
34 61
16 34
33 34
7 34
17 34
24 34
34 76
21 34
28 34
27 34
34 46
2 34
34 40
34 52
34 51
18 34
25 42
28 42
27 42
42 72
2 42
42 79
42 52
26 42
42 67
1 61
1 16
1 33
1 62
1 19
1 76
1 25
1 28
1 72
1 46
1 74
1 40
1 52
1 18
1 67
0 1
1 73
7 45
17 45
24 45
45 70
25 45
28 45
37 45
45 72
45 74
45 79
45 56
26 45
45 67
1 45
19 44
44 70
9 44
28 44
27 44
44 72
2 44
44 79
44 52
26 44
18 44
1 44
5 44
0 44
44 55
33 78
17 78
24 78
76 78
21 78
28 78
37 78
46 78
2 78
78 79
56 78
18 78
67 78
42 78
44 78
73 78
63 78
48 77
61 77
57 77
7 77
19 77
70 77
25 77
9 77
27 77
46 77
2 77
40 77
52 77
51 77
18 77
42 77
44 77
35 77
63 77
77 78
38 64
38 48
38 69
38 54
32 38
38 49
38 66
38 60
6 38
16 38
33 38
17 38
24 38
38 76
21 38
28 38
37 38
38 72
38 74
38 40
38 52
26 38
38 67
38 42
12 38
35 38
38 63
38 77
38 41
34 38
38 78
22 64
22 48
22 54
22 32
22 23
22 60
6 22
22 61
22 33
7 22
19 22
22 76
22 25
22 28
22 37
22 46
22 74
22 40
22 56
22 51
22 67
1 22
22 44
12 22
22 35
22 77
22 34
4 48
4 54
4 60
3 4
4 6
4 61
4 33
4 62
4 24
4 76
4 25
4 28
4 37
4 72
4 74
4 40
4 52
4 26
4 67
4 42
4 44
4 12
4 63
4 77
4 41
56 71
26 71
18 71
42 71
44 71
71 73
35 71
30 71
41 71
4 71
20 71
22 71
0 71
47 71
36 64
13 36
36 48
36 69
36 54
32 36
36 49
36 66
23 36
36 60
6 36
36 61
7 36
17 36
36 76
36 70
25 36
9 36
27 36
36 72
36 74
36 79
36 52
26 36
18 36
36 42
12 36
36 73
36 63
30 36
36 41
48 68
60 68
6 68
16 68
33 68
62 68
24 68
68 70
25 68
28 68
37 68
46 68
2 68
68 79
52 68
51 68
18 68
42 68
44 68
68 73
35 68
30 68
34 68
43 68
6 59
16 59
33 59
7 59
24 59
59 76
25 59
9 59
27 59
46 59
59 74
59 79
52 59
51 59
59 67
42 59
44 59
59 73
59 63
30 59
41 59
59 68
20 59
53 59
0 59
36 59
29 48
29 54
29 66
29 60
6 29
29 61
29 57
29 62
24 29
29 70
25 29
28 29
27 29
29 46
2 29
29 79
29 52
26 29
18 29
1 29
29 55
12 29
29 63
29 77
29 41
4 29
20 29
22 29
0 29
7 50
17 50
24 50
50 70
21 50
9 50
27 50
50 72
50 74
50 79
50 56
50 51
50 67
1 50
50 55
50 73
35 50
30 50
34 50
50 68
4 50
22 50
0 50
45 50
47 50
10 50
58 64
48 58
58 60
3 58
6 58
16 58
7 58
17 58
58 76
58 70
21 58
9 58
27 58
46 58
2 58
58 79
56 58
26 58
58 67
1 58
44 58
12 58
35 58
58 77
34 58
4 58
58 78
20 58
50 58
36 58
29 58
8 64
8 48
8 69
8 54
8 32
8 66
8 60
3 8
8 61
8 16
7 8
8 62
8 19
8 70
8 21
8 28
8 37
8 72
2 8
8 79
8 56
8 26
8 67
8 42
8 44
8 73
8 63
8 30
8 41
8 68
8 78
8 53
0 8
8 47
8 29
8 58
8 43
8 65
8 75
8 45
15 19
15 76
15 25
15 28
15 37
15 72
2 15
15 79
15 56
15 51
15 18
1 15
15 44
12 15
15 35
15 30
15 34
4 15
15 78
15 22
0 15
15 47
15 29
11 15
15 59
10 15
8 15
39 48
39 49
23 39
3 39
39 61
16 39
39 57
7 39
19 39
39 76
25 39
28 39
37 39
39 72
2 39
39 79
39 56
39 51
18 39
1 39
39 44
12 39
39 63
30 39
39 77
39 68
39 78
20 39
22 39
39 47
36 39
11 39
39 65
10 39
39 71
15 39
39 75
38 39
15 38
19 31
31 76
21 31
28 31
27 31
31 72
2 31
31 40
31 56
31 51
18 31
1 31
31 55
31 73
31 35
31 77
31 41
4 31
31 78
31 53
31 50
31 36
29 31
31 58
31 59
31 65
31 71
31 45
5 31
15 31
5 8
58 75
10 58
45 58
58 59
58 65
29 50
11 50
36 50
50 75
29 59
29 45
29 75
29 43
43 59
5 59
59 75
59 71
5 68
47 68
36 68
0 68
68 78
68 75
65 68
20 68
20 36
36 53
0 36
36 45
11 36
36 38
36 71
11 71
10 71
38 71
45 71
4 11
4 10
4 22
4 53
4 5
4 43
4 65
20 22
22 53
0 22
22 38
22 75
22 65
5 22
0 38
38 47
11 38
38 43
10 38
38 75
41 77
65 77
45 77
47 77
53 77
0 77
43 77
41 78
10 78
47 78
11 78
45 78
75 78
20 78
44 47
44 75
44 45
44 53
12 45
45 63
41 45
34 45
20 45
43 45
45 65
5 45
1 11
1 75
1 42
1 43
1 20
1 12
1 63
1 41
42 73
42 55
35 42
10 42
30 42
34 42
42 65
42 47
42 53
34 55
12 34
34 35
30 34
34 41
34 47
34 53
34 75
20 34
11 34
0 34
20 51
10 51
30 51
5 51
51 67
11 67
11 55
11 12
11 35
11 30
11 53
0 11
11 65
5 11
10 11
63 79
73 79
65 79
56 79
43 79
53 79
52 65
18 65
55 65
65 73
35 65
41 65
53 65
47 65
43 65
5 65
2 12
2 73
2 63
2 52
0 2
2 26
2 35
40 52
20 52
41 52
18 52
43 52
52 56
26 52
52 73
5 52
0 52
18 26
18 67
18 75
18 35
18 41
18 55
18 30
10 18
41 55
55 73
30 55
35 55
20 55
12 55
0 55
55 63
5 55
43 55
10 55
28 74
28 72
28 73
28 35
28 75
27 74
72 74
20 74
10 74
56 74
41 74
43 74
67 74
74 75
5 74
53 74
30 74
40 74
47 74
20 40
40 75
40 67
10 40
5 40
12 40
0 40
30 40
40 41
26 40
40 47
35 40
46 53
26 46
12 46
5 46
41 46
46 67
0 46
43 46
5 67
5 12
5 35
5 30
5 41
5 53
5 47
5 43
5 75
27 37
30 37
37 47
37 75
37 43
37 67
26 37
37 53
37 63
37 56
26 43
43 67
12 43
43 63
30 43
20 43
0 43
43 47
10 43
26 70
63 70
70 72
56 70
30 70
70 75
9 70
9 20
9 10
9 27
9 30
9 75
9 47
0 9
9 56
9 41
9 53
9 26
9 67
9 12
9 63
26 67
47 67
12 67
20 67
63 67
53 67
21 72
21 73
0 21
21 25
21 53
21 35
20 25
10 25
25 47
25 27
25 56
25 41
25 63
25 26
12 25
12 27
12 56
12 26
12 20
12 73
12 30
12 35
0 24
24 53
19 20
10 19
19 76
19 27
19 47
19 75
19 41
19 63
19 56
19 72
19 30
19 26
19 73
19 35
73 76
27 73
72 73
73 75
41 73
0 73
10 73
47 73
53 73
63 73
17 62
0 17
20 62
10 62
62 76
27 62
47 62
62 63
62 75
56 62
41 62
30 62
35 62
26 62
62 72
53 62
53 76
53 56
26 53
53 63
20 53
47 53
10 53
53 75
7 57
0 57
7 20
7 10
7 76
7 47
7 27
7 56
7 41
7 63
7 75
7 30
7 72
7 35
7 26
20 26
26 47
0 26
26 41
0 33
35 76
27 35
35 72
35 56
10 35
35 75
0 35
0 61
27 30
30 72
30 56
30 63
30 75
20 30
10 30
3 72
0 3
27 72
20 72
10 72
56 72
72 75
47 72
63 72
0 60
75 76
56 75
10 75
23 41
23 56
23 63
56 76
20 56
47 56
10 56
56 63
63 66
41 66
63 76
47 63
20 63
41 63
41 49
0 49
41 76
27 41
10 41
47 76
27 47
10 47
27 76
20 27
10 27
0 27
20 76
10 76
0 76
13 48
20 48
0 20
48 64
0 48
