80 948
10 14
10 25
11 25
14 51
10 35
11 35
35 51
14 18
18 25
18 35
10 71
11 71
51 71
18 71
2 14
2 25
2 35
10 72
11 72
51 72
18 72
2 72
6 14
6 25
6 35
10 60
11 60
51 60
18 60
2 60
6 60
11 33
33 51
14 33
25 33
33 35
33 72
33 60
33 71
20 33
3 11
3 51
3 18
2 3
3 6
3 33
14 21
21 25
21 35
21 60
21 71
21 72
20 21
3 21
11 36
36 51
18 36
2 36
6 36
33 36
21 36
14 34
34 35
25 34
34 71
34 72
34 60
20 34
3 34
11 74
51 74
18 74
2 74
6 74
33 74
21 74
34 74
34 57
14 57
25 57
35 57
57 60
57 71
57 72
3 57
20 57
11 62
33 62
57 62
34 64
14 64
35 64
25 64
64 71
60 64
64 72
3 64
20 64
11 41
41 51
33 41
21 41
41 64
14 16
16 35
16 25
16 60
16 71
16 72
16 20
3 16
21 47
16 47
11 63
51 63
18 63
2 63
6 63
33 63
57 63
16 63
14 63
25 63
35 63
60 63
63 72
63 71
3 63
20 63
11 77
21 77
34 77
64 77
63 77
3 77
11 55
18 55
6 55
33 55
55 57
55 64
55 63
47 55
14 55
35 55
25 55
11 43
43 51
18 43
2 43
6 43
33 43
34 43
43 64
43 63
3 43
43 55
34 39
39 64
39 63
3 39
39 55
1 57
1 16
1 47
14 52
25 52
35 52
57 70
64 70
63 70
52 70
11 59
51 59
6 59
33 59
57 59
16 59
20 59
3 59
55 59
14 59
8 57
8 64
8 20
8 52
8 59
8 14
20 69
47 69
1 69
8 69
27 55
8 27
14 26
26 27
57 66
16 66
20 66
52 66
55 66
8 66
26 66
13 14
46 63
46 52
46 55
1 46
2 9
9 33
9 34
9 64
9 47
9 52
9 55
8 9
9 14
9 40
13 40
40 70
11 79
51 79
18 79
2 79
6 79
33 79
57 79
64 79
63 79
52 79
59 79
1 79
26 79
13 79
39 45
34 61
16 61
20 61
3 61
59 61
8 61
26 61
9 61
14 61
6 32
32 33
21 32
32 64
32 63
32 47
1 32
32 39
27 32
32 61
32 45
32 79
32 40
11 54
51 54
18 54
2 54
6 54
33 54
54 57
54 64
54 63
47 54
1 54
8 54
26 54
54 61
45 54
26 75
70 75
0 75
54 75
34 67
16 67
20 67
3 67
59 67
8 67
27 67
13 67
9 53
53 61
14 53
20 50
3 50
50 59
1 50
39 50
13 50
50 53
45 50
27 37
13 37
0 37
37 75
37 50
37 67
5 53
5 79
5 37
19 20
19 47
19 59
19 39
19 26
13 19
19 53
19 75
19 37
19 41
6 68
21 68
57 68
16 68
63 68
3 68
59 68
39 68
26 68
9 68
45 68
68 79
40 68
19 68
54 68
42 53
4 9
4 70
0 4
4 75
15 55
1 15
15 27
15 61
0 15
4 15
15 40
15 74
15 54
58 63
47 58
58 59
8 58
9 58
58 70
0 58
58 75
37 58
58 74
41 58
42 58
37 73
19 73
41 73
58 73
11 28
28 51
18 28
2 28
6 28
28 33
21 28
16 28
28 47
3 28
28 52
28 39
26 28
9 28
28 53
4 28
28 37
28 46
28 41
28 58
28 71
33 38
21 38
38 57
38 64
38 63
3 38
38 59
38 39
27 38
9 38
0 38
38 79
38 40
38 46
38 41
28 38
38 60
30 53
4 30
30 66
30 74
30 41
20 31
3 31
31 55
8 31
27 31
31 61
31 45
31 75
31 37
31 46
20 56
3 56
55 56
8 56
26 56
13 56
53 56
4 56
56 66
19 56
41 56
56 72
11 29
29 51
18 29
2 29
6 29
29 33
21 29
16 29
20 29
29 47
29 55
29 39
9 29
29 70
29 45
29 75
29 66
29 74
29 56
28 29
29 72
29 73
6 22
22 33
21 22
22 64
20 22
3 22
22 55
8 22
22 27
22 61
22 53
4 22
22 66
22 46
22 54
22 31
55 78
1 78
9 78
61 78
53 78
78 79
40 78
46 78
54 78
42 78
60 78
43 78
68 78
71 78
48 59
39 48
27 48
48 70
0 48
4 48
40 48
48 74
48 56
31 48
48 78
23 78
23 35
23 48
23 77
23 62
23 69
24 39
24 70
0 24
24 79
24 37
24 74
24 54
24 31
24 72
23 24
11 44
44 51
18 44
2 44
6 44
33 44
44 57
16 44
20 44
3 44
44 55
39 44
9 44
44 70
44 45
44 79
37 44
19 44
41 44
42 44
44 72
30 44
17 27
17 61
0 17
17 75
17 66
17 74
17 56
17 58
17 28
17 29
17 44
49 52
1 49
26 49
49 61
45 49
49 75
40 49
49 74
49 56
28 49
49 60
23 49
49 50
49 67
15 49
49 69
11 76
33 76
21 76
16 76
63 76
47 76
55 76
1 76
9 76
13 76
0 76
75 76
40 76
19 76
41 76
58 76
72 76
29 76
68 76
49 76
22 76
17 76
35 76
76 77
73 76
14 76
24 49
17 49
38 49
17 32
17 36
17 43
7 37
7 74
7 31
7 58
7 72
7 23
7 50
7 69
7 32
7 17
7 35
52 65
8 65
26 65
61 65
0 65
65 79
65 66
65 74
41 65
42 65
28 65
29 65
65 68
65 67
22 65
15 65
24 65
62 65
38 65
7 65
7 62
7 71
17 48
32 44
44 77
5 44
43 44
24 44
14 44
22 44
24 32
12 59
12 39
9 12
12 70
0 12
12 75
12 37
12 19
12 54
12 31
12 72
12 78
12 68
12 67
5 12
12 77
12 24
12 35
12 38
12 62
24 71
24 36
24 38
23 36
48 50
25 48
22 48
14 48
35 48
48 77
48 73
22 78
50 78
5 78
22 29
22 25
5 22
15 22
22 73
29 68
29 71
29 67
29 30
56 67
36 56
56 71
31 56
56 69
56 60
31 43
31 62
31 42
14 31
31 36
30 31
30 72
14 30
15 30
30 50
30 38
25 30
30 43
30 32
38 50
5 38
38 71
14 38
28 62
28 50
28 77
28 73
50 73
25 73
32 73
36 73
43 73
15 58
32 58
58 69
58 77
58 60
15 60
15 50
15 71
14 15
15 62
15 43
4 46
4 42
4 74
4 36
4 77
4 79
4 69
4 43
40 42
19 42
42 68
42 72
42 67
5 42
42 43
35 42
25 42
62 68
36 68
25 68
35 68
68 71
5 19
19 36
19 62
19 54
14 19
5 54
5 60
5 67
5 69
5 62
5 14
25 37
37 41
46 50
50 54
50 67
50 69
53 71
53 67
53 72
36 53
46 53
53 66
67 75
54 67
60 67
14 67
35 67
67 71
71 75
62 75
25 75
54 66
32 54
14 54
35 54
32 41
32 72
25 32
32 43
32 77
61 74
61 71
36 61
45 61
61 62
45 70
45 77
45 79
45 62
41 45
14 45
45 69
35 45
60 79
14 79
41 79
72 79
40 79
66 79
14 40
40 71
40 69
40 46
36 40
9 46
9 35
9 72
9 41
13 46
46 74
46 77
35 46
46 69
46 60
43 46
46 71
13 35
13 25
13 66
13 43
0 13
13 70
43 66
60 66
62 66
35 66
66 72
66 77
66 74
26 41
26 74
26 62
25 26
26 77
14 27
27 72
27 60
27 43
27 70
27 36
27 69
0 27
69 70
69 72
62 69
69 71
35 69
36 69
8 41
8 25
8 35
8 62
8 36
8 71
59 74
35 59
59 72
25 59
59 70
36 59
1 59
1 70
14 70
60 70
70 77
35 70
70 74
52 74
52 71
1 52
52 60
1 14
0 1
1 71
1 62
1 41
1 72
1 77
1 39
14 39
39 43
0 39
39 74
39 60
39 71
0 43
25 43
36 43
43 62
55 77
55 60
41 77
25 77
36 77
71 77
47 63
14 47
35 47
25 47
3 47
47 60
47 72
47 71
41 47
47 74
0 47
16 41
16 74
3 41
25 41
62 64
36 64
20 62
3 62
60 62
57 74
36 57
72 74
25 74
34 36
20 36
3 36
36 60
25 36
3 14
3 35
3 25
3 72
20 60
0 60
14 60
35 60
6 72
6 71
6 20
20 72
25 72
2 71
2 20
20 71
18 20
20 35
14 35
25 51
20 51
20 25
0 25
11 14
14 20
0 14
11 20
0 20
