80 316
9 37
37 49
28 49
9 79
49 79
37 65
28 65
65 79
28 47
9 47
47 49
12 47
28 53
47 53
5 9
5 49
37 45
28 45
45 79
45 47
5 45
9 68
49 68
28 41
41 47
5 41
41 68
4 9
28 63
47 63
5 63
63 68
4 63
9 26
26 49
26 53
44 47
26 44
9 15
15 70
34 70
48 63
48 69
28 76
47 76
9 64
64 76
64 72
34 72
7 72
39 72
7 25
25 59
39 59
15 62
34 62
9 62
62 70
24 62
27 59
36 69
27 36
24 43
24 35
7 10
25 71
49 71
10 71
4 6
9 61
34 61
9 75
49 75
8 75
65 75
53 75
28 56
56 68
56 75
9 56
17 51
51 70
23 67
35 67
50 67
30 50
30 44
18 53
3 18
28 54
47 54
54 64
54 61
17 54
39 54
53 54
8 54
18 52
52 54
52 69
12 21
21 74
21 62
21 72
21 52
42 64
9 42
25 42
42 71
9 66
33 66
49 66
45 66
33 34
7 33
14 18
14 44
14 31
31 70
12 31
31 73
7 40
14 40
40 54
40 73
31 40
26 77
34 77
17 77
39 77
56 57
3 57
6 57
57 63
13 57
13 27
13 56
13 16
16 62
16 30
9 46
39 46
19 46
33 46
46 58
46 67
46 63
16 46
13 45
13 44
57 77
74 77
43 77
62 77
40 77
49 77
0 40
20 54
51 78
58 78
20 78
44 78
20 50
19 60
33 60
6 60
18 29
29 70
23 29
29 74
29 50
29 60
29 36
29 42
60 76
20 60
31 32
32 62
19 22
22 33
22 31
22 38
3 38
22 32
22 36
20 32
20 40
31 58
14 76
11 14
12 14
14 33
19 33
12 33
6 33
19 42
19 45
42 53
21 42
41 42
3 42
52 74
52 67
3 52
8 52
3 54
3 10
3 56
11 18
18 65
8 18
11 55
10 11
11 56
11 65
11 30
8 11
63 67
23 51
10 23
12 23
23 55
49 51
51 59
8 51
1 51
1 44
0 1
1 36
17 56
56 71
53 56
56 76
8 61
8 24
8 12
8 65
12 61
6 61
6 25
6 71
6 43
6 65
6 41
41 71
55 71
10 63
10 35
10 45
35 43
35 65
35 49
43 63
36 43
27 62
24 53
24 59
59 65
2 58
2 72
2 59
2 76
41 59
25 41
25 45
25 55
41 55
55 65
55 72
55 69
53 72
41 72
0 72
12 64
53 64
64 65
9 76
7 76
69 76
53 76
49 76
7 39
7 49
39 69
39 63
49 69
44 69
12 48
48 70
65 70
45 70
44 70
15 44
34 44
44 45
26 34
34 63
9 34
45 63
4 41
9 41
41 53
65 68
12 68
45 68
9 45
45 49
5 53
5 12
5 65
47 65
9 49
9 28
12 28
12 58
0 58
