80 1264
58 72
13 72
9 72
9 58
9 13
27 72
9 27
72 73
9 73
58 73
13 73
27 73
41 72
9 41
41 73
45 58
13 45
27 45
41 45
70 72
9 70
70 73
45 70
32 58
13 32
27 32
32 41
32 70
56 72
9 56
56 73
45 56
32 56
55 58
13 55
27 55
41 55
55 70
55 56
37 72
9 37
37 73
37 45
32 37
37 55
67 72
9 67
67 73
45 67
32 67
55 67
58 67
13 67
27 67
41 67
67 70
56 67
37 67
30 72
9 30
30 73
30 45
30 32
30 55
30 67
71 72
9 71
71 73
45 71
67 71
58 71
13 71
27 71
41 71
56 71
70 71
30 71
37 71
42 72
9 42
42 73
42 45
32 42
42 55
42 67
42 71
15 72
9 15
15 73
15 45
15 67
15 58
13 15
15 27
15 41
15 56
15 70
15 37
15 30
28 72
9 28
28 73
28 45
28 32
28 55
28 67
28 71
15 28
64 72
9 64
64 73
45 64
32 64
64 67
64 71
15 64
58 64
13 64
27 64
41 64
64 70
56 64
37 64
30 64
5 72
5 9
5 73
5 45
5 32
5 55
5 67
5 71
5 15
5 64
48 58
13 48
27 48
41 48
48 56
48 70
30 48
37 48
33 72
9 33
33 73
33 45
32 33
33 55
33 67
33 71
15 33
33 64
33 48
69 72
9 69
69 73
45 69
32 69
67 69
69 71
15 69
48 69
58 69
13 69
27 69
41 69
69 70
56 69
30 69
37 69
5 69
42 69
28 69
33 69
72 76
9 76
73 76
15 76
69 76
25 72
9 25
25 71
15 25
0 25
25 58
13 25
25 27
25 41
25 56
25 70
25 37
25 30
57 72
9 57
57 67
57 64
57 69
25 57
23 72
9 23
23 73
23 45
23 67
15 23
23 48
23 25
23 58
13 23
23 27
23 41
23 70
23 56
17 72
9 17
17 73
17 45
17 32
17 67
17 71
15 17
2 58
2 13
2 27
2 41
2 70
2 56
2 30
2 37
2 42
2 17
16 67
16 64
2 16
16 25
16 23
49 72
9 49
49 67
49 64
49 69
58 65
13 65
27 65
41 65
56 65
65 70
48 79
65 79
23 79
49 79
23 75
49 75
58 75
13 75
27 75
41 75
1 75
1 42
8 23
8 49
58 77
13 77
27 77
41 77
8 77
14 72
9 14
14 73
14 45
14 71
14 64
14 48
2 14
14 76
7 72
7 9
7 73
7 45
7 32
7 67
7 71
7 15
7 64
7 48
0 7
7 25
7 23
7 49
7 58
7 13
7 27
7 41
6 67
6 15
6 48
2 6
6 76
6 7
59 72
9 59
59 73
59 67
59 71
59 64
48 59
59 65
23 59
49 59
58 59
13 59
27 59
41 59
63 76
59 63
63 75
42 63
8 63
5 63
1 63
30 63
44 72
9 44
44 73
44 45
32 44
44 55
44 67
44 71
15 44
44 64
0 44
2 44
44 76
44 49
44 77
51 69
2 51
51 76
51 59
51 77
51 58
13 51
27 51
41 51
51 70
4 48
2 4
4 76
4 7
4 59
4 51
4 27
4 5
4 13
4 30
29 73
15 29
29 48
2 29
29 76
29 49
29 75
29 51
8 29
5 29
17 29
29 30
29 58
39 75
39 77
27 39
53 59
42 53
8 53
53 58
13 53
52 72
9 52
52 73
45 52
32 52
52 67
52 71
15 52
52 64
48 52
52 69
2 52
23 52
7 52
52 59
51 52
27 52
52 53
17 52
11 67
11 15
11 69
11 25
11 49
7 11
11 75
11 77
11 27
11 13
1 11
11 58
6 11
11 79
11 52
40 76
40 49
40 75
40 42
27 40
5 40
13 40
11 40
54 59
51 54
8 54
13 54
1 54
11 54
54 58
5 38
38 53
17 38
30 38
38 54
38 79
36 72
9 36
36 73
36 45
32 36
36 67
36 71
15 36
36 48
2 36
36 76
7 36
36 59
36 51
8 36
5 36
17 36
30 36
36 44
22 72
9 22
22 73
22 45
22 32
22 67
22 71
22 64
22 69
22 25
22 23
22 49
22 59
22 42
22 27
5 22
1 22
22 30
22 54
22 79
22 40
60 73
15 60
2 60
25 60
60 65
49 60
60 75
60 77
8 60
5 60
17 60
11 60
44 60
22 60
61 72
9 61
61 73
45 61
32 61
61 67
61 71
61 64
0 61
2 61
23 61
7 61
61 75
51 61
27 61
53 61
17 61
29 61
44 61
61 79
36 61
14 61
43 72
43 73
43 67
15 43
43 69
25 43
23 43
7 43
43 75
43 77
8 43
43 53
17 43
29 43
43 44
12 44
12 58
9 35
35 73
35 67
35 64
35 69
2 35
35 76
7 35
35 59
35 42
27 35
35 53
1 35
29 35
35 54
12 35
10 27
10 13
10 17
10 11
10 79
10 22
10 61
10 35
10 70
71 74
64 74
69 74
25 74
74 76
49 74
59 74
51 74
8 74
53 74
1 74
30 74
44 74
12 74
61 74
10 74
62 72
9 62
62 73
45 62
32 62
62 67
62 71
15 62
48 62
25 62
23 62
49 62
62 75
42 62
8 62
53 62
17 62
11 62
29 62
12 62
22 62
10 62
59 66
66 77
27 66
13 66
1 66
30 66
54 66
12 66
36 66
62 66
26 76
26 59
26 77
26 42
8 26
13 26
17 26
26 30
26 54
12 26
26 36
10 26
5 21
21 53
1 21
11 21
21 54
12 21
21 61
10 21
21 26
50 77
42 50
50 51
50 53
1 50
29 50
50 54
12 50
50 61
50 62
26 50
50 58
39 50
43 50
4 50
21 50
28 50
50 66
16 50
6 50
24 72
9 24
24 73
24 64
24 69
2 24
23 24
7 24
24 77
24 42
24 27
24 53
13 24
24 30
24 29
12 24
24 61
10 24
24 74
24 50
14 24
24 70
24 40
6 24
13 20
17 20
20 44
12 20
20 36
20 62
20 26
8 31
5 31
13 31
30 31
31 54
31 79
22 31
34 72
9 34
34 67
34 64
0 34
34 65
34 76
7 34
34 77
34 42
27 34
5 34
1 34
11 34
34 54
12 34
22 34
31 34
34 39
34 60
34 38
3 72
3 9
3 73
3 45
3 32
3 67
3 71
3 15
3 69
3 25
3 76
3 7
3 75
3 51
3 8
3 13
1 3
3 29
3 54
3 79
3 22
3 34
3 74
3 31
3 14
3 70
3 56
18 69
18 25
18 23
7 18
18 59
18 42
18 27
13 18
1 18
11 18
18 54
12 18
18 36
18 34
18 62
17 46
11 46
46 54
46 79
22 46
34 46
26 46
35 46
19 72
9 19
19 73
19 67
19 71
19 64
19 69
19 65
19 23
19 49
19 59
19 51
8 19
5 19
13 19
19 30
19 29
19 22
19 36
10 19
19 62
19 46
14 19
19 60
19 56
4 19
19 20
19 28
19 52
68 69
25 68
68 76
7 68
68 75
68 77
5 68
53 68
17 68
29 68
44 68
22 68
36 68
62 68
26 68
46 68
14 68
68 70
56 68
18 68
16 68
28 68
52 68
19 68
59 78
42 78
27 78
13 78
17 78
30 78
44 78
78 79
61 78
34 78
26 78
31 78
37 78
60 78
40 78
4 78
16 78
3 78
52 78
68 78
21 78
24 78
38 78
66 78
41 68
35 68
63 68
19 43
19 38
19 66
19 21
37 46
47 72
9 47
47 71
47 64
2 47
25 47
23 47
47 59
47 75
42 47
27 47
5 47
13 47
11 47
29 47
47 79
36 47
10 47
47 74
46 47
37 47
40 47
47 56
4 47
20 47
28 47
47 52
39 47
47 57
21 47
47 66
41 47
41 46
46 52
46 58
38 46
18 46
46 56
33 46
31 46
18 37
18 40
18 56
6 18
3 18
16 18
18 35
18 66
18 39
18 63
18 20
3 16
3 35
3 38
3 43
3 41
3 57
3 63
34 63
34 35
34 52
4 34
34 43
34 70
34 37
26 31
31 63
20 31
31 70
31 40
31 41
21 31
31 52
31 60
31 56
31 35
20 37
20 70
20 40
20 43
20 39
20 24
20 28
20 21
20 41
24 28
24 52
24 39
24 41
24 35
24 57
50 57
14 50
50 60
21 40
21 56
21 33
21 58
21 39
21 43
21 38
26 52
26 39
26 63
26 66
26 56
26 38
6 26
37 66
60 66
56 66
16 66
58 66
39 66
38 66
63 66
56 62
40 62
6 62
41 62
62 74
4 62
14 62
33 62
16 74
37 74
35 74
70 74
43 74
60 74
28 74
40 74
57 74
41 74
10 14
10 57
10 58
10 16
10 33
10 28
35 60
33 35
4 35
35 58
35 38
35 63
35 43
12 43
12 28
6 12
4 12
12 63
43 61
37 43
43 60
40 43
6 43
43 58
43 57
41 43
60 61
61 63
40 61
28 61
41 61
52 61
39 61
6 60
56 60
40 60
33 60
60 63
28 60
22 52
22 58
22 41
22 36
22 39
6 22
36 57
36 58
36 37
16 36
36 38
33 36
36 56
4 36
14 38
38 70
38 56
6 38
16 38
38 58
6 54
37 54
40 54
54 57
54 79
14 40
40 58
40 41
28 40
11 56
11 70
11 41
11 28
11 30
44 52
52 70
33 52
6 52
16 52
28 52
39 52
53 57
53 79
1 53
14 53
28 53
39 53
44 53
17 53
1 39
29 39
39 44
37 39
39 70
39 56
28 39
39 57
29 37
29 41
14 29
29 44
4 29
16 29
4 14
4 70
4 33
4 6
4 41
4 57
4 63
4 16
51 56
44 51
14 51
28 51
17 51
37 51
6 51
8 51
27 44
13 44
17 44
44 58
44 70
44 56
44 63
33 44
28 44
14 63
33 63
58 63
57 63
41 63
33 59
6 59
56 59
28 59
6 27
5 6
6 17
6 37
6 33
6 57
6 28
6 58
7 14
7 37
7 42
7 56
7 28
7 70
7 17
14 77
14 27
1 14
14 30
14 79
14 16
14 57
14 70
14 37
5 77
17 77
77 79
16 77
8 42
8 58
8 13
8 41
8 79
8 30
8 37
1 8
8 56
1 13
1 58
1 37
1 41
1 30
1 70
75 79
37 75
16 75
30 75
70 75
57 75
42 75
13 79
58 79
57 79
56 79
70 79
33 79
16 79
37 79
49 65
30 65
37 65
17 65
65 76
23 49
49 58
13 49
27 49
41 49
49 56
49 70
5 49
33 49
30 49
16 49
49 57
16 27
5 16
13 16
16 30
16 70
16 33
16 58
17 23
17 27
13 17
17 58
17 33
17 56
5 23
23 57
23 37
42 57
27 57
13 57
30 57
57 70
33 57
28 57
25 33
25 28
25 42
25 76
5 25
58 76
13 76
27 76
41 76
70 76
56 76
33 76
28 76
30 76
42 76
0 33
33 42
27 33
5 33
30 33
33 37
33 56
33 58
5 48
28 48
42 48
0 5
5 42
5 58
5 13
5 37
5 70
5 41
42 64
28 64
0 28
27 28
13 28
28 37
15 42
42 58
13 42
27 42
41 42
30 42
0 30
13 30
30 58
0 37
37 58
0 56
13 56
0 70
27 70
41 70
0 41
27 41
41 58
0 27
27 58
13 27
0 13
13 58
0 58
