80 948
46 64
46 74
4 64
4 74
24 46
4 24
24 42
32 64
32 74
24 32
21 46
4 21
21 42
21 32
1 64
1 74
1 24
10 46
4 10
10 42
10 32
1 10
32 77
64 77
74 77
24 77
10 77
21 77
46 59
4 59
42 59
32 59
1 59
59 77
22 64
22 74
22 24
21 22
10 22
46 70
4 70
42 70
32 70
1 70
70 77
22 70
1 62
62 77
62 64
62 74
24 62
10 62
21 62
59 62
19 46
4 19
19 42
19 32
1 19
19 77
19 22
19 62
42 66
32 66
1 66
22 66
64 66
66 74
24 66
21 66
10 66
46 61
4 61
42 61
32 61
1 61
61 77
22 61
61 62
61 66
64 69
69 74
24 69
21 69
10 69
61 69
69 70
19 69
59 69
18 32
18 22
18 62
18 69
26 46
4 26
26 32
1 26
26 77
22 26
26 62
49 64
49 74
24 49
10 49
21 49
49 70
19 49
49 61
49 59
31 62
31 49
9 64
9 74
9 24
9 10
9 21
9 34
36 66
48 64
48 74
24 48
10 48
21 48
48 61
0 48
36 48
46 65
4 65
42 65
32 65
1 65
65 77
22 65
62 65
65 66
48 65
26 65
36 65
4 52
42 52
32 52
1 52
52 77
22 52
52 62
52 69
48 52
45 64
45 74
24 45
16 45
63 64
63 74
24 63
10 63
26 40
40 63
35 40
40 74
40 64
11 46
11 42
11 32
1 11
11 77
11 22
11 66
11 48
11 45
11 36
11 35
11 40
52 67
40 67
64 67
66 79
49 79
26 79
63 79
20 64
20 74
19 20
16 20
20 79
8 46
4 8
8 42
8 32
1 8
8 77
8 22
8 62
8 66
8 49
8 9
8 63
8 20
28 66
28 69
9 28
28 36
28 35
28 74
28 64
8 28
10 28
28 65
19 28
36 38
28 38
38 40
1 41
22 41
41 66
41 69
41 45
41 63
35 41
28 41
41 67
39 46
4 39
39 42
32 39
1 39
39 77
39 62
39 48
9 39
39 63
20 39
35 39
43 45
36 43
43 52
43 74
39 43
12 46
4 12
12 32
1 12
12 77
12 62
12 66
12 69
12 26
12 36
12 35
12 40
12 39
12 43
26 56
45 56
20 56
28 56
40 56
12 56
26 55
55 63
35 55
55 74
55 67
12 55
34 55
27 35
27 74
27 67
27 41
27 55
27 59
40 51
12 51
51 55
1 78
77 78
66 78
69 78
26 78
45 78
52 78
74 78
40 78
41 78
55 78
51 78
31 78
34 76
51 76
32 71
71 77
66 71
49 71
9 71
63 71
20 71
40 71
39 71
12 71
18 71
59 71
51 71
32 47
1 47
47 77
22 47
47 66
47 69
26 47
47 63
36 47
28 47
40 47
39 47
18 47
52 58
40 58
58 67
39 58
55 58
26 44
36 44
44 52
28 44
40 44
39 44
44 55
44 58
44 71
44 65
13 18
13 58
13 47
13 65
46 57
4 57
42 57
32 57
57 77
57 62
57 66
57 69
48 57
57 63
52 57
57 74
6 57
6 64
52 60
28 60
6 60
12 60
34 60
59 60
47 60
60 65
13 60
0 60
17 48
17 36
17 35
17 40
17 67
17 39
17 55
17 58
17 71
17 31
29 31
11 29
29 38
29 68
16 68
43 68
5 20
5 74
5 6
5 39
5 18
5 34
5 47
5 11
5 38
5 16
25 67
25 39
25 34
25 58
25 71
11 25
25 38
16 25
25 43
17 25
19 25
37 55
37 59
37 47
11 37
13 37
23 57
23 24
23 56
32 53
53 77
53 62
49 53
26 53
45 53
35 53
53 74
53 67
41 53
34 53
51 53
31 53
53 76
13 53
23 53
17 53
27 53
53 56
53 78
32 33
1 33
33 77
22 33
33 62
33 49
9 33
33 36
33 52
28 33
6 33
33 39
18 33
33 58
33 51
33 76
13 33
29 33
0 33
27 33
33 56
50 66
48 50
26 50
45 50
36 50
28 50
50 67
41 50
34 50
50 59
31 50
50 76
38 50
23 50
0 50
27 50
57 72
16 72
25 72
68 72
60 72
2 42
2 32
1 2
2 22
2 66
2 49
2 26
2 36
2 52
2 74
2 67
2 12
2 34
2 59
2 47
2 11
2 57
2 29
2 43
2 27
2 72
54 55
51 54
47 54
54 76
29 54
0 54
25 54
27 54
54 72
5 54
54 79
7 77
7 62
7 66
7 48
7 9
7 45
7 52
7 74
7 67
7 41
7 18
7 59
7 47
7 65
7 57
7 16
7 17
7 21
7 56
7 54
7 8
2 7
7 53
14 77
14 22
14 62
14 49
9 14
14 63
14 52
14 74
6 14
14 41
14 18
14 58
14 51
14 65
13 14
14 23
14 25
14 68
14 60
14 50
14 78
15 67
15 39
15 18
15 58
15 31
15 76
13 15
15 29
0 15
15 27
15 72
15 19
15 24
15 70
15 37
9 30
30 45
30 35
30 74
30 40
12 30
30 34
30 51
30 71
30 76
13 30
29 30
30 43
21 30
30 68
30 50
8 30
15 30
18 75
59 75
47 75
11 75
13 75
23 75
17 75
68 75
60 75
19 75
33 75
61 75
30 75
37 75
3 62
3 69
3 9
3 63
3 35
3 28
3 6
3 12
3 34
3 58
3 71
3 76
3 38
3 16
3 43
3 21
3 60
3 54
3 8
3 79
3 75
3 14
3 70
3 10
44 75
10 30
30 37
30 53
14 15
15 79
7 14
9 73
36 73
35 73
28 73
6 73
12 73
34 73
51 73
47 73
31 73
38 73
29 73
17 73
68 73
19 73
50 73
33 73
2 73
64 73
14 73
37 73
10 73
14 44
7 24
5 7
54 78
2 54
54 70
2 8
2 64
2 37
2 44
72 78
50 72
72 79
5 72
24 50
37 50
33 50
50 61
33 44
33 61
33 53
33 79
53 61
5 53
44 53
23 37
17 23
23 43
23 44
23 27
25 37
17 37
37 56
37 70
25 27
5 25
21 25
5 68
5 78
5 61
5 64
5 44
61 68
44 68
60 68
17 29
29 61
8 29
29 64
17 24
17 44
17 60
17 70
27 60
10 60
19 60
24 60
6 10
6 34
6 31
6 18
6 16
6 59
12 57
34 57
51 57
31 57
11 57
8 57
13 57
21 57
19 57
57 78
57 79
57 64
57 61
13 44
10 13
13 43
44 56
19 44
24 58
19 58
56 58
58 79
47 58
58 61
21 58
47 71
47 70
0 47
47 56
16 47
19 71
38 71
11 71
71 76
10 71
21 71
61 71
65 76
64 76
76 78
70 76
27 76
43 76
16 78
0 78
21 78
64 78
8 78
10 78
51 70
16 51
51 65
10 51
27 51
27 38
24 27
10 27
0 55
55 56
18 55
55 64
55 70
31 55
10 55
11 56
38 56
43 56
21 56
56 70
8 56
56 61
12 61
12 65
12 34
12 31
8 12
12 21
41 43
43 59
31 43
10 43
43 70
43 64
43 79
8 39
21 39
39 41
39 70
19 39
39 64
24 39
18 41
10 41
0 41
41 79
16 41
38 41
41 59
11 41
8 41
34 38
38 59
38 65
0 38
24 38
16 38
38 70
28 34
18 28
28 70
8 59
8 31
8 11
0 8
8 21
8 19
8 64
20 21
10 20
74 79
67 79
18 79
31 79
65 79
16 79
21 79
70 79
10 79
61 79
19 67
24 67
11 67
0 67
67 70
11 34
11 59
11 65
11 24
0 11
11 21
40 59
24 40
40 61
40 65
59 63
0 63
16 63
21 63
18 63
16 74
16 34
16 65
0 16
16 19
16 21
21 45
10 45
45 61
36 45
45 52
52 64
52 74
24 52
35 52
31 52
52 61
18 52
52 70
52 59
35 64
35 74
35 65
0 35
24 35
34 35
18 65
31 65
10 65
61 65
19 65
48 59
19 48
48 70
26 48
9 36
36 64
36 74
24 36
34 36
31 36
36 70
19 36
21 34
9 59
9 31
9 61
31 74
31 59
24 31
31 64
26 49
26 64
26 74
24 26
21 26
10 26
0 26
26 70
18 26
19 26
18 19
18 24
18 61
18 59
61 74
0 61
24 61
19 66
59 66
66 70
19 21
19 64
10 19
62 70
0 62
0 70
24 70
64 70
22 59
0 22
59 64
0 59
0 10
10 24
1 21
0 1
21 74
21 64
0 32
24 64
42 74
64 74
0 74
42 64
0 42
