80 1264
12 41
20 41
41 78
20 78
12 16
16 78
32 41
20 32
16 32
3 41
3 20
3 16
3 78
3 12
3 32
13 41
13 20
13 16
3 13
20 38
16 38
3 38
38 78
12 38
32 38
41 59
20 59
16 59
3 59
38 59
69 78
12 69
32 69
59 69
13 69
41 71
20 71
16 71
3 71
38 71
69 71
22 78
12 22
22 32
13 22
22 71
22 59
37 41
20 37
16 37
3 37
37 38
37 69
22 37
23 78
12 23
23 32
23 59
23 71
13 23
23 37
41 45
20 45
16 45
3 45
38 45
45 69
22 45
23 45
9 12
9 78
9 32
9 13
9 71
9 59
9 37
9 45
11 41
11 20
11 16
3 11
11 38
11 69
11 22
11 23
9 11
4 78
4 12
4 32
4 13
4 59
4 71
4 37
4 45
4 11
5 41
5 20
5 16
3 5
5 38
5 69
5 22
5 23
5 9
4 5
12 64
64 78
32 64
59 64
64 71
13 64
37 64
45 64
11 64
17 41
17 20
16 17
3 17
17 38
17 69
17 22
17 23
9 17
4 17
17 64
8 12
8 78
8 32
8 59
8 71
8 13
8 37
8 11
8 45
22 28
8 28
28 71
11 28
20 30
16 30
3 30
30 38
23 30
20 54
16 54
3 54
38 54
4 54
8 54
54 78
12 54
32 54
54 71
54 59
13 54
37 54
45 54
11 54
30 54
20 31
16 31
3 31
22 31
23 31
31 54
31 71
14 20
14 16
3 14
14 69
14 23
8 14
14 71
14 78
12 14
14 32
13 14
14 59
14 37
24 38
22 24
23 24
24 64
14 24
11 24
24 45
23 46
46 64
46 54
11 46
30 46
12 58
58 78
32 58
13 58
58 59
71 77
14 77
58 77
5 77
18 41
18 20
16 18
3 18
18 38
18 69
18 22
18 23
4 18
8 18
18 71
14 18
18 30
18 46
5 18
12 18
18 78
18 32
13 18
18 59
41 49
20 49
3 49
38 49
9 49
8 49
49 71
11 49
45 49
49 58
18 49
12 49
49 78
32 49
4 7
7 8
7 71
7 14
7 45
7 46
41 75
20 75
16 75
3 75
38 75
69 75
22 75
23 75
9 75
4 75
64 75
8 75
54 75
14 75
45 75
58 75
18 75
12 75
75 78
32 75
13 75
3 61
61 69
23 61
8 61
54 61
45 61
30 61
5 61
61 75
0 61
12 62
62 78
61 62
29 41
20 29
16 29
3 29
29 38
29 69
22 29
23 29
9 29
29 64
29 54
11 29
29 30
29 46
5 29
29 49
29 62
40 62
56 78
12 56
3 63
22 63
4 63
63 64
63 71
14 63
45 63
46 63
5 63
0 63
56 63
40 63
17 63
21 41
20 21
16 21
3 21
21 38
21 69
21 22
21 23
9 21
21 64
21 54
11 21
21 30
21 58
5 21
0 21
21 37
18 27
0 27
27 37
27 40
4 44
44 64
44 54
14 44
30 44
44 46
44 75
44 49
44 62
27 44
37 74
17 74
41 65
20 65
16 65
3 65
38 65
65 69
22 65
23 65
9 65
4 65
64 65
8 65
54 65
11 65
58 65
46 65
65 75
49 65
62 65
56 65
65 74
20 43
16 43
38 43
22 43
23 43
43 64
43 54
11 43
30 43
5 43
18 43
0 43
43 62
27 43
17 43
21 43
43 59
6 37
6 17
3 53
38 53
22 53
8 53
53 71
11 53
30 53
46 53
53 75
49 53
37 53
53 56
17 53
38 42
42 69
4 42
42 64
42 71
11 42
42 45
42 46
18 42
0 42
42 56
27 42
42 53
42 74
39 65
12 39
2 41
2 20
2 3
2 38
2 9
2 64
2 71
2 14
2 45
2 46
2 18
0 2
2 62
2 40
2 17
2 21
2 39
41 68
20 68
16 68
3 68
38 68
68 69
22 68
23 68
9 68
4 68
64 68
8 68
54 68
11 68
30 68
58 68
68 75
37 68
56 68
27 68
17 68
43 68
39 68
4 66
8 66
66 71
14 66
45 66
58 66
18 66
49 66
37 66
27 66
17 66
43 66
66 68
52 71
11 52
30 52
5 52
52 75
0 52
52 56
27 52
17 52
21 52
39 52
47 52
52 61
12 52
7 52
44 52
52 59
41 76
20 76
3 76
22 76
4 76
54 76
71 76
11 76
45 76
58 76
5 76
0 76
37 76
27 76
53 76
21 76
65 76
52 76
26 45
5 26
18 26
26 49
26 37
26 27
17 26
21 26
26 65
26 52
15 75
15 49
15 37
15 40
15 53
15 43
15 65
15 68
15 26
41 50
20 50
16 50
3 50
38 50
50 69
22 50
23 50
4 50
8 50
50 71
11 50
45 50
5 50
50 75
0 50
50 56
27 50
50 53
43 50
50 68
50 52
26 50
44 50
1 30
1 5
1 75
1 49
1 62
1 40
1 74
1 43
1 65
1 52
1 26
1 50
9 55
8 55
55 71
11 55
30 55
46 55
55 75
49 55
55 62
27 55
55 74
21 55
39 55
47 55
25 41
20 25
16 25
3 25
25 38
22 25
23 25
25 64
25 71
11 25
25 45
25 46
5 25
0 25
25 37
25 27
25 53
25 74
25 39
25 68
25 61
24 25
3 67
38 67
9 67
64 67
54 67
11 67
58 67
46 67
5 67
0 67
62 67
40 67
67 74
21 67
39 67
67 68
25 67
19 62
19 27
17 19
19 43
19 68
19 47
19 25
7 19
19 59
35 53
35 74
35 39
35 47
25 35
19 35
35 55
71 73
11 73
30 73
46 73
18 73
0 73
37 73
40 73
53 73
73 74
65 73
47 73
26 73
19 73
55 73
73 76
18 34
34 49
34 56
34 40
34 74
21 34
34 65
34 47
34 52
34 50
24 34
34 73
28 34
34 63
22 72
64 72
54 72
14 72
45 72
58 72
18 72
72 75
62 72
40 72
72 74
21 72
68 72
52 72
26 72
19 72
55 72
57 71
14 57
45 57
57 58
18 57
0 57
57 62
27 57
17 57
43 57
39 57
57 68
26 57
50 57
55 57
31 57
4 79
8 79
54 79
14 79
45 79
58 79
75 79
49 79
37 79
27 79
53 79
43 79
68 79
47 79
26 79
24 79
55 79
57 79
28 79
20 60
16 60
3 60
38 60
4 60
8 60
54 60
14 60
45 60
46 60
18 60
0 60
60 62
40 60
53 60
21 60
60 65
60 68
52 60
50 60
55 60
57 60
13 60
15 60
60 63
29 60
48 71
45 48
30 48
48 58
48 75
48 49
37 48
40 48
17 48
21 48
48 65
47 48
26 48
48 50
48 55
48 78
48 60
48 63
1 48
52 70
19 70
24 70
70 73
28 70
63 70
7 70
67 70
32 70
29 70
33 53
21 33
33 65
33 68
25 33
33 50
24 33
33 73
33 66
33 63
33 72
33 70
33 35
36 41
20 36
16 36
3 36
36 38
36 69
22 36
23 36
9 36
36 64
36 71
11 36
30 36
36 58
5 36
0 36
36 62
36 40
36 53
36 43
36 65
36 68
25 36
36 50
24 36
36 66
28 36
36 60
36 72
36 59
36 48
36 44
33 36
34 36
36 67
36 79
15 36
36 76
15 33
33 79
33 42
6 33
33 77
12 33
48 70
34 70
10 22
10 64
10 71
10 14
10 30
5 10
10 18
0 10
10 62
10 27
10 74
10 21
10 39
10 47
10 25
10 24
10 78
10 73
10 28
20 51
16 51
3 51
51 69
4 51
8 51
51 54
14 51
30 51
5 51
18 51
51 75
51 56
27 51
17 51
51 74
43 51
47 51
51 52
19 51
24 51
51 73
51 66
51 67
7 51
51 63
29 51
32 51
2 51
51 76
10 51
35 51
51 77
31 51
7 10
10 70
10 35
10 61
10 13
10 34
10 67
2 10
10 76
10 77
42 70
6 70
32 48
6 48
48 76
12 48
44 48
42 48
13 48
60 67
42 60
59 60
60 79
44 60
60 72
1 79
72 79
31 79
44 79
34 79
76 79
42 79
67 79
57 72
57 66
57 63
12 57
1 57
6 57
32 57
29 57
57 61
15 57
28 72
72 77
32 72
34 72
59 72
2 72
44 72
35 72
31 34
13 34
32 34
6 34
34 77
42 73
2 73
59 73
35 73
67 73
73 77
28 73
28 35
1 35
31 35
35 61
35 44
32 35
12 35
35 76
19 28
19 42
19 67
19 32
6 19
19 76
19 55
19 77
24 67
7 67
31 67
44 67
12 67
29 67
67 77
25 32
6 25
25 77
2 25
25 29
25 28
25 55
25 78
1 55
55 66
55 78
2 55
6 55
29 55
55 63
1 66
1 12
1 59
1 31
1 2
1 7
1 61
1 29
1 76
13 50
2 50
7 50
31 50
50 78
15 50
50 66
15 24
15 63
7 15
15 59
15 31
15 61
12 15
15 32
15 77
2 15
26 44
13 26
26 63
26 42
12 26
26 66
26 31
26 76
24 76
28 76
59 76
42 76
12 76
32 76
24 52
6 52
32 47
31 47
47 78
42 47
13 47
47 66
7 66
44 66
13 66
66 77
12 66
6 66
61 66
31 66
63 68
68 77
28 68
2 68
29 68
2 28
2 31
2 61
2 13
2 6
2 32
2 12
6 39
39 61
39 44
39 42
13 39
28 39
39 78
42 78
42 63
7 42
42 61
13 42
29 42
12 42
6 53
29 53
31 53
12 53
32 53
13 53
28 53
53 77
6 43
6 63
6 7
6 61
6 13
6 29
6 32
43 65
43 61
43 44
31 43
24 43
43 63
31 65
29 65
59 65
32 65
24 65
65 77
7 65
24 74
61 74
44 74
29 74
32 74
28 74
74 78
21 74
44 78
28 44
7 44
13 44
44 61
44 77
13 27
21 27
27 78
24 27
17 21
12 21
21 63
13 21
7 21
21 77
24 63
59 63
61 63
13 63
24 56
7 56
32 56
56 61
40 56
40 78
12 40
17 40
31 40
29 40
7 40
40 59
40 77
24 29
29 31
29 61
13 29
29 77
29 32
32 62
59 62
24 61
61 78
59 61
0 75
24 75
31 75
7 75
59 75
7 49
7 17
7 78
7 28
7 12
7 13
49 77
13 49
37 49
0 49
28 49
17 49
24 49
18 77
18 28
18 37
37 77
77 78
59 77
31 77
37 58
46 58
17 58
12 46
46 78
32 46
46 59
13 46
28 46
24 46
0 46
5 46
31 46
12 24
24 59
11 14
14 45
5 14
14 17
14 31
0 14
31 45
0 31
31 37
31 78
31 59
0 54
17 54
30 71
11 30
12 30
30 78
30 32
30 59
13 30
30 37
0 30
28 30
5 30
28 37
17 28
28 78
28 32
8 17
5 8
17 45
5 17
17 37
12 17
17 59
17 78
5 64
5 71
5 78
5 12
5 32
5 59
5 13
5 37
11 71
11 78
11 12
11 32
11 13
11 59
11 37
11 45
0 9
45 71
12 45
45 78
32 45
13 45
45 59
37 45
0 23
37 71
12 37
37 78
32 37
13 37
0 22
71 78
12 71
32 71
13 71
59 71
0 71
0 69
0 59
59 78
12 59
13 59
13 38
0 38
13 78
0 3
0 32
32 78
0 16
0 78
12 78
12 20
0 20
0 12
0 41
