80 1580
26 62
62 70
26 50
50 70
48 62
48 50
26 59
59 70
48 59
26 68
68 70
48 68
62 68
59 68
50 68
26 56
56 70
48 56
56 68
26 28
28 48
28 68
28 62
28 50
28 59
28 56
26 43
43 70
43 48
43 68
28 43
5 26
5 70
5 48
5 68
5 28
5 62
5 50
5 59
5 56
5 43
1 26
1 70
1 48
1 68
1 28
1 5
45 68
45 62
45 59
45 50
45 56
43 45
1 45
18 26
18 70
18 48
18 68
18 28
5 18
18 45
18 35
18 50
62 78
59 78
56 78
43 78
1 78
18 78
26 61
61 70
48 61
61 68
28 61
5 61
45 61
35 61
50 61
61 78
60 70
60 68
28 60
5 60
35 60
60 78
60 62
59 60
56 60
43 60
1 60
18 60
60 61
17 26
17 70
17 48
17 68
17 28
5 17
17 45
17 35
17 50
17 78
17 60
10 26
10 70
10 48
10 68
5 10
10 45
10 35
10 50
10 62
10 59
10 56
10 43
1 10
10 18
10 61
22 26
22 70
22 48
22 68
22 28
5 22
22 45
22 35
22 50
22 78
22 60
10 22
0 22
1 22
62 69
59 69
56 69
43 69
61 69
18 69
46 68
5 46
35 46
46 50
10 46
46 69
22 46
14 26
14 70
14 48
14 68
5 14
14 45
14 35
14 50
0 14
1 14
14 22
14 62
14 59
14 56
14 43
7 26
7 70
7 48
7 68
7 28
5 7
7 45
7 35
7 50
7 60
0 7
1 7
7 14
23 60
23 69
22 23
14 23
23 62
23 59
23 56
23 43
25 26
25 70
25 48
25 68
25 28
25 45
25 50
25 60
0 25
1 25
22 25
23 25
9 26
9 70
9 48
9 68
9 28
5 9
9 45
9 35
9 50
9 78
0 9
1 9
9 22
9 14
9 62
9 59
9 56
9 43
9 18
33 68
33 45
33 50
33 60
0 33
1 33
22 33
23 33
9 33
16 50
16 78
16 60
1 16
16 22
26 74
68 74
5 74
45 74
50 74
74 78
10 74
1 74
14 74
62 74
59 74
56 74
43 74
21 35
21 60
10 21
21 69
14 21
21 74
21 23
21 62
21 59
21 56
21 43
52 70
52 68
28 52
5 52
50 52
52 60
10 52
0 52
14 52
52 74
23 52
21 52
52 62
25 52
4 26
4 70
4 48
4 68
4 28
4 5
4 45
4 35
4 50
4 78
0 4
4 69
4 14
4 23
4 9
4 16
4 62
4 25
4 59
4 56
26 76
70 76
48 76
68 76
5 76
45 76
50 76
76 78
60 76
1 76
22 76
14 76
23 76
16 76
62 76
25 76
4 76
56 76
61 76
41 70
41 68
28 41
41 45
41 50
41 78
10 41
1 41
22 41
41 74
23 41
16 41
41 62
25 41
34 50
34 78
10 34
34 69
22 34
34 74
9 34
34 62
10 79
0 79
14 79
74 79
23 79
16 79
59 79
56 79
43 79
35 67
50 67
10 67
0 67
67 69
23 67
9 67
16 67
67 79
46 67
34 67
56 67
55 62
46 55
4 55
55 56
55 59
62 73
73 79
34 73
56 73
55 73
15 28
5 15
15 35
15 50
0 15
1 15
15 69
14 15
15 16
15 62
15 79
15 46
15 34
15 61
15 55
15 59
26 53
53 70
48 53
53 68
28 53
5 53
45 53
35 53
50 53
53 78
0 53
1 53
22 53
14 53
9 53
16 53
53 62
53 79
34 53
53 56
53 55
15 53
27 50
27 78
10 27
27 69
14 27
27 74
9 27
21 27
27 79
25 27
4 27
27 34
26 30
30 70
30 48
30 68
28 30
5 30
30 45
30 35
30 50
30 78
0 30
30 69
22 30
30 74
23 30
21 30
30 62
25 30
4 30
30 61
30 55
30 59
50 54
54 60
10 54
54 69
22 54
54 74
23 54
21 54
54 79
46 54
4 54
54 56
30 54
15 54
52 54
26 77
70 77
48 77
68 77
28 77
5 77
45 77
35 77
50 77
60 77
10 77
0 77
14 77
74 77
16 77
21 77
62 77
46 77
4 77
61 77
55 77
15 77
27 77
0 66
1 66
66 69
66 74
16 66
21 66
66 79
46 66
34 66
61 66
55 66
30 66
52 66
66 77
37 55
15 37
37 41
63 70
63 68
28 63
5 63
35 63
60 63
10 63
1 63
63 69
23 63
9 63
21 63
62 63
46 63
4 63
34 63
55 63
41 63
27 63
18 63
28 57
5 57
50 57
57 60
0 57
1 57
22 57
57 74
9 57
21 57
57 62
25 57
34 57
56 57
30 57
15 57
27 57
57 63
37 57
53 57
57 59
57 73
26 65
65 68
5 65
45 65
50 65
65 78
0 65
1 65
65 69
65 74
16 65
21 65
62 65
25 65
34 65
61 65
30 65
15 65
27 65
63 65
53 65
65 66
57 65
2 26
2 70
2 48
2 68
2 28
2 5
2 45
2 35
2 50
2 78
2 60
2 10
0 2
1 2
2 69
2 74
2 9
2 21
2 62
2 46
2 34
2 61
2 55
2 30
2 27
2 77
2 37
2 53
2 57
2 65
2 76
3 26
3 70
3 48
3 68
3 5
3 45
3 35
3 78
3 60
1 3
3 22
3 14
3 9
3 21
3 62
3 46
3 4
3 34
3 55
3 15
3 27
3 63
3 37
3 66
28 42
42 45
42 50
42 78
42 60
42 69
14 42
23 42
9 42
16 42
42 62
42 46
34 42
42 56
42 61
15 42
41 42
42 52
42 53
5 13
13 35
13 50
13 60
10 13
1 13
13 69
13 23
9 13
13 16
13 79
13 25
13 34
13 61
13 55
13 41
13 27
13 77
13 53
13 42
13 59
2 13
24 70
24 68
24 28
5 24
24 50
24 78
24 60
1 24
22 24
24 74
23 24
16 24
24 62
24 25
24 46
24 61
24 30
15 24
24 27
24 52
24 63
24 42
24 57
2 24
10 20
1 20
20 69
14 20
16 20
20 21
20 62
20 46
4 20
20 56
20 55
15 20
20 27
20 77
20 37
20 66
20 59
20 57
20 24
7 20
9 64
21 64
62 64
46 64
34 64
61 64
55 64
15 64
52 64
64 77
63 64
53 64
59 64
57 64
24 64
57 71
2 71
7 71
33 71
3 71
32 50
32 78
10 32
32 69
14 32
32 74
9 32
32 62
32 79
25 32
4 32
32 56
32 61
32 41
32 52
32 77
32 37
32 66
32 57
2 32
7 32
32 71
26 29
29 70
29 48
29 68
28 29
5 29
29 45
29 35
29 50
29 78
29 60
10 29
0 29
1 29
29 69
29 74
23 29
21 29
29 62
25 29
29 46
29 56
29 55
29 41
27 29
29 77
29 37
29 66
29 59
2 29
22 31
14 31
23 31
16 31
31 62
31 46
4 31
31 56
30 31
15 31
27 31
31 77
31 53
31 42
31 59
28 75
45 75
35 75
50 75
10 75
1 75
22 75
14 75
9 75
16 75
62 75
25 75
4 75
56 75
55 75
41 75
27 75
63 75
53 75
42 75
59 75
31 75
7 75
71 75
64 75
32 75
75 76
39 69
39 74
23 39
21 39
39 62
39 79
39 46
34 39
30 39
15 39
39 52
39 63
37 39
39 53
39 42
31 39
7 39
33 39
29 39
26 49
49 70
48 49
49 68
5 49
45 49
49 50
49 78
10 49
1 49
14 49
49 74
9 49
49 62
49 79
46 49
4 49
49 56
49 55
15 49
41 49
49 52
37 49
49 66
49 59
2 49
7 49
49 71
29 49
32 49
28 44
5 44
44 50
44 78
10 44
1 44
22 44
14 44
23 44
44 62
44 79
25 44
4 44
44 61
30 44
15 44
27 44
44 77
44 53
44 66
42 44
44 57
24 44
7 44
44 64
44 49
44 76
39 44
19 26
19 70
19 48
19 68
19 28
5 19
19 50
19 60
10 19
0 19
19 69
19 74
9 19
19 21
19 79
19 46
19 34
19 61
19 55
19 30
19 52
19 77
19 53
19 66
19 57
2 19
19 24
19 33
19 29
19 32
19 76
19 65
18 19
4 36
36 56
30 36
36 41
27 36
36 52
36 37
36 66
36 57
31 36
24 36
33 36
29 36
20 36
36 76
19 36
47 70
47 68
28 47
45 47
35 47
47 78
0 47
1 47
22 47
47 74
23 47
16 47
47 62
25 47
46 47
47 56
30 47
41 47
27 47
47 77
47 53
47 66
42 47
47 57
31 47
33 47
47 64
20 47
47 49
39 47
19 47
26 38
38 70
38 48
38 68
28 38
5 38
38 45
35 38
38 50
38 78
38 60
10 38
0 38
1 38
22 38
14 38
23 38
21 38
38 79
38 46
4 38
38 56
30 38
15 38
38 41
38 77
37 38
38 53
38 42
2 38
24 38
38 71
38 64
32 38
38 76
12 26
12 70
12 48
12 68
5 12
12 45
12 35
12 50
0 12
1 12
12 22
12 23
9 12
12 16
12 79
12 25
12 34
12 56
12 55
12 41
12 52
12 77
12 37
12 42
12 57
12 31
12 24
7 12
12 71
12 32
12 76
12 18
12 17
3 12
12 13
12 39
12 73
26 72
70 72
48 72
68 72
28 72
5 72
45 72
35 72
50 72
72 78
0 72
1 72
22 72
72 74
16 72
21 72
62 72
46 72
4 72
56 72
61 72
15 72
41 72
52 72
63 72
66 72
59 72
2 72
31 72
71 72
64 72
20 72
72 76
12 72
19 72
72 73
28 40
5 40
40 50
40 60
10 40
1 40
40 69
40 74
16 40
21 40
40 62
25 40
4 40
40 61
40 55
30 40
40 52
40 63
37 40
40 42
40 59
2 40
7 40
33 40
40 64
20 40
40 49
39 40
19 40
26 51
51 70
48 51
51 68
28 51
5 51
45 51
35 51
50 51
51 60
10 51
1 51
51 69
51 74
9 51
21 51
51 79
25 51
4 51
51 56
51 61
30 51
27 51
51 63
51 53
42 51
51 59
31 51
24 51
51 71
51 64
20 51
49 51
12 51
19 51
43 51
26 58
58 70
48 58
58 68
5 58
45 58
50 58
58 78
58 60
58 69
22 58
14 58
9 58
21 58
58 79
25 58
34 58
56 58
58 61
41 58
27 58
52 58
53 58
42 58
58 59
31 58
24 58
33 58
29 58
20 58
49 58
12 58
47 58
51 58
8 30
8 41
8 52
8 77
8 63
8 42
8 59
8 31
7 8
8 33
8 29
8 32
8 49
8 39
8 19
8 40
8 38
8 43
8 13
8 75
8 18
8 58
8 54
8 65
58 72
17 58
58 67
38 58
6 9
6 16
6 79
6 25
6 34
6 56
6 55
6 41
6 27
6 63
6 37
6 66
6 42
2 6
6 24
6 33
6 71
6 20
6 49
6 39
6 73
6 51
6 40
6 72
6 17
6 67
6 58
6 75
6 44
6 54
43 58
44 58
3 51
13 51
40 51
18 51
38 51
44 51
40 54
40 65
11 35
11 78
11 60
0 11
11 22
11 74
9 11
11 21
11 79
11 46
4 11
11 34
11 61
11 15
11 52
11 77
11 37
11 66
11 59
11 57
11 24
11 33
11 64
11 32
11 49
11 39
11 47
11 40
11 67
3 11
11 36
11 75
11 13
11 43
11 17
11 72
17 40
40 44
40 72
44 72
54 72
72 75
17 72
12 54
12 38
38 47
13 38
38 65
38 67
38 54
3 38
38 75
13 47
18 47
36 47
3 47
47 75
47 67
36 73
13 36
36 65
18 36
36 75
36 43
3 36
36 44
19 73
17 19
19 44
44 65
44 67
43 44
39 49
49 65
49 73
43 49
39 76
39 67
39 75
39 43
17 39
73 75
67 75
3 75
31 43
31 54
7 31
31 33
31 73
17 31
29 31
31 76
29 71
29 64
29 76
29 43
29 54
18 29
29 32
29 65
17 29
32 43
3 32
32 73
32 76
32 65
20 32
43 71
17 71
71 76
64 71
64 67
3 64
13 64
20 64
64 73
13 20
17 20
20 54
20 67
18 20
18 24
24 65
13 24
24 54
24 33
13 33
13 76
13 67
3 13
13 18
13 65
42 67
18 42
17 42
42 76
3 42
2 3
3 7
3 76
3 65
3 18
3 54
2 18
2 67
2 73
33 65
65 73
17 65
18 65
43 57
7 57
17 57
17 63
37 63
33 63
63 76
63 73
43 63
54 63
53 63
18 37
33 37
37 59
37 66
37 67
17 37
7 66
59 66
54 66
33 66
66 76
43 66
67 77
43 77
73 77
59 77
53 77
54 77
54 59
33 54
54 76
54 73
17 54
18 54
43 54
18 30
7 30
30 52
27 30
17 30
30 33
27 41
17 27
27 53
18 27
7 27
7 53
53 76
53 73
17 53
15 73
7 15
15 43
15 67
52 73
7 73
43 73
67 73
17 73
33 55
41 55
55 67
41 67
59 67
7 67
33 67
67 76
18 67
34 79
33 79
18 79
17 79
61 79
46 79
25 34
34 59
34 56
34 43
17 34
33 34
34 41
41 61
41 76
17 41
18 41
41 52
41 59
52 76
4 18
4 7
4 52
4 61
52 61
43 52
33 52
52 59
7 52
18 21
21 46
7 21
17 74
18 74
16 74
16 23
16 62
16 59
16 56
16 43
7 16
16 17
16 33
16 25
25 33
33 61
33 59
7 33
9 25
9 61
9 46
25 62
25 59
25 56
25 43
17 25
7 25
7 23
23 61
17 23
7 62
7 56
7 43
7 18
14 61
14 18
14 17
14 46
46 59
46 56
18 46
46 61
43 46
17 69
22 69
22 62
22 59
22 56
22 43
22 61
18 22
10 17
0 10
0 17
17 56
17 43
0 60
0 61
1 61
61 62
59 61
18 61
43 61
0 18
1 18
18 59
18 43
35 45
1 35
1 50
0 1
1 62
1 59
1 56
1 43
35 43
43 50
0 43
43 62
43 56
28 35
35 56
50 56
0 56
56 62
56 59
35 59
50 59
0 59
59 62
35 48
35 50
50 62
35 62
0 62
26 35
0 35
