80 316
1 62
10 62
1 61
10 61
37 62
37 61
0 37
1 69
10 69
50 61
50 69
1 29
62 70
61 70
0 70
69 70
29 70
1 26
10 26
45 61
45 69
26 45
1 22
61 64
64 69
34 61
0 34
1 34
61 63
63 69
34 63
33 34
33 58
33 50
0 32
1 6
6 10
9 62
6 9
9 34
9 22
51 62
51 61
0 51
51 69
51 76
1 11
34 72
11 72
34 44
22 44
21 44
12 21
21 52
17 52
47 62
47 69
26 47
22 47
47 51
42 44
32 42
37 42
10 42
42 47
7 50
7 42
7 52
25 77
40 77
40 42
43 77
32 43
24 55
21 55
52 55
13 34
13 58
13 51
13 32
19 62
0 19
19 34
19 76
19 50
19 21
51 56
34 71
71 76
51 71
71 78
38 71
21 67
39 63
39 72
39 67
50 54
39 54
19 54
5 52
5 67
5 45
51 68
30 68
30 64
36 51
30 36
36 52
36 70
36 53
53 73
15 76
15 22
15 44
15 17
15 20
31 44
21 31
26 46
22 46
44 46
32 46
41 46
31 46
46 53
24 27
27 30
27 78
27 31
8 27
8 60
8 15
8 14
14 63
14 70
14 56
27 46
7 27
10 27
25 46
35 76
11 35
35 50
35 39
57 72
49 57
57 74
49 74
1 74
40 74
36 66
66 74
15 66
66 68
54 66
55 66
63 74
9 49
49 71
49 54
10 49
35 57
12 35
16 43
16 38
16 35
16 18
16 33
16 53
35 46
19 59
12 59
53 59
3 54
3 59
1 59
35 59
35 70
41 64
41 63
31 41
31 71
15 31
31 70
7 15
4 50
4 32
4 20
4 67
4 15
4 37
4 70
4 18
20 68
18 20
18 73
18 45
18 64
2 75
37 75
2 23
48 51
42 48
19 48
23 48
40 48
48 63
48 56
9 65
65 72
2 65
48 65
2 73
2 37
2 55
19 28
13 28
28 73
28 68
28 56
10 28
45 53
25 36
12 36
5 68
60 68
68 71
5 54
5 37
54 63
9 39
38 67
13 67
47 67
9 67
12 38
40 71
64 71
56 78
45 78
19 56
13 56
47 56
13 19
13 60
13 55
40 55
55 72
24 45
24 60
24 32
24 63
21 60
43 60
25 60
60 64
33 43
40 43
9 43
1 43
40 70
64 77
25 32
25 79
25 45
25 64
72 79
7 79
33 79
7 33
1 7
47 52
47 63
37 47
10 47
10 52
12 17
17 45
1 17
17 70
12 64
10 12
44 72
1 44
37 44
9 72
45 72
11 51
11 50
11 37
9 51
1 9
6 32
26 32
32 76
32 33
33 37
1 33
1 58
58 63
58 70
50 58
34 64
22 64
22 45
26 37
26 76
1 76
70 76
10 76
29 50
10 29
10 50
37 69
0 10
0 1
