80 632
48 67
48 76
33 48
33 67
33 76
48 69
33 69
17 67
17 76
17 69
7 48
7 33
7 17
30 67
30 76
30 69
22 48
22 33
17 22
22 30
35 67
35 76
35 69
48 54
33 54
17 54
30 54
35 54
67 71
71 76
69 71
33 36
36 71
48 55
33 55
30 55
11 67
11 76
11 69
48 77
33 77
17 77
11 77
24 67
24 76
17 18
11 18
18 24
12 48
12 33
12 17
12 35
12 55
12 67
12 76
12 18
48 61
33 61
17 61
35 61
55 61
12 61
22 61
10 67
22 44
10 44
39 48
33 39
30 39
11 39
39 55
0 39
22 39
10 39
39 67
39 45
48 70
33 70
17 70
30 70
35 70
11 70
24 70
52 67
52 76
46 52
46 74
22 46
46 77
55 62
12 62
22 62
10 62
62 69
62 70
21 55
21 74
14 24
12 14
14 67
14 76
14 42
15 71
15 74
15 22
15 67
17 73
35 73
55 73
73 74
22 73
15 73
42 73
3 48
3 33
3 17
3 71
3 24
3 12
3 67
3 76
29 48
29 33
17 29
29 71
24 29
0 29
3 29
15 29
29 77
3 9
9 10
9 62
9 70
16 62
9 16
16 18
31 48
31 33
17 31
30 31
31 35
11 31
24 31
12 31
14 31
43 68
67 68
8 24
8 12
3 8
8 68
8 70
8 41
43 47
47 77
39 47
47 69
8 47
34 43
15 34
34 39
1 14
1 68
1 62
1 18
17 58
30 58
52 58
12 58
14 58
15 58
39 58
1 58
33 75
11 75
52 75
74 75
14 75
15 75
70 75
41 75
31 75
13 48
13 33
13 17
11 13
13 55
12 13
13 43
10 13
13 39
13 41
13 75
33 66
66 71
55 66
0 66
43 66
15 66
39 66
9 66
47 66
13 66
29 66
66 73
21 66
62 72
9 72
47 72
66 72
45 72
30 79
71 79
52 79
22 79
14 79
15 79
42 79
70 79
18 79
14 60
10 60
42 60
60 69
18 60
60 67
2 69
2 60
2 46
2 34
33 64
64 71
24 64
64 74
14 64
64 68
42 64
49 64
18 64
31 64
2 64
58 64
8 64
6 55
6 12
6 14
6 10
6 39
6 9
3 25
15 25
25 77
25 49
25 47
6 25
25 67
25 61
25 76
24 38
38 74
38 43
10 38
38 42
38 49
25 38
51 75
51 65
45 51
32 71
0 32
32 43
32 77
32 42
1 32
32 75
32 60
32 36
32 51
7 32
26 60
26 32
26 51
56 58
7 56
23 42
23 41
23 25
23 60
2 23
23 58
48 59
33 59
17 59
59 71
52 59
12 59
43 59
59 68
39 59
49 59
25 59
59 67
2 59
27 59
23 59
19 71
0 19
3 19
15 19
19 42
19 49
19 69
19 31
19 54
19 32
19 23
6 19
57 62
9 57
25 57
57 67
36 57
27 57
51 57
19 57
57 72
38 57
34 57
44 57
19 59
19 64
50 62
49 50
50 75
50 65
36 50
38 78
50 78
61 78
76 78
50 76
28 70
1 28
28 75
28 60
2 28
28 79
27 28
28 29
28 61
28 50
13 28
62 63
1 63
18 63
31 63
54 63
32 63
27 63
28 63
61 63
16 63
53 70
1 53
18 53
53 67
46 53
53 58
53 76
6 53
53 63
29 53
33 40
11 40
40 55
22 40
3 40
15 40
40 77
40 41
40 69
40 65
2 40
40 79
8 40
6 40
40 59
38 40
40 44
40 53
4 43
4 68
4 70
4 49
4 47
4 60
4 46
4 32
4 27
4 6
4 59
4 16
4 53
4 13
24 37
12 37
3 37
37 68
37 70
1 37
18 37
37 66
37 46
7 37
37 76
20 33
20 35
20 52
20 74
20 22
10 20
20 70
20 49
20 69
20 67
20 54
20 79
20 21
20 56
20 73
20 72
20 37
3 5
5 77
5 42
5 9
5 69
5 31
5 54
5 58
5 21
5 20
5 61
5 44
5 73
5 64
37 63
29 37
26 37
37 64
19 50
16 50
34 50
13 50
38 59
26 59
23 51
23 56
23 38
23 76
51 56
34 56
26 56
16 56
26 73
26 64
13 32
38 51
44 51
7 65
58 65
45 65
38 65
44 65
38 45
29 38
25 27
6 66
6 54
6 58
6 8
6 64
2 16
60 79
60 76
36 79
27 79
72 79
44 79
29 79
27 72
29 72
44 72
13 72
31 66
46 66
13 36
8 13
13 73
45 75
54 75
29 75
58 75
45 58
58 73
1 69
1 67
1 34
1 21
34 47
34 67
7 34
21 34
34 61
16 34
44 47
36 47
7 47
46 47
8 67
8 54
7 8
8 21
8 61
68 70
49 68
68 76
31 68
7 68
68 77
31 42
31 69
16 31
27 31
31 54
31 61
7 16
16 76
9 54
9 46
9 29
9 76
29 45
29 76
3 49
3 69
3 77
3 54
49 70
7 49
49 73
44 49
18 73
46 73
21 73
61 73
15 21
15 42
42 67
18 42
14 18
14 43
7 14
43 67
43 76
21 43
43 54
21 62
18 21
21 46
7 21
21 44
46 62
36 62
36 46
7 46
52 74
52 69
67 74
74 76
74 77
22 74
54 74
70 74
36 74
22 70
27 70
27 41
27 36
41 45
41 61
45 54
45 61
44 45
39 54
39 44
39 76
10 61
10 69
61 77
7 12
18 77
18 69
24 77
7 24
67 77
36 77
7 77
11 55
55 67
55 76
55 69
22 55
54 55
36 55
22 36
36 69
36 67
36 54
54 71
22 71
7 71
7 35
22 35
22 67
22 76
7 30
0 69
0 76
67 76
0 67
