80 316
40 76
1 40
25 76
1 25
1 75
40 75
76 79
1 79
75 79
40 49
49 79
64 76
1 64
64 75
49 64
40 54
54 79
25 54
54 64
54 65
34 55
6 34
6 55
6 73
65 73
10 73
17 75
17 49
9 40
1 21
21 75
9 21
9 61
61 62
61 65
13 61
60 68
66 68
34 45
45 66
45 68
1 41
41 75
34 41
30 64
54 67
30 67
41 67
18 20
37 40
8 37
8 66
8 68
8 13
32 65
32 79
37 63
62 63
32 63
4 65
2 4
0 4
4 63
4 21
43 68
41 43
4 43
1 58
58 75
9 58
55 58
58 68
13 58
58 67
5 37
24 39
5 24
24 79
42 76
1 42
42 75
42 49
34 42
24 42
42 65
20 42
42 67
6 42
25 38
1 16
16 75
9 16
16 66
16 41
32 53
20 53
16 53
53 57
27 41
27 53
8 27
27 52
52 70
51 52
45 52
40 77
52 77
31 72
31 70
31 57
31 40
31 79
31 69
69 79
38 44
16 22
22 35
32 71
16 71
67 71
35 71
48 72
26 65
17 26
10 26
26 33
25 26
27 78
43 78
51 78
45 78
26 78
1 36
36 75
36 60
36 62
18 36
17 36
16 36
46 79
25 46
23 68
23 53
10 23
23 46
23 51
1 11
11 49
9 11
11 62
11 55
11 20
11 72
11 43
59 68
13 59
59 72
59 61
12 34
12 55
12 41
12 20
4 12
12 43
12 59
12 22
19 57
12 19
47 67
47 58
21 47
47 79
19 47
7 67
7 70
7 71
7 22
7 42
7 47
3 27
3 4
3 71
3 45
3 19
3 39
15 55
15 53
15 67
15 58
15 48
12 15
15 40
29 48
15 29
29 42
14 32
14 16
10 14
14 43
16 56
56 58
56 64
5 56
14 56
56 63
28 59
5 28
28 64
14 28
5 14
14 29
11 59
22 59
11 23
11 39
11 64
23 42
23 39
36 46
36 71
36 78
36 63
5 36
26 44
26 40
33 48
48 63
48 71
22 44
44 69
52 69
27 79
27 70
6 53
16 51
51 61
38 51
38 42
5 18
5 20
5 10
5 58
43 58
2 79
2 21
2 63
6 63
21 50
50 79
50 64
50 63
32 57
32 41
8 57
6 57
25 57
39 57
8 10
8 45
8 25
8 61
34 37
37 72
55 72
18 72
17 72
6 72
64 72
17 20
20 67
30 41
30 70
25 41
41 45
45 61
21 45
17 66
25 66
17 68
25 68
60 70
60 79
65 70
13 70
40 70
39 70
13 39
6 61
61 64
40 62
21 62
21 55
6 21
21 25
9 17
9 25
17 64
10 17
17 40
10 40
40 73
55 65
55 64
39 65
40 74
64 74
74 79
25 74
34 64
25 49
34 49
25 75
34 40
34 76
34 39
0 39
