80 1264
49 60
60 69
49 70
69 70
29 49
29 69
29 60
29 70
49 58
58 69
29 58
38 60
38 70
38 58
49 59
59 69
29 59
38 59
44 60
44 70
44 58
49 76
69 76
29 76
38 76
44 76
60 76
70 76
58 76
49 72
69 72
29 72
38 72
44 72
72 76
60 78
70 78
58 78
35 49
35 69
29 35
35 38
35 44
35 76
35 78
35 68
11 49
11 29
11 44
11 76
11 68
11 60
11 70
11 58
49 74
69 74
29 74
38 74
44 74
74 76
74 78
68 74
11 74
49 67
29 67
67 76
60 67
67 70
58 67
35 67
15 49
15 69
15 29
15 38
15 44
15 76
15 78
15 68
11 15
15 67
27 49
27 69
27 29
27 38
27 44
27 76
27 78
27 68
11 27
27 60
27 70
27 58
15 27
9 49
9 69
9 29
9 38
9 44
9 76
9 78
9 68
9 11
9 67
9 27
9 15
41 60
41 70
41 58
41 74
35 41
41 72
41 59
9 41
49 77
69 77
29 77
44 77
76 77
77 78
11 77
27 77
41 77
60 77
70 77
58 77
59 77
72 77
9 77
74 77
35 77
71 76
67 71
15 71
71 77
49 51
51 76
51 68
27 51
15 51
51 77
51 60
51 70
51 58
51 74
51 72
35 51
9 51
51 59
20 49
20 76
20 68
20 27
15 20
20 77
20 51
20 70
49 57
29 57
38 57
44 57
57 76
57 78
11 57
27 57
41 57
22 49
22 69
22 29
22 38
22 44
22 76
22 78
22 68
11 22
22 67
22 27
22 60
22 70
22 58
22 72
9 22
22 35
22 59
22 74
49 62
29 62
44 62
62 76
11 62
27 62
15 62
22 62
55 60
55 70
55 58
55 59
39 49
39 69
29 39
38 39
39 44
39 76
39 78
39 68
11 39
39 67
27 39
15 39
39 41
22 39
39 55
9 39
39 57
12 49
12 69
12 29
12 38
12 44
12 76
12 78
12 68
11 12
12 67
12 15
12 22
12 51
9 12
12 57
12 60
12 58
8 49
8 76
8 68
8 27
8 41
8 22
8 55
8 9
5 60
5 58
5 8
19 51
19 70
5 19
12 19
19 62
32 49
32 69
29 32
32 38
32 44
32 76
32 68
27 32
15 32
32 77
32 51
32 70
32 57
12 32
8 32
32 60
32 58
32 72
4 51
4 70
4 5
49 50
50 69
29 50
44 50
50 76
50 78
50 68
11 50
15 50
22 50
50 77
50 70
50 57
50 60
50 58
40 49
40 69
29 40
40 44
40 76
40 78
11 40
40 67
40 41
40 77
40 51
40 70
40 57
40 50
8 40
16 55
9 16
5 16
12 16
8 16
16 60
16 58
25 49
25 69
25 29
25 44
25 76
25 78
11 25
25 67
25 27
25 41
25 51
25 70
5 25
25 50
8 25
16 25
3 51
3 9
3 70
3 12
3 62
3 16
3 60
3 25
46 77
9 46
46 57
5 46
8 46
23 49
23 69
23 29
23 44
23 76
23 78
23 68
23 67
15 23
23 77
23 55
23 70
23 57
8 23
23 62
16 23
23 60
15 31
22 31
31 51
31 70
5 31
31 50
8 31
23 31
3 31
31 60
11 54
54 67
15 54
22 54
54 77
54 70
5 54
50 54
32 54
16 54
31 54
18 49
18 69
18 29
18 38
18 44
18 76
18 78
18 68
11 18
18 67
18 27
18 77
18 51
18 70
18 57
12 18
18 32
16 18
3 18
18 60
49 73
73 76
68 73
27 73
41 73
73 77
55 73
9 73
57 73
50 73
62 73
32 73
13 15
13 22
13 77
9 13
13 70
13 50
8 13
13 16
3 13
13 60
13 40
13 58
14 15
14 41
14 51
14 70
14 57
12 14
8 14
14 23
13 14
14 72
32 33
23 33
31 33
33 72
43 60
43 73
43 46
32 63
23 63
3 63
13 63
43 63
2 70
2 50
2 62
2 32
2 31
2 13
2 43
1 11
1 67
1 15
1 22
1 55
1 9
1 70
1 12
1 62
1 23
1 31
1 13
1 33
1 60
21 51
9 21
21 70
12 21
8 21
21 23
21 31
18 21
1 21
21 35
2 21
27 42
41 42
42 55
9 42
42 70
42 50
42 62
32 42
3 42
13 42
42 43
2 42
24 43
24 35
33 47
35 47
24 47
37 68
27 37
37 41
37 77
37 55
37 70
37 57
37 50
32 37
16 37
3 37
37 72
33 37
1 37
37 39
25 37
45 49
29 45
45 76
45 67
15 45
22 45
45 55
9 45
45 57
8 45
45 62
32 45
3 45
13 45
18 45
35 45
25 45
37 45
15 36
22 36
36 55
9 36
36 57
36 50
36 62
23 36
31 36
13 36
33 36
35 36
36 39
36 37
20 36
36 58
31 53
18 53
33 53
1 53
24 53
42 53
36 53
53 54
34 49
29 34
34 38
34 44
34 76
34 78
11 34
34 67
27 34
34 41
34 77
34 70
34 57
12 34
32 34
16 34
31 34
34 72
34 43
1 34
34 39
34 37
20 34
28 49
28 69
28 29
28 38
28 44
28 76
28 78
28 68
11 28
27 28
15 28
22 28
28 77
28 55
5 28
12 28
28 62
23 28
13 28
18 28
28 33
1 28
2 28
28 42
20 28
28 34
14 28
28 40
19 28
28 71
49 79
67 79
27 79
77 79
51 79
70 79
57 79
50 79
8 79
32 79
31 79
72 79
43 79
2 79
39 79
25 79
20 79
28 79
59 79
10 11
10 27
10 15
10 41
10 55
9 10
10 70
8 10
10 62
10 16
10 31
10 72
10 43
2 10
10 39
10 37
10 20
10 79
10 34
10 19
24 64
37 64
36 64
28 64
10 64
64 71
14 64
59 64
21 64
26 49
26 29
26 68
26 27
15 26
26 41
26 51
26 70
26 57
12 26
26 62
26 32
3 26
26 72
26 33
2 26
25 26
26 42
26 36
26 28
26 53
30 49
29 30
30 68
30 67
15 30
22 30
30 55
30 70
5 30
12 30
30 32
16 30
30 31
30 72
30 33
30 35
30 39
25 30
30 54
28 30
30 53
30 71
48 49
29 48
44 48
48 76
11 48
27 48
15 48
48 77
48 55
9 48
5 48
48 50
32 48
16 48
31 48
48 72
18 48
1 48
39 48
42 48
36 48
48 54
10 48
30 48
48 63
51 65
9 65
5 65
50 65
8 65
32 65
31 65
18 65
1 65
35 65
39 65
25 65
20 65
65 79
34 65
46 65
30 65
59 65
47 65
65 74
4 65
40 65
49 61
29 61
44 61
61 76
61 68
61 67
15 61
41 61
55 61
61 70
5 61
8 61
61 62
23 61
3 61
61 72
18 61
1 61
39 61
37 61
54 61
28 61
53 61
61 71
61 63
61 65
21 61
17 68
17 67
17 41
17 22
17 77
9 17
17 70
17 50
17 62
16 17
13 17
17 18
17 33
2 17
17 25
17 37
17 20
17 79
17 34
10 17
14 17
49 66
29 66
11 66
66 67
15 66
22 66
51 66
66 70
5 66
12 66
32 66
16 66
3 66
66 72
43 66
35 66
24 66
42 66
54 66
28 66
34 66
46 66
14 66
19 66
49 75
29 75
75 76
75 78
11 75
67 75
41 75
22 75
55 75
70 75
5 75
12 75
62 75
23 75
3 75
13 75
43 75
2 75
39 75
25 75
20 75
75 79
53 75
46 75
30 75
66 75
65 75
0 75
7 57
7 50
7 62
7 23
3 7
7 72
7 18
7 35
7 24
7 25
7 54
7 28
7 53
7 46
7 63
7 59
7 60
7 17
7 61
7 74
7 19
7 75
7 64
7 58
45 75
61 75
6 49
6 69
6 29
6 38
6 44
6 76
6 78
6 68
6 11
6 67
6 41
6 22
6 77
6 9
6 57
6 50
6 8
6 16
6 13
6 18
1 6
2 6
6 24
6 37
6 20
6 79
6 53
6 10
6 30
6 66
6 60
0 6
6 74
53 56
46 56
14 56
56 66
21 56
26 56
56 74
56 73
6 56
56 58
47 56
56 61
6 61
6 40
6 75
6 19
47 75
64 75
59 66
0 66
26 66
45 66
17 66
17 65
17 47
17 74
5 52
12 52
52 62
23 52
3 52
52 72
18 52
1 52
25 52
37 52
36 52
52 54
34 52
52 71
14 52
52 59
21 52
17 52
0 52
45 52
19 52
48 52
47 52
40 52
17 48
17 45
17 61
45 61
61 73
48 65
48 60
48 74
48 58
40 48
47 48
48 73
26 30
30 63
30 45
30 40
14 30
30 60
26 63
21 26
26 64
26 47
26 40
26 73
19 26
4 26
45 64
58 64
40 64
19 64
0 10
10 14
10 60
10 74
10 71
4 10
60 79
73 79
63 79
58 79
4 79
74 79
0 28
34 47
34 71
34 63
34 45
21 34
34 59
34 53
46 53
53 73
40 53
53 58
36 40
36 60
36 46
21 36
36 45
4 36
36 63
45 54
45 46
21 45
45 74
4 45
37 58
4 37
37 47
37 74
19 37
20 47
47 54
47 71
14 47
0 47
4 47
4 24
24 42
24 73
19 24
24 60
24 40
24 74
24 25
0 24
24 59
42 46
42 54
0 42
19 42
42 73
21 42
40 42
20 42
42 59
42 60
21 54
21 46
21 63
21 59
21 73
19 21
1 35
1 58
1 74
1 54
0 1
1 2
2 19
2 20
2 39
2 58
2 73
2 60
2 63
39 63
25 63
63 71
4 63
0 63
63 73
58 63
19 43
33 43
43 54
0 43
43 74
4 43
33 60
20 33
33 39
33 71
25 33
33 59
33 40
14 33
14 35
14 39
14 25
14 20
14 46
14 19
14 74
14 59
13 73
13 71
4 13
13 20
13 39
18 73
20 73
71 73
59 73
73 74
4 73
19 73
18 46
18 19
18 35
18 25
18 58
18 54
25 54
54 71
46 54
54 74
4 54
31 35
4 31
31 39
31 72
19 31
23 46
23 71
23 39
20 23
23 58
23 35
0 23
3 46
35 46
39 46
46 59
40 46
46 60
3 20
3 74
0 3
3 59
25 35
25 71
25 74
16 74
16 40
4 16
16 59
16 72
40 72
35 40
40 60
0 40
40 58
50 59
20 50
35 50
50 72
4 50
4 32
4 35
4 60
0 4
4 58
4 19
19 32
19 71
5 62
5 35
5 74
0 5
8 12
8 60
8 58
8 35
8 20
8 59
8 74
12 71
0 12
12 39
12 74
12 62
39 62
39 58
39 71
20 39
55 62
55 57
35 55
9 55
55 74
55 72
62 70
60 62
58 62
62 71
0 62
22 57
0 22
9 57
57 60
57 58
57 59
57 71
57 72
20 57
20 59
0 20
0 51
51 71
70 71
71 72
35 71
0 71
58 71
0 41
9 60
9 70
9 58
0 9
9 74
9 35
27 35
27 72
27 59
27 74
15 60
15 70
15 58
15 59
15 74
15 35
15 72
59 67
67 72
67 74
0 67
72 74
60 74
11 59
11 35
11 72
35 60
35 59
72 78
59 78
68 72
70 72
60 72
0 72
59 72
59 76
68 76
44 59
44 68
59 68
59 70
58 59
59 60
58 68
58 70
58 60
0 58
29 68
68 70
60 70
60 68
0 60
49 68
0 68
