80 1580
16 78
6 78
6 16
26 78
6 26
17 78
6 17
16 17
17 26
47 78
6 47
17 47
61 78
6 61
17 61
16 61
26 61
47 61
53 78
6 53
17 53
53 61
45 78
6 45
17 45
45 61
16 45
45 47
26 45
54 78
6 54
17 54
54 61
45 54
17 73
16 73
47 73
26 73
54 73
22 78
6 22
17 22
22 61
22 45
22 73
16 22
17 57
57 61
45 57
16 57
47 57
26 57
22 57
54 57
53 57
0 57
78 79
6 79
17 79
61 79
45 79
73 79
16 79
57 79
23 78
6 23
17 23
23 61
23 45
23 73
16 23
23 26
23 47
23 54
22 23
23 53
23 79
74 78
6 74
17 74
61 74
45 74
73 74
16 74
57 74
23 74
36 78
6 36
17 36
36 61
36 45
36 73
16 36
36 57
23 36
26 36
36 47
36 54
36 53
22 36
36 74
0 36
64 78
6 64
17 64
61 64
45 64
64 73
16 64
57 64
23 64
36 64
55 78
6 55
17 55
55 61
45 55
55 73
16 55
55 57
23 55
36 55
47 55
26 55
53 55
54 55
22 55
55 64
55 74
55 79
0 55
60 78
6 60
17 60
60 61
45 60
60 73
16 60
57 60
23 60
36 60
55 60
16 62
36 62
26 62
47 62
53 62
54 62
22 62
0 62
62 64
62 79
62 74
35 78
6 35
17 35
35 61
35 45
35 73
16 35
35 57
23 35
35 36
35 55
35 62
18 47
18 26
18 22
18 53
18 54
18 74
18 64
0 18
18 79
18 35
27 78
6 27
17 27
27 61
27 45
27 73
16 27
27 57
23 27
27 36
27 55
27 62
18 27
17 69
61 69
45 69
69 73
16 69
23 69
62 69
47 69
26 69
22 69
53 69
54 69
64 69
69 79
69 74
0 69
27 69
35 69
60 69
33 78
6 33
17 33
33 61
33 45
33 73
16 33
33 57
23 33
33 36
33 55
33 62
18 33
33 69
33 35
19 26
19 47
19 53
19 22
19 54
19 64
0 19
19 74
19 79
19 60
19 33
19 27
24 78
6 24
17 24
24 61
24 45
24 73
16 24
24 57
23 24
24 36
24 55
24 62
18 24
24 69
24 35
19 24
24 74
26 40
40 47
40 53
40 54
22 40
0 40
40 64
40 79
27 40
40 60
33 40
24 40
5 78
5 6
5 17
5 61
5 45
5 73
5 16
5 57
5 23
5 36
5 55
5 62
5 18
5 69
5 35
5 19
5 74
5 40
9 47
9 26
9 53
9 22
9 54
9 64
0 9
9 79
9 27
9 60
9 33
72 78
6 72
17 72
61 72
45 72
72 73
16 72
57 72
23 72
36 72
55 72
62 72
18 72
69 72
35 72
19 72
72 74
40 72
9 72
26 72
17 59
59 73
16 59
36 59
59 62
59 69
59 74
9 59
47 59
53 59
54 59
22 59
59 64
0 59
59 79
16 42
23 42
42 62
35 42
40 42
26 42
42 59
58 78
6 58
17 58
58 61
45 58
58 73
16 58
23 58
55 58
58 69
19 58
26 58
58 59
47 58
53 58
22 58
54 58
0 58
58 64
58 79
34 78
6 34
17 34
34 61
34 45
34 73
16 34
34 57
23 34
34 36
34 55
34 62
34 69
19 34
34 74
26 34
34 58
1 78
1 6
1 17
1 61
1 45
1 16
1 57
1 36
1 18
1 35
1 19
1 26
1 59
1 47
1 53
1 22
1 54
1 79
1 64
0 1
17 32
32 61
32 45
32 73
16 32
23 32
32 36
32 69
32 74
9 32
50 78
6 50
17 50
50 61
45 50
16 50
50 57
36 50
50 62
35 50
50 74
40 50
47 50
50 53
22 50
50 54
50 79
50 64
0 50
50 60
33 50
27 50
18 51
19 51
40 51
26 51
50 51
1 51
17 48
16 48
18 48
35 48
40 48
26 48
48 50
48 58
47 48
22 48
48 53
48 54
66 78
6 66
17 66
61 66
45 66
16 66
57 66
36 66
55 66
35 66
19 66
9 66
59 66
16 41
35 41
41 74
26 41
15 47
15 53
15 22
15 54
15 64
0 15
15 79
15 33
15 27
15 60
6 30
17 30
30 61
16 30
30 57
23 30
30 55
30 35
30 40
15 30
30 50
1 30
30 48
17 31
16 31
31 57
31 36
31 55
31 69
31 40
26 31
15 31
1 31
31 47
22 31
31 54
31 53
25 78
6 25
17 25
25 61
25 45
25 73
16 25
25 57
23 25
25 36
25 55
25 62
18 25
25 69
25 40
9 25
25 50
25 58
25 31
17 29
29 61
29 45
16 29
29 57
29 36
29 62
29 35
29 74
9 29
29 50
1 29
29 48
29 47
29 54
22 29
29 53
17 75
16 75
55 75
35 75
74 75
9 75
50 75
41 75
31 75
29 75
34 75
47 75
60 75
54 75
64 75
53 75
12 48
3 78
3 6
3 17
3 61
3 45
3 73
3 16
3 57
3 23
3 36
3 55
3 35
3 74
3 26
3 50
3 58
3 48
3 31
3 47
3 79
39 41
3 39
19 71
40 71
59 71
58 71
48 71
29 71
47 71
39 71
12 71
33 71
42 71
22 71
6 44
17 44
44 61
44 45
44 73
16 44
44 57
36 44
44 62
35 44
19 44
40 44
15 44
44 58
31 44
3 44
44 71
44 47
44 60
44 54
44 64
30 44
22 44
7 62
7 35
7 74
7 26
7 50
1 7
7 41
3 7
7 71
7 47
68 71
47 68
66 68
17 63
16 63
23 63
36 63
18 63
35 63
63 74
26 63
50 63
58 63
48 63
29 63
63 71
13 19
13 26
13 58
1 13
13 48
13 31
13 34
13 47
12 13
5 13
19 76
40 76
59 76
41 76
48 76
29 76
34 76
13 76
60 76
0 76
64 76
30 76
22 76
17 49
16 49
49 62
49 69
40 49
26 49
49 50
49 58
48 49
3 49
49 71
47 49
49 68
49 54
49 64
49 75
22 49
49 63
49 76
7 49
49 51
49 66
8 62
8 35
8 74
8 26
8 59
1 8
8 31
8 29
8 34
8 13
8 60
0 8
8 64
8 30
8 22
8 49
8 76
5 8
28 74
26 28
28 59
28 41
28 31
28 29
28 71
13 28
28 68
28 54
11 17
11 73
11 16
11 36
11 62
11 69
11 74
11 26
11 50
11 41
11 31
11 29
11 34
11 13
11 68
11 54
11 72
11 27
11 66
11 63
2 78
2 6
2 17
2 61
2 45
2 73
2 16
2 57
2 23
2 36
2 55
2 62
2 18
2 69
2 74
2 9
2 59
1 2
2 31
2 3
2 71
2 47
2 68
0 2
2 11
2 30
20 78
6 20
17 20
20 61
20 45
20 73
16 20
20 36
20 55
20 35
20 74
20 26
20 59
20 58
20 48
3 20
20 34
13 20
20 60
20 54
11 20
20 30
12 20
37 78
6 37
17 37
37 61
37 45
16 37
37 57
36 37
37 55
35 37
37 74
26 37
37 59
37 58
37 48
3 37
34 37
13 37
37 68
37 54
11 37
37 75
20 37
7 37
10 17
10 73
10 16
10 36
10 55
10 69
10 19
9 10
10 59
10 58
10 48
10 31
10 34
10 47
10 68
0 10
10 11
10 30
10 22
10 49
56 78
6 56
17 56
56 61
45 56
56 73
16 56
56 57
23 56
36 56
55 56
56 69
19 56
26 56
56 58
1 56
48 56
31 56
34 56
47 56
56 60
54 56
56 64
56 75
20 56
7 56
10 56
5 56
44 56
28 56
51 56
56 72
8 56
70 78
6 70
17 70
61 70
45 70
70 73
16 70
57 70
23 70
36 70
55 70
62 70
18 70
69 70
40 70
26 70
59 70
1 70
48 70
3 70
34 70
47 70
60 70
0 70
64 70
70 75
22 70
49 70
10 70
5 70
44 70
63 70
70 72
8 70
33 70
4 16
4 36
4 18
4 35
4 40
4 15
4 50
4 58
4 41
4 29
4 34
4 47
4 68
4 54
4 11
4 30
4 22
4 7
4 10
4 32
4 44
4 28
4 51
21 78
6 21
17 21
21 61
21 45
16 21
21 57
21 36
21 55
21 69
21 74
9 21
21 50
21 58
21 31
21 29
21 34
21 47
21 60
21 54
21 64
21 75
20 21
7 21
21 76
21 32
2 21
21 28
21 51
21 66
21 79
21 33
17 67
61 67
45 67
16 67
57 67
23 67
62 67
35 67
67 74
9 67
50 67
41 67
31 67
3 67
67 71
13 67
60 67
0 67
64 67
67 75
20 67
49 67
67 76
32 67
44 67
63 67
51 67
21 67
39 67
67 70
16 46
36 46
18 46
35 46
19 46
9 46
46 59
1 46
41 46
3 46
34 46
46 47
46 68
46 54
46 64
30 46
22 46
46 49
10 46
32 46
44 46
46 63
42 46
46 72
33 46
46 67
46 56
4 46
46 66
17 43
43 61
16 43
23 43
43 62
43 69
43 74
26 43
43 59
43 58
41 43
3 43
34 43
43 47
43 60
0 43
43 64
30 43
20 43
43 49
10 43
43 44
2 43
28 43
42 43
21 43
8 43
43 70
24 43
43 56
43 46
16 52
36 52
52 55
35 52
52 74
26 52
52 59
52 58
48 52
29 52
34 52
13 52
52 68
52 54
11 52
52 75
22 52
7 52
32 52
5 52
28 52
52 63
52 72
8 52
39 52
33 52
24 52
4 52
52 66
14 17
14 16
14 55
14 19
14 74
14 26
14 50
1 14
14 48
3 14
14 71
14 47
14 60
0 14
11 14
14 30
14 22
7 14
14 76
14 44
2 14
14 28
14 72
14 21
14 39
14 70
14 24
14 56
14 46
14 52
12 14
14 53
14 43
50 77
1 77
31 77
3 77
71 77
34 77
60 77
54 77
64 77
75 77
22 77
7 77
10 77
32 77
2 77
28 77
42 77
8 77
39 77
70 77
24 77
77 79
66 77
12 77
25 77
14 77
53 77
37 77
27 52
43 52
25 52
65 78
6 65
17 65
61 65
45 65
65 73
16 65
23 65
55 65
35 65
65 74
9 65
50 65
1 65
31 65
29 65
34 65
13 65
65 68
54 65
64 65
30 65
20 65
49 65
65 76
5 65
44 65
63 65
51 65
65 72
39 65
33 65
24 65
56 65
65 79
52 65
25 65
43 65
53 65
18 38
38 69
38 40
26 38
38 59
38 58
38 48
31 38
3 38
13 38
38 60
38 54
11 38
30 38
22 38
38 76
10 38
5 38
2 38
28 38
38 42
21 38
38 39
33 38
38 67
38 56
38 66
12 38
25 38
38 43
38 65
37 38
27 43
46 53
12 46
37 46
24 67
67 79
12 67
4 67
37 67
56 67
21 25
21 53
21 39
4 21
4 39
4 70
4 56
4 79
4 37
4 66
4 27
66 70
70 79
12 70
56 70
27 56
10 37
10 79
10 28
10 51
10 27
10 72
10 42
10 39
2 10
32 37
37 44
37 63
37 51
8 37
37 39
33 37
37 79
25 37
27 37
20 28
20 25
20 27
20 63
20 72
20 39
20 51
20 24
20 66
20 79
2 20
2 7
2 32
2 66
2 39
2 63
2 12
2 79
2 25
2 51
2 42
2 27
11 28
5 11
11 42
11 39
11 79
11 22
11 33
7 11
28 30
7 28
28 32
28 44
8 28
28 63
27 28
25 28
24 28
8 63
8 42
8 72
8 27
8 66
8 25
8 53
24 49
49 72
12 49
27 49
42 49
76 79
53 76
32 76
12 76
33 76
63 76
25 76
44 76
24 76
5 76
13 53
13 64
13 33
13 66
13 39
13 32
13 63
13 22
13 24
13 27
63 68
0 63
30 63
32 63
63 79
33 63
39 63
63 66
51 63
33 68
12 68
32 68
64 68
51 68
54 68
53 68
7 68
24 68
30 68
7 54
7 30
7 22
5 7
7 44
7 33
7 39
7 25
7 32
7 53
32 44
44 72
24 44
44 53
33 44
71 79
60 71
5 71
24 71
51 71
27 71
53 71
66 71
39 60
0 39
30 39
5 39
39 42
39 79
12 39
3 42
3 24
3 54
3 12
3 34
3 53
3 22
3 25
0 12
12 64
12 75
5 12
12 42
12 51
12 72
12 79
12 53
12 27
22 75
5 75
25 75
75 79
27 75
66 75
51 75
24 75
42 75
29 32
29 66
29 33
5 29
29 60
25 29
29 51
0 29
27 29
29 64
25 47
25 60
0 25
25 64
5 25
25 51
25 33
24 25
25 79
25 66
31 64
31 32
0 31
31 79
31 72
30 31
30 34
30 47
0 30
30 64
30 33
30 32
30 72
15 24
15 41
1 41
41 47
41 54
22 41
41 53
41 72
33 41
41 79
41 64
41 66
0 41
24 41
41 42
5 41
41 60
27 41
34 41
48 66
54 66
32 66
5 66
42 66
24 66
27 66
24 48
33 48
48 51
48 72
47 51
0 51
51 64
5 51
42 51
51 53
24 51
51 72
32 50
1 32
32 34
0 32
32 64
22 32
27 32
32 53
32 72
1 34
1 60
1 27
1 5
34 47
34 54
0 34
34 64
34 72
58 60
42 58
42 47
42 60
42 54
22 42
5 42
42 53
42 72
27 42
42 79
33 59
59 72
5 59
27 59
47 72
60 72
54 72
33 72
27 72
24 72
5 9
9 24
5 26
5 60
5 54
5 22
5 79
5 24
5 33
24 26
0 24
24 64
24 33
24 53
33 74
26 33
0 33
22 33
27 33
33 53
27 35
27 74
26 27
27 60
0 27
27 53
18 60
26 35
35 47
35 54
35 53
22 35
35 74
35 79
0 35
35 64
35 60
60 62
60 74
26 60
47 60
22 60
60 79
0 60
64 74
26 64
54 64
53 64
36 79
47 74
26 74
22 74
54 74
53 74
74 79
0 74
0 23
26 79
47 79
0 79
53 79
22 26
0 22
22 53
53 73
0 73
16 54
26 54
47 54
45 53
0 45
16 53
26 53
0 53
0 61
16 47
26 47
0 47
0 17
16 26
0 26
0 6
0 16
0 78
