80 632
39 70
68 70
0 68
39 57
11 70
0 11
11 57
39 55
55 68
19 70
0 19
19 57
19 55
36 39
11 36
36 68
19 36
70 79
0 79
57 79
55 79
36 79
39 43
19 43
11 43
43 68
70 74
0 74
57 74
55 74
36 74
43 74
1 39
1 11
1 19
1 68
0 60
43 60
1 60
17 39
70 76
43 76
17 76
39 77
48 70
0 48
48 55
43 48
48 74
48 77
52 74
52 59
43 64
64 77
18 51
13 68
5 59
5 13
5 48
66 70
0 66
66 74
66 77
51 66
13 66
19 66
66 79
66 76
5 66
46 70
0 46
46 57
38 39
19 38
11 38
38 68
70 71
38 71
71 74
17 71
64 71
16 22
22 79
14 43
14 77
14 59
14 22
14 19
42 70
0 42
42 57
38 42
42 74
42 77
42 64
13 42
42 48
42 66
15 70
0 15
15 57
15 36
15 74
15 17
15 51
15 22
15 52
15 42
47 70
38 47
47 74
47 77
47 64
16 47
19 47
47 66
0 8
8 38
8 74
8 17
8 51
8 13
8 52
8 66
8 47
0 62
38 62
1 62
59 62
62 64
22 62
48 62
53 64
22 53
19 53
53 60
7 19
7 53
35 52
35 53
7 35
30 35
1 37
17 37
37 64
22 37
37 48
37 66
37 47
30 37
37 79
35 37
2 70
0 2
2 55
2 38
2 74
2 77
2 59
2 13
2 19
2 53
25 48
25 29
7 25
25 30
15 25
25 60
8 25
11 25
28 70
28 38
17 28
28 77
28 64
22 28
19 28
28 53
28 47
14 28
40 64
16 40
40 52
40 53
28 40
47 67
18 67
28 56
56 67
65 70
0 65
17 65
59 65
64 65
16 65
19 65
42 65
7 65
65 68
65 75
37 75
7 44
44 68
5 44
5 49
17 20
20 77
20 51
20 22
13 20
20 42
20 28
58 70
43 58
58 74
17 58
58 59
16 58
19 58
58 66
28 58
23 74
23 77
23 59
22 23
19 23
23 66
7 23
23 58
23 79
59 63
16 63
13 63
42 63
30 63
63 67
63 65
37 63
60 63
52 73
42 73
28 73
30 73
65 73
63 73
23 73
9 64
9 22
9 52
9 53
9 47
9 67
9 25
7 54
54 67
5 54
49 54
5 32
32 54
19 27
27 53
7 27
27 68
25 27
27 37
27 76
6 28
6 68
5 6
6 27
6 44
21 44
2 21
69 70
0 69
55 69
43 69
69 74
69 77
51 69
13 69
48 69
29 69
7 69
58 69
5 69
24 69
14 69
21 69
62 69
69 71
45 69
69 73
25 50
24 50
11 50
3 64
3 22
3 48
3 42
3 29
3 68
3 79
3 63
3 11
3 9
51 78
22 78
48 78
53 78
47 78
67 78
5 78
24 78
11 78
3 78
34 52
34 66
29 34
34 68
34 65
34 54
14 34
2 34
34 78
34 40
34 56
4 17
4 77
4 51
4 13
4 52
4 42
4 28
4 58
4 79
4 37
4 44
2 4
4 78
4 20
4 56
4 46
4 34
4 73
18 34
34 73
41 78
41 75
15 41
8 41
5 10
10 54
10 14
10 21
10 41
6 10
10 50
23 26
21 26
26 39
26 40
26 35
48 72
42 72
29 72
67 72
65 72
63 72
27 72
31 70
0 31
31 57
31 55
31 36
31 43
17 31
31 77
31 64
13 31
19 31
31 53
31 47
31 58
5 31
31 54
27 31
9 31
8 31
31 32
20 31
31 35
31 45
31 72
62 72
20 72
61 79
37 61
27 61
21 61
39 61
40 61
61 72
61 76
12 52
12 66
7 12
12 58
12 79
12 54
12 14
9 12
12 78
6 12
12 61
12 50
12 32
12 72
45 61
26 72
32 72
10 26
26 71
33 65
24 33
23 33
3 33
33 78
33 75
8 33
33 50
33 60
10 33
10 45
41 76
56 78
3 75
3 76
3 50
3 39
50 69
40 50
45 50
32 69
18 21
6 21
6 39
6 76
6 35
6 60
27 71
27 32
11 27
15 32
8 32
32 76
54 62
46 54
9 54
9 44
9 56
9 62
9 73
9 15
73 75
35 73
18 73
2 63
8 63
39 63
23 63
18 23
23 60
2 23
23 62
8 23
20 58
58 60
11 58
14 58
2 58
58 68
20 79
20 24
20 44
20 62
20 40
20 45
20 46
24 49
24 40
24 56
44 49
35 49
14 49
49 71
18 49
11 49
15 49
44 75
44 76
14 44
15 75
18 75
56 75
18 65
65 79
56 65
40 65
14 56
35 56
56 60
40 67
67 76
15 67
45 67
11 40
2 40
15 40
28 76
28 79
28 45
25 45
37 45
11 45
45 71
25 62
25 71
2 29
2 37
2 71
2 60
2 46
37 46
14 35
35 39
18 35
7 18
7 60
7 71
53 62
18 53
11 53
30 62
62 68
39 62
46 62
60 62
5 30
8 30
30 46
30 71
8 15
8 46
8 71
11 47
47 68
39 47
46 47
15 47
11 15
15 71
39 42
42 68
14 42
42 79
5 14
14 46
22 48
22 46
22 60
16 39
16 71
16 52
16 76
48 71
66 71
60 71
38 46
17 46
46 59
46 64
46 52
46 66
46 76
46 60
5 68
11 13
13 18
13 19
18 19
18 39
18 76
51 79
51 76
51 64
51 60
19 51
51 68
39 64
52 64
52 68
52 76
19 52
48 52
39 59
59 79
11 59
48 59
48 60
39 48
11 48
68 77
76 77
76 79
17 60
17 19
11 17
1 74
39 74
19 74
68 74
11 74
74 79
43 79
68 79
39 79
11 55
11 39
57 68
39 68
0 39
