80 948
27 68
60 68
59 60
27 58
58 60
68 72
59 72
58 72
56 68
56 60
27 56
56 72
11 68
11 59
11 58
11 56
25 68
25 58
25 27
25 60
11 25
67 68
59 67
58 67
56 67
25 67
27 29
29 60
11 29
29 72
29 67
68 77
59 77
58 77
56 77
25 77
29 77
30 60
27 30
30 72
30 67
11 30
30 77
54 68
54 59
54 58
54 56
25 54
29 54
30 54
15 56
15 30
15 27
15 60
15 67
15 72
11 15
15 77
15 54
16 68
16 59
16 58
16 56
16 25
16 29
16 30
15 16
27 71
60 71
67 71
71 72
11 71
54 71
16 71
71 77
47 68
47 59
47 58
47 56
25 47
29 47
30 47
15 47
47 71
12 27
12 60
12 67
11 12
12 72
12 77
12 47
12 16
12 54
33 68
33 59
33 58
33 56
25 33
29 33
30 33
15 33
33 71
12 33
27 33
4 68
4 59
4 56
4 15
5 27
5 60
5 67
5 72
5 11
5 77
5 16
5 47
5 54
21 68
21 59
21 58
21 56
21 25
21 29
21 30
15 21
21 71
5 21
21 34
24 25
15 24
24 27
24 60
24 67
24 72
11 24
6 68
6 30
6 71
6 24
68 74
59 74
58 74
56 74
25 74
29 74
30 74
15 74
27 74
24 74
61 68
30 61
34 61
24 61
60 61
61 67
11 61
61 72
34 46
46 61
46 74
34 41
24 41
41 74
41 60
41 46
30 35
15 35
27 35
24 35
35 61
35 41
43 68
30 43
43 71
24 43
42 60
11 42
42 67
42 72
21 42
42 43
22 27
22 24
9 60
9 67
9 72
9 11
66 68
59 66
58 66
56 66
25 66
15 66
34 66
4 66
9 66
41 66
14 68
14 59
14 58
14 56
14 25
14 15
14 71
14 27
9 14
14 66
14 43
40 68
40 59
40 58
40 56
25 40
30 40
40 71
27 40
9 40
56 57
57 71
27 57
4 57
57 74
42 57
57 60
43 57
57 72
16 57
13 27
4 13
9 13
13 57
13 43
1 34
1 27
1 61
1 42
1 43
1 22
0 1
20 68
20 59
20 58
20 56
20 25
20 30
15 20
20 71
5 20
4 20
20 61
20 42
20 66
1 20
26 68
26 59
26 58
26 56
25 26
26 29
26 30
15 26
26 71
5 26
26 27
4 26
26 61
26 57
26 66
28 34
24 28
9 28
28 42
68 75
59 75
58 75
56 75
25 75
29 75
30 75
71 75
27 75
4 75
61 75
41 75
66 75
9 17
17 42
17 75
17 45
17 40
11 17
0 17
17 67
17 54
17 35
68 70
59 70
58 70
56 70
25 70
70 71
34 70
4 70
61 70
42 70
66 70
45 70
34 36
24 36
36 61
36 41
36 43
36 45
11 36
19 34
4 19
19 74
19 57
19 75
1 19
19 36
19 60
19 33
19 22
44 68
44 58
44 56
30 44
34 44
27 44
44 74
44 57
43 44
44 73
36 44
44 60
32 61
32 57
32 43
32 45
32 40
11 32
17 48
22 48
47 48
23 68
23 59
23 58
23 56
23 25
15 23
23 34
4 23
23 61
23 41
23 75
23 73
23 36
11 23
23 48
23 28
33 79
22 79
23 79
39 74
39 41
39 75
1 39
39 40
11 39
33 39
7 48
7 28
26 37
11 37
32 37
7 37
16 37
37 72
27 78
4 78
9 78
42 78
75 78
73 78
26 78
17 78
48 78
7 78
37 78
35 78
27 63
24 63
63 74
41 63
63 66
45 63
36 63
60 63
32 63
28 63
37 63
63 77
14 63
63 70
61 65
57 65
43 65
1 65
40 65
11 65
48 65
7 65
44 65
63 65
65 78
9 10
10 41
10 66
10 43
10 36
10 11
10 48
7 10
10 23
10 77
5 50
24 50
50 61
50 57
43 50
50 73
36 50
17 50
33 50
22 50
44 50
39 50
21 50
10 50
31 43
31 73
31 36
31 40
17 31
7 31
31 35
31 63
31 50
0 31
6 31
16 31
55 68
55 58
55 56
15 55
5 55
4 55
55 74
42 55
55 66
55 73
26 55
55 60
32 55
22 55
37 55
35 55
2 40
2 60
2 32
2 22
2 23
2 39
3 5
3 4
3 74
3 41
3 66
3 73
3 36
3 60
3 33
3 28
3 44
3 39
2 3
3 79
68 69
58 69
25 69
69 71
27 69
61 69
9 69
57 69
69 75
45 69
40 69
11 69
32 69
22 69
37 69
63 69
2 69
10 69
27 53
4 53
9 53
53 57
53 75
1 53
36 53
17 53
33 53
44 53
37 53
53 63
50 53
53 79
6 53
20 53
53 54
47 53
5 64
4 64
64 74
57 64
64 75
1 64
26 64
40 64
33 64
28 64
44 64
64 77
64 78
5 52
27 52
52 74
52 57
43 52
45 52
26 52
52 60
32 52
7 52
44 52
52 63
2 52
46 52
14 52
52 64
52 55
75 76
73 76
45 76
11 76
33 76
22 76
23 76
76 77
76 78
52 76
6 76
65 76
21 76
20 76
55 76
67 76
70 76
14 76
8 25
8 71
8 27
8 24
8 74
8 41
8 75
1 8
8 36
8 60
8 32
8 22
8 37
8 77
2 8
8 52
8 79
8 65
8 31
51 75
45 51
26 51
17 51
48 51
28 51
44 51
39 51
51 78
51 52
51 53
51 65
8 51
51 70
20 51
19 51
13 51
38 66
1 38
26 38
38 60
32 38
28 38
23 38
38 39
38 50
0 38
38 79
16 38
38 55
8 38
3 38
38 46
38 51
9 62
41 62
62 75
45 62
26 62
60 62
17 62
7 62
23 62
39 62
62 78
62 79
62 69
16 62
31 62
62 70
20 62
62 72
62 64
38 62
8 46
8 72
8 13
18 44
18 77
2 18
18 52
6 18
16 18
14 18
2 49
49 79
49 69
16 49
14 49
18 49
3 49
19 49
47 49
21 49
18 47
18 19
18 21
18 67
19 52
53 64
16 64
31 64
64 70
20 64
46 64
47 64
53 69
53 65
67 69
69 70
13 69
46 69
3 69
3 54
3 55
3 70
3 67
3 46
2 55
2 20
2 70
2 16
6 55
54 55
19 55
31 55
55 72
20 31
31 47
0 50
50 79
50 72
14 50
47 50
0 10
10 47
10 72
10 79
10 21
6 10
10 65
10 67
65 70
13 65
14 65
54 65
6 63
63 67
63 78
6 78
19 78
13 78
54 78
37 54
20 37
6 37
37 77
7 39
7 35
7 54
7 72
7 46
23 39
35 39
39 72
39 79
0 39
13 39
19 79
72 79
23 46
0 23
23 70
21 23
14 23
32 48
13 48
46 48
21 48
28 48
32 44
32 67
6 32
32 77
20 32
28 44
14 44
13 44
35 44
19 44
19 77
16 19
19 67
13 19
36 60
36 46
36 70
16 36
21 36
17 70
33 70
22 70
0 70
20 70
17 28
16 17
43 75
28 75
72 75
0 75
21 75
28 73
26 28
28 47
28 77
16 28
13 28
20 28
26 73
16 73
11 73
60 73
72 73
13 26
26 33
22 26
20 26
26 35
26 54
14 26
20 40
20 35
0 20
20 72
1 6
1 54
1 35
1 21
1 47
1 13
1 67
13 40
0 13
13 14
13 46
13 21
33 57
21 57
40 57
40 66
40 45
0 40
6 40
40 72
40 67
40 77
33 40
14 45
33 45
45 46
45 77
45 47
11 14
14 33
6 14
14 21
14 46
60 66
46 66
54 66
66 77
66 67
11 66
33 66
9 22
0 9
9 77
22 42
22 43
22 60
22 67
21 22
0 22
6 22
0 42
43 60
16 43
35 43
6 43
43 47
33 35
35 67
35 47
35 54
21 35
16 35
35 77
41 77
6 41
41 47
41 67
41 54
11 41
11 46
46 77
0 46
46 54
54 61
61 74
16 61
60 74
72 74
67 74
11 74
47 74
33 74
6 74
6 60
6 16
6 21
16 24
24 77
21 24
24 47
24 54
11 21
21 67
21 72
4 5
4 27
4 60
4 11
4 67
4 72
4 33
0 4
0 33
33 72
33 54
34 47
27 47
47 60
47 77
47 54
47 67
47 72
16 34
16 27
11 16
0 16
15 34
34 54
27 54
0 54
54 72
54 67
34 77
27 77
11 77
67 77
34 67
27 67
25 72
25 34
11 34
11 27
11 60
34 72
27 72
60 72
34 60
27 60
27 59
34 59
27 34
34 68
0 34
