80 632
17 19
24 67
19 24
17 40
24 40
19 40
5 67
5 40
17 43
24 43
19 43
5 43
6 67
6 40
17 29
24 29
19 29
5 29
6 29
60 67
40 60
17 53
24 53
19 53
5 53
6 53
53 60
24 46
19 46
5 46
46 67
40 46
46 53
24 48
19 48
46 48
32 67
32 40
17 75
24 75
19 75
5 75
60 75
32 75
54 75
20 24
19 20
5 20
20 46
20 21
19 44
44 46
44 54
5 8
5 39
39 46
39 67
39 40
19 47
39 47
18 54
18 67
18 29
2 17
2 24
2 19
2 5
2 60
2 39
2 18
2 21
25 40
3 25
3 40
46 59
39 59
18 59
44 59
25 59
18 34
21 34
29 34
34 50
34 73
62 73
19 27
27 46
27 54
19 33
32 33
19 79
5 79
60 79
39 79
37 79
33 79
17 72
24 72
19 72
5 72
60 72
46 72
54 72
44 72
66 72
29 72
59 72
27 72
35 54
33 35
25 35
35 40
17 78
24 78
19 78
5 78
60 78
46 78
54 78
33 78
16 78
45 47
7 46
7 39
7 18
7 21
7 16
7 45
7 50
19 26
26 39
26 54
26 44
16 26
0 26
26 73
9 17
9 24
9 19
5 9
9 60
9 46
9 37
9 44
9 66
0 9
9 59
9 26
55 56
26 56
35 56
15 55
15 27
15 56
50 77
53 77
35 77
54 70
21 70
29 70
50 70
34 70
16 74
0 74
55 74
48 74
32 76
44 76
66 76
40 76
74 76
26 76
30 78
37 63
44 63
25 63
29 63
55 63
26 63
30 63
63 70
1 20
1 52
31 34
27 31
31 35
17 51
24 51
19 51
5 51
6 51
64 67
40 64
51 64
43 64
51 60
46 51
18 51
33 51
25 51
40 51
51 59
51 53
27 51
51 70
31 51
69 78
51 69
18 68
21 68
29 68
40 68
59 68
53 68
35 68
68 77
12 18
12 44
12 16
12 40
12 55
12 27
12 35
3 12
12 20
29 36
36 50
36 59
26 36
36 56
13 25
13 40
13 34
13 74
13 30
13 62
4 17
4 24
4 19
4 5
4 60
4 32
4 54
4 33
4 16
4 29
4 55
4 74
4 13
4 70
2 61
14 60
14 39
14 18
14 33
14 66
0 14
14 34
14 74
14 56
3 14
14 61
9 14
10 56
10 13
10 68
10 31
17 57
24 57
19 57
5 57
57 60
32 57
37 57
44 57
16 57
45 57
34 57
53 57
35 57
3 57
12 57
57 72
10 57
57 67
2 57
57 62
57 75
57 79
61 71
9 71
10 71
19 22
22 39
22 54
21 22
16 22
22 40
22 50
22 53
22 78
3 22
20 22
9 22
22 43
22 71
22 76
24 42
19 42
42 46
39 42
18 42
21 42
16 42
40 42
34 42
42 74
30 42
42 70
1 42
49 56
3 49
49 68
36 49
8 49
49 67
42 49
23 55
23 74
23 30
23 77
23 61
23 49
18 58
33 58
25 58
50 58
58 73
26 58
27 58
3 58
1 58
31 58
4 58
58 62
8 58
29 41
0 41
41 73
27 41
41 56
41 77
12 41
9 41
41 58
41 52
41 76
41 63
41 75
11 54
11 44
11 29
0 11
11 73
11 26
11 56
11 51
11 61
11 31
11 43
11 48
18 28
28 33
28 29
28 50
28 34
28 74
28 35
28 70
28 61
28 31
28 49
4 28
28 76
11 28
28 63
28 62
11 22
11 41
11 47
23 58
58 76
23 67
23 75
23 47
8 23
15 23
7 49
19 65
39 65
37 65
44 65
25 65
40 65
34 65
65 74
30 65
13 65
65 68
65 72
2 65
15 65
47 65
43 65
65 75
42 65
42 52
22 42
15 42
8 42
42 79
14 22
19 38
38 39
38 54
33 38
25 38
38 45
38 59
38 74
38 78
38 51
20 38
31 38
10 38
38 71
2 38
38 62
38 69
38 47
71 75
14 71
47 71
10 79
10 14
10 48
14 63
14 69
14 79
4 61
43 61
4 9
4 8
4 7
4 67
4 76
13 75
3 13
13 36
2 13
13 79
12 36
36 68
36 75
36 63
9 36
36 48
36 62
9 12
12 76
8 12
12 68
62 68
68 69
15 68
69 72
48 69
67 69
69 76
63 69
43 51
9 51
8 51
20 51
20 31
31 52
31 47
43 52
48 52
52 62
15 52
1 48
1 63
1 79
1 47
43 63
48 63
30 76
30 47
8 30
30 79
70 76
72 76
70 74
35 70
70 72
7 70
70 77
15 77
47 77
62 77
67 77
7 77
15 20
15 47
7 15
2 56
9 56
9 43
26 78
26 43
7 26
26 75
7 78
7 72
2 7
7 75
7 8
45 79
45 78
59 78
43 78
75 78
48 78
3 78
20 78
16 67
16 55
8 16
16 20
16 27
0 55
34 55
55 75
35 55
27 55
55 59
35 53
35 67
35 72
20 72
72 79
2 72
66 79
48 66
29 66
47 66
34 79
27 79
67 79
2 79
37 67
33 37
37 40
27 33
33 48
33 67
33 47
33 40
33 43
0 27
2 27
8 27
27 62
8 62
53 73
8 73
34 43
50 59
50 67
2 59
47 59
20 59
3 59
3 53
3 48
3 67
2 25
25 43
25 75
25 53
2 29
2 48
18 47
18 48
47 53
29 39
8 39
39 43
8 32
8 44
8 40
20 44
29 44
44 53
0 44
20 40
20 53
20 75
21 43
21 75
0 75
32 53
32 48
0 48
48 53
29 46
43 46
53 54
0 53
53 67
29 60
0 29
29 40
6 43
0 43
43 67
19 67
17 67
54 67
0 67
0 54
