80 1580
51 63
33 63
51 55
33 55
1 51
1 33
1 63
1 55
51 73
33 73
1 73
51 74
33 74
1 74
63 74
55 74
38 51
33 38
1 38
38 74
51 77
33 77
1 77
74 77
63 77
55 77
38 77
73 77
49 51
33 49
1 49
49 74
49 77
49 73
1 62
62 74
62 77
62 73
62 63
55 62
38 62
49 62
14 51
14 33
1 14
14 74
14 77
14 73
14 62
39 51
33 39
1 39
39 74
39 77
39 73
39 62
39 63
39 55
38 39
39 49
24 51
24 33
1 24
24 74
24 77
24 73
24 62
24 39
24 55
33 71
1 71
71 74
71 77
71 73
62 71
39 71
55 71
63 71
38 71
49 71
24 71
31 51
31 33
1 31
31 74
31 77
31 73
31 62
31 39
31 55
31 71
33 42
1 42
42 74
42 77
42 73
42 62
39 42
42 55
42 71
42 63
38 42
42 49
24 42
31 42
51 54
33 54
1 54
54 74
54 77
54 73
54 62
39 54
54 55
54 71
42 54
71 75
63 75
38 75
49 75
14 75
54 75
31 75
24 75
51 76
33 76
1 76
74 76
76 77
73 76
62 76
39 76
55 76
71 76
42 76
75 76
38 76
33 52
1 52
52 74
52 77
52 73
52 62
39 52
52 55
52 71
42 52
52 63
49 52
14 52
52 54
24 52
31 52
51 64
33 64
1 64
64 74
64 77
64 73
62 64
39 64
55 64
64 71
42 64
64 75
38 64
52 64
33 35
1 35
35 74
35 77
35 73
35 62
35 39
35 55
35 71
35 75
35 38
35 63
35 49
24 35
31 35
35 54
14 35
19 51
19 33
1 19
19 74
19 77
19 73
19 62
19 39
19 55
19 71
19 42
19 75
19 38
19 52
19 35
44 63
44 49
14 44
44 54
24 44
31 44
51 58
33 58
1 58
58 74
58 77
58 73
58 62
39 58
55 58
58 71
42 58
58 75
38 58
52 58
35 58
44 58
5 33
1 5
5 74
5 77
5 73
5 62
5 39
5 55
5 71
5 42
5 75
5 38
5 52
5 63
5 49
5 54
5 14
5 24
5 31
5 64
28 51
28 33
1 28
28 74
28 77
28 73
28 62
28 39
28 55
28 71
28 42
28 75
28 38
28 52
28 35
28 44
5 28
20 33
1 20
20 74
20 77
20 73
20 39
20 55
20 75
20 38
20 35
20 63
20 49
20 54
14 20
20 24
20 31
19 20
20 76
20 64
36 51
33 36
1 36
36 74
36 77
36 73
36 62
36 39
36 55
36 71
36 42
36 75
36 38
36 52
35 36
36 44
5 36
20 36
1 17
17 74
17 55
17 75
17 38
17 35
17 20
17 63
17 49
14 17
17 31
17 54
17 24
17 76
27 51
27 33
1 27
27 74
27 77
27 73
27 62
27 39
27 55
27 71
27 42
27 75
27 38
27 52
27 35
27 44
17 27
15 63
15 49
14 15
15 54
15 24
15 31
1 61
61 74
61 77
61 73
55 61
42 61
38 61
44 61
17 61
15 61
30 63
30 49
30 31
14 30
30 54
24 30
33 72
1 72
72 74
72 77
72 73
62 72
39 72
55 72
71 72
72 75
38 72
44 72
17 72
15 72
30 72
38 70
35 70
17 70
33 57
1 57
57 74
57 77
57 73
57 62
39 57
55 57
57 71
42 57
38 57
52 57
5 57
57 63
49 57
14 57
31 57
54 57
24 57
0 57
50 74
50 73
50 55
42 50
50 52
44 50
20 50
50 57
30 50
50 61
50 63
49 50
1 65
65 74
65 77
65 73
39 65
42 65
38 65
35 65
5 65
15 65
30 65
31 65
50 65
49 65
12 51
12 33
1 12
12 74
12 77
12 73
12 62
12 39
12 55
12 71
12 42
12 75
12 38
12 52
12 35
12 44
12 20
12 57
12 61
12 70
12 50
1 6
6 77
6 55
6 75
6 52
6 35
6 17
6 15
6 61
6 70
6 49
1 16
16 74
16 77
16 73
16 55
16 75
16 38
16 35
16 20
16 57
16 61
16 70
16 49
16 63
32 73
32 42
32 38
5 32
20 32
15 32
30 32
31 32
32 49
16 32
24 32
32 54
27 32
7 52
7 35
7 20
7 57
7 30
7 31
7 49
7 16
47 55
47 75
38 47
44 47
5 47
15 47
30 47
47 70
47 50
16 47
47 63
55 56
56 75
38 56
35 56
5 56
17 56
56 61
56 70
49 56
47 56
12 56
13 39
13 42
13 38
5 13
13 20
13 15
13 61
13 70
13 49
13 16
13 47
13 54
13 63
13 58
10 33
1 10
10 74
10 77
10 73
10 62
10 39
10 55
10 71
10 42
10 75
10 38
10 52
10 35
5 10
10 17
10 57
10 70
10 50
6 10
10 12
10 13
18 33
1 18
18 74
18 77
18 73
18 62
18 39
18 55
18 71
18 42
18 38
18 44
5 18
18 57
18 61
18 31
18 50
16 18
12 18
18 54
13 18
18 63
8 49
8 16
8 47
8 24
8 18
7 8
2 55
2 42
2 52
2 44
2 20
2 57
2 30
2 70
2 49
2 6
2 47
2 24
2 27
2 7
2 63
2 41
33 43
1 43
43 74
43 77
43 73
43 62
39 43
43 55
43 71
42 43
43 75
38 43
43 52
5 43
20 43
17 43
43 57
31 43
43 50
6 43
43 47
43 54
18 43
14 43
8 43
43 63
1 53
53 74
53 77
53 73
53 55
53 75
52 53
35 53
20 53
17 53
53 57
31 53
49 53
16 53
47 53
24 53
13 53
18 53
14 53
43 53
19 53
28 53
33 67
1 67
67 74
67 77
67 73
39 67
55 67
67 75
52 67
35 67
5 67
17 67
61 67
31 67
50 67
6 67
12 67
54 67
27 67
18 67
8 67
43 67
53 67
11 20
11 15
11 30
11 31
11 70
11 16
11 12
11 54
11 13
7 11
2 11
8 11
11 32
11 76
11 72
11 41
50 78
16 78
12 78
54 78
18 78
7 78
2 78
8 78
11 78
56 78
29 33
1 29
29 74
29 77
29 73
29 62
29 39
29 55
29 71
29 42
29 38
5 29
20 29
17 29
29 30
29 70
29 50
6 29
24 29
29 54
13 29
18 29
14 29
29 32
29 53
29 78
29 76
17 37
15 37
30 37
37 70
37 50
16 37
37 47
37 54
13 37
18 37
8 37
32 37
37 53
11 37
37 72
4 74
4 73
4 55
4 38
4 52
4 35
4 20
4 57
4 30
4 70
4 50
4 6
4 47
4 13
4 27
4 7
4 8
4 43
4 53
4 19
4 72
4 37
4 28
4 64
4 29
61 66
31 66
49 66
16 66
12 66
24 66
18 66
14 66
2 66
43 66
11 66
19 66
1 48
48 74
48 77
48 73
39 48
48 55
48 71
42 48
38 48
44 48
17 48
15 48
30 48
48 70
48 49
16 48
47 48
24 48
18 48
7 48
14 48
8 48
11 48
19 48
48 72
48 56
10 48
17 23
15 23
23 57
23 31
23 50
6 23
23 47
23 54
23 27
7 23
2 23
23 43
11 23
19 23
23 48
23 37
57 79
31 79
50 79
16 79
12 79
54 79
27 79
7 79
14 79
43 79
32 79
78 79
72 79
76 79
36 79
33 40
1 40
40 74
40 77
40 73
40 62
39 40
40 55
40 71
40 75
40 52
40 44
20 40
40 57
40 61
40 70
40 50
6 40
40 47
24 40
27 40
7 40
2 40
40 43
40 53
40 78
40 48
40 79
28 40
45 73
45 75
38 45
35 45
5 45
15 45
30 45
31 45
45 49
6 45
45 47
45 54
27 45
18 45
14 45
32 45
11 45
45 78
45 48
45 76
28 45
45 65
1 59
59 73
39 59
59 75
38 59
5 59
20 59
57 59
30 59
31 59
50 59
6 59
12 59
54 59
27 59
18 59
14 59
43 59
53 59
19 59
48 59
37 59
45 59
41 59
59 64
59 67
1 26
26 74
26 77
26 73
26 39
26 55
26 71
26 42
26 38
26 35
17 26
26 57
26 61
26 31
26 50
6 26
26 47
26 54
26 27
7 26
14 26
26 43
26 53
19 26
26 72
26 37
26 79
26 45
26 29
26 67
1 3
3 74
3 77
3 73
3 55
3 42
3 52
3 5
3 20
3 15
3 30
3 70
3 50
3 16
3 47
3 24
3 27
3 14
2 3
3 43
3 53
3 19
3 72
3 76
3 28
3 45
3 29
3 66
3 26
55 60
38 60
52 60
44 60
5 60
15 60
57 60
31 60
49 60
16 60
12 60
24 60
18 60
7 60
14 60
43 60
11 60
60 78
60 72
37 60
60 79
45 60
60 64
60 66
50 68
16 68
47 68
24 68
13 68
14 68
2 68
8 68
11 68
19 68
48 68
68 76
68 79
41 68
67 68
66 68
22 33
1 22
22 74
22 77
22 73
22 62
22 39
22 55
22 71
22 42
22 38
22 44
20 22
22 57
22 61
22 70
22 49
6 22
22 47
22 24
13 22
14 22
2 22
22 32
11 22
19 22
22 48
22 37
22 79
22 41
22 64
22 68
22 26
3 22
22 58
22 23
22 36
0 22
22 56
4 22
25 61
25 31
25 50
16 25
25 47
24 25
18 25
14 25
2 25
25 32
25 53
25 78
25 72
25 76
25 79
25 41
25 64
25 67
25 68
3 25
23 25
33 69
1 69
69 74
69 77
69 73
62 69
39 69
55 69
69 71
42 69
52 69
44 69
5 69
15 69
61 69
69 70
49 69
6 69
47 69
24 69
13 69
18 69
2 69
43 69
53 69
69 78
69 72
37 69
28 69
41 69
64 69
66 69
26 69
59 69
58 69
12 21
21 54
21 27
7 21
2 21
8 21
21 53
21 78
21 76
21 37
21 79
21 45
21 64
21 66
21 68
10 21
21 58
21 65
0 21
33 34
1 34
34 74
34 77
34 73
34 62
34 39
34 55
34 71
34 38
34 52
34 35
20 34
15 34
30 34
34 61
34 49
6 34
12 34
34 54
27 34
7 34
8 34
32 34
11 34
19 34
34 72
34 76
34 79
34 45
34 64
34 66
34 68
34 59
10 34
21 34
34 69
34 63
34 60
25 34
9 39
9 42
9 52
9 35
5 9
9 17
9 61
9 31
9 50
9 16
9 47
9 54
9 13
9 18
9 14
9 43
9 32
9 19
9 72
9 76
9 28
9 64
9 67
9 68
9 26
9 59
9 58
9 21
9 36
0 9
9 34
9 22
9 65
33 46
1 46
46 74
46 77
46 73
46 62
39 46
46 55
46 71
46 75
38 46
44 46
5 46
15 46
30 46
46 70
46 49
16 46
12 46
24 46
27 46
18 46
8 46
32 46
46 53
46 78
46 48
37 46
46 79
45 46
29 46
46 67
26 46
46 59
46 58
23 46
0 46
46 63
46 56
34 46
9 46
40 46
21 69
4 21
21 36
25 69
40 69
63 69
60 69
4 69
25 36
25 63
22 25
25 65
25 40
10 68
60 68
40 68
65 68
0 68
3 60
10 60
23 60
0 60
56 60
4 60
40 60
3 58
3 36
3 10
3 56
3 23
3 63
26 63
4 26
26 56
23 26
26 59
36 59
58 59
59 65
40 59
0 59
29 45
40 45
23 45
45 56
45 64
29 40
40 66
10 40
36 40
0 40
4 40
63 79
29 79
58 79
23 79
23 29
23 67
10 23
23 36
23 56
23 63
48 67
41 48
48 58
48 76
48 66
36 48
37 66
28 66
41 66
64 66
10 66
58 66
56 66
4 66
4 10
4 58
4 63
4 65
28 37
37 56
0 37
29 37
10 37
10 29
0 29
29 56
29 65
29 36
29 63
65 78
28 78
19 78
72 78
36 78
64 78
10 78
10 11
11 63
11 56
11 67
67 76
28 67
41 67
64 67
63 67
0 67
65 67
36 67
53 58
53 64
36 53
53 65
41 43
43 72
36 43
43 64
28 43
19 41
41 76
28 41
36 41
0 41
10 41
41 65
41 63
41 58
2 8
2 65
2 28
2 56
2 32
0 2
2 64
8 63
8 10
8 58
8 36
8 19
8 72
8 32
0 8
10 18
18 36
18 19
7 18
10 14
10 32
10 28
10 63
10 65
13 76
13 56
7 13
13 19
13 27
13 64
13 14
13 28
0 13
27 56
7 56
32 56
28 56
56 58
36 56
56 63
56 65
47 58
7 47
27 47
19 47
7 24
7 63
7 64
0 7
7 76
7 28
7 32
32 63
32 58
19 32
32 65
32 76
0 32
16 76
14 16
6 16
16 19
16 28
6 63
6 36
6 58
6 27
6 54
6 24
6 72
6 64
0 6
6 12
12 63
12 54
12 36
12 64
12 76
12 28
12 72
12 65
12 14
0 12
12 24
54 65
27 65
14 65
65 72
65 76
36 65
0 65
50 54
28 50
0 50
50 76
19 57
57 70
57 76
57 64
28 57
30 70
31 70
63 70
49 70
36 70
70 72
28 70
70 76
27 70
19 70
49 72
24 72
27 72
14 72
64 72
63 72
0 72
28 72
30 61
30 58
30 76
19 30
61 63
49 61
31 61
27 61
54 61
28 61
24 61
14 61
36 61
0 61
61 64
15 36
15 27
15 58
27 49
24 27
27 63
27 76
27 58
27 36
17 64
17 36
17 58
17 19
0 17
17 28
36 49
36 54
28 36
20 58
20 28
24 28
0 28
28 64
5 58
5 76
5 19
0 5
31 58
49 58
14 58
19 58
58 76
58 64
0 58
44 76
19 44
44 64
19 31
19 24
19 76
0 19
19 63
35 76
35 64
0 35
31 64
49 64
54 64
64 76
52 76
0 52
14 76
63 76
0 75
38 54
31 54
24 54
54 63
0 54
14 42
0 42
31 38
31 63
31 49
24 31
0 31
14 31
14 71
0 71
24 38
24 49
24 63
14 24
14 39
0 39
14 55
14 38
14 49
14 63
0 62
49 55
38 49
49 63
0 77
38 73
38 55
38 63
0 38
73 74
0 74
63 73
55 73
0 73
0 1
55 63
0 55
0 33
0 51
