80 948
42 48
8 42
8 22
8 16
16 18
8 18
12 42
12 22
12 16
12 18
8 28
28 48
42 69
22 69
16 69
18 69
28 69
12 69
8 52
48 52
52 69
31 42
22 31
16 31
18 31
28 31
12 31
31 52
12 45
45 69
8 45
45 48
42 58
22 58
16 58
18 58
28 58
12 58
52 58
45 58
26 69
8 26
26 48
26 31
42 78
22 78
16 78
18 78
28 78
12 78
52 78
45 78
26 78
48 77
8 77
69 77
77 78
31 77
58 77
42 50
22 50
16 50
18 50
28 50
12 50
50 52
50 77
48 65
65 69
8 65
16 38
18 38
12 38
38 45
38 65
0 38
69 73
8 73
48 73
58 73
31 73
16 61
18 61
52 61
45 61
61 73
51 52
51 77
51 78
48 51
51 69
8 51
12 74
74 77
65 74
51 74
74 76
10 12
10 77
10 78
10 51
39 42
18 39
39 52
39 45
39 78
39 51
12 17
17 45
17 78
17 51
17 39
10 17
7 16
7 28
7 12
7 45
7 78
7 51
7 39
7 10
16 68
18 68
52 68
45 68
65 68
0 68
39 68
7 68
12 63
45 63
63 78
0 63
39 63
10 63
47 63
36 42
16 36
18 36
28 36
12 36
26 36
36 78
42 46
22 46
16 46
18 46
28 46
12 46
46 52
45 46
26 46
46 77
46 65
0 46
36 46
46 48
8 46
32 65
32 46
32 39
10 32
7 32
32 36
8 32
17 32
24 42
22 24
16 24
18 24
24 28
12 24
24 52
24 45
24 26
24 77
24 78
24 46
24 76
5 42
5 16
5 18
5 28
5 12
5 45
5 65
0 5
5 46
5 76
19 73
0 19
19 76
5 19
19 63
19 36
7 23
23 48
20 42
20 22
16 20
18 20
20 28
12 20
20 52
20 45
20 26
20 77
20 65
0 20
20 76
7 20
6 12
6 77
6 65
6 51
6 39
6 10
6 24
13 16
13 28
12 13
13 26
13 78
13 51
13 76
10 13
6 13
13 53
53 68
53 69
27 42
22 27
16 27
18 27
27 28
12 27
27 52
27 77
27 78
27 51
27 46
5 27
7 27
27 53
27 32
24 27
39 49
5 49
7 49
36 49
8 49
23 43
43 49
39 67
67 76
6 67
36 67
23 67
43 67
49 67
59 65
51 59
46 59
10 59
6 59
36 59
8 59
43 59
49 59
47 59
9 16
9 18
9 12
9 78
9 73
0 9
9 39
5 9
7 9
9 48
9 23
9 43
2 14
2 69
2 61
2 44
38 44
52 57
57 77
57 73
51 57
39 57
10 57
6 57
53 57
8 57
7 75
63 75
8 75
43 75
68 75
54 63
48 54
8 54
54 75
14 54
38 54
65 72
0 72
72 76
5 72
6 72
48 72
8 72
72 75
2 72
14 34
34 59
4 42
4 28
4 52
4 26
4 65
0 4
4 76
4 5
4 7
4 53
4 23
4 43
4 49
4 34
4 20
46 79
10 79
7 79
48 79
8 79
75 79
49 79
1 73
1 51
1 46
1 10
1 6
1 36
1 23
1 24
1 2
16 40
28 40
12 40
40 45
40 65
0 40
39 40
5 40
6 40
40 48
23 40
40 75
1 40
40 59
40 72
14 33
1 33
33 72
2 35
35 38
35 57
33 35
35 58
25 42
18 25
25 45
25 26
25 65
25 51
25 46
5 25
25 63
25 36
8 25
23 25
2 25
1 25
25 57
20 25
25 35
41 42
28 41
12 41
26 41
41 78
41 51
41 46
5 41
7 41
41 53
32 41
41 75
2 41
1 41
41 57
20 41
27 41
25 41
41 58
41 61
42 56
22 56
16 56
18 56
28 56
12 56
52 56
45 56
26 56
56 77
56 78
51 56
39 56
5 56
56 63
36 56
8 56
43 56
14 56
38 56
20 56
56 79
35 56
41 56
71 73
0 71
46 71
7 71
63 71
48 71
8 71
24 71
14 71
1 71
71 72
33 71
27 71
13 71
42 64
22 64
16 64
12 64
52 64
26 64
64 78
51 64
64 76
10 64
63 64
36 64
23 64
43 64
49 64
38 64
20 64
33 64
27 64
41 64
64 71
64 67
70 76
10 70
6 70
48 70
32 70
43 70
1 70
34 70
70 72
70 79
35 70
15 52
15 45
15 78
15 51
15 46
15 76
7 15
15 48
8 15
15 24
14 15
1 15
15 57
15 33
15 27
21 32
21 24
21 49
21 38
20 21
21 79
21 47
21 40
42 55
22 55
16 55
18 55
28 55
12 55
52 55
45 55
55 73
0 55
55 76
10 55
6 55
48 55
23 55
43 55
49 55
55 59
55 72
33 55
21 55
15 55
55 71
32 62
62 75
2 62
34 62
62 72
50 62
47 62
13 62
44 62
58 62
11 42
11 22
11 16
11 18
11 28
11 12
11 52
11 26
11 78
11 46
11 39
7 11
11 63
11 48
11 32
11 24
11 49
11 59
11 72
11 79
11 35
11 15
11 67
11 62
11 25
11 31
11 55
11 74
37 73
0 37
37 39
10 37
6 37
37 48
32 37
24 37
2 37
1 37
34 37
20 37
27 37
13 37
37 71
37 62
37 64
37 40
37 69
37 61
19 37
11 37
11 19
55 62
40 62
29 52
29 45
29 78
29 51
29 46
10 29
29 63
29 48
29 32
24 29
29 75
29 59
29 57
29 50
29 47
21 29
29 71
29 62
29 74
4 29
29 69
42 60
22 60
16 60
18 60
12 60
60 77
60 78
60 65
60 76
10 60
60 63
36 60
32 60
60 75
49 60
34 60
60 72
50 60
35 60
41 60
15 60
29 60
3 6
3 48
3 23
3 24
3 75
3 38
3 57
3 79
3 47
3 15
3 44
3 68
3 4
3 25
3 60
3 9
3 40
30 57
30 50
30 47
21 30
30 67
30 54
3 30
30 40
17 30
30 74
30 56
30 58
60 74
56 60
31 60
60 69
55 60
29 70
19 29
9 62
55 68
19 55
55 58
17 55
17 21
21 68
15 21
4 21
21 31
15 70
15 68
15 40
15 17
67 70
64 70
19 70
52 66
66 78
66 73
0 66
66 76
5 66
7 66
48 66
8 66
24 66
2 66
38 66
20 66
50 66
35 66
13 66
44 66
54 66
64 66
66 70
66 69
61 66
58 66
4 66
40 70
9 70
31 70
61 64
58 64
64 68
56 71
71 74
44 71
9 71
54 56
56 68
17 56
19 56
9 56
41 67
41 54
19 41
25 44
25 54
19 25
17 25
25 68
25 69
9 35
35 61
35 54
33 58
13 33
33 79
17 33
33 40
31 33
13 40
40 74
9 40
1 79
1 17
1 69
1 74
1 13
57 79
27 79
61 79
54 79
4 79
9 79
4 27
4 67
4 31
4 69
4 17
4 9
34 72
27 34
34 50
34 58
13 34
31 34
17 34
72 74
69 72
19 72
54 72
44 54
54 61
17 54
31 54
19 75
57 75
17 75
38 75
14 57
38 57
57 68
57 67
44 57
57 61
20 44
27 44
13 44
44 58
31 44
2 31
2 19
14 68
14 20
14 74
9 14
9 59
9 20
9 13
9 58
58 59
38 59
59 68
50 59
59 67
19 59
50 67
47 67
67 69
61 67
19 67
43 61
43 69
13 43
43 74
31 43
49 58
13 49
47 49
49 50
27 49
20 27
19 27
27 74
27 31
53 74
36 53
17 53
13 23
13 47
13 69
13 74
6 20
6 50
6 61
6 58
6 69
6 48
20 36
20 23
20 24
20 38
20 47
19 23
23 50
23 68
23 58
19 50
5 38
5 24
5 50
5 61
5 8
5 36
5 48
24 36
24 32
17 24
24 47
24 50
24 38
32 47
32 74
32 61
32 38
46 69
46 58
46 61
31 46
36 39
7 36
36 50
36 61
36 38
36 47
47 50
47 68
47 69
17 47
63 74
63 68
8 63
38 63
58 63
31 63
48 63
50 68
58 68
17 68
7 17
7 31
8 39
39 50
39 76
39 58
10 39
10 69
10 74
10 58
50 74
31 74
61 74
51 61
38 61
31 61
61 69
0 73
73 76
0 76
48 76
69 76
38 76
31 76
31 38
58 65
50 65
31 65
0 50
50 69
69 78
48 78
8 78
31 78
58 78
26 58
0 26
8 58
31 45
0 31
8 31
0 69
8 69
12 28
12 48
8 12
0 12
18 48
0 18
0 8
8 48
22 48
16 22
16 48
0 48
16 42
0 16
