80 316
64 66
8 66
2 64
2 8
30 66
2 30
0 30
5 64
5 8
5 30
2 26
0 26
5 26
64 74
2 57
0 57
5 57
57 74
26 33
33 54
5 52
52 74
33 52
18 66
2 18
18 64
8 18
2 35
0 35
18 35
32 64
11 66
2 11
50 64
8 50
11 50
37 50
32 37
33 37
2 24
0 24
44 64
8 44
44 56
42 56
2 67
0 67
18 67
42 67
33 67
18 27
27 32
44 72
42 72
34 72
7 72
34 73
34 48
35 48
25 48
10 25
2 58
0 58
44 58
58 74
30 58
18 41
41 42
41 58
10 41
18 36
36 42
36 58
36 48
36 56
15 44
15 50
15 33
15 68
15 36
8 40
58 61
61 67
36 61
40 61
12 61
20 52
20 26
12 20
19 66
2 19
18 19
19 42
19 34
19 67
19 43
44 59
42 59
34 59
59 68
43 59
8 71
4 71
4 67
4 68
29 43
29 30
9 49
22 44
22 50
22 54
22 67
9 22
22 49
28 36
28 49
22 28
28 37
28 73
15 28
46 54
46 68
8 46
27 46
4 70
0 3
3 74
3 58
3 10
3 8
3 26
3 70
3 56
60 79
64 77
34 76
68 76
8 76
26 76
76 79
76 77
31 43
31 40
30 31
31 76
31 72
9 14
14 29
11 45
1 45
1 40
1 30
1 19
1 24
1 73
26 45
38 45
27 38
19 38
11 38
23 52
23 41
23 38
3 23
23 57
23 37
14 38
52 53
16 71
16 17
16 43
16 27
16 25
16 62
16 57
16 53
53 64
53 55
6 54
6 17
6 59
6 41
6 12
6 72
6 55
6 24
21 58
21 67
21 52
21 59
21 79
21 55
21 72
21 47
25 47
30 69
55 69
20 69
44 75
32 75
54 75
17 75
9 75
26 75
4 75
13 75
60 75
69 75
53 57
13 53
13 14
13 35
9 65
40 65
64 65
65 77
61 65
14 65
14 31
61 76
60 77
22 60
63 79
3 63
11 63
25 63
46 70
56 70
35 46
36 39
26 39
39 46
64 78
15 78
19 78
39 78
39 62
22 39
22 46
9 37
29 49
35 49
19 49
4 29
24 29
4 62
4 24
62 71
48 62
59 62
56 62
15 62
35 59
59 72
27 43
19 20
11 20
12 25
61 73
15 40
15 37
36 41
11 41
41 73
41 56
11 58
58 68
10 68
25 68
25 37
10 48
26 48
48 73
51 73
56 73
51 72
30 72
34 56
27 34
7 27
27 64
27 37
7 57
7 11
7 67
7 8
64 67
42 64
10 56
24 44
24 74
24 54
17 24
24 52
24 35
17 37
17 35
30 50
10 50
11 32
11 57
32 35
35 57
10 18
18 30
10 30
10 52
52 57
54 64
54 57
8 74
26 74
8 30
0 8
8 64
0 64
