80 632
26 78
26 76
39 78
39 76
12 26
12 39
65 78
12 65
65 76
26 54
39 54
54 65
14 78
14 76
12 14
26 66
39 66
65 66
14 66
56 66
26 49
39 49
49 56
49 78
12 49
49 76
26 40
39 40
40 65
14 40
40 56
40 49
40 54
57 78
57 76
12 57
40 57
7 26
7 39
7 65
7 14
7 56
7 49
7 54
7 57
15 78
12 15
15 76
15 40
15 69
15 45
29 45
45 78
26 35
35 49
29 35
35 45
15 63
45 63
36 78
36 63
13 54
13 66
13 36
13 63
17 26
17 39
17 65
17 56
17 49
17 54
17 57
17 29
54 74
29 74
11 15
11 29
11 78
11 28
26 38
38 39
38 56
38 49
70 78
70 76
12 70
38 70
33 65
33 49
33 70
33 66
33 74
33 63
33 40
46 54
45 46
36 46
26 58
58 65
56 58
54 58
15 58
58 66
36 58
58 63
54 61
45 61
11 61
58 61
6 78
18 26
18 39
18 65
14 18
18 56
18 54
6 18
18 66
18 74
18 38
17 18
5 47
5 27
27 47
9 37
37 46
4 37
8 37
11 43
38 43
17 43
43 47
15 68
45 68
36 68
58 68
17 68
34 68
2 36
2 63
44 54
44 66
44 74
23 44
5 44
44 61
44 69
13 44
11 55
38 55
40 55
34 55
55 68
26 59
59 65
56 59
49 59
57 59
29 59
59 74
21 36
21 50
17 21
21 40
4 21
21 59
21 44
15 60
45 60
60 74
60 63
5 60
34 60
60 69
11 25
25 38
23 25
25 61
16 66
16 23
9 16
16 46
16 25
13 16
3 11
3 50
3 40
3 61
3 4
26 71
39 71
56 71
49 71
70 71
29 71
63 71
50 71
40 71
61 71
69 71
22 63
22 50
9 22
22 47
22 68
22 71
22 44
12 22
36 77
58 77
23 77
40 77
68 77
25 77
3 77
22 77
43 77
12 77
26 75
49 75
57 75
45 75
66 75
38 75
9 75
34 75
4 75
8 75
75 76
7 75
5 32
32 34
32 68
13 32
32 75
21 32
54 62
45 62
62 74
58 62
23 62
61 62
4 62
62 71
3 62
69 79
25 79
44 79
68 73
13 73
11 19
19 58
17 19
19 61
19 69
19 71
19 51
19 22
19 37
26 48
39 48
48 65
14 48
48 56
48 54
6 48
29 48
11 48
48 50
40 48
46 48
48 69
25 48
44 48
26 72
39 72
65 72
14 72
49 72
54 72
15 72
29 72
72 74
50 72
40 72
47 72
10 11
10 50
9 10
10 61
1 10
1 59
1 75
1 72
5 64
47 64
64 69
64 71
51 64
64 72
43 64
18 64
48 64
64 73
1 64
28 64
26 42
39 42
42 65
14 42
42 56
42 54
42 70
42 66
36 42
42 58
40 42
42 46
4 42
42 59
3 42
27 42
30 63
30 58
5 30
30 47
10 30
30 71
27 30
30 72
30 62
30 35
30 42
41 70
29 41
36 41
38 41
23 41
41 61
4 41
25 41
8 41
41 79
30 41
41 78
11 52
52 58
40 52
46 52
10 52
25 52
52 75
21 52
32 52
41 52
52 55
19 52
15 53
29 53
36 53
53 63
17 53
46 53
53 69
53 71
44 53
53 79
32 53
48 53
53 67
15 20
20 45
20 74
20 50
20 23
20 34
4 20
20 59
20 75
20 22
20 62
20 60
7 20
20 77
20 53
18 20
33 53
52 53
2 52
16 41
31 74
31 58
17 31
31 34
10 31
25 31
31 51
31 79
31 37
31 41
7 31
28 31
31 77
31 78
41 60
18 30
30 76
12 42
1 42
24 26
24 39
24 65
14 24
24 56
24 49
15 24
24 66
24 36
24 38
5 24
24 61
24 69
13 24
24 75
22 24
24 37
24 42
24 67
2 24
16 24
24 28
7 42
2 42
0 1
1 55
1 33
1 73
10 76
10 33
10 72
7 10
10 78
10 18
59 72
27 72
28 72
43 72
48 72
33 72
12 48
28 48
48 55
19 48
7 19
19 33
19 28
43 51
18 51
51 73
73 79
12 73
73 76
2 73
0 73
62 79
78 79
67 79
12 62
55 62
32 62
7 62
32 60
32 78
2 32
67 75
43 67
60 67
67 77
35 67
35 77
18 22
7 22
3 71
35 71
7 71
3 35
3 16
0 3
3 12
3 27
16 21
16 43
16 76
16 78
2 16
0 25
25 60
25 33
44 60
21 60
0 60
35 60
21 35
21 55
21 37
50 78
0 50
50 59
50 76
5 59
47 59
59 68
55 59
2 59
59 76
0 59
44 55
55 76
55 78
44 78
2 23
2 34
2 69
2 8
2 27
34 69
34 76
28 68
43 68
35 68
12 68
8 43
37 43
33 43
8 12
8 28
8 33
27 37
0 37
37 76
9 46
4 9
0 9
9 78
9 35
4 46
4 13
4 27
13 27
0 27
27 76
28 47
46 47
0 47
18 47
13 18
7 18
18 33
0 18
6 12
5 6
6 76
5 29
5 74
5 38
5 7
5 61
5 12
13 61
12 61
46 58
12 58
40 58
46 78
7 46
33 46
12 33
38 66
11 38
35 38
7 38
17 38
38 69
28 38
17 28
13 28
28 35
11 74
11 12
17 74
74 78
40 74
13 17
17 76
17 40
17 69
13 78
7 36
0 63
63 69
35 63
63 76
35 40
35 78
0 45
12 45
45 66
45 69
15 29
29 78
7 29
29 66
7 66
57 66
0 57
40 66
49 66
49 54
0 49
54 66
66 78
66 76
14 54
54 56
54 78
12 54
54 76
12 56
56 76
0 76
56 78
0 56
