80 948
18 37
7 18
18 41
37 41
7 41
18 30
30 41
26 37
7 26
26 30
11 18
11 41
11 26
37 50
7 50
30 50
18 70
41 70
26 70
50 70
37 73
7 73
30 73
11 73
70 73
16 18
16 41
16 26
16 50
16 73
11 16
18 19
19 41
19 50
19 73
19 37
7 19
19 30
19 70
18 61
41 61
26 61
50 61
61 73
11 61
19 61
28 37
7 28
28 30
28 70
17 18
17 41
17 26
17 50
17 73
11 17
17 19
17 28
37 63
7 63
30 63
63 70
16 63
61 63
17 63
18 21
21 41
21 26
21 50
21 73
11 21
19 21
21 28
21 63
37 57
7 57
30 57
57 70
3 18
3 41
3 50
3 73
3 11
3 57
5 18
5 73
5 19
5 63
5 37
5 7
5 30
5 14
14 70
37 75
7 75
14 75
18 65
41 65
11 65
63 65
32 37
7 32
30 32
32 70
32 61
18 54
41 54
50 54
54 73
11 54
32 54
5 54
0 54
54 75
11 72
63 72
32 72
0 72
5 38
0 38
37 38
7 38
37 40
7 40
30 40
40 51
18 56
41 56
50 56
56 73
11 56
56 63
6 37
6 7
6 30
6 70
18 74
41 74
11 74
63 74
6 74
0 74
18 31
31 41
26 31
31 50
31 73
11 31
19 31
31 57
5 31
31 40
31 75
31 37
31 61
4 31
4 74
4 30
18 79
41 79
11 79
63 79
32 79
70 79
75 79
74 79
7 79
37 79
11 55
32 55
6 55
0 55
55 75
37 47
11 34
28 34
6 34
34 70
34 38
34 47
30 34
34 37
19 58
28 58
5 58
58 70
58 75
58 74
47 58
55 58
10 58
6 67
67 70
67 75
67 72
30 67
37 67
10 67
18 49
41 49
19 49
49 63
5 49
0 49
49 75
49 74
30 49
49 79
6 62
62 70
38 62
62 74
30 62
37 62
10 62
35 62
35 67
3 35
21 35
35 65
18 33
33 41
33 50
33 73
19 33
28 33
6 33
33 40
31 33
33 72
7 33
33 79
38 59
59 74
7 59
37 59
55 59
29 38
29 72
7 29
29 55
29 59
12 18
12 73
11 12
12 28
6 12
12 40
12 75
12 74
12 47
12 79
12 62
18 53
41 53
50 53
53 73
19 53
32 53
5 53
53 70
53 75
53 74
7 53
53 79
53 62
19 48
48 57
32 48
48 70
0 48
48 72
47 48
48 55
10 48
48 53
5 60
0 60
60 75
47 60
30 60
60 79
55 60
60 67
20 60
1 18
1 41
1 26
1 73
1 11
1 63
1 32
1 40
1 38
1 74
1 30
1 55
1 10
1 12
1 60
1 20
1 54
1 21
18 44
41 44
26 44
44 50
44 73
11 44
19 44
44 63
5 44
44 70
38 44
31 44
30 44
44 55
44 59
12 44
15 18
15 41
11 15
15 63
15 32
15 70
0 15
15 31
7 15
15 37
15 59
15 67
18 76
41 76
11 76
63 76
5 76
70 76
38 76
31 76
47 76
55 76
10 76
12 76
15 76
18 69
41 69
26 69
50 69
11 69
19 69
6 69
69 70
0 69
69 72
69 79
55 69
62 69
59 69
15 69
4 69
58 69
11 22
22 63
5 22
22 40
22 38
22 31
22 30
22 55
22 62
22 53
22 60
22 69
55 71
67 71
60 71
44 71
33 71
18 77
41 77
26 77
50 77
73 77
11 77
19 77
32 77
5 77
40 77
75 77
74 77
7 77
55 77
62 77
67 77
60 77
35 77
71 77
20 77
54 77
18 46
41 46
26 46
46 50
46 73
11 46
19 46
28 46
6 46
40 46
31 46
46 72
30 46
37 46
10 46
46 67
46 60
44 46
32 78
40 78
31 78
74 78
7 78
37 78
59 78
67 78
12 78
1 78
60 68
44 68
68 78
20 68
34 68
29 68
61 68
16 68
2 68
8 32
8 70
8 38
8 74
8 30
8 37
8 59
8 67
8 60
8 69
8 44
11 36
19 36
5 36
0 36
31 36
36 74
36 47
36 79
36 62
36 53
36 60
36 69
11 23
19 23
5 23
23 40
0 23
23 72
7 23
23 37
10 23
23 59
23 60
1 23
14 23
20 23
13 38
13 72
13 30
13 37
13 59
13 53
12 13
13 44
13 23
13 20
6 39
39 70
38 39
39 74
39 47
39 79
39 62
39 53
12 39
35 39
23 39
20 39
39 49
39 48
18 45
41 45
45 73
32 45
6 45
45 70
0 45
45 72
30 45
37 45
45 62
45 67
35 45
45 69
45 78
36 45
39 45
45 46
45 61
4 24
19 43
43 57
5 43
40 43
43 75
43 72
7 43
37 43
43 59
43 53
15 43
35 43
43 44
43 78
4 43
29 43
24 43
52 55
52 53
12 52
52 69
44 52
52 78
34 52
43 52
17 52
24 52
38 42
42 74
30 42
37 42
42 62
42 67
42 60
1 42
42 44
42 78
39 42
3 42
42 43
24 42
42 52
18 64
41 64
26 64
64 73
19 64
28 64
5 64
0 64
31 64
47 64
7 64
64 79
59 64
64 67
15 64
35 64
64 78
36 64
34 64
46 64
17 64
24 64
42 64
7 9
9 55
9 59
9 12
9 35
9 69
9 23
4 9
9 39
9 46
9 48
9 58
9 64
9 45
0 25
25 72
25 30
25 79
10 25
12 25
25 60
1 25
25 44
20 25
25 34
25 29
25 43
16 25
2 25
9 25
25 56
25 49
25 45
25 68
9 52
9 76
9 49
45 64
21 64
8 64
22 64
14 42
42 49
27 71
4 27
27 54
3 27
27 61
24 27
27 42
27 65
8 27
21 27
27 52
27 76
42 76
21 52
49 52
19 66
57 66
32 66
0 66
66 75
66 72
47 66
37 66
62 66
53 66
15 66
35 66
66 71
20 66
39 66
46 66
61 66
24 66
66 77
65 66
8 66
13 66
51 66
52 66
22 43
43 61
43 76
16 43
24 48
24 45
22 24
45 56
33 45
45 68
21 39
39 46
34 39
13 39
3 13
13 17
13 58
13 77
13 22
13 56
13 33
13 51
23 65
23 51
23 61
23 48
21 23
23 36
16 23
8 36
36 58
4 36
36 46
36 49
3 36
36 65
34 36
36 61
4 8
8 54
8 48
8 16
2 8
8 56
8 51
2 51
2 56
2 77
65 68
14 68
68 76
4 78
58 78
46 78
48 78
33 78
14 78
29 46
46 77
46 61
33 46
16 46
61 77
58 77
33 77
22 77
65 77
34 71
3 71
49 71
56 71
22 71
29 71
54 71
17 71
4 22
22 54
22 29
21 22
22 51
22 56
51 69
49 69
69 76
33 69
16 69
44 76
20 76
4 76
29 76
17 76
14 76
33 76
15 58
15 61
15 44
15 51
14 15
4 15
15 49
15 17
15 34
1 44
44 56
44 65
1 29
1 3
1 61
1 48
1 17
20 21
20 56
17 20
20 54
29 60
48 60
3 48
48 58
48 65
48 51
33 48
14 48
34 53
21 53
51 53
33 53
4 53
14 53
12 53
12 61
12 29
12 65
12 16
12 54
4 29
29 34
14 29
29 65
17 29
33 59
3 59
16 59
56 59
33 35
33 54
33 58
33 65
14 33
35 56
14 35
34 35
49 62
17 62
54 62
4 62
49 67
3 49
17 49
49 58
21 49
49 51
17 67
54 67
58 67
54 58
3 58
17 58
56 58
10 56
10 61
10 14
10 16
10 34
10 21
3 10
17 34
3 34
16 34
34 61
47 55
7 47
3 47
47 65
30 47
47 54
16 47
55 79
14 55
51 55
55 65
21 79
4 79
3 79
54 79
17 79
4 16
4 51
31 74
30 31
7 31
31 72
3 31
16 31
17 31
37 74
21 74
14 74
51 74
6 61
6 56
6 17
40 56
56 75
56 72
7 56
37 56
54 56
3 56
17 56
3 40
17 40
40 61
0 51
38 51
7 51
37 51
51 54
3 51
16 51
38 72
17 38
3 38
16 38
21 38
37 72
54 72
30 72
61 72
65 72
54 65
14 54
32 65
21 32
65 70
65 75
37 65
16 65
14 65
7 14
14 16
14 21
5 16
5 70
3 5
3 21
16 57
17 57
21 57
21 70
7 21
21 61
16 21
7 17
17 61
16 28
28 61
30 61
37 61
16 19
16 70
16 37
11 70
37 70
7 70
30 70
11 50
11 37
7 11
11 30
0 30
30 37
0 7
7 37
0 37
