80 1580
23 70
63 70
9 23
9 63
50 70
9 50
23 75
63 75
50 75
42 70
9 42
42 75
23 42
42 63
42 50
70 79
9 79
75 79
42 79
23 47
47 63
47 50
47 79
57 70
9 57
57 75
42 57
47 57
5 42
5 47
5 23
5 63
5 50
5 79
52 70
9 52
52 75
42 52
47 52
5 52
42 65
5 65
23 65
63 65
50 65
65 79
52 65
25 70
9 25
25 75
25 42
25 47
5 25
25 65
56 70
9 56
56 75
42 56
47 56
5 56
56 65
23 56
56 63
50 56
56 79
52 56
56 57
12 70
9 12
12 75
12 42
12 47
5 12
12 65
12 56
12 61
0 12
22 65
22 23
22 63
22 50
22 79
12 22
22 57
22 25
49 70
9 49
49 75
42 49
47 49
5 49
49 65
49 56
49 61
0 49
22 49
9 20
20 75
20 42
5 20
20 61
20 22
20 23
20 63
20 50
20 79
20 49
20 57
12 20
20 25
20 52
67 70
9 67
67 75
42 67
47 67
5 67
65 67
56 67
61 67
0 67
22 67
20 67
17 70
9 17
17 75
17 42
17 47
5 17
17 65
17 56
0 17
17 22
17 20
17 23
17 63
17 50
17 79
12 17
17 49
17 57
17 25
17 52
46 70
9 46
46 75
42 46
46 47
5 46
46 65
46 56
46 61
0 46
22 46
20 46
17 46
9 48
48 75
42 48
47 48
48 65
0 48
20 48
23 48
48 63
48 50
48 79
25 48
12 48
48 52
48 57
48 49
68 70
9 68
68 75
42 68
47 68
5 68
65 68
56 68
61 68
0 68
22 68
20 68
17 68
48 68
32 70
9 32
32 75
32 42
32 47
5 32
32 65
0 32
17 32
23 32
32 63
32 50
32 79
12 32
32 57
32 49
25 32
32 52
28 70
9 28
28 75
28 42
28 47
5 28
28 65
28 56
28 61
0 28
22 28
20 28
17 28
28 48
28 32
42 77
5 77
56 77
22 77
17 77
23 77
63 77
50 77
77 79
12 77
25 77
49 77
57 77
52 77
44 70
9 44
44 75
42 44
44 47
5 44
44 65
44 56
44 61
0 44
22 44
20 44
17 44
44 48
32 44
44 77
44 46
3 70
3 9
3 75
3 42
3 47
3 5
3 65
3 56
3 61
0 3
3 22
3 20
3 17
3 48
3 32
3 77
11 70
9 11
11 75
11 42
11 47
5 11
11 65
11 56
11 61
11 22
11 48
11 32
11 46
11 23
11 63
11 50
11 79
11 57
11 12
11 49
11 52
11 25
7 70
7 9
7 75
7 42
7 47
5 7
7 65
7 56
0 7
7 20
7 17
7 48
7 11
3 7
7 12
34 77
3 34
69 70
9 69
69 75
42 69
47 69
5 69
61 69
0 69
20 69
32 69
46 69
3 69
23 69
63 69
50 69
69 79
42 51
20 51
48 51
51 77
11 51
3 51
51 69
34 51
11 41
23 71
63 71
50 71
71 79
12 71
57 71
49 71
52 71
25 71
39 70
9 39
39 75
39 42
39 47
5 39
39 65
39 56
39 61
0 39
22 39
20 39
39 48
39 77
39 46
39 71
12 39
34 39
39 41
9 73
42 73
56 73
0 73
48 73
32 73
46 73
3 73
12 73
34 73
41 73
51 73
23 73
63 73
68 73
21 70
9 21
21 75
21 42
21 47
21 65
21 56
20 21
17 21
21 32
21 46
21 71
12 21
21 34
2 42
2 47
0 2
2 22
2 48
2 32
2 46
2 11
2 69
2 34
2 41
2 23
2 63
2 50
13 42
5 13
13 65
0 13
13 17
13 48
11 13
3 13
12 13
13 34
2 13
13 51
12 30
9 38
38 42
38 56
22 38
17 38
32 38
38 77
38 71
38 69
34 38
23 38
38 63
38 50
6 46
6 71
6 69
6 38
6 41
6 73
0 76
22 76
20 76
76 77
46 76
11 76
12 76
38 76
2 76
73 76
23 76
63 76
42 53
5 53
53 56
22 53
20 53
32 53
11 53
53 71
12 53
38 53
41 53
51 53
53 76
7 53
36 76
36 79
42 78
47 78
65 78
20 78
48 78
77 78
46 78
12 78
69 78
34 78
41 78
51 78
30 78
78 79
23 78
54 70
9 54
54 75
42 54
47 54
5 54
54 65
54 56
54 61
0 54
22 54
20 54
17 54
54 77
46 54
3 54
54 69
34 54
41 54
54 73
30 54
54 78
55 70
9 55
55 75
42 55
47 55
5 55
55 65
55 56
55 61
0 55
22 55
20 55
17 55
48 55
32 55
55 77
46 55
55 71
55 69
34 55
41 55
55 73
30 55
55 79
55 78
23 55
54 55
8 42
8 65
8 61
8 22
8 48
8 32
8 77
3 8
8 69
8 38
8 41
8 73
8 76
8 79
8 55
9 26
26 75
26 42
5 26
0 26
22 26
17 26
26 32
11 26
3 26
12 26
26 38
2 26
26 51
26 76
7 26
26 78
37 76
7 37
37 78
23 37
11 14
14 71
12 14
14 38
2 14
14 51
14 76
7 14
14 36
14 37
9 33
33 75
33 42
33 47
33 65
0 33
17 33
32 33
11 33
33 71
12 33
33 38
33 41
33 51
33 76
33 79
33 78
33 37
23 33
29 78
29 55
29 33
8 29
45 48
45 77
11 45
3 45
45 69
38 45
41 45
45 51
30 45
45 79
45 78
45 55
33 45
8 45
12 62
38 62
2 62
62 73
62 79
7 62
36 62
37 62
26 62
35 70
9 35
35 75
35 42
35 47
5 35
35 65
35 56
35 61
0 35
22 35
20 35
17 35
35 48
32 35
35 77
11 35
35 71
35 69
34 35
2 35
35 73
30 35
7 35
35 36
35 55
33 35
23 35
35 68
10 42
5 10
10 56
10 22
10 20
10 77
10 46
10 71
10 69
10 34
2 10
10 51
10 30
7 10
10 78
10 37
10 33
10 35
10 45
10 25
42 72
65 72
56 72
22 72
48 72
32 72
72 77
71 72
69 72
38 72
41 72
72 73
30 72
72 79
72 78
55 72
33 72
35 72
45 72
31 56
0 31
17 31
31 48
31 46
3 31
31 69
31 34
2 31
31 51
31 76
7 31
31 36
31 55
26 31
8 31
31 45
31 54
24 70
9 24
24 75
24 42
24 47
5 24
24 56
0 24
20 24
24 77
11 24
24 71
12 24
24 34
24 41
24 51
24 30
7 24
24 78
24 37
24 33
8 24
24 45
24 31
24 72
6 24
24 49
24 29
24 54
46 74
3 74
12 74
34 74
41 74
73 74
30 74
74 78
36 74
55 74
33 74
35 74
45 74
31 74
58 77
58 71
58 69
38 58
2 58
51 58
58 76
58 79
36 58
37 58
26 58
8 58
45 58
25 58
14 58
58 63
40 42
40 65
40 56
0 40
20 40
40 48
40 77
40 71
12 40
34 40
40 41
40 73
40 76
7 40
36 40
40 55
33 40
35 40
40 62
25 40
40 58
40 50
28 40
21 40
1 46
1 3
1 69
1 38
1 41
1 51
1 30
1 7
1 78
1 37
1 33
1 35
1 62
1 31
1 72
1 6
1 49
1 21
1 14
1 44
1 40
56 60
22 60
17 60
32 60
46 60
11 60
12 60
34 60
2 60
60 73
60 76
60 79
36 60
37 60
26 60
8 60
60 62
31 60
58 60
6 60
50 60
49 60
1 60
10 60
43 70
9 43
43 75
42 43
43 47
5 43
43 65
43 56
43 61
0 43
22 43
20 43
17 43
43 48
32 43
43 77
11 43
3 43
43 69
34 43
41 43
43 51
43 76
43 79
36 43
43 55
26 43
8 43
43 62
25 43
43 72
6 43
43 50
29 43
1 43
24 43
20 66
32 66
46 66
11 66
66 69
34 66
2 66
51 66
66 76
66 79
66 78
37 66
33 66
8 66
45 66
25 66
58 66
6 66
49 66
21 66
1 66
43 66
17 27
27 77
27 46
3 27
27 69
27 34
2 27
27 73
27 30
7 27
27 78
27 37
26 27
27 35
27 62
25 27
27 72
6 27
27 49
27 29
1 27
10 27
27 66
4 9
4 75
4 42
4 5
4 56
4 22
4 17
4 48
4 11
3 4
4 69
4 38
2 4
4 73
4 30
4 79
4 55
4 37
4 33
4 8
4 45
4 31
4 72
4 6
4 50
4 21
1 4
4 43
4 54
4 13
12 64
38 64
41 64
64 73
64 76
64 79
36 64
37 64
26 64
35 64
62 64
31 64
58 64
50 64
28 64
21 64
29 64
10 64
43 64
4 64
60 64
40 64
11 19
3 19
19 69
19 38
2 19
19 73
19 76
7 19
19 36
19 55
19 33
19 35
19 62
19 25
19 58
19 50
19 28
19 21
1 19
19 24
19 66
19 54
19 60
19 44
19 57
2 15
15 73
15 30
7 15
15 78
15 55
15 33
15 35
15 45
15 31
15 58
15 50
15 28
15 29
15 24
10 15
15 43
4 15
15 27
15 19
9 18
18 75
18 42
18 65
18 56
18 22
17 18
18 32
18 46
12 18
18 69
18 38
18 41
18 73
18 30
7 18
18 78
18 37
18 33
8 18
18 62
18 25
18 72
18 50
18 49
18 29
18 24
10 18
18 54
4 18
18 27
18 40
18 19
18 39
18 74
18 63
59 70
9 59
59 75
42 59
47 59
5 59
59 65
56 59
59 61
0 59
17 59
48 59
46 59
3 59
12 59
34 59
41 59
59 73
59 76
59 79
36 59
55 59
33 59
35 59
45 59
25 59
59 72
6 59
28 59
21 59
29 59
10 59
59 66
27 59
59 60
44 59
18 59
59 74
53 59
59 68
59 64
52 59
14 59
16 20
16 32
16 46
11 16
12 16
16 38
16 41
16 51
16 30
7 16
16 78
16 37
16 26
8 16
16 62
16 25
16 72
6 16
16 28
16 49
16 24
10 16
16 66
16 54
16 27
16 40
16 19
15 16
16 39
16 68
16 57
16 63
16 59
16 67
18 57
15 18
14 18
15 74
14 15
15 52
15 64
15 39
13 15
19 52
19 64
19 68
19 67
23 64
64 68
64 67
52 64
14 64
4 23
4 60
4 68
4 53
4 14
4 40
4 27
27 67
27 63
27 57
27 52
27 53
23 27
40 66
66 74
44 66
53 66
54 66
66 68
13 66
39 66
43 74
43 44
43 53
43 54
14 43
43 52
43 60
43 67
14 60
60 68
60 74
57 60
40 60
13 60
44 60
1 63
1 39
1 57
1 10
1 67
24 40
13 40
40 74
40 63
40 67
39 40
40 68
52 58
58 74
57 58
23 58
6 58
54 58
50 58
49 58
58 67
58 68
50 74
28 74
21 74
24 74
54 74
13 74
53 74
23 74
67 74
63 74
13 24
23 24
24 53
24 68
24 52
24 63
28 31
31 53
31 57
31 63
13 31
23 31
31 44
6 31
31 68
25 31
31 72
29 72
21 72
28 72
39 72
13 72
10 72
44 72
53 72
54 72
49 72
6 10
10 49
10 21
10 67
10 39
10 23
10 14
10 13
10 57
35 54
35 62
6 35
35 63
35 50
35 67
13 35
35 52
25 35
57 62
45 62
62 68
39 62
13 62
62 63
14 62
49 62
21 62
6 62
54 62
44 45
25 45
45 67
45 50
29 45
45 52
28 45
45 53
23 45
25 29
29 50
28 29
29 49
29 39
23 29
29 44
14 29
29 54
29 52
29 68
33 54
33 52
13 33
14 33
33 53
8 33
8 14
14 25
14 50
14 28
14 44
14 23
14 68
14 57
13 14
37 57
26 37
37 39
28 37
37 49
13 37
6 37
37 54
23 26
8 26
26 68
26 50
26 49
26 67
26 57
25 26
26 63
26 39
21 26
26 44
6 26
26 28
8 68
8 21
8 49
8 28
8 23
8 53
8 57
8 44
8 39
25 55
50 55
55 67
44 55
53 55
52 55
55 63
21 55
49 54
54 63
54 57
23 54
44 54
39 54
52 54
50 78
21 78
49 78
36 78
63 78
57 78
23 36
36 68
13 36
36 67
36 44
28 36
36 52
36 53
25 36
36 39
6 36
50 53
28 53
21 53
44 53
23 53
53 68
53 63
52 53
39 53
53 57
30 76
28 76
21 76
67 76
6 76
68 76
57 76
39 76
6 7
6 21
6 68
6 13
6 67
6 28
6 52
6 39
38 68
38 52
38 44
38 67
30 38
38 79
38 49
25 38
2 30
30 73
23 30
30 63
30 44
13 30
30 50
30 79
30 49
7 30
30 52
25 30
7 13
13 28
13 49
13 23
13 39
13 57
13 52
13 67
2 21
2 7
2 79
2 49
2 68
2 44
2 25
2 52
21 73
7 21
21 25
21 49
21 68
21 57
21 63
21 52
21 67
50 73
28 73
39 73
39 79
25 39
28 39
39 44
39 67
39 52
39 57
41 71
41 69
34 41
23 41
41 63
41 50
41 67
41 51
41 57
28 41
23 51
51 63
50 51
51 67
51 57
7 51
49 51
51 52
44 51
51 79
25 51
28 69
67 69
44 69
34 69
23 34
34 63
34 50
34 79
28 34
34 57
7 34
7 79
7 23
7 52
7 63
7 28
7 49
11 68
11 67
3 11
3 23
3 63
3 50
3 79
3 67
3 25
3 68
3 49
3 52
3 44
3 28
3 57
3 12
44 79
44 50
44 49
44 67
44 63
23 44
44 52
28 77
67 77
68 77
46 77
28 46
28 63
28 67
28 57
28 68
32 46
32 67
32 68
12 68
68 79
23 68
63 68
46 48
48 67
23 46
46 63
46 50
46 79
25 46
12 46
46 49
46 52
46 57
17 67
67 79
25 67
23 67
63 67
12 49
25 49
49 50
23 49
49 52
22 52
12 23
12 63
12 50
12 79
12 57
12 25
12 52
25 56
25 61
0 25
25 79
25 52
25 50
57 65
52 61
0 52
52 63
5 57
57 61
0 57
57 79
50 57
23 57
57 63
61 79
0 79
23 79
63 79
50 79
50 61
0 50
50 63
23 50
61 63
0 63
23 61
0 23
0 61
