80 316
71 75
21 71
55 75
21 55
52 71
52 55
52 79
45 75
21 45
45 52
34 71
34 55
34 79
34 45
65 75
21 65
52 65
34 65
1 71
1 55
1 79
1 65
39 75
38 39
2 45
36 75
21 36
0 36
2 36
2 39
2 10
29 55
29 45
28 75
21 28
71 77
55 77
77 79
28 77
39 77
3 75
1 3
30 45
51 75
21 51
30 51
19 71
19 55
19 79
19 51
19 39
3 19
28 67
67 75
66 67
0 67
30 67
6 67
3 6
27 75
27 35
18 37
31 39
52 61
29 61
31 61
21 61
73 79
51 73
33 43
10 43
11 43
11 25
25 34
1 25
45 54
51 54
54 67
10 54
37 54
25 54
24 27
24 73
24 29
24 54
24 68
3 15
31 41
38 41
41 76
50 52
50 76
66 76
23 37
23 52
55 69
69 79
45 69
51 69
39 69
10 69
40 69
21 40
31 69
69 75
69 77
29 69
69 70
24 70
35 70
7 43
7 52
7 18
7 23
7 11
43 47
31 47
29 47
47 74
34 47
47 57
15 57
54 57
17 54
20 35
17 20
20 30
20 38
17 57
46 66
14 71
14 55
14 45
14 65
14 67
10 14
14 37
14 48
14 75
14 46
14 38
9 43
30 63
9 63
29 63
5 27
5 63
5 73
4 5
47 60
6 60
11 60
16 69
24 64
12 64
5 64
16 64
21 64
57 64
12 16
16 60
16 68
49 66
22 49
11 22
5 49
16 49
26 30
26 49
34 78
8 13
13 63
13 18
13 14
13 34
1 44
13 44
2 44
18 72
23 72
18 53
53 76
34 53
2 53
59 75
15 59
53 59
59 70
2 59
38 59
53 72
44 72
57 72
72 74
13 21
13 78
49 78
32 78
32 46
60 74
5 60
5 21
6 63
9 73
9 14
1 9
9 68
24 62
6 62
11 62
7 62
39 58
10 58
37 58
31 58
58 75
58 77
11 58
19 58
2 58
58 62
9 62
0 9
14 34
6 46
17 46
21 46
0 47
4 74
7 74
0 74
7 70
68 70
23 69
19 23
4 23
23 76
56 73
56 76
1 56
19 56
38 56
0 56
6 76
54 76
15 41
15 29
15 21
15 35
15 68
35 68
6 54
30 54
11 75
0 43
43 77
1 43
30 43
33 75
33 73
33 66
61 73
8 73
4 73
30 73
35 73
0 61
18 31
21 31
19 31
31 66
18 66
1 18
4 37
4 48
4 77
0 4
2 48
35 48
1 35
27 52
6 27
6 66
52 67
34 67
8 66
21 66
8 19
19 29
19 38
19 30
51 52
3 30
30 77
3 77
3 34
52 77
1 77
2 77
28 34
28 29
29 42
29 38
2 42
2 75
10 34
10 38
38 52
21 39
1 39
0 34
0 52
52 75
21 79
75 79
0 79
