80 1580
20 26
26 53
26 28
20 28
22 26
22 28
20 79
22 79
53 79
26 68
28 68
68 79
28 38
20 38
22 38
38 53
38 68
26 46
28 46
46 79
38 46
4 20
4 53
4 22
4 68
9 26
9 28
9 79
9 38
4 9
20 71
53 71
22 71
68 71
46 71
26 78
28 78
78 79
38 78
4 78
71 78
20 35
35 53
22 35
35 68
35 46
9 35
26 69
28 69
69 79
38 69
4 69
69 71
35 69
20 21
21 53
21 22
21 68
9 21
26 59
28 59
59 79
38 59
4 59
59 71
35 59
21 59
0 59
9 59
20 59
53 59
22 59
59 68
59 78
46 59
59 69
26 42
28 42
42 79
38 42
4 42
42 71
35 42
21 42
0 42
9 42
42 59
20 63
22 63
53 63
63 68
63 78
46 63
63 69
26 27
27 28
27 79
27 38
4 27
27 71
27 35
21 27
0 27
9 27
27 59
27 63
9 72
63 72
20 72
53 72
22 72
68 72
72 78
69 72
46 72
26 60
28 60
60 79
38 60
4 60
60 71
35 60
21 60
0 60
9 60
59 60
60 63
60 72
18 26
18 28
18 21
0 18
18 59
18 72
18 20
18 53
18 22
18 68
18 69
18 46
18 78
26 64
28 64
64 79
38 64
4 64
64 71
21 64
0 64
59 64
18 64
3 20
3 53
3 22
3 68
3 69
3 78
3 46
3 42
28 32
18 32
3 32
32 64
26 52
28 52
0 52
9 52
52 59
52 63
26 65
28 65
65 79
38 65
4 65
65 71
21 65
0 65
59 65
65 72
3 65
20 65
53 65
22 65
65 68
65 69
65 78
46 65
26 49
28 49
49 79
38 49
4 49
49 71
21 49
9 49
49 63
18 49
49 65
49 64
3 70
65 70
20 70
53 70
22 70
68 70
46 70
28 51
9 51
51 59
18 51
3 51
51 70
51 52
26 44
28 44
44 79
38 44
4 44
44 71
35 44
21 44
0 44
9 44
44 59
18 44
3 44
44 64
44 70
12 52
12 20
12 53
12 22
12 68
28 67
0 67
59 67
63 67
3 67
64 67
67 70
12 67
1 18
1 65
1 70
1 12
1 20
1 53
1 22
1 68
3 45
45 65
45 70
44 45
1 45
41 70
12 41
1 41
20 41
41 53
22 41
41 68
14 26
14 28
14 79
14 38
4 14
14 71
14 21
0 14
9 14
14 59
14 63
14 72
14 18
14 65
14 52
14 44
1 14
14 41
3 61
61 65
52 61
12 61
28 29
29 72
3 29
29 65
29 52
12 29
1 29
20 29
29 53
22 29
29 51
28 57
9 57
57 59
57 63
3 57
57 65
52 57
44 57
29 57
13 26
13 28
13 79
13 38
4 13
13 71
13 35
13 21
0 13
9 13
13 59
13 18
3 13
13 64
13 70
12 13
1 13
13 20
13 53
13 22
13 61
13 27
15 26
15 28
15 38
4 15
15 71
9 15
15 59
15 72
15 18
15 64
15 70
15 44
15 29
13 15
15 61
26 40
28 40
40 79
38 40
4 40
40 71
35 40
21 40
0 40
9 40
40 59
40 63
40 72
18 40
3 40
40 65
40 52
12 40
1 40
13 40
40 61
20 40
40 49
40 51
40 68
14 40
28 77
9 77
63 77
18 77
3 77
64 77
52 77
44 77
29 77
41 77
61 77
40 77
20 77
28 55
38 55
21 55
9 55
55 59
55 72
18 55
55 64
55 70
44 55
29 55
41 55
13 55
55 77
11 59
11 72
11 18
11 64
11 52
11 12
11 29
11 13
7 70
7 12
1 7
7 29
7 61
7 20
26 43
28 43
43 79
38 43
4 43
43 71
21 43
9 43
43 59
43 72
3 43
43 64
43 52
12 43
1 43
13 43
7 43
40 43
11 43
26 30
28 30
21 30
9 30
30 59
30 63
3 30
30 65
30 52
30 44
29 30
30 41
13 30
30 40
11 30
28 56
38 56
0 56
9 56
56 59
56 72
3 56
56 64
56 70
12 56
1 56
41 56
13 56
7 56
56 77
20 56
28 74
0 74
59 74
72 74
65 74
64 74
52 74
44 74
1 74
41 74
13 74
7 74
56 74
8 26
8 28
8 79
8 38
4 8
8 71
8 21
8 9
8 59
8 72
8 65
8 64
8 52
8 12
8 29
8 41
8 13
7 8
8 11
8 56
8 20
25 44
13 25
7 25
25 40
25 77
8 25
25 32
25 42
28 62
38 62
21 62
0 62
59 62
62 72
18 62
62 64
52 62
12 62
29 62
41 62
61 62
62 77
11 62
56 62
32 62
42 62
31 77
31 56
31 32
22 31
31 62
16 26
16 28
16 79
16 38
4 16
16 71
16 35
16 21
0 16
9 16
16 59
16 18
3 16
16 64
16 70
12 16
16 29
16 41
16 61
7 16
11 16
16 56
16 32
16 42
16 22
17 77
17 30
8 17
17 42
23 26
23 28
21 23
9 23
23 59
23 72
18 23
23 70
23 52
12 23
23 29
23 41
23 61
23 77
11 23
23 56
8 23
23 42
22 23
26 33
28 33
33 79
33 38
4 33
33 71
33 35
21 33
0 33
9 33
33 59
33 72
18 33
33 65
33 70
12 33
1 33
33 41
33 61
7 33
11 33
30 33
8 33
22 33
23 33
16 33
33 43
43 73
10 26
10 28
10 79
10 38
4 10
10 71
10 21
9 10
10 63
10 72
10 18
10 64
10 52
10 44
1 10
10 41
10 13
10 40
10 77
10 56
10 32
10 22
10 62
26 47
28 47
47 79
38 47
4 47
47 71
35 47
21 47
0 47
9 47
47 59
47 72
18 47
47 65
47 70
12 47
1 47
41 47
47 61
7 47
11 47
47 56
32 47
22 47
47 62
16 47
27 47
10 47
2 28
2 9
2 59
2 18
2 65
2 64
2 52
2 12
1 2
2 41
2 61
2 7
2 11
2 30
2 8
2 22
2 23
2 47
2 43
6 26
6 28
6 38
4 6
6 21
6 9
6 63
6 72
3 6
6 65
6 70
6 12
6 44
6 41
6 13
6 40
6 77
6 30
6 32
6 42
6 62
6 16
6 47
6 43
26 76
28 76
0 76
9 76
59 76
72 76
3 76
65 76
52 76
44 76
29 76
13 76
61 76
40 76
11 76
30 76
8 76
42 76
23 76
16 76
51 76
6 76
33 76
60 76
69 76
19 26
19 28
19 79
19 38
4 19
19 71
0 19
9 19
19 59
19 72
3 19
19 65
19 70
12 19
19 29
19 41
13 19
7 19
11 19
19 30
8 19
19 22
19 62
16 19
19 51
19 43
6 19
19 31
19 53
19 68
19 49
19 45
33 39
39 69
19 39
39 55
34 44
29 34
34 61
7 34
34 77
30 34
8 34
22 34
34 62
34 47
34 43
34 73
6 34
31 34
34 69
34 55
20 34
34 78
2 34
25 34
26 66
28 66
66 79
38 66
4 66
66 71
21 66
9 66
63 66
66 72
3 66
64 66
66 70
44 66
1 66
41 66
7 66
40 66
56 66
30 66
8 66
42 66
62 66
23 66
51 66
66 73
33 66
31 66
53 66
34 66
14 66
66 68
66 67
46 66
39 66
28 36
36 38
36 71
0 36
36 59
36 72
36 65
36 64
36 70
36 44
1 36
36 41
13 36
36 40
36 77
30 36
8 36
36 42
23 36
16 36
36 47
36 73
33 36
31 36
36 53
36 55
14 36
36 49
28 48
38 48
21 48
0 48
9 48
48 72
3 48
48 64
48 70
44 48
1 48
41 48
7 48
40 48
48 77
48 56
8 48
22 48
48 62
16 48
47 48
43 48
33 48
31 48
48 53
48 55
14 48
48 49
48 67
27 48
17 48
5 61
5 7
5 77
5 56
5 32
5 22
5 62
5 23
5 43
5 6
5 60
5 31
5 53
5 19
5 14
5 48
5 74
5 46
5 27
26 54
28 54
54 79
38 54
4 54
54 71
35 54
21 54
0 54
9 54
54 59
54 63
54 72
18 54
54 65
54 64
54 70
12 54
44 54
29 54
54 61
7 54
11 54
54 56
8 54
22 54
54 62
16 54
43 54
6 54
33 54
31 54
54 69
19 54
34 54
49 54
48 54
46 54
27 54
54 57
36 54
39 54
1 58
41 58
7 58
40 58
11 58
30 58
32 58
22 58
58 62
47 58
51 58
43 58
33 58
58 60
53 58
19 58
58 68
49 58
58 67
46 58
18 24
24 64
24 70
24 52
1 24
24 41
24 61
24 40
24 77
24 30
8 24
24 42
24 62
23 24
24 47
24 43
24 33
24 31
24 53
19 24
24 34
24 68
24 48
24 66
20 24
24 39
3 37
37 65
37 52
12 37
1 37
29 37
13 37
37 77
11 37
37 56
32 37
22 37
23 37
16 37
37 43
6 37
33 37
31 37
37 53
19 37
34 37
37 48
37 74
37 46
24 37
27 37
2 37
37 45
5 37
37 78
15 37
26 75
28 75
75 79
38 75
4 75
71 75
21 75
0 75
9 75
63 75
18 75
64 75
70 75
44 75
1 75
29 75
13 75
7 75
75 77
56 75
32 75
22 75
62 75
16 75
51 75
73 75
6 75
60 75
53 75
19 75
68 75
49 75
67 75
46 75
24 75
54 75
58 75
45 75
36 75
15 75
25 75
10 75
17 75
37 75
17 37
37 39
24 27
24 36
24 78
15 24
24 58
24 25
54 58
45 58
25 58
58 76
17 58
10 58
58 78
15 58
45 54
20 54
15 54
5 54
2 5
5 57
26 50
28 50
50 79
38 50
4 50
50 71
35 50
21 50
0 50
9 50
50 59
18 50
3 50
50 65
50 52
44 50
29 50
41 50
50 61
40 50
11 50
30 50
8 50
42 50
23 50
16 50
43 50
50 73
50 60
31 50
19 50
50 55
34 50
50 68
50 67
50 74
50 66
27 50
2 50
5 50
17 50
39 50
50 57
10 50
25 50
50 76
5 25
5 36
5 17
5 78
48 76
25 48
10 48
36 48
20 48
36 66
2 36
15 36
20 36
36 78
25 36
36 39
27 66
2 66
45 66
66 76
57 66
17 66
15 34
34 39
34 74
34 67
17 34
39 68
39 74
2 39
39 45
15 39
10 39
39 57
10 19
19 78
19 76
17 19
14 76
67 76
74 76
27 76
45 76
76 78
25 76
20 76
17 76
57 76
6 25
6 45
2 6
6 49
6 67
6 14
6 15
6 69
6 53
6 31
6 78
2 60
2 69
2 53
2 14
2 49
2 67
2 74
2 10
2 20
2 57
2 15
14 47
45 47
47 53
47 67
47 49
47 55
47 78
15 47
20 47
43 47
31 47
10 51
10 73
10 60
10 69
10 55
10 68
10 49
10 46
10 27
10 45
10 15
10 20
10 17
68 73
17 73
69 73
73 74
73 78
57 73
15 73
46 73
53 73
60 73
33 73
27 73
31 73
33 46
33 74
33 49
33 67
33 57
14 33
33 60
27 33
25 33
23 78
23 68
23 57
23 51
23 67
23 46
17 23
23 27
15 23
23 74
23 69
23 60
16 17
17 43
17 60
17 69
17 53
17 67
17 74
17 27
17 78
16 69
16 51
16 74
16 25
16 57
16 46
16 68
16 43
16 31
31 74
31 53
31 68
14 31
31 67
25 31
31 69
49 62
60 62
25 62
43 62
20 62
45 62
14 62
55 62
53 62
25 51
25 69
25 68
25 49
25 74
25 27
25 57
20 25
8 74
8 57
8 78
8 67
8 43
8 14
8 55
8 68
8 53
32 74
42 74
51 74
69 74
55 74
68 74
45 74
46 74
20 74
74 78
46 56
49 56
30 56
14 56
15 56
45 56
56 60
32 56
42 56
27 56
20 30
30 55
30 53
30 51
30 46
30 67
30 68
22 30
30 57
30 69
30 78
30 43
22 43
43 68
43 57
43 45
43 55
20 43
7 69
7 53
7 51
7 27
7 22
7 11
7 60
7 32
7 67
11 77
11 20
11 60
11 14
11 55
11 45
11 22
11 32
11 78
11 51
11 49
11 57
42 55
51 55
55 60
55 69
53 55
14 55
45 55
55 67
27 55
49 55
55 68
55 57
46 55
77 78
68 77
27 77
67 77
15 77
42 77
53 77
69 77
27 40
40 45
15 40
22 40
40 42
40 57
40 46
40 69
40 53
15 32
15 42
15 51
15 60
15 69
15 68
15 49
15 67
15 46
15 57
13 51
13 57
13 78
13 32
13 49
13 67
13 60
57 61
42 57
57 60
53 57
14 57
49 57
57 67
46 57
20 57
29 68
29 32
29 78
29 61
29 67
29 60
29 69
20 61
53 61
22 61
32 61
14 61
46 61
61 68
45 61
49 61
42 61
61 78
14 22
14 51
14 53
14 45
14 68
14 20
14 46
14 49
14 27
14 78
41 46
41 45
41 42
32 45
22 45
45 60
45 69
45 49
45 46
20 45
45 78
1 27
1 60
1 49
1 67
1 69
42 67
51 67
67 69
27 67
46 67
67 78
12 32
12 42
12 46
12 44
12 60
20 44
22 44
44 53
44 68
44 69
44 78
44 49
27 44
44 51
42 44
44 46
32 51
42 51
51 78
49 51
51 53
51 60
27 51
51 69
20 51
46 51
70 78
60 70
69 70
49 70
32 49
42 49
49 60
49 68
49 78
27 65
52 65
42 65
64 65
52 64
20 52
22 52
52 53
52 68
27 52
32 52
52 78
52 60
46 52
52 69
42 52
20 32
32 60
32 46
32 42
32 69
22 32
27 32
32 78
3 60
3 64
20 64
53 64
22 64
64 68
64 69
64 78
46 64
27 64
18 42
18 27
18 60
42 60
60 68
20 60
27 60
46 60
27 72
42 72
27 42
27 69
27 78
42 63
20 42
42 69
22 42
21 46
21 78
21 69
0 69
9 69
20 69
69 78
35 78
0 78
9 78
20 78
9 71
0 9
9 20
9 53
9 22
9 68
9 46
4 46
0 46
22 46
46 53
46 68
0 68
22 68
20 68
0 22
22 53
20 22
28 53
0 53
20 53
0 20
