80 1264
22 78
22 48
22 56
56 78
48 56
22 59
56 59
75 78
48 75
59 75
22 51
51 56
51 75
22 46
46 56
46 75
46 78
46 48
46 59
46 51
22 24
24 56
24 75
24 46
58 78
48 58
58 59
51 58
1 22
1 56
1 75
1 46
1 58
11 78
11 48
11 59
11 51
11 24
1 11
22 28
28 56
28 75
28 46
28 58
11 28
22 23
23 56
23 75
23 46
23 58
23 78
23 48
23 59
1 23
23 51
23 24
23 28
10 22
10 56
10 75
10 46
10 58
10 11
10 23
38 78
38 48
38 59
24 38
1 38
38 51
28 38
18 22
18 56
18 75
18 46
18 58
11 18
18 23
18 38
18 36
27 56
27 46
27 38
27 78
27 48
27 59
24 27
1 27
27 51
27 28
10 27
18 27
22 63
56 63
63 75
46 63
58 63
11 63
23 63
38 63
36 63
27 63
36 39
27 39
39 78
39 48
39 59
39 51
24 39
1 39
10 39
18 39
28 39
39 63
22 35
35 56
35 75
35 46
35 36
35 39
35 78
15 22
15 56
15 75
15 46
15 58
15 23
15 38
15 39
15 78
15 63
15 48
15 59
15 24
1 15
15 51
15 18
15 28
10 15
20 22
20 46
20 23
20 27
20 78
15 20
18 20
52 78
15 52
14 56
14 46
14 23
14 27
14 78
14 15
14 18
14 48
14 59
14 51
14 24
1 14
10 14
14 28
56 73
46 73
36 73
27 73
39 73
73 78
14 73
51 73
38 76
27 76
76 78
15 76
18 76
51 76
48 76
59 76
24 76
1 76
38 64
27 64
64 78
63 64
51 64
64 76
65 75
58 65
36 65
27 65
65 78
15 65
14 65
52 65
48 65
59 65
1 65
24 65
53 78
53 63
14 53
51 53
53 65
22 40
40 56
40 75
40 46
40 58
23 40
38 40
39 40
40 78
40 63
15 40
40 52
40 65
40 48
40 59
17 75
17 23
17 36
17 39
17 78
17 63
14 17
17 52
17 40
22 71
56 71
71 75
46 71
58 71
11 71
23 71
38 71
36 71
39 71
71 78
15 71
14 71
52 71
65 71
48 71
59 71
71 73
18 54
51 54
40 54
54 71
30 78
30 51
30 76
30 71
18 31
31 52
31 76
31 71
31 48
67 78
52 67
40 67
31 67
30 67
47 78
47 63
18 47
47 51
47 76
47 71
30 47
30 37
37 47
15 16
16 76
16 40
6 16
14 69
51 69
40 69
31 69
48 69
22 45
45 56
45 75
45 46
23 45
39 45
45 78
45 63
18 45
45 51
45 76
45 71
45 69
0 45
10 45
20 45
31 50
47 50
10 50
20 50
56 74
46 74
38 74
27 74
74 78
15 74
18 74
74 76
40 74
31 74
30 74
0 74
5 31
0 5
5 10
3 5
3 20
4 78
4 51
4 40
4 6
4 30
0 4
4 5
25 78
25 52
25 40
6 25
25 30
25 47
16 25
25 59
40 66
6 66
66 69
0 66
10 66
25 66
4 66
66 74
45 66
22 29
29 56
29 46
29 58
23 29
27 29
29 78
29 63
18 29
29 51
29 65
29 40
29 31
29 47
16 29
20 29
23 57
39 57
57 78
57 63
18 57
52 57
57 65
6 57
30 57
0 57
16 57
20 57
4 57
57 64
22 61
46 61
38 61
27 61
61 78
61 63
18 61
51 61
61 65
61 71
61 69
47 61
10 61
20 61
57 61
61 74
29 61
41 56
23 41
36 41
39 41
41 78
15 41
14 41
41 52
41 76
41 71
41 69
41 47
16 41
20 41
41 50
41 74
41 45
22 44
44 56
44 75
44 46
44 58
11 44
23 44
38 44
36 44
27 44
44 78
44 63
18 44
44 52
44 76
31 44
30 44
0 44
16 44
25 44
4 44
44 57
29 44
41 44
44 61
37 44
22 79
56 79
46 79
58 79
36 79
39 79
78 79
63 79
14 79
51 79
65 79
6 79
69 79
47 79
16 79
5 79
50 79
55 78
52 55
40 55
6 55
30 55
0 55
10 55
25 55
4 55
56 70
46 70
36 70
27 70
70 78
63 70
14 70
52 70
70 76
6 70
69 70
47 70
5 70
25 70
57 70
55 70
28 70
41 70
7 22
7 56
7 75
7 23
7 36
7 39
7 78
7 15
7 18
7 51
7 40
7 71
7 69
7 47
5 7
7 20
7 57
7 55
7 28
7 29
7 67
9 23
9 39
9 78
9 63
9 18
9 76
9 65
9 71
9 31
0 9
5 9
9 50
4 9
9 28
9 29
7 9
9 70
9 37
14 72
51 72
65 72
71 72
31 72
47 72
5 72
25 72
50 72
72 74
45 72
41 72
61 72
37 72
72 79
9 72
59 72
19 22
19 56
19 75
19 46
19 58
19 23
19 38
19 27
19 78
19 63
14 19
19 51
19 65
6 19
19 69
0 19
16 19
19 25
19 50
19 55
19 45
1 19
19 70
22 49
49 56
49 75
46 49
49 58
23 49
36 49
27 49
49 78
15 49
18 49
49 51
49 65
6 49
49 69
30 49
16 49
49 50
4 49
49 74
45 49
41 49
7 49
24 49
48 49
30 62
47 62
10 62
20 62
50 62
57 62
45 62
41 62
62 70
49 62
33 56
33 58
23 33
27 33
33 39
33 78
33 51
33 52
33 40
33 71
30 33
33 47
16 33
20 33
33 57
33 55
33 45
29 33
33 61
33 37
33 54
3 33
33 73
23 60
27 60
60 78
15 60
14 60
52 60
40 60
6 60
60 69
10 60
16 60
25 60
4 60
28 60
29 60
1 60
7 60
33 60
12 78
12 63
12 18
12 52
12 76
12 71
12 30
12 47
10 12
12 20
12 50
12 57
12 28
12 29
12 70
12 37
12 33
8 78
8 52
8 76
8 71
8 69
0 8
5 8
8 20
4 8
8 55
8 28
8 41
8 70
8 49
8 12
8 17
8 67
8 60
8 73
8 64
22 34
34 56
34 75
34 46
34 58
11 34
23 34
34 38
27 34
34 39
34 78
15 34
18 34
34 52
34 40
6 34
31 34
30 34
5 34
20 34
4 34
34 55
28 34
34 41
34 61
34 49
33 34
24 34
8 34
34 53
34 67
21 22
21 58
21 38
21 39
21 78
21 63
18 21
21 76
21 65
6 21
21 30
0 21
16 21
20 21
21 50
21 74
21 28
1 21
21 70
21 37
21 79
17 21
14 32
32 51
32 40
6 32
31 32
32 47
10 32
25 32
32 50
32 55
28 32
32 41
32 61
32 49
32 79
17 32
9 32
42 78
42 63
14 42
42 51
42 65
31 42
42 69
10 42
5 42
42 50
42 57
42 74
42 45
1 42
42 61
42 49
33 42
24 42
32 42
13 22
13 56
13 75
13 46
13 58
13 23
13 38
13 39
13 78
13 63
13 14
13 76
13 65
13 71
13 31
10 13
13 16
13 25
4 13
13 55
13 28
1 13
7 13
13 37
12 13
13 24
8 13
13 53
13 19
22 77
56 77
75 77
46 77
38 77
39 77
77 78
15 77
14 77
76 77
65 77
71 77
31 77
0 77
5 77
20 77
57 77
74 77
45 77
41 77
61 77
49 77
77 79
72 77
32 77
13 77
35 77
42 77
62 77
9 77
3 77
21 77
19 77
73 77
13 48
13 60
22 26
26 56
26 75
26 46
26 58
23 26
26 38
26 39
26 78
26 63
18 26
26 52
26 76
6 26
26 30
10 26
5 26
20 26
26 50
26 74
26 45
26 29
7 26
26 61
12 26
24 26
8 26
13 26
26 35
26 66
21 26
26 59
19 26
9 26
26 42
26 62
22 43
43 56
43 75
43 46
43 58
11 43
23 43
38 43
36 43
27 43
43 78
15 43
14 43
43 51
40 43
43 71
43 69
30 43
10 43
25 43
4 43
43 55
43 45
1 43
43 70
37 43
33 43
43 72
17 43
13 43
9 43
43 44
43 54
3 43
35 43
43 59
43 62
19 43
13 62
13 42
42 66
34 42
42 59
3 42
40 68
68 71
30 68
0 68
16 68
20 68
4 68
68 74
29 68
1 68
7 68
37 68
68 79
24 68
17 68
53 68
35 68
66 68
68 73
59 68
19 68
60 68
42 68
48 68
42 60
32 48
32 62
21 32
2 28
2 41
2 7
2 49
2 79
2 24
2 32
2 53
2 35
2 21
2 34
2 59
2 9
2 64
2 60
2 3
32 53
19 32
32 59
21 53
21 35
21 48
21 34
21 64
9 21
34 60
19 34
34 44
34 54
3 8
8 35
8 66
12 66
3 12
12 79
12 54
12 67
12 60
12 35
12 53
60 72
60 67
60 66
54 60
60 62
33 62
33 59
33 64
17 33
62 72
44 62
62 73
19 62
3 62
17 49
19 49
35 49
37 49
19 79
19 72
19 73
19 48
67 72
48 72
53 72
35 72
9 24
9 67
9 54
9 64
9 48
3 7
7 24
7 59
7 17
7 70
7 53
67 70
54 70
64 70
70 73
70 79
48 70
45 55
28 55
53 55
48 55
29 55
55 79
1 55
55 73
45 79
1 79
37 79
73 79
44 79
48 79
24 79
24 44
17 44
35 44
44 66
44 59
44 64
44 48
44 73
41 61
41 54
17 41
41 48
35 41
37 61
61 66
35 61
61 64
59 61
61 67
57 74
53 57
1 57
57 73
29 57
57 59
57 67
29 45
29 67
29 64
17 29
1 29
29 37
29 66
37 66
17 66
53 66
66 67
59 66
54 66
25 28
25 53
24 25
1 25
25 67
25 37
25 48
4 25
4 37
4 59
3 4
4 54
4 28
4 35
3 74
3 28
1 3
3 17
3 35
3 73
3 59
3 64
5 53
5 20
5 28
5 74
5 73
5 64
5 54
50 74
17 74
24 74
54 74
35 74
64 74
37 74
45 50
17 50
24 50
50 67
48 50
45 48
45 59
35 45
17 69
53 69
20 69
16 69
24 69
35 69
1 69
69 73
0 16
16 48
16 35
16 54
16 37
16 24
1 16
16 64
1 37
37 53
35 47
47 53
47 48
47 67
1 47
10 47
28 47
10 67
53 67
54 67
48 67
64 67
67 73
31 59
31 35
28 31
0 31
10 31
30 31
31 64
30 48
30 59
30 54
10 54
28 54
24 54
17 54
54 73
54 64
48 54
64 71
10 71
17 71
0 17
10 17
17 20
17 24
17 64
6 40
1 40
24 40
6 48
6 59
6 24
6 53
6 28
6 20
1 6
0 6
28 53
1 53
53 64
53 73
35 65
0 65
64 65
10 65
20 65
0 64
1 64
48 64
10 76
73 76
28 76
0 73
10 73
28 73
1 73
24 73
14 52
48 52
52 59
24 52
1 52
35 52
20 52
28 52
10 20
20 35
15 35
0 15
18 35
35 59
63 78
48 63
59 63
1 63
24 63
51 63
28 63
10 63
18 63
0 27
18 78
18 48
18 59
1 18
18 51
18 24
18 28
10 18
0 18
10 38
10 36
10 78
10 51
10 59
28 36
28 78
28 51
24 28
1 36
1 78
1 51
1 24
1 59
24 58
24 36
24 78
24 51
0 24
36 51
51 78
48 51
51 59
0 51
36 59
59 78
0 59
36 48
48 78
0 48
36 78
0 78
0 36
