80 632
2 19
19 71
2 5
13 19
5 13
2 34
13 34
17 19
5 17
17 34
2 14
6 19
5 6
6 34
6 14
2 10
10 71
6 10
10 13
10 17
7 19
5 7
7 34
7 14
7 10
2 77
71 77
13 77
6 77
17 77
7 77
19 30
5 30
30 34
14 30
10 30
30 77
2 28
6 28
13 28
17 28
28 71
28 30
7 28
9 19
9 34
9 14
9 28
19 52
34 52
14 52
10 52
2 52
52 71
13 52
17 52
6 52
19 73
10 73
52 73
2 63
17 63
63 71
6 63
13 63
7 63
52 76
63 76
6 76
2 78
6 62
62 78
19 29
29 34
14 29
10 29
29 52
8 29
6 29
19 32
5 32
14 32
10 32
2 40
13 40
17 40
6 40
40 71
7 40
30 40
32 40
35 40
35 63
2 35
35 71
17 35
6 35
13 35
19 53
35 53
8 53
32 53
7 53
32 36
36 62
2 36
36 53
9 36
2 42
18 42
18 32
2 3
3 12
12 62
12 36
19 69
10 69
40 69
52 69
6 69
19 61
5 61
34 61
14 61
10 61
28 61
40 61
35 61
42 61
2 61
19 47
5 47
34 47
14 47
10 47
28 47
40 47
35 47
47 61
32 47
29 47
47 62
25 46
9 46
2 46
13 46
36 74
9 74
53 74
19 43
43 77
43 52
35 43
8 43
43 78
29 43
2 54
8 15
15 32
7 15
15 54
3 49
2 4
4 73
4 49
6 37
37 78
29 37
4 37
29 31
31 62
31 38
7 41
41 62
31 41
6 75
75 78
29 75
36 75
38 75
52 72
35 72
42 72
61 72
3 72
62 72
25 72
19 79
5 79
34 79
14 79
10 79
28 79
40 79
52 79
6 79
61 79
3 79
4 79
72 79
69 79
2 79
25 50
50 72
19 65
5 65
34 65
14 65
10 65
28 65
40 65
35 65
8 65
32 65
29 65
54 65
38 65
65 75
48 65
41 65
18 65
38 57
9 57
57 71
50 57
7 58
54 58
31 58
58 75
53 58
13 58
19 27
27 63
6 27
27 32
7 27
27 54
25 27
27 69
27 71
13 27
27 58
27 57
42 55
55 78
3 55
54 55
31 55
55 72
48 55
43 55
53 70
41 70
51 70
30 70
27 70
48 59
43 59
8 66
32 66
7 66
36 66
31 66
9 66
53 66
13 66
30 66
19 33
33 35
6 33
32 33
7 33
33 62
33 36
9 33
33 71
33 66
33 74
19 22
14 22
10 22
22 28
22 52
22 35
6 22
22 61
22 29
22 54
22 25
22 75
22 48
22 43
22 66
60 66
37 60
0 60
22 60
53 67
13 67
51 67
60 67
24 51
24 57
23 25
23 75
23 71
23 41
23 74
21 58
21 22
21 55
56 71
41 56
56 66
21 56
33 56
56 59
23 56
1 71
1 43
1 51
1 30
1 27
1 56
1 76
1 46
2 64
41 64
51 64
22 64
27 64
64 79
64 76
0 64
1 64
12 64
1 12
37 56
12 56
21 79
21 59
21 26
21 23
23 24
11 28
11 35
6 11
11 61
11 29
4 11
11 31
11 72
11 53
11 43
11 51
11 22
11 17
11 67
11 73
31 68
9 68
53 68
50 68
68 74
30 68
17 68
33 68
11 68
46 68
47 68
19 44
10 44
44 52
35 44
8 44
44 61
32 44
29 44
36 44
44 69
44 48
41 44
18 44
30 44
24 44
44 67
44 65
44 49
44 68
16 19
16 52
6 16
16 61
16 32
16 62
16 31
16 72
16 71
16 50
16 18
16 22
16 17
16 33
16 67
16 49
15 39
39 79
39 70
39 49
37 39
16 39
16 44
11 23
0 11
0 23
23 37
23 26
24 65
20 24
20 76
45 48
43 45
45 58
45 60
15 45
20 45
45 73
45 47
12 45
37 45
20 49
20 47
20 59
24 67
24 33
67 79
47 67
12 60
46 60
22 33
22 73
33 79
33 46
66 76
12 66
59 66
55 59
26 59
0 59
59 70
70 76
0 70
26 70
51 55
26 51
27 55
12 55
55 76
0 55
47 55
15 27
17 27
58 79
57 58
12 58
58 74
37 58
30 57
57 65
49 57
17 57
15 57
65 79
65 73
37 65
49 65
37 48
48 50
41 50
47 50
18 50
50 79
26 50
37 50
73 79
43 72
72 73
9 72
72 75
0 72
69 72
49 75
43 75
37 75
41 75
15 75
53 75
2 41
41 73
0 41
26 31
31 37
0 31
17 31
15 37
4 17
4 13
38 49
49 71
43 49
18 49
17 49
38 53
15 38
2 38
38 71
38 76
2 15
13 15
15 18
15 46
15 26
43 54
54 71
54 69
2 43
17 43
43 74
47 74
17 74
73 74
46 74
46 76
26 46
18 25
25 47
9 25
25 69
9 47
47 53
30 47
26 47
26 61
17 61
61 73
9 61
13 61
61 69
0 61
7 69
69 71
13 69
69 76
18 69
12 69
17 69
69 73
12 13
12 73
3 30
3 76
3 18
3 13
18 62
13 18
18 76
18 30
0 18
17 42
9 42
13 42
26 42
7 42
7 26
26 36
9 26
2 26
30 36
13 36
17 53
53 76
9 35
32 63
6 32
2 32
29 32
30 32
32 71
7 29
2 29
9 29
29 71
29 62
2 62
30 62
62 76
0 62
76 78
7 78
30 76
30 63
63 73
6 73
7 73
2 73
17 73
30 52
7 52
9 52
2 9
9 30
8 30
13 30
2 7
0 7
7 17
6 8
2 6
6 71
14 71
13 14
14 17
8 17
34 71
8 13
13 71
5 71
8 71
2 71
2 8
0 2
0 8
