80 1264
30 62
22 62
8 30
35 62
8 35
28 30
22 28
28 35
1 62
1 8
1 28
59 62
8 59
28 59
30 59
22 59
35 59
1 59
34 62
8 34
28 34
34 59
30 77
22 77
35 77
1 77
34 77
43 62
8 43
28 43
43 59
43 77
34 43
62 79
8 79
28 79
59 79
77 79
34 79
30 79
22 79
35 79
1 79
43 79
49 62
8 49
28 49
49 59
49 77
34 49
49 79
0 49
62 63
8 63
28 63
59 63
63 77
34 63
63 79
0 63
30 63
35 63
22 63
1 63
43 63
49 63
54 62
8 54
28 54
54 59
54 77
34 54
54 79
0 54
54 63
34 70
30 70
35 70
22 70
1 70
43 70
49 70
54 70
50 62
8 50
28 50
50 59
50 77
34 50
50 79
0 50
50 63
50 70
51 62
8 51
51 59
34 51
51 79
0 51
51 63
51 70
30 51
22 51
35 51
1 51
43 51
49 51
50 51
51 54
8 65
28 65
59 65
65 77
34 65
65 79
63 65
51 65
59 75
34 75
75 79
51 75
30 75
22 75
35 75
1 75
43 75
49 75
50 75
54 75
6 75
6 50
30 37
35 37
22 37
1 37
37 43
26 59
26 77
26 34
26 79
26 63
26 70
26 30
22 26
26 35
1 26
26 43
26 49
23 59
23 77
23 34
23 79
23 63
23 70
23 26
23 50
29 62
8 29
28 29
29 59
29 77
29 34
29 79
0 29
29 63
29 51
26 29
29 50
29 30
29 35
22 29
1 29
29 43
36 70
36 51
26 36
29 36
52 59
34 52
0 52
52 70
52 75
28 48
48 59
34 48
48 79
48 63
48 70
30 48
22 48
35 48
1 48
43 48
48 49
38 48
29 38
38 52
24 34
24 51
24 48
24 50
24 52
24 30
24 35
22 24
1 24
24 43
24 54
24 36
31 59
31 77
31 34
31 79
31 63
31 70
31 75
31 50
31 52
24 31
33 62
8 33
33 59
33 77
33 34
33 79
0 33
33 70
33 75
33 48
33 52
33 49
30 33
22 33
33 35
1 33
63 67
51 67
26 67
48 67
52 67
49 67
33 67
20 63
20 51
20 75
20 50
20 52
20 49
0 55
55 70
26 55
48 55
37 55
49 55
33 55
30 55
35 55
22 55
1 55
20 55
39 55
42 63
42 51
42 75
42 50
42 52
24 42
42 55
6 42
7 30
7 22
7 35
19 62
8 19
19 28
19 59
19 34
19 79
19 63
19 70
19 75
19 29
19 37
19 49
19 33
19 20
7 19
1 19
19 67
19 39
64 75
48 64
37 64
24 64
33 64
6 64
15 20
15 30
15 35
15 22
56 79
51 56
26 56
48 56
37 56
49 56
30 56
35 56
22 56
1 56
54 56
8 46
28 46
46 59
46 77
34 46
46 79
0 46
46 51
26 46
46 48
29 46
24 46
46 56
46 55
20 46
44 59
44 77
34 44
44 79
44 63
44 51
44 75
44 50
44 52
37 44
33 44
44 55
7 44
30 44
22 44
35 44
31 44
5 28
5 59
5 34
5 79
0 5
5 70
5 26
5 48
5 37
5 49
5 33
5 55
5 7
5 44
75 78
48 78
29 78
24 78
33 78
20 78
15 78
1 78
30 78
57 59
34 57
0 57
51 57
26 57
48 57
29 57
24 57
56 57
55 57
20 57
57 78
57 67
58 63
58 70
58 75
48 58
29 58
49 58
33 58
6 58
20 58
44 58
26 61
50 61
52 61
37 61
56 61
6 61
20 61
61 78
30 61
13 33
6 13
13 15
1 13
13 61
13 58
9 59
9 77
9 34
9 79
0 9
9 70
9 75
9 48
9 29
9 49
9 56
9 55
9 15
1 9
9 67
9 39
9 30
56 71
20 71
7 71
1 71
67 71
9 71
10 33
10 55
7 10
1 10
10 67
10 58
10 30
10 47
0 27
27 70
26 27
27 50
27 52
24 27
27 33
27 55
7 27
27 44
27 61
27 39
10 27
27 64
27 35
27 30
12 67
9 12
10 12
12 27
41 79
41 51
41 48
41 50
29 41
41 49
41 56
41 55
20 41
41 44
41 67
41 58
10 41
27 41
10 74
41 74
8 25
25 28
25 59
25 77
25 34
25 79
25 63
25 51
25 26
25 48
25 52
24 25
25 56
6 25
7 25
25 44
25 78
25 39
9 25
25 27
8 14
14 59
14 34
14 79
14 63
14 70
14 26
14 50
14 29
14 49
14 56
6 14
14 15
1 14
14 61
14 58
14 64
14 41
14 25
17 20
1 17
17 67
17 39
10 17
17 27
17 41
17 43
32 62
8 32
28 32
32 59
32 77
32 34
32 79
0 32
32 63
32 51
26 32
32 50
32 37
24 32
32 56
6 32
15 32
32 44
32 78
32 58
10 32
27 32
25 32
17 32
8 53
53 59
34 53
53 79
53 70
51 53
53 75
48 53
52 53
49 53
33 53
6 53
15 53
53 78
53 61
53 58
10 53
22 53
3 62
3 8
3 28
3 59
3 77
3 34
3 79
0 3
3 63
3 70
3 75
3 48
3 29
3 49
3 56
3 20
3 7
3 78
3 61
3 9
3 10
3 41
3 23
3 53
3 31
3 38
3 43
3 46
4 9
4 41
3 4
4 38
1 21
21 78
21 67
21 61
21 64
21 22
21 25
21 38
21 30
21 46
19 21
16 59
16 34
16 79
16 51
16 75
16 29
16 52
16 49
16 56
16 55
15 16
1 16
16 78
16 58
10 16
16 22
3 16
16 38
16 21
13 16
16 71
18 62
8 18
18 59
18 34
18 79
0 18
18 63
18 70
18 75
18 29
18 52
18 24
18 56
6 18
15 18
1 18
18 78
18 39
10 18
18 22
18 41
17 18
18 21
18 54
18 57
18 23
18 32
60 75
50 60
29 60
24 60
33 60
20 60
15 60
44 60
60 61
39 60
60 64
22 60
3 60
38 60
11 60
54 60
59 73
70 73
26 73
48 73
29 73
49 73
33 73
20 73
15 73
73 78
67 73
58 73
10 73
27 73
25 73
3 73
21 73
13 73
71 73
43 73
36 73
73 74
47 73
19 73
5 73
57 73
8 40
40 59
34 40
40 79
0 40
40 51
26 40
40 50
40 52
24 40
33 40
20 40
15 40
1 40
40 78
40 58
40 64
22 40
25 40
3 40
40 53
40 54
40 73
18 40
5 40
40 42
30 40
62 68
8 68
28 68
59 68
68 77
34 68
68 79
0 68
63 68
51 68
26 68
48 68
29 68
37 68
33 68
6 68
20 68
44 68
67 68
9 68
64 68
27 68
25 68
38 68
11 68
54 68
68 71
36 68
14 68
45 59
45 77
34 45
45 79
45 63
45 51
26 45
29 45
45 52
45 49
33 45
6 45
7 45
44 45
45 67
39 45
10 45
22 45
41 45
17 45
21 45
45 53
45 71
45 57
36 45
45 68
12 45
45 74
30 45
45 47
23 45
29 72
24 72
33 72
6 72
7 72
44 72
61 72
39 72
10 72
22 72
25 72
38 72
11 72
13 72
57 72
65 72
36 72
42 72
45 72
23 72
19 72
35 72
31 72
47 72
43 72
72 74
45 60
32 45
12 68
40 68
60 68
19 68
43 68
15 69
1 69
61 69
39 69
64 69
41 69
3 69
38 69
53 69
54 69
69 73
18 69
14 69
2 75
2 50
2 52
2 24
2 56
2 55
2 20
1 2
2 61
2 58
2 9
2 27
2 41
2 17
2 11
2 13
2 73
2 65
2 5
2 42
2 69
2 43
63 76
70 76
75 76
50 76
52 76
24 76
56 76
55 76
7 76
44 76
67 76
58 76
64 76
22 76
25 76
38 76
11 76
13 76
57 76
65 76
14 76
2 76
12 76
40 76
60 76
19 76
46 76
69 76
31 76
59 66
66 77
34 66
66 79
63 66
66 70
26 66
48 66
29 66
49 66
56 66
6 66
7 66
44 66
66 67
61 66
9 66
27 66
25 66
38 66
11 66
54 66
66 71
57 66
14 66
5 66
30 66
23 66
60 66
32 66
66 68
66 69
66 76
31 66
2 47
2 19
2 4
2 30
2 46
12 69
30 69
32 69
46 69
68 69
47 69
4 68
16 40
31 40
40 46
4 40
32 40
60 73
18 60
36 60
42 60
23 60
32 60
46 60
16 60
16 18
4 18
18 65
18 43
18 46
18 19
5 16
16 42
16 30
16 32
16 19
16 74
16 35
4 16
12 21
14 21
21 36
4 21
21 23
21 43
11 21
4 53
4 57
4 5
4 12
4 32
4 35
4 47
4 74
3 71
3 30
3 47
3 57
17 53
53 74
35 53
53 65
30 53
32 53
53 57
5 53
23 53
19 53
47 53
13 32
32 71
14 32
32 42
32 46
5 17
13 17
17 71
12 17
14 17
17 65
17 42
17 54
17 36
14 54
14 57
14 65
14 36
14 47
14 35
5 14
14 23
25 54
25 57
25 35
25 74
25 47
25 65
25 36
38 74
13 74
65 74
36 74
12 74
23 74
43 74
35 74
47 74
38 41
19 41
12 41
11 41
5 41
41 42
13 41
12 13
12 71
12 65
12 36
12 31
12 35
12 46
27 47
23 27
27 43
27 54
19 27
11 47
47 57
30 47
19 47
46 47
10 31
10 46
10 71
22 71
11 71
13 71
65 71
35 71
23 71
46 71
30 71
9 36
9 42
9 11
9 54
9 22
5 9
9 13
9 64
9 65
13 22
11 13
13 31
13 43
13 36
13 46
46 61
58 61
54 61
23 61
22 61
11 61
35 61
42 61
30 58
5 58
23 58
57 58
58 65
43 58
46 58
42 58
57 64
22 57
54 57
31 57
42 57
30 57
22 78
35 78
23 78
39 78
11 78
36 78
5 78
64 78
5 64
5 54
5 65
5 43
5 46
5 42
5 19
38 44
44 64
44 65
44 46
44 67
22 46
11 46
31 46
11 56
56 65
38 56
43 56
6 11
11 15
11 39
11 64
11 38
11 54
11 31
11 42
15 38
15 65
15 64
1 15
15 36
39 64
43 64
19 64
30 64
38 64
35 64
23 64
19 38
19 30
19 23
19 43
7 39
7 54
7 43
7 23
7 67
7 42
7 31
1 42
22 42
42 54
36 42
35 42
31 42
23 42
23 55
6 55
38 55
31 55
36 55
6 20
20 30
20 22
20 35
20 67
20 43
20 65
30 67
65 67
43 67
31 67
38 67
39 67
33 36
31 33
31 39
22 31
31 38
31 65
31 36
31 43
31 35
6 24
24 38
24 39
38 39
35 38
23 38
48 52
48 50
30 52
35 52
22 52
1 52
43 52
52 65
49 52
36 52
1 36
36 39
22 36
36 65
30 36
29 49
23 29
23 49
6 23
23 35
23 43
26 54
26 50
26 39
39 50
37 39
6 39
30 39
35 39
22 39
39 54
6 37
37 54
37 49
6 30
6 22
6 35
6 54
1 6
65 75
50 65
49 65
22 65
54 65
35 65
30 50
22 50
35 50
1 50
43 50
49 50
50 54
1 54
30 54
35 54
30 49
35 49
22 49
1 49
43 49
0 43
1 43
30 43
35 43
30 34
22 34
34 35
1 34
0 1
1 30
1 22
1 35
0 35
8 22
0 22
0 30
