80 948
25 55
53 55
25 52
52 53
8 25
8 55
25 63
53 63
8 63
46 55
0 46
25 51
51 53
8 51
46 51
14 46
14 55
0 14
14 52
14 63
14 51
3 25
3 53
3 8
3 46
3 14
3 55
0 3
25 67
8 67
14 67
55 67
0 67
63 67
51 67
52 67
2 25
2 53
2 8
2 46
2 14
2 55
0 2
2 67
12 52
12 51
12 63
2 12
3 12
25 56
53 56
8 56
46 56
14 56
55 56
0 56
56 67
12 56
55 77
51 77
63 77
52 77
3 77
2 77
25 62
53 62
8 62
46 62
14 62
55 62
0 62
62 67
12 62
62 77
25 30
8 30
14 30
30 55
0 30
30 77
30 63
30 52
30 51
2 30
3 30
16 25
16 53
8 16
16 46
14 16
16 55
0 16
16 67
12 16
16 77
16 30
33 51
33 52
33 63
3 33
2 33
16 33
33 62
33 56
25 50
50 53
8 50
46 50
14 50
50 55
0 50
50 67
12 50
50 77
30 50
33 50
1 51
1 63
1 52
1 3
1 2
1 16
1 56
43 55
43 77
1 43
25 40
40 55
0 40
40 77
1 40
40 52
40 51
40 63
2 40
3 40
21 25
21 55
0 21
21 67
21 30
21 40
14 70
55 70
0 70
70 77
30 70
13 51
13 63
13 52
2 13
3 13
25 61
53 61
8 61
46 61
14 61
55 61
0 61
61 67
12 61
61 77
30 61
33 61
13 61
48 55
12 48
30 48
40 48
48 63
48 52
48 51
3 48
30 71
48 71
70 71
25 31
8 31
14 31
31 55
0 31
31 67
31 33
31 48
31 70
8 68
55 68
0 68
12 68
1 68
40 68
25 54
53 54
8 54
46 54
14 54
54 55
0 54
54 67
12 54
54 77
30 54
33 54
1 54
40 54
54 70
51 54
52 54
54 63
25 58
53 58
8 58
46 58
14 58
55 58
0 58
12 58
30 58
40 58
54 58
25 72
53 72
8 72
46 72
14 72
55 72
0 72
67 72
12 72
72 77
13 72
40 72
54 72
63 72
51 72
52 72
30 57
48 57
57 70
57 72
21 57
1 60
13 60
54 60
60 72
21 60
25 44
8 44
14 44
44 55
0 44
44 67
30 44
44 48
44 54
44 72
44 60
16 34
35 54
35 72
35 60
34 35
0 73
67 73
30 73
40 73
48 73
31 73
21 73
19 55
0 19
19 33
19 48
19 54
19 72
19 73
19 34
25 29
8 29
14 29
29 55
0 29
29 77
1 29
29 48
29 54
29 31
29 73
6 8
6 55
0 6
6 67
6 77
6 40
6 48
6 31
6 21
6 34
70 76
31 76
60 76
6 76
29 76
32 73
6 32
9 32
32 68
4 73
4 6
4 63
4 32
4 56
38 60
34 38
21 42
42 75
29 42
32 42
45 73
45 60
45 75
45 56
27 75
27 32
27 45
27 57
16 27
19 27
27 61
27 36
60 69
34 69
29 69
68 69
45 69
69 76
10 21
10 34
9 10
10 32
10 58
10 69
10 71
25 47
47 53
8 47
46 47
14 47
47 55
0 47
47 67
12 47
47 77
30 47
40 47
47 70
31 47
47 60
6 47
9 47
47 68
45 47
20 25
20 55
0 20
20 67
20 33
13 20
20 54
20 31
20 73
20 34
9 20
20 68
20 27
20 76
22 77
22 40
22 54
22 72
22 73
22 75
9 22
22 32
22 27
20 22
22 38
60 66
6 66
9 66
32 66
58 66
20 66
22 66
9 59
59 68
58 59
59 76
44 59
29 79
68 79
45 79
38 79
71 79
59 79
11 25
11 53
11 14
11 55
0 11
11 67
11 30
11 48
11 70
11 72
11 60
11 75
11 63
11 32
11 56
11 20
11 38
11 47
18 70
18 31
18 73
18 75
9 18
18 68
18 27
18 69
18 44
18 59
11 18
54 78
72 78
21 78
34 78
9 78
32 78
58 78
38 78
22 78
59 78
18 78
62 78
55 74
0 74
74 77
13 74
70 74
72 74
60 74
6 74
63 74
32 74
45 74
69 74
22 74
44 74
18 74
57 74
41 45
20 41
41 71
41 51
19 41
41 74
10 41
5 25
5 8
5 14
5 55
0 5
5 67
5 30
5 13
5 48
5 31
5 73
5 6
5 9
5 56
5 27
5 76
5 44
5 51
3 5
25 26
26 53
8 26
26 46
14 26
26 55
0 26
26 67
26 33
26 40
26 70
26 31
21 26
26 34
26 75
26 56
26 45
20 26
26 44
26 47
18 26
26 79
5 26
23 60
23 75
23 29
23 32
23 56
20 23
23 71
23 51
3 23
23 26
23 74
64 73
34 64
64 75
63 64
27 64
20 64
38 64
47 64
11 64
62 64
15 29
15 32
15 58
15 76
15 71
15 59
15 19
15 26
10 15
7 58
7 76
7 38
7 59
7 11
7 19
7 15
7 64
49 55
49 77
33 49
40 49
48 49
49 54
49 60
6 49
9 49
49 56
45 49
49 69
22 49
47 49
18 49
49 57
0 39
39 67
1 39
13 39
39 70
31 39
21 39
34 39
39 63
39 68
39 58
39 69
39 44
39 51
11 39
26 39
39 74
37 75
32 37
37 56
20 37
22 37
37 51
11 37
37 57
37 39
5 37
37 61
44 65
47 65
18 65
26 65
15 65
50 65
49 65
37 65
65 66
52 65
65 79
23 65
36 37
35 37
16 37
37 79
39 50
10 39
36 39
39 52
39 49
35 39
5 49
43 49
4 49
16 49
7 49
23 49
7 36
7 52
28 29
28 63
28 45
28 76
28 71
28 59
19 28
28 74
15 28
28 78
7 28
28 52
17 77
17 40
17 70
17 31
17 73
6 17
17 63
17 68
17 45
17 76
17 44
17 47
3 17
17 57
17 74
17 78
17 61
17 28
17 42
17 23
16 17
2 17
24 45
24 76
22 24
24 51
3 24
24 57
10 24
24 64
24 50
24 28
23 24
24 43
24 79
24 41
28 42
28 36
7 79
4 7
15 42
15 79
15 64
15 43
5 64
36 64
23 64
16 64
64 78
23 36
23 66
16 26
26 57
26 52
5 10
5 79
5 50
5 41
5 35
41 61
41 52
36 41
41 66
41 43
74 78
61 74
4 74
42 78
66 78
43 78
2 78
18 52
18 42
18 66
18 36
11 62
3 11
11 16
11 79
11 35
4 79
35 79
16 59
52 59
50 59
59 66
42 59
57 66
10 66
61 66
4 66
2 66
22 35
22 51
16 22
22 52
4 22
20 57
20 47
20 50
20 43
47 71
3 47
36 47
10 47
43 47
47 62
3 10
10 19
10 16
2 10
61 69
36 69
16 69
2 69
38 69
51 69
44 69
36 44
36 62
16 36
27 52
27 76
27 71
42 45
45 58
45 51
42 76
38 42
42 62
42 61
2 42
35 42
42 43
2 75
51 75
50 75
38 75
63 75
56 75
38 63
38 58
38 62
4 38
3 38
35 38
38 50
4 44
3 4
4 62
4 50
2 4
4 35
32 76
32 51
19 76
52 76
71 76
6 68
6 71
6 62
6 61
6 58
6 63
6 29
29 68
3 29
29 61
29 44
2 29
29 62
29 43
29 71
19 29
19 68
19 71
19 51
3 19
19 50
19 43
19 57
19 62
63 73
9 73
52 73
68 73
71 73
56 73
9 60
9 35
9 52
9 50
9 57
9 16
35 68
35 56
35 51
35 57
35 50
16 35
34 44
3 34
44 63
44 58
44 61
2 44
43 60
57 60
56 60
52 60
57 68
57 71
51 57
2 57
43 72
62 72
56 72
16 72
50 72
21 72
58 72
21 58
58 63
56 58
43 58
58 62
2 58
3 58
54 61
3 54
43 54
54 68
54 62
31 68
50 68
3 68
56 68
31 71
31 51
31 61
31 52
31 63
2 31
3 31
56 71
43 71
62 71
3 71
48 61
48 56
2 48
48 70
48 50
21 61
61 63
51 61
3 61
61 62
50 61
2 61
13 70
13 16
52 70
51 70
63 70
56 70
2 70
21 70
16 70
3 21
16 21
2 21
21 62
21 50
21 51
21 43
40 50
40 62
40 43
43 56
43 62
43 52
2 43
1 50
1 62
50 56
50 62
50 52
16 56
16 52
30 62
30 56
62 63
56 77
2 63
2 51
2 3
3 67
51 55
0 51
51 63
46 63
46 52
55 63
0 63
52 63
8 52
0 8
52 55
0 52
0 53
0 55
0 25
