80 1264
19 49
19 45
45 56
9 49
9 45
19 46
46 56
9 46
49 66
45 66
46 66
19 50
50 56
50 66
9 50
49 76
45 76
46 76
50 76
4 50
4 19
4 56
4 66
4 9
4 76
49 71
45 71
46 71
50 71
4 71
42 50
4 42
19 42
42 56
42 76
9 42
42 66
42 71
47 49
45 47
46 47
47 50
4 47
42 47
19 65
56 65
65 66
65 76
9 65
65 71
49 57
45 57
46 57
50 57
4 57
42 57
57 65
57 76
19 52
52 56
9 52
52 66
52 71
52 57
40 49
40 45
40 46
40 50
4 40
40 42
40 65
40 76
40 52
19 39
39 56
39 66
9 39
39 71
39 47
49 64
45 64
46 64
50 64
4 64
42 64
64 65
64 76
52 64
39 64
40 64
51 76
51 52
39 51
40 51
19 51
51 56
9 51
51 66
51 71
7 39
7 51
20 50
4 20
20 65
20 76
20 52
18 19
18 56
18 66
9 18
18 71
49 73
45 73
46 73
50 73
4 73
42 73
65 73
73 76
52 73
18 73
20 73
19 73
43 56
9 43
43 66
5 50
4 5
5 42
5 76
5 39
5 51
5 20
5 43
0 5
0 68
0 74
52 54
51 54
20 54
43 54
0 54
54 56
54 66
9 54
29 39
29 51
18 29
29 43
29 54
29 74
17 49
17 46
17 50
4 17
17 42
17 76
17 39
17 40
17 18
17 19
17 54
17 74
37 56
37 66
9 37
37 47
22 49
22 45
22 46
22 50
4 22
22 42
22 65
22 76
22 40
18 22
20 22
19 22
22 57
22 74
22 37
57 70
54 70
68 70
2 42
2 76
2 52
2 51
2 20
2 19
2 57
2 54
2 37
2 56
2 70
42 63
63 76
52 63
51 63
19 63
43 63
57 63
63 68
17 63
2 63
30 49
30 45
30 46
30 50
4 30
30 42
30 76
30 52
30 39
30 40
20 30
30 43
30 57
30 54
17 30
2 30
6 39
6 51
6 20
6 43
6 57
6 68
6 37
6 35
33 50
4 33
33 42
33 76
33 52
33 51
18 33
19 33
33 57
33 68
33 37
2 33
31 50
4 31
31 42
31 76
31 39
18 31
20 31
19 31
31 54
31 68
31 37
31 70
31 33
65 79
76 79
39 79
51 79
20 79
19 79
57 79
54 79
37 79
70 79
35 79
50 77
4 77
65 77
76 77
39 77
40 77
19 77
43 77
57 77
74 77
17 77
2 77
33 77
77 79
27 39
27 51
20 27
27 43
27 57
27 74
17 27
2 27
27 33
12 35
16 49
16 45
16 46
16 50
4 16
16 42
16 76
16 52
16 39
16 51
16 18
16 43
16 54
16 74
16 17
16 70
16 30
12 16
16 27
7 16
32 49
32 45
32 46
32 50
4 32
32 42
32 65
32 76
32 39
32 40
20 32
32 43
32 57
32 68
32 37
2 32
32 33
27 32
13 57
13 68
13 17
13 35
13 30
12 13
13 27
13 32
37 59
59 70
30 59
59 79
13 59
59 73
32 59
42 62
62 76
40 62
51 62
20 62
19 62
57 62
62 74
62 68
62 70
30 62
12 62
27 62
17 67
2 67
35 67
12 67
27 67
3 57
3 74
3 68
2 3
3 35
3 12
3 67
3 73
3 32
3 71
21 49
21 45
21 46
21 50
4 21
21 42
21 65
21 76
21 39
21 51
18 21
19 21
0 21
21 74
21 68
2 21
21 33
12 21
21 27
7 21
38 50
4 38
38 65
38 76
38 40
38 51
20 38
19 38
38 43
38 54
38 68
17 38
33 38
12 38
13 38
38 73
32 38
45 75
50 75
4 75
42 75
75 76
52 75
40 75
18 75
19 75
43 75
0 75
54 75
37 75
70 75
33 75
12 75
27 75
67 75
38 75
71 75
6 75
9 75
29 75
56 75
62 75
15 49
15 46
15 50
4 15
15 65
15 76
15 39
15 40
15 18
15 19
0 15
15 74
15 68
15 70
15 30
15 79
13 15
15 67
15 63
15 71
15 21
15 29
15 77
10 42
10 76
10 39
10 18
10 20
10 19
0 10
10 68
10 37
10 70
10 33
10 12
10 13
10 67
10 63
10 32
10 21
9 10
1 45
1 46
1 50
1 4
1 42
1 76
1 39
1 18
1 20
1 43
0 1
1 68
1 17
1 2
1 33
1 79
1 67
1 7
1 38
1 32
1 21
50 72
4 72
72 76
52 72
40 72
51 72
20 72
19 72
0 72
72 74
68 72
70 72
30 72
72 79
27 72
7 72
63 72
36 72
21 72
26 33
12 26
13 26
7 26
26 38
26 36
26 72
9 26
26 77
1 26
26 56
49 53
50 53
4 53
42 53
53 65
53 76
39 53
40 53
18 53
19 53
43 53
53 54
17 53
35 53
33 53
53 79
13 53
53 73
53 63
53 71
6 53
53 72
29 53
1 53
53 75
13 25
7 25
25 38
25 32
21 25
9 25
34 52
34 40
18 34
19 34
34 57
34 54
34 68
2 34
33 34
12 34
13 34
34 73
34 63
32 34
34 71
9 34
29 34
33 58
58 79
27 58
58 67
38 58
58 71
21 58
58 72
34 58
10 58
56 58
14 50
4 14
14 65
14 52
14 39
14 40
14 18
14 19
14 57
14 54
14 68
14 70
14 30
12 14
13 14
14 73
14 38
14 36
6 14
9 14
14 34
1 14
14 62
8 42
8 76
8 39
8 40
8 20
8 19
8 43
8 54
8 17
2 8
8 33
8 12
8 67
8 73
8 32
8 36
8 71
8 72
8 77
8 10
8 75
8 14
8 58
24 57
24 74
17 24
24 70
24 30
24 79
24 67
7 24
24 32
24 71
6 24
24 72
24 34
24 56
24 75
14 24
24 58
28 49
28 46
28 50
4 28
28 42
28 76
28 40
28 51
18 28
19 28
0 28
28 74
17 28
28 70
28 33
28 79
28 67
28 73
28 32
28 36
28 71
28 29
28 77
28 56
28 62
28 53
24 28
43 44
44 74
37 44
2 44
30 44
44 79
27 44
44 67
44 63
36 44
6 44
29 44
34 44
1 44
44 56
44 53
24 44
25 44
44 64
44 59
44 66
42 48
48 76
48 52
48 51
18 48
19 48
48 54
48 74
37 48
2 48
35 48
12 48
13 48
7 48
48 63
36 48
6 48
29 48
34 48
1 48
48 62
14 48
48 58
44 48
31 48
40 69
18 69
20 69
19 69
43 69
54 69
37 69
69 70
35 69
69 79
27 69
7 69
63 69
32 69
21 69
69 72
34 69
10 69
69 75
5 69
24 69
31 69
41 65
41 76
40 41
41 51
18 41
19 41
41 57
41 54
41 68
2 41
33 41
30 41
27 41
7 41
38 41
41 71
6 41
9 41
29 41
1 41
41 62
41 53
24 41
41 44
31 41
8 41
41 66
41 69
3 41
15 41
11 30
11 12
11 67
11 73
11 63
11 36
11 72
11 29
11 77
1 11
11 62
11 53
11 24
11 25
11 41
11 69
8 11
11 26
11 48
52 78
40 78
20 78
19 78
0 78
54 78
17 78
2 78
35 78
12 78
67 78
73 78
38 78
32 78
21 78
72 78
34 78
1 78
56 78
14 78
5 78
44 78
31 78
69 78
66 78
20 55
19 55
55 57
55 74
17 55
55 70
35 55
55 79
13 55
55 67
55 63
55 71
21 55
9 55
34 55
10 55
55 75
14 55
5 55
31 55
47 55
22 55
8 55
15 55
55 59
49 61
45 61
46 61
50 61
4 61
42 61
61 76
52 61
40 61
51 61
18 61
19 61
0 61
54 61
61 68
2 61
35 61
12 61
61 67
7 61
38 61
32 61
6 61
29 61
61 77
10 61
61 75
14 61
58 61
25 61
47 61
3 61
61 66
55 61
16 61
61 78
28 61
60 65
52 60
40 60
51 60
20 60
19 60
0 60
54 60
17 60
60 70
33 60
60 79
60 67
7 60
38 60
32 60
21 60
60 72
60 77
10 60
56 60
5 60
24 60
25 60
31 60
22 60
8 60
48 60
16 60
60 61
15 60
60 64
28 55
55 78
59 78
64 78
11 78
23 49
23 45
23 46
23 50
4 23
23 42
23 65
23 76
23 39
23 40
18 23
19 23
23 57
23 54
23 37
23 70
23 33
23 79
13 23
23 73
23 63
23 36
21 23
23 72
23 77
10 23
23 56
23 53
23 58
23 44
23 47
3 23
23 66
23 26
23 48
23 59
11 23
23 28
11 64
16 41
22 69
15 69
8 69
26 69
48 69
48 66
15 48
28 48
28 44
28 47
22 28
26 28
15 28
24 66
24 26
8 24
3 8
8 16
8 26
14 59
14 66
14 58
14 47
5 14
47 58
22 58
16 58
58 64
31 58
34 56
34 47
16 34
1 34
25 34
10 25
25 62
25 53
5 25
16 25
3 25
15 25
25 31
22 25
26 53
15 53
53 64
16 53
3 53
26 31
26 47
26 64
16 26
31 72
22 72
1 72
56 72
47 72
1 10
1 62
1 22
1 16
1 56
10 64
10 47
10 31
10 59
10 15
15 75
5 15
3 15
15 59
64 75
31 75
16 75
22 75
9 38
38 66
21 38
5 38
38 62
38 56
38 77
21 36
21 77
5 21
21 56
16 21
3 21
3 9
3 77
3 56
3 62
3 5
3 22
3 59
3 66
9 67
56 67
62 67
66 67
36 62
6 62
9 62
29 62
47 62
59 62
62 66
5 62
6 36
36 56
16 36
36 59
36 64
6 59
9 59
59 77
5 59
47 59
59 66
16 59
13 29
13 66
13 64
13 22
5 13
13 73
32 73
16 32
32 47
32 77
5 32
9 16
16 22
16 64
9 12
12 27
7 12
12 66
27 73
6 27
27 63
7 27
27 77
27 31
27 47
27 71
73 77
9 77
5 77
31 77
64 77
66 77
5 79
71 79
22 79
29 79
31 79
64 79
63 79
7 31
31 63
31 71
6 31
5 31
31 47
29 33
6 33
33 56
33 73
6 30
6 73
6 63
6 66
6 29
6 47
6 22
6 9
35 56
30 35
35 47
35 71
22 30
9 30
30 63
7 30
30 66
5 30
30 64
30 47
30 56
63 73
63 71
47 63
29 63
22 63
63 64
2 64
2 29
2 66
2 7
56 70
70 73
9 70
22 70
5 70
47 70
22 73
22 71
22 29
5 22
22 47
22 64
17 37
37 71
37 73
5 37
17 56
17 66
9 17
17 64
17 29
7 17
17 71
7 29
29 71
9 29
29 64
29 66
54 74
56 74
9 74
66 74
71 74
7 74
64 74
68 74
73 74
56 68
66 68
9 68
5 68
47 68
5 7
5 9
5 56
43 47
43 71
43 64
43 73
7 73
9 73
47 73
18 20
18 57
19 20
20 56
9 20
20 66
20 71
20 64
7 20
7 19
7 57
7 64
7 71
7 56
51 64
47 51
51 57
0 64
64 71
47 64
64 66
39 57
39 40
19 40
40 56
40 66
9 40
40 71
40 57
40 47
47 52
19 57
0 57
56 57
57 66
9 57
57 71
47 65
47 76
19 47
0 47
71 76
19 71
66 71
9 71
19 76
56 76
66 76
9 76
19 66
0 66
56 66
9 19
0 9
19 56
49 56
0 56
