80 632
8 31
8 59
21 59
31 68
59 68
8 9
9 21
9 68
18 31
18 59
9 18
21 27
27 68
18 27
7 31
7 59
7 9
7 27
8 12
12 21
12 68
12 18
7 12
31 36
36 59
9 36
27 36
12 36
21 40
40 68
18 40
7 40
36 40
21 25
25 68
7 25
25 31
25 59
9 25
25 27
20 68
20 25
2 31
2 59
2 9
2 27
21 33
33 68
7 33
11 31
11 59
9 11
11 27
11 12
21 58
58 68
7 58
11 58
25 58
28 31
28 59
9 28
22 68
7 22
22 25
22 28
31 56
63 68
7 63
36 63
11 63
2 63
31 69
59 69
9 69
27 69
21 74
68 74
7 74
11 74
69 74
28 74
31 48
48 59
9 48
42 48
42 63
42 59
22 42
2 5
5 69
5 64
5 74
31 75
60 75
47 66
31 66
21 71
68 71
7 71
11 71
25 71
69 71
48 71
71 74
71 75
66 71
51 74
21 55
55 68
7 55
11 55
25 55
28 55
55 64
55 63
55 59
48 53
53 56
53 59
53 55
5 53
19 31
19 59
25 62
28 62
19 62
56 62
62 75
55 62
38 62
0 62
51 62
40 54
31 67
59 67
24 67
24 63
24 59
24 66
24 31
24 53
3 5
0 3
3 12
3 71
31 79
2 78
28 78
64 78
63 78
78 79
22 78
54 78
0 78
51 78
43 79
43 47
22 43
43 53
3 43
15 43
31 73
39 73
3 73
6 73
20 73
43 73
29 73
4 19
4 63
4 59
4 22
4 5
4 39
3 4
4 20
48 52
52 74
47 52
52 55
38 52
0 52
51 52
21 46
46 68
18 46
7 46
36 46
11 46
25 46
46 69
46 64
46 56
46 47
46 55
5 46
39 46
12 46
10 31
10 37
47 76
66 76
54 76
37 76
13 25
13 69
13 19
13 56
13 74
13 47
13 54
0 13
13 76
13 46
4 13
23 25
23 28
23 64
23 63
23 79
22 23
23 31
0 23
23 76
59 77
55 77
37 77
39 77
51 77
70 77
20 77
25 26
26 28
19 26
26 74
26 59
26 55
5 26
26 37
26 51
26 46
24 26
28 44
44 74
44 75
44 55
38 44
39 44
44 76
6 44
24 44
23 44
44 52
42 44
27 44
44 58
31 32
32 37
32 76
6 32
12 30
30 46
16 21
16 68
16 18
7 16
16 36
16 25
2 16
16 69
16 64
16 63
16 74
16 22
16 31
16 39
3 16
15 16
16 30
16 43
59 61
61 66
5 61
0 61
51 61
61 70
20 61
23 61
27 61
16 61
21 35
35 68
7 35
35 36
2 35
35 69
35 64
35 56
35 79
35 66
22 35
35 53
35 51
6 35
24 35
23 35
35 61
47 49
49 66
38 49
0 49
12 49
49 70
4 49
29 49
35 49
16 49
33 49
49 50
42 49
49 60
17 30
4 17
17 35
1 25
1 28
1 19
1 74
1 59
1 22
1 31
1 37
1 12
1 6
1 4
1 26
1 27
5 57
37 57
57 76
3 57
4 57
43 57
57 58
52 57
1 57
14 57
13 57
68 72
11 72
2 72
28 72
48 72
72 74
47 72
22 72
54 72
37 72
51 72
6 72
72 73
29 72
27 72
57 72
71 72
40 72
41 72
50 72
1 17
1 71
34 67
34 74
34 75
34 55
34 54
34 39
34 51
15 34
4 34
34 43
34 58
1 34
17 34
34 71
64 65
65 74
59 65
55 65
31 65
53 65
12 65
65 70
65 73
23 65
61 65
16 65
34 65
60 65
32 65
65 78
13 34
1 78
9 45
13 45
17 45
14 45
13 17
17 42
9 35
35 41
35 40
60 61
13 61
16 62
10 16
16 32
30 60
30 40
30 33
30 32
30 62
10 30
32 44
32 77
9 32
32 52
10 32
26 44
26 77
26 33
26 40
26 41
26 52
10 77
58 77
50 77
77 78
42 77
23 70
33 70
24 70
41 70
23 24
23 43
13 23
14 23
10 13
33 76
14 76
27 76
10 76
20 76
10 46
10 29
10 52
10 40
20 46
14 46
42 46
46 52
46 71
4 52
33 52
50 52
4 50
29 50
50 60
14 50
9 29
29 62
29 41
24 73
58 73
14 73
43 78
43 60
43 71
15 27
15 40
15 78
20 78
62 78
33 78
42 78
9 79
58 79
33 79
22 79
41 79
41 55
31 41
37 41
3 41
20 41
41 62
33 41
14 41
3 24
3 58
9 24
24 27
24 42
14 67
47 67
33 67
9 67
14 63
14 59
14 55
14 54
14 39
14 58
14 71
6 54
6 39
6 12
6 60
6 62
6 9
58 62
42 62
9 62
19 39
39 74
39 75
39 47
38 39
39 60
39 53
53 71
12 53
27 53
42 53
40 53
33 53
27 55
51 55
38 51
0 51
40 51
38 71
27 38
38 58
20 38
20 71
27 71
60 71
60 66
5 66
40 66
12 66
9 66
22 66
5 60
12 60
42 60
5 75
5 31
5 37
5 9
5 12
37 42
20 37
12 42
48 64
20 48
31 64
64 74
27 64
40 64
59 64
58 64
12 64
31 74
20 74
63 69
40 69
12 69
33 69
20 69
56 63
31 63
27 63
20 63
22 63
47 63
9 63
33 63
22 56
12 56
56 59
56 58
40 56
22 31
22 58
0 22
28 47
28 58
27 28
0 58
20 58
40 58
11 33
11 47
2 33
33 47
31 33
27 33
33 40
2 20
2 40
2 12
20 47
25 40
12 25
25 47
40 59
9 40
12 59
9 12
7 47
27 47
9 27
0 9
47 68
31 59
21 31
31 47
0 31
21 47
0 47
