80 316
5 75
32 75
71 75
56 71
18 55
32 58
18 58
5 58
25 75
25 58
25 46
46 50
39 50
18 39
10 33
1 33
16 27
26 75
26 55
16 26
56 65
55 65
33 65
28 65
5 65
14 46
14 59
46 73
59 73
28 73
32 73
71 74
74 79
18 74
19 33
19 46
19 74
14 19
56 69
55 69
6 56
6 58
6 52
6 17
6 78
20 78
1 20
2 56
2 55
2 58
2 17
10 37
2 37
16 31
31 39
31 37
20 31
41 50
23 48
27 48
14 23
58 68
16 60
60 70
6 60
33 42
42 70
6 42
27 42
56 63
55 63
52 63
63 70
50 63
42 63
41 63
63 65
19 63
26 63
6 66
32 66
44 66
50 53
14 53
44 53
6 57
14 57
27 57
45 57
57 66
60 77
18 77
10 77
68 77
57 77
33 64
46 64
6 64
42 64
49 50
42 49
32 49
49 64
8 16
8 46
8 28
8 23
8 49
6 40
6 12
12 21
12 44
5 13
13 20
13 27
13 69
12 13
13 68
50 62
5 62
62 71
13 62
62 78
31 62
38 74
21 38
38 79
38 62
38 72
2 72
27 47
45 47
38 47
8 47
47 64
47 72
26 72
38 64
10 38
34 71
34 62
24 34
34 66
60 76
63 76
3 71
3 40
3 67
3 8
3 31
3 66
65 67
67 76
5 30
30 32
30 44
61 73
30 61
30 67
27 43
7 43
33 51
51 70
50 51
22 24
22 51
49 51
7 51
29 51
8 29
35 60
7 35
19 35
2 35
11 44
11 18
11 51
8 11
11 35
11 30
29 35
26 29
54 56
54 58
33 54
54 70
28 54
32 54
54 60
18 54
51 54
0 54
54 73
54 76
19 51
7 64
10 43
26 43
43 65
30 43
12 30
34 76
25 76
25 34
9 71
9 13
1 9
9 12
4 75
4 56
4 55
4 58
4 16
4 59
4 28
4 23
4 79
4 18
1 4
4 9
4 68
4 57
9 53
12 19
12 65
21 40
21 79
40 49
18 40
10 40
2 40
8 40
49 78
64 77
64 78
57 68
24 45
45 53
53 66
25 53
31 53
26 44
63 66
18 42
42 69
42 60
60 79
24 60
32 70
68 70
5 70
5 68
23 68
41 68
1 68
23 41
10 23
23 32
41 79
31 41
10 41
41 65
0 31
15 73
15 36
31 36
25 37
2 20
2 71
2 19
2 73
20 71
10 78
0 78
65 78
5 52
52 69
17 69
50 69
69 79
19 69
18 69
25 69
1 69
26 74
73 79
24 73
59 71
14 28
14 25
14 26
14 65
26 28
5 28
24 26
17 27
27 71
1 27
17 25
1 17
1 5
1 25
33 71
32 33
10 39
32 50
18 46
25 32
58 71
55 71
5 55
32 55
32 56
5 56
5 24
0 24
