80 948
2 48
2 43
48 79
43 79
2 6
6 79
48 51
43 51
6 51
2 50
50 79
50 51
48 64
43 64
6 64
50 64
9 50
2 9
9 79
9 51
32 48
32 43
6 32
32 50
9 32
6 61
2 61
61 79
51 61
48 54
43 54
6 54
50 54
9 54
54 61
2 75
75 79
51 75
0 75
32 75
64 75
27 48
27 43
6 27
27 50
9 27
27 61
27 75
2 46
46 79
46 51
46 64
32 46
3 48
3 43
3 6
3 50
3 9
3 61
3 75
3 46
2 70
70 79
51 70
32 70
39 50
39 61
39 70
2 52
52 79
51 52
30 48
30 43
6 30
30 50
9 30
30 61
30 75
30 52
9 67
61 67
67 70
2 35
35 79
35 51
12 48
12 43
6 12
12 50
9 12
12 75
12 35
12 52
2 23
23 79
23 51
1 6
1 61
1 70
1 35
1 23
46 56
52 56
23 56
2 56
56 79
62 67
56 62
6 25
25 61
25 70
25 35
23 25
42 48
42 43
6 42
42 50
9 42
42 61
42 75
35 42
42 52
2 42
42 79
42 64
42 54
24 43
6 24
24 50
9 24
24 61
24 75
24 46
24 52
23 24
24 42
24 25
2 24
57 70
52 57
57 67
42 57
2 41
41 79
46 78
35 78
67 78
42 78
41 78
6 18
18 50
9 18
18 61
18 70
18 35
18 67
18 42
18 25
2 18
37 43
6 37
37 50
37 61
37 70
37 52
23 37
37 42
2 22
22 79
22 54
22 37
22 71
14 75
14 35
14 23
14 56
14 25
2 14
14 79
19 67
19 56
19 25
14 19
19 32
22 68
14 68
37 68
48 53
43 53
6 53
50 53
9 53
53 61
46 53
35 53
23 53
53 56
22 53
18 53
37 53
2 53
5 48
5 43
5 6
5 50
5 9
5 61
5 70
5 35
5 67
5 42
5 22
5 18
5 24
5 53
3 5
50 76
61 76
70 76
52 76
67 76
56 76
25 76
14 76
24 76
68 76
0 76
26 43
6 26
9 26
26 61
26 70
26 35
23 26
26 42
25 26
24 26
26 37
26 57
3 26
26 76
26 51
13 67
13 42
13 22
13 18
13 24
13 68
66 67
42 66
22 66
18 66
37 66
53 66
2 66
28 48
28 43
6 28
28 50
9 28
28 75
28 70
28 35
23 28
28 67
28 56
14 28
28 32
28 68
28 66
49 56
24 49
32 49
49 53
0 49
13 49
33 67
33 56
25 33
18 33
24 33
33 68
0 33
33 49
11 32
11 53
3 11
11 49
22 40
14 40
32 40
40 53
0 40
40 64
11 40
31 66
31 49
43 65
6 65
9 65
61 65
65 70
52 65
23 65
56 65
41 65
18 65
24 65
65 68
0 65
64 65
4 65
24 29
29 53
3 29
29 76
26 29
4 29
3 77
49 77
65 77
4 77
43 44
6 44
44 50
9 44
44 46
35 44
44 67
44 56
25 44
18 44
37 44
44 68
3 44
44 64
11 44
6 20
20 75
20 70
20 35
20 23
20 42
20 41
18 20
20 24
20 57
20 66
20 49
20 26
8 22
8 18
8 24
8 53
3 8
8 76
8 11
8 20
8 77
8 44
8 71
6 21
21 50
9 21
21 61
21 46
21 52
21 67
21 56
21 25
14 21
21 37
21 53
21 66
21 49
21 26
4 21
21 44
25 34
14 34
34 37
34 57
34 66
34 76
11 34
23 55
42 55
41 55
14 55
24 55
53 55
0 55
55 76
26 55
55 74
20 55
34 55
55 71
33 55
40 55
5 55
25 45
41 45
24 45
45 57
45 66
45 64
11 45
4 45
19 45
44 45
45 71
3 72
72 76
11 72
31 72
19 72
1 72
30 72
21 72
45 72
10 43
6 10
10 50
9 10
10 61
10 75
10 46
10 35
10 23
10 42
10 25
10 14
10 32
10 57
3 10
10 64
10 65
10 74
10 20
1 10
10 30
10 72
10 13
10 79
10 45
10 28
2 10
10 27
8 10
10 54
15 41
15 18
15 37
15 57
0 15
15 49
15 65
15 31
15 77
1 15
15 29
15 72
36 50
9 36
36 46
35 36
23 36
36 56
25 36
18 36
36 37
36 57
0 36
36 76
36 64
4 36
19 36
1 36
30 36
16 48
16 43
6 16
16 50
9 16
16 75
16 46
16 52
16 23
16 56
16 25
14 16
16 37
16 57
16 66
16 64
16 26
16 31
16 77
16 44
16 30
37 38
38 53
38 68
3 38
38 65
4 38
38 77
34 38
21 38
16 38
36 38
38 79
63 71
33 63
13 63
5 63
45 63
63 78
38 63
47 70
35 47
23 47
47 56
22 47
18 47
37 47
47 68
3 47
47 64
11 47
31 47
19 47
7 41
7 14
7 24
7 53
0 7
7 64
7 65
7 20
7 19
7 34
7 71
7 54
7 30
7 40
26 60
60 74
20 60
7 60
29 60
33 60
36 60
60 79
45 60
28 60
2 60
17 32
17 57
0 17
17 49
11 17
17 31
17 44
7 17
17 29
16 17
17 36
15 17
17 55
17 28
59 65
31 59
19 59
1 59
29 59
16 59
13 59
5 59
39 59
28 59
51 59
27 59
17 59
25 73
41 73
32 73
57 73
3 73
73 76
65 73
31 73
44 73
1 73
30 73
21 73
40 73
5 73
55 73
62 73
51 73
59 73
17 73
73 78
17 60
17 47
54 60
8 60
1 7
7 51
7 39
7 47
47 71
33 47
13 47
15 47
47 63
37 69
57 69
66 69
49 69
65 69
4 69
20 69
44 69
21 69
33 69
69 72
5 69
39 69
2 69
28 69
47 69
69 78
8 69
2 47
38 47
47 54
51 63
12 63
26 58
4 58
20 58
34 58
30 58
58 72
36 58
15 58
39 58
55 58
12 58
38 58
8 58
54 58
2 38
38 78
12 38
16 36
16 39
16 28
13 16
16 62
12 16
36 79
36 45
15 36
8 36
15 45
15 54
15 28
15 27
51 72
2 72
62 72
45 55
8 45
2 45
27 55
55 62
74 79
74 78
34 74
19 74
33 74
39 74
27 74
20 34
28 34
2 34
34 79
27 34
21 34
13 34
5 34
21 71
12 21
21 54
8 21
5 21
21 27
8 40
8 27
20 44
20 51
20 27
20 30
1 20
44 77
13 44
28 44
44 79
29 44
19 77
39 77
12 77
29 77
71 77
77 78
5 77
5 29
13 29
29 40
29 30
29 62
29 33
2 4
4 28
4 13
4 30
4 5
31 65
39 65
54 65
65 79
65 71
31 40
1 31
31 62
12 31
31 51
31 71
19 40
33 40
27 40
5 40
2 40
40 51
12 40
11 19
11 33
11 78
2 11
11 27
11 54
19 33
1 33
33 79
33 78
33 54
30 49
12 49
28 49
49 54
49 64
26 28
28 30
13 28
28 39
62 66
3 66
54 66
13 66
1 66
27 66
19 66
13 26
13 54
13 39
13 78
26 30
12 26
26 62
1 26
19 76
51 76
1 76
5 76
76 78
39 76
76 79
5 64
2 5
5 51
53 68
53 78
53 54
53 71
0 53
2 68
27 68
62 68
30 68
19 68
1 68
51 68
39 68
2 19
19 54
19 62
14 51
0 14
12 14
14 64
14 71
14 39
32 71
0 71
64 71
51 71
2 71
27 71
39 71
22 64
12 22
22 32
22 30
22 27
3 22
22 51
18 37
32 37
2 37
37 64
37 54
37 57
18 54
18 79
1 18
18 32
18 78
24 78
0 78
1 78
30 78
78 79
51 78
12 78
41 57
1 41
30 41
3 41
27 41
41 62
24 57
2 57
39 57
3 57
12 57
57 64
57 79
24 30
24 39
12 24
12 42
25 42
3 42
30 42
32 42
2 25
25 79
25 62
25 39
0 25
32 62
62 64
1 62
62 79
39 62
54 62
27 62
51 62
39 56
51 56
27 56
1 56
0 56
1 32
1 12
23 32
23 27
12 23
3 12
12 79
12 51
12 27
27 35
3 35
35 67
2 67
67 79
0 67
39 67
54 67
51 67
3 67
64 67
30 67
3 30
30 79
52 64
52 54
27 52
0 52
39 52
32 52
39 79
39 54
64 70
0 70
54 70
3 70
3 32
2 3
27 46
46 54
0 46
27 32
27 64
54 75
0 61
32 61
61 64
2 32
0 32
32 51
32 79
9 64
0 9
0 64
2 64
0 50
0 51
0 6
0 79
0 43
0 2
0 48
