80 1580
32 60
53 60
32 75
53 75
60 76
75 76
32 73
53 73
73 76
60 68
68 75
68 73
32 62
53 62
62 76
62 68
62 75
32 59
53 59
59 76
59 68
59 75
59 60
59 73
59 62
3 32
3 53
3 76
3 68
3 75
3 59
32 34
34 53
34 76
34 68
34 75
34 60
34 62
34 73
3 34
32 64
53 64
64 76
64 68
64 75
59 64
34 64
32 65
53 65
65 76
65 68
65 75
59 65
34 65
60 65
62 65
65 73
3 65
64 65
30 32
30 53
30 76
30 68
30 75
30 59
30 34
30 65
14 60
14 62
14 73
14 64
3 14
14 30
20 32
20 53
20 76
20 68
20 75
20 59
20 34
20 65
14 20
32 52
52 75
34 52
52 60
52 73
52 62
3 52
52 64
30 52
20 52
11 32
11 53
11 76
11 68
11 75
11 59
11 34
11 65
11 14
11 52
23 32
23 76
23 75
23 34
14 23
23 60
23 73
23 62
23 64
3 23
23 30
20 23
10 32
10 53
10 76
10 68
10 75
10 59
10 34
10 65
10 14
10 52
10 23
32 37
37 68
37 75
37 59
37 65
14 37
37 60
37 62
37 73
37 64
3 37
30 37
20 37
32 72
53 72
72 76
68 72
72 75
59 72
34 72
65 72
14 72
52 72
23 72
37 72
32 67
67 76
67 75
59 67
65 67
52 67
23 67
60 67
67 73
62 67
64 67
3 67
30 67
20 67
10 67
32 33
33 53
33 76
33 68
33 75
33 59
33 34
33 65
14 33
33 52
23 33
33 37
33 67
32 46
46 68
46 75
46 59
34 46
14 46
37 46
46 60
46 73
46 62
3 46
46 64
20 46
30 46
46 72
9 32
9 53
9 76
9 68
9 75
9 59
9 34
9 65
9 14
9 52
9 23
9 37
9 67
9 46
32 57
53 57
57 76
57 68
57 75
57 59
34 57
57 65
14 57
23 57
57 67
57 60
57 73
57 62
57 64
3 57
30 57
20 57
11 57
57 72
33 57
32 41
41 53
41 76
41 68
41 75
41 59
34 41
41 65
14 41
41 52
23 41
37 41
41 67
41 46
41 57
18 60
18 73
18 62
3 18
18 64
18 30
18 20
18 72
11 18
10 18
18 41
9 18
18 33
32 35
35 53
35 76
35 68
35 75
35 59
34 35
35 65
14 35
35 52
23 35
35 57
18 35
60 69
69 73
62 69
64 69
3 69
30 69
20 69
33 69
60 61
61 62
61 73
3 61
61 64
30 61
20 61
5 37
5 57
5 61
12 32
12 53
12 76
12 68
12 75
12 59
12 34
12 65
12 14
12 52
12 23
12 37
12 67
12 46
12 57
12 60
12 62
12 73
3 12
12 64
12 30
12 20
29 75
29 52
29 37
29 57
12 29
29 60
24 32
24 75
24 65
23 24
24 37
24 46
18 24
24 69
24 73
24 62
3 24
24 64
17 32
17 75
17 65
17 52
17 67
17 57
12 17
17 60
17 24
32 56
53 56
56 76
56 68
56 75
56 59
34 56
56 65
14 56
52 56
23 56
37 56
56 67
56 57
12 56
56 69
56 60
56 73
56 62
3 56
56 64
16 37
16 57
16 18
16 69
16 56
19 75
19 34
19 65
19 23
19 37
19 57
12 19
19 69
19 24
19 56
19 73
19 62
3 19
19 64
32 58
53 58
58 76
58 68
58 75
58 59
58 65
14 58
37 58
58 67
58 61
12 58
58 60
19 58
32 66
66 68
66 75
59 66
14 66
52 66
23 66
66 67
57 66
60 66
24 66
19 66
66 73
62 66
32 42
42 75
42 59
34 42
14 42
42 52
37 42
42 57
42 61
42 60
42 56
42 66
3 42
47 75
47 59
34 47
23 47
47 67
46 47
47 61
12 47
47 60
47 66
3 47
47 73
47 62
32 79
53 79
76 79
68 79
75 79
59 79
34 79
52 79
23 79
46 79
18 79
60 79
24 79
19 79
47 79
4 75
4 52
4 37
4 46
4 12
4 60
4 24
4 19
4 66
4 47
4 79
4 16
4 73
4 62
4 30
32 40
40 68
40 75
34 40
14 40
23 40
40 67
40 46
40 61
40 60
24 40
19 40
3 40
40 42
4 40
18 74
60 74
24 74
56 74
3 74
47 74
32 70
68 70
70 75
59 70
65 70
52 70
67 70
46 70
12 70
69 70
60 70
19 70
66 70
42 70
16 70
70 73
49 75
49 52
49 67
46 49
18 49
12 49
49 60
49 56
3 49
42 49
49 70
49 74
0 49
49 58
32 77
53 77
76 77
68 77
75 77
59 77
65 77
23 77
67 77
46 77
57 77
60 77
24 77
56 77
3 77
47 77
70 77
74 77
40 77
58 77
33 77
7 18
7 60
7 24
7 19
7 66
7 42
4 7
7 74
7 40
7 58
7 77
13 32
13 75
13 65
13 52
13 67
13 46
13 18
13 69
13 24
13 19
3 13
13 47
13 70
13 74
0 13
13 40
13 77
36 37
36 57
18 36
36 60
36 56
19 36
36 66
36 42
36 70
29 36
0 36
36 40
36 58
13 36
36 79
10 36
18 26
26 69
26 60
19 26
3 26
26 42
26 70
26 29
26 40
26 62
26 33
26 77
3 54
42 54
4 54
29 54
0 54
54 58
33 54
54 77
10 54
27 32
27 53
27 76
27 75
27 59
27 34
27 65
27 52
23 27
27 46
18 27
12 27
27 60
27 56
27 66
27 47
27 70
27 29
27 74
27 62
27 33
27 79
27 54
18 71
12 71
24 71
19 71
66 71
47 71
70 71
71 74
0 71
62 71
71 77
13 71
54 71
10 71
35 71
20 71
71 72
32 45
45 53
45 76
45 68
45 75
45 59
34 45
45 52
37 45
45 46
45 61
12 45
45 60
45 66
45 47
42 45
45 70
29 45
0 45
45 58
45 77
13 45
10 45
45 71
26 45
18 38
38 60
24 38
38 56
38 66
38 47
38 70
38 74
38 40
38 58
33 38
38 79
38 54
38 71
21 32
21 53
21 76
21 68
21 75
21 59
21 34
21 65
14 21
21 23
21 37
21 46
18 21
12 21
21 24
19 21
3 21
21 47
4 21
21 29
21 40
21 58
21 77
13 21
10 21
17 21
21 64
16 21
32 78
53 78
76 78
68 78
75 78
59 78
34 78
65 78
14 78
23 78
67 78
46 78
12 78
69 78
60 78
56 78
3 78
42 78
70 78
74 78
0 78
58 78
33 78
13 78
10 78
17 78
21 78
41 78
20 78
49 78
16 78
28 67
28 46
18 28
12 28
24 28
28 56
28 66
28 47
28 70
28 29
0 28
28 58
28 33
28 77
10 28
17 28
26 28
21 28
20 28
28 49
32 55
53 55
55 75
34 55
55 65
52 55
23 55
55 57
55 61
55 69
24 55
55 56
3 55
47 55
55 70
55 74
40 55
55 62
33 55
13 55
55 79
17 55
55 71
38 55
32 48
48 75
48 59
34 48
48 65
48 52
48 67
46 48
48 57
48 69
48 60
48 56
3 48
42 48
48 70
48 74
40 48
48 62
33 48
13 48
48 54
48 71
26 48
38 48
36 48
27 48
22 32
22 53
22 75
22 34
22 65
22 23
22 37
22 46
18 22
22 69
22 60
22 56
22 66
22 42
22 70
22 29
22 40
22 58
22 77
13 22
22 54
17 22
22 71
22 41
22 48
31 32
31 53
31 76
31 68
31 75
31 59
31 34
31 65
14 31
31 52
23 31
31 46
31 57
31 69
31 60
19 31
3 31
31 42
4 31
31 74
31 40
31 62
31 77
31 79
10 31
31 71
21 31
31 38
31 41
31 48
6 37
6 57
6 61
6 69
6 60
6 56
6 66
6 47
6 70
6 29
6 40
6 62
6 58
6 13
6 79
6 17
6 71
6 21
6 41
6 31
6 55
6 16
5 6
63 67
57 63
18 63
60 63
24 63
19 63
3 63
42 63
4 63
29 63
0 63
62 63
33 63
13 63
10 63
17 63
26 63
41 63
48 63
49 63
55 63
28 63
5 63
9 63
27 63
25 75
25 52
23 25
25 67
25 61
25 69
25 60
19 25
3 25
25 47
4 25
25 29
0 25
25 40
25 58
13 25
25 79
17 25
25 26
25 38
25 41
25 31
16 25
25 73
5 25
25 63
1 32
1 68
1 75
1 59
1 65
1 52
1 37
1 67
1 57
1 69
1 60
1 56
1 3
1 42
1 4
1 29
1 40
1 62
1 77
1 79
1 54
1 17
1 21
1 38
1 48
1 49
1 55
1 28
1 36
1 50
1 11
1 72
1 25
43 54
10 43
21 43
38 43
20 43
31 43
43 49
28 43
36 43
5 43
1 43
6 43
30 43
2 32
2 53
2 76
2 68
2 75
2 34
2 65
2 52
2 37
2 57
2 61
2 69
2 24
2 56
2 66
2 47
2 4
2 29
0 2
2 62
2 33
2 77
2 10
2 17
2 71
2 38
2 20
2 31
2 55
2 73
2 36
2 50
2 11
1 2
2 9
8 75
8 23
8 37
8 67
8 12
8 69
8 24
8 19
8 66
8 42
4 8
8 74
8 40
8 62
8 58
8 13
8 54
8 17
8 71
8 41
8 48
8 49
8 16
8 73
5 8
8 50
8 11
6 8
2 8
8 27
8 45
8 22
7 8
15 32
15 53
15 76
15 68
15 75
15 59
15 34
15 65
14 15
15 52
15 23
15 37
15 67
15 46
15 57
12 15
15 60
15 56
15 66
15 42
4 15
15 29
0 15
15 58
15 77
13 15
15 54
10 15
15 71
15 38
15 41
15 48
15 55
15 16
15 36
5 15
11 15
1 15
2 15
15 27
15 25
8 15
15 64
15 78
15 72
15 22
8 9
39 54
10 39
26 39
38 39
20 39
39 48
39 49
16 39
5 39
39 50
39 63
0 51
51 62
33 51
13 51
51 79
17 51
26 51
21 51
20 51
31 51
51 55
51 73
36 51
50 51
11 51
35 51
7 51
51 64
39 51
45 51
51 72
4 44
44 74
40 44
44 62
44 77
44 79
10 44
44 71
26 44
41 44
20 44
44 48
16 44
44 73
36 44
44 50
44 63
6 44
44 51
2 44
25 44
44 45
44 78
44 72
35 44
44 64
22 51
30 51
30 39
27 39
39 43
8 39
39 64
22 39
39 72
7 39
2 35
2 45
2 22
2 43
9 43
43 72
25 43
43 64
7 43
1 78
1 7
1 45
1 22
6 25
25 30
9 25
25 45
22 25
25 78
7 63
63 78
6 63
45 63
30 63
22 63
6 11
6 30
6 27
6 9
6 78
6 72
31 36
11 31
22 31
31 72
27 31
31 73
31 55
31 45
31 35
16 22
22 73
22 28
22 50
22 78
7 22
35 48
48 73
48 55
7 48
30 48
48 50
55 73
11 55
28 55
16 55
55 64
9 55
30 55
5 55
28 73
9 28
28 78
11 28
28 72
28 36
28 30
5 28
27 28
36 78
30 78
27 78
9 78
35 78
21 38
21 49
9 21
21 73
21 30
21 50
5 21
20 21
21 36
30 38
35 38
9 38
11 38
38 45
38 73
38 49
38 41
20 45
45 49
16 45
36 45
27 45
35 45
45 64
45 72
11 71
41 71
27 71
9 71
26 27
27 41
27 49
27 73
11 27
27 30
7 27
27 35
7 54
9 54
54 73
11 54
26 54
30 54
49 54
16 54
50 54
10 26
26 35
26 50
11 26
5 26
7 26
26 36
26 41
20 26
26 72
36 49
11 36
7 36
36 64
9 36
13 41
13 73
13 72
13 20
13 17
7 13
5 13
7 17
7 41
7 20
7 16
7 73
7 30
7 9
7 35
20 77
50 77
49 77
73 77
11 77
77 79
16 77
49 79
17 49
41 49
16 49
49 64
9 49
5 49
35 49
62 70
70 72
10 70
20 70
70 74
58 70
50 70
9 70
70 79
29 74
5 74
30 74
72 74
10 74
40 74
17 74
41 74
62 74
9 74
33 74
11 74
0 40
40 73
40 64
40 50
33 40
5 40
40 58
10 40
4 35
4 5
4 41
4 17
4 11
4 64
0 4
4 33
4 29
29 79
0 79
62 79
58 79
35 79
50 79
9 79
30 79
10 79
64 79
72 79
5 79
20 79
5 47
42 47
17 47
41 47
30 47
9 47
11 47
47 64
20 47
47 50
42 73
42 62
29 42
0 42
10 42
42 58
35 42
5 42
42 72
33 42
64 66
3 66
30 66
41 66
16 66
58 66
35 66
33 66
29 66
11 66
29 58
58 73
33 58
58 72
41 58
58 64
30 58
35 58
11 19
19 33
19 50
19 29
19 20
19 72
16 19
19 35
16 29
0 16
16 62
16 33
16 17
16 41
16 20
16 72
16 50
16 35
56 72
5 56
0 56
17 56
10 56
41 56
9 56
3 17
0 17
17 62
17 33
10 17
17 50
17 73
17 64
17 30
20 24
10 24
0 24
24 30
24 50
24 29
24 33
9 24
29 35
29 50
29 64
0 29
29 73
11 29
20 29
11 12
12 72
12 41
9 12
12 33
10 12
5 12
5 60
5 62
5 33
5 10
5 20
5 73
5 35
5 50
5 72
5 30
50 61
10 61
0 61
50 69
3 50
50 62
41 50
50 73
50 64
35 50
50 72
11 50
11 69
41 69
35 69
0 69
35 60
0 35
35 62
10 35
11 35
35 64
35 72
41 60
0 41
33 41
10 41
41 72
41 64
10 57
9 57
9 60
3 9
0 9
9 62
9 33
9 20
9 11
9 64
9 72
10 46
33 46
11 46
0 46
30 33
10 33
33 64
11 33
33 72
11 67
67 72
60 72
3 72
0 72
20 72
10 37
11 37
0 37
3 10
10 62
10 64
11 23
0 23
11 60
11 62
11 20
11 64
20 60
3 20
0 20
20 62
20 64
20 30
30 60
3 30
0 30
30 73
30 64
0 65
60 64
3 64
64 73
0 34
3 60
3 62
3 73
0 3
0 59
60 62
0 62
73 75
60 73
0 76
60 75
0 75
0 53
0 32
