80 1580
36 46
22 36
46 77
22 77
17 77
0 77
36 77
46 72
22 72
17 72
0 72
36 72
72 77
39 46
22 39
17 39
0 39
36 39
39 72
22 67
0 67
36 67
67 72
67 77
39 67
46 68
22 68
17 68
0 68
36 68
68 72
67 68
41 46
22 41
17 41
0 41
36 41
41 72
41 67
41 77
39 41
41 68
46 56
22 56
17 56
0 56
36 56
56 72
56 67
41 56
2 22
2 36
2 67
2 41
2 77
2 39
46 64
22 64
17 64
0 64
36 64
64 72
64 67
41 64
2 64
46 60
22 60
17 60
0 60
36 60
60 72
60 67
41 60
2 60
60 77
39 60
60 64
56 60
60 68
46 78
22 78
17 78
0 78
36 78
72 78
67 78
41 78
2 78
60 78
35 46
22 35
17 35
0 35
35 36
35 72
35 67
35 41
35 60
35 77
35 39
35 64
35 68
35 56
35 78
13 46
13 22
13 17
0 13
13 36
13 72
13 67
13 41
2 13
13 60
13 35
13 39
46 53
22 53
0 53
36 53
53 67
2 53
53 60
35 53
53 77
53 68
53 56
53 64
53 78
12 46
12 22
12 17
0 12
12 36
12 72
12 67
12 41
2 12
12 60
12 35
12 39
12 53
46 66
22 66
0 66
36 66
66 72
41 66
2 66
35 66
39 66
66 77
64 66
66 68
56 66
66 78
12 66
13 66
11 46
11 22
11 17
0 11
11 36
11 72
11 67
11 41
2 11
11 60
11 35
11 39
11 53
11 66
32 77
32 68
32 64
32 56
32 78
12 32
13 32
44 46
22 44
17 44
0 44
36 44
44 72
44 67
41 44
2 44
44 60
35 44
39 44
44 53
44 66
32 44
5 46
5 22
5 17
0 5
5 36
5 72
5 41
2 5
5 60
5 39
5 53
5 32
5 77
5 64
5 56
5 68
5 78
5 13
5 12
15 46
15 22
15 17
0 15
15 36
15 72
15 67
15 41
2 15
15 60
15 35
15 39
15 53
15 66
15 32
5 15
15 56
11 15
46 73
22 73
17 73
0 73
36 73
72 73
67 73
41 73
35 73
39 73
53 73
5 73
11 73
73 77
64 73
68 73
73 78
13 73
12 73
15 73
3 46
3 22
3 17
0 3
3 36
3 72
3 67
3 41
2 3
3 60
3 35
3 39
3 53
3 66
3 32
3 5
3 56
3 11
3 73
3 15
3 44
3 77
3 68
3 78
34 44
3 34
76 77
68 76
76 78
36 61
5 61
11 61
15 61
61 64
61 76
18 39
18 32
18 56
15 18
18 44
3 18
18 76
18 77
18 68
18 78
38 46
22 38
17 38
0 38
36 38
38 72
38 67
38 41
2 38
38 60
35 38
38 39
38 66
5 38
11 38
38 73
38 64
3 38
18 38
46 59
22 59
17 59
0 59
36 59
59 72
59 67
41 59
59 60
39 59
59 66
32 59
56 59
15 59
59 64
3 59
18 59
46 74
22 74
17 74
0 74
36 74
72 74
67 74
41 74
2 74
60 74
35 74
39 74
66 74
5 74
11 74
73 74
44 74
36 55
39 55
55 66
32 55
55 56
15 55
44 55
55 77
55 68
55 78
12 55
13 55
27 36
27 56
11 27
27 73
27 64
27 55
27 76
27 59
33 36
2 33
33 60
33 39
33 53
33 56
11 33
15 33
33 64
33 55
18 33
46 69
22 69
36 69
69 72
41 69
2 69
60 69
35 69
66 69
5 69
56 69
69 73
64 69
55 69
18 69
69 77
68 69
39 40
40 66
11 40
15 40
40 64
40 55
40 74
40 69
33 40
40 77
22 57
36 57
57 72
41 57
57 60
39 57
53 57
32 57
56 57
57 73
57 64
3 57
57 74
57 59
12 57
40 57
48 59
12 48
62 66
32 62
11 62
15 62
44 62
55 62
62 76
62 69
12 62
22 43
36 43
43 67
41 43
35 43
39 43
43 53
5 43
43 56
43 73
43 44
3 43
18 43
43 59
33 43
40 43
43 77
54 66
32 54
54 56
54 73
54 64
54 55
54 76
54 74
33 54
43 54
54 62
39 47
47 66
11 47
15 47
47 64
47 55
47 76
47 74
12 47
43 47
47 48
47 77
34 47
6 46
6 22
6 17
0 6
6 36
6 72
6 41
2 6
6 60
6 39
6 66
5 6
6 56
6 15
6 44
6 55
6 74
6 69
6 33
6 43
6 48
6 47
9 56
9 15
9 64
9 55
9 18
9 69
9 12
9 43
9 48
9 47
9 77
31 56
15 31
31 44
3 31
31 76
31 59
12 31
31 40
31 43
16 64
3 16
16 76
16 74
12 16
16 40
16 62
16 47
16 77
16 31
1 22
1 36
1 41
1 2
1 60
1 35
1 53
1 32
1 56
1 64
1 44
1 55
1 18
1 74
1 12
1 43
1 62
1 16
1 9
1 31
1 78
24 59
12 24
24 62
16 24
9 24
24 31
24 78
26 53
5 26
11 26
15 26
26 44
26 55
26 76
26 59
26 33
26 40
26 62
46 71
22 71
17 71
0 71
36 71
71 72
67 71
41 71
2 71
60 71
35 71
39 71
53 71
5 71
11 71
71 73
44 71
3 71
18 71
71 74
33 71
40 71
62 71
71 77
19 46
19 22
17 19
0 19
19 36
19 72
19 67
19 41
2 19
19 60
19 35
19 39
19 53
19 66
19 32
5 19
19 56
11 19
19 73
15 19
19 64
19 76
18 19
19 69
12 19
19 40
19 62
19 71
19 31
45 46
22 45
17 45
0 45
36 45
45 72
45 67
41 45
35 45
39 45
45 66
32 45
11 45
45 73
45 64
3 45
45 74
45 69
45 59
43 45
45 48
45 71
16 45
45 77
12 21
21 40
21 62
21 71
9 21
21 45
46 52
22 52
17 52
0 52
36 52
52 72
52 67
41 52
2 52
52 60
35 52
39 52
52 53
32 52
52 56
52 73
44 52
3 52
52 76
52 74
12 52
43 52
52 62
47 52
16 52
45 52
52 78
46 65
22 65
36 65
65 72
65 67
2 65
60 65
39 65
53 65
5 65
56 65
65 73
64 65
55 65
18 65
65 74
59 65
12 65
48 65
65 71
16 65
45 65
52 65
20 46
20 22
17 20
0 20
20 36
20 72
20 67
20 41
2 20
20 60
20 35
20 39
20 66
20 32
20 56
20 73
20 64
3 20
18 20
20 69
20 59
20 43
20 62
20 47
16 20
20 45
20 52
20 54
20 61
42 46
22 42
17 42
0 42
36 42
42 72
42 67
41 42
2 42
42 60
35 42
39 42
42 53
32 42
42 56
15 42
42 44
3 42
18 42
42 69
12 42
42 43
42 62
42 47
16 42
42 45
20 42
26 42
24 42
37 44
37 55
18 37
37 69
33 37
37 43
37 48
37 47
16 37
37 45
37 78
26 37
50 76
50 74
12 50
43 50
48 50
50 71
16 50
31 50
20 50
24 50
6 50
46 51
22 51
17 51
0 51
36 51
51 72
51 67
41 51
51 60
35 51
39 51
51 66
11 51
51 64
44 51
51 55
18 51
51 69
33 51
43 51
48 51
51 71
16 51
31 51
20 51
26 51
50 51
37 51
19 51
10 22
10 36
10 67
10 41
10 60
10 39
10 53
10 32
10 11
10 15
10 44
3 10
10 74
10 69
10 33
10 40
10 48
10 47
9 10
10 78
10 20
10 24
6 10
10 37
10 19
29 46
22 29
29 36
29 72
29 67
29 41
29 35
29 39
29 53
29 32
11 29
15 29
29 44
3 29
29 76
29 74
29 59
29 40
29 48
29 47
9 29
29 45
29 78
20 29
24 29
29 50
36 49
2 49
49 60
39 49
49 53
32 49
11 49
49 73
49 64
49 55
18 49
49 59
33 49
12 49
48 49
49 71
31 49
45 49
49 78
26 49
6 49
37 49
34 49
36 63
2 63
60 63
39 63
63 66
5 63
56 63
15 63
44 63
3 63
63 76
63 69
59 63
40 63
62 63
63 71
9 63
45 63
52 63
20 63
50 63
37 63
49 63
36 79
41 79
60 79
39 79
66 79
5 79
11 79
64 79
44 79
3 79
76 79
69 79
12 79
40 79
62 79
71 79
16 79
45 79
78 79
26 79
6 79
50 79
49 79
10 79
13 79
61 79
14 22
14 17
0 14
14 36
14 72
2 14
14 35
14 39
14 53
5 14
14 56
14 73
14 64
14 55
14 18
14 69
14 33
14 40
14 62
14 71
9 14
14 78
14 52
14 24
6 14
14 34
14 19
14 79
23 46
22 23
23 36
23 72
23 67
23 41
23 60
23 39
23 53
23 56
11 23
15 23
23 64
23 55
18 23
23 59
23 33
23 43
23 48
23 71
9 23
23 31
23 52
23 24
6 23
23 34
23 49
10 23
14 23
23 65
1 23
23 54
23 61
4 46
4 22
4 17
0 4
4 36
4 72
4 67
4 41
2 4
4 60
4 35
4 39
4 53
4 66
4 32
4 5
4 11
4 73
4 64
4 55
4 74
4 59
4 12
4 40
4 48
4 47
4 16
4 78
4 52
4 20
4 6
4 37
4 49
4 19
4 23
25 53
5 25
25 56
25 73
25 64
25 55
18 25
25 69
25 59
25 40
25 48
25 71
16 25
25 78
25 52
20 25
25 50
25 34
19 25
25 79
25 77
4 25
28 36
28 39
28 66
5 28
28 56
15 28
28 44
3 28
28 76
28 69
28 33
28 40
28 43
28 71
9 28
28 31
28 52
24 28
6 28
28 34
28 49
10 28
23 28
25 28
56 70
70 73
44 70
3 70
70 76
69 70
33 70
12 70
62 70
70 71
9 70
45 70
52 70
26 70
6 70
34 70
19 70
10 70
23 70
54 70
30 46
22 30
17 30
0 30
30 36
30 72
30 67
2 30
30 35
30 39
30 53
5 30
11 30
30 64
30 44
3 30
30 76
30 74
30 59
30 40
30 48
30 71
16 30
30 31
30 52
26 30
24 30
30 37
19 30
10 30
30 77
25 30
30 70
36 75
32 75
56 75
73 75
64 75
3 75
18 75
74 75
33 75
43 75
48 75
71 75
9 75
31 75
75 78
26 75
50 75
37 75
19 75
75 79
23 75
25 75
70 75
57 75
30 75
1 75
29 75
61 75
63 75
8 46
8 22
8 17
0 8
8 36
8 72
8 67
8 41
2 8
8 60
8 35
8 39
8 66
5 8
8 56
8 15
8 64
8 55
8 74
8 69
8 33
8 40
8 62
8 47
8 31
8 45
8 78
8 20
6 8
8 34
8 49
8 10
8 23
8 25
8 70
8 75
1 8
4 8
8 63
8 65
8 38
8 14
8 28
8 42
38 75
65 75
13 30
4 30
30 68
7 36
7 41
7 60
7 39
7 53
7 56
7 11
7 73
7 64
7 55
7 18
7 69
7 33
7 43
7 48
7 47
7 9
7 31
7 20
7 26
6 7
7 34
7 19
7 79
7 77
7 25
7 21
7 29
7 13
7 63
7 30
7 27
7 61
7 65
7 14
7 42
30 42
14 30
30 61
30 51
13 70
1 70
28 70
51 70
4 70
36 58
41 58
58 60
35 58
58 66
32 58
56 58
15 58
58 64
3 58
58 76
58 59
33 58
12 58
58 62
58 71
16 58
58 78
52 58
26 58
6 58
50 58
49 58
10 58
23 58
54 58
58 70
29 58
1 58
4 58
42 58
51 58
58 65
58 68
28 58
57 58
61 70
13 28
1 28
28 63
28 51
28 57
28 61
28 65
25 42
25 63
25 57
25 51
25 29
4 13
4 63
4 61
4 42
4 27
4 38
23 27
14 54
14 21
14 29
13 14
14 63
14 65
14 38
14 42
1 79
54 79
38 79
77 79
63 79
42 79
63 77
21 63
13 63
27 63
57 63
38 49
49 68
21 49
49 54
49 61
29 49
10 29
29 77
21 29
13 29
27 29
29 68
29 42
29 51
10 21
10 27
10 65
10 68
10 51
51 77
1 51
27 51
51 68
38 51
51 57
37 50
50 57
21 50
50 77
19 50
27 50
50 54
13 50
37 57
21 37
37 65
27 37
37 54
37 42
37 68
37 38
34 42
42 77
21 42
42 65
42 61
20 68
6 20
20 65
20 57
19 20
24 65
19 65
54 65
21 65
1 65
57 65
13 52
52 77
27 52
19 52
26 52
21 52
21 26
21 77
21 54
21 27
21 38
21 68
21 57
45 57
13 45
45 68
19 45
6 45
45 54
19 34
19 27
1 19
19 77
19 57
26 71
34 71
27 71
9 26
26 31
26 61
26 34
26 27
6 26
24 26
26 68
1 24
24 54
24 38
13 24
24 77
24 68
24 61
1 6
1 34
1 54
1 38
1 57
1 68
16 54
16 34
16 78
9 31
31 77
31 68
31 57
31 61
31 38
31 34
9 38
6 9
9 13
9 27
9 61
6 13
6 38
6 34
47 54
47 68
47 61
47 78
47 57
13 47
38 47
54 61
54 68
13 54
27 54
38 54
38 43
43 62
13 43
43 78
62 77
61 62
38 62
48 62
27 62
48 77
48 68
48 57
13 48
57 78
34 57
57 77
27 57
57 68
40 78
27 40
34 40
40 68
33 69
61 69
13 69
69 78
33 77
33 68
33 34
33 38
12 33
27 33
27 78
13 27
27 38
27 68
55 74
74 76
74 77
68 74
13 74
74 78
59 74
12 74
34 74
59 77
59 68
38 59
13 59
59 78
59 61
38 78
38 77
38 68
38 61
12 18
18 61
12 61
34 61
13 61
61 68
34 76
34 78
34 77
13 34
3 13
3 12
44 73
15 77
15 68
15 64
15 78
13 15
12 15
15 44
5 11
5 44
44 56
11 44
44 77
44 68
44 78
13 44
12 44
11 32
11 56
11 77
11 68
11 64
11 78
11 12
11 13
12 56
12 64
12 77
12 68
13 53
13 56
13 64
13 77
39 78
56 78
64 78
77 78
39 64
56 64
64 77
64 68
2 68
2 56
39 56
56 77
56 68
39 68
68 77
39 77
17 36
0 36
22 46
0 22
