80 1580
31 56
44 56
19 31
19 44
30 56
19 30
31 61
44 61
30 61
16 61
27 31
27 44
27 30
16 27
27 56
19 27
27 61
31 37
37 44
30 37
16 37
27 37
36 56
19 36
36 61
36 37
31 55
44 55
30 55
16 55
27 55
36 55
49 56
19 49
49 61
37 49
26 31
26 44
26 30
16 26
26 27
26 36
26 49
12 56
12 19
12 61
12 37
12 26
31 78
44 78
30 78
16 78
27 78
36 78
49 78
12 78
51 56
19 51
51 61
37 51
51 78
51 55
26 51
31 76
44 76
30 76
16 76
27 76
36 76
49 76
12 76
51 76
55 76
31 53
16 53
27 53
53 55
53 56
19 53
53 61
37 53
53 78
26 53
29 31
29 44
29 30
16 29
27 29
29 36
29 49
12 29
29 51
29 55
29 53
32 56
19 32
32 61
32 37
26 32
32 78
32 76
29 32
31 43
43 44
30 43
16 43
27 43
36 43
43 49
12 43
43 51
43 55
43 53
32 43
5 56
5 19
5 61
5 37
5 26
5 78
5 76
31 64
44 64
30 64
16 64
27 64
36 64
49 64
12 64
51 64
55 64
53 64
32 64
5 64
56 69
19 69
61 69
37 69
69 78
26 69
64 69
69 76
43 69
29 69
31 70
44 70
30 70
16 70
27 70
49 70
12 70
51 70
55 70
53 70
32 70
5 70
69 70
11 56
11 19
11 61
11 37
11 26
11 78
11 76
11 29
11 64
11 43
11 70
20 31
20 44
20 30
16 20
20 27
20 36
20 49
12 20
20 51
20 55
20 53
20 32
5 20
20 69
11 20
31 60
44 60
30 60
16 60
27 60
12 60
51 60
55 60
53 60
32 60
5 60
56 60
19 60
60 61
37 60
60 78
26 60
29 60
60 64
43 60
60 76
60 70
20 60
31 62
44 62
30 62
16 62
27 62
36 62
49 62
12 62
51 62
55 62
53 62
32 62
5 62
62 69
11 62
60 62
56 73
19 73
61 73
37 73
26 73
73 78
73 76
43 73
64 73
29 73
70 73
62 73
20 73
31 39
39 44
30 39
16 39
27 39
36 39
39 49
12 39
39 51
39 55
39 53
32 39
5 39
39 69
11 39
39 60
39 73
31 72
16 72
27 72
55 72
53 72
72 73
56 72
19 72
61 72
37 72
26 72
72 78
72 76
43 72
64 72
29 72
70 72
20 72
62 72
31 65
44 65
30 65
16 65
27 65
49 65
12 65
51 65
55 65
53 65
32 65
5 65
65 69
11 65
60 65
65 72
20 65
1 16
1 51
1 69
1 73
1 20
1 56
1 19
1 61
1 37
1 26
1 78
1 29
1 43
1 64
1 76
25 31
16 25
25 27
25 55
25 32
25 73
1 25
31 48
44 48
30 48
16 48
27 48
48 49
12 48
48 51
48 55
48 53
32 48
5 48
11 48
48 60
20 48
48 56
19 48
48 61
37 48
48 78
26 48
43 48
29 48
48 76
48 64
16 23
23 55
23 69
23 60
20 23
23 48
45 56
19 45
45 61
37 45
26 45
45 78
43 45
31 77
44 77
16 77
27 77
51 77
55 77
11 77
60 77
20 77
45 77
7 31
7 44
7 30
7 16
7 27
7 49
7 12
7 51
7 55
7 53
7 32
5 7
7 69
7 11
7 60
7 73
7 72
7 48
7 56
7 19
7 61
7 37
7 26
7 78
5 13
13 60
13 20
1 13
7 13
13 29
38 44
16 38
27 38
38 55
5 38
38 73
38 72
38 48
7 38
26 38
38 56
19 38
38 61
37 38
53 59
59 73
20 59
48 59
7 59
38 59
56 58
19 58
58 61
37 58
22 31
22 44
22 30
16 22
22 27
22 49
12 22
22 51
22 55
22 53
22 32
5 22
22 69
11 22
22 60
22 73
20 22
1 22
22 29
22 26
22 58
22 59
31 46
44 46
16 46
27 46
12 46
46 51
46 55
46 60
46 72
46 48
7 46
26 46
38 46
57 72
45 57
7 57
26 57
57 58
56 57
19 57
57 61
37 57
43 57
31 54
44 54
16 54
27 54
12 54
51 54
54 55
53 54
5 54
11 54
20 54
48 54
45 54
26 54
54 57
54 59
15 54
37 54
55 67
11 67
20 67
1 67
45 67
29 67
38 67
27 35
35 51
35 53
35 73
35 72
35 48
29 35
26 35
35 58
35 57
35 56
19 35
35 61
35 37
14 31
14 44
14 16
14 27
14 49
12 14
14 51
14 55
14 53
14 32
5 14
14 60
14 20
14 48
7 14
14 29
14 57
14 35
14 46
14 37
31 42
42 44
16 42
27 42
12 42
42 55
42 53
42 73
42 72
1 42
7 42
29 42
42 57
42 59
15 42
37 42
42 56
19 42
42 61
2 72
2 48
2 7
2 26
2 58
2 59
2 46
15 74
37 74
56 74
19 74
61 74
28 31
16 28
27 28
28 51
28 69
11 28
28 72
28 48
7 28
28 29
28 38
28 57
15 28
28 74
28 42
28 67
0 28
28 61
22 28
4 31
4 44
4 16
4 27
4 12
4 55
4 32
4 73
4 72
1 4
4 7
4 29
4 38
4 57
4 59
4 37
4 42
4 67
0 4
18 46
18 74
18 67
0 18
18 56
18 19
18 70
18 54
18 23
4 18
14 18
34 69
34 73
1 34
34 48
7 34
26 34
34 58
34 59
34 46
34 37
34 74
0 34
34 56
18 34
22 34
4 34
34 39
7 47
29 47
47 57
35 47
46 47
47 74
42 47
31 40
40 44
16 40
27 40
12 40
40 51
40 55
40 53
40 69
40 73
40 72
1 40
29 40
26 40
38 40
40 59
40 46
15 40
40 42
40 56
19 40
40 61
13 40
53 66
60 66
66 72
45 66
29 66
38 66
58 66
35 66
15 66
66 74
42 66
40 66
56 66
22 66
66 70
4 66
13 66
47 66
62 66
31 79
16 79
27 79
55 79
69 79
60 79
20 79
1 79
45 79
38 79
57 79
35 79
46 79
15 79
67 79
0 79
56 79
61 79
2 79
70 79
39 79
21 31
21 44
21 30
16 21
21 27
12 21
21 51
21 55
21 53
21 32
5 21
21 60
20 21
21 48
21 45
21 26
21 57
21 59
21 46
21 37
21 42
21 40
21 56
18 21
21 22
21 70
21 39
3 57
3 59
3 15
3 37
3 42
3 40
3 56
3 18
2 3
3 70
3 21
3 47
3 62
3 19
3 28
3 34
33 55
33 60
20 33
1 33
29 33
33 38
33 58
33 59
15 33
33 74
33 67
33 40
33 56
18 33
2 33
33 70
33 39
33 47
33 79
19 33
33 64
44 52
16 52
27 52
52 55
11 52
52 73
20 52
45 52
7 52
26 52
38 52
35 52
46 52
52 74
52 67
40 52
52 56
18 52
22 52
39 52
13 52
47 52
52 79
52 64
28 52
34 52
9 31
9 44
9 16
9 27
9 12
9 51
9 55
9 60
9 72
9 48
9 29
9 26
9 38
9 35
9 15
9 37
9 42
9 40
9 61
9 18
2 9
4 9
9 13
9 21
9 62
9 19
9 28
9 52
9 33
10 31
10 44
10 30
10 16
10 27
10 12
10 51
10 55
10 53
10 32
10 69
10 60
10 72
10 48
10 29
10 38
10 57
10 35
10 59
10 37
10 42
10 40
10 56
10 61
2 10
10 70
10 39
10 47
10 62
10 19
10 28
24 53
24 60
24 72
1 24
7 24
24 26
24 38
24 57
24 59
24 37
24 74
24 40
0 24
24 61
2 24
4 24
13 24
24 47
24 79
24 64
24 28
24 66
10 24
20 41
1 41
41 45
26 41
38 41
41 57
41 59
37 41
41 67
0 41
41 56
18 41
22 41
4 41
13 41
21 41
41 62
41 64
28 41
24 41
33 41
41 66
31 68
44 68
16 68
27 68
12 68
51 68
55 68
53 68
68 69
68 73
20 68
1 68
45 68
26 68
57 68
59 68
46 68
37 68
68 74
0 68
61 68
18 68
2 68
39 68
13 68
21 68
68 79
64 68
28 68
34 68
33 68
10 68
8 31
8 44
8 30
8 16
8 27
8 49
8 12
8 51
8 55
8 53
8 32
5 8
8 69
8 11
8 60
8 73
8 20
1 8
7 8
8 38
8 58
8 35
8 15
8 37
8 42
0 8
8 56
8 18
8 22
8 70
8 13
8 47
8 62
8 64
8 28
8 52
8 33
8 66
8 68
8 25
8 41
3 8
16 17
17 55
17 69
11 17
1 17
17 48
7 17
17 29
17 58
17 35
17 46
15 17
17 67
0 17
17 56
17 61
17 22
4 17
17 21
17 47
17 62
17 19
17 64
17 24
17 52
10 17
20 63
48 63
29 63
26 63
57 63
35 63
15 63
63 74
42 63
0 63
56 63
61 63
2 63
63 70
13 63
21 63
63 79
63 64
28 63
34 63
52 63
63 66
63 68
54 63
63 78
25 63
63 77
63 76
6 31
6 44
6 16
6 27
6 12
6 55
6 69
6 73
6 72
1 6
6 45
6 26
6 58
6 57
6 15
6 37
6 74
6 67
6 56
6 22
2 6
6 70
6 13
6 21
6 62
6 64
6 28
6 34
6 52
6 66
6 63
31 75
44 75
30 75
16 75
27 75
49 75
12 75
51 75
55 75
53 75
32 75
5 75
69 75
11 75
60 75
73 75
72 75
48 75
29 75
26 75
57 75
59 75
15 75
37 75
67 75
0 75
61 75
18 75
22 75
70 75
39 75
47 75
62 75
64 75
34 75
52 75
33 75
66 75
68 75
25 75
75 78
6 75
11 71
71 73
1 71
45 71
29 71
26 71
57 71
35 71
59 71
71 74
42 71
0 71
56 71
61 71
70 71
4 71
39 71
47 71
71 79
19 71
64 71
24 71
52 71
10 71
68 71
71 75
71 77
54 71
31 50
16 50
27 50
50 55
50 53
50 60
50 72
1 50
45 50
26 50
50 58
35 50
46 50
15 50
50 74
40 50
50 56
50 61
22 50
4 50
39 50
21 50
50 62
50 79
34 50
24 50
50 52
10 50
50 68
25 50
50 71
50 78
50 65
43 50
9 50
6 50
50 54
8 50
65 71
9 71
71 78
43 71
71 76
54 75
17 75
41 75
3 75
75 77
6 41
3 6
6 65
6 14
6 43
6 77
6 23
17 63
14 63
9 63
17 41
3 17
8 17
17 65
17 43
17 77
14 17
9 17
8 65
8 9
8 77
8 23
65 68
41 68
43 68
3 68
23 68
23 41
14 41
3 41
41 54
41 76
23 24
24 54
24 25
24 65
14 24
24 43
24 78
10 33
10 78
10 77
10 25
9 10
10 65
10 54
10 43
9 25
3 9
9 65
9 76
9 54
33 52
14 52
52 77
23 52
33 66
25 33
33 76
33 43
3 33
33 65
3 66
3 77
3 78
3 23
21 65
21 79
21 28
21 76
14 21
21 43
21 77
21 62
21 54
65 79
78 79
25 79
28 79
76 79
64 79
14 79
43 79
66 79
34 66
66 78
54 66
23 66
66 76
14 66
40 77
40 76
14 40
0 40
25 40
39 40
40 47
40 54
40 78
40 64
47 56
47 61
2 47
47 70
13 47
34 47
19 47
47 65
47 64
23 47
25 47
47 78
34 62
19 34
34 65
34 78
23 34
14 34
34 77
34 76
18 77
18 64
18 25
18 62
2 18
2 4
4 70
4 28
4 77
4 43
4 19
4 54
4 23
4 64
4 65
4 62
4 13
28 39
19 28
28 43
28 54
28 77
25 28
2 74
22 74
64 74
25 74
23 74
74 77
74 76
39 74
2 42
2 67
2 56
2 22
2 54
2 19
2 70
2 65
2 76
2 39
2 78
2 13
42 77
13 42
42 70
42 64
14 42
23 42
42 67
42 62
14 61
14 22
14 39
13 14
14 19
14 25
14 78
14 77
14 54
14 76
14 43
35 76
13 35
35 77
23 35
35 67
35 43
35 65
35 39
0 35
35 78
46 67
15 67
56 67
19 67
61 67
67 78
22 67
65 67
25 67
67 76
43 67
0 67
54 67
67 70
54 61
13 54
54 62
54 64
54 65
54 77
23 54
23 57
57 59
46 57
57 62
46 56
19 46
46 61
25 46
37 46
39 46
46 65
46 62
46 70
0 46
15 46
46 76
46 64
15 56
15 19
15 61
15 22
15 23
15 77
15 62
15 78
0 22
22 56
22 76
22 78
13 22
22 65
19 22
22 77
22 62
22 25
58 78
58 76
58 59
58 64
58 77
56 59
19 59
59 61
59 64
59 70
37 59
25 59
13 59
43 59
59 78
23 38
38 78
38 65
25 38
38 62
38 39
38 70
13 38
0 38
13 37
13 56
13 39
13 77
13 23
13 76
13 19
13 62
7 43
7 70
7 29
7 77
7 25
7 76
7 64
7 62
26 77
0 77
62 77
19 77
76 77
45 62
45 76
45 64
29 45
23 45
0 45
39 45
45 65
0 23
23 56
23 70
23 62
19 23
23 25
23 78
23 43
23 76
48 70
39 48
0 48
25 48
25 29
25 56
25 70
25 39
19 25
25 76
25 65
25 43
1 70
0 1
1 65
26 65
37 65
0 65
56 65
19 65
65 78
39 72
20 39
29 39
37 39
39 56
39 61
39 70
39 76
39 78
39 64
39 43
20 62
26 62
0 62
61 62
43 62
19 62
20 56
19 20
20 61
20 37
20 26
20 78
20 76
20 43
20 64
20 29
20 70
0 11
29 70
37 70
61 70
43 70
64 70
70 78
0 69
29 64
61 64
19 64
64 78
64 76
5 29
5 43
26 43
37 43
0 43
43 56
43 61
43 78
43 76
29 56
19 29
29 61
29 37
26 29
29 78
29 76
53 76
61 76
19 76
76 78
55 78
26 78
61 78
12 55
0 12
26 55
26 56
19 26
26 61
26 37
0 26
49 55
55 56
19 55
55 61
37 55
0 55
37 56
19 37
37 61
0 37
0 27
0 61
19 61
16 30
16 19
0 19
19 56
16 44
16 56
0 56
16 31
0 16
