80 948
29 31
31 70
19 29
19 70
11 29
5 29
5 70
5 11
29 76
70 76
11 76
31 76
5 76
19 76
29 30
30 70
11 30
30 76
29 67
5 67
19 67
31 67
30 67
29 68
68 70
11 68
68 76
67 68
19 64
5 64
31 64
29 39
39 70
11 39
39 76
39 67
39 64
29 72
11 72
72 76
67 72
5 72
19 72
31 72
39 72
30 72
68 72
29 34
34 70
11 34
34 76
34 67
34 64
34 72
31 35
5 35
19 35
35 68
30 35
35 39
29 51
51 70
11 51
51 76
51 67
51 64
51 72
35 51
51 68
16 29
16 70
11 16
16 76
16 67
16 72
16 68
16 19
5 16
16 31
16 30
16 39
63 68
16 63
5 66
19 66
31 66
22 66
16 48
5 48
31 48
19 48
7 29
7 70
7 11
7 76
7 67
7 72
7 68
7 16
7 19
7 31
5 7
7 39
7 30
9 29
9 76
9 72
9 68
7 9
21 29
21 68
5 23
23 31
19 23
23 61
48 61
29 60
11 60
60 76
60 67
60 68
16 60
23 60
8 60
28 60
60 63
29 55
55 70
11 55
55 76
55 67
55 72
35 55
55 68
23 55
48 55
28 55
55 63
29 52
11 52
52 76
52 72
35 52
52 68
23 52
8 52
18 29
18 70
11 18
18 76
18 35
16 18
7 18
8 18
7 69
8 69
18 69
66 71
48 71
18 71
29 33
11 33
33 76
33 67
33 72
33 68
23 33
8 33
33 63
33 71
33 55
29 36
11 36
36 76
36 67
36 68
16 36
36 66
8 36
18 36
36 71
36 55
36 65
42 66
42 48
28 42
42 71
42 74
36 42
42 46
12 63
12 71
53 68
19 37
31 37
5 37
30 37
37 39
20 29
11 20
20 76
20 67
20 72
20 37
7 20
20 23
20 63
20 53
20 74
20 36
47 74
54 55
31 54
7 59
48 59
8 59
53 59
54 59
36 59
47 59
29 40
11 40
40 76
40 67
40 72
16 40
7 40
40 48
18 40
40 63
40 74
40 54
40 46
40 59
40 52
7 56
48 56
28 56
53 56
56 74
54 56
56 65
40 56
33 56
30 56
10 28
10 53
10 55
29 41
41 70
11 41
41 76
41 67
41 72
41 68
16 41
7 41
23 41
28 41
41 71
41 74
9 41
29 50
50 76
35 50
50 68
7 50
23 50
28 50
50 53
50 74
41 50
47 50
50 69
54 57
41 57
46 57
33 57
9 57
50 57
10 57
3 29
3 76
3 72
3 68
3 7
3 23
3 18
3 71
3 74
3 46
3 65
3 40
3 57
27 30
5 27
29 62
16 62
23 62
8 62
62 63
53 62
62 74
46 62
12 62
40 62
33 62
27 62
76 77
16 77
66 77
8 77
28 77
71 77
74 77
46 77
65 77
12 77
17 29
17 70
17 76
17 67
17 68
16 17
17 66
17 23
17 18
17 71
17 53
17 36
17 46
17 69
17 73
29 44
44 70
11 44
44 76
44 67
44 72
35 44
16 44
44 66
44 48
18 44
44 71
44 55
41 44
44 65
44 69
44 57
1 29
1 70
1 11
1 76
1 67
1 64
1 72
1 16
1 7
1 48
1 28
1 53
1 55
1 54
1 65
1 69
1 17
1 44
1 77
18 25
25 71
25 54
25 41
25 47
25 69
25 33
5 25
25 52
12 13
13 40
13 57
13 44
13 52
13 50
28 43
43 71
43 54
43 46
43 65
40 43
17 43
5 43
43 56
13 43
20 43
24 47
24 69
17 24
24 44
24 56
24 25
24 43
2 29
2 70
2 11
2 76
2 67
2 64
2 72
2 16
2 7
2 23
2 8
2 63
2 53
2 41
2 46
2 12
2 33
2 44
2 52
2 19
1 2
2 3
2 59
2 21
28 75
63 75
74 75
36 75
65 75
12 75
30 75
44 75
27 75
33 79
5 79
52 79
75 79
9 79
18 38
38 53
38 54
38 41
38 65
12 38
33 38
30 38
38 56
38 79
20 38
2 38
6 72
6 68
6 16
6 48
6 18
6 63
6 74
6 36
6 65
6 69
6 57
6 30
6 27
6 13
6 79
6 24
0 6
49 56
25 49
1 49
43 49
6 49
10 49
42 49
31 49
55 78
36 78
46 78
33 78
17 78
27 78
56 78
19 78
1 78
3 78
73 78
22 78
15 55
15 54
15 65
15 40
15 17
5 15
15 77
15 25
1 15
3 15
15 73
15 22
15 42
15 61
14 29
11 14
14 76
14 67
14 35
14 37
14 66
14 48
14 28
14 71
14 55
14 36
14 47
12 14
14 17
5 14
14 27
14 19
1 14
3 14
6 14
10 14
14 15
14 39
14 51
14 38
32 66
32 48
32 63
32 71
32 54
32 46
32 65
32 40
32 33
30 32
32 77
13 32
20 32
32 43
32 73
9 32
26 29
26 76
26 68
16 26
26 66
8 26
18 26
26 53
26 54
26 36
26 47
26 69
26 57
26 44
26 52
25 26
26 79
24 26
26 62
22 26
26 59
26 39
0 26
26 50
26 32
26 60
31 32
14 32
32 34
32 75
4 72
4 37
4 7
4 8
4 28
4 71
4 54
4 41
4 47
4 12
4 57
4 44
4 77
4 19
4 79
4 43
4 9
4 10
4 59
4 31
4 51
0 4
4 32
4 75
14 75
15 78
29 58
58 68
16 58
23 58
18 58
53 58
58 74
41 58
12 58
58 69
17 58
5 58
52 58
19 58
43 58
3 58
58 73
9 58
15 58
39 58
50 58
58 61
38 58
58 60
15 31
39 78
61 78
38 78
0 78
49 78
49 61
38 49
21 49
6 39
6 34
33 45
30 45
45 77
13 45
1 45
24 45
6 45
10 45
45 59
31 45
45 60
45 75
34 45
45 50
6 50
6 38
9 38
38 42
0 38
3 79
73 79
34 79
62 79
51 79
1 75
2 75
73 75
22 75
42 75
51 75
2 24
2 22
2 9
2 50
24 60
24 62
24 39
24 42
10 24
22 43
43 60
43 73
43 61
13 25
13 20
13 60
13 39
13 42
13 21
19 25
25 34
22 25
10 25
1 25
0 25
1 21
1 50
0 1
44 73
5 44
0 44
44 61
9 44
44 52
52 73
19 73
61 73
60 73
9 73
17 61
17 22
17 21
17 51
17 77
17 34
5 77
3 77
39 77
60 77
21 77
22 77
62 77
51 77
56 62
22 62
51 62
59 62
21 62
10 62
42 62
31 62
21 27
27 42
19 27
3 27
20 27
27 39
27 50
3 19
3 31
3 34
0 3
3 51
31 57
5 57
39 57
57 60
0 57
30 50
22 50
21 50
34 50
50 61
30 41
41 69
41 52
41 61
22 41
10 41
12 41
19 41
10 65
10 12
5 10
10 56
10 20
10 39
10 22
10 21
20 56
56 59
42 56
0 56
31 56
39 40
22 40
0 40
40 60
40 61
34 40
33 59
30 59
19 59
20 59
9 59
21 59
51 59
34 59
9 54
39 54
47 54
54 60
20 47
22 47
9 47
39 47
31 47
47 69
21 47
19 47
12 47
20 69
20 30
20 61
9 20
20 39
20 31
20 42
34 37
37 53
23 53
48 53
18 53
53 63
52 53
34 53
9 53
39 53
12 53
21 53
12 60
12 19
12 33
12 42
12 30
33 42
42 60
34 42
0 42
5 36
36 51
34 36
36 46
33 36
36 39
21 36
33 65
19 33
30 33
21 71
46 71
69 71
51 71
19 71
55 69
5 69
9 69
21 69
51 69
31 69
5 18
18 21
18 30
18 22
18 19
18 52
18 31
52 55
52 65
30 52
52 61
31 52
19 52
9 52
34 52
55 74
30 55
22 55
55 60
19 55
34 55
51 55
5 60
51 60
0 60
21 60
28 61
28 74
28 34
9 28
28 51
28 39
28 63
61 63
61 74
61 65
19 61
9 61
34 61
21 23
23 51
23 34
8 21
21 31
21 34
5 8
8 19
8 31
8 39
8 9
9 31
7 34
7 51
7 46
7 74
46 48
46 63
46 74
31 46
30 46
46 51
34 46
5 46
48 63
22 48
48 74
30 48
22 63
22 30
22 51
39 66
30 66
63 66
30 63
5 63
63 74
31 63
16 51
30 51
19 51
39 51
34 35
34 68
5 34
72 74
39 68
0 39
64 68
30 64
31 68
5 68
19 68
30 68
68 74
74 76
5 74
5 31
11 19
11 31
29 74
65 74
0 65
