80 1264
40 76
7 76
7 40
7 51
73 76
7 73
32 40
32 51
6 76
6 7
6 32
5 51
5 40
5 73
5 6
56 76
7 56
32 56
5 56
40 64
51 64
6 64
64 73
56 64
57 76
7 57
32 57
5 57
57 64
7 30
30 32
30 64
30 51
30 40
30 73
6 30
30 57
30 56
25 76
7 25
25 32
5 25
25 64
25 30
7 31
31 64
30 31
31 51
31 40
6 31
31 73
25 31
31 57
31 56
36 76
7 36
32 36
5 36
36 64
30 36
31 36
22 51
22 40
6 22
22 73
22 25
22 57
22 56
37 76
7 37
32 37
5 37
37 64
30 37
31 37
22 37
51 69
40 69
6 69
69 73
56 69
25 69
57 69
37 69
36 69
19 76
7 19
19 32
5 19
19 64
19 30
19 31
19 22
19 69
40 79
51 79
6 79
73 79
56 79
57 79
25 79
36 79
37 79
19 79
61 76
7 61
32 61
5 61
61 64
30 61
31 61
22 61
61 69
61 79
7 47
47 69
40 47
47 51
47 73
6 47
47 57
47 56
25 47
36 47
37 47
19 47
7 8
8 64
8 31
8 69
8 47
40 49
49 51
49 73
6 49
25 49
49 57
49 56
36 49
37 49
19 49
7 33
33 64
30 33
22 33
33 79
33 49
7 23
23 32
23 30
23 31
23 79
23 49
23 40
23 51
23 73
6 23
23 57
23 56
23 25
23 36
23 37
19 23
26 76
7 26
26 32
26 64
26 30
26 31
26 79
26 49
23 26
76 78
7 78
32 78
5 78
64 78
30 78
31 78
69 78
78 79
40 53
51 53
6 53
53 73
25 53
53 56
53 57
36 53
37 53
19 53
7 77
30 77
31 77
22 77
47 77
53 77
23 77
77 78
55 78
40 55
51 55
6 55
55 73
55 56
25 55
55 57
14 23
14 78
14 55
67 76
7 67
32 67
5 67
64 67
30 67
31 67
22 67
67 69
67 79
47 67
53 67
23 67
10 76
7 10
10 32
5 10
10 64
10 30
10 31
10 22
10 69
10 79
10 47
10 49
10 23
10 51
10 40
6 10
10 73
10 25
10 56
10 57
10 37
10 36
15 76
7 15
15 32
5 15
15 64
15 30
15 31
15 22
15 69
15 79
15 47
15 49
10 15
15 78
15 55
9 76
7 9
9 32
5 9
9 64
9 30
9 31
9 22
9 79
9 49
9 23
9 10
53 60
60 78
40 60
51 60
6 60
60 73
56 60
57 60
25 60
27 76
7 27
27 32
27 64
27 30
27 31
22 27
27 69
27 47
27 53
23 27
10 27
27 60
27 67
24 40
24 51
24 73
6 24
1 23
1 10
1 60
1 9
1 24
45 76
7 45
32 45
30 45
31 45
45 69
45 79
45 47
23 45
12 40
12 51
6 12
12 73
12 57
12 56
12 25
12 37
12 36
12 45
12 33
7 66
64 66
30 66
31 66
66 79
49 66
53 66
12 66
55 66
66 67
45 66
66 73
2 60
2 9
16 69
16 47
4 40
4 51
4 6
4 73
4 56
4 57
4 25
4 36
4 37
3 4
3 10
3 60
3 67
3 16
3 45
2 3
3 6
3 37
52 77
6 52
3 52
39 66
41 76
7 41
32 41
41 64
30 41
31 41
22 41
41 69
41 47
41 49
23 41
10 41
41 78
9 41
41 45
0 41
2 41
36 41
39 41
41 66
40 41
4 20
12 20
20 60
20 67
16 20
20 73
20 77
20 36
62 69
47 62
53 62
62 78
60 62
9 62
24 62
62 73
62 77
6 62
57 62
17 31
17 69
17 47
17 49
17 53
12 17
17 55
17 67
16 17
17 73
2 17
17 62
17 39
17 66
17 40
17 26
17 61
48 77
36 48
3 48
7 50
50 64
30 50
50 69
50 79
50 53
23 50
50 78
50 55
50 67
16 50
0 50
50 77
36 50
3 50
53 71
10 71
55 71
67 71
24 71
0 71
71 77
36 71
3 71
50 71
40 71
20 71
61 71
39 43
43 66
14 43
8 43
43 71
43 48
34 47
34 49
34 53
10 34
34 60
9 34
24 34
34 73
34 77
34 36
34 62
34 50
14 34
20 34
34 61
19 34
44 55
9 44
44 45
0 44
2 44
36 44
3 44
44 50
20 44
8 44
44 61
19 44
34 44
7 38
30 38
31 38
38 69
38 47
38 49
23 38
38 78
38 55
9 38
38 45
38 73
6 38
38 62
3 38
38 66
14 38
20 38
38 71
7 65
32 65
30 65
31 65
65 69
49 65
53 65
10 65
60 65
9 65
16 65
65 73
65 77
6 65
62 65
39 65
14 65
8 65
65 71
48 65
28 45
0 28
2 28
28 36
28 62
28 66
28 40
8 28
28 61
28 65
74 76
7 74
32 74
5 74
64 74
30 74
31 74
69 74
47 74
49 74
53 74
12 74
60 74
9 74
24 74
73 74
2 74
62 74
3 74
50 74
14 74
20 74
71 74
19 74
72 76
7 72
32 72
5 72
64 72
30 72
31 72
22 72
72 79
47 72
53 72
10 72
60 72
67 72
24 72
45 72
2 72
6 72
62 72
66 72
40 72
8 72
71 72
19 72
72 74
38 72
11 53
11 78
11 55
9 11
11 45
11 73
11 77
11 36
11 62
11 39
11 66
11 20
11 61
11 19
11 34
11 51
11 56
23 46
10 46
46 78
46 67
16 46
0 46
2 46
6 46
39 46
46 66
14 46
26 46
46 61
19 46
46 65
46 51
11 46
18 71
18 19
18 65
18 51
18 56
18 46
58 69
47 58
23 58
10 58
58 78
9 58
24 58
58 73
6 58
36 58
58 62
58 66
40 58
26 58
8 58
48 58
58 74
38 58
11 58
46 58
43 58
18 58
37 58
21 24
21 73
6 21
21 36
21 62
21 39
21 40
21 26
8 21
21 65
21 74
21 38
21 56
21 33
21 58
75 76
7 75
32 75
64 75
30 75
22 75
47 75
49 75
53 75
12 75
60 75
67 75
16 75
73 75
0 75
6 75
3 75
50 75
40 75
20 75
71 75
48 75
65 75
38 75
56 75
63 76
7 63
32 63
5 63
63 64
30 63
31 63
63 69
47 63
49 63
53 63
63 78
60 63
63 67
24 63
0 63
2 63
6 63
62 63
39 63
40 63
26 63
8 63
19 63
34 63
51 63
56 63
27 63
16 35
0 35
2 35
35 36
3 35
35 66
14 35
26 35
35 71
19 35
35 74
35 38
35 63
35 46
35 58
25 35
23 70
10 70
60 70
9 70
16 70
70 73
70 77
6 70
39 70
66 70
20 70
26 70
61 70
48 70
65 70
38 70
56 70
63 70
7 42
42 69
42 47
42 49
4 42
10 42
42 55
42 67
16 42
42 45
2 42
36 42
42 62
39 42
40 42
26 42
8 42
42 48
42 74
42 51
42 63
33 42
16 29
29 45
29 77
29 62
3 29
29 66
29 40
8 29
29 61
29 48
29 34
29 38
11 29
29 63
29 42
29 75
54 77
36 54
39 54
50 54
14 54
20 54
48 54
54 65
34 54
51 54
54 63
33 54
42 54
54 75
25 54
41 54
29 54
15 54
28 54
17 54
54 57
54 70
13 76
7 13
13 32
5 13
13 64
13 30
13 31
13 22
13 79
13 53
13 23
13 78
13 55
9 13
13 24
13 45
13 77
13 36
3 13
13 66
13 40
8 13
13 61
13 48
13 74
13 51
13 56
13 46
13 37
13 25
13 70
14 68
26 68
61 68
65 68
68 74
51 68
11 68
33 68
58 68
68 75
13 68
68 72
52 68
17 68
41 68
28 68
57 68
29 68
13 18
13 29
13 41
13 28
16 59
59 73
0 59
36 59
59 62
50 59
20 59
8 59
59 71
19 59
59 74
34 59
11 59
46 59
42 59
25 59
59 70
13 59
27 59
21 59
41 59
18 59
15 59
28 59
13 21
29 52
21 29
29 41
28 29
29 57
42 70
42 72
42 57
41 42
25 42
1 42
42 44
70 75
43 70
35 70
21 70
1 70
27 70
35 72
27 35
17 35
1 35
28 35
35 44
18 35
17 63
15 63
63 72
63 75
37 63
58 75
44 75
15 75
17 75
21 75
28 75
21 27
15 21
18 21
21 44
27 58
52 58
28 58
18 37
18 43
18 72
18 44
15 18
43 46
46 52
27 46
33 46
25 46
15 46
11 52
11 72
11 28
11 43
11 41
11 25
37 72
25 72
1 72
57 72
27 72
41 72
38 74
52 74
28 74
25 74
41 74
33 74
28 51
28 33
27 28
17 28
38 65
27 65
17 65
37 65
57 65
51 65
27 38
38 41
38 44
15 38
37 38
38 43
44 56
33 44
25 44
43 44
44 52
1 44
15 44
1 34
34 56
27 34
15 34
34 43
17 34
33 34
25 34
37 43
43 57
15 43
43 52
17 43
27 43
1 71
48 71
56 71
27 71
19 71
37 71
14 50
50 56
8 50
25 50
48 50
27 50
1 50
37 50
33 50
20 50
19 50
50 66
14 48
20 48
17 48
37 48
48 52
33 48
48 56
41 48
17 33
17 37
17 52
17 27
17 57
62 66
19 62
8 62
20 62
26 62
14 20
20 26
20 25
8 20
20 41
20 37
19 20
8 41
33 41
25 41
1 41
41 57
1 39
39 40
25 39
39 51
26 39
39 52
52 66
26 52
52 61
51 52
37 52
25 52
15 52
1 52
3 57
3 15
3 61
3 51
3 27
3 56
3 33
3 14
4 19
4 16
4 61
4 78
10 16
16 60
16 55
16 51
16 40
6 16
16 73
16 77
8 16
16 25
16 45
16 33
16 26
2 16
16 19
2 45
0 2
2 40
2 51
2 8
2 61
1 2
2 66
2 36
2 14
2 33
2 27
61 66
40 66
15 66
57 66
45 55
45 67
40 45
45 51
45 61
14 45
6 45
45 73
1 45
19 45
45 57
36 45
27 45
1 6
1 14
1 26
1 19
1 51
1 56
1 33
1 37
1 57
1 15
24 57
24 36
15 24
24 27
24 37
24 56
6 27
14 27
26 27
25 27
9 60
60 67
60 61
19 60
36 60
9 40
9 51
6 9
9 73
9 33
9 15
9 56
9 57
9 25
9 19
9 36
9 77
15 73
15 77
15 36
14 15
15 26
8 15
15 19
15 37
10 61
10 78
10 67
51 67
40 67
67 73
6 67
56 67
57 67
25 67
26 67
8 67
14 67
61 67
37 67
0 14
6 14
14 33
14 51
14 37
14 57
55 77
26 55
33 55
8 55
37 55
73 77
0 77
40 77
6 77
37 77
26 77
19 77
51 77
25 77
53 78
51 78
40 78
73 78
6 78
25 78
57 78
56 78
19 78
36 78
8 78
37 78
26 78
26 73
6 26
26 40
26 61
26 57
26 56
8 23
23 33
0 33
33 36
8 33
33 61
33 56
33 57
8 49
49 61
0 8
6 8
8 40
8 51
47 61
0 61
36 61
40 61
25 61
51 61
57 61
6 19
19 40
19 51
19 25
19 57
37 73
6 37
37 56
37 57
22 36
36 51
36 56
25 73
6 25
25 40
0 57
51 57
56 57
56 73
0 56
40 56
51 56
6 73
6 40
32 73
40 73
51 73
0 40
51 76
0 51
