80 632
18 52
3 18
19 52
3 19
18 33
19 33
21 52
3 21
21 33
18 58
21 58
19 58
48 52
3 48
33 48
48 58
18 76
21 76
19 76
48 76
45 52
3 45
33 45
45 58
45 76
12 18
12 19
12 21
12 48
69 76
12 69
18 49
21 49
19 49
48 49
49 57
6 76
6 49
10 18
10 21
10 19
10 48
3 15
15 33
15 58
15 76
10 15
18 70
19 70
21 70
15 70
59 76
12 59
10 59
59 70
22 76
12 22
18 24
21 24
19 24
24 48
22 24
24 71
57 71
8 49
8 70
8 18
49 50
18 61
19 61
21 61
33 65
65 76
10 65
61 65
22 65
18 31
31 56
7 33
7 76
7 49
7 57
7 22
7 18
52 79
3 79
76 79
12 79
10 79
70 79
8 79
7 79
5 18
23 57
7 23
5 23
23 65
2 18
49 74
24 74
8 74
2 74
36 49
24 36
22 36
31 36
18 36
10 35
24 35
8 35
31 35
35 36
32 52
3 32
32 58
32 76
32 49
32 57
8 32
7 32
5 32
18 32
17 52
3 17
17 33
17 58
17 76
12 17
17 49
17 24
8 17
17 31
17 32
17 19
17 18
2 27
49 51
51 57
22 51
7 51
36 51
19 51
14 57
14 31
14 36
14 51
14 68
14 41
8 67
18 46
21 46
19 46
0 46
46 59
46 69
46 48
46 67
47 49
47 61
22 47
46 47
2 47
10 62
62 70
22 62
7 62
36 62
19 62
18 62
52 77
3 77
33 77
58 77
76 77
12 77
10 77
70 77
8 77
7 77
32 77
62 77
52 78
3 78
33 78
58 78
76 78
12 78
49 78
57 78
22 78
7 78
36 78
65 78
77 78
2 11
11 32
11 51
11 69
11 35
11 15
18 40
11 40
75 77
37 75
39 68
39 71
39 74
17 39
32 64
19 64
51 64
11 64
39 64
45 64
64 72
0 72
69 72
59 72
40 72
18 66
66 71
66 75
6 66
66 72
28 36
28 62
28 68
28 41
28 75
28 45
15 28
28 64
14 28
28 66
8 30
30 31
30 32
30 65
30 68
30 37
4 8
4 7
4 5
4 65
4 18
4 71
4 42
6 42
15 42
0 42
5 53
53 62
53 77
11 53
53 75
13 53
13 74
34 68
34 71
4 34
13 34
22 43
31 43
32 43
43 65
43 77
37 43
43 75
27 43
15 43
5 20
20 65
20 51
20 37
4 20
6 20
20 43
17 54
54 64
2 29
19 29
29 68
29 71
4 29
29 45
15 29
29 54
29 40
29 67
14 29
38 52
3 38
38 76
12 38
10 38
38 57
22 38
7 38
5 38
19 38
18 38
11 38
38 78
13 38
15 38
38 54
28 38
29 38
38 48
38 42
5 63
62 63
63 77
11 63
63 78
1 4
1 13
25 76
12 25
24 25
25 57
22 25
25 46
25 36
25 62
25 51
11 25
25 78
1 25
25 43
25 54
25 28
36 73
19 73
73 77
71 73
73 75
27 73
1 73
24 55
55 57
8 55
7 55
32 55
19 55
18 55
37 55
55 78
27 55
15 55
47 55
55 73
48 55
53 55
8 60
7 60
32 60
19 60
18 60
60 71
39 60
45 60
1 60
55 60
53 60
60 79
48 60
20 60
34 60
60 63
26 68
26 71
26 39
6 26
26 43
26 55
26 79
26 50
25 26
20 26
26 47
26 56
55 74
28 73
20 73
56 73
25 73
47 73
63 73
21 25
9 25
9 20
9 34
9 21
25 30
1 63
1 67
1 17
1 48
1 56
17 63
63 64
40 63
30 63
63 69
38 63
38 74
21 29
29 42
34 54
20 54
50 54
20 40
20 66
14 43
34 43
43 74
43 47
34 53
34 50
16 79
16 30
16 35
16 34
16 47
16 42
34 42
13 15
13 59
0 13
15 53
53 69
35 53
48 53
42 53
23 42
4 6
4 21
4 45
0 4
4 30
6 30
17 30
30 64
28 30
30 69
30 56
40 66
66 67
66 74
59 66
35 66
59 64
35 64
40 64
39 48
39 75
23 39
39 78
39 50
14 75
75 79
40 75
35 75
40 45
40 47
40 56
11 47
11 78
27 78
47 78
15 78
56 78
69 78
48 77
67 77
56 77
15 77
77 79
45 77
45 62
47 62
62 67
48 62
62 74
56 62
47 51
27 47
35 47
47 59
2 67
41 67
27 67
45 67
0 67
67 79
35 67
23 67
48 67
23 41
41 50
41 74
41 71
21 41
14 45
14 44
44 59
44 74
44 50
14 48
14 69
14 74
14 59
27 51
51 79
18 51
21 51
51 59
6 51
27 68
27 37
27 59
27 48
27 56
17 27
17 37
37 56
37 59
37 48
17 50
17 35
17 79
17 21
15 32
32 56
32 35
32 68
35 68
35 45
35 56
21 36
36 74
19 36
36 45
36 65
68 74
50 74
69 74
2 50
2 48
2 68
23 68
50 68
6 23
15 23
0 23
23 79
23 48
23 59
21 23
5 6
0 5
5 69
5 79
5 71
5 59
19 79
6 79
0 79
21 79
7 45
7 71
7 56
0 56
21 56
31 50
31 65
15 31
6 31
65 69
21 65
59 65
50 65
6 65
18 65
65 71
61 69
22 61
50 61
8 50
45 50
50 59
50 69
8 48
8 21
8 71
18 71
0 71
6 71
6 24
24 57
18 22
22 45
19 22
6 22
22 59
15 22
48 70
15 19
10 57
6 10
6 69
6 21
45 49
49 69
57 69
18 69
0 69
12 45
45 57
18 45
57 76
21 57
0 21
33 57
19 57
18 19
0 19
18 57
0 18
52 57
0 57
