80 632
25 48
25 59
45 48
45 59
1 45
1 25
1 65
8 48
8 59
1 8
25 58
45 58
58 65
8 58
4 48
4 59
1 4
4 58
35 45
25 35
35 65
8 35
33 35
48 49
49 59
1 49
49 58
35 49
45 49
25 49
49 65
8 49
32 49
45 64
25 64
64 65
8 64
44 49
44 64
25 69
45 69
65 69
9 48
9 59
1 9
9 58
9 49
9 64
9 69
36 58
36 49
25 75
45 75
65 75
49 57
57 75
19 45
19 25
19 65
19 32
26 48
26 58
26 49
26 64
19 26
5 25
5 45
35 73
49 73
19 73
5 73
48 50
50 59
50 58
49 50
50 75
50 69
50 65
12 48
12 58
12 35
12 64
12 75
12 36
12 50
13 65
8 13
59 76
58 76
35 76
64 76
19 76
45 47
25 47
47 65
22 48
22 59
22 58
22 49
22 75
22 47
22 65
22 50
2 75
2 5
2 50
2 13
2 4
67 75
47 67
5 67
13 67
2 67
20 25
0 20
5 11
11 12
11 25
11 20
2 10
30 50
12 30
25 30
20 30
30 73
50 61
13 61
25 61
30 61
29 58
29 49
29 75
29 36
5 29
13 29
4 29
20 29
4 72
29 72
25 51
30 51
10 51
2 3
3 30
3 51
7 59
7 58
7 35
7 64
7 69
7 36
7 65
7 13
7 12
7 20
29 39
7 39
65 79
13 79
4 79
19 38
36 38
5 38
13 38
2 38
35 53
49 53
53 75
36 53
50 53
12 53
4 53
38 53
29 53
7 53
51 63
43 59
43 58
43 49
43 64
19 43
36 43
5 43
13 43
4 43
20 43
29 43
2 17
17 30
10 17
17 43
2 18
18 38
18 29
18 43
18 57
56 65
13 56
2 56
38 56
39 56
7 56
18 56
4 46
20 46
29 46
46 79
46 67
14 46
4 27
27 38
10 27
27 79
27 67
16 75
16 36
16 65
16 50
4 16
16 30
16 39
16 79
16 67
16 27
39 40
7 40
18 40
26 40
16 40
32 40
54 67
26 54
40 54
10 31
7 31
18 31
26 31
25 42
20 42
10 42
15 42
15 67
15 22
15 76
9 15
55 59
55 58
35 55
55 64
55 75
5 55
55 65
13 55
4 55
38 55
29 55
15 55
6 15
34 51
34 79
6 34
14 34
27 34
32 34
34 44
0 34
16 34
4 66
30 66
39 66
43 66
6 66
66 72
42 66
35 41
41 75
19 41
36 41
5 41
41 50
25 41
29 41
10 41
41 79
41 63
26 41
41 57
48 71
59 71
1 71
58 71
49 71
64 71
19 71
36 71
65 71
12 71
2 71
38 71
10 71
71 79
67 71
6 71
27 71
57 71
41 71
12 24
24 38
24 51
7 24
6 24
24 26
18 70
26 70
10 62
43 62
18 62
3 62
62 70
31 62
44 62
2 78
20 78
39 78
7 78
63 78
26 78
42 78
57 78
25 28
28 30
28 51
28 43
18 28
28 72
28 70
28 41
17 28
9 28
8 28
28 78
28 56
28 37
37 78
8 37
21 70
21 71
21 54
11 21
61 77
33 68
11 68
68 77
56 68
6 23
23 26
23 42
23 41
23 44
52 67
52 72
27 52
52 54
6 74
3 74
42 74
31 74
33 74
61 74
66 74
55 74
52 74
74 76
45 52
52 66
23 52
52 56
46 52
23 73
23 68
23 62
23 37
9 68
21 77
8 77
21 66
21 37
21 55
37 55
11 78
9 78
62 78
0 78
62 73
24 62
22 62
53 70
24 70
17 70
57 70
22 70
24 71
24 33
0 24
24 46
24 53
24 45
11 71
31 71
17 71
41 66
41 55
41 44
9 41
16 66
34 66
56 66
27 60
54 60
17 60
11 60
8 60
34 60
45 60
22 60
34 61
6 76
6 73
6 55
55 72
40 55
11 55
16 55
9 55
3 15
42 63
3 42
42 73
42 61
31 42
9 42
31 54
0 31
31 33
31 76
54 73
46 54
33 54
0 40
40 56
8 40
11 40
16 32
16 17
16 76
16 46
22 27
27 73
27 46
27 44
33 46
46 56
9 46
14 32
14 56
14 57
14 45
32 56
53 56
18 33
18 32
17 18
17 72
0 17
17 44
17 53
43 57
43 63
43 72
43 79
0 43
43 44
53 63
63 72
45 63
0 63
8 63
44 63
11 63
3 53
32 53
0 53
53 73
22 53
26 38
22 38
38 79
32 38
38 57
38 44
39 79
61 79
73 79
45 79
8 79
39 67
39 76
8 39
39 73
7 51
3 7
7 33
7 32
7 11
3 8
3 61
3 33
0 3
3 44
44 51
51 72
45 51
33 51
26 51
9 72
11 72
26 72
72 76
29 57
29 61
29 32
26 29
61 67
32 61
61 76
9 61
45 61
8 30
0 30
30 33
10 30
10 11
10 22
0 10
9 10
11 73
9 20
20 67
20 45
20 76
26 67
9 67
22 67
2 25
2 33
2 22
2 44
22 57
22 44
22 76
8 22
47 57
33 47
47 76
65 76
13 76
25 76
57 76
0 76
8 76
13 25
13 33
12 13
12 57
9 12
0 12
4 12
12 73
12 45
12 26
12 44
26 50
50 73
4 50
8 50
25 50
45 50
32 50
4 73
33 73
45 73
5 26
5 9
5 33
25 26
19 57
57 65
4 57
45 57
33 57
8 75
36 75
4 75
33 75
36 45
25 36
36 44
36 65
9 36
32 36
4 36
8 36
9 25
44 69
8 69
44 65
44 45
32 64
32 65
25 32
32 45
8 32
33 49
4 49
4 35
4 8
45 65
25 45
59 65
25 65
48 65
0 65
