80 1580
34 39
34 72
38 39
38 72
34 73
38 73
21 39
21 72
21 73
39 61
61 72
61 73
34 61
38 61
21 61
39 67
67 72
67 73
61 67
39 62
62 72
62 73
61 62
34 62
38 62
62 67
21 62
31 39
31 72
31 73
31 61
31 62
34 68
38 68
67 68
21 68
31 68
39 76
72 76
73 76
61 76
62 76
68 76
22 34
22 38
22 67
21 22
22 76
22 31
6 39
6 72
6 73
6 61
6 62
6 68
6 22
34 54
38 54
54 67
21 54
31 54
54 76
6 54
39 41
41 72
41 73
41 61
41 62
41 68
22 41
41 54
35 39
35 61
35 62
35 54
34 35
35 38
35 67
21 35
35 76
31 35
39 60
60 72
60 73
60 61
60 62
60 68
22 60
54 60
35 60
24 62
24 34
24 38
24 67
21 24
24 31
24 76
24 41
24 60
39 52
52 72
52 73
52 61
52 62
52 68
22 52
52 54
35 52
24 52
12 39
12 61
12 62
12 22
12 24
12 34
12 38
12 21
12 67
12 31
12 76
12 60
12 52
6 12
12 41
11 39
11 72
11 73
11 61
11 62
11 68
11 22
11 54
11 35
11 24
11 12
0 11
39 66
66 73
61 66
62 66
22 66
54 66
35 66
24 66
0 66
34 66
38 66
66 67
21 66
31 66
66 76
6 66
41 66
60 66
52 66
11 66
39 74
72 74
73 74
61 74
62 74
68 74
22 74
54 74
35 74
24 74
12 74
0 74
66 74
39 43
43 73
43 61
43 62
22 43
43 54
35 43
12 43
0 43
34 43
38 43
21 43
43 67
31 43
43 76
43 60
43 52
41 43
6 43
43 74
11 43
39 58
58 72
58 73
58 61
58 62
58 68
22 58
54 58
35 58
24 58
12 58
0 58
58 66
43 58
34 79
38 79
67 79
21 79
76 79
31 79
60 79
6 79
41 79
52 79
11 79
74 79
39 40
40 72
40 73
40 61
40 62
40 68
22 40
40 54
35 40
24 40
12 40
0 40
40 66
40 43
40 79
4 39
4 72
4 73
4 61
4 62
4 68
4 22
4 54
4 35
4 24
4 12
0 4
4 66
4 43
4 34
4 38
4 21
4 67
4 76
4 31
4 60
4 6
4 41
4 52
4 11
4 74
39 48
48 72
48 73
48 61
48 62
48 68
22 48
48 54
35 48
24 48
12 48
0 48
48 66
4 48
21 53
34 53
38 53
53 67
53 76
31 53
41 53
52 53
53 60
6 53
53 74
11 53
51 62
12 51
0 51
4 51
51 53
51 76
7 76
7 34
7 38
7 67
7 31
7 60
7 41
7 52
6 7
32 39
32 73
32 61
32 62
22 32
32 54
32 35
12 32
0 32
32 43
32 53
32 76
7 32
39 47
47 73
47 61
47 62
22 47
47 54
35 47
12 47
47 66
4 47
21 47
33 39
33 73
33 61
33 62
33 68
22 33
24 33
12 33
0 33
33 43
21 33
33 53
33 34
33 38
33 67
31 33
33 76
6 33
33 52
33 41
33 60
11 33
33 74
27 62
12 27
27 43
27 79
4 27
27 33
7 27
9 39
9 61
9 62
9 35
9 24
9 12
0 9
9 79
9 21
9 76
7 9
9 34
9 38
9 67
9 31
9 52
9 41
6 9
9 60
39 71
71 72
71 73
61 71
62 71
68 71
22 71
54 71
24 71
12 71
43 71
4 71
21 71
33 71
7 71
9 71
0 57
43 57
21 57
33 57
57 58
47 57
34 57
38 57
57 67
31 57
39 64
64 72
64 73
61 64
62 64
64 68
22 64
54 64
35 64
24 64
12 64
0 64
64 66
43 64
21 64
64 76
58 64
47 64
57 64
11 64
6 64
28 34
28 38
28 67
39 70
70 72
61 70
62 70
68 70
54 70
35 70
24 70
66 70
4 70
21 70
33 70
70 76
58 70
57 70
0 36
36 43
21 36
36 53
7 36
36 58
11 36
34 36
36 38
36 67
31 36
13 76
13 58
11 13
13 36
45 66
45 79
4 45
45 53
45 76
9 45
45 57
11 45
34 45
38 45
45 67
4 69
53 69
7 69
58 69
57 69
36 69
45 69
28 69
60 69
64 69
15 21
15 53
15 76
15 58
15 57
11 15
43 44
44 79
21 44
44 53
7 44
9 44
44 57
36 44
34 44
38 44
44 67
31 44
15 44
18 39
18 61
18 62
18 54
18 35
18 24
0 18
18 43
18 53
18 76
18 58
18 47
11 18
18 36
18 44
18 28
14 58
9 14
11 14
14 36
14 45
14 44
14 34
14 38
14 67
14 18
39 78
72 78
73 78
61 78
62 78
54 78
35 78
12 78
66 78
78 79
21 78
33 78
76 78
9 78
47 78
36 78
45 78
60 78
14 78
64 78
41 78
29 39
29 61
29 62
24 29
0 29
29 43
21 29
29 53
29 76
29 47
29 57
6 29
29 45
28 29
29 60
29 41
29 67
29 34
29 52
29 78
2 39
2 12
0 2
2 43
2 21
2 53
2 7
2 58
2 47
2 36
2 45
2 44
2 14
2 64
2 67
2 29
39 65
62 65
35 65
24 65
0 65
43 65
21 65
33 65
7 65
9 65
57 65
36 65
44 65
60 65
14 65
41 65
15 65
26 39
26 72
26 73
26 61
26 62
26 68
22 26
26 54
26 35
24 26
12 26
0 26
26 66
26 79
21 26
26 33
26 76
26 58
26 57
6 26
26 44
26 28
14 26
26 41
26 67
26 34
26 38
26 40
30 39
30 72
30 61
30 62
30 68
30 54
30 35
24 30
30 66
4 30
21 30
30 53
30 76
30 58
30 47
6 30
30 44
30 60
14 30
30 41
15 30
26 30
4 23
23 53
23 58
23 47
23 57
23 36
6 23
23 28
14 23
7 77
9 77
11 77
36 77
6 77
44 77
14 77
34 77
38 77
67 77
16 39
16 24
16 66
4 16
16 21
16 33
16 58
9 16
11 16
16 36
16 45
16 60
16 77
16 41
16 67
16 26
16 65
16 71
1 67
1 29
1 23
0 10
4 10
10 21
10 76
7 10
10 58
10 11
6 10
10 45
10 44
10 77
10 64
10 15
10 67
10 65
10 71
10 34
10 30
10 38
10 69
20 39
20 72
20 73
20 61
20 62
20 68
20 22
20 54
20 35
20 24
12 20
0 20
20 66
20 79
4 20
20 53
20 58
20 47
20 57
20 36
20 44
20 60
20 77
20 64
15 20
20 29
20 23
10 20
1 20
3 7
3 9
3 57
3 11
3 44
3 60
3 14
3 41
3 15
3 67
3 65
3 10
3 38
5 39
5 72
5 73
5 61
5 62
5 68
5 22
5 54
5 35
5 24
5 43
5 79
4 5
5 33
5 76
5 9
5 47
5 11
5 6
5 44
5 14
5 41
5 67
5 29
5 23
5 10
1 5
3 5
55 66
55 79
21 55
33 55
55 76
47 55
55 57
6 55
45 55
28 55
14 55
55 77
15 55
26 55
23 55
10 55
38 55
13 55
21 46
33 46
46 76
46 58
46 47
6 46
45 46
46 60
14 46
41 46
46 67
29 46
23 46
46 71
1 46
3 46
46 55
37 45
37 44
37 77
37 64
37 67
29 37
23 37
10 37
37 38
13 37
17 66
17 43
17 21
17 33
17 76
9 17
17 57
17 36
6 17
17 60
17 77
17 41
17 67
17 26
17 23
17 71
17 38
3 17
17 70
2 17
17 18
17 30
8 39
8 61
8 62
8 54
8 35
8 24
8 66
4 8
8 21
8 33
7 8
8 58
8 47
8 11
8 45
8 28
8 14
8 41
8 67
8 26
8 23
8 71
1 8
3 8
8 17
8 37
6 25
25 44
25 77
25 41
15 25
25 29
23 25
25 65
1 25
13 25
3 25
57 63
36 63
45 63
44 63
14 63
63 64
15 63
29 63
23 63
63 71
38 63
13 63
55 63
16 63
48 63
31 63
34 63
25 63
39 56
12 56
0 56
43 56
21 56
33 56
7 56
56 58
11 56
36 56
6 56
28 56
14 56
56 77
15 56
26 56
56 65
56 71
38 56
13 56
17 56
56 63
25 56
56 69
39 59
59 62
35 59
12 59
59 66
4 59
21 59
33 59
59 76
9 59
57 59
36 59
6 59
44 59
59 60
59 77
59 67
26 59
59 65
10 59
38 59
3 59
55 59
37 59
25 59
59 69
51 59
30 59
2 59
5 59
8 59
20 59
27 59
59 74
48 59
39 50
50 72
50 73
50 61
50 62
50 68
22 50
50 54
35 50
24 50
50 66
43 50
21 50
50 53
50 58
9 50
50 57
6 50
45 50
50 60
14 50
50 64
50 67
29 50
23 50
50 71
38 50
3 50
50 55
50 63
25 50
50 69
50 59
31 50
48 50
8 50
32 50
18 50
50 78
20 50
5 50
50 51
16 50
2 50
16 59
56 59
31 56
39 49
12 49
49 66
4 49
21 49
33 49
7 49
47 49
49 57
36 49
45 49
44 49
49 60
49 64
49 67
29 49
49 65
10 49
38 49
3 49
17 49
49 63
25 49
49 69
49 52
31 49
5 49
2 49
8 49
48 49
20 49
16 49
27 49
30 49
49 56
49 78
34 56
40 56
39 42
24 42
42 66
42 43
21 42
33 42
42 76
42 58
42 47
11 42
42 44
28 42
42 77
42 64
42 67
29 42
42 65
10 42
1 42
3 42
17 42
42 55
42 70
42 69
42 52
31 42
42 56
42 74
32 42
42 78
20 42
27 42
5 42
2 42
34 42
42 51
56 78
8 56
18 56
56 74
27 56
5 56
18 63
19 39
19 72
19 73
19 61
19 62
19 68
19 22
19 54
19 35
19 24
12 19
0 19
19 43
4 19
19 21
19 53
7 19
19 47
11 19
6 19
19 45
19 28
19 77
19 64
15 19
19 26
19 65
19 71
1 19
13 19
17 19
19 63
19 37
19 69
19 52
39 75
73 75
61 75
62 75
22 75
54 75
35 75
12 75
66 75
75 79
53 75
33 75
75 76
9 75
11 75
6 75
45 75
28 75
14 75
75 77
15 75
26 75
65 75
10 75
38 75
13 75
17 75
63 75
37 75
69 75
31 75
19 75
16 75
40 75
30 75
18 75
48 75
51 75
46 75
34 75
75 78
8 75
19 48
19 74
19 32
19 78
19 46
16 19
19 20
19 51
19 27
19 40
52 63
63 70
40 63
32 63
8 25
16 25
25 32
25 34
20 25
25 48
25 31
25 70
25 27
18 25
8 52
8 40
8 16
8 34
8 30
2 8
8 46
8 20
17 37
17 20
17 34
17 69
17 74
17 51
37 51
20 37
27 37
37 74
5 37
37 46
37 78
37 52
37 40
2 37
30 37
46 70
46 69
46 52
46 48
32 46
46 78
34 46
20 46
46 51
2 46
27 46
16 55
48 55
32 55
52 55
27 55
40 55
55 78
5 55
55 69
2 55
30 55
5 70
5 52
5 48
5 32
5 78
5 27
5 51
5 30
2 5
3 20
3 69
2 3
3 74
3 18
3 78
3 52
3 31
20 52
20 31
18 20
20 30
16 20
20 34
10 13
1 10
10 27
10 48
10 40
1 38
1 69
1 51
1 40
1 18
1 52
1 31
1 34
1 30
1 13
1 16
13 16
16 70
16 74
16 18
16 40
16 51
16 30
40 77
64 77
15 77
71 77
51 77
32 77
48 77
23 77
15 23
23 26
23 29
23 34
23 27
23 52
23 74
23 69
23 32
23 30
23 31
13 30
30 52
30 74
18 30
30 78
30 40
30 34
26 70
26 71
18 26
26 51
26 65
13 26
26 74
26 31
34 65
65 78
65 70
18 65
65 71
48 65
51 65
2 65
38 65
40 65
2 71
2 38
2 31
2 48
2 18
2 27
2 40
2 34
29 32
29 38
29 48
29 69
27 29
13 29
71 78
38 78
70 78
69 78
31 78
32 78
40 78
14 31
14 48
14 70
14 27
18 64
18 67
18 71
18 70
18 52
18 48
18 32
18 51
18 40
44 74
44 60
41 44
32 44
15 60
15 41
15 34
15 38
15 27
15 51
15 32
15 71
15 69
13 15
15 67
15 31
69 70
32 69
34 69
48 69
69 74
13 45
41 45
40 45
45 48
27 45
45 60
45 51
13 28
13 60
13 41
13 70
13 34
13 27
13 51
13 31
13 40
13 48
13 32
36 41
36 74
6 36
27 36
36 70
36 52
6 70
28 70
64 70
41 70
70 71
38 70
70 74
51 70
27 70
40 70
31 70
52 70
28 51
28 52
28 48
28 71
28 64
28 74
34 64
38 64
64 67
40 64
31 64
41 64
64 71
27 64
51 64
64 74
57 71
32 57
6 57
57 60
41 57
27 57
11 71
6 71
34 71
51 71
32 71
52 71
71 74
31 71
9 48
9 51
9 11
9 27
9 74
9 40
9 47
27 60
27 38
27 31
27 32
27 34
27 40
33 47
47 76
34 47
38 47
47 67
31 47
6 47
47 52
32 47
41 47
47 60
47 51
40 47
47 48
11 32
6 32
32 41
32 38
32 52
31 32
32 48
32 74
7 51
7 48
7 74
7 11
7 58
6 51
51 52
48 51
51 74
34 51
48 53
53 58
40 53
48 76
11 48
48 67
38 48
48 74
4 40
4 58
21 40
40 76
11 40
40 60
40 41
31 40
40 74
58 79
21 58
34 58
38 58
58 67
31 58
6 58
52 58
41 58
58 60
21 74
74 76
11 74
60 74
41 74
38 74
31 74
34 74
11 21
11 76
11 34
11 38
11 67
11 31
11 52
11 60
0 12
0 52
21 52
52 76
6 52
52 60
41 52
52 67
34 52
6 24
0 60
21 60
60 76
34 60
38 60
60 67
31 60
41 60
35 41
6 35
0 35
0 41
21 41
41 76
34 41
38 41
41 67
0 6
6 21
6 76
6 34
6 38
6 67
6 31
0 76
21 76
34 76
38 76
67 76
31 76
0 31
21 31
0 62
0 67
21 67
34 67
38 67
0 21
21 34
21 38
0 38
0 34
0 39
