80 632
7 69
7 34
11 69
11 34
7 13
11 13
27 69
27 34
13 27
39 69
34 39
7 39
11 39
27 39
39 47
50 69
34 50
13 50
39 50
47 50
48 69
34 48
47 48
7 48
11 48
27 48
33 69
33 34
13 33
33 39
33 47
33 48
7 9
9 11
9 27
9 65
7 72
11 72
27 72
69 75
34 75
13 75
39 75
47 75
72 75
9 75
7 66
11 66
9 28
28 66
28 50
16 39
16 72
55 72
7 55
11 55
16 55
39 54
47 54
54 55
4 54
16 54
7 74
74 76
44 69
13 44
44 47
44 48
44 55
4 44
44 50
44 74
21 69
21 34
13 21
21 39
21 47
21 48
21 55
4 21
21 66
46 69
46 47
46 72
7 29
11 29
37 69
34 37
13 37
37 39
37 47
37 48
37 55
29 37
37 66
37 76
10 18
16 51
46 51
50 68
51 68
35 69
13 35
35 39
35 47
35 72
29 35
35 50
35 74
18 35
35 36
0 36
69 70
34 70
13 70
39 70
47 70
70 72
55 70
4 70
50 70
46 70
2 16
2 51
2 35
2 75
2 23
31 72
29 31
10 31
31 76
21 31
31 73
26 39
26 48
9 26
4 26
10 26
26 76
18 26
9 19
4 19
10 19
19 46
19 51
7 8
8 11
5 39
5 48
5 72
5 29
5 8
5 10
5 35
5 23
5 75
5 44
12 69
12 34
12 47
12 48
12 55
4 12
8 12
12 51
12 35
12 23
12 56
12 44
12 43
26 43
31 43
56 61
63 69
13 63
39 63
47 63
9 63
4 63
63 66
46 63
2 63
0 63
23 63
16 20
20 76
20 51
19 20
20 56
32 50
32 74
21 32
19 32
11 30
30 44
10 14
14 74
2 14
14 19
14 30
14 63
14 27
14 26
14 31
5 14
42 55
29 42
42 50
42 46
18 42
42 73
42 56
42 63
27 42
26 42
8 77
10 77
18 77
73 77
70 77
75 77
27 77
26 77
42 77
9 38
4 38
16 38
38 74
18 38
23 38
38 70
20 38
27 38
38 71
38 77
38 61
38 42
16 52
52 76
51 52
0 52
52 68
52 75
41 69
13 41
41 47
41 48
41 55
4 41
41 66
41 51
35 41
23 41
41 70
18 49
23 49
49 75
20 49
8 53
53 74
18 53
0 53
53 70
49 53
41 53
8 79
51 79
2 79
0 79
30 79
75 79
50 67
46 67
2 67
19 67
67 68
20 67
39 64
64 72
55 64
4 64
50 64
64 76
18 64
64 73
56 64
64 67
27 64
64 71
45 68
44 45
41 45
28 45
32 45
7 45
45 52
45 64
13 78
47 78
9 78
4 78
50 78
46 78
21 78
0 78
68 78
49 78
12 78
26 78
45 78
30 58
58 63
12 58
58 71
33 58
25 41
17 68
17 20
15 17
21 24
19 24
24 68
24 44
15 24
17 24
24 53
24 61
24 42
59 69
34 59
13 59
48 59
9 59
59 66
50 59
10 59
18 59
59 73
30 59
59 63
41 59
59 71
33 59
58 59
25 59
24 59
6 69
6 13
6 39
6 48
6 9
6 29
6 16
6 51
6 18
6 23
6 68
6 49
6 41
6 71
8 60
51 60
35 60
19 60
23 60
49 60
15 60
60 79
47 62
48 62
55 62
62 66
16 62
62 74
21 62
0 62
62 70
62 75
12 62
28 62
60 62
5 62
25 62
62 64
7 62
32 62
6 60
5 60
36 60
31 60
37 60
6 77
13 57
48 57
57 72
29 57
16 57
46 57
21 57
19 57
57 68
44 57
12 57
57 71
31 57
57 77
1 8
1 10
1 35
1 73
1 68
1 49
1 41
1 17
1 53
1 77
1 54
1 43
1 7
1 57
22 57
22 64
11 22
22 32
6 57
57 64
6 59
6 65
6 14
59 65
3 55
3 29
3 50
3 76
2 3
0 3
3 30
3 49
3 27
3 17
3 53
3 5
3 25
3 43
3 24
3 14
24 36
17 31
11 17
17 36
17 25
25 45
25 58
25 32
37 58
11 58
58 78
42 78
36 78
32 78
7 78
5 64
37 64
31 67
30 40
20 40
40 67
40 79
33 40
40 61
40 42
40 43
7 40
11 40
15 67
61 67
26 67
27 67
11 67
15 36
15 79
7 15
15 31
28 79
33 79
54 79
61 79
53 79
31 53
33 53
11 53
37 49
41 49
41 52
41 65
28 52
52 77
52 54
36 52
32 52
38 52
38 65
11 38
14 42
14 43
30 32
28 30
20 32
12 32
28 32
7 20
20 63
20 28
54 63
63 65
61 63
27 63
31 61
43 61
54 61
5 12
12 37
5 71
5 65
8 10
8 65
8 71
46 71
21 71
19 71
70 71
44 71
27 71
7 19
19 26
19 54
26 56
26 44
26 37
26 54
37 56
31 56
23 73
68 73
28 73
73 75
23 65
23 70
2 28
2 70
2 33
2 27
54 70
70 75
36 70
7 70
36 75
36 37
7 36
35 68
21 35
27 35
11 35
65 68
18 51
51 54
18 37
0 18
0 37
37 54
37 65
10 29
29 33
29 46
27 29
10 46
46 75
21 46
7 46
11 46
7 21
21 65
21 44
21 33
0 44
33 44
11 44
54 74
33 54
11 54
27 55
16 66
7 16
16 33
16 27
16 76
16 75
27 76
0 76
33 76
28 76
65 76
28 33
7 28
28 65
50 66
66 75
33 75
27 75
4 72
4 7
4 11
4 65
33 65
9 33
9 10
9 50
48 50
10 48
7 50
11 50
27 47
13 47
11 47
10 11
0 11
34 47
7 47
7 10
47 69
10 47
0 10
