80 1264
68 78
4 68
19 78
4 19
38 68
19 38
24 78
4 24
24 38
27 68
19 27
24 27
18 78
4 18
18 38
18 27
13 68
13 19
13 24
40 78
4 40
38 40
27 40
13 40
38 51
13 51
51 68
19 51
24 51
18 51
40 51
70 78
4 70
38 70
27 70
13 70
51 70
44 68
19 44
24 44
18 44
40 44
12 78
4 12
12 38
12 27
12 13
12 51
12 44
5 78
4 5
5 38
5 27
5 13
5 51
5 44
5 68
5 19
5 24
5 18
5 40
5 12
5 70
5 65
4 21
21 38
13 21
21 51
21 44
5 21
35 51
35 44
35 68
19 35
24 35
35 40
18 35
35 65
35 70
12 35
33 35
48 78
4 48
38 48
27 48
13 48
48 51
44 48
5 48
35 48
48 68
19 48
24 48
18 48
40 48
12 48
48 70
48 65
78 79
4 79
38 79
27 79
13 79
51 79
44 79
5 79
35 79
48 79
9 68
9 19
9 24
9 18
9 40
9 12
9 70
9 65
9 16
16 65
17 51
17 44
5 17
17 35
17 65
4 53
13 53
51 53
44 53
5 53
35 53
53 65
53 68
19 53
24 53
40 53
18 53
53 70
12 53
11 53
22 51
22 44
22 35
22 48
22 65
22 53
64 68
19 64
24 64
40 64
18 64
57 64
28 35
28 48
28 65
28 53
17 28
28 64
28 68
19 28
24 28
28 40
18 28
4 47
13 47
47 51
44 47
5 47
35 47
9 47
47 53
17 47
28 47
11 47
0 47
16 47
5 58
48 58
9 58
58 65
37 51
37 44
5 37
35 37
37 48
37 65
17 37
37 68
19 37
24 37
18 37
37 40
51 69
48 69
9 69
53 69
37 69
28 69
38 66
13 66
51 66
44 66
5 66
48 66
65 66
53 66
17 66
64 66
66 68
19 66
24 66
75 78
4 75
38 75
13 75
51 75
44 75
5 75
48 75
65 75
53 75
17 75
64 75
66 75
0 75
33 75
27 36
13 36
36 51
36 44
5 36
35 36
36 48
36 65
36 37
36 64
54 68
19 54
24 54
17 55
55 64
54 55
55 66
33 55
55 58
27 67
13 67
51 67
44 67
5 67
48 67
9 67
65 67
37 67
28 67
54 67
67 68
33 67
58 67
19 67
22 67
2 51
2 44
2 35
2 48
2 9
2 53
2 37
2 64
2 66
2 68
2 33
2 58
2 67
2 40
71 78
4 71
38 71
13 71
51 71
44 71
5 71
48 71
9 71
53 71
17 71
28 71
54 71
66 71
68 71
36 71
67 71
40 71
14 68
14 36
14 67
14 40
14 79
46 68
16 46
36 46
14 46
5 20
20 48
9 20
20 53
20 37
20 28
11 20
20 66
20 68
16 20
20 36
56 68
56 58
36 56
51 60
35 60
60 65
53 60
17 60
60 64
11 60
60 68
33 60
36 60
19 60
5 10
10 35
10 65
10 17
10 64
10 11
10 54
10 68
10 33
10 58
10 60
10 56
10 14
26 78
4 26
26 27
13 26
26 51
26 44
5 26
26 35
26 65
26 53
17 26
26 28
26 66
26 68
16 26
26 36
26 67
26 40
14 26
20 26
17 31
31 64
31 66
31 68
31 33
31 58
31 60
31 40
20 31
26 31
17 25
11 25
25 54
0 25
25 68
25 58
25 60
25 56
20 25
25 47
25 46
25 57
25 31
12 25
3 5
3 35
3 9
3 53
3 37
3 64
3 54
0 3
3 33
3 36
3 60
3 56
3 20
3 47
3 25
3 18
72 78
4 72
38 72
13 72
51 72
44 72
5 72
35 72
48 72
65 72
17 72
28 72
54 72
0 72
68 72
16 72
60 72
56 72
71 72
47 72
3 72
25 32
3 32
51 59
44 59
5 59
35 59
48 59
53 59
37 59
59 64
54 59
59 68
33 59
16 59
59 60
40 59
14 59
47 59
46 59
32 59
29 36
29 60
14 29
29 47
25 29
3 29
24 29
29 79
10 29
21 29
4 7
7 38
7 27
7 13
7 51
7 44
5 7
7 35
7 48
7 65
7 37
7 28
7 54
7 66
7 68
7 36
7 60
7 56
7 71
7 20
7 25
3 7
7 29
50 78
4 50
27 50
13 50
50 51
44 50
5 50
35 50
48 50
17 50
37 50
28 50
11 50
50 66
16 50
36 50
50 67
40 50
50 71
26 50
47 50
3 50
50 57
50 55
62 65
53 62
37 62
62 64
54 62
0 62
33 62
36 62
62 67
56 62
62 71
26 62
47 62
32 62
57 62
50 62
33 41
16 41
41 60
41 56
14 41
20 41
41 46
32 41
41 57
41 50
41 79
11 42
0 42
33 42
42 58
42 67
42 56
42 71
26 42
42 46
24 42
29 42
15 51
15 44
5 15
15 35
9 15
15 65
15 37
15 28
11 15
15 66
15 68
15 16
15 67
15 40
15 71
15 20
15 47
15 32
15 57
12 15
5 8
8 35
8 65
8 53
8 37
8 28
8 11
8 68
8 33
8 16
8 36
8 56
8 71
8 20
8 46
8 32
8 24
8 15
37 63
28 63
54 63
0 63
16 63
58 63
63 67
56 63
63 71
20 63
46 63
32 63
29 63
50 63
63 79
55 63
63 72
4 30
30 38
27 30
13 30
30 51
30 44
5 30
30 48
30 65
17 30
30 37
30 64
11 30
0 30
30 33
30 58
30 67
30 40
30 71
20 30
25 30
24 30
30 57
30 63
30 79
10 30
5 77
48 77
9 77
53 77
37 77
64 77
54 77
0 77
68 77
58 77
60 77
40 77
20 77
47 77
25 77
32 77
29 77
50 77
41 77
70 77
7 77
66 76
0 76
33 76
16 76
67 76
56 76
14 76
26 76
46 76
3 76
24 76
50 76
76 79
70 76
76 77
37 49
28 49
49 66
0 49
49 68
49 58
49 60
40 49
49 71
26 49
46 49
24 49
49 57
15 49
49 63
49 70
39 64
28 39
39 54
0 39
39 68
39 58
36 39
39 60
20 39
26 39
25 39
3 39
24 39
39 50
39 41
10 39
39 70
5 43
35 43
43 48
43 53
37 43
28 43
43 54
43 68
33 43
16 43
43 60
43 56
14 43
26 43
43 46
3 43
29 43
15 43
41 43
22 43
39 43
43 55
34 48
34 65
17 34
28 34
11 34
0 34
16 34
34 58
34 60
34 56
14 34
34 47
25 34
32 34
34 57
15 34
34 41
10 34
34 77
34 39
34 75
34 43
23 47
23 32
23 57
15 23
23 41
10 23
23 70
4 52
38 52
27 52
13 52
51 52
44 52
5 52
35 52
52 65
52 53
17 52
52 64
11 52
52 66
52 68
16 52
36 52
40 52
52 71
26 52
25 52
3 52
29 52
15 52
52 79
41 52
52 77
52 59
30 52
17 73
11 73
66 73
68 73
33 73
36 73
67 73
56 73
14 73
20 73
25 73
32 73
57 73
15 73
41 73
22 73
70 73
52 73
55 73
59 73
19 73
8 73
7 73
42 73
12 73
11 45
45 66
45 68
36 45
45 67
45 56
45 71
45 47
45 46
32 45
24 45
45 50
45 63
22 45
45 77
45 52
6 17
6 11
6 54
0 6
6 68
6 16
6 67
6 40
6 71
6 26
6 46
6 32
6 57
6 15
6 63
6 22
6 77
6 39
6 34
6 45
6 7
6 19
6 12
1 79
1 70
1 39
1 49
1 6
1 59
1 19
1 8
1 75
1 42
1 31
1 62
1 2
1 76
6 69
6 31
6 18
6 23
45 59
19 45
30 45
67 74
40 74
14 74
26 74
25 74
3 74
57 74
50 74
41 74
22 74
39 74
52 74
55 74
18 74
69 74
8 74
21 74
45 74
74 76
42 74
14 61
20 61
46 61
3 61
29 61
50 61
61 79
22 61
39 61
55 61
34 61
18 61
19 61
61 75
61 74
61 72
2 61
21 61
43 61
61 76
62 74
12 45
43 45
45 72
21 45
45 73
2 73
72 73
31 52
12 52
42 52
52 72
23 52
7 52
23 34
19 23
23 30
7 23
12 23
23 31
23 72
23 43
23 76
8 34
34 42
34 76
21 34
34 72
43 59
30 43
43 75
7 43
21 43
43 72
18 39
39 72
12 39
21 39
39 49
49 75
49 55
49 69
19 49
2 49
8 49
49 76
49 62
18 49
21 49
59 76
19 76
75 76
31 76
21 76
42 77
30 77
19 77
59 77
8 77
31 77
30 55
18 30
30 69
30 62
8 30
21 30
30 72
63 69
63 70
18 63
19 63
8 63
10 63
12 63
8 22
8 59
8 31
8 42
8 12
7 8
15 18
15 75
15 42
2 15
15 21
10 15
41 42
10 42
42 59
42 69
31 42
12 42
42 62
41 69
41 62
2 41
41 70
22 62
62 70
55 62
18 62
62 75
12 62
2 62
21 62
22 50
19 50
50 59
7 50
31 50
7 79
7 22
7 18
7 69
7 75
7 72
2 7
29 31
18 29
29 69
19 29
29 59
59 79
10 59
55 59
12 59
59 69
24 32
32 72
18 32
19 32
24 72
72 79
10 72
18 72
19 72
3 10
3 57
3 22
3 75
3 70
25 70
10 25
25 55
24 31
31 79
10 31
31 55
31 69
12 31
2 31
26 79
18 26
26 75
26 46
12 26
26 55
10 26
2 10
10 69
10 21
10 70
10 18
40 60
60 75
60 79
21 60
18 60
56 60
60 69
55 56
22 56
20 56
56 75
19 56
20 24
20 46
20 79
20 21
19 20
2 20
46 69
24 46
19 46
21 46
22 46
2 46
14 71
14 47
12 14
14 21
14 22
14 18
14 75
2 71
57 71
19 71
69 71
55 71
70 71
2 24
2 57
2 70
2 55
2 18
2 69
2 75
67 69
24 67
57 67
12 67
55 67
24 55
55 79
22 55
55 70
18 55
54 79
18 54
54 70
36 54
40 54
54 58
36 68
33 36
36 58
19 36
36 75
36 70
36 47
18 36
47 75
57 75
75 79
22 75
70 75
19 75
69 75
66 69
21 66
57 66
12 66
22 66
16 66
66 79
18 66
0 69
16 69
58 69
47 69
24 69
69 70
21 69
11 37
37 58
37 79
21 37
12 37
11 58
0 58
58 68
19 58
21 58
57 58
22 58
12 58
24 58
47 58
40 47
22 47
47 57
24 47
47 70
47 79
28 33
28 79
11 28
28 57
22 28
0 57
57 68
40 57
22 57
57 70
12 57
22 64
64 70
16 64
12 64
0 22
22 33
22 79
12 22
19 22
53 79
21 53
17 53
17 68
17 19
17 24
17 40
17 18
17 70
12 17
17 33
16 17
11 16
16 68
16 19
16 21
16 70
16 79
16 40
16 18
9 21
9 79
9 33
33 79
24 79
21 79
21 48
33 48
33 65
11 33
0 33
19 33
24 33
18 33
12 33
21 35
11 21
21 68
21 40
21 24
18 21
12 65
12 68
12 40
12 24
12 19
44 70
44 65
65 70
11 70
0 70
68 70
40 70
51 65
40 65
11 40
0 40
40 68
19 40
24 40
13 18
13 65
18 65
11 18
27 65
24 65
11 24
0 24
24 68
38 65
19 65
11 19
0 19
19 68
4 65
65 68
11 68
0 68
65 78
11 65
0 11
