80 632
9 35
22 35
9 16
16 22
35 42
16 42
9 74
35 68
16 68
68 74
29 68
7 9
7 68
7 22
7 42
35 62
16 62
62 74
29 62
7 62
35 76
16 76
74 76
29 76
7 76
9 76
62 76
42 76
22 76
68 76
35 78
16 78
29 78
7 78
76 78
68 78
9 24
24 62
24 42
22 24
24 58
9 67
1 7
1 76
1 68
1 67
24 59
9 26
26 62
26 42
22 26
35 44
44 76
24 44
26 44
9 36
29 56
56 76
56 68
36 56
56 75
13 29
13 76
13 24
13 67
13 36
13 59
24 31
9 37
22 37
37 42
37 62
35 47
16 47
29 47
47 76
47 68
37 47
47 75
47 59
23 78
21 35
16 21
7 21
21 76
9 50
22 50
42 50
50 62
12 50
12 26
12 21
12 59
12 13
29 33
33 76
33 68
33 37
33 75
35 65
16 65
7 65
65 76
65 68
65 67
36 65
8 65
13 65
35 70
16 70
29 70
70 76
68 70
37 70
70 75
10 68
10 36
10 75
10 53
10 23
10 70
16 41
41 76
41 68
36 41
21 41
8 41
23 41
41 70
7 17
17 68
17 24
17 67
17 75
17 53
7 18
18 76
18 68
18 67
18 21
18 59
2 18
18 70
68 77
36 77
21 77
59 77
2 77
70 77
22 77
39 75
8 39
19 68
19 67
19 21
19 59
19 64
19 77
45 68
26 45
45 75
45 59
13 45
45 70
45 58
29 71
71 76
68 71
67 71
21 71
8 71
64 71
2 71
45 71
41 57
51 77
27 29
27 68
27 50
27 67
21 27
27 53
23 27
27 33
27 51
27 57
45 73
3 64
3 77
3 51
3 10
3 18
35 55
16 55
29 55
7 55
55 76
55 68
24 55
26 55
21 55
13 55
55 64
33 55
41 55
3 55
55 73
13 25
25 70
25 47
60 75
8 60
23 60
33 60
47 60
60 79
44 63
25 63
30 63
13 38
38 70
38 47
38 57
38 63
21 46
46 59
23 46
33 46
46 77
46 51
19 46
52 73
46 52
38 52
47 69
69 79
4 69
1 4
40 64
2 40
40 45
3 40
19 40
4 40
40 62
40 69
40 60
21 54
54 59
54 64
54 77
45 54
3 54
54 63
40 54
0 54
54 69
15 56
15 60
15 78
15 22
6 71
6 39
0 6
6 69
6 15
6 17
28 41
3 28
28 71
28 46
11 30
32 71
32 39
11 32
32 69
5 47
5 57
5 73
5 39
5 38
5 62
13 49
33 49
47 49
3 49
19 49
46 49
13 43
2 43
41 43
43 57
19 43
4 43
12 43
17 43
43 49
66 75
53 66
2 66
66 77
45 66
51 66
66 73
4 66
43 66
66 69
56 66
44 66
28 66
58 66
18 66
32 66
43 65
1 43
43 62
27 43
30 49
34 49
20 41
20 51
20 71
20 40
20 46
20 69
11 48
30 48
18 48
48 52
20 48
1 48
17 48
48 58
20 31
20 28
20 78
20 49
9 20
1 49
18 49
49 65
42 49
34 42
5 34
36 72
13 72
23 72
70 72
45 72
72 79
19 72
25 72
11 72
10 72
34 72
31 72
72 78
58 72
22 72
52 72
5 12
5 32
5 27
5 9
61 77
57 61
61 73
40 61
11 61
10 61
5 61
17 61
27 61
12 61
32 61
54 61
14 35
14 16
7 14
14 76
14 50
14 26
14 75
14 59
14 64
14 70
14 77
14 79
14 71
14 25
14 38
14 62
14 56
14 52
14 60
14 55
14 32
14 58
32 78
32 58
11 28
11 58
11 42
28 30
17 28
12 28
28 60
6 28
6 42
6 52
6 54
15 54
31 54
27 54
52 54
0 40
10 40
4 42
4 17
4 25
0 69
1 69
52 69
1 52
38 46
9 46
27 46
46 56
18 46
0 38
10 38
9 38
31 38
22 38
60 63
63 78
0 63
0 60
60 62
42 60
22 60
9 60
39 79
31 79
30 79
44 79
1 79
25 79
25 65
22 25
25 31
25 58
25 55
25 30
0 55
30 55
55 56
55 78
42 55
18 55
9 55
3 22
3 73
3 65
3 58
27 73
1 73
58 73
9 73
65 73
27 39
17 27
27 58
9 27
0 51
9 51
17 51
51 78
42 51
51 57
57 62
56 57
57 71
12 57
19 57
56 71
22 71
39 71
12 71
18 71
12 45
44 45
45 78
19 45
31 45
19 42
19 31
19 62
17 19
10 19
39 64
31 64
42 64
64 70
1 64
44 64
33 64
39 77
39 41
39 56
39 44
39 78
12 39
18 39
47 77
18 77
18 30
18 44
18 65
2 17
2 62
2 42
0 2
17 33
17 41
10 17
17 65
41 42
41 62
30 41
0 41
10 41
10 22
10 58
10 78
10 42
53 70
0 53
44 53
30 53
30 70
65 70
9 70
44 70
47 65
62 65
44 65
22 65
12 65
1 8
8 9
8 33
33 58
1 33
12 33
33 56
33 47
33 78
31 33
12 62
12 44
9 12
21 50
21 37
21 75
21 30
9 21
21 62
21 31
21 59
23 30
30 56
9 30
23 47
23 56
22 23
9 23
23 58
0 23
9 47
47 56
1 47
22 47
37 78
31 37
13 31
31 62
31 56
1 31
22 31
13 58
13 56
13 42
13 62
44 56
22 36
36 42
36 78
36 44
36 58
36 75
0 44
44 62
42 44
26 59
42 59
1 59
59 62
22 59
59 78
1 78
1 22
62 67
67 75
58 67
24 78
0 78
75 76
62 68
9 68
22 68
42 68
68 75
42 74
22 74
29 42
22 29
22 75
9 29
9 75
29 75
0 75
