80 316
0 30
30 50
20 42
51 60
25 51
21 25
4 60
4 16
51 73
21 73
4 73
1 60
9 51
9 21
1 9
54 60
9 54
16 54
25 54
21 29
1 29
29 54
47 60
9 47
27 47
20 22
20 71
22 71
72 73
20 72
72 78
33 54
25 75
33 75
7 21
1 7
7 20
7 75
8 58
16 64
8 64
64 71
67 76
64 67
36 67
69 73
44 69
61 69
10 69
36 69
25 69
41 54
22 41
41 61
41 79
41 55
28 58
9 13
7 13
13 25
13 79
48 54
44 48
48 58
13 48
36 48
28 48
66 72
66 79
7 66
28 66
11 66
15 36
23 47
23 44
23 58
9 23
38 51
21 38
4 38
1 38
20 38
38 44
23 38
10 38
2 61
2 79
2 16
35 61
23 32
32 33
18 61
18 32
18 35
27 70
0 70
34 70
16 70
28 34
21 37
1 37
37 73
22 37
37 76
10 37
7 37
34 37
37 53
53 67
50 53
0 53
27 77
37 77
41 56
56 77
36 49
14 49
40 49
12 49
12 71
12 41
12 37
12 42
29 43
43 63
63 66
48 63
21 46
20 46
46 72
46 79
36 65
6 65
6 14
6 29
6 78
6 50
6 15
19 23
19 32
19 65
16 24
24 28
5 65
5 24
5 43
31 72
31 32
7 31
31 34
27 31
19 31
31 45
9 62
31 62
33 62
52 73
22 52
23 52
10 52
52 65
51 57
21 57
4 57
1 57
57 73
44 57
57 58
57 76
16 57
25 57
57 60
59 73
22 59
58 59
32 59
2 59
57 59
8 59
5 59
40 59
59 60
8 57
52 57
38 52
52 69
17 29
17 67
17 39
17 52
52 62
0 45
7 74
24 74
18 74
45 74
3 9
3 78
21 26
1 26
26 73
26 75
26 72
26 76
26 49
26 35
18 26
26 69
3 26
26 74
3 74
5 45
5 42
19 24
24 67
19 67
19 69
19 33
46 65
25 46
41 46
46 63
42 46
27 68
68 77
56 68
46 68
39 43
0 39
12 39
49 71
9 40
38 40
37 40
40 56
14 34
18 34
18 38
8 18
32 35
29 32
2 35
33 35
9 35
35 41
2 25
2 38
2 8
28 38
15 38
23 29
14 23
14 79
14 15
14 33
14 50
15 66
15 50
0 66
11 48
33 48
48 60
13 28
28 55
9 55
55 60
41 69
50 67
60 64
0 64
8 33
8 60
16 58
7 58
7 50
7 78
33 61
61 79
60 61
78 79
71 78
29 78
60 78
27 72
72 76
42 72
71 76
25 76
27 76
25 71
29 71
42 71
22 60
22 27
9 22
22 44
25 27
27 42
47 73
44 47
16 44
29 44
42 44
16 29
0 9
1 16
1 73
25 73
60 73
4 25
21 60
16 21
16 20
16 42
10 42
10 50
