80 1264
28 48
48 79
48 63
28 63
22 48
22 63
28 56
22 56
56 79
44 48
44 63
44 56
28 78
78 79
22 78
44 78
13 48
13 63
13 56
13 78
28 73
22 73
73 79
44 73
4 48
4 63
4 56
4 78
4 73
4 22
28 46
46 79
44 46
13 46
4 46
23 48
23 63
23 56
23 78
23 73
22 23
23 46
28 65
65 79
44 65
4 65
13 65
23 65
7 48
7 63
7 56
7 78
7 73
7 22
7 46
7 65
19 48
19 63
19 78
19 73
19 22
19 65
19 28
19 79
19 44
13 19
4 19
19 23
7 19
37 48
37 63
37 56
37 78
37 73
22 37
37 46
37 65
19 37
63 74
22 74
28 74
74 79
44 74
13 74
4 74
23 74
37 74
7 74
48 60
60 63
60 73
22 60
60 65
19 60
60 74
18 22
18 19
18 74
18 28
18 79
18 44
13 18
4 18
18 23
7 18
18 37
30 63
30 73
22 30
19 30
30 74
18 30
48 64
63 64
22 64
19 64
64 74
34 48
34 63
34 73
22 34
34 46
19 34
34 74
28 34
34 79
34 44
4 34
13 34
23 34
7 34
3 48
3 63
3 56
3 73
3 22
3 65
3 19
3 34
3 64
22 39
18 39
31 39
28 39
39 79
39 44
13 39
4 39
23 39
34 40
39 40
23 40
28 33
33 79
33 44
4 33
13 33
41 48
41 63
41 78
41 73
22 41
41 65
19 41
34 41
41 64
39 41
9 48
9 63
9 78
9 73
9 22
9 65
9 74
9 18
9 34
9 28
9 79
9 44
4 9
9 13
48 52
52 63
52 56
52 78
52 73
22 52
46 52
52 65
52 74
34 52
52 64
9 52
42 64
39 42
28 42
42 79
42 44
4 42
13 42
57 63
22 57
57 74
34 57
57 64
31 57
42 57
25 63
22 25
25 65
19 25
25 74
18 25
25 64
25 39
23 25
25 28
25 79
25 44
31 50
9 50
23 50
25 50
28 59
59 79
44 59
5 48
5 63
5 56
5 78
5 73
5 22
5 46
5 19
5 74
5 34
5 64
5 31
5 42
5 33
5 59
5 41
1 22
1 18
1 31
1 9
1 42
1 33
1 40
1 41
14 64
14 31
14 42
14 25
28 54
54 79
44 54
48 58
58 63
56 58
58 78
58 73
22 58
46 58
58 65
58 74
18 58
58 64
39 58
23 58
25 58
54 58
14 58
1 58
4 58
19 55
34 55
55 64
9 55
42 55
23 55
54 55
41 55
55 79
50 55
28 55
23 32
25 32
32 40
32 41
1 32
32 79
32 55
12 48
12 63
12 78
12 73
12 22
12 65
12 19
12 18
12 64
12 31
12 23
12 25
12 40
12 41
28 71
71 79
44 71
37 71
42 68
33 68
54 68
41 68
68 71
4 68
9 69
25 69
59 69
14 69
69 79
50 69
28 69
43 63
43 73
22 43
19 43
43 74
18 43
43 64
9 43
42 43
33 43
43 59
41 43
1 43
4 43
43 69
22 24
24 65
19 24
18 24
24 34
9 24
24 42
24 25
24 40
14 24
1 24
4 24
24 55
24 28
11 69
11 24
38 48
38 63
38 73
22 38
38 65
19 38
38 74
34 38
31 38
38 39
9 38
25 38
38 59
14 38
38 71
38 79
38 55
24 38
38 52
5 38
1 61
50 61
55 61
52 61
38 61
2 22
2 18
2 31
2 39
2 42
2 25
2 40
2 14
2 79
2 50
2 69
2 12
2 38
2 5
0 2
22 77
65 77
19 77
18 77
34 77
9 77
23 77
40 77
59 77
14 77
71 77
50 77
55 77
12 77
52 77
2 77
58 77
48 53
53 63
53 56
53 78
53 73
22 53
46 53
53 65
53 74
18 53
53 64
31 53
42 53
25 53
53 59
14 53
1 53
50 53
53 69
12 53
43 53
5 53
53 61
6 48
6 63
6 56
6 78
6 73
6 22
6 65
6 19
6 74
6 34
6 64
6 31
6 23
6 40
6 59
6 41
6 71
4 6
6 69
6 12
6 38
2 6
6 53
27 40
27 54
27 71
4 27
27 55
24 27
27 43
49 79
4 49
49 55
49 52
43 49
37 49
8 79
8 50
8 69
8 52
5 8
8 49
63 66
22 66
66 74
18 66
34 66
31 66
23 66
25 66
59 66
14 66
66 71
50 66
4 66
52 66
38 66
5 66
8 66
3 66
21 48
21 63
21 56
21 78
21 73
21 22
21 46
21 65
19 21
21 74
21 31
21 39
9 21
21 25
21 40
14 21
1 21
21 50
21 69
21 52
21 43
5 21
21 66
21 27
21 28
21 37
21 30
22 75
34 75
64 75
39 75
9 75
25 75
59 75
41 75
71 75
50 75
55 75
24 75
38 75
49 75
58 75
7 75
28 75
37 75
44 75
21 75
34 62
9 62
42 62
40 62
54 62
41 62
62 71
50 62
55 62
52 62
43 62
2 62
58 62
53 62
60 62
37 62
44 62
62 75
21 62
48 51
51 63
22 51
51 65
51 74
34 51
31 51
9 51
42 51
25 51
51 54
41 51
1 51
50 51
51 69
51 52
38 51
5 51
51 58
7 51
51 60
15 48
15 63
15 56
15 73
15 22
15 65
15 74
15 18
15 64
9 15
15 42
15 23
15 54
14 15
1 15
15 79
12 15
15 24
15 43
2 15
15 58
15 53
15 28
29 48
29 63
29 73
22 29
29 46
29 65
19 29
18 29
29 31
29 39
23 29
29 40
29 54
29 41
1 29
4 29
29 69
29 52
29 43
29 49
29 58
27 29
28 29
15 29
70 79
50 70
55 70
52 70
5 70
2 70
58 70
53 70
28 70
37 70
11 70
8 70
30 70
22 35
34 35
35 64
35 39
9 35
25 35
35 54
14 35
35 79
35 50
35 69
24 35
35 38
5 35
35 58
7 35
28 35
35 70
35 44
35 75
29 35
38 72
5 72
2 72
53 72
27 72
37 72
30 72
72 75
29 72
47 48
47 63
47 56
47 78
47 73
22 47
46 47
47 65
47 74
18 47
47 64
9 47
23 47
33 47
40 47
47 54
47 71
47 79
47 55
12 47
5 47
47 49
47 58
47 53
28 47
37 47
30 47
10 22
10 65
10 19
10 34
10 31
10 39
10 42
10 40
10 54
10 14
10 71
10 79
10 69
10 24
10 52
10 49
10 66
7 10
10 28
10 70
10 44
10 51
63 76
22 76
19 76
74 76
31 76
9 76
23 76
33 76
54 76
41 76
14 76
4 76
69 76
12 76
43 76
49 76
53 76
27 76
60 76
15 76
44 76
10 76
21 76
47 76
72 76
68 76
8 76
32 76
61 76
17 22
17 18
17 31
17 39
9 17
17 25
17 54
17 41
17 79
17 50
17 55
12 17
17 38
17 49
17 66
17 53
17 60
17 37
17 70
17 75
17 51
45 63
22 45
19 45
18 45
45 64
39 45
23 45
33 45
45 54
41 45
45 71
45 79
45 55
24 45
43 45
2 45
45 66
7 45
45 60
15 45
44 45
45 75
29 45
45 51
26 42
23 26
26 59
26 41
1 26
4 26
26 69
24 26
26 43
5 26
26 66
7 26
26 60
26 37
26 44
26 29
26 51
26 45
26 72
6 26
0 26
26 62
17 26
4 36
36 52
36 43
5 36
2 36
27 36
28 36
15 36
36 44
36 75
21 36
36 45
36 77
3 36
8 36
36 76
17 36
36 57
16 71
4 16
12 16
16 24
16 43
5 16
16 66
7 16
16 28
15 16
16 70
10 16
16 21
16 47
16 72
16 68
8 16
11 16
16 32
16 36
16 26
16 35
26 36
26 35
0 45
3 45
17 45
13 45
6 45
45 77
17 77
3 17
17 62
17 76
17 35
22 67
65 67
67 74
18 67
34 67
39 67
9 67
25 67
54 67
14 67
1 67
67 79
55 67
24 67
43 67
5 67
58 67
53 67
27 67
37 67
30 67
29 67
21 67
67 72
67 77
6 67
0 67
11 67
17 67
61 67
57 67
20 48
20 63
20 22
20 65
19 20
18 20
20 64
20 39
20 42
20 25
20 40
20 41
1 20
4 20
20 55
20 52
20 43
20 49
20 66
7 20
20 60
20 28
20 30
20 75
20 51
20 47
20 77
3 20
20 62
11 20
20 32
13 20
20 57
20 67
35 76
10 29
10 57
10 47
10 68
10 11
10 77
8 10
10 61
21 47
47 61
11 47
47 68
47 57
8 47
47 72
35 72
32 72
13 72
62 72
35 77
35 68
0 35
13 35
32 70
57 70
68 70
29 70
3 70
6 29
3 29
29 32
29 68
13 29
0 15
6 15
15 37
15 51
3 15
13 15
15 44
15 61
30 51
8 51
11 51
51 57
6 51
32 51
51 62
62 68
8 62
11 62
13 62
13 75
32 75
0 75
3 21
21 77
0 21
21 61
37 66
44 66
32 66
58 66
30 66
57 66
7 66
8 27
8 60
8 30
8 68
3 8
0 8
8 61
7 49
13 49
49 68
44 49
49 60
28 49
49 57
27 49
27 58
27 53
27 28
27 68
6 27
27 61
11 27
27 32
13 27
6 28
6 44
6 68
6 32
3 6
0 6
6 61
6 57
53 77
3 53
53 57
44 53
32 53
60 77
37 77
30 77
0 77
11 77
3 77
2 61
2 30
2 32
2 3
2 58
2 68
2 13
7 61
30 61
61 68
32 61
57 61
13 61
30 38
38 44
38 58
11 38
7 38
28 38
0 38
5 11
11 58
7 11
11 44
3 11
11 57
11 13
24 43
7 24
24 52
24 44
13 24
3 24
24 58
28 43
43 57
43 60
3 43
52 69
68 69
0 69
7 69
30 69
44 69
12 68
5 68
60 68
37 68
57 68
52 71
3 71
12 71
13 71
12 50
12 55
12 28
12 13
3 12
0 12
12 37
12 32
12 57
12 60
12 30
32 52
30 32
0 32
13 32
37 55
55 58
55 57
28 58
58 60
0 58
30 54
14 54
50 54
37 54
0 54
54 57
14 28
14 79
14 44
14 52
13 14
14 60
14 30
1 14
14 57
1 28
1 79
1 44
1 50
1 5
1 7
1 30
1 4
5 79
4 5
5 52
5 37
50 59
59 60
7 59
41 59
52 59
4 59
13 59
28 50
44 50
13 50
50 60
50 57
13 25
0 25
25 57
25 37
40 57
28 57
37 57
0 57
37 42
0 42
23 42
3 42
42 52
23 52
52 79
28 52
13 52
0 9
9 23
9 41
33 41
28 41
41 79
41 44
4 41
7 41
3 41
3 33
33 40
7 33
28 40
40 79
40 44
4 40
40 60
30 40
37 40
0 40
3 40
30 39
3 39
37 39
7 39
39 60
3 79
3 60
3 13
34 37
34 64
34 60
28 64
64 79
44 64
13 64
4 64
23 64
37 64
30 64
23 30
30 79
7 30
30 60
30 44
0 30
18 60
23 60
60 79
4 60
7 60
44 60
0 60
37 79
7 37
28 37
7 31
7 23
4 7
7 13
0 7
23 31
23 28
23 79
23 44
4 23
13 23
4 31
4 79
4 28
4 44
0 4
13 73
13 22
13 31
13 44
22 44
31 44
44 79
22 28
22 79
63 79
31 79
28 79
0 79
28 31
0 31
