80 948
3 43
3 31
43 49
31 49
3 69
49 69
11 43
11 31
11 69
3 52
49 52
11 52
36 43
31 36
36 69
36 52
3 56
49 56
11 56
41 43
31 41
41 69
41 52
41 56
3 30
30 49
11 30
43 65
31 65
65 69
52 65
56 65
30 65
8 43
8 31
8 69
8 52
8 56
8 30
3 8
8 49
8 11
8 65
8 36
8 41
43 48
31 48
48 69
48 52
48 56
30 48
8 48
3 70
49 70
11 70
41 70
65 70
36 70
6 43
6 31
6 69
6 52
6 56
6 30
6 8
6 70
6 41
6 36
6 51
3 17
17 49
11 17
43 60
31 60
52 60
30 60
41 60
36 60
40 41
36 40
43 76
30 76
70 76
36 76
3 76
49 76
11 76
65 76
8 64
64 76
51 64
3 19
19 49
11 19
29 43
29 31
29 56
8 29
29 41
29 36
29 76
19 29
28 43
28 31
28 69
28 52
28 56
28 30
8 28
28 36
28 40
19 28
3 10
10 49
43 74
30 74
8 74
41 74
40 74
10 74
58 76
3 71
49 71
58 71
9 76
9 71
9 58
35 41
35 36
35 51
17 35
28 35
3 35
23 43
23 30
23 41
23 36
23 40
19 23
23 35
43 54
8 54
54 70
41 54
54 76
19 54
10 54
23 54
8 75
41 75
51 75
19 75
58 75
54 75
72 76
51 72
28 72
40 67
67 71
58 67
35 67
3 67
64 67
6 67
42 43
8 42
42 70
42 76
40 42
17 42
42 58
42 67
42 72
4 72
4 74
0 4
4 11
43 66
31 66
56 66
30 66
66 70
36 66
40 66
17 66
10 66
54 66
66 72
4 66
42 66
25 41
25 76
25 51
17 25
10 25
25 54
25 65
4 25
55 70
36 55
40 55
17 55
35 55
55 67
55 72
4 55
25 55
22 43
22 56
8 22
22 76
22 51
19 22
22 28
22 54
11 18
40 61
61 71
28 61
61 67
18 61
1 9
21 43
8 21
21 70
21 36
21 51
19 21
21 58
21 35
21 54
1 21
21 42
21 22
58 68
67 68
65 68
68 74
42 68
22 68
43 73
31 73
56 73
8 73
70 73
41 73
73 76
19 73
10 73
54 73
72 73
4 73
42 73
43 78
31 78
56 78
30 78
41 78
36 78
40 78
71 78
28 78
54 78
18 78
1 78
15 42
20 43
20 31
20 69
20 52
20 56
8 20
20 41
20 36
20 51
19 20
20 58
20 54
20 65
1 20
15 20
20 22
58 77
54 77
65 77
74 77
42 77
18 47
47 74
15 47
47 78
27 43
27 31
27 52
27 30
27 70
27 36
27 76
27 71
27 28
27 67
27 65
4 27
27 42
27 47
63 77
63 64
63 75
24 43
24 31
24 52
24 56
24 30
8 24
24 70
24 36
24 40
24 51
24 35
24 54
18 24
4 24
24 74
24 78
24 63
58 59
35 59
18 59
1 59
59 74
25 59
59 77
43 44
31 44
44 69
44 52
44 56
30 44
8 44
36 44
40 44
19 44
35 44
44 54
44 72
1 44
25 44
22 44
44 68
44 59
44 49
29 44
23 44
44 48
40 79
17 79
58 79
54 79
65 79
74 79
42 79
78 79
63 79
15 38
25 38
38 77
32 68
32 38
32 49
10 45
35 45
45 72
1 45
45 74
22 45
45 77
38 45
13 65
1 13
13 42
13 22
13 47
0 13
13 49
13 61
13 75
13 79
10 39
35 39
18 39
4 39
39 74
39 47
39 63
0 39
13 39
39 55
16 43
16 31
16 52
8 16
16 41
16 36
16 51
16 19
16 28
16 35
16 72
1 16
16 42
16 22
16 68
16 59
37 58
37 67
37 65
37 72
25 37
22 37
37 63
37 38
37 55
5 76
5 71
5 10
5 35
5 72
5 74
5 15
5 25
5 77
5 59
5 37
5 29
5 9
5 73
5 11
5 21
5 24
5 27
5 6
5 61
40 46
19 46
28 46
46 67
46 65
1 46
15 46
46 47
46 63
46 59
13 46
46 55
23 46
16 46
32 46
46 75
44 46
5 46
46 60
6 46
33 70
33 76
33 40
33 71
28 33
33 35
18 33
33 74
33 42
22 33
33 68
33 38
33 37
3 33
9 33
33 48
11 33
33 75
33 44
33 39
33 46
26 49
26 55
16 26
26 73
26 79
50 76
50 71
28 50
50 67
50 65
50 72
15 50
47 50
50 63
0 50
49 50
29 50
9 50
48 50
11 50
21 50
50 64
12 43
12 30
12 41
12 76
12 40
12 17
12 28
12 67
12 72
1 12
12 15
12 78
12 77
0 12
12 45
3 12
12 23
12 16
12 32
12 50
12 44
12 39
34 43
31 34
34 69
34 52
34 56
30 34
8 34
34 70
34 41
34 36
34 51
17 34
10 34
34 35
34 65
34 74
25 34
34 47
34 68
34 38
34 37
34 45
34 55
34 73
32 34
21 34
24 34
34 66
34 60
12 34
34 61
27 34
12 61
2 43
2 31
2 69
2 52
2 56
2 30
2 8
2 36
2 76
2 51
2 58
2 35
2 18
2 72
2 25
2 47
2 68
0 2
2 13
2 55
2 16
42 57
22 57
57 68
0 57
49 57
3 57
16 57
57 73
14 70
14 41
14 51
14 19
14 28
14 35
14 65
4 14
14 15
14 78
14 47
0 14
14 37
14 29
9 14
14 57
11 14
14 50
14 24
14 66
14 61
14 64
41 62
36 62
51 62
17 62
28 62
54 62
62 65
62 72
42 62
22 62
62 63
0 62
37 62
3 62
55 62
62 73
62 75
21 62
24 62
62 66
14 62
26 62
27 62
33 62
43 53
41 53
40 53
19 53
28 53
53 67
53 65
4 53
42 53
53 78
53 77
38 53
37 53
3 53
23 53
53 73
11 53
50 53
24 53
5 53
14 53
2 53
26 53
6 53
57 61
57 75
2 57
57 64
48 57
11 57
32 57
2 75
2 21
2 24
2 39
2 46
2 12
2 6
12 33
26 50
7 15
7 47
7 68
7 59
7 13
3 7
7 9
7 16
7 32
7 50
7 39
7 44
6 7
7 20
7 27
7 60
20 26
26 39
26 60
26 33
29 37
16 37
20 37
37 60
37 48
16 29
9 16
16 39
16 73
16 60
39 73
39 79
20 39
6 39
13 66
13 45
13 27
11 13
3 45
45 64
32 45
23 45
45 48
45 60
27 45
45 79
24 45
23 32
20 32
32 61
32 75
32 64
38 66
38 79
20 38
38 55
3 38
38 61
23 38
9 79
73 79
66 79
11 79
21 79
27 79
6 79
44 79
20 44
44 64
44 60
21 59
24 59
9 59
49 59
59 73
11 59
6 59
29 59
24 49
23 24
24 48
11 24
21 24
27 63
63 66
23 63
11 63
0 27
23 27
27 48
20 27
27 60
27 64
47 60
47 64
23 47
47 77
47 48
48 77
3 77
20 77
6 77
49 77
9 77
0 77
3 20
9 20
20 73
20 61
20 66
15 48
15 64
15 75
15 78
11 15
15 60
25 78
0 78
73 78
75 78
6 78
61 78
22 78
49 78
29 78
68 73
49 73
29 73
60 68
55 68
61 68
21 68
29 68
21 49
21 29
21 23
21 48
21 75
1 6
1 64
1 61
25 61
3 61
55 61
61 75
61 64
0 18
6 18
18 22
18 49
18 72
3 18
18 74
22 72
22 74
11 22
9 22
22 55
29 55
55 64
48 55
6 55
0 25
25 29
6 25
25 49
25 66
3 25
29 66
23 66
48 66
66 75
64 66
60 66
4 23
4 48
4 29
4 75
4 42
3 42
23 42
11 67
67 72
65 67
29 67
67 74
72 75
9 72
0 75
3 75
23 75
3 54
48 54
49 54
54 60
29 54
23 65
23 49
35 60
0 35
9 35
9 74
9 49
3 9
9 11
9 60
48 71
28 58
3 58
58 65
58 74
11 58
58 64
49 58
48 58
49 74
60 74
3 74
10 11
10 28
6 10
3 28
28 49
28 29
0 28
6 29
29 64
0 19
19 65
19 64
64 65
0 64
6 64
40 76
51 76
3 40
40 49
11 40
40 65
40 60
17 60
60 65
0 60
11 60
6 17
6 49
6 48
48 70
41 48
36 48
48 51
48 65
0 48
41 65
36 65
51 65
30 36
30 41
3 41
41 49
11 41
36 41
41 51
36 56
3 36
36 49
11 36
11 51
3 11
49 51
3 51
43 51
0 51
