80 948
31 56
24 56
56 69
31 69
24 69
40 56
40 69
16 69
16 31
16 24
49 56
49 69
16 49
29 56
29 69
16 29
29 31
24 29
29 49
29 40
53 56
53 69
16 53
29 53
31 36
24 36
25 56
25 69
16 25
25 29
25 36
13 69
13 31
13 24
13 49
13 53
13 25
13 40
56 75
69 75
16 75
29 75
36 75
13 75
41 69
16 41
29 41
36 41
13 41
31 41
24 41
40 41
25 41
41 49
41 53
41 75
56 76
69 76
16 76
29 76
36 76
13 76
41 76
69 77
16 77
29 77
36 77
41 77
31 77
24 77
25 77
49 77
40 77
53 77
3 56
3 69
3 16
3 29
3 36
3 13
3 41
3 77
67 69
16 67
29 67
36 67
13 67
41 67
31 67
24 67
40 67
25 67
53 67
49 67
67 76
67 75
3 67
12 41
12 67
12 49
31 39
24 39
25 39
39 40
39 53
32 49
32 39
29 73
73 77
30 31
24 30
30 53
30 40
30 49
25 30
30 75
3 30
30 76
29 48
41 48
30 48
12 48
31 64
24 64
40 64
44 69
16 44
29 44
44 77
44 67
44 64
44 73
8 31
8 24
10 34
8 34
0 34
34 48
54 67
49 54
54 64
69 71
16 71
29 71
13 71
41 71
71 77
67 71
12 71
10 71
31 71
69 72
16 72
29 72
36 72
13 72
41 72
72 77
67 72
30 72
12 72
10 72
71 72
49 79
39 79
10 79
31 68
24 68
17 56
17 69
16 17
17 29
17 36
13 17
17 41
17 77
17 49
12 17
17 73
17 68
17 26
63 71
21 69
16 21
21 29
21 77
21 67
21 49
21 73
21 71
21 26
21 63
4 73
4 71
4 26
4 48
4 57
26 50
48 50
4 50
50 57
54 61
50 61
49 55
12 55
55 64
8 55
55 79
6 47
40 47
17 47
35 64
8 35
0 35
6 35
35 48
7 30
7 39
7 73
7 8
7 79
7 63
7 17
7 72
7 31
28 29
28 41
28 30
28 49
10 28
28 68
28 79
28 40
17 28
7 28
28 55
28 47
28 44
28 31
19 56
19 69
16 19
19 29
19 36
13 19
19 41
19 77
19 49
19 39
19 64
19 71
19 79
19 48
19 54
19 35
23 69
16 23
23 41
23 77
23 30
23 39
10 23
23 68
0 23
23 40
23 54
17 23
51 69
29 51
13 51
41 51
30 51
39 51
51 64
8 51
26 51
6 51
51 54
7 51
23 51
22 69
16 22
13 22
22 77
22 49
22 39
22 64
8 22
22 26
22 63
4 22
17 22
22 23
2 69
2 16
2 29
2 36
2 13
2 67
2 30
2 49
2 10
2 8
2 79
2 63
2 48
2 7
1 69
1 16
1 29
1 77
1 67
1 49
1 10
1 68
1 79
1 6
1 48
1 17
0 33
6 33
17 33
33 50
1 33
33 47
33 44
30 78
39 78
64 78
68 78
26 78
6 78
4 78
7 78
35 78
47 78
43 49
12 43
10 43
8 43
26 43
40 43
17 43
43 50
1 43
11 29
11 77
11 49
11 12
11 64
11 68
0 11
11 63
11 54
11 35
1 11
11 75
11 19
10 60
8 60
26 60
48 60
4 60
7 60
55 60
11 60
43 60
17 18
7 18
18 55
11 18
18 51
18 78
20 69
16 20
20 29
20 36
13 20
20 41
20 67
12 20
20 73
20 68
20 79
20 40
20 54
7 20
20 55
20 22
20 43
18 20
20 21
1 14
14 47
14 44
14 78
0 74
63 74
54 74
7 74
23 74
47 74
44 74
31 74
30 42
39 42
42 73
42 68
26 42
40 42
42 54
7 42
23 42
42 47
42 44
21 42
42 74
5 29
5 41
5 67
5 39
5 64
5 8
5 79
5 40
4 5
5 35
1 5
5 47
5 57
5 78
5 21
30 65
39 65
65 73
65 71
0 65
63 65
48 65
17 65
23 65
11 65
51 65
31 65
19 65
5 65
62 67
12 62
10 62
62 68
26 62
62 63
4 62
50 62
23 62
22 62
51 62
31 62
38 69
16 38
29 38
36 38
13 38
38 77
38 49
12 38
10 38
38 71
0 38
38 63
38 54
38 50
38 55
22 38
38 57
31 38
38 74
3 38
10 37
37 68
37 79
37 48
4 37
17 37
1 37
37 51
37 57
37 78
37 38
37 60
37 72
24 37
32 37
33 37
34 37
37 76
3 37
26 66
40 66
4 66
7 66
55 66
22 66
44 66
31 66
19 66
14 66
37 66
26 45
40 45
45 48
45 50
45 55
45 47
43 45
18 45
19 45
5 45
45 53
25 45
45 75
3 45
56 59
59 69
16 59
29 59
36 59
13 59
41 59
59 77
30 59
12 59
59 73
59 68
59 79
40 59
54 59
35 59
23 59
11 59
44 59
59 78
21 59
38 59
59 60
45 59
0 46
40 46
46 48
35 46
46 55
11 46
44 46
31 46
46 74
38 46
46 53
52 69
16 52
29 52
36 52
13 52
52 67
30 52
39 52
52 73
52 68
26 52
40 52
4 52
35 52
52 55
47 52
43 52
52 78
52 74
5 52
52 62
52 61
46 52
28 52
52 76
2 52
3 52
15 69
15 29
13 15
15 77
15 67
15 39
15 64
15 68
15 71
15 40
15 54
15 35
1 15
15 22
15 51
15 31
15 19
5 15
15 62
15 61
15 52
15 42
64 70
70 73
0 70
48 70
54 70
35 70
23 70
22 70
43 70
18 70
21 70
60 70
62 70
25 70
46 70
42 70
66 70
70 72
15 70
27 64
8 27
27 79
27 63
4 27
27 35
23 27
22 27
27 51
27 31
21 27
27 60
27 53
27 61
27 46
58 73
8 58
58 71
6 58
17 58
50 58
1 58
51 58
43 58
57 58
19 58
14 58
53 58
25 58
58 76
2 58
28 58
58 65
34 58
27 58
27 70
27 32
20 27
27 66
15 59
15 32
15 34
46 75
34 46
46 59
32 46
2 59
59 75
3 59
33 59
45 66
9 49
9 12
9 10
9 71
9 79
6 9
4 9
9 35
1 9
9 47
9 51
9 18
9 38
5 9
9 62
9 45
9 24
9 42
9 28
9 20
9 33
9 72
24 45
24 66
66 75
33 66
32 66
38 62
38 75
25 38
38 76
60 62
25 62
42 62
62 65
33 62
61 65
65 76
65 75
65 72
34 65
20 65
5 24
5 42
5 53
5 28
42 61
24 42
32 42
3 42
2 74
72 74
24 74
32 74
14 74
53 74
14 60
14 32
14 20
14 72
14 34
2 14
14 61
20 53
20 61
20 24
2 20
3 20
18 60
18 76
18 21
18 34
18 61
18 53
19 60
33 60
3 60
60 75
11 43
11 57
11 53
11 32
11 31
3 11
43 51
24 43
43 78
43 72
2 43
43 61
72 78
32 78
25 78
33 78
19 78
21 33
24 33
2 33
28 33
1 2
1 31
1 76
1 44
1 32
2 22
2 57
2 53
2 61
2 75
22 24
22 51
22 76
22 34
22 44
25 51
21 51
32 51
23 72
23 47
23 53
19 23
23 34
19 44
19 34
19 75
19 28
19 25
28 53
28 76
3 28
28 72
7 32
7 35
7 24
35 47
21 35
24 35
47 61
47 75
47 72
6 55
6 76
48 55
50 55
25 55
21 55
3 55
55 57
55 61
21 61
53 61
50 76
3 50
50 53
44 50
34 50
50 75
44 57
25 57
3 57
53 57
34 57
21 57
31 57
4 72
4 76
4 21
4 44
21 75
21 76
63 72
3 63
17 63
31 63
63 75
54 63
53 63
17 54
17 24
17 32
17 25
53 68
32 68
68 79
71 79
76 79
31 79
53 79
26 79
75 79
3 26
26 72
26 48
25 72
72 76
3 72
3 71
25 71
48 71
71 75
40 71
54 71
24 71
0 54
34 54
3 54
54 75
25 34
34 75
32 34
8 44
8 76
0 44
40 44
44 76
44 75
53 64
25 64
10 64
64 73
10 31
10 24
3 10
10 48
10 75
25 48
48 53
31 48
30 73
12 73
31 73
24 73
40 73
25 73
53 73
73 76
32 73
0 32
32 40
25 32
3 39
12 39
12 31
12 24
12 53
12 25
12 40
12 76
12 75
3 49
3 31
76 77
75 77
49 76
25 76
24 76
49 75
25 49
0 25
25 40
36 49
36 40
36 53
49 53
31 49
24 49
40 49
16 40
0 40
24 40
24 31
0 31
