80 316
27 57
40 57
21 57
17 21
27 49
21 49
40 49
29 57
17 29
29 49
45 57
17 45
27 45
21 45
40 45
16 57
16 45
8 16
57 65
45 65
8 65
40 41
27 41
21 41
41 63
29 41
3 41
3 63
57 72
17 72
49 72
45 72
57 70
17 70
19 70
43 76
27 43
23 57
17 23
23 43
23 63
8 30
30 63
30 76
20 30
33 43
2 43
2 39
5 29
5 34
5 22
22 71
22 65
14 35
14 71
43 77
39 77
5 77
16 77
42 77
0 69
54 57
39 54
5 54
20 54
56 72
21 56
47 72
21 47
47 56
9 47
6 76
12 76
12 71
26 72
12 26
26 56
45 52
52 63
57 75
45 75
19 75
19 25
18 25
25 35
5 32
25 32
32 65
32 40
19 28
28 39
28 72
20 28
16 28
28 40
35 64
33 64
64 65
27 38
9 38
5 10
10 21
10 23
10 38
30 48
20 48
42 48
48 52
72 79
20 79
75 79
52 79
24 79
24 59
15 19
15 39
15 35
15 33
15 16
1 30
1 20
1 23
1 66
7 72
7 12
7 42
1 7
44 73
61 64
2 61
4 57
4 17
4 49
4 45
4 19
4 39
4 35
4 33
4 23
4 52
4 22
4 61
10 50
4 50
0 4
61 73
6 73
26 73
68 75
1 68
44 68
2 68
68 77
51 68
32 51
44 47
7 44
46 57
17 46
27 58
40 58
21 58
46 58
46 63
30 46
25 46
46 65
40 46
46 48
32 46
46 70
7 46
7 47
7 59
1 3
1 15
30 74
25 74
27 74
9 74
74 77
6 74
15 74
27 31
31 40
31 74
31 34
31 60
48 62
29 62
60 62
16 55
40 55
54 55
3 55
55 62
6 55
31 36
10 36
3 15
14 15
15 59
26 59
14 24
24 29
48 79
26 79
53 56
53 64
53 79
10 53
53 77
47 53
10 48
38 70
29 38
38 64
37 65
37 64
37 54
37 70
21 78
20 78
75 78
69 78
22 78
13 23
13 52
13 22
13 78
6 13
3 13
47 78
37 78
0 37
28 64
0 28
3 28
28 32
14 32
3 25
25 27
25 66
2 25
18 75
18 72
18 76
11 75
12 75
56 75
70 75
52 75
11 70
11 52
11 65
21 52
26 52
26 34
6 12
12 65
12 40
6 16
6 9
54 56
29 56
54 69
34 54
54 70
69 77
67 77
14 67
14 42
14 66
35 66
27 66
2 66
34 66
22 66
2 22
34 71
34 65
29 34
2 5
2 27
2 29
16 39
33 39
33 72
21 33
20 33
29 33
33 70
23 30
21 30
16 23
23 40
3 23
70 76
29 76
40 76
16 76
27 76
0 70
19 72
19 21
3 72
40 63
27 63
21 63
63 65
8 40
16 21
29 45
17 40
17 27
0 27
