80 1264
55 71
17 71
17 55
8 71
8 17
35 71
17 35
35 55
6 71
6 17
6 35
13 55
6 13
0 13
8 13
71 76
17 76
35 76
13 76
6 76
13 79
55 79
8 79
0 79
71 73
17 73
35 73
13 73
6 73
73 79
44 55
8 44
0 44
12 71
12 17
12 35
12 13
6 12
12 79
12 44
9 55
0 9
8 9
9 76
9 73
9 12
28 71
17 28
28 35
13 28
6 28
28 79
28 44
9 28
33 71
17 33
33 35
13 33
6 33
33 44
9 33
33 55
8 33
0 33
33 76
12 33
33 73
16 71
16 17
16 35
13 16
6 16
16 79
16 44
9 16
16 33
55 69
0 69
8 69
12 69
69 73
69 76
28 69
66 71
17 66
35 66
13 66
6 66
66 79
44 66
9 66
33 66
66 69
17 67
67 79
67 69
55 67
0 67
8 67
67 73
67 76
12 67
16 67
56 71
17 56
35 56
13 56
6 56
56 79
44 56
9 56
33 56
56 69
56 67
29 33
29 55
8 29
0 29
29 73
29 76
12 29
16 29
28 29
29 66
29 56
6 58
44 58
33 58
29 58
11 71
11 17
11 13
6 11
11 33
11 29
11 55
0 11
8 11
11 12
11 76
24 71
24 79
9 24
24 73
11 24
31 71
17 31
31 35
13 31
6 31
31 44
31 69
29 31
28 31
4 71
4 17
4 35
4 6
4 33
4 29
4 11
4 16
4 55
0 4
4 8
4 76
4 12
37 71
6 37
33 37
37 73
28 37
4 37
22 55
8 22
0 22
14 67
14 29
14 16
4 14
14 22
52 71
17 52
6 52
44 52
52 67
29 52
52 73
31 52
22 52
52 55
0 52
8 52
10 71
10 17
10 35
10 13
6 10
10 44
10 33
10 73
10 28
4 10
10 52
48 67
48 73
28 48
31 48
48 56
48 55
70 71
17 70
35 70
13 70
6 70
70 79
44 70
9 70
33 70
69 70
67 70
29 70
70 73
16 70
56 70
48 70
11 41
16 41
41 56
41 52
35 43
43 79
9 43
29 43
11 43
16 43
22 43
43 48
41 43
57 71
17 57
35 57
13 57
6 57
57 79
44 57
9 57
57 69
57 67
11 57
16 57
22 57
48 57
30 71
30 79
30 33
29 30
28 30
4 30
30 56
30 48
30 55
26 71
17 26
6 26
26 79
9 26
26 73
16 26
4 26
26 31
26 30
7 71
7 17
7 35
7 13
6 7
7 44
7 69
7 73
7 28
7 31
7 56
7 30
7 55
7 14
22 75
48 75
7 75
37 74
46 71
17 46
35 46
13 46
6 46
46 79
44 46
9 46
46 69
46 73
28 46
16 46
22 46
46 48
30 46
46 74
59 71
17 59
35 59
59 79
33 59
29 59
11 59
16 59
56 59
52 59
41 59
11 25
16 25
22 25
25 52
7 25
34 56
34 48
25 34
34 57
14 34
34 55
3 6
3 79
3 9
3 73
3 28
3 16
3 56
3 52
3 7
3 74
3 14
17 20
6 20
20 69
20 73
20 28
16 20
20 22
20 52
20 41
20 57
20 74
20 58
20 43
15 71
15 17
15 35
13 15
6 15
15 79
15 33
15 67
15 73
4 15
15 56
15 48
7 15
15 57
15 74
15 20
15 66
15 46
53 71
17 53
35 53
6 53
53 67
53 73
11 53
31 53
53 56
48 53
7 53
53 57
14 53
53 55
27 71
17 27
6 27
27 44
27 69
27 29
11 27
16 27
27 56
27 52
27 41
25 27
27 59
27 55
3 27
23 71
17 23
23 35
13 23
6 23
23 79
23 33
23 29
11 23
16 23
22 23
23 30
23 41
23 74
14 23
23 55
23 27
23 46
15 23
23 24
11 61
4 61
22 61
30 61
7 61
57 61
14 61
55 61
61 66
56 64
30 64
41 64
25 64
59 64
55 64
64 66
11 68
31 68
22 68
52 68
7 68
57 68
59 68
20 68
27 68
64 68
15 68
24 68
22 77
30 77
7 77
25 77
14 77
55 77
66 77
46 77
0 77
49 71
6 49
49 69
49 67
11 49
4 49
49 56
30 49
7 49
25 49
14 49
49 55
3 49
34 49
0 49
24 49
54 71
17 54
6 54
44 54
54 67
54 73
28 54
31 54
54 56
48 54
30 54
54 57
54 59
20 54
27 54
54 64
24 54
49 54
37 54
54 70
42 71
17 42
35 42
13 42
6 42
42 79
42 44
9 42
33 42
42 69
42 67
42 73
28 42
16 42
22 42
42 52
7 42
25 42
14 42
42 55
27 42
34 42
0 42
42 49
42 77
42 70
11 51
4 51
51 52
48 51
41 51
25 51
51 59
51 55
3 51
46 51
15 51
49 51
51 61
41 47
25 47
47 59
47 55
47 66
46 47
0 47
47 75
47 77
47 51
36 71
17 36
35 36
13 36
6 36
36 44
36 67
29 36
11 36
31 36
36 56
36 48
30 36
36 57
36 74
36 55
36 66
36 46
0 36
24 36
36 77
36 47
36 42
36 53
22 72
30 72
41 72
57 72
72 74
59 72
27 72
34 72
15 72
72 75
61 72
32 71
17 32
32 35
32 79
32 33
29 32
28 32
4 32
22 32
32 48
32 41
32 57
32 59
3 32
32 46
32 34
24 32
32 75
32 37
60 71
60 79
33 60
60 73
28 60
4 60
52 60
30 60
41 60
25 60
14 60
20 60
27 60
46 60
0 60
49 60
60 77
32 60
47 60
58 60
2 71
2 17
2 13
2 79
2 67
2 29
2 16
2 4
2 31
2 52
2 41
2 25
2 14
2 55
2 46
2 34
2 15
2 24
2 61
2 70
2 51
50 59
3 50
50 66
34 50
0 50
49 50
37 50
50 61
50 51
2 50
1 71
1 17
1 35
1 13
1 6
1 79
1 44
1 9
1 33
1 69
1 67
1 73
1 28
1 31
1 56
1 52
1 41
1 57
1 74
1 55
1 66
1 64
1 15
1 24
1 37
1 32
1 47
1 53
1 23
39 59
39 55
39 66
34 39
15 39
39 49
37 39
32 39
39 47
39 53
1 39
11 62
31 62
56 62
30 62
41 62
57 62
14 62
3 62
27 62
62 64
0 62
49 62
37 62
61 62
42 62
58 62
2 62
62 68
10 62
12 62
17 63
6 63
44 63
63 67
28 63
16 63
31 63
48 63
30 63
63 74
14 63
20 63
63 66
63 64
15 63
63 75
61 63
32 63
51 63
53 63
2 63
62 63
21 69
21 73
16 21
21 31
21 52
21 48
7 21
21 74
14 21
20 21
3 21
21 64
0 21
21 75
21 37
21 32
21 47
21 53
2 21
21 62
21 26
13 65
6 65
9 65
65 67
11 65
31 65
22 65
48 65
41 65
57 65
59 65
3 65
27 65
34 65
64 65
24 65
65 77
65 70
47 65
53 65
65 72
62 65
21 65
10 65
31 45
45 48
7 45
45 57
45 74
20 45
45 66
45 64
0 45
45 49
37 45
45 70
45 51
42 45
2 45
45 62
26 45
45 68
45 65
8 45
38 71
17 38
35 38
13 38
6 38
38 79
38 44
9 38
33 38
38 69
38 67
38 73
28 38
4 38
31 38
38 52
30 38
38 57
38 59
20 38
27 38
34 38
38 64
38 75
38 61
38 70
38 42
2 38
38 72
18 33
18 29
18 28
4 18
18 56
18 30
7 18
18 25
18 74
18 20
18 66
18 34
18 64
18 75
18 77
18 70
18 47
18 42
18 72
1 18
18 36
18 76
5 71
5 17
5 35
5 13
5 6
5 44
5 69
5 73
5 28
4 5
5 56
5 52
5 41
5 74
5 14
3 5
5 66
5 64
0 5
5 75
5 37
5 70
5 47
5 53
5 72
5 18
19 71
17 19
19 35
6 19
9 19
19 73
19 28
19 31
19 56
19 48
19 41
19 57
19 59
3 19
19 27
19 46
15 19
19 75
19 77
19 61
19 47
19 53
2 19
1 19
19 43
19 39
10 19
19 36
19 38
19 50
5 19
19 60
5 10
5 54
5 50
5 63
5 36
5 43
5 8
18 54
18 43
18 23
18 38
27 40
34 40
0 40
24 40
40 77
40 47
40 51
40 58
40 72
18 40
26 40
21 40
40 54
40 63
40 60
38 40
40 65
71 78
17 78
35 78
13 78
6 78
78 79
44 78
9 78
67 78
29 78
11 78
16 78
22 78
48 78
41 78
25 78
59 78
55 78
66 78
34 78
15 78
75 78
77 78
32 78
47 78
58 78
72 78
1 78
21 78
10 78
54 78
40 78
36 78
50 78
38 78
43 78
38 68
38 45
36 38
8 38
12 38
36 45
12 45
23 45
60 65
8 65
12 65
43 65
21 68
12 21
21 63
21 54
63 68
23 63
12 63
50 63
39 63
39 62
8 62
39 68
39 76
39 60
39 50
23 39
39 43
1 10
1 50
1 76
1 8
1 26
26 50
50 68
36 50
8 50
2 12
2 68
2 43
2 60
26 60
60 76
54 60
23 60
36 60
32 76
10 32
32 72
8 32
32 70
32 43
32 68
51 72
53 72
12 72
54 72
36 72
26 72
10 36
8 47
10 51
23 51
26 51
42 51
51 58
43 51
42 76
42 68
12 42
42 54
42 53
42 58
54 58
10 54
54 76
43 54
49 61
49 77
43 49
49 76
49 70
10 49
43 77
61 77
37 77
26 77
68 77
58 68
10 68
68 76
61 64
64 76
53 64
37 64
64 75
64 70
24 61
61 76
8 61
23 61
10 61
53 61
23 70
23 58
23 26
10 23
12 23
23 43
12 27
8 27
10 27
27 53
27 43
26 27
15 53
24 53
37 53
43 53
53 76
15 24
15 76
15 43
15 75
10 15
0 20
20 70
20 24
20 66
3 20
20 46
20 75
20 26
3 76
3 10
3 66
3 46
3 75
3 34
3 24
3 37
34 46
0 34
8 34
34 43
24 34
25 58
14 25
25 55
8 25
25 59
0 25
25 70
10 25
25 66
59 74
59 75
46 59
59 76
59 70
43 59
46 76
10 46
46 58
12 46
46 70
26 46
74 75
58 74
8 74
66 74
12 74
24 75
58 75
37 75
12 75
26 75
7 58
7 37
7 76
7 24
7 26
7 12
0 7
26 57
14 26
0 26
26 70
26 58
26 76
8 26
30 58
30 76
12 30
10 30
30 57
24 57
43 57
57 76
12 57
43 76
41 66
41 70
41 55
8 41
66 70
37 70
58 70
12 70
8 48
10 48
0 48
10 14
10 58
14 52
24 52
37 52
52 66
14 24
0 14
14 37
14 55
12 22
22 24
22 37
22 76
37 55
0 37
37 58
12 37
4 56
4 31
4 66
4 58
31 55
0 31
8 31
12 31
24 31
31 76
31 58
24 58
8 24
11 58
11 16
11 56
58 66
8 58
56 73
28 56
55 56
0 56
8 56
56 66
66 67
28 67
66 73
28 66
16 66
0 66
16 69
16 73
16 28
16 55
8 16
0 16
16 76
12 16
28 33
28 73
28 55
0 28
8 28
12 28
28 76
12 73
12 55
0 12
12 76
8 12
44 73
44 76
55 73
0 73
8 73
73 76
76 79
8 76
6 55
6 8
0 6
0 35
8 35
8 55
0 8
0 17
0 71
