80 632
8 40
40 67
8 41
41 67
34 41
1 40
8 47
47 67
34 47
1 47
11 40
11 41
8 64
64 67
34 64
1 64
11 64
35 40
35 64
4 8
4 67
4 34
1 4
4 11
4 35
40 72
4 72
64 72
47 72
41 72
72 79
24 72
33 40
33 64
33 47
33 41
4 33
40 50
4 50
41 50
50 64
47 50
8 25
25 67
25 34
1 25
11 25
25 35
25 50
37 40
25 37
35 49
37 49
49 79
8 13
13 67
13 34
13 35
13 50
13 33
8 16
16 34
16 35
16 50
16 37
16 40
8 68
34 68
50 68
33 68
16 68
16 29
29 52
8 39
39 67
34 39
11 39
35 39
33 39
16 39
29 39
52 65
56 65
23 79
23 52
23 65
37 45
29 45
35 76
37 76
16 76
22 76
64 76
45 76
60 76
67 71
34 71
35 71
37 71
52 71
29 71
31 52
29 31
14 31
14 75
4 75
71 75
20 64
20 75
8 62
62 67
34 62
35 62
50 62
33 62
62 79
56 62
14 62
45 62
59 62
60 62
50 55
33 55
55 79
55 56
55 65
55 75
55 59
8 26
26 67
26 34
1 26
11 26
26 35
26 50
26 33
16 26
26 56
26 65
10 49
32 50
32 33
16 32
32 56
14 32
10 32
8 28
28 67
28 34
11 28
28 72
28 37
16 28
28 29
28 65
28 75
0 28
28 68
28 39
5 22
5 28
36 52
36 56
36 65
36 75
28 36
31 36
8 18
18 67
18 34
11 18
18 35
18 33
18 79
18 52
18 64
10 18
18 36
0 18
18 68
16 17
17 56
17 64
10 17
17 60
0 17
17 68
8 46
34 46
35 46
33 46
16 46
46 52
14 46
46 65
46 59
19 22
19 45
19 59
19 26
50 57
37 57
57 79
29 57
14 57
10 57
36 57
19 57
57 62
63 79
56 63
14 63
45 63
59 63
0 63
63 68
14 53
45 53
53 60
65 77
10 77
36 77
2 59
2 77
2 62
12 65
12 45
12 28
0 12
2 12
12 17
58 64
45 58
15 58
8 9
9 67
9 34
9 11
9 72
9 37
9 79
9 56
9 64
9 75
9 15
9 77
73 79
29 73
64 73
10 73
59 73
73 77
47 73
31 73
40 73
16 48
29 48
22 48
10 48
48 59
26 48
48 73
2 48
48 49
48 53
30 36
26 30
2 30
17 30
30 57
55 61
44 79
22 44
44 65
44 75
28 44
0 44
2 44
44 63
44 55
44 53
20 44
36 43
19 43
43 62
43 78
43 58
43 44
15 42
0 42
42 62
42 63
42 74
21 28
21 60
21 68
7 15
7 19
7 68
3 7
7 58
7 55
7 24
7 32
7 40
7 41
6 14
6 65
6 60
6 19
6 62
6 63
6 49
6 44
6 20
6 7
6 23
6 43
4 6
6 48
7 39
51 68
3 51
49 51
38 74
38 53
38 51
9 38
13 38
38 46
25 38
12 38
20 51
25 51
5 51
47 51
40 51
27 34
11 27
27 35
27 50
27 79
27 52
27 64
27 75
27 36
26 27
27 68
17 27
27 74
27 61
70 74
21 70
24 70
9 70
4 70
32 70
27 70
18 70
25 27
23 27
27 43
27 48
27 51
3 58
3 23
3 4
3 21
21 49
21 53
21 40
21 39
21 42
21 41
21 47
41 42
42 66
13 66
46 66
18 66
41 66
66 76
42 43
8 69
1 69
69 72
50 69
69 79
52 69
64 69
45 69
28 69
69 77
2 69
69 78
58 69
53 69
42 69
32 69
5 69
18 69
41 69
69 76
40 42
42 47
32 43
5 43
43 48
44 76
44 61
44 71
32 61
5 61
18 61
30 61
24 61
20 30
30 76
30 71
30 48
13 30
23 30
13 48
31 48
9 73
23 73
4 73
24 73
41 73
49 73
9 78
9 57
9 25
9 12
5 9
9 47
9 46
15 68
15 78
15 47
4 15
58 60
2 58
32 58
47 58
24 58
58 76
58 74
12 74
25 74
5 74
12 24
12 31
12 76
12 41
12 40
2 13
2 39
2 20
71 77
25 77
0 77
24 77
40 77
53 77
32 77
53 68
53 63
53 55
23 53
31 53
31 63
55 63
32 63
39 63
57 63
46 57
4 57
55 57
31 57
57 71
23 57
19 20
19 31
19 46
19 47
19 39
19 23
46 68
17 46
20 46
18 46
31 46
46 47
17 24
17 18
17 40
17 76
17 25
18 49
13 18
18 39
36 39
13 36
23 36
5 36
5 26
5 68
5 78
5 24
5 71
26 28
28 40
28 32
32 54
20 54
25 32
4 32
10 26
10 47
0 26
26 68
26 49
26 78
26 41
26 55
55 62
39 55
41 55
4 55
62 76
25 62
62 71
62 78
20 59
49 59
24 59
25 59
20 49
20 24
20 39
13 75
75 78
31 75
45 75
24 31
13 31
31 76
14 25
0 14
14 71
60 71
71 78
13 71
39 71
4 71
40 71
0 60
41 60
0 76
25 76
22 41
0 22
4 22
22 47
22 45
22 78
22 64
24 45
40 45
23 45
41 45
23 25
23 41
23 40
40 65
24 65
39 65
25 65
39 47
4 39
29 40
24 29
4 29
29 47
29 68
29 64
64 68
13 16
16 41
16 78
16 47
13 56
13 64
0 13
13 78
13 49
56 78
49 56
49 64
49 78
40 49
37 41
37 47
4 37
37 64
25 79
25 52
50 78
50 79
33 78
47 78
41 78
24 33
24 79
4 52
0 4
4 47
35 47
35 41
35 79
52 64
41 64
11 47
1 41
34 40
40 79
40 52
8 34
34 79
52 79
0 52
