80 1580
7 54
7 55
54 55
7 76
55 76
32 76
7 11
11 55
11 32
11 54
11 76
7 75
55 75
32 75
11 75
7 71
55 71
32 71
11 71
54 71
71 76
7 53
53 55
32 53
11 53
53 71
54 65
65 76
53 65
65 75
7 17
17 55
17 32
11 17
17 71
17 65
7 49
49 55
32 49
11 49
49 71
49 65
49 54
49 76
17 49
49 53
49 75
7 47
47 55
32 47
11 47
47 71
47 65
47 49
54 67
67 76
17 67
67 75
53 67
47 67
7 26
26 55
26 32
11 26
26 71
26 65
26 49
26 67
7 63
55 63
32 63
11 63
63 71
63 65
49 63
63 67
54 63
63 76
63 75
53 63
17 63
47 63
26 63
5 7
5 55
5 32
5 11
5 71
5 65
5 49
5 67
5 63
7 33
33 55
32 33
11 33
33 71
33 65
33 49
33 67
33 63
33 54
33 76
33 75
33 53
17 33
33 47
26 33
7 23
23 55
23 32
11 23
23 71
23 65
23 49
23 67
23 63
23 33
7 30
30 55
30 32
11 30
30 71
30 65
30 49
30 67
30 54
30 76
30 53
17 30
30 75
30 47
26 30
7 77
55 77
32 77
11 77
71 77
65 77
49 77
67 77
63 77
33 77
30 77
54 77
7 59
55 59
32 59
11 59
59 71
59 65
49 59
59 67
59 63
33 59
30 59
54 59
59 76
17 59
53 59
59 75
26 59
47 59
5 59
7 36
36 55
32 36
11 36
36 71
36 65
36 49
36 67
36 63
33 36
30 36
36 54
36 59
7 79
55 79
32 79
11 79
71 79
65 79
49 79
67 79
63 79
33 79
30 79
54 79
59 79
76 79
75 79
53 79
17 79
26 79
47 79
77 79
5 79
23 79
36 79
6 7
6 55
6 32
6 11
6 71
6 65
6 49
6 67
6 63
6 33
6 30
6 54
6 59
6 79
44 76
44 75
17 44
44 53
44 47
26 44
23 44
5 44
36 44
44 77
7 31
31 55
31 32
11 31
31 71
31 65
31 49
31 67
31 63
31 33
30 31
31 54
31 59
31 79
31 44
0 31
7 8
8 55
8 32
8 11
8 71
8 65
8 49
8 67
8 63
8 33
8 30
8 54
8 59
8 79
8 44
0 8
8 76
8 75
8 17
8 53
8 26
8 47
8 77
5 8
8 36
8 23
15 32
15 49
15 33
15 54
15 59
15 44
8 15
48 55
32 48
11 48
48 71
48 65
48 67
48 63
48 54
48 79
0 48
30 69
54 69
59 69
44 69
8 69
69 76
69 75
53 69
17 69
47 69
26 69
42 63
30 42
42 54
32 45
11 45
33 45
45 54
45 79
44 45
45 76
17 45
45 53
45 75
26 45
45 47
23 45
5 45
45 77
36 45
32 68
49 68
33 68
54 68
68 79
45 68
8 68
48 68
7 24
24 55
24 32
11 24
24 71
24 65
24 49
24 67
24 63
24 30
24 79
24 44
24 69
24 48
24 76
24 53
24 75
17 24
24 47
22 55
22 32
11 22
22 67
22 33
22 30
22 59
22 45
22 69
22 48
22 24
7 46
46 55
32 46
11 46
46 71
46 65
46 49
46 67
46 63
33 46
30 46
46 54
46 59
46 79
44 46
0 46
8 46
57 79
44 57
0 57
57 76
57 75
17 57
53 57
26 57
47 57
4 7
4 55
4 32
4 11
4 71
4 63
4 33
4 54
4 59
0 4
4 57
8 66
48 66
66 76
17 66
53 66
66 75
26 66
7 72
55 72
32 72
11 72
71 72
65 72
49 72
67 72
33 72
30 72
44 72
45 72
69 72
66 72
37 76
17 37
37 53
37 75
37 42
40 54
40 45
8 40
40 48
37 40
24 40
7 56
55 56
32 56
11 56
56 71
56 63
33 56
54 56
56 79
44 56
56 69
56 57
24 56
4 56
7 41
41 55
32 41
11 41
41 71
41 65
41 49
41 67
41 63
33 41
30 41
41 54
41 59
41 45
41 69
41 57
41 66
24 41
41 76
41 53
51 69
51 57
51 66
24 51
41 51
32 58
49 58
58 63
54 58
58 79
45 58
8 58
57 58
58 66
4 58
56 58
58 76
58 68
32 38
11 38
33 38
38 54
38 79
38 45
8 38
38 48
37 38
24 38
38 41
38 58
38 53
27 69
27 57
27 37
27 46
27 41
27 58
3 7
3 55
3 32
3 11
3 71
3 65
3 49
3 67
3 63
3 33
3 30
3 54
3 59
3 45
3 69
3 48
3 24
3 46
3 41
3 58
7 19
19 55
19 32
11 19
19 71
19 67
19 63
19 30
19 79
19 45
0 19
19 57
19 66
19 24
4 19
19 53
19 76
3 19
19 22
7 62
55 62
32 62
11 62
62 71
62 65
49 62
62 67
62 63
33 62
30 62
54 62
62 79
0 62
8 62
48 62
62 66
46 62
41 62
56 62
19 62
32 74
11 74
71 74
49 74
30 74
54 74
59 74
45 74
8 74
57 74
37 74
46 74
56 74
53 74
19 74
27 74
68 74
23 74
32 50
11 50
33 50
30 50
50 54
0 50
8 50
48 50
24 50
4 50
41 50
50 58
3 50
50 74
7 21
21 55
21 32
11 21
21 71
21 65
21 49
21 67
21 33
21 54
21 79
21 44
8 21
21 48
21 66
21 46
21 41
21 56
19 21
3 21
14 56
14 58
14 19
14 27
14 21
11 12
12 49
12 63
12 54
12 59
12 45
12 57
12 66
12 24
12 46
12 41
12 58
12 19
12 27
35 55
32 35
11 35
35 49
33 35
35 54
35 79
0 35
8 35
35 48
24 35
4 35
35 41
35 58
19 35
3 35
35 74
43 63
43 54
43 79
43 45
8 43
43 48
43 66
4 43
41 43
43 58
19 43
27 43
35 43
43 51
37 39
39 46
4 39
39 58
3 39
27 39
35 39
39 51
39 43
9 54
9 45
9 69
9 57
9 37
9 46
4 9
9 58
9 53
3 9
9 35
9 51
9 39
7 61
55 61
32 61
11 61
61 71
61 63
30 61
54 61
61 79
45 61
61 69
48 61
61 66
46 61
41 61
58 61
53 61
27 61
61 74
51 61
9 61
29 32
29 49
29 63
29 54
29 59
29 44
29 69
29 57
29 66
29 46
29 41
29 56
29 53
27 29
29 74
12 29
9 29
5 29
29 68
29 77
7 28
28 55
28 32
11 28
28 71
28 65
28 49
28 67
28 33
28 30
28 59
28 45
0 28
28 48
28 37
28 46
4 28
28 58
28 53
3 28
28 35
12 28
28 39
28 29
21 73
35 73
12 73
29 73
6 73
7 16
16 55
16 32
11 16
16 71
16 65
16 49
16 63
16 33
16 54
16 79
0 16
16 69
16 48
16 66
16 24
4 16
16 58
3 16
16 27
16 35
16 51
16 39
5 16
16 73
16 28
16 36
16 68
16 75
16 72
13 55
13 32
11 13
13 49
13 63
13 54
13 79
0 13
13 69
13 57
13 24
13 46
13 41
13 58
3 13
13 27
13 35
13 51
12 13
13 29
20 32
20 67
20 63
20 30
20 59
20 44
0 20
20 48
20 37
20 46
20 41
20 56
19 20
20 27
20 21
12 20
20 39
9 20
20 73
20 43
13 20
20 23
25 55
25 32
11 25
25 49
25 63
25 54
25 59
0 25
8 25
25 57
25 66
25 46
25 56
25 58
25 53
3 25
25 74
25 35
25 39
25 29
20 25
34 41
34 58
34 53
34 74
21 34
34 35
34 39
9 34
20 34
53 78
27 78
74 78
51 78
9 78
5 78
29 78
34 78
36 78
42 78
76 78
38 78
23 78
50 78
17 78
31 78
13 78
60 79
0 60
60 69
57 60
60 66
46 60
4 60
56 60
19 60
27 60
35 60
12 60
9 60
29 60
60 73
28 60
11 52
49 52
33 52
30 52
52 79
0 52
52 69
48 52
52 66
24 52
41 52
52 58
52 53
27 52
21 52
51 52
39 52
5 52
52 73
28 52
14 52
42 52
25 52
4 70
56 70
19 70
70 74
35 70
51 70
39 70
5 70
20 70
28 70
52 70
68 70
31 70
70 72
40 70
6 70
50 70
2 55
2 32
2 11
2 67
2 30
2 54
2 79
2 45
2 8
2 48
2 66
2 4
2 56
2 53
2 19
2 27
2 21
2 12
2 9
2 5
2 20
2 28
2 36
2 68
2 75
2 22
2 40
2 6
2 15
2 50
2 13
2 42
7 64
55 64
32 64
11 64
64 71
64 65
49 64
64 67
33 64
54 64
59 64
0 64
8 64
57 64
37 64
4 64
56 64
58 64
19 64
27 64
21 64
51 64
39 64
5 64
64 73
34 64
36 64
64 68
64 75
22 64
16 64
1 59
0 1
1 69
1 48
1 37
1 24
1 4
1 56
1 53
1 3
1 74
1 51
1 9
1 5
1 29
1 28
1 36
1 68
1 31
1 72
1 40
7 10
10 55
10 32
10 11
10 71
10 49
10 63
10 54
10 59
10 45
10 69
10 57
10 66
10 46
10 56
10 53
3 10
10 27
10 21
10 35
9 10
10 29
10 73
10 28
10 36
10 78
10 31
10 22
1 10
6 10
10 15
10 50
10 62
7 18
18 55
18 32
11 18
18 71
18 65
18 49
18 67
18 30
18 54
18 59
18 45
8 18
18 66
18 37
18 46
4 18
18 56
18 19
18 27
18 35
18 51
9 18
5 18
18 20
18 34
18 36
18 68
18 22
18 72
1 18
6 18
15 18
18 62
18 38
18 26
18 25
14 18
18 70
10 18
18 23
13 18
10 13
10 14
10 70
10 42
10 76
10 77
1 38
1 6
1 77
1 17
1 43
1 64
1 76
1 60
1 61
6 64
2 64
26 64
17 64
13 64
23 64
64 76
61 64
47 64
25 64
2 38
2 76
2 60
2 70
2 47
26 70
13 70
14 70
23 70
42 70
25 70
13 52
52 60
47 52
52 75
40 52
15 52
43 52
52 68
38 52
52 72
26 52
52 61
60 78
60 75
60 72
16 60
50 60
60 62
17 60
13 60
25 60
60 77
60 61
47 60
42 60
15 78
62 78
40 78
68 78
47 78
25 34
34 75
15 34
26 34
34 68
22 34
34 38
34 72
34 76
34 36
13 34
34 47
34 43
34 40
25 68
25 31
16 25
25 40
25 43
6 25
25 50
25 38
25 61
23 25
25 47
15 20
14 20
20 38
20 50
20 31
20 47
17 20
20 26
20 62
13 75
13 16
13 40
13 43
13 50
13 26
13 14
13 42
15 16
6 16
16 62
16 43
16 61
16 42
16 77
16 50
28 73
61 73
42 73
73 77
73 76
72 73
73 75
36 73
40 73
68 73
22 73
28 50
23 28
28 77
6 28
28 42
28 31
17 28
14 28
28 62
28 61
29 76
23 29
29 43
26 29
29 61
6 29
29 62
14 29
61 75
31 61
22 61
50 61
61 62
38 61
17 61
61 76
61 77
47 61
9 40
9 50
9 15
9 68
9 17
9 42
9 76
9 38
9 47
39 62
39 75
14 39
36 39
39 77
23 39
38 39
31 39
39 47
6 39
43 68
31 43
22 43
6 43
14 43
38 43
26 43
43 62
42 43
15 43
43 47
6 35
35 36
35 75
12 35
23 35
26 35
35 42
35 72
12 51
12 40
12 77
12 47
12 15
12 14
12 50
12 76
12 36
12 31
12 26
12 22
12 72
5 12
14 68
14 75
14 72
14 40
14 15
14 62
14 38
14 77
14 23
14 76
21 62
21 50
21 47
5 21
21 26
21 38
21 76
21 77
21 22
17 21
21 68
21 31
21 23
21 72
5 50
36 50
31 50
22 50
6 50
15 50
23 50
50 76
72 74
36 74
74 75
22 74
74 77
62 74
74 76
51 74
15 74
42 74
40 74
51 62
36 62
62 75
62 72
15 62
62 77
23 62
26 62
17 62
19 47
19 77
19 68
19 40
19 42
15 19
6 19
19 51
3 76
3 23
3 26
3 36
3 27
3 5
3 15
3 42
3 47
3 6
3 31
3 51
27 76
17 27
27 38
27 40
5 27
26 27
38 51
38 75
22 38
6 38
26 38
38 76
38 42
38 77
36 58
51 58
22 58
15 58
31 58
5 51
6 51
22 51
51 68
17 51
51 75
41 75
6 41
5 41
23 41
41 42
31 41
41 56
17 41
56 76
22 56
40 56
47 56
15 56
56 72
56 75
56 77
6 56
17 56
40 53
5 40
22 40
40 72
40 76
15 40
23 40
17 40
26 40
40 47
31 37
4 37
15 37
6 37
37 72
23 37
37 46
26 37
24 72
4 72
53 72
5 72
68 72
72 75
22 72
47 72
17 72
72 76
72 77
4 66
47 66
36 66
5 66
66 77
4 24
4 76
4 53
4 17
4 23
4 75
4 26
4 68
4 77
4 36
23 57
46 57
36 57
48 57
31 57
57 77
6 57
46 76
46 53
46 75
17 46
15 46
42 46
22 46
36 46
46 68
46 47
5 22
22 36
22 75
22 31
22 23
22 26
22 42
24 68
6 24
24 31
5 24
24 77
24 26
68 77
26 68
6 68
68 75
0 45
42 45
42 69
42 48
42 53
5 42
42 75
6 42
17 42
42 76
42 77
5 69
48 69
69 77
23 69
36 69
48 76
48 75
48 53
17 48
26 48
47 48
5 48
15 48
5 15
15 31
15 77
15 17
15 26
15 47
8 31
6 8
31 53
5 31
31 36
6 31
31 76
31 77
23 31
17 31
6 44
0 6
6 36
6 23
0 36
5 36
17 36
23 36
36 76
36 77
59 77
23 59
0 59
0 77
17 77
23 77
23 30
5 30
23 54
0 23
23 53
23 26
23 47
5 33
5 54
0 5
5 53
5 75
5 17
0 63
26 54
0 26
26 53
26 75
17 26
26 47
47 54
0 47
47 53
47 75
17 47
47 76
0 49
17 54
0 17
17 53
17 76
53 54
0 53
53 76
53 75
71 75
54 75
0 75
54 76
0 76
32 55
32 54
0 54
7 32
0 32
