80 316
34 51
25 34
51 66
25 66
2 34
26 51
25 26
2 26
15 34
15 26
51 72
25 72
2 72
15 72
72 77
66 72
39 51
34 71
39 71
41 51
41 71
34 58
4 25
4 15
4 58
4 66
62 77
53 66
53 61
12 51
2 12
12 53
28 41
12 28
28 74
49 51
25 49
49 58
28 49
49 63
34 49
12 47
9 70
42 56
26 42
34 42
43 51
15 43
43 58
42 43
13 43
37 72
37 43
60 64
9 21
26 29
21 29
13 69
61 69
69 74
33 69
33 34
11 39
11 74
8 11
30 58
30 66
30 63
30 34
11 30
17 51
15 17
17 53
17 42
13 17
14 17
14 62
8 14
14 34
23 54
31 54
54 64
54 57
24 60
21 24
10 24
24 56
46 56
46 72
26 38
38 55
38 46
17 38
3 11
3 41
50 54
24 50
3 50
26 73
34 73
5 51
5 25
5 58
5 32
5 69
5 55
7 58
7 32
7 26
7 37
5 7
7 41
58 65
65 66
60 65
21 65
23 65
41 65
7 65
20 47
20 56
20 65
20 50
20 64
63 79
4 79
47 79
5 79
43 79
40 53
40 66
9 40
21 40
40 46
67 73
40 67
67 72
8 67
40 65
29 40
1 13
1 4
1 10
1 17
12 75
41 75
36 63
34 36
36 46
31 36
36 75
10 68
58 78
66 78
13 78
4 78
12 78
68 78
43 78
41 78
17 78
18 23
18 78
8 18
18 61
18 64
18 79
48 68
33 68
49 68
36 68
36 39
36 74
61 75
6 63
6 34
6 47
6 56
6 75
5 16
23 52
52 74
16 52
52 64
52 61
49 52
8 16
16 29
6 16
12 35
17 35
35 76
0 76
16 35
45 60
37 45
12 45
31 45
10 27
27 56
3 27
27 29
27 45
27 30
35 45
45 70
5 19
19 31
19 48
19 45
0 19
38 59
19 59
35 64
6 62
1 6
1 75
1 40
1 49
40 79
20 79
62 65
7 29
7 70
7 39
5 73
5 62
43 73
50 73
70 73
30 73
50 57
3 70
3 38
38 61
33 38
46 48
24 48
29 44
39 44
33 44
44 48
22 26
4 22
10 22
22 24
22 48
22 61
22 74
22 57
24 57
57 72
57 62
54 61
23 41
17 23
17 30
30 62
0 30
11 33
33 56
33 74
10 69
39 69
12 69
10 21
10 29
21 64
4 21
64 72
41 60
31 60
31 37
31 70
31 62
37 41
12 43
43 72
43 49
42 66
9 56
26 56
55 56
55 70
47 70
47 49
39 49
12 26
53 74
32 61
4 61
32 62
62 63
13 63
39 63
4 13
8 13
4 74
41 58
66 71
39 77
9 39
39 72
9 72
26 66
26 34
2 66
2 74
8 66
25 74
34 77
51 74
74 77
8 74
8 77
0 8
