80 632
56 68
56 75
60 68
60 75
34 56
34 60
65 68
65 75
34 65
31 56
31 60
31 65
7 68
7 75
7 31
7 34
28 56
7 28
56 58
58 60
58 68
58 75
34 58
31 58
56 62
62 65
58 62
53 68
53 75
34 53
31 53
53 62
43 56
43 53
29 68
29 75
29 34
56 74
60 74
58 74
29 74
51 68
51 75
27 56
27 65
27 58
56 79
65 79
58 79
68 79
75 79
31 79
34 79
30 56
30 79
30 51
58 66
66 79
52 56
52 53
52 68
52 75
25 56
25 60
7 25
25 58
25 52
25 66
37 68
28 37
26 52
40 68
26 40
2 56
2 79
2 29
2 40
32 68
32 75
6 7
6 53
6 52
1 68
1 6
58 73
53 73
29 63
63 68
63 73
4 56
4 79
4 63
4 66
4 37
4 31
9 68
9 34
9 11
9 31
52 55
55 66
9 55
31 55
52 77
66 77
30 77
52 78
66 78
30 78
25 78
34 78
28 78
13 56
13 65
13 58
13 79
13 63
13 66
13 37
13 78
13 74
36 56
36 79
36 52
1 36
36 37
30 36
36 68
15 56
15 60
7 15
15 79
15 51
15 66
15 32
15 31
15 72
15 36
42 58
29 42
42 51
40 42
11 42
31 42
42 72
47 77
42 47
47 73
28 47
72 76
47 76
16 56
16 29
16 52
16 66
16 32
35 52
1 35
30 35
35 41
35 74
54 77
25 54
5 74
5 54
5 42
5 43
5 62
39 56
39 60
39 58
39 79
39 51
39 66
9 39
30 39
37 57
41 57
43 57
9 22
22 57
22 68
22 36
22 75
29 50
40 50
11 50
50 78
50 57
47 50
42 50
17 51
17 66
17 32
17 41
17 77
17 54
16 17
14 77
2 14
14 17
14 22
14 62
14 25
49 56
49 60
7 49
49 79
29 49
40 49
11 49
49 78
49 68
2 49
49 75
22 49
14 49
39 49
13 49
49 76
30 44
31 44
44 72
44 74
16 44
22 44
14 44
39 44
11 48
30 48
48 68
36 48
16 48
48 50
28 48
48 73
15 48
39 48
48 64
70 77
54 70
70 75
17 70
48 70
4 70
13 70
5 70
70 73
11 19
19 41
19 57
19 74
16 19
19 43
19 25
12 51
12 63
9 12
12 31
12 77
12 47
12 42
10 68
10 47
10 42
6 10
10 35
10 12
45 56
45 58
45 63
40 45
37 45
41 45
45 68
36 45
45 75
10 45
45 62
15 45
52 69
63 69
32 69
41 69
57 69
54 69
3 56
3 60
3 7
3 53
3 52
3 63
3 11
3 30
3 77
3 54
2 3
3 43
3 42
0 3
38 51
38 66
37 38
38 78
38 68
2 38
3 38
17 38
25 38
12 38
38 64
24 56
24 60
24 58
24 79
24 52
1 24
11 24
24 41
24 68
24 47
24 42
17 24
24 62
24 39
13 24
24 38
8 48
4 8
8 64
5 8
67 75
10 67
25 67
39 67
55 67
67 76
8 67
6 67
49 67
20 51
20 40
9 20
20 31
20 72
20 54
3 20
20 22
14 20
20 27
20 69
33 56
33 58
33 51
33 66
11 33
30 33
33 57
33 74
16 33
33 50
25 33
27 33
26 33
5 33
33 35
33 45
3 61
17 61
25 61
27 61
13 61
33 61
19 61
26 61
35 61
20 61
20 33
20 73
0 20
20 67
8 24
32 59
59 78
59 72
54 59
59 75
10 59
28 59
15 59
55 59
59 76
8 59
0 59
21 56
21 79
21 52
21 63
21 37
21 31
21 68
2 21
21 75
21 50
21 62
4 21
21 69
5 21
2 46
22 46
28 46
15 46
46 69
5 46
46 70
21 46
35 46
18 29
18 40
11 18
18 31
18 74
2 18
16 18
18 22
18 62
18 27
18 64
18 38
18 46
6 18
23 56
23 29
23 51
23 66
23 32
23 78
23 77
23 36
2 23
10 23
23 28
12 23
13 23
23 38
23 70
23 45
23 44
18 23
18 24
21 59
21 24
21 34
44 59
0 8
24 44
6 38
34 38
3 26
3 39
3 69
43 69
28 69
15 69
64 69
45 69
34 69
45 71
35 45
6 45
10 28
10 34
12 62
6 12
12 39
12 55
4 12
12 19
13 19
19 76
19 70
19 34
19 26
13 48
39 64
64 73
44 64
44 73
44 71
49 71
6 71
26 49
34 49
14 27
14 34
14 76
4 17
17 39
15 17
17 50
4 50
0 50
22 50
26 50
43 50
22 62
13 22
34 57
2 57
57 73
57 74
57 77
39 57
39 47
5 39
5 73
4 54
35 54
2 54
35 42
28 35
15 35
35 55
34 35
6 41
16 41
41 72
16 72
16 47
16 34
16 62
16 73
16 76
43 76
15 76
55 76
26 76
43 47
25 42
27 42
15 42
15 73
0 36
34 36
27 36
36 62
26 36
13 36
13 75
13 27
2 78
77 78
75 78
73 78
72 77
55 77
27 77
2 55
55 75
43 55
25 55
6 55
0 55
9 74
11 68
11 62
11 27
11 72
72 75
6 72
4 72
26 72
4 25
4 26
4 34
4 27
63 75
43 63
27 63
31 63
34 63
28 63
1 73
37 73
43 73
0 73
1 74
1 75
6 32
6 74
2 6
6 28
32 43
2 32
30 32
40 62
26 37
26 30
26 28
0 26
25 37
25 74
25 43
52 66
66 68
30 66
30 68
27 30
30 31
28 79
27 79
27 51
27 43
0 27
34 51
51 74
31 51
31 74
28 74
74 75
29 31
29 43
28 29
29 62
43 68
31 62
62 68
0 62
28 58
28 75
31 68
0 68
