80 948
14 74
1 74
1 22
13 74
13 22
13 66
1 48
14 48
13 48
6 74
6 22
6 66
6 48
9 14
1 9
9 13
72 74
22 72
66 72
48 72
9 72
2 48
2 14
1 2
2 13
2 72
2 6
12 74
12 22
12 66
12 48
9 12
2 12
14 78
13 78
1 78
72 78
6 78
12 78
56 74
22 56
56 66
48 56
9 56
2 56
56 78
14 77
1 77
13 77
72 77
6 77
12 77
56 77
44 74
22 44
44 66
44 48
9 44
2 44
44 78
44 77
24 74
24 66
2 24
24 78
1 24
13 24
14 24
6 24
24 72
12 24
24 56
24 49
49 56
14 49
1 11
11 13
11 44
24 73
1 33
14 33
13 33
33 72
6 33
12 33
47 77
33 47
24 41
33 41
41 56
1 41
13 41
14 41
41 72
6 41
12 41
22 35
35 48
2 35
35 78
14 39
1 39
13 39
6 39
39 72
12 39
39 56
45 48
45 78
39 45
29 45
29 37
37 56
37 41
14 37
13 37
1 37
6 37
37 72
69 74
22 69
2 69
69 78
24 69
33 69
37 69
65 74
22 65
65 66
48 65
9 65
2 65
65 78
65 77
29 65
56 65
41 65
1 65
13 65
24 71
56 71
41 71
65 71
14 38
38 65
59 74
59 66
48 59
59 78
24 59
29 59
41 59
1 75
13 75
6 75
72 75
59 75
24 60
29 60
41 60
60 75
60 65
56 61
61 75
61 65
44 61
8 24
8 33
8 14
8 11
1 58
13 58
27 74
22 27
27 48
27 78
27 77
27 56
27 41
14 27
27 58
2 25
25 78
24 25
25 29
25 37
14 25
25 65
25 38
3 58
3 25
3 73
41 43
43 75
43 58
43 61
10 38
10 25
36 74
22 36
2 36
36 78
29 36
33 36
36 37
14 36
36 58
10 36
36 73
15 74
15 48
2 15
15 78
15 24
15 33
15 37
14 15
15 65
15 38
1 54
13 54
44 54
48 67
2 67
29 67
33 67
14 67
67 75
58 67
61 67
54 67
29 55
55 56
37 55
11 55
55 58
55 61
54 55
21 74
21 22
21 48
2 21
21 24
21 29
21 56
14 21
21 65
21 61
21 55
19 21
21 72
1 21
13 63
24 42
33 42
37 42
14 42
42 58
42 61
42 73
15 42
18 55
15 18
6 18
24 28
28 56
28 41
14 28
28 58
25 28
28 73
15 28
18 28
28 67
28 63
17 72
1 17
17 63
10 76
19 76
72 76
23 48
23 78
23 39
23 33
23 41
14 23
23 65
23 25
23 73
15 23
23 72
6 23
34 65
25 34
34 54
19 34
34 67
23 34
2 32
32 78
32 77
32 56
14 32
32 75
32 58
25 32
32 73
32 55
18 32
1 32
32 47
6 32
5 37
5 11
5 38
5 61
5 73
5 15
5 67
1 5
5 32
5 43
5 60
5 27
5 69
51 73
15 51
51 72
23 51
32 51
43 51
0 51
44 51
46 58
38 46
46 54
19 46
18 46
1 46
36 46
43 46
46 60
44 46
2 20
20 78
20 39
20 29
20 41
20 75
20 58
20 25
20 73
15 20
20 67
31 74
22 31
31 48
2 31
24 31
29 31
31 37
14 31
31 38
25 31
31 73
15 31
31 72
31 47
7 74
7 22
7 66
7 48
2 7
7 78
7 24
7 56
7 41
7 11
7 65
7 38
7 54
7 19
7 67
7 31
7 32
7 43
7 60
32 40
17 40
7 40
27 40
40 69
8 40
6 40
1 79
43 79
7 79
27 79
46 79
51 79
4 24
4 33
4 37
4 75
4 65
4 38
4 10
4 19
4 18
4 23
4 36
4 76
0 4
37 62
62 75
38 62
61 62
10 62
55 62
62 72
23 62
36 62
43 62
60 62
52 62
34 62
51 62
6 62
12 62
62 79
16 73
15 16
16 72
1 16
16 36
16 43
7 16
16 46
8 16
16 59
4 16
41 53
14 53
53 65
10 53
53 73
19 53
53 67
23 53
53 63
17 53
7 53
44 53
53 69
51 53
12 53
58 64
25 64
10 64
15 64
64 67
23 64
36 64
17 64
60 64
52 64
8 64
59 64
4 64
53 64
50 56
11 50
38 50
50 61
50 54
19 50
18 50
31 50
32 50
17 50
0 50
44 50
50 69
8 50
6 50
50 53
42 50
49 50
50 71
20 50
35 50
50 64
49 64
42 64
40 64
45 64
26 74
26 66
26 48
2 26
26 77
26 29
14 26
26 75
26 38
26 61
26 73
26 55
26 67
1 26
26 36
26 76
7 26
26 52
26 34
26 51
4 26
12 26
20 26
26 35
26 28
3 26
26 64
26 47
57 74
22 57
57 66
48 57
9 57
2 57
57 78
57 77
29 57
56 57
41 57
14 57
38 57
57 61
10 57
15 57
57 67
31 57
32 57
43 57
57 60
27 57
34 57
8 57
38 70
25 70
10 70
55 70
18 70
1 70
32 70
70 76
60 70
27 70
69 70
59 70
12 70
35 70
3 70
4 70
57 70
5 70
13 70
21 70
53 57
20 57
57 62
42 57
68 74
22 68
48 68
2 68
68 77
33 68
37 68
68 75
65 68
61 68
54 68
55 68
68 72
31 68
63 68
17 68
0 68
52 68
46 68
59 68
6 68
53 68
35 68
49 68
68 71
5 68
57 68
21 68
5 57
47 57
45 53
16 53
42 53
16 79
16 62
16 45
16 21
13 16
5 16
40 62
3 62
62 71
28 52
6 52
13 52
52 59
52 71
4 52
4 34
4 42
30 77
30 56
30 37
14 30
30 58
25 30
10 30
30 55
18 30
23 30
30 63
30 43
7 30
27 30
30 34
30 51
4 30
13 30
5 30
21 30
30 79
30 47
28 30
30 49
4 20
4 79
4 71
40 79
35 79
45 79
21 79
20 40
40 71
3 40
40 47
7 28
7 59
7 69
7 13
7 35
13 31
31 60
31 49
20 31
31 71
8 31
27 31
31 59
3 31
31 69
20 32
20 76
0 20
20 46
20 34
20 51
12 20
13 20
5 20
46 59
46 71
21 46
46 51
46 49
12 46
51 71
5 51
42 51
5 28
5 13
32 34
27 32
32 35
32 71
34 76
0 34
27 34
34 47
34 42
13 34
8 34
23 35
23 42
0 23
23 43
23 36
23 76
23 45
1 76
17 76
49 76
60 76
71 76
44 76
42 76
3 76
59 76
13 17
12 17
17 35
17 27
17 28
0 17
17 45
28 69
28 59
6 28
28 35
28 49
28 71
28 47
18 42
18 60
1 18
18 43
18 35
18 67
18 27
18 45
42 63
0 42
42 44
42 49
13 42
42 45
0 63
21 63
45 63
3 63
43 63
21 43
21 60
21 27
8 21
21 71
13 21
21 45
35 55
49 55
13 55
55 71
27 55
55 67
45 55
6 55
1 55
8 67
67 69
12 67
49 67
47 67
1 67
35 54
0 54
54 69
15 54
15 19
15 36
15 69
15 72
15 44
15 59
36 72
36 44
36 59
36 49
12 36
8 36
6 36
36 45
36 69
10 59
10 72
8 10
10 45
10 71
10 27
10 49
10 43
10 12
19 43
0 43
8 43
43 47
12 19
0 19
19 60
3 19
8 19
19 47
3 72
0 3
3 44
3 69
3 6
3 12
3 35
3 13
3 45
25 71
1 25
25 45
25 49
25 27
25 47
6 25
12 27
8 27
27 35
27 44
12 58
58 73
45 58
47 58
8 58
8 61
8 60
8 45
6 8
8 59
12 61
61 73
13 61
60 61
61 69
35 61
60 73
1 60
12 60
44 60
6 60
12 75
47 75
0 75
38 59
59 73
59 72
49 59
47 59
13 59
13 38
38 71
38 69
1 38
6 38
0 38
71 72
0 71
12 71
65 69
35 65
44 65
65 72
0 65
49 65
1 69
44 69
6 69
45 69
35 69
37 45
12 37
37 44
0 37
14 45
44 45
6 45
35 39
0 39
35 56
35 41
14 35
12 35
35 47
41 47
47 73
0 47
44 47
12 47
47 49
33 73
14 73
11 73
72 73
6 73
6 11
11 72
11 49
0 49
44 49
6 49
24 29
1 29
13 29
14 29
6 29
29 72
12 29
29 56
29 44
0 29
44 56
44 72
1 44
13 56
1 56
14 56
56 72
6 56
12 56
0 78
1 12
0 2
14 72
0 72
13 72
6 9
6 14
0 48
13 14
1 66
14 66
1 14
14 22
0 74
