80 1580
29 57
29 72
57 72
29 40
40 72
57 61
40 61
11 29
11 72
11 61
48 57
40 48
29 68
68 72
61 68
48 68
42 57
40 42
11 42
42 68
29 69
69 72
61 69
48 69
42 69
57 69
40 69
11 69
68 69
29 67
67 72
61 67
48 67
42 67
67 69
29 76
72 76
61 76
48 76
42 76
69 76
57 76
40 76
68 76
11 76
67 76
13 29
13 72
13 61
13 48
13 42
13 69
13 76
3 57
3 40
3 11
3 68
3 67
3 13
0 3
24 29
24 72
24 61
24 48
24 42
24 69
24 76
3 24
15 29
15 72
15 61
15 48
15 69
15 76
15 57
15 40
11 15
15 68
15 67
13 15
14 29
14 72
14 61
14 48
14 42
14 69
14 76
3 14
14 15
5 29
5 72
5 61
5 48
5 42
5 69
5 76
3 5
5 15
5 57
5 40
5 68
5 11
5 67
5 13
29 51
51 72
51 61
48 51
42 51
51 69
51 76
3 51
15 51
5 51
13 51
29 39
39 72
39 61
39 48
39 69
39 76
15 39
5 39
13 39
39 57
39 40
39 68
11 39
39 67
14 39
29 46
46 72
46 61
46 48
42 46
46 69
46 76
3 46
15 46
5 46
13 46
39 46
57 62
40 62
62 68
11 62
62 67
24 62
29 50
50 72
50 61
48 50
42 50
50 69
50 76
3 50
15 50
5 50
13 50
39 50
50 62
30 39
30 62
30 57
30 40
11 30
30 68
30 67
14 30
30 51
30 46
24 30
0 30
30 50
29 59
59 72
42 59
59 69
59 76
5 59
13 59
30 59
57 59
29 54
54 72
54 61
48 54
42 54
54 69
54 76
15 54
39 54
30 54
54 57
40 54
54 68
11 54
54 67
46 54
0 54
14 54
50 54
24 54
51 54
13 27
27 30
27 57
27 54
27 50
39 60
30 60
29 56
56 72
56 61
48 56
42 56
56 69
56 76
3 56
15 56
5 56
13 56
39 56
56 62
30 56
56 57
40 56
11 56
56 68
56 67
50 56
24 56
46 56
0 56
14 56
51 56
4 29
4 72
4 61
4 48
4 42
4 69
4 76
3 4
4 15
4 5
4 13
4 56
4 57
4 54
29 71
71 72
61 71
48 71
42 71
69 71
71 76
3 71
15 71
5 71
13 71
62 71
57 71
54 71
40 71
68 71
11 71
67 71
46 71
51 71
19 39
19 62
19 56
19 71
23 29
23 72
23 61
23 48
23 69
23 76
3 23
5 23
13 23
23 30
23 57
23 71
23 50
23 40
11 23
23 68
23 67
3 74
5 74
13 74
30 74
56 74
57 74
23 74
40 74
11 74
46 74
9 29
9 72
9 61
9 48
9 69
9 76
9 15
5 9
9 39
9 62
9 56
9 57
9 71
9 60
9 40
9 11
9 68
71 75
60 75
11 75
9 75
18 29
18 72
18 61
18 48
18 42
18 69
18 76
3 18
15 18
13 18
18 39
18 62
18 57
18 54
18 71
18 60
18 40
11 18
18 68
14 18
18 59
25 29
25 72
25 61
25 48
25 69
25 76
15 25
5 25
25 39
25 30
25 57
25 54
23 25
25 60
66 68
11 66
66 67
8 29
8 72
8 61
8 48
8 42
8 69
8 76
3 8
8 15
5 8
8 39
8 30
8 56
8 54
8 50
8 60
8 66
8 46
8 9
4 8
16 29
16 72
16 69
16 76
3 16
15 16
13 16
16 30
16 57
16 54
16 50
16 23
16 66
11 16
53 72
48 53
53 69
53 76
15 53
5 53
13 53
30 53
53 57
53 54
53 71
53 60
11 53
46 53
9 53
53 68
16 53
42 47
47 69
47 76
5 47
13 47
47 62
47 57
47 54
47 71
47 60
47 66
46 47
47 53
4 47
17 29
17 72
17 61
17 48
17 69
17 76
15 17
13 17
17 39
17 62
17 56
17 57
17 50
17 60
17 40
17 46
17 18
4 17
16 17
17 47
2 29
2 72
2 61
2 48
2 42
2 69
2 76
2 5
2 39
2 30
2 56
2 71
2 50
2 40
2 11
2 46
2 9
2 53
2 17
23 26
26 40
26 66
11 26
9 26
4 26
16 26
29 77
72 77
61 77
48 77
42 77
69 77
76 77
3 77
15 77
5 77
13 77
62 77
57 77
54 77
71 77
23 77
40 77
11 77
9 77
53 77
14 77
26 77
21 29
21 72
21 69
21 76
15 21
5 21
21 39
21 62
21 57
21 54
21 50
21 60
21 66
21 46
18 21
16 21
14 21
21 26
35 72
35 42
35 69
35 76
3 35
13 35
35 39
30 35
35 56
35 57
35 50
23 35
35 40
35 46
18 35
4 35
14 35
1 40
1 46
1 9
1 4
1 14
1 26
1 24
50 64
40 64
11 64
46 64
18 64
53 64
16 64
1 64
69 70
70 76
15 70
5 70
13 70
30 70
56 70
57 70
70 71
60 70
66 70
11 70
18 70
4 70
16 70
17 70
64 70
6 72
6 48
6 42
6 69
6 15
5 6
6 13
6 62
6 56
6 54
6 23
6 40
6 66
6 46
6 9
4 6
6 14
6 26
6 70
6 25
12 72
12 48
12 69
12 76
3 12
5 12
12 39
12 62
12 57
12 54
12 71
12 60
12 66
11 12
12 18
4 12
12 16
12 26
1 12
13 41
30 41
41 56
41 54
41 50
23 41
40 41
41 46
18 41
41 53
14 41
17 41
1 41
56 73
54 73
23 73
60 73
11 73
46 73
18 73
53 73
14 73
1 73
21 73
41 73
25 73
18 28
28 53
14 28
17 28
21 28
28 41
25 28
7 29
7 72
7 42
7 69
7 76
5 7
7 13
7 30
7 56
7 57
7 71
7 40
7 66
7 11
7 9
4 7
7 14
7 17
1 7
7 70
29 44
44 72
44 61
44 48
42 44
44 69
44 76
3 44
15 44
5 44
13 44
39 44
44 62
30 44
44 57
44 71
44 50
23 44
44 66
44 46
18 44
44 53
14 44
17 44
21 44
41 44
7 44
28 44
63 69
5 63
39 63
62 63
56 63
57 63
50 63
23 63
40 63
11 63
9 63
4 63
14 63
26 63
1 63
63 70
12 63
7 63
31 42
31 69
15 31
5 31
13 31
30 31
31 57
31 71
23 31
31 40
31 66
31 46
9 31
4 31
16 31
17 31
21 31
31 70
25 31
31 63
9 22
22 53
16 22
17 22
21 22
22 41
22 25
7 22
69 78
76 78
3 78
15 78
13 78
62 78
57 78
54 78
71 78
23 78
40 78
11 78
9 78
4 78
16 78
26 78
21 78
41 78
25 78
28 78
22 78
0 78
12 33
7 33
33 63
0 33
19 33
33 78
23 45
45 60
40 45
11 45
9 45
4 45
14 45
26 45
1 45
41 45
25 45
7 45
24 45
6 45
33 45
13 55
30 55
55 56
55 57
23 55
40 55
11 55
46 55
18 55
53 55
16 55
26 55
1 55
55 70
25 55
55 63
22 55
0 55
55 59
45 55
20 29
20 72
20 61
20 48
20 69
20 76
15 20
5 20
13 20
20 62
20 56
20 54
20 50
20 60
20 66
20 46
9 20
20 53
16 20
20 26
1 20
20 70
12 20
20 28
20 63
20 24
20 59
20 55
14 34
17 34
34 70
34 41
25 34
34 63
22 34
24 34
34 59
29 38
38 72
38 61
38 48
38 69
38 76
15 38
5 38
13 38
38 62
38 57
38 54
38 50
23 38
38 40
38 46
38 53
4 38
17 38
26 38
1 38
25 38
12 38
7 38
38 63
24 38
33 38
38 77
15 37
5 37
13 37
37 62
37 57
37 71
37 50
23 37
37 40
11 37
9 37
4 37
14 37
26 37
21 37
37 70
25 37
28 37
37 63
6 37
37 59
37 38
72 79
69 79
76 79
13 79
39 79
62 79
56 79
57 79
71 79
40 79
66 79
11 79
9 79
53 79
14 79
17 79
21 79
70 79
12 79
7 79
22 79
0 79
33 79
38 79
55 79
8 79
37 79
34 79
75 79
74 79
9 10
4 10
10 14
1 10
10 21
10 41
7 10
10 28
10 22
6 10
0 10
10 55
10 79
10 20
10 37
3 49
5 49
39 49
49 62
49 56
49 57
49 50
49 60
40 49
46 49
9 49
4 49
14 49
17 49
1 49
41 49
12 49
28 49
22 49
24 49
33 49
49 59
34 49
20 49
49 67
37 49
49 51
49 74
29 32
32 72
32 42
32 69
32 76
5 32
32 39
32 56
32 57
32 54
32 50
23 32
32 40
11 32
9 32
32 53
16 32
17 32
21 32
32 70
25 32
28 32
32 63
6 32
0 32
32 55
32 34
32 64
32 67
32 49
31 32
27 32
43 50
43 60
43 66
43 46
18 43
16 43
17 43
26 43
21 43
43 70
25 43
7 43
22 43
6 43
0 43
38 43
34 43
20 43
43 44
37 43
43 45
27 43
43 51
52 72
48 52
42 52
52 69
3 52
15 52
39 52
52 62
52 57
52 54
50 52
40 52
52 66
9 52
18 52
52 53
16 52
26 52
21 52
52 70
25 52
7 52
22 52
6 52
0 52
38 52
34 52
52 64
44 52
31 52
52 74
43 52
2 52
51 52
57 65
65 71
23 65
60 65
40 65
46 65
18 65
4 65
16 65
26 65
21 65
65 70
12 65
28 65
24 65
6 65
33 65
55 65
34 65
64 65
65 67
37 65
45 65
43 65
52 65
65 75
29 36
36 72
36 48
36 42
36 69
36 76
3 36
13 36
36 39
30 36
36 57
36 71
23 36
36 60
36 40
11 36
18 36
36 53
14 36
26 36
1 36
36 70
25 36
7 36
22 36
24 36
33 36
36 38
36 55
20 36
36 67
36 37
31 36
36 74
36 43
32 36
8 36
2 36
36 65
36 78
29 58
58 72
48 58
42 58
58 69
58 76
3 58
13 58
39 58
30 58
56 58
57 58
50 58
23 58
40 58
46 58
9 58
16 58
14 58
26 58
1 58
41 58
12 58
28 58
24 58
0 58
33 58
55 58
34 58
58 64
44 58
37 58
45 58
58 74
52 58
51 58
36 58
58 68
58 73
2 58
47 58
58 78
36 47
65 68
35 65
65 73
65 77
65 78
52 78
19 52
10 52
47 52
2 43
32 43
43 73
35 43
32 75
32 47
32 73
32 77
32 68
19 32
10 49
49 68
8 49
31 49
19 49
49 73
2 49
10 45
10 27
10 51
8 10
10 19
10 73
2 10
10 77
10 47
64 79
51 79
47 79
45 79
68 79
73 79
2 79
37 64
37 44
8 37
37 78
37 75
37 47
35 37
38 51
38 47
8 38
19 38
34 38
35 38
38 67
38 44
38 75
34 77
20 34
19 34
34 78
27 34
31 34
34 64
20 67
20 35
20 78
8 20
20 75
20 77
19 20
20 45
20 74
55 74
55 68
27 55
31 55
44 55
35 55
55 67
45 67
31 45
35 45
45 73
45 77
45 51
27 45
19 45
2 33
31 33
33 51
33 73
33 64
33 68
27 33
59 78
44 78
74 78
27 78
75 78
19 78
73 78
2 78
22 31
22 24
22 59
8 22
22 27
22 74
22 51
22 73
22 77
0 31
31 59
31 44
31 77
27 31
8 31
31 74
31 75
31 47
63 77
24 63
63 74
35 63
44 63
63 75
63 64
0 63
47 63
6 63
24 44
0 44
44 64
2 44
44 74
44 77
27 44
35 44
44 67
7 75
7 51
6 7
7 35
7 28
7 47
0 7
2 7
7 68
28 75
28 59
28 51
28 73
28 64
27 28
28 67
19 28
8 28
6 73
59 73
64 73
67 73
27 73
8 73
68 73
41 67
35 41
41 64
24 41
27 41
41 47
41 59
41 51
25 41
12 41
41 74
8 12
12 24
2 12
12 27
12 68
12 74
12 77
12 35
12 47
6 12
12 59
12 19
6 64
6 47
6 51
6 77
6 19
6 35
6 67
6 8
6 68
70 75
24 70
0 70
68 70
19 70
2 70
8 70
25 64
59 64
64 68
2 64
27 64
51 64
47 64
1 51
1 35
1 8
0 1
1 27
1 2
1 74
21 35
0 35
35 74
35 75
8 35
19 35
35 47
35 77
2 35
21 77
21 51
21 59
21 25
21 68
19 21
21 67
21 47
25 77
59 77
27 77
51 77
8 77
19 77
47 77
19 26
8 26
2 26
26 47
26 75
0 26
2 24
0 2
2 59
2 74
2 51
2 68
17 75
17 19
17 59
17 67
17 68
17 25
17 74
17 27
0 47
47 67
47 74
8 47
25 53
4 53
51 53
53 67
19 53
24 53
53 74
4 16
16 59
0 16
16 68
16 67
8 16
16 74
16 25
16 51
8 59
8 27
8 51
8 75
14 66
4 66
25 66
51 66
27 66
24 66
11 25
18 25
25 75
0 25
25 67
18 24
18 19
18 67
18 75
18 27
18 51
4 18
4 75
0 75
59 75
67 75
27 75
51 75
19 75
68 75
9 67
0 9
9 74
24 74
59 74
68 74
19 74
23 59
19 23
23 60
23 46
19 60
19 40
11 19
19 24
19 67
19 68
50 71
24 71
14 71
0 71
4 71
4 40
4 46
4 68
4 14
4 27
56 60
57 60
50 60
40 60
11 60
60 68
60 67
59 60
14 60
51 60
27 60
0 60
27 46
14 27
24 27
27 68
54 59
40 59
11 59
14 59
24 59
0 59
59 67
50 57
40 50
11 50
50 68
50 67
24 50
0 50
46 50
50 51
14 50
14 62
0 62
46 62
51 62
46 57
11 46
46 68
46 67
14 46
39 51
0 39
24 39
51 57
11 51
51 67
51 68
5 14
5 24
0 5
13 14
14 57
0 14
14 68
14 24
15 24
0 15
13 24
24 57
24 40
11 24
24 68
24 67
0 24
13 57
13 40
11 13
13 68
13 67
0 13
0 76
57 67
40 67
11 67
67 68
0 69
0 42
57 68
40 68
11 68
11 48
0 48
11 57
11 40
0 11
0 61
40 57
0 40
0 72
0 57
0 29
