80 316
9 58
9 16
51 58
9 41
41 51
2 41
45 58
16 45
2 55
45 55
2 3
3 45
3 32
16 32
13 66
5 58
5 68
5 36
9 31
31 51
2 31
31 45
3 31
31 39
23 31
20 23
14 58
14 67
14 35
16 35
10 35
13 53
25 65
26 51
2 26
14 26
51 73
2 73
68 73
68 75
73 75
65 75
75 77
12 65
13 29
45 56
39 56
29 56
56 60
53 56
3 63
39 63
13 63
24 63
48 61
61 63
3 72
72 73
23 72
69 72
67 72
60 78
69 78
12 78
72 78
75 78
0 78
18 68
16 18
18 29
18 69
10 37
37 77
37 55
18 37
37 49
49 63
33 58
33 34
2 34
34 68
14 34
23 34
34 69
23 52
52 69
52 71
57 68
57 73
10 57
24 57
3 70
14 70
29 70
3 74
39 74
29 74
28 74
6 43
13 59
59 60
19 68
16 19
19 60
19 53
19 37
19 58
15 19
15 74
15 31
12 17
15 17
17 55
64 65
64 69
53 64
63 64
4 64
16 54
26 54
54 67
54 58
4 54
13 76
24 76
57 76
11 76
41 76
54 76
32 76
23 50
28 50
47 50
30 47
30 74
30 34
7 30
7 50
3 42
42 73
42 60
42 53
42 71
42 63
7 42
31 44
32 44
18 44
42 44
62 68
14 62
10 62
28 62
57 62
62 74
41 62
3 38
16 38
38 65
26 38
38 57
21 41
21 38
8 37
8 15
8 31
8 38
0 8
8 18
38 70
38 62
38 49
42 62
35 62
6 42
7 56
30 32
25 30
50 59
50 64
50 76
49 50
6 54
22 23
22 77
22 48
22 59
22 72
22 54
20 22
18 22
17 64
1 72
1 64
1 6
1 79
17 35
17 36
15 35
19 59
19 35
19 20
58 59
55 59
6 59
6 61
43 74
20 74
70 74
24 28
28 31
28 70
57 70
31 70
27 67
27 58
27 55
25 27
27 66
27 70
70 79
11 57
57 79
11 25
11 34
11 58
11 52
41 52
46 61
20 46
46 52
46 56
32 52
49 52
34 71
0 71
34 36
34 75
34 49
37 67
18 78
18 66
36 78
61 72
35 72
20 61
48 63
48 66
56 63
40 56
35 40
36 56
29 36
29 69
29 58
12 69
12 41
12 75
12 31
12 32
25 75
0 75
75 79
67 73
41 73
73 79
26 73
16 73
16 26
26 60
0 26
26 55
26 67
25 26
25 67
0 25
60 65
53 60
41 53
35 53
0 14
10 67
36 67
10 79
10 55
10 24
24 32
24 36
20 24
20 36
23 41
31 66
36 39
39 55
5 16
0 68
68 79
77 79
55 79
41 79
58 77
66 77
58 66
0 66
13 32
0 13
32 55
3 41
3 55
41 45
0 45
16 51
2 16
16 58
2 58
0 2
