80 632
3 29
3 14
14 39
14 79
29 79
3 23
23 39
23 79
23 69
14 69
29 69
3 35
35 39
35 79
35 69
14 16
16 29
16 23
16 35
16 50
3 56
39 56
56 79
56 69
16 56
23 72
29 72
14 72
56 72
35 72
50 72
3 9
9 39
9 79
9 69
9 16
9 72
23 64
14 64
29 64
21 39
16 21
21 64
29 61
23 61
14 61
50 61
39 55
55 79
55 61
16 62
44 62
9 62
20 64
20 61
20 44
20 47
20 23
20 35
3 67
39 67
67 79
67 69
16 67
67 72
61 67
44 67
9 67
3 78
69 78
72 78
39 49
49 69
49 64
29 49
23 49
14 49
49 78
49 50
45 61
45 49
10 72
10 44
39 57
57 69
57 64
44 57
10 57
47 57
36 57
6 36
44 77
47 77
36 77
71 77
45 77
62 77
48 64
48 61
9 48
42 72
42 49
42 44
40 42
36 42
9 41
40 41
37 41
9 66
47 66
36 66
41 66
35 66
23 26
12 39
12 16
12 72
12 49
9 12
12 40
12 24
12 35
37 68
68 71
35 68
2 16
2 61
2 44
2 40
2 13
2 71
2 68
2 20
3 11
11 16
11 61
11 49
10 11
11 47
11 36
11 41
11 45
2 11
11 48
11 29
11 66
26 59
20 59
11 59
59 67
30 35
2 30
30 48
30 77
30 59
13 32
24 32
32 68
23 31
31 71
7 31
31 74
31 48
6 31
31 59
14 31
12 31
9 22
22 47
22 23
22 71
22 35
22 62
10 34
34 37
24 34
34 35
34 55
2 34
22 34
6 34
36 65
35 65
55 65
65 70
3 27
27 39
27 79
16 27
27 72
27 49
9 27
27 37
23 27
24 27
27 55
27 70
3 33
33 69
33 64
33 49
9 33
33 37
33 36
33 35
33 55
33 68
26 33
27 33
68 76
70 76
33 76
6 76
16 28
28 61
9 28
28 47
13 28
28 41
28 55
28 74
22 28
28 77
39 75
69 75
16 75
49 75
10 75
40 75
13 75
41 75
68 75
62 75
26 75
6 75
8 72
8 49
8 10
8 40
8 36
8 71
8 45
8 26
8 33
8 20
8 56
1 55
1 74
1 27
1 8
1 65
1 42
3 15
15 39
15 79
15 69
15 64
15 44
10 15
15 37
15 23
15 24
7 15
2 15
15 33
15 20
15 65
14 15
1 15
6 52
52 77
52 75
42 52
15 52
3 5
5 79
5 61
5 49
5 9
5 37
5 13
5 24
5 35
5 26
5 27
5 8
5 75
5 32
5 66
43 45
43 62
27 43
20 43
11 43
28 43
17 72
17 49
9 17
17 37
17 23
17 71
17 55
17 62
17 22
17 20
17 59
17 28
17 66
13 38
38 41
38 55
38 70
26 38
20 38
8 38
14 38
17 38
38 57
38 52
4 26
4 6
4 59
9 58
40 58
23 58
24 58
45 58
58 70
26 58
20 58
58 65
0 58
34 58
4 58
50 58
45 51
2 51
33 51
51 77
51 65
51 58
51 57
1 51
23 54
41 54
54 68
54 70
22 54
6 54
54 75
32 54
54 66
43 54
31 54
17 46
43 46
46 54
8 63
28 63
15 63
5 63
31 63
46 63
51 63
63 67
0 46
60 65
42 60
12 60
1 60
52 60
46 60
30 60
60 78
54 67
51 54
51 67
50 51
44 53
47 53
36 53
53 71
53 55
53 74
33 53
29 53
53 75
53 58
34 53
1 53
52 53
53 76
0 53
53 78
58 73
4 17
4 73
19 78
4 19
19 21
0 19
4 38
10 25
25 47
23 25
24 25
7 25
25 62
25 33
25 29
25 28
25 32
17 25
25 73
25 31
4 25
18 72
18 49
18 44
18 37
18 23
18 41
7 18
2 18
18 27
18 77
11 18
14 18
18 34
18 43
18 21
18 25
18 30
18 50
25 78
4 50
38 56
0 38
17 43
5 43
43 76
5 56
5 52
5 30
50 52
15 78
15 34
15 67
0 1
1 67
8 57
8 21
8 75
56 75
32 75
28 75
28 76
28 73
14 28
32 76
12 76
21 76
56 76
30 76
6 33
29 33
27 78
27 66
27 42
0 27
12 27
29 70
50 70
62 70
21 70
48 65
29 65
11 65
34 65
12 65
34 50
34 73
30 34
22 56
22 67
22 57
22 73
22 48
22 50
29 73
57 73
73 78
31 73
30 31
26 74
32 74
32 48
29 32
12 32
30 32
32 57
0 59
57 59
11 42
11 78
11 50
2 57
2 6
2 78
2 42
6 68
42 68
48 68
12 68
14 68
12 26
12 77
12 66
12 21
12 56
14 24
21 24
24 50
24 26
26 45
26 66
29 66
14 66
0 66
57 66
0 41
41 45
41 42
41 62
29 41
41 78
20 42
14 42
42 67
42 56
21 42
14 40
40 45
40 48
23 48
35 48
48 62
21 48
48 77
14 48
20 48
50 77
21 77
67 77
6 71
67 71
57 71
56 71
6 14
6 29
29 36
36 45
36 56
35 36
7 57
50 57
21 57
10 56
10 29
10 50
10 14
9 10
10 35
10 23
10 21
10 45
35 45
14 45
45 50
21 45
29 45
9 49
9 78
37 78
23 78
55 78
20 78
14 78
23 37
29 37
37 50
37 67
13 67
7 67
62 67
56 67
7 20
7 62
21 47
47 56
35 47
47 62
47 55
13 62
56 62
0 62
44 55
44 56
29 44
23 44
14 44
9 55
13 55
35 55
0 55
55 56
56 61
21 61
35 61
21 23
21 56
9 64
35 64
50 69
50 79
13 14
29 39
39 50
0 29
3 50
13 50
0 13
