80 948
6 73
64 73
6 64
37 73
37 64
6 68
25 73
25 64
25 68
64 71
6 71
30 73
30 64
30 68
30 71
6 9
2 73
2 64
2 68
2 71
2 9
6 48
25 48
37 48
2 48
30 48
3 73
3 64
3 68
3 71
3 9
3 48
26 73
26 64
26 68
26 71
26 48
6 26
2 26
26 37
25 26
26 30
43 73
43 64
43 68
43 71
9 43
43 48
26 43
6 24
24 37
24 30
24 25
2 24
3 24
24 43
63 73
63 64
63 68
63 71
9 63
48 63
26 63
24 63
43 63
31 64
31 71
31 43
6 31
25 31
30 31
31 37
2 31
3 31
31 63
40 73
40 64
40 71
26 40
31 40
57 64
26 57
24 57
6 57
30 57
37 57
2 57
25 57
3 57
57 63
73 74
64 74
68 74
71 74
9 74
48 74
26 74
24 74
43 74
57 74
6 59
25 59
37 59
30 59
2 59
59 63
15 73
15 64
15 71
9 15
15 48
15 26
15 43
15 31
15 59
6 32
34 43
34 57
0 34
32 34
42 73
42 64
42 68
42 71
9 42
42 48
26 42
24 42
42 43
31 42
0 42
18 64
18 26
18 43
18 31
8 64
8 71
8 24
8 31
6 8
8 37
2 8
8 25
8 30
61 64
26 61
31 61
57 61
8 61
59 61
42 61
43 65
31 65
0 65
32 65
64 79
71 79
24 79
31 79
8 79
40 79
6 69
8 52
32 52
52 69
52 79
3 52
3 54
8 33
18 33
33 40
33 65
30 33
33 54
72 73
64 72
68 72
71 72
9 72
48 72
26 72
24 72
43 72
57 72
8 72
18 72
42 72
65 72
14 73
14 64
14 68
14 71
9 14
14 48
14 43
14 31
0 14
14 18
14 40
30 39
53 64
53 57
8 53
18 53
53 69
39 53
3 53
53 54
53 61
26 78
57 78
0 78
18 78
69 78
65 78
14 78
22 73
22 64
22 68
22 71
22 48
22 26
22 43
22 31
0 22
18 22
22 40
22 79
22 30
1 73
1 64
1 68
1 71
1 9
1 48
1 26
1 24
1 43
1 31
1 59
1 18
1 69
1 65
1 3
1 22
1 72
51 64
51 71
43 51
51 57
0 51
51 59
42 51
51 79
3 51
51 54
1 51
51 78
2 51
36 40
36 79
14 36
36 72
5 64
5 31
0 5
5 18
5 40
5 65
5 30
5 54
5 17
13 61
13 36
20 30
20 54
20 72
13 20
20 34
20 25
43 75
57 75
8 75
59 75
42 75
65 75
3 75
14 75
61 75
75 78
25 75
36 75
74 75
12 17
12 13
12 25
12 36
12 75
0 49
49 59
42 49
49 79
30 49
49 72
17 49
49 78
34 49
25 49
49 75
60 73
60 64
24 60
57 60
0 60
40 60
42 60
60 79
3 60
14 60
60 72
60 78
2 60
25 60
47 69
47 79
3 47
14 47
47 61
13 47
57 58
18 58
58 69
58 65
30 58
22 58
1 58
13 58
2 58
38 64
38 71
24 38
38 57
8 38
18 38
38 42
38 65
14 38
22 38
17 38
13 38
38 58
36 38
38 47
38 63
19 42
19 65
3 19
14 19
17 19
13 19
2 19
42 66
39 66
14 66
22 66
61 66
1 66
58 66
4 43
4 57
4 8
4 59
4 40
4 79
3 4
4 22
4 72
1 4
4 34
4 66
4 75
4 63
40 77
77 79
14 77
22 77
17 77
77 78
58 77
25 77
36 77
14 62
54 62
62 72
1 62
58 62
3 55
54 55
17 55
1 55
2 55
28 55
47 55
49 55
41 73
41 64
41 68
41 71
41 48
26 41
41 43
31 41
0 41
32 41
41 69
39 41
14 41
22 41
41 72
41 78
25 41
28 41
41 63
23 69
23 39
14 23
23 54
23 72
1 23
2 23
23 36
23 47
23 41
19 23
23 37
23 74
27 69
27 65
3 27
14 27
27 61
1 27
27 58
27 66
27 47
23 27
27 41
56 64
26 56
43 56
56 57
8 56
56 59
56 79
39 56
30 56
54 56
17 56
56 78
56 58
28 56
47 56
56 62
41 56
8 76
40 76
76 79
65 76
30 76
54 76
61 76
13 76
34 76
66 76
47 76
23 76
56 76
37 76
8 45
45 59
45 69
39 45
3 45
22 45
45 72
45 78
34 45
25 45
45 47
23 45
19 45
37 45
45 55
5 45
21 77
21 45
21 51
21 53
21 38
15 21
64 70
48 70
26 70
31 70
59 70
18 70
42 70
39 70
30 70
54 70
61 70
70 78
2 70
66 70
70 75
62 70
70 77
37 70
45 70
53 70
60 70
15 70
21 70
24 46
46 57
0 46
40 46
42 46
46 65
30 46
14 46
17 46
1 46
34 46
46 66
46 47
46 62
19 46
46 56
46 52
7 25
7 36
7 75
7 49
7 19
29 61
29 78
29 34
28 29
29 47
29 62
29 41
29 51
29 33
29 60
20 29
8 50
40 50
50 69
50 65
14 50
50 54
50 61
13 50
34 50
36 50
50 63
23 50
19 50
29 50
50 52
11 73
11 64
11 71
11 26
11 43
11 31
0 11
11 18
11 42
11 79
11 30
11 22
11 61
1 11
11 34
11 66
11 63
11 49
11 41
11 56
11 52
11 33
5 11
11 53
11 76
11 50
64 67
26 67
43 67
31 67
8 67
32 67
40 67
39 67
30 67
22 67
17 67
67 78
58 67
28 67
67 75
23 67
62 67
56 67
51 67
11 67
38 67
15 67
6 67
21 67
5 67
33 67
11 15
50 74
50 76
50 55
20 50
12 50
33 50
6 29
4 29
7 29
0 35
35 40
35 42
35 65
3 35
22 35
35 72
1 35
35 58
25 35
35 63
23 35
19 35
29 35
35 52
0 10
10 40
10 69
10 79
10 30
10 22
10 61
10 13
2 10
10 66
10 63
10 62
10 77
10 37
4 10
10 55
10 60
10 35
10 20
16 40
16 79
16 30
16 72
16 17
16 78
16 34
16 25
16 47
16 49
16 19
16 56
4 16
10 16
16 74
16 76
16 70
16 46
44 58
25 44
44 63
23 44
44 77
37 44
4 44
44 53
7 44
44 74
44 55
27 44
5 44
16 44
5 16
10 27
7 10
7 35
33 35
35 76
6 35
35 55
20 35
7 51
7 46
7 74
7 27
7 38
46 74
46 76
46 70
20 46
12 46
27 70
21 27
12 21
15 45
12 45
33 45
45 76
38 76
12 76
37 56
56 74
53 56
27 56
27 52
15 27
27 33
41 62
41 52
6 41
15 41
37 41
41 55
51 55
55 74
6 55
20 55
28 62
15 28
28 63
5 28
6 28
47 62
52 62
51 62
6 62
62 77
60 77
5 77
53 77
33 77
4 77
12 77
4 53
4 60
4 20
4 51
4 52
36 66
33 66
37 66
47 66
19 66
66 74
19 75
19 51
19 74
19 20
19 38
37 38
38 52
38 53
20 38
5 38
25 58
37 58
58 63
47 58
47 60
49 60
12 60
15 60
33 60
60 74
6 60
12 49
20 49
49 53
15 49
33 49
5 49
12 37
12 53
6 12
20 75
33 75
37 75
53 75
5 20
5 13
13 63
13 37
6 13
13 33
2 5
5 36
5 51
5 15
17 25
17 36
17 63
34 36
36 51
36 53
15 36
36 63
51 63
51 74
6 51
1 52
1 15
1 2
1 74
22 25
22 72
6 22
2 22
22 78
61 78
15 78
53 78
25 78
2 53
6 53
15 39
14 39
6 39
2 14
14 72
14 63
15 72
33 72
37 72
2 72
2 33
6 33
54 74
52 54
54 61
37 54
34 54
2 52
34 52
25 52
52 63
37 52
15 52
69 79
65 79
25 79
74 79
37 79
63 79
25 65
2 65
3 65
34 65
61 65
3 61
61 74
34 61
6 61
8 40
8 18
3 8
18 59
6 18
2 18
18 25
18 30
18 37
18 42
18 40
18 63
3 42
37 42
42 74
6 42
15 42
30 42
34 42
30 34
2 34
6 34
34 74
30 32
32 37
25 32
32 74
15 32
2 32
3 15
2 15
59 74
30 74
40 57
0 57
6 40
3 40
2 40
40 63
0 63
3 63
6 63
6 43
2 43
30 43
37 43
25 43
3 43
0 43
3 26
0 26
0 3
3 37
0 2
9 30
9 37
9 25
0 30
25 30
6 30
25 71
37 71
0 71
0 25
37 68
0 37
0 64
0 6
0 73
