80 1580
30 60
4 60
0 60
30 72
4 72
60 72
30 78
4 78
0 78
72 78
30 41
4 41
0 41
41 72
41 60
41 78
29 30
4 29
0 29
29 72
29 41
30 35
4 35
0 35
35 72
35 41
35 60
35 78
29 35
30 61
4 61
0 61
61 72
41 61
35 61
30 48
4 48
0 48
48 72
41 48
35 48
48 60
48 78
29 48
48 61
2 30
2 4
0 2
2 72
2 41
2 35
2 48
30 36
4 36
36 72
35 36
36 48
36 60
36 78
29 36
36 61
2 36
30 64
4 64
0 64
64 72
41 64
35 64
48 64
36 64
4 75
72 75
35 75
48 75
60 75
75 78
29 75
61 75
30 55
4 55
0 55
55 72
41 55
35 55
48 55
36 55
55 75
7 30
4 7
0 7
7 72
7 41
7 35
7 48
7 36
7 75
7 60
7 78
7 29
7 61
7 64
2 7
7 55
25 30
4 25
0 25
25 72
25 41
25 35
25 48
25 36
25 75
7 25
30 62
4 62
0 62
62 72
41 62
35 62
48 62
62 75
60 62
62 78
29 62
61 62
2 62
55 62
62 64
25 62
13 30
4 13
0 13
13 72
13 41
13 35
13 48
13 36
13 75
7 13
13 62
30 33
4 33
0 33
33 72
33 41
33 35
33 48
33 36
33 75
7 33
33 62
33 60
33 78
29 33
33 61
2 33
33 55
33 64
25 33
13 33
30 39
4 39
0 39
39 72
39 41
35 39
39 48
36 39
39 75
7 39
39 62
33 39
4 50
35 50
48 50
36 50
33 50
50 60
50 78
29 50
50 61
50 55
50 64
2 50
25 50
30 54
4 54
0 54
54 72
41 54
35 54
48 54
36 54
54 75
7 54
54 62
33 54
50 54
30 70
4 70
0 70
70 72
41 70
35 70
48 70
36 70
70 75
7 70
62 70
50 70
60 70
70 78
29 70
61 70
2 70
64 70
55 70
25 70
13 70
39 70
54 70
30 65
4 65
0 65
65 72
41 65
35 65
48 65
36 65
65 75
7 65
62 65
33 65
50 65
65 70
17 60
17 78
17 29
17 61
17 55
2 17
17 64
17 25
30 37
4 37
0 37
37 72
37 41
35 37
37 48
36 37
37 75
7 37
37 62
33 37
37 50
37 70
17 37
1 4
1 41
1 35
1 36
1 7
1 33
1 70
1 60
1 78
1 29
1 61
1 2
1 64
1 55
1 25
1 37
1 13
1 54
1 65
1 39
4 52
35 52
48 52
36 52
7 52
50 52
1 52
0 22
22 41
22 48
22 75
22 62
22 50
17 22
22 37
22 60
22 78
22 29
22 61
22 64
2 22
22 55
22 25
30 74
4 74
0 74
72 74
41 74
35 74
48 74
36 74
74 75
7 74
62 74
33 74
1 74
22 74
30 42
4 42
0 42
35 42
42 48
36 42
33 42
42 50
1 42
22 42
42 60
42 78
29 42
42 61
42 55
42 64
2 42
25 42
7 45
45 70
1 45
42 45
10 30
4 10
0 10
10 72
10 41
10 35
10 48
10 75
7 10
10 33
10 70
10 22
10 42
10 60
10 78
10 29
10 61
2 10
10 64
10 55
10 25
33 56
50 56
1 56
37 56
10 56
30 63
4 63
0 63
63 72
41 63
35 63
48 63
36 63
63 75
7 63
62 63
33 63
17 63
22 63
42 63
60 63
63 78
29 63
61 63
55 63
2 63
63 64
39 63
30 71
4 71
0 71
71 72
41 71
35 71
48 71
71 75
7 71
70 71
17 71
22 71
10 71
63 71
26 30
4 26
0 26
26 72
26 41
26 35
26 48
26 75
7 26
26 50
1 26
22 26
7 46
33 46
17 46
37 46
10 46
46 60
46 78
29 46
46 61
46 64
46 55
2 46
1 57
22 57
46 57
57 63
26 57
3 30
3 4
0 3
3 72
3 41
3 35
3 48
3 36
3 75
3 7
3 62
3 33
3 70
3 22
3 46
3 63
7 21
21 33
1 21
21 37
10 21
21 63
21 60
21 78
21 29
21 61
2 21
21 64
21 55
48 67
36 67
62 67
50 67
67 70
22 67
10 67
21 67
17 40
37 40
10 40
40 46
40 60
40 78
29 40
40 61
2 40
40 55
40 64
40 56
30 43
4 43
43 72
35 43
43 48
36 43
43 62
43 50
17 43
1 43
10 43
43 46
40 43
26 43
5 30
4 5
0 5
5 72
5 41
5 35
5 48
5 75
5 62
5 50
1 5
5 37
5 10
5 63
5 40
3 5
19 62
19 33
19 70
1 19
19 42
19 46
19 40
19 26
19 60
19 78
19 29
19 61
19 25
48 77
36 77
62 77
33 77
17 77
1 77
42 77
46 77
21 77
19 77
5 77
61 77
60 77
77 78
29 77
59 62
50 59
59 70
22 59
10 59
59 63
21 59
3 59
59 61
59 77
45 59
40 49
19 49
49 61
49 77
45 49
49 60
49 78
21 34
3 34
5 34
34 77
34 43
34 49
34 55
4 20
0 20
20 72
20 35
20 48
20 75
7 20
20 50
20 70
20 22
20 42
20 63
20 21
20 26
19 20
20 77
20 43
20 64
20 60
30 51
4 51
0 51
51 72
41 51
35 51
48 51
36 51
51 75
7 51
33 51
50 51
51 70
37 51
10 51
51 63
40 51
3 51
19 51
51 61
45 51
43 51
20 51
17 32
32 37
32 42
32 63
32 40
3 32
5 32
32 77
68 70
37 68
42 68
63 68
26 68
3 68
19 68
68 77
60 68
68 78
29 68
62 69
50 69
17 69
37 69
42 69
46 69
40 69
26 69
61 69
68 69
45 69
43 69
49 69
32 69
4 6
6 41
6 48
6 36
6 7
6 70
6 17
6 22
6 42
6 63
6 21
6 26
5 6
6 77
6 45
6 64
6 20
6 52
6 60
28 62
28 33
28 70
28 37
10 28
28 46
28 40
3 28
19 28
28 61
28 45
28 43
28 55
28 52
6 28
40 44
19 44
5 44
44 61
43 44
44 64
44 49
44 52
44 51
44 60
62 76
33 76
70 76
37 76
42 76
46 76
26 76
3 76
5 76
76 77
68 76
43 76
49 76
32 76
6 76
44 76
28 76
27 30
4 27
0 27
27 72
27 41
27 35
27 48
27 36
27 75
7 27
27 33
27 50
27 70
22 27
27 42
27 46
27 40
19 27
5 27
27 61
27 45
27 64
27 49
27 52
6 27
27 44
66 68
49 66
20 66
32 66
51 66
44 66
34 66
60 66
13 66
66 69
27 66
2 66
66 74
4 38
38 41
38 48
36 38
38 75
38 50
17 38
22 38
38 42
38 63
21 38
3 38
19 38
38 77
38 45
38 49
38 55
38 52
32 38
28 38
38 66
38 65
38 74
8 43
8 64
8 20
8 52
6 8
8 28
8 66
8 65
8 27
5 79
61 79
68 79
64 79
49 79
20 79
51 79
44 79
34 79
2 79
27 79
14 35
14 36
14 62
14 33
1 14
14 37
10 14
14 63
14 40
14 26
14 61
14 68
14 45
14 49
14 55
14 52
14 51
14 44
14 34
2 14
14 79
8 14
14 67
14 78
12 75
12 50
12 70
12 22
10 12
12 46
12 21
12 26
5 12
12 77
12 43
12 49
12 55
12 32
6 12
12 28
12 34
2 12
12 27
12 79
12 67
12 78
11 55
11 20
11 51
11 44
11 34
11 65
11 74
8 11
11 67
11 78
11 12
11 25
4 15
0 15
15 72
15 41
15 35
15 48
15 62
15 33
15 70
15 37
15 42
15 46
15 21
15 19
15 61
15 68
15 45
15 43
15 55
15 32
15 51
15 44
15 66
2 15
15 79
8 15
15 57
15 78
24 30
4 24
0 24
24 72
24 41
24 35
24 48
24 36
24 75
7 24
24 62
24 33
1 24
24 37
10 24
21 24
24 40
3 24
19 24
24 77
24 45
24 64
20 24
24 52
24 32
24 28
24 66
2 24
24 74
24 79
24 67
24 57
24 56
24 76
58 68
58 64
55 58
20 58
51 58
28 58
58 66
2 58
58 74
8 58
58 67
24 58
23 30
4 23
23 72
23 41
23 35
23 36
23 62
23 33
17 23
23 37
23 42
23 46
23 40
23 26
5 23
23 61
23 43
23 49
23 55
23 32
6 23
23 44
23 66
2 23
23 27
18 35
18 75
7 18
18 50
18 70
18 22
10 18
18 46
18 21
3 18
18 61
18 77
18 68
18 43
18 55
18 32
6 18
18 28
18 34
18 65
18 74
18 79
18 23
18 69
18 39
16 30
4 16
0 16
16 41
16 48
16 36
7 16
16 33
16 70
16 22
10 16
16 46
16 40
16 26
5 16
16 68
16 45
16 64
16 55
16 20
16 51
16 44
16 34
16 65
16 74
16 18
16 67
16 78
12 16
16 25
13 16
4 9
0 9
9 72
9 41
9 35
9 75
9 62
9 50
1 9
9 37
9 42
9 46
9 21
9 26
9 61
9 68
9 45
9 49
9 20
9 52
9 51
9 28
9 34
9 65
9 74
8 9
9 67
9 78
9 24
9 23
9 13
9 16
47 62
47 50
1 47
37 47
42 47
47 63
40 47
19 47
5 47
47 77
45 47
43 47
20 47
32 47
6 47
44 47
47 66
47 65
47 74
47 79
18 47
47 57
23 47
25 47
13 47
11 47
47 56
47 69
47 71
1 53
22 53
10 53
46 53
21 53
26 53
19 53
53 61
43 53
53 64
20 53
52 53
51 53
28 53
34 53
2 53
27 53
8 53
53 67
53 78
24 53
25 53
15 53
11 53
47 53
9 53
53 60
35 73
73 75
7 73
50 73
1 73
37 73
42 73
46 73
21 73
26 73
5 73
61 73
68 73
64 73
55 73
32 73
51 73
44 73
34 73
65 73
27 73
73 79
18 73
73 78
12 73
23 73
15 73
11 73
38 73
9 73
69 73
73 76
53 73
71 73
54 73
29 73
39 53
53 76
53 59
53 56
14 47
29 47
9 47
47 60
9 59
9 54
9 14
9 69
9 29
16 59
16 29
14 16
16 58
16 76
16 60
16 54
30 31
4 31
0 31
31 72
31 41
31 35
31 48
31 36
7 31
31 33
17 31
31 37
31 42
21 31
26 31
3 31
31 61
31 77
31 45
31 64
31 55
31 32
31 51
6 31
31 34
31 65
27 31
8 31
18 31
31 57
24 31
25 31
13 31
16 31
31 38
31 58
31 39
31 76
31 71
31 56
31 60
31 69
18 54
18 29
18 57
18 56
18 71
18 67
18 25
23 67
23 78
12 23
23 58
23 60
23 76
23 59
23 71
13 23
14 23
23 69
25 58
11 58
38 58
58 60
54 58
58 71
58 76
56 58
14 58
24 54
24 69
24 29
24 38
15 24
24 71
13 15
15 38
15 29
11 15
14 15
15 59
15 39
15 71
15 76
11 56
11 39
11 71
11 69
11 38
12 56
12 39
12 13
12 59
12 14
12 54
12 76
12 25
14 69
14 54
14 59
14 76
14 39
76 79
13 79
25 79
56 79
60 79
8 79
71 79
59 79
8 54
8 57
8 29
8 76
8 67
8 38
8 78
38 57
38 78
25 38
38 60
38 76
38 59
38 39
38 54
59 66
57 66
25 66
39 66
27 29
27 60
27 76
27 69
27 67
27 57
27 39
27 74
27 59
27 71
67 76
71 76
29 76
34 44
44 69
25 44
44 67
28 44
44 78
39 44
28 60
28 71
13 28
28 29
2 28
28 74
28 57
28 54
28 65
6 67
6 54
6 57
2 6
6 29
6 69
6 78
6 71
6 59
6 56
65 69
67 69
57 69
13 69
56 69
29 69
39 69
39 68
52 68
13 68
68 71
56 68
2 68
64 68
43 68
32 68
68 74
32 49
32 55
32 52
32 60
32 56
32 57
32 65
32 78
32 51
32 59
32 74
51 60
51 59
13 51
25 51
51 65
39 51
51 56
34 51
20 67
20 57
20 56
20 54
20 78
20 29
20 52
20 34
20 74
34 60
34 78
34 71
34 56
34 65
29 34
34 67
49 71
29 49
49 59
49 54
49 55
39 49
49 74
13 49
55 59
2 59
59 67
57 59
59 60
54 59
29 59
39 59
67 77
65 77
45 77
43 77
25 77
57 77
64 77
19 56
13 19
19 52
19 64
5 19
19 74
19 45
19 65
5 60
5 78
5 29
5 61
2 5
5 67
5 56
5 54
5 55
5 43
5 57
5 39
43 60
43 78
43 57
43 65
29 43
43 71
43 54
25 43
39 43
39 40
40 54
40 67
25 40
40 65
26 67
45 67
64 67
52 67
2 67
60 67
21 25
13 21
3 21
21 52
21 74
21 26
3 60
3 78
3 29
3 61
3 64
3 39
3 13
3 55
3 74
3 52
3 71
3 45
2 3
3 57
3 65
57 64
2 57
39 57
57 78
13 57
57 60
25 57
29 57
25 46
13 46
26 46
46 54
26 63
26 60
26 78
26 29
26 61
26 71
26 55
2 26
26 64
26 45
26 54
61 71
55 71
52 71
65 71
71 78
60 71
56 71
29 71
45 63
52 63
56 63
63 65
63 74
13 63
45 56
56 64
2 56
56 74
25 56
13 56
29 56
39 56
10 45
10 54
10 65
10 39
45 60
45 78
29 45
39 45
45 52
13 45
45 55
42 65
42 52
42 74
61 74
64 74
65 74
54 74
25 74
13 74
60 74
29 74
74 78
22 52
13 22
22 54
22 39
52 64
52 55
52 60
2 52
29 52
13 52
52 54
25 52
39 52
37 60
37 78
29 37
37 61
37 64
2 37
37 55
25 37
37 65
37 39
13 37
37 54
17 65
13 17
17 39
17 54
64 65
55 65
2 65
60 65
54 65
13 65
25 65
54 61
2 54
25 54
13 54
54 60
39 54
13 50
39 50
2 39
39 78
13 39
13 64
13 78
13 60
25 61
25 64
25 55
25 60
25 29
55 61
55 60
55 78
2 55
2 75
64 75
60 64
64 78
2 64
2 61
2 60
2 78
60 61
61 78
29 61
4 30
0 4
