80 1264
15 35
15 20
35 59
20 59
13 15
13 59
15 16
16 59
16 35
16 20
13 16
11 15
11 59
11 16
11 35
20 61
13 61
11 61
4 15
4 59
4 16
4 35
4 61
35 38
20 38
13 38
11 38
4 38
15 56
56 59
16 56
35 56
56 61
38 56
35 72
20 72
13 72
4 72
11 72
56 72
15 53
53 59
16 53
35 53
53 61
38 53
53 72
15 78
59 78
16 78
35 78
61 78
38 78
72 78
20 78
13 78
4 78
11 78
53 78
56 78
15 73
59 73
16 73
35 73
61 73
38 73
72 73
73 78
16 54
35 54
54 78
20 54
13 54
4 54
11 54
54 56
53 54
54 73
15 74
59 74
16 74
35 74
61 74
38 74
72 74
74 78
54 74
15 25
25 59
16 25
25 35
25 61
25 38
25 72
25 78
25 54
20 25
13 25
11 25
4 25
25 53
25 56
25 73
25 74
3 15
3 59
3 16
3 35
3 61
3 38
3 72
3 78
3 54
3 25
35 70
70 78
25 70
20 70
13 70
4 70
11 70
56 70
53 70
70 74
70 73
3 70
15 39
39 59
16 39
35 39
39 61
38 39
39 72
39 78
39 54
25 39
39 70
15 24
16 24
24 35
24 61
24 38
24 72
24 78
24 54
24 25
24 70
20 24
13 24
4 24
11 24
24 53
24 56
24 73
24 74
24 39
3 24
15 29
29 59
16 29
29 35
29 38
29 72
29 78
29 54
25 29
24 29
2 15
2 16
2 35
2 61
2 38
2 72
2 78
2 54
2 70
15 18
16 18
18 35
18 38
18 72
18 78
18 70
18 20
13 18
11 18
4 18
18 53
18 56
18 74
18 73
18 39
3 18
35 66
18 66
2 66
15 21
16 21
21 35
21 54
21 25
21 70
2 21
20 21
13 21
11 21
4 21
21 56
21 53
21 73
21 74
15 45
16 45
35 45
45 72
45 78
45 54
25 45
24 45
21 45
45 66
45 73
45 74
35 75
24 75
18 75
66 75
73 75
65 73
15 32
16 32
32 35
32 78
25 32
32 70
2 32
21 32
15 27
16 27
27 35
27 72
27 78
27 54
25 27
18 27
2 27
27 66
20 27
13 27
4 27
11 27
27 56
27 53
27 28
28 65
28 29
27 67
65 67
29 67
20 67
13 67
15 71
16 71
35 71
54 71
25 71
18 71
2 71
21 71
27 71
65 71
67 71
1 2
20 51
13 51
4 51
11 51
51 53
51 56
51 74
51 73
15 23
23 59
16 23
23 35
23 61
23 38
23 72
23 78
23 54
23 25
23 70
18 23
20 23
13 23
11 23
4 23
23 53
23 56
23 73
23 74
3 23
23 39
23 26
21 26
26 27
26 32
26 74
26 67
62 74
48 62
20 62
13 62
0 62
2 76
66 76
73 76
32 76
75 76
67 76
62 76
22 48
13 22
12 35
12 78
12 70
12 24
12 23
12 21
10 20
10 13
4 10
10 11
10 53
10 56
7 15
7 16
7 35
7 38
7 72
7 78
7 70
7 18
2 7
7 73
7 10
7 65
7 29
7 48
15 60
16 60
35 60
38 60
60 78
54 60
60 70
24 60
18 60
60 73
10 60
60 65
60 75
1 60
48 60
20 60
15 79
16 79
35 79
38 79
72 79
78 79
70 79
24 79
23 79
66 79
10 79
32 79
74 79
67 79
60 79
9 35
9 70
9 21
9 73
9 27
9 65
9 74
9 67
9 53
9 20
60 64
9 64
22 64
15 17
16 17
17 35
17 38
17 72
17 78
17 54
17 18
17 23
17 73
10 17
17 65
17 29
17 48
17 60
9 17
10 43
32 43
43 75
1 43
43 53
22 43
25 69
24 69
23 69
21 69
69 73
65 69
29 69
67 69
48 69
53 69
43 69
17 69
12 69
6 75
6 67
6 62
6 9
15 49
49 59
16 49
35 49
49 61
38 49
49 72
49 78
49 54
25 49
49 70
24 49
23 49
49 66
49 73
49 74
49 75
1 49
49 53
22 49
15 77
16 77
35 77
77 78
25 77
18 77
23 77
21 77
27 77
32 77
29 77
67 77
53 77
22 77
49 77
4 77
56 77
11 77
2 42
42 66
42 73
42 65
29 42
42 48
42 53
9 42
22 42
42 77
25 33
18 33
2 33
33 66
27 33
32 33
29 33
1 33
33 53
9 33
33 43
4 33
19 35
19 78
19 25
19 24
19 23
19 73
19 27
19 65
19 29
1 19
19 60
9 19
19 43
4 19
19 33
7 19
6 19
15 37
16 37
35 37
37 38
37 72
37 78
25 37
18 37
2 37
37 66
27 37
32 37
29 37
37 67
37 60
22 37
4 37
37 77
33 37
15 55
55 59
16 55
35 55
55 61
38 55
55 72
55 78
54 55
25 55
55 70
24 55
2 55
55 66
10 55
32 55
55 74
48 55
55 60
22 55
43 55
17 55
13 55
55 56
47 75
1 47
47 62
47 53
47 49
47 77
47 55
7 47
6 47
57 75
57 67
57 60
53 57
43 57
4 57
12 57
6 57
15 41
16 41
35 41
41 78
25 41
18 41
2 41
41 73
10 41
41 65
41 75
1 41
41 48
9 41
41 43
41 77
12 41
41 55
3 41
23 44
21 44
44 73
32 44
44 74
44 48
44 62
22 44
44 49
44 77
33 44
7 44
41 44
37 44
3 44
44 76
42 44
11 44
14 35
14 54
14 70
14 24
14 21
14 66
14 27
14 65
14 29
14 48
14 60
14 22
14 49
14 17
12 14
6 14
15 30
30 59
16 30
30 35
30 61
30 38
30 72
30 78
30 54
25 30
30 70
24 30
21 30
30 66
30 73
30 32
30 74
30 67
30 62
30 53
30 49
17 30
30 33
30 55
30 41
30 42
30 34
26 30
30 71
14 30
20 30
0 30
50 75
50 67
50 60
22 50
49 50
50 77
33 50
7 50
30 50
45 50
15 46
16 46
35 46
46 72
46 78
46 54
25 46
24 46
23 46
46 73
27 46
46 74
46 75
46 48
46 60
22 46
43 46
46 77
12 46
7 46
6 46
37 46
5 23
5 21
5 73
5 74
5 75
1 5
5 62
5 9
5 49
4 5
5 33
5 6
5 41
5 45
5 14
5 26
5 20
5 42
5 34
5 69
8 35
8 54
8 25
8 24
8 23
8 66
8 10
8 32
8 29
1 8
8 62
8 9
4 8
8 17
8 12
7 8
8 41
8 57
5 8
8 46
8 79
8 71
8 14
8 47
8 56
8 34
8 20
15 52
16 52
35 52
52 78
52 70
18 52
2 52
51 52
10 52
32 52
52 74
1 52
52 60
9 52
43 52
17 52
33 52
6 52
30 52
45 52
3 52
46 52
52 79
52 71
14 52
47 52
52 56
35 58
24 58
18 58
58 73
10 58
58 74
58 75
1 58
58 60
9 58
4 58
17 58
33 58
55 58
6 58
57 58
45 58
26 58
42 58
11 58
13 58
44 58
39 58
34 58
15 40
40 59
16 40
35 40
40 61
38 40
40 72
40 78
40 54
18 40
23 40
21 40
10 40
40 74
40 67
40 48
40 62
9 40
40 49
17 40
12 40
7 40
40 41
40 45
5 40
26 40
40 42
0 40
40 64
40 44
40 58
34 40
18 31
31 66
27 31
31 65
31 75
1 31
31 62
31 53
31 49
17 31
12 31
31 55
30 31
31 57
3 31
31 46
31 79
11 31
13 31
31 44
19 31
27 36
32 36
36 75
36 48
36 62
9 36
36 49
17 36
33 36
7 36
30 36
36 37
3 36
26 36
36 79
36 71
36 64
36 44
19 36
28 36
36 39
36 50
15 63
16 63
35 63
61 63
38 63
63 72
63 78
54 63
25 63
24 63
23 63
21 63
10 63
32 63
29 63
1 63
60 63
53 63
43 63
63 77
12 63
7 63
41 63
37 63
3 63
26 63
0 63
63 71
14 63
63 64
56 63
36 63
20 63
52 63
63 69
28 63
31 36
31 52
31 40
28 31
31 69
40 50
60 68
53 68
49 68
4 68
55 68
7 68
41 68
37 68
5 68
68 76
68 79
0 68
13 68
44 68
56 68
58 68
34 68
40 68
39 68
50 68
39 40
20 58
52 58
8 52
50 52
8 69
8 28
5 79
5 46
5 11
46 50
46 64
46 71
42 46
13 46
28 46
46 76
46 56
50 76
42 50
50 71
13 50
19 50
50 56
50 69
30 56
30 64
14 37
14 76
14 42
11 14
14 19
14 44
14 64
14 20
14 69
44 47
20 44
41 76
41 45
41 79
11 41
28 41
41 57
37 57
47 57
57 76
0 57
20 57
28 57
45 57
34 57
57 64
26 57
45 47
47 76
26 47
0 47
47 71
47 64
47 56
34 47
28 47
37 55
45 55
7 55
42 55
28 55
55 76
20 55
26 55
37 39
37 69
13 37
37 56
37 42
37 79
19 37
3 19
19 76
19 42
0 19
19 64
19 69
19 20
19 28
33 34
28 33
33 79
20 33
11 33
33 76
33 42
20 42
0 42
11 42
42 64
71 77
77 79
76 77
34 77
7 77
3 77
28 49
6 49
34 49
20 49
4 49
49 79
7 49
4 6
6 12
6 39
6 34
6 69
6 64
6 79
6 71
6 11
45 69
69 76
69 79
69 71
56 69
34 69
3 43
43 45
43 71
13 43
12 43
17 43
0 43
11 43
43 76
17 28
3 17
17 20
17 39
7 17
17 26
17 64
12 64
26 64
11 64
28 64
39 64
9 26
0 9
9 71
9 79
9 11
26 79
13 79
71 79
28 79
39 79
7 60
34 60
60 71
28 60
7 22
3 7
7 13
7 56
0 7
10 29
10 39
10 74
10 12
12 74
12 29
12 48
12 53
12 22
4 12
12 45
0 12
12 39
12 71
12 26
22 39
20 22
4 22
22 76
22 34
3 76
20 76
71 76
34 76
39 62
4 62
56 62
26 62
3 62
11 62
45 62
4 26
0 26
11 26
26 39
26 34
23 34
2 23
34 51
27 34
34 65
34 75
1 34
0 34
13 34
20 34
1 51
0 51
1 27
1 74
1 29
1 20
1 13
1 48
1 71
0 1
1 11
1 39
45 71
0 71
13 71
11 67
48 67
4 67
3 67
53 67
45 67
20 48
13 48
28 48
48 56
4 48
28 53
3 28
11 28
28 39
3 27
27 32
0 27
20 32
13 32
4 32
11 32
32 53
32 56
32 65
32 39
3 32
20 65
13 65
11 65
4 65
56 65
53 65
65 75
29 65
20 75
13 75
4 75
11 75
53 75
45 75
56 75
45 53
4 45
13 45
3 45
39 45
11 45
3 21
21 29
21 66
20 66
13 66
4 66
11 66
53 66
56 66
39 66
66 74
3 66
66 73
2 18
2 20
2 13
2 4
2 11
2 56
2 53
2 74
2 73
0 2
2 39
2 29
20 29
13 29
11 29
4 29
0 29
3 29
29 39
4 39
3 39
11 39
13 39
20 39
0 70
3 53
0 3
3 56
3 13
20 74
13 74
4 74
11 74
53 74
0 74
56 74
20 73
13 73
4 73
11 73
53 73
56 73
20 53
13 53
53 56
4 56
0 56
11 56
13 56
0 4
4 13
11 20
13 35
0 13
20 35
0 35
