80 316
48 77
20 48
20 60
20 59
66 77
32 66
20 66
31 59
31 66
71 77
35 77
35 57
57 60
57 59
57 66
57 71
21 77
59 76
66 76
71 76
21 76
32 76
27 60
27 59
27 66
27 76
12 52
59 64
64 71
64 76
53 64
4 74
37 59
37 54
16 52
16 54
2 31
18 29
15 31
15 29
16 29
17 74
17 54
20 38
24 38
57 63
30 63
24 63
38 42
42 63
8 69
56 72
56 67
67 72
1 59
1 21
1 76
1 41
1 50
18 78
53 78
16 78
39 76
9 59
9 14
2 9
9 40
18 79
14 79
25 79
25 31
28 59
28 76
28 74
14 28
28 50
25 28
27 51
49 51
58 60
58 59
58 66
58 76
46 58
46 57
53 58
16 58
22 37
22 44
22 32
59 65
65 71
65 74
53 65
41 65
22 65
47 52
47 53
2 47
47 78
47 65
47 64
32 47
16 43
43 78
43 47
52 55
53 55
2 55
55 63
30 62
29 62
55 62
37 62
29 55
44 55
43 55
9 55
31 34
34 55
1 34
17 34
26 69
26 34
10 16
10 25
10 31
10 64
10 77
5 10
5 24
5 65
5 26
10 26
8 10
26 44
26 73
17 73
2 68
40 68
7 79
4 7
7 68
7 61
61 64
17 33
33 37
33 43
33 61
39 61
61 68
0 61
34 68
11 43
11 68
11 20
0 11
3 69
23 47
23 28
23 27
3 23
23 77
23 30
3 4
3 28
3 68
3 17
57 68
30 43
43 45
44 45
6 45
6 17
13 59
13 54
13 41
13 25
13 79
13 58
4 13
13 24
13 45
13 49
47 58
64 65
65 77
28 65
36 65
22 58
22 36
12 58
4 58
49 58
58 72
74 75
14 75
38 75
75 78
31 75
64 75
49 75
42 75
0 75
1 75
29 49
37 49
20 51
28 51
27 28
28 37
25 27
24 79
57 79
9 79
1 79
2 19
19 63
19 79
19 72
12 19
19 30
9 19
19 20
9 27
1 9
70 77
42 70
9 70
0 70
14 27
14 77
14 30
14 39
38 39
39 78
39 69
39 72
27 39
39 44
36 39
20 78
1 78
64 78
1 30
1 20
41 44
41 57
27 41
12 41
36 41
31 36
36 67
12 36
8 36
37 67
20 67
24 67
8 72
8 29
8 20
4 69
42 69
32 42
42 57
24 42
24 77
17 38
17 40
17 31
40 77
29 40
12 40
4 29
29 30
18 20
18 44
18 77
18 31
18 32
2 44
32 44
27 44
2 16
16 37
16 77
37 57
4 54
54 57
4 50
4 12
30 74
30 50
32 50
50 64
0 64
12 53
20 53
12 31
12 57
27 52
32 52
31 76
20 76
76 77
21 57
32 57
20 71
32 71
31 71
60 77
59 77
32 77
59 60
32 59
0 32
