80 1264
19 34
20 34
19 20
34 45
20 45
12 34
12 20
12 19
12 45
30 34
20 30
12 30
19 64
45 64
30 64
21 34
20 21
12 21
21 64
10 34
10 20
10 12
10 19
10 45
10 30
10 21
34 43
20 43
12 43
43 64
10 43
19 77
45 77
30 77
21 77
43 77
24 34
20 24
12 24
24 64
10 24
24 77
25 34
20 25
12 25
10 25
19 25
25 45
25 30
21 25
24 25
25 43
34 47
20 47
12 47
47 64
10 47
47 77
25 47
34 65
20 65
12 65
64 65
10 65
65 77
19 65
45 65
30 65
21 65
47 65
24 65
43 65
34 55
20 55
12 55
55 64
10 55
55 77
25 55
55 65
19 62
45 62
30 62
21 62
47 62
43 62
24 62
55 62
34 40
20 40
12 40
40 64
10 40
40 77
25 40
40 65
40 62
16 34
16 20
10 16
16 19
16 45
16 30
16 21
16 24
16 43
16 47
16 55
16 40
34 41
20 41
12 41
41 64
10 41
41 77
25 41
41 65
41 62
16 41
19 36
36 45
30 36
21 36
24 36
36 43
36 47
36 40
36 55
13 34
13 20
12 13
13 64
10 13
13 77
13 25
13 65
13 62
13 16
13 36
19 48
30 48
45 48
21 48
43 48
47 48
24 48
48 55
40 48
13 48
41 48
34 68
20 68
12 68
64 68
10 68
68 77
25 68
65 68
62 68
16 68
36 68
48 68
34 49
20 49
12 49
49 64
10 49
49 77
25 49
49 65
49 62
16 49
36 49
19 49
30 49
45 49
21 49
43 49
24 49
47 49
40 49
49 55
52 65
36 52
49 52
12 35
16 35
35 36
19 35
35 45
30 35
21 35
35 47
35 43
24 35
35 55
35 40
10 31
16 31
31 49
31 35
17 19
17 30
17 45
17 21
17 24
17 47
17 43
17 55
25 38
38 62
38 48
35 38
17 38
19 42
30 42
42 45
21 42
42 47
24 42
42 43
34 61
20 61
12 61
61 64
10 61
25 61
61 65
61 62
49 61
35 61
1 34
1 20
1 12
1 10
1 77
1 25
1 65
1 16
1 36
36 70
19 70
30 70
45 70
21 70
47 70
24 70
43 70
55 70
40 70
12 51
16 51
36 51
51 70
1 51
42 51
19 46
45 46
30 46
21 46
18 48
18 35
1 18
34 72
20 72
12 72
64 72
10 72
72 77
25 72
16 72
48 72
35 72
1 72
19 72
30 72
45 72
21 72
47 72
43 72
24 72
34 67
20 67
12 67
64 67
10 67
67 77
65 67
16 67
48 67
35 67
67 72
43 67
4 19
4 45
4 30
23 65
23 62
23 48
23 70
17 23
23 72
4 23
23 24
8 19
8 45
8 30
8 41
8 68
9 34
9 20
9 12
9 64
9 10
9 25
9 65
9 62
9 48
9 49
9 17
9 43
9 59
8 9
9 18
9 19
9 21
9 67
65 78
16 78
49 78
70 78
17 78
72 78
59 78
8 78
9 78
67 78
28 36
28 49
17 28
28 43
28 59
4 28
18 28
9 28
28 78
18 53
23 53
28 53
51 53
3 65
3 62
3 36
3 49
3 17
3 42
3 59
3 24
3 18
3 9
3 41
3 13
15 34
15 20
12 15
15 64
10 15
15 25
15 65
15 16
15 49
15 35
1 15
15 43
15 46
15 24
15 18
15 67
15 41
22 67
70 74
43 74
59 74
24 74
30 74
67 74
28 74
22 74
3 74
68 74
17 63
43 63
46 63
24 63
30 63
23 63
41 63
13 63
3 63
36 76
35 76
70 76
43 76
46 76
24 76
30 76
9 76
41 76
22 76
51 76
11 34
11 20
11 12
11 62
11 36
11 35
11 72
11 42
11 46
8 11
11 18
9 11
11 41
11 13
11 51
11 55
25 50
50 62
48 50
35 50
50 72
42 50
43 50
4 50
30 50
9 50
28 50
22 50
11 50
50 68
50 63
50 78
31 50
15 50
34 44
20 44
12 44
44 64
10 44
44 77
25 44
44 65
44 62
16 44
44 49
35 44
1 44
43 44
44 59
24 44
30 44
9 44
44 67
28 44
44 51
44 76
44 78
40 44
5 51
5 68
5 63
0 5
5 38
7 70
7 42
7 46
4 7
7 8
7 23
7 41
7 22
3 7
7 68
7 63
7 40
5 7
7 74
18 73
23 73
28 73
22 73
51 73
73 76
27 34
12 27
25 27
27 62
27 48
27 49
17 27
27 72
27 46
4 27
27 30
23 27
27 41
27 28
11 27
27 68
27 31
34 37
20 37
12 37
10 37
37 65
36 37
37 48
37 70
1 37
37 43
37 59
24 37
18 37
23 37
37 41
22 37
11 37
27 37
37 78
0 37
31 37
26 34
20 26
12 26
26 64
10 26
26 77
25 26
16 26
26 36
26 70
26 72
26 42
4 26
8 26
26 30
9 26
26 67
13 26
11 26
26 68
26 63
26 40
15 26
26 45
46 66
8 66
18 66
23 66
28 66
13 66
3 66
66 68
27 66
66 78
5 66
26 66
44 66
50 66
29 34
20 29
12 29
29 64
10 29
29 77
25 29
29 65
29 48
29 35
29 70
29 42
29 59
24 29
8 29
9 29
28 29
22 29
11 29
29 76
29 78
0 29
29 31
26 29
29 73
29 50
6 34
6 20
6 12
6 10
6 25
6 65
6 48
6 49
1 6
6 43
6 46
6 8
6 30
6 23
6 41
6 22
3 6
6 76
6 78
6 40
6 15
6 26
6 47
6 45
6 29
25 54
54 62
49 54
35 54
54 72
43 54
54 59
4 54
18 54
54 67
41 54
51 54
3 54
54 76
27 54
40 54
31 54
26 54
44 54
37 54
65 69
16 69
48 69
49 69
1 69
43 69
59 69
24 69
30 69
23 69
28 69
13 69
3 69
69 76
63 69
0 69
31 69
69 74
44 69
50 69
34 56
20 56
12 56
10 56
25 56
56 62
36 56
49 56
56 70
43 56
56 59
4 56
30 56
9 56
41 56
22 56
11 56
56 76
56 63
40 56
5 56
56 74
47 56
37 56
56 69
54 56
30 32
9 32
28 32
13 32
11 32
27 32
32 63
0 32
31 32
15 32
32 73
32 50
29 32
34 57
12 57
57 65
16 57
48 57
35 57
1 57
43 57
46 57
24 57
8 57
9 57
57 67
13 57
51 57
11 57
57 78
0 57
31 57
57 74
44 57
50 57
29 57
32 57
57 61
4 71
8 71
30 71
23 71
67 71
51 71
3 71
68 71
63 71
40 71
5 71
71 74
71 73
45 71
37 71
69 71
32 71
21 71
2 25
2 16
2 48
2 49
1 2
2 72
2 59
2 24
2 18
2 67
2 41
2 22
2 51
2 68
2 78
2 40
2 5
2 15
2 73
2 50
2 29
2 32
30 58
9 58
41 58
22 58
3 58
58 76
58 63
58 78
31 58
26 58
47 58
45 58
29 58
32 58
39 70
39 72
39 43
4 39
8 39
39 67
28 39
22 39
3 39
27 39
39 78
39 40
5 39
26 39
39 47
39 50
37 39
32 39
39 58
39 71
14 25
14 16
14 48
14 70
1 14
14 72
14 59
4 14
14 30
14 23
14 41
14 22
14 51
14 68
14 27
14 40
5 14
14 74
14 47
14 50
14 37
14 54
14 58
14 39
34 60
12 60
10 60
16 60
36 60
35 60
1 60
42 60
59 60
4 60
18 60
9 60
60 67
22 60
3 60
60 68
27 60
0 60
5 60
44 60
60 73
45 60
29 60
54 60
58 60
56 60
57 60
34 75
12 75
65 75
16 75
36 75
70 75
1 75
72 75
46 75
4 75
30 75
9 75
41 75
13 75
3 75
75 76
63 75
0 75
5 75
74 75
47 75
50 75
37 75
69 75
58 75
39 75
60 75
19 75
57 75
14 75
2 75
21 75
21 60
52 60
6 60
14 60
14 19
1 33
33 72
33 46
4 33
18 33
23 33
28 33
13 33
33 51
33 68
27 33
0 33
15 33
26 33
33 73
33 45
33 69
33 54
33 61
33 56
33 66
34 79
20 79
12 79
10 79
25 79
62 79
48 79
35 79
17 79
42 79
46 79
24 79
18 79
9 79
67 79
13 79
3 79
76 79
78 79
40 79
15 79
74 79
47 79
45 79
29 79
32 79
58 79
39 79
66 79
52 79
53 79
33 79
2 79
55 79
6 33
7 33
33 53
14 33
14 21
14 38
39 66
19 39
39 55
53 58
52 58
2 58
2 71
2 66
2 6
2 55
2 38
19 71
57 71
6 71
55 71
19 57
7 57
38 57
21 57
32 55
21 32
32 56
38 56
7 56
53 56
21 56
52 56
54 69
55 69
38 69
66 69
53 69
7 69
54 61
38 54
6 54
52 54
19 54
6 61
6 19
6 53
6 55
29 61
29 66
29 53
61 66
38 66
53 66
7 66
21 26
26 73
26 37
26 61
26 74
37 44
37 45
21 37
37 52
7 37
19 37
27 47
27 53
27 45
27 55
19 27
27 52
27 73
73 78
5 73
47 73
52 73
61 73
7 73
21 73
53 73
7 50
7 61
7 52
7 21
7 55
5 45
5 55
5 44
44 74
44 52
44 47
38 44
44 55
21 44
44 50
50 61
11 38
11 21
11 31
11 47
11 40
11 76
11 52
11 15
55 76
63 76
19 76
38 76
21 76
68 76
0 63
21 63
40 63
63 74
38 63
47 63
31 74
15 74
53 74
38 74
55 74
0 22
22 55
22 31
15 22
22 61
3 15
15 78
0 15
15 31
15 21
15 61
15 52
15 19
15 47
3 61
0 3
3 53
3 45
53 78
0 53
31 53
47 53
53 55
38 53
28 55
28 31
28 51
28 38
28 47
19 28
28 45
13 78
51 78
68 78
61 78
31 78
9 47
0 9
8 31
8 51
8 61
8 47
8 52
8 23
19 23
23 40
13 23
23 52
23 61
21 23
23 55
23 41
23 45
4 21
4 67
4 13
4 24
4 18
24 67
31 67
19 67
38 67
67 68
51 67
45 67
52 67
21 67
40 72
18 72
52 72
31 72
55 72
18 46
18 19
18 51
18 61
18 52
18 55
18 68
18 41
18 45
38 46
41 46
46 51
24 46
13 46
40 46
46 68
13 51
38 51
51 52
19 51
40 51
51 68
1 70
59 70
41 70
13 70
52 70
1 19
1 30
1 45
1 21
1 43
1 47
1 24
1 40
1 55
1 41
1 61
1 68
42 61
59 61
41 61
61 68
40 61
55 61
19 61
38 61
38 42
40 42
42 68
24 38
30 38
0 38
38 45
38 52
17 31
17 59
13 17
31 59
30 31
31 40
31 52
31 47
19 31
35 52
35 68
52 59
13 52
45 52
19 52
21 52
41 49
13 49
49 68
41 68
13 68
45 68
0 68
13 43
13 30
13 41
13 40
13 19
13 21
13 47
36 41
36 59
41 43
0 41
40 41
24 40
30 40
40 45
40 55
59 62
55 59
24 55
45 55
59 65
43 47
47 59
30 47
0 47
45 47
19 47
24 43
19 24
24 30
24 45
0 24
21 24
19 43
43 45
30 43
21 43
43 59
21 59
0 21
30 59
19 30
30 45
0 30
45 59
19 45
20 59
19 59
0 19
34 59
0 59
