80 1580
13 47
28 47
13 77
28 77
13 21
21 47
21 77
13 31
28 31
21 31
2 13
2 28
2 21
2 47
2 77
13 69
28 69
21 69
2 69
13 61
28 61
21 61
2 61
47 61
61 77
13 51
28 51
21 51
2 51
51 61
47 51
51 77
51 69
10 13
10 28
10 21
2 10
10 61
10 51
13 29
28 29
21 29
2 29
29 61
29 51
29 47
29 77
10 29
29 69
29 31
0 29
13 76
28 76
21 76
2 76
61 76
51 76
29 76
47 67
67 77
10 67
31 67
67 69
67 76
13 43
28 43
21 43
2 43
43 61
43 51
29 43
43 67
13 34
28 34
21 34
2 34
34 61
34 51
29 34
34 67
34 47
34 77
31 34
10 34
34 69
0 34
34 43
34 76
13 40
28 40
21 40
2 40
40 61
40 51
29 40
40 67
34 40
13 74
2 74
61 74
51 74
29 74
67 74
34 74
47 74
74 77
69 74
31 74
10 74
74 76
43 74
0 74
5 13
5 28
5 21
2 5
5 61
5 51
5 29
5 67
5 34
5 74
24 29
24 74
24 47
24 77
24 31
10 24
24 69
24 76
24 43
0 24
5 24
13 56
28 56
21 56
2 56
56 61
51 56
29 56
56 67
34 56
56 74
24 56
6 13
2 6
6 61
6 51
6 29
6 74
6 47
6 77
6 10
6 69
6 31
6 76
0 6
6 43
7 13
7 28
7 21
2 7
7 61
7 51
7 29
7 67
7 34
7 74
7 24
6 7
13 16
16 28
16 21
2 16
16 61
16 51
16 29
16 67
16 34
16 24
16 47
16 77
10 16
16 31
16 69
16 76
0 16
16 43
7 16
8 13
8 28
8 21
2 8
8 61
8 51
8 29
8 67
8 34
8 74
8 24
6 8
8 16
13 62
28 62
21 62
2 62
61 62
51 62
29 62
62 67
34 62
62 74
24 62
6 62
47 62
62 77
31 62
62 69
10 62
0 62
62 76
43 62
5 62
7 62
13 55
28 55
21 55
2 55
55 61
51 55
29 55
55 67
34 55
55 74
24 55
6 55
16 55
55 62
40 55
27 29
27 74
27 62
27 47
27 77
27 31
27 69
10 27
0 27
27 76
27 43
5 27
8 27
27 56
7 27
27 55
13 22
2 22
22 61
22 51
22 34
6 22
16 22
22 27
22 69
13 65
21 65
2 65
61 65
51 65
29 65
65 67
24 65
62 65
40 65
23 47
23 77
23 69
23 31
10 23
23 76
23 43
0 23
23 55
7 23
5 23
23 56
8 23
34 46
46 74
46 62
23 46
46 69
46 47
46 77
31 46
10 46
46 76
0 46
43 46
3 13
2 3
3 61
3 51
3 34
3 6
3 62
3 40
3 69
3 46
13 15
15 21
2 15
15 61
15 51
15 29
15 34
6 15
15 16
15 40
13 79
28 79
21 79
2 79
61 79
51 79
29 79
67 79
34 79
74 79
24 79
6 79
16 79
40 79
23 79
47 79
77 79
69 79
10 79
31 79
76 79
0 79
43 79
7 79
56 79
8 79
55 79
5 79
13 30
28 30
21 30
2 30
30 61
30 51
29 30
30 67
30 34
6 30
16 30
30 40
30 79
30 46
13 59
2 59
29 59
59 74
59 62
27 59
59 79
46 59
47 59
59 77
31 59
10 59
59 76
43 59
0 59
13 53
2 53
51 53
53 74
53 62
40 53
53 69
46 53
53 59
13 71
21 71
2 71
61 71
51 71
29 71
34 71
24 71
62 71
27 71
23 71
65 71
15 71
47 71
71 77
10 71
31 71
0 71
71 76
43 71
13 52
28 52
21 52
2 52
52 61
51 52
29 52
52 67
34 52
52 74
24 52
6 52
16 52
27 52
52 79
46 52
15 52
52 71
5 52
22 52
0 52
45 56
22 45
45 47
1 45
15 54
2 41
41 51
29 41
24 41
41 62
40 41
41 69
41 46
15 41
41 71
41 47
41 77
10 41
31 41
41 76
0 41
41 43
41 54
13 18
18 28
18 21
2 18
18 61
18 51
18 29
18 67
18 34
18 74
18 24
6 18
18 62
18 40
18 23
18 69
18 59
18 41
18 56
18 22
18 77
18 54
13 14
14 28
14 21
2 14
14 61
14 51
14 29
14 67
14 34
14 74
14 24
6 14
14 16
14 27
14 23
14 46
14 65
14 41
14 56
14 22
14 45
14 54
14 31
14 47
14 76
13 72
21 72
2 72
61 72
51 72
29 72
67 72
34 72
72 74
24 72
16 72
40 72
72 79
69 72
65 72
71 72
5 72
22 72
72 77
45 72
14 72
47 72
55 72
13 19
19 28
19 21
2 19
19 61
19 51
19 29
19 67
19 34
19 74
19 24
6 19
19 62
19 27
19 79
19 69
19 59
19 71
19 56
19 22
19 77
19 54
19 31
14 19
12 40
12 27
12 23
12 69
12 59
12 41
12 56
5 12
0 12
12 45
23 26
26 46
15 26
26 41
5 26
22 26
26 77
26 47
2 48
48 51
29 48
6 48
40 48
27 48
48 69
46 48
48 59
41 48
48 56
48 77
0 48
26 48
14 48
47 48
12 48
19 48
13 20
20 28
20 21
2 20
20 61
20 51
20 29
20 67
20 34
20 74
20 24
6 20
16 20
20 62
20 40
20 23
20 69
20 46
20 59
20 71
16 75
40 75
69 75
65 75
59 75
71 75
47 75
75 77
31 75
10 75
2 49
49 74
49 62
40 49
23 49
49 65
15 49
49 71
49 75
49 77
45 49
49 54
31 49
47 49
12 49
19 49
20 49
13 25
2 25
25 51
6 25
16 25
25 40
23 25
25 65
15 25
25 59
5 25
25 77
0 25
25 26
25 31
13 50
2 50
50 61
50 51
29 50
50 67
34 50
6 50
50 62
27 50
50 69
46 50
15 50
41 50
50 75
22 50
0 50
50 54
14 50
47 50
13 35
2 35
35 61
35 51
34 35
6 35
16 35
27 35
35 79
35 46
35 65
35 71
35 56
5 35
0 35
35 54
31 35
35 50
35 55
19 35
25 35
4 79
4 65
4 15
4 71
4 75
4 5
0 4
4 26
4 31
4 47
4 12
65 66
41 66
66 75
66 77
0 66
45 66
26 66
47 66
55 66
12 66
11 79
11 46
11 65
11 71
11 75
11 22
11 77
11 45
11 26
11 47
11 55
11 66
11 20
11 52
51 57
24 57
57 62
40 57
57 79
46 57
57 65
57 71
57 75
5 57
57 77
45 57
14 57
47 57
12 57
19 57
57 66
52 57
3 57
53 57
10 57
2 17
17 51
17 29
6 17
16 17
17 27
17 23
17 69
15 17
17 41
17 56
17 77
0 17
17 45
17 26
17 47
17 50
12 17
17 20
17 52
17 57
62 73
27 73
23 73
69 73
59 73
41 73
56 73
22 73
73 77
54 73
14 73
50 73
55 73
66 73
20 73
52 73
3 73
43 73
53 73
69 78
46 78
65 78
41 78
75 78
5 78
77 78
54 78
31 78
14 78
50 78
19 78
25 78
52 78
4 78
73 78
35 78
49 78
13 68
28 68
21 68
2 68
61 68
51 68
29 68
67 68
34 68
6 68
40 68
23 68
68 79
68 69
15 68
68 71
56 68
5 68
0 68
54 68
26 68
50 68
55 68
19 68
66 68
25 68
57 68
13 37
28 37
21 37
2 37
37 61
37 51
29 37
37 67
34 37
24 37
37 62
37 40
37 69
37 65
15 37
37 71
37 75
37 77
0 37
37 45
31 37
14 37
37 50
37 66
20 37
4 37
37 57
18 37
30 37
37 48
37 76
37 68
13 39
2 39
39 61
39 51
34 39
24 39
16 39
27 39
39 79
39 69
39 59
39 71
39 56
5 39
39 45
39 54
26 39
39 47
39 55
19 39
39 66
4 39
3 39
37 39
39 76
39 49
13 64
21 64
2 64
61 64
51 64
29 64
34 64
6 64
62 64
27 64
23 64
64 69
15 64
59 64
64 75
64 77
0 64
54 64
31 64
47 64
55 64
12 64
20 64
52 64
4 64
64 73
64 76
35 64
8 64
42 59
41 42
42 75
22 42
0 42
26 42
31 42
42 47
42 55
12 42
25 42
4 42
42 57
37 42
36 55
19 36
20 36
4 36
3 36
36 73
9 79
9 46
9 59
9 41
9 75
5 9
0 9
9 54
9 14
9 47
9 12
9 66
9 20
9 52
3 9
9 37
9 36
9 49
9 64
9 42
51 70
70 74
16 70
27 70
70 79
46 70
59 70
41 70
70 75
22 70
0 70
45 70
31 70
47 70
50 70
66 70
20 70
4 70
3 70
37 70
36 70
35 70
38 77
26 38
31 38
14 38
12 38
19 38
25 38
4 38
3 38
38 73
36 38
35 38
38 68
7 38
2 63
51 63
34 63
24 63
62 63
40 63
63 69
63 65
15 63
41 63
56 63
63 77
0 63
54 63
26 63
47 63
50 63
12 63
25 63
52 63
3 63
37 63
36 63
49 63
38 63
30 63
42 63
32 40
23 32
32 79
32 65
15 32
32 41
32 75
22 32
32 77
32 54
14 32
32 50
32 55
32 66
20 32
32 52
32 57
32 73
32 35
32 49
32 64
32 42
11 32
10 32
16 58
40 58
58 69
46 58
58 59
58 71
56 58
5 58
58 77
45 58
26 58
50 58
12 58
19 58
20 58
52 58
3 58
58 73
58 76
35 58
58 68
38 58
11 58
32 58
34 44
44 74
16 44
27 44
44 79
44 65
15 44
41 44
44 75
5 44
44 45
44 54
26 44
14 44
44 55
44 66
25 44
4 44
3 44
44 73
44 76
35 44
44 68
30 44
42 44
44 78
44 58
13 33
21 33
2 33
33 61
33 51
29 33
33 67
33 34
33 74
24 33
16 33
27 33
23 33
33 65
15 33
33 71
33 56
22 33
0 33
26 33
31 33
14 33
33 55
33 66
20 33
33 52
33 57
33 73
33 36
33 35
33 68
33 38
33 42
11 33
33 58
33 48
13 60
21 60
2 60
60 61
51 60
29 60
60 67
34 60
60 74
24 60
16 60
27 60
60 69
60 65
59 60
56 60
60 75
5 60
60 77
26 60
14 60
47 60
55 60
60 66
20 60
4 60
3 60
37 60
60 76
35 60
60 64
38 60
42 60
60 78
58 60
33 60
18 60
17 60
8 60
43 60
39 60
1 60
17 33
33 53
33 44
1 33
7 33
39 44
43 44
9 44
1 44
17 44
44 63
10 58
18 58
1 58
8 58
9 58
32 78
9 32
17 32
32 63
32 48
18 32
32 72
63 72
10 63
18 63
7 63
48 63
53 63
8 63
38 43
38 70
38 42
38 53
38 78
1 38
30 70
42 70
11 70
43 70
7 70
70 72
48 70
10 70
1 70
53 70
9 70
9 10
9 17
7 9
9 48
9 39
8 9
11 36
36 48
36 42
36 76
36 53
7 36
35 36
18 36
17 36
42 64
42 68
42 48
39 42
17 42
53 64
39 64
17 64
64 68
48 64
1 64
10 64
11 39
39 78
39 72
10 39
39 48
8 39
1 39
7 37
37 49
35 37
37 72
68 76
35 68
68 72
18 68
8 68
68 78
11 68
30 68
11 78
8 78
43 78
7 78
72 78
17 78
1 73
17 73
10 73
8 73
11 73
17 49
17 30
17 43
17 53
1 17
30 57
43 57
57 72
48 57
57 76
49 57
11 57
11 49
11 30
8 11
11 18
11 53
1 11
66 76
4 66
3 66
1 66
25 66
7 66
4 25
4 52
4 53
4 43
4 35
4 72
4 18
4 76
3 35
35 48
30 35
10 35
18 50
1 50
50 53
30 50
12 50
50 76
25 50
50 55
3 50
50 52
12 25
10 25
8 25
25 43
25 72
25 76
25 52
25 53
25 49
25 48
7 25
49 76
43 49
49 53
1 49
49 72
7 49
18 49
7 75
8 75
75 76
55 75
54 75
43 75
20 75
5 20
0 20
20 54
14 20
20 47
20 55
19 20
1 20
20 30
3 20
18 20
20 48
48 72
18 48
43 48
48 53
3 26
10 26
26 53
8 26
26 31
26 55
12 26
12 53
10 12
12 18
12 43
12 19
12 30
8 12
10 19
19 30
19 43
7 19
19 53
19 72
18 19
19 52
72 76
30 72
53 72
7 72
43 72
10 72
3 14
14 18
14 43
14 52
3 18
18 30
10 18
7 18
8 18
18 53
30 41
41 55
54 77
0 54
45 54
47 54
7 54
31 54
54 55
54 76
1 54
1 31
1 55
1 52
1 3
1 76
1 7
1 53
45 55
45 53
3 45
45 76
45 52
30 45
8 45
43 45
31 52
30 52
3 52
10 52
8 52
5 71
53 71
8 71
7 71
53 56
53 77
31 53
43 53
55 59
5 59
30 59
56 59
22 59
30 56
5 30
0 30
30 31
30 76
8 30
7 30
10 30
30 43
15 79
15 46
15 47
15 77
10 15
15 31
15 76
15 43
0 15
7 15
8 15
15 22
3 15
3 56
3 5
3 22
3 47
3 7
3 8
46 56
8 46
5 46
23 65
65 69
47 65
65 77
31 65
10 65
65 76
0 65
43 65
7 65
22 65
55 65
22 56
5 22
22 47
22 77
22 31
10 22
8 22
0 22
22 55
22 76
7 22
55 69
47 55
7 55
55 76
8 55
8 62
56 62
40 62
8 40
8 69
8 77
8 47
8 76
8 10
7 8
16 40
5 16
16 56
7 40
7 69
0 7
7 31
7 47
7 43
6 56
6 40
5 6
40 56
56 69
47 56
56 77
10 56
31 56
0 56
56 76
43 56
5 56
24 40
5 40
5 69
5 47
5 77
5 10
5 31
0 5
5 43
40 74
40 47
40 77
40 69
10 40
31 40
40 43
40 76
0 40
43 69
43 77
31 43
43 76
10 43
0 67
69 76
10 76
10 69
10 77
0 10
10 31
10 47
31 51
0 51
31 61
61 69
0 61
47 69
69 77
31 69
0 69
2 31
0 2
31 77
0 31
31 47
0 21
47 77
0 28
0 47
0 13
