80 1264
24 69
69 71
24 76
71 76
24 28
28 69
28 76
24 39
39 71
28 39
33 69
33 76
33 39
24 49
49 71
28 49
33 49
24 77
71 77
28 77
33 77
69 77
76 77
39 77
0 77
49 77
16 24
16 71
16 28
16 33
16 77
24 45
45 71
28 45
33 45
45 77
45 69
39 45
45 76
45 49
0 45
16 45
22 24
22 71
22 28
22 33
22 77
22 45
69 73
39 73
73 76
49 73
0 73
22 73
16 73
24 65
65 71
28 65
33 65
65 77
45 65
65 73
24 66
66 71
28 66
66 77
45 66
66 73
66 69
66 76
39 66
49 66
0 66
16 66
22 66
65 66
10 24
10 71
10 28
10 33
10 77
10 45
10 73
10 66
43 69
43 76
39 43
0 43
43 49
22 43
16 43
10 43
43 65
24 78
71 78
28 78
33 78
77 78
45 78
73 78
66 78
43 78
41 69
39 41
41 76
41 49
0 41
22 41
16 41
10 41
41 65
41 78
24 46
46 71
28 46
33 46
46 77
45 46
46 73
46 66
43 46
41 46
39 46
38 69
38 76
0 38
38 49
16 38
22 38
38 65
10 38
38 46
38 78
4 24
4 71
4 28
4 33
4 77
4 45
4 73
4 66
4 43
4 41
4 39
4 38
6 69
6 76
0 6
6 49
6 22
6 16
6 65
6 10
6 78
6 46
4 6
6 25
18 28
18 77
18 45
18 73
18 43
18 39
18 69
18 76
18 49
0 18
16 18
18 22
18 65
10 18
18 78
18 46
24 75
71 75
28 75
33 75
75 77
73 75
41 75
39 75
18 75
49 75
21 28
21 33
21 77
21 45
21 66
21 39
21 38
48 66
39 48
38 48
18 48
48 69
48 76
0 48
48 49
22 48
16 48
48 65
10 48
48 78
46 48
24 63
28 63
63 77
45 63
43 63
39 63
6 63
48 63
21 63
23 28
23 33
23 77
23 45
23 66
23 41
23 39
23 49
24 53
53 71
28 53
33 53
53 77
45 53
53 66
41 53
18 53
48 53
49 53
53 69
53 76
0 53
22 53
16 53
10 53
53 65
23 53
28 70
33 70
70 77
45 70
66 70
41 70
38 70
48 70
53 70
70 78
24 44
44 71
28 44
44 77
44 45
44 73
41 44
39 44
38 44
44 48
44 53
44 78
44 69
44 76
0 44
22 44
4 44
28 72
33 72
72 77
45 72
66 72
39 72
18 72
49 72
23 72
72 78
44 72
18 27
27 49
21 27
23 27
58 69
58 76
0 58
16 58
22 58
18 54
49 54
21 54
59 66
39 59
18 59
48 59
21 59
59 69
59 76
0 59
22 59
16 59
15 53
15 59
15 78
15 27
20 69
20 76
19 24
19 71
19 28
19 33
19 77
19 45
19 73
19 66
19 41
19 39
19 38
19 49
19 21
19 78
19 44
4 19
19 20
19 75
6 8
8 18
8 53
8 59
8 78
8 27
8 75
8 54
28 57
33 57
57 77
45 57
41 57
39 57
18 57
48 57
21 57
23 57
57 78
4 57
18 35
35 49
21 35
35 78
35 58
4 35
35 69
35 76
0 35
28 79
33 79
77 79
73 79
41 79
39 79
38 79
49 79
23 79
78 79
58 79
35 79
20 79
57 79
22 79
30 38
30 48
30 53
30 59
30 78
4 30
30 35
30 57
22 30
30 69
30 70
30 76
25 30
24 32
32 71
28 32
32 33
32 77
32 73
32 43
32 39
18 32
32 49
21 32
23 32
32 78
27 32
32 35
32 57
8 32
30 32
34 75
34 54
22 34
17 58
4 17
17 35
17 54
17 22
17 30
17 69
10 17
21 42
42 59
42 58
42 44
42 75
42 57
22 42
17 42
42 76
14 77
14 45
14 43
14 39
14 18
14 49
14 53
14 23
14 44
14 27
14 75
14 54
8 14
14 17
24 50
50 71
28 50
33 50
50 77
45 50
41 50
39 50
6 50
48 50
21 50
50 59
50 58
27 50
20 50
50 75
8 50
17 50
50 69
7 38
7 48
7 53
7 23
7 58
7 27
7 35
7 54
7 22
7 34
7 50
11 39
11 49
11 53
11 23
11 58
4 11
11 20
11 57
8 11
11 30
11 50
12 66
12 39
12 38
12 49
12 21
12 59
12 44
12 27
12 35
12 57
12 22
12 17
12 50
11 12
24 60
60 71
28 60
33 60
60 77
45 60
60 73
60 66
41 60
39 60
18 60
49 60
53 60
60 78
58 60
4 60
20 60
54 60
57 60
30 60
50 60
14 60
60 65
53 74
59 74
58 74
27 74
20 74
54 74
8 74
34 74
74 76
11 74
60 74
2 44
2 27
2 20
2 75
2 8
2 30
2 76
2 11
2 14
9 50
9 11
9 14
2 9
9 63
24 37
37 71
28 37
33 37
37 77
37 73
37 43
37 41
37 38
37 49
37 53
37 59
37 58
27 37
35 37
37 54
37 57
17 37
37 76
11 37
14 37
5 28
5 73
5 66
5 39
5 6
5 49
5 53
5 59
5 44
5 27
5 35
5 75
5 8
5 30
5 34
5 14
5 60
5 72
5 10
5 37
62 77
45 62
62 66
39 62
38 62
49 62
23 62
59 62
58 62
4 62
35 62
54 62
57 62
30 62
50 62
11 62
60 62
5 62
31 77
31 45
31 43
31 39
18 31
31 49
31 53
23 31
31 58
4 31
31 35
31 54
8 31
17 31
31 34
25 31
7 31
31 60
12 31
13 44
4 13
13 35
13 75
13 57
13 30
13 76
13 25
7 13
13 31
29 76
25 29
7 29
2 29
29 31
29 70
13 29
51 77
45 51
41 51
39 51
18 51
48 51
23 51
51 59
44 51
27 51
20 51
51 75
8 51
30 51
50 51
11 51
7 51
5 51
29 51
53 68
23 68
58 68
4 68
20 68
68 75
22 68
17 68
68 76
14 68
60 68
5 68
63 68
68 72
37 68
66 67
39 67
38 67
48 67
49 67
67 78
44 67
4 67
20 67
67 75
22 67
17 67
67 76
14 67
60 67
2 67
31 67
67 68
16 67
32 67
36 39
36 49
21 36
23 36
36 78
36 44
35 36
36 57
22 36
30 36
34 36
11 36
7 36
5 36
31 36
36 37
36 67
13 36
0 36
36 70
24 55
55 71
28 55
33 55
55 77
45 55
55 66
39 55
38 55
48 55
53 55
55 78
55 58
4 55
20 55
54 55
22 55
34 55
55 76
25 55
14 55
2 55
55 63
55 65
55 67
3 66
3 39
3 18
3 49
3 23
3 59
3 44
3 27
3 75
3 57
3 8
3 34
3 50
3 11
3 7
3 60
3 63
3 37
3 65
3 13
3 16
34 47
11 47
47 60
5 47
31 47
29 47
28 52
52 73
52 66
39 52
38 52
48 52
49 52
52 59
44 52
4 52
35 52
52 57
8 52
34 52
50 52
11 52
52 60
5 52
52 63
29 52
52 67
47 52
52 62
8 40
34 40
40 76
11 40
7 40
5 40
40 63
40 68
40 52
13 40
12 40
28 56
45 56
56 66
39 56
38 56
18 56
53 56
56 59
44 56
4 56
56 75
56 57
8 56
17 56
34 56
11 56
14 56
2 56
56 63
56 68
56 65
3 56
46 56
19 56
38 61
49 61
21 61
59 61
58 61
27 61
35 61
61 75
8 61
34 61
50 61
25 61
60 61
2 61
31 61
37 61
61 67
3 61
56 61
61 70
61 69
61 74
8 64
17 64
64 76
11 64
14 64
2 64
31 64
37 64
64 65
13 64
0 64
56 64
55 64
64 74
61 64
32 64
26 77
26 73
26 66
26 39
26 38
26 48
21 26
23 26
26 78
26 44
20 26
26 54
22 26
17 26
26 76
11 26
7 26
2 26
26 63
26 29
26 67
26 52
26 56
26 47
19 26
16 26
26 64
26 40
26 62
26 32
10 26
9 26
51 64
42 64
64 79
51 61
61 62
36 61
42 61
46 61
1 29
1 68
1 67
1 52
1 56
1 47
1 55
1 74
1 15
1 40
1 9
1 72
1 36
1 10
40 56
9 56
56 70
56 79
19 40
40 69
40 62
32 40
36 40
10 40
52 70
15 52
52 74
0 52
51 52
52 72
3 47
0 47
47 51
16 47
15 47
47 72
32 47
10 47
47 62
3 12
3 70
3 46
3 42
3 10
3 55
0 55
55 70
19 55
55 79
55 74
16 55
36 55
42 55
16 36
36 51
36 46
36 79
67 72
12 67
19 67
42 67
51 68
42 68
12 68
13 68
68 74
68 69
32 68
51 65
12 51
19 51
16 51
46 51
9 51
51 72
29 74
29 72
29 32
29 79
29 62
15 29
13 65
13 74
13 69
13 19
0 13
13 79
13 15
9 13
31 62
31 69
31 42
31 65
0 31
31 37
0 62
12 62
62 69
62 74
15 62
62 72
9 62
5 19
5 65
5 42
5 63
5 32
9 37
19 37
37 79
0 37
37 46
37 65
10 37
16 37
9 65
9 12
9 19
9 16
9 79
9 32
2 70
2 15
2 79
2 69
2 74
2 16
0 2
12 74
70 74
69 74
32 74
15 74
16 60
32 60
12 60
0 60
46 60
12 63
10 12
12 72
12 79
12 69
12 32
7 11
11 70
7 14
7 69
7 10
7 19
7 46
7 15
7 42
7 79
14 50
0 50
50 76
50 70
10 50
50 63
15 50
14 25
14 42
14 79
14 63
14 70
14 72
0 42
42 70
42 69
15 42
42 72
42 46
10 42
17 46
17 70
16 17
17 34
17 72
34 69
0 34
34 46
25 34
32 34
34 79
25 32
0 32
32 69
32 72
32 79
30 65
15 30
19 30
30 79
30 63
65 79
69 79
15 79
72 79
10 35
35 70
35 46
35 65
35 57
54 57
57 69
57 70
57 76
57 63
8 57
25 57
8 69
8 72
8 63
8 19
19 76
19 25
19 63
19 70
10 19
19 72
19 46
15 20
16 20
20 72
20 25
20 54
20 75
20 63
0 20
15 75
15 22
15 25
15 63
0 15
15 69
15 46
10 15
59 65
25 59
4 59
59 75
54 59
54 58
4 54
54 69
54 76
22 54
54 65
16 54
0 54
46 54
54 72
10 58
58 65
27 58
27 69
27 76
0 27
27 75
16 27
27 70
27 65
22 27
27 72
72 76
25 72
16 72
44 75
44 70
44 63
16 44
65 70
0 70
46 70
69 70
25 53
23 69
23 76
0 23
22 23
16 23
10 23
23 65
23 63
23 78
23 46
4 63
25 63
46 63
10 63
16 63
21 48
4 48
21 49
21 69
21 76
0 21
16 21
21 22
10 21
21 65
21 75
4 21
21 46
21 78
69 75
75 76
22 75
25 75
10 75
18 25
25 78
4 25
25 69
10 25
25 65
16 25
0 25
25 46
4 69
4 76
0 4
4 46
4 10
46 49
46 78
22 46
46 65
16 46
10 46
39 78
49 78
69 78
76 78
0 78
22 78
16 78
10 78
10 39
10 49
10 22
10 65
10 16
39 65
49 65
22 65
65 76
65 69
22 39
22 49
22 69
22 76
0 22
16 22
16 39
16 49
16 76
0 16
39 49
49 69
49 76
0 49
0 33
39 69
39 76
0 39
0 28
69 76
0 71
0 24
