80 632
37 40
40 55
37 68
55 68
40 51
51 68
37 72
55 72
17 40
17 68
17 72
37 54
54 55
51 54
17 54
14 40
14 68
14 72
14 54
1 37
1 55
1 51
1 17
40 47
47 68
47 72
1 47
5 37
5 55
5 51
5 17
5 47
40 79
68 79
72 79
1 79
5 79
37 62
55 62
51 62
17 62
59 68
59 62
40 74
68 74
72 74
54 74
1 74
5 74
62 74
37 74
55 74
59 74
40 48
48 68
1 48
5 48
48 74
12 37
12 55
12 59
61 68
5 61
15 37
15 55
15 51
15 17
15 61
40 42
42 68
1 42
42 62
15 42
42 74
16 40
16 68
16 72
16 54
1 16
5 16
16 62
16 74
16 37
16 55
40 67
1 67
67 74
16 67
61 67
28 37
1 63
5 63
62 63
12 63
61 63
28 63
45 63
42 45
38 40
38 68
38 72
38 54
1 38
5 38
15 38
16 38
11 37
11 38
11 55
11 59
68 69
1 69
62 69
16 69
37 58
55 58
4 72
4 5
4 62
4 74
4 58
4 28
9 16
19 37
1 73
5 73
62 73
73 74
61 73
19 73
45 73
14 73
31 48
31 59
15 25
25 74
25 61
9 25
25 31
9 44
31 44
42 44
45 66
44 66
46 66
9 65
14 65
41 61
19 41
41 45
41 44
29 41
56 61
11 56
45 56
1 13
5 13
13 62
13 16
13 61
13 28
13 45
13 78
13 46
26 65
50 58
19 50
45 50
44 50
26 50
50 56
46 49
49 56
9 71
44 71
46 71
39 71
49 71
40 70
68 70
1 70
5 70
70 74
12 70
58 70
19 70
15 64
12 64
58 64
11 64
20 64
64 78
64 65
39 64
64 70
64 67
23 51
23 67
23 63
43 62
12 43
43 61
9 43
20 43
14 43
26 43
43 51
2 43
2 25
2 79
2 48
29 52
52 56
2 52
20 24
24 31
24 26
24 39
24 49
27 61
19 27
27 45
14 27
27 65
27 39
27 70
21 27
24 27
8 49
8 27
8 37
8 63
8 66
8 38
8 13
8 41
8 43
8 33
34 52
6 46
36 47
60 61
28 60
31 60
60 78
46 60
36 60
60 70
27 60
52 60
6 60
25 60
7 61
7 11
7 45
7 78
7 26
3 7
7 69
7 24
7 37
6 7
7 25
7 13
7 73
7 42
7 60
7 47
50 60
42 60
55 60
0 60
36 39
1 10
5 10
10 62
10 74
10 16
10 19
10 20
10 78
10 26
10 36
2 10
10 67
10 37
10 17
10 18
18 63
53 69
53 67
52 53
53 63
35 65
35 51
35 69
21 35
23 35
20 75
31 75
46 75
51 75
70 75
67 75
4 75
65 77
39 77
51 77
24 77
10 77
75 77
25 77
17 77
50 77
77 79
38 77
47 77
35 75
22 62
16 22
22 58
19 22
9 22
22 78
22 65
3 22
22 49
22 24
22 23
22 75
30 72
1 30
15 30
30 74
30 58
19 30
20 30
30 31
29 30
3 30
30 70
21 30
30 52
30 63
30 35
30 59
30 48
22 30
32 57
12 32
16 32
19 32
9 32
14 32
32 65
32 39
32 69
27 32
10 32
65 76
36 76
49 76
27 76
37 76
6 76
55 76
32 76
13 76
43 76
25 76
41 76
30 32
32 66
18 32
32 43
32 73
0 32
18 30
22 71
18 22
22 33
22 47
22 43
59 75
17 75
47 75
48 75
35 42
35 53
35 73
35 79
35 50
53 64
18 53
0 53
53 55
47 53
18 47
18 64
10 25
6 10
10 66
6 36
17 36
36 59
6 69
6 24
6 50
6 42
6 34
6 79
25 34
34 41
0 34
33 34
34 43
17 34
33 73
33 79
33 59
27 42
27 59
27 66
24 52
24 41
13 24
24 79
47 52
50 52
41 52
48 52
2 42
2 55
23 43
4 43
43 48
43 55
23 79
23 38
23 64
23 73
4 64
17 64
42 64
0 64
41 64
20 79
14 20
20 70
17 20
20 37
0 20
70 78
29 70
3 70
51 70
70 73
4 70
21 70
38 70
21 50
21 38
21 73
4 21
21 37
21 71
37 71
4 71
25 71
66 71
55 71
48 71
59 71
47 49
49 50
41 49
0 49
49 67
50 66
48 50
41 50
26 46
26 69
26 39
26 63
26 51
26 48
13 39
39 73
39 69
25 39
13 69
4 13
13 73
13 59
13 38
13 41
48 78
67 78
56 78
29 56
3 56
48 56
55 56
41 56
38 56
37 56
56 79
56 67
41 59
29 42
29 65
29 37
29 67
17 29
4 29
29 55
59 65
25 65
3 65
3 47
3 63
3 51
3 4
3 66
3 42
66 69
4 66
42 66
38 66
44 63
38 44
44 69
25 44
4 44
44 55
0 44
25 69
17 25
31 47
31 46
31 69
14 31
14 46
46 79
46 73
38 46
0 46
63 73
55 73
19 48
14 19
9 19
0 19
9 38
9 37
9 51
9 47
4 9
9 55
9 67
4 63
4 42
58 59
17 58
58 79
58 69
11 69
37 69
47 69
11 17
11 42
38 45
38 63
17 38
38 79
45 51
51 63
0 63
28 55
28 67
28 79
48 67
17 67
55 67
0 67
16 17
16 79
14 16
16 48
16 51
16 42
42 59
12 61
37 61
55 61
47 61
14 61
0 61
12 48
48 55
0 48
74 79
51 74
47 74
0 74
14 59
51 59
37 59
62 79
47 62
14 79
17 79
47 79
5 14
47 57
14 47
1 14
14 57
14 17
14 51
14 37
17 57
17 51
51 72
51 57
0 51
55 57
37 55
37 57
0 37
0 57
