80 632
66 67
16 67
4 66
4 16
30 67
4 30
66 69
16 69
30 69
67 77
4 77
69 77
22 66
16 22
22 30
35 67
4 35
35 69
22 35
3 66
3 16
3 30
3 77
3 35
55 67
4 55
55 69
22 55
3 55
32 66
16 32
30 32
32 35
32 55
32 77
7 67
4 7
7 69
7 22
7 32
47 66
16 47
30 47
35 47
47 77
47 55
29 67
4 29
3 29
29 47
62 67
4 62
62 69
22 62
32 62
66 75
16 75
30 75
35 75
55 75
75 77
4 13
13 22
13 75
13 47
13 55
10 22
10 47
10 62
14 66
14 16
24 55
14 24
10 24
3 41
39 66
16 39
30 39
35 39
39 77
39 55
39 41
32 54
39 54
54 62
14 54
10 54
54 66
54 57
4 68
22 68
3 68
47 68
55 68
0 68
28 75
28 47
28 55
55 61
61 66
16 61
30 61
22 42
39 42
56 75
39 56
55 56
56 66
16 56
30 56
56 60
0 60
10 60
51 62
14 51
28 51
15 55
15 61
15 28
15 51
15 79
66 79
30 34
17 34
7 17
36 56
0 36
28 36
36 51
56 73
0 73
52 67
4 52
52 75
47 52
52 62
10 52
59 66
32 78
47 78
55 78
0 78
59 78
51 78
57 78
19 78
59 76
41 76
73 76
19 76
40 56
14 40
10 40
40 51
40 68
40 66
52 65
65 68
3 5
5 62
5 56
5 61
5 59
5 54
5 68
59 63
63 68
5 63
10 48
48 54
15 48
3 8
8 47
8 56
8 61
8 28
8 51
8 73
8 48
5 71
28 58
54 58
57 58
44 68
44 58
44 71
11 40
28 70
51 70
57 70
48 70
38 73
38 66
38 71
38 74
5 25
25 66
13 25
16 25
1 10
1 51
1 5
1 66
1 25
1 11
1 36
3 18
18 47
18 55
0 18
18 52
18 54
18 57
18 58
18 71
52 72
54 72
15 72
48 72
34 72
7 72
45 67
4 45
45 69
22 45
45 75
45 62
45 56
45 61
28 45
45 51
45 57
45 58
45 71
45 72
4 26
26 69
3 26
26 39
0 26
26 61
26 28
26 54
15 26
26 58
26 38
25 26
26 36
4 6
6 22
6 75
6 39
6 62
6 61
6 28
6 41
5 6
6 19
6 71
6 11
6 26
1 6
23 28
23 68
15 23
19 23
23 40
7 23
23 36
20 52
20 54
5 20
20 58
20 34
20 72
28 50
41 50
50 57
48 50
34 50
7 50
18 50
30 50
20 50
50 70
27 67
4 27
27 75
27 62
27 56
27 61
27 28
27 41
27 57
27 66
27 40
27 74
27 50
27 65
27 77
27 63
27 42
15 53
53 66
34 53
25 53
46 52
41 46
15 46
46 58
34 46
11 46
13 46
3 33
33 62
33 55
14 33
33 52
33 54
33 68
33 48
33 34
33 74
33 46
33 65
23 33
31 55
0 31
31 52
31 51
31 73
19 31
31 34
31 72
31 46
9 15
9 73
9 40
9 72
9 36
9 31
9 42
9 35
9 45
9 79
8 9
0 43
14 43
43 52
41 43
15 43
43 48
40 43
25 43
26 43
9 43
43 53
21 56
0 21
21 59
21 54
21 68
21 58
21 38
7 21
21 50
21 77
21 43
21 60
12 52
12 41
12 68
12 66
12 38
11 12
12 46
12 65
12 43
12 16
12 79
6 12
12 21
12 33
21 53
2 57
2 19
2 71
2 72
2 26
2 20
5 49
48 49
38 49
25 49
49 50
20 49
17 37
37 64
16 64
24 64
35 64
29 64
53 64
37 79
37 49
18 49
42 49
44 49
2 49
35 49
2 60
2 17
2 45
2 70
2 21
21 35
43 60
29 43
43 78
23 31
31 42
17 31
31 63
31 33
31 45
30 33
6 33
33 78
46 53
35 46
44 46
30 46
20 53
27 53
53 78
53 76
24 27
8 27
8 50
20 65
16 20
20 23
20 24
16 23
6 23
23 70
23 76
6 60
6 76
6 29
26 45
26 60
26 65
26 29
45 77
42 45
30 45
45 70
18 72
30 72
72 76
1 18
18 60
18 79
18 30
18 24
18 35
1 77
1 76
1 70
1 63
1 44
25 63
25 74
25 29
74 78
24 74
36 74
74 79
74 77
60 74
38 60
35 38
38 70
38 77
11 70
63 70
70 79
70 78
11 44
8 11
11 35
11 42
17 44
42 44
44 78
35 44
8 44
58 77
24 58
58 71
13 58
36 71
7 71
8 71
71 78
8 16
8 63
8 35
8 24
48 66
48 63
48 60
36 48
7 63
13 63
16 63
63 78
5 42
5 13
5 65
5 7
65 73
40 65
7 65
29 65
65 78
17 65
40 76
29 40
40 42
24 40
36 76
16 76
76 79
29 76
19 29
7 19
13 78
52 59
59 77
30 59
42 59
52 66
13 52
52 73
16 52
54 73
15 73
16 73
36 73
66 73
35 73
30 73
13 36
36 79
17 36
17 79
17 29
34 79
15 35
15 60
16 51
51 60
51 77
42 51
60 77
30 60
35 56
56 77
42 56
42 61
42 66
13 42
30 42
41 61
35 61
28 61
29 61
28 66
28 68
41 68
66 68
57 68
13 68
29 57
30 57
24 57
57 77
30 54
41 55
10 41
41 66
29 41
35 41
24 41
7 41
13 24
24 77
24 29
7 14
10 14
10 66
10 16
10 13
10 35
10 29
7 10
7 13
13 77
13 16
62 75
62 66
16 62
30 62
62 77
55 62
35 62
29 62
7 47
7 55
7 16
55 66
16 55
30 55
22 77
0 77
30 77
0 30
0 16
16 66
0 66
