80 948
12 41
12 67
40 41
40 67
12 28
4 41
4 67
4 28
12 68
40 68
4 68
3 41
3 67
3 28
3 68
12 25
4 25
25 40
26 41
26 67
26 28
26 68
25 26
12 52
40 52
4 52
13 41
13 67
13 28
13 68
13 25
13 52
12 63
40 63
4 63
13 63
6 41
6 67
6 28
6 68
6 25
6 52
6 63
6 13
28 35
25 35
13 35
12 35
4 35
35 40
18 41
18 67
18 28
18 68
18 25
18 63
18 35
2 12
2 4
2 40
41 70
67 70
25 70
52 70
13 70
2 70
12 22
4 22
22 40
41 53
53 67
28 53
53 68
25 53
53 63
13 53
35 53
22 53
41 49
49 67
28 49
49 68
25 49
49 52
13 49
2 49
12 76
4 76
40 76
63 66
2 66
66 76
13 45
35 45
45 76
12 45
25 55
55 63
13 55
35 55
45 55
49 55
32 55
12 58
6 58
55 58
41 47
47 67
25 47
47 63
35 47
2 47
22 47
45 47
40 47
47 58
25 42
42 52
13 42
35 42
22 42
42 49
32 42
42 58
36 42
13 69
35 69
45 69
49 69
40 69
66 69
12 69
35 78
2 78
45 78
49 78
32 78
69 78
36 78
27 78
41 72
28 72
25 72
63 72
13 72
35 72
72 76
49 72
40 72
66 72
36 72
27 72
26 72
9 32
9 66
9 69
9 27
9 72
5 76
5 49
5 32
5 66
5 69
41 57
57 67
28 57
57 68
25 57
57 63
13 57
2 57
22 57
49 57
40 57
57 66
34 36
4 34
40 43
32 43
34 43
43 57
43 72
9 43
2 73
45 73
32 73
66 73
69 73
27 73
12 73
54 72
41 74
67 74
25 74
63 74
35 74
2 74
22 74
49 74
32 74
58 74
69 74
57 74
72 74
54 74
41 51
51 67
28 51
51 68
25 51
51 63
13 51
35 51
51 76
45 51
40 51
51 66
51 69
51 57
12 51
51 54
51 74
51 78
46 69
34 46
46 57
46 54
46 74
8 41
8 67
8 68
8 25
8 13
2 8
8 76
8 40
8 32
8 66
8 69
8 27
8 12
8 54
8 9
28 65
25 65
35 65
2 65
65 76
49 65
32 65
58 65
65 69
34 65
57 65
19 65
10 39
32 77
66 77
69 77
27 77
12 77
54 77
10 77
0 77
33 77
12 60
19 60
60 74
60 77
21 34
21 57
12 21
9 21
21 73
21 78
62 68
52 62
13 62
35 62
45 62
40 62
32 62
62 66
36 62
27 62
12 62
19 62
10 62
62 77
8 62
53 62
62 70
22 56
45 56
40 56
56 66
36 56
34 56
56 57
9 56
10 56
56 78
56 62
26 71
65 71
53 71
56 71
13 61
2 61
61 76
45 61
40 61
61 66
61 69
57 61
61 72
54 61
61 73
61 77
46 61
61 71
42 61
5 61
45 79
49 79
40 79
58 79
69 79
27 79
72 79
19 79
74 79
8 79
46 79
33 79
4 79
5 79
6 79
12 38
19 38
38 74
38 78
38 62
38 71
38 60
18 38
38 79
1 10
1 78
1 21
1 33
1 42
41 64
63 64
35 64
2 64
22 64
45 64
32 64
64 66
64 69
34 64
57 64
54 64
64 73
10 64
62 64
33 64
15 28
15 25
13 15
2 15
15 22
15 49
15 32
15 58
15 69
15 57
15 72
9 15
15 74
15 77
15 46
44 74
44 78
44 46
3 44
41 50
50 67
25 50
50 63
35 50
2 50
50 76
45 50
32 50
50 58
34 50
27 50
12 50
50 54
50 73
8 50
21 50
44 50
15 50
5 50
29 41
29 67
28 29
29 68
25 29
29 63
13 29
29 35
22 29
29 45
29 40
29 58
29 36
29 57
29 72
9 29
29 74
29 78
21 29
15 29
4 29
5 29
29 50
29 39
29 43
41 59
59 67
28 59
59 68
25 59
52 59
13 59
2 59
45 59
49 59
40 59
59 66
34 59
57 59
59 72
9 59
59 74
59 78
46 59
44 59
59 60
5 59
29 59
11 74
10 11
11 62
11 33
11 15
11 64
11 61
11 43
11 59
11 65
11 56
7 13
7 35
7 22
7 40
7 32
7 66
7 36
7 34
7 12
7 54
7 10
7 77
7 8
7 33
7 60
7 64
7 29
7 11
1 7
7 26
4 31
31 64
18 31
11 31
31 50
26 31
10 16
16 77
8 16
15 16
16 60
16 18
16 61
11 16
1 48
0 48
16 48
48 53
6 48
48 70
48 51
39 48
16 26
16 31
16 38
16 56
3 16
24 73
8 24
21 24
15 24
24 60
24 64
24 61
24 43
1 24
24 51
24 55
24 59
24 56
16 24
12 20
9 20
20 73
8 20
20 21
20 44
20 60
5 20
20 79
20 43
1 20
20 51
20 55
6 20
0 20
20 24
20 65
3 20
17 68
17 52
13 17
17 35
17 45
17 49
17 40
17 66
17 69
17 27
17 57
17 19
17 73
8 17
17 46
17 44
17 42
17 18
17 79
17 43
17 70
17 26
17 31
6 17
17 38
17 24
28 30
30 52
13 30
30 35
2 30
30 49
30 40
30 58
30 69
27 30
12 30
19 30
30 73
30 78
30 62
15 30
4 30
30 42
30 61
12 14
14 54
14 73
8 14
14 62
14 44
14 15
14 18
14 61
14 29
14 30
23 36
23 34
23 72
9 23
10 23
23 77
21 23
23 33
4 23
18 23
23 29
14 23
1 23
23 51
23 55
23 39
23 65
23 47
23 59
73 75
8 75
46 75
44 75
4 75
64 75
75 79
14 75
50 75
53 75
23 75
3 75
6 75
30 75
39 75
56 75
14 26
14 47
14 51
14 43
3 14
1 30
30 51
30 31
0 30
30 39
17 30
30 47
7 17
16 47
6 31
0 31
7 31
7 59
7 56
7 39
7 47
0 11
11 55
50 59
53 59
37 57
19 37
9 37
37 77
37 46
37 44
15 37
37 64
37 79
1 37
37 70
37 53
37 55
37 59
3 37
37 65
0 37
37 56
3 59
38 59
3 29
29 65
29 56
43 50
50 70
50 65
50 56
3 50
50 55
43 44
18 44
44 55
15 44
44 70
15 64
3 15
4 15
5 15
42 64
55 64
1 64
0 64
56 64
1 61
1 70
1 38
38 70
38 51
38 55
38 65
38 47
61 79
26 79
70 79
55 79
0 61
47 61
51 61
51 71
60 71
42 71
33 71
42 56
51 56
55 56
55 62
62 65
4 62
21 62
46 62
5 21
21 26
3 21
21 60
18 21
6 21
21 47
4 60
6 60
55 60
43 60
42 60
39 60
5 77
39 77
43 77
77 78
26 77
39 46
33 39
18 39
39 43
39 53
0 39
39 65
10 65
10 78
10 70
0 10
10 55
4 10
8 65
4 65
5 65
26 65
3 65
8 46
6 8
8 18
8 33
43 46
46 51
42 46
0 46
42 51
5 51
26 51
55 74
6 74
26 74
33 74
3 74
53 74
54 70
47 54
54 73
42 54
3 54
6 54
5 54
9 73
18 73
43 73
5 73
4 73
47 73
5 43
43 53
6 43
12 34
34 53
3 34
34 57
6 34
34 55
0 34
18 34
53 57
5 57
12 57
4 57
55 57
5 19
5 33
5 53
5 6
0 19
19 55
9 19
4 19
19 53
9 78
9 33
9 18
9 26
9 42
18 72
42 72
6 72
72 78
53 72
3 72
12 72
3 78
47 78
70 78
42 78
53 78
26 69
0 69
33 69
27 33
12 33
33 47
4 33
6 33
0 33
27 42
3 27
26 27
27 70
4 27
27 47
26 42
18 42
42 53
42 47
6 36
36 55
18 36
36 70
36 47
12 47
4 47
47 70
26 47
6 47
18 58
58 66
58 70
3 58
55 70
4 45
40 45
6 45
3 45
45 66
45 70
45 49
32 66
0 66
4 66
53 66
26 66
18 76
26 76
32 76
49 76
12 49
3 49
18 49
4 49
26 49
40 49
6 49
49 53
32 53
18 53
0 53
3 53
6 53
22 70
40 70
12 70
4 70
18 70
26 70
2 18
2 3
2 32
2 6
2 26
18 40
18 26
3 18
26 35
3 35
6 35
6 40
0 6
26 63
3 63
32 63
12 13
4 13
13 40
3 13
13 26
13 32
3 52
26 52
26 32
3 25
25 32
3 40
32 68
4 32
0 4
28 40
28 32
12 40
32 40
32 67
12 32
0 12
32 41
0 32
