80 948
13 67
28 67
28 55
13 48
28 48
33 67
33 55
33 48
13 50
28 50
33 50
18 67
18 55
18 48
18 50
35 67
35 55
35 48
35 50
13 35
28 35
18 35
33 35
66 67
55 66
48 66
50 66
35 66
18 66
13 60
28 60
33 60
60 66
4 67
4 55
4 48
4 50
4 35
4 18
4 60
13 76
28 76
66 76
33 76
4 76
53 67
53 55
48 53
50 53
35 53
18 53
53 60
53 76
18 29
13 29
28 29
29 66
29 33
4 29
29 53
55 61
48 61
50 61
35 61
18 61
60 61
29 61
18 46
13 46
28 46
33 46
46 66
4 46
46 53
35 73
18 73
73 76
46 73
63 73
58 73
8 48
8 50
8 35
8 18
8 60
8 46
8 13
8 28
8 66
8 33
4 8
8 53
31 76
8 31
13 52
28 52
52 66
33 52
31 52
6 50
6 35
6 18
6 8
6 63
6 52
13 20
20 28
7 20
2 22
2 13
10 18
8 10
10 13
10 28
10 33
10 66
10 53
4 10
18 19
19 29
10 19
47 67
47 55
47 48
47 50
35 47
18 47
47 60
47 76
29 47
46 47
47 63
47 52
13 47
28 47
47 66
33 47
32 55
32 50
32 35
18 32
32 76
8 32
10 32
32 47
22 32
2 32
13 41
39 63
39 47
20 39
2 39
39 41
38 48
38 50
35 38
18 38
29 38
38 46
38 63
38 47
20 38
38 66
38 41
31 38
38 61
29 44
44 46
44 63
44 52
22 44
2 44
41 44
38 44
58 70
66 70
5 29
5 8
5 10
5 47
10 26
26 52
22 26
13 26
5 26
48 59
50 59
35 59
18 59
59 76
46 59
10 59
47 59
26 59
2 59
5 59
23 35
23 46
10 23
23 52
23 58
23 66
5 23
43 50
35 43
18 43
8 43
43 63
43 58
22 43
43 66
41 43
22 24
24 66
24 43
24 44
37 67
37 55
37 48
37 50
35 37
18 37
37 60
37 76
29 37
37 46
8 37
37 47
37 58
2 37
37 41
37 38
19 37
24 37
3 20
3 26
3 43
3 23
3 37
3 13
17 55
17 48
17 50
17 35
17 18
17 60
17 29
17 46
8 17
17 58
17 20
2 17
17 41
17 23
30 78
11 58
2 11
11 41
11 38
11 78
11 19
11 17
11 28
11 31
11 59
62 67
55 62
48 62
50 62
35 62
18 62
60 62
62 76
29 62
46 62
10 62
47 62
22 62
62 66
5 62
23 62
26 49
49 66
43 49
44 49
49 78
45 63
45 47
20 45
26 45
45 66
44 45
45 49
19 45
48 72
50 72
35 72
18 72
29 72
8 72
10 72
47 72
22 72
66 72
43 72
23 72
72 78
13 72
72 75
9 10
9 58
9 20
2 9
9 43
9 38
9 37
4 9
9 15
1 49
1 13
1 15
1 74
16 26
16 66
16 41
16 44
16 49
16 19
16 17
1 16
34 61
18 79
46 79
63 79
52 79
22 79
26 79
5 79
23 79
37 79
13 79
17 79
5 25
23 25
25 49
19 25
49 56
4 56
25 56
56 74
11 56
36 43
36 44
36 49
4 36
36 75
36 74
9 36
36 56
42 50
35 42
29 42
42 46
42 63
42 58
22 42
26 42
41 42
42 44
42 78
19 42
15 42
25 42
11 42
36 42
39 42
21 50
21 35
18 21
8 21
10 21
21 47
21 26
21 66
5 21
21 38
21 23
19 21
21 75
21 25
9 21
21 42
21 32
21 24
21 62
12 29
8 12
10 12
12 52
12 22
12 66
12 41
12 23
12 49
4 12
12 75
12 74
1 12
12 36
12 59
12 31
23 64
4 64
64 75
28 64
11 64
53 64
67 77
55 77
48 77
50 77
35 77
18 77
76 77
46 77
63 77
47 77
22 77
26 77
5 77
38 77
49 77
19 77
15 77
74 77
34 77
42 77
59 77
43 54
44 54
23 54
13 54
17 54
28 54
53 54
32 54
54 77
24 54
7 54
12 54
39 54
5 57
43 57
23 57
13 57
25 57
1 57
11 57
53 57
32 57
56 57
57 62
65 67
55 65
48 65
50 65
35 65
18 65
60 65
65 76
29 65
8 65
10 65
47 65
20 65
65 66
43 65
44 65
49 65
13 65
65 75
65 74
11 65
53 65
59 65
56 65
64 65
65 70
16 65
39 65
48 69
50 69
35 69
18 69
69 76
29 69
10 69
52 69
20 69
26 69
5 69
43 69
37 69
13 69
17 69
25 69
34 69
53 69
69 73
24 69
7 69
65 69
39 69
57 69
29 68
46 68
63 68
58 68
22 68
2 68
66 68
38 68
37 68
4 68
15 68
25 68
1 68
53 68
68 77
56 68
62 68
14 35
14 18
14 60
8 14
14 63
14 52
14 22
14 26
14 43
14 38
14 49
14 19
14 15
14 28
11 14
14 42
14 77
14 31
14 62
14 68
5 27
27 38
27 37
19 27
17 27
1 27
11 27
27 53
27 73
27 56
7 27
14 27
27 33
27 69
27 54
16 27
27 72
3 27
14 61
14 79
3 14
12 14
14 33
45 68
68 69
68 70
68 79
40 67
40 55
40 48
40 50
35 40
18 40
40 60
40 76
29 40
40 46
10 40
40 47
20 40
40 66
40 41
40 44
23 40
13 40
40 75
28 40
11 40
40 42
40 73
31 40
40 64
40 65
30 40
20 71
2 71
41 71
44 71
49 71
4 71
15 71
25 71
1 71
36 71
71 77
24 71
64 71
45 71
30 71
69 71
70 71
40 71
6 71
16 71
6 40
40 68
0 40
21 40
0 68
3 69
57 65
30 65
45 57
50 51
35 51
29 51
46 51
51 63
51 52
26 51
2 51
5 51
38 51
37 51
13 51
51 75
51 74
9 51
42 51
51 77
24 51
7 51
12 51
39 51
51 57
51 54
51 70
51 72
3 51
54 57
0 57
57 72
3 54
0 54
64 77
45 77
6 77
3 77
56 64
64 70
39 64
12 64
61 64
33 64
6 12
0 12
12 45
12 21
21 30
21 33
6 21
21 79
21 61
42 73
42 79
24 42
3 42
30 36
36 70
36 59
0 36
6 36
16 36
31 36
56 59
56 73
39 56
56 72
30 56
6 25
25 32
25 28
25 62
25 31
25 79
7 25
34 79
73 79
24 79
62 79
45 79
33 79
6 79
61 79
16 34
32 34
33 34
3 34
16 59
16 31
16 62
16 45
16 70
0 16
16 72
1 33
1 59
1 3
1 62
1 9
1 72
9 39
9 24
9 30
6 9
7 9
0 9
9 53
9 70
9 45
15 70
7 15
15 74
15 24
15 17
15 73
15 30
61 74
70 74
39 74
28 74
53 74
72 74
32 72
59 72
7 72
45 72
39 72
70 72
45 75
0 75
28 45
45 53
24 45
45 62
4 49
0 49
49 59
49 62
19 62
11 62
53 62
59 62
24 62
6 62
11 73
73 78
61 78
39 78
17 78
70 78
13 17
3 17
17 33
17 31
17 39
17 61
17 59
17 53
3 73
3 7
3 30
3 61
31 37
13 37
7 37
32 37
28 37
33 37
37 53
4 24
24 28
24 32
6 24
13 43
6 43
0 43
33 43
23 43
19 43
13 23
23 59
23 30
6 23
4 59
39 59
59 73
59 61
26 28
6 26
4 26
19 26
0 26
2 5
5 70
5 53
5 28
5 31
5 19
5 73
5 7
44 70
13 70
32 70
31 70
33 70
33 44
0 44
44 53
44 73
7 44
28 38
4 38
38 39
32 38
6 38
4 39
30 39
0 39
4 41
30 41
32 41
19 32
28 32
32 53
7 32
32 33
0 32
30 32
31 47
47 53
19 47
19 58
4 19
6 19
19 31
0 19
10 63
10 30
30 58
22 30
2 30
4 30
28 30
7 30
30 61
2 61
2 73
2 53
2 28
2 7
4 7
7 73
7 31
0 7
20 31
6 20
4 20
20 66
20 33
6 28
6 33
6 61
52 58
31 66
31 73
0 31
31 61
31 33
8 63
8 61
8 22
22 58
13 22
22 28
22 61
22 53
22 73
13 73
28 73
33 73
46 61
58 61
61 66
4 61
53 61
33 61
53 63
4 53
63 76
4 63
4 58
60 63
63 66
58 66
13 66
33 66
35 63
13 18
18 28
18 33
18 63
50 63
33 63
33 58
13 33
48 63
28 63
28 58
13 28
0 28
13 55
13 63
13 58
55 63
58 63
0 58
