80 1580
57 66
11 66
11 57
10 66
10 11
11 36
36 57
10 36
40 66
11 40
36 40
11 50
50 57
10 50
40 50
59 66
11 59
36 59
50 59
66 78
11 78
36 78
50 78
57 78
40 78
10 78
59 78
1 66
1 11
1 36
1 50
1 78
11 19
19 57
10 19
19 40
19 59
66 77
11 77
36 77
50 77
77 78
19 77
26 57
10 26
26 40
26 59
1 26
26 77
27 66
11 27
27 36
27 50
27 78
19 27
26 27
7 66
7 11
7 36
7 50
7 78
7 19
7 26
7 57
7 40
7 10
7 59
7 77
1 7
7 27
66 69
11 69
36 69
50 69
69 78
19 69
26 69
7 69
39 66
11 39
36 39
39 50
39 78
19 39
26 39
7 39
39 57
10 39
39 40
39 59
39 77
1 39
27 39
39 69
18 66
11 18
18 36
18 50
18 78
18 19
18 26
7 18
18 39
11 75
57 75
10 75
40 75
59 75
1 75
75 77
69 75
27 75
18 75
23 66
11 23
23 36
23 50
23 78
19 23
23 26
7 23
23 39
23 75
11 68
50 68
68 78
19 68
39 68
57 68
10 68
40 68
59 68
68 77
1 68
27 68
68 69
9 66
9 11
9 36
9 50
9 78
9 19
9 26
7 9
9 39
9 75
9 68
55 57
40 55
10 55
55 59
55 77
1 55
55 69
27 55
23 55
18 55
9 55
37 66
11 37
36 37
37 50
37 78
19 37
26 37
7 37
37 39
37 75
37 68
37 55
11 22
19 22
22 39
22 75
22 55
22 57
10 22
22 40
22 59
22 77
1 22
22 27
22 69
9 22
18 22
22 23
16 66
11 16
16 36
16 50
16 78
16 19
16 26
7 16
16 39
16 75
16 68
16 55
16 22
20 66
11 20
20 36
20 50
20 78
19 20
20 26
7 20
20 39
20 75
20 68
20 55
20 22
20 57
10 20
20 40
20 59
20 77
1 20
20 69
20 27
9 20
18 20
20 23
20 37
16 20
28 66
11 28
28 36
28 50
28 78
19 28
26 28
7 28
28 39
28 75
28 68
28 55
22 28
20 28
31 66
11 31
31 36
31 50
31 78
19 31
7 31
31 75
22 31
31 57
31 40
10 31
31 59
1 31
31 77
31 69
27 31
9 31
23 31
18 31
28 31
31 37
16 31
3 66
3 11
3 36
3 50
3 78
3 7
3 39
3 75
3 55
3 31
51 57
10 51
40 51
51 59
51 77
1 51
27 51
51 69
18 51
9 51
23 51
6 11
6 50
6 78
6 7
6 39
6 75
6 20
6 51
12 57
10 12
12 40
12 59
1 12
12 77
12 27
12 69
9 12
12 23
12 18
0 12
12 37
11 76
76 78
7 76
75 76
22 76
31 76
12 76
11 44
44 68
22 44
20 44
12 44
53 57
40 53
10 53
53 59
1 53
53 77
27 53
53 69
18 53
9 53
23 53
11 73
36 73
50 73
73 78
19 73
7 73
39 73
73 75
22 73
31 73
11 35
35 36
35 78
7 35
35 39
35 75
22 35
20 35
12 35
35 57
10 35
35 40
35 59
35 77
1 35
35 69
27 35
23 35
18 35
9 35
41 66
11 41
36 41
41 50
41 78
19 41
26 41
7 41
39 41
41 75
41 68
41 55
22 41
20 41
35 41
41 44
11 43
43 78
7 43
39 43
22 43
20 43
43 51
35 43
5 11
5 39
5 20
5 31
5 35
5 44
5 57
5 10
5 40
5 59
5 77
1 5
5 69
5 27
5 73
51 64
35 64
5 64
16 64
1 64
11 61
61 75
61 68
20 61
51 61
44 61
43 61
40 61
57 67
10 67
59 67
1 67
67 77
12 47
47 53
43 47
40 47
47 67
5 33
33 40
1 33
33 61
33 57
10 33
33 59
4 66
4 11
4 36
4 50
4 78
4 19
4 26
4 7
4 39
4 75
4 22
4 31
4 51
4 53
4 5
4 40
4 67
4 33
8 57
8 10
8 59
0 8
8 77
8 23
11 58
19 58
39 58
58 68
22 58
31 58
35 58
53 58
5 58
16 58
1 58
33 58
8 58
6 58
58 64
58 69
11 30
30 75
30 68
20 30
30 51
30 35
30 43
16 30
1 30
30 33
11 14
14 78
7 14
14 68
14 22
14 20
14 51
14 53
14 43
14 40
1 14
14 61
14 57
10 14
14 59
14 30
11 32
32 36
32 78
7 32
32 39
32 68
32 55
32 51
32 35
32 44
32 43
32 40
1 32
32 33
14 32
51 63
53 63
5 63
40 63
63 67
61 63
8 63
57 63
10 63
59 63
41 63
12 17
17 44
5 17
17 40
1 17
17 61
17 63
8 72
63 72
57 72
10 72
30 72
11 29
29 78
29 39
29 68
20 29
29 31
12 29
29 44
29 43
29 40
1 29
29 61
14 29
29 72
6 29
29 69
29 30
11 15
15 20
12 15
15 53
5 15
15 40
1 15
15 33
8 15
15 72
6 15
15 69
56 64
11 60
60 78
7 60
60 75
22 60
20 60
35 60
44 60
43 60
40 60
60 67
60 61
14 60
60 63
6 60
57 60
5 25
16 25
25 40
25 33
14 25
25 72
25 64
25 60
25 56
18 25
11 74
19 74
7 74
74 75
20 74
31 74
35 74
53 74
43 74
40 74
67 74
61 74
8 74
72 74
64 74
69 74
56 74
18 74
46 66
11 46
36 46
46 50
46 78
19 46
26 46
7 46
39 46
46 75
46 68
46 55
20 46
31 46
35 46
46 53
5 46
16 46
1 46
33 46
8 46
46 63
46 69
30 46
18 46
46 74
0 46
46 58
34 66
11 34
34 36
34 50
34 78
19 34
7 34
34 39
34 75
34 68
34 55
31 34
34 51
34 35
34 43
16 34
1 34
33 34
8 34
34 63
34 64
34 60
30 34
34 74
0 34
34 58
27 34
3 34
34 73
66 70
11 70
36 70
50 70
70 78
19 70
7 70
39 70
70 75
68 70
22 70
31 70
51 70
44 70
43 70
40 70
67 70
61 70
14 70
70 72
6 70
60 70
30 70
18 70
0 70
34 70
49 68
49 51
12 49
44 49
5 49
40 49
1 49
33 49
8 49
49 63
49 64
49 60
49 56
15 49
49 74
49 58
34 49
22 42
31 42
42 51
42 44
42 43
16 42
40 42
33 42
14 42
42 72
42 64
30 42
42 56
15 42
42 74
42 58
42 49
2 66
2 11
2 36
2 50
2 78
2 7
2 39
2 68
2 20
2 31
2 35
2 53
2 5
2 16
1 2
2 61
2 8
2 6
2 64
2 60
2 30
2 15
0 2
2 58
2 34
2 76
2 73
2 4
2 23
54 66
11 54
36 54
50 54
54 78
19 54
7 54
54 68
54 55
31 54
51 54
53 54
44 54
16 54
40 54
54 61
14 54
54 72
54 64
54 60
30 54
18 54
54 74
10 54
34 54
2 54
37 54
3 54
28 54
32 54
11 45
19 45
39 45
45 68
22 45
31 45
35 45
44 45
5 45
40 45
45 67
33 45
14 45
45 63
6 45
45 69
18 45
15 45
45 74
10 45
34 45
2 45
11 71
68 71
22 71
31 71
51 71
35 71
44 71
16 71
67 71
33 71
14 71
71 72
69 71
60 71
56 71
71 74
0 71
10 71
49 71
37 71
29 71
59 71
3 71
70 71
57 71
71 77
71 73
11 62
62 68
55 62
20 62
12 62
44 62
43 62
16 62
40 62
33 62
14 62
62 72
6 62
60 62
30 62
18 62
0 62
58 62
34 62
11 79
78 79
39 79
75 79
22 79
20 79
51 79
44 79
5 79
40 79
1 79
33 79
14 79
72 79
64 79
60 79
56 79
74 79
0 79
10 79
49 79
17 79
4 79
9 79
28 79
40 52
52 61
14 52
52 63
6 52
52 69
52 56
15 52
0 52
10 52
49 52
52 79
37 52
3 52
52 73
32 52
42 52
41 52
1 24
24 33
14 24
24 63
24 69
24 60
24 56
18 24
0 24
24 58
24 49
24 79
24 71
24 76
24 73
24 45
24 41
24 77
24 52
65 66
11 65
36 65
50 65
65 78
19 65
7 65
39 65
65 68
20 65
35 65
44 65
5 65
16 65
1 65
61 65
14 65
63 65
64 65
30 65
56 65
65 74
10 65
58 65
34 65
2 65
37 65
3 65
28 65
32 65
41 65
65 77
52 65
24 65
25 65
65 70
47 65
4 65
11 21
21 36
21 78
19 21
7 21
21 75
20 21
21 51
12 21
21 53
5 21
21 40
21 67
21 61
8 21
21 63
21 64
21 60
21 30
21 74
0 21
21 58
21 49
2 21
21 71
3 21
21 28
21 32
21 45
21 46
21 52
21 24
21 70
11 38
36 38
38 78
7 38
38 39
38 75
38 55
31 38
35 38
38 53
5 38
16 38
1 38
38 61
14 38
6 38
38 69
38 60
30 38
18 38
10 38
38 58
38 49
2 38
37 38
38 76
28 38
38 45
38 42
38 77
38 52
11 48
48 68
22 48
20 48
12 48
48 53
43 48
16 48
48 67
33 48
8 48
48 63
48 69
48 60
18 48
15 48
0 48
10 48
34 48
2 48
48 71
3 48
48 73
45 48
42 48
46 48
48 77
9 48
11 13
13 36
13 50
13 78
13 19
7 13
13 39
13 75
13 22
13 31
12 13
13 53
5 13
13 40
1 13
13 33
8 13
13 72
13 64
13 60
13 56
13 15
13 74
13 58
13 34
13 79
13 37
3 13
13 73
13 32
13 42
13 46
13 48
13 62
13 25
13 17
13 47
4 13
13 21
13 57
13 23
13 59
48 54
47 48
29 48
48 57
25 48
38 48
4 48
24 38
38 57
4 38
23 38
17 38
9 38
38 59
21 38
17 21
21 54
21 59
9 21
21 65
59 65
23 65
29 65
24 25
24 57
9 24
23 24
24 27
24 54
23 52
27 52
52 59
17 52
52 62
4 52
76 79
27 79
41 79
29 79
37 79
3 79
62 79
73 79
23 79
57 79
62 71
62 76
62 73
45 62
41 62
62 77
29 62
23 62
62 70
54 62
27 62
47 62
59 62
17 62
27 71
47 71
41 71
17 71
45 71
45 76
45 73
45 59
42 45
45 57
25 45
23 45
45 46
27 45
45 54
46 54
54 70
4 54
23 54
9 54
27 54
54 59
2 59
2 70
2 25
2 32
2 46
2 42
2 77
37 42
3 42
28 42
25 42
9 42
42 57
42 47
29 42
41 42
23 42
27 42
49 70
17 49
41 49
3 49
49 57
49 59
37 49
25 49
29 49
27 49
3 70
28 70
32 70
41 70
46 70
70 77
25 70
4 70
59 70
27 70
47 70
28 34
32 34
9 34
34 46
34 47
34 77
37 46
46 76
28 46
41 46
25 46
9 46
4 46
17 46
46 77
46 59
47 74
41 74
28 74
10 74
3 74
74 77
74 76
25 74
59 74
25 58
25 37
3 25
25 28
25 29
25 47
25 57
9 25
17 25
4 60
10 60
17 60
56 60
32 60
60 73
18 60
41 60
30 56
56 57
41 56
9 56
10 56
47 56
0 56
15 56
18 56
37 56
27 56
17 56
15 18
15 28
4 15
3 15
15 17
15 37
15 57
15 27
15 23
15 59
9 15
10 15
15 29
15 77
0 29
29 58
29 76
28 29
29 32
29 77
17 29
29 47
4 29
27 29
29 59
9 29
18 72
0 72
27 72
41 72
72 73
59 72
47 72
3 72
64 72
17 72
17 64
10 17
17 58
17 76
17 28
17 32
17 41
17 57
17 27
17 47
63 76
32 63
63 69
9 63
63 77
23 63
28 63
4 63
6 63
32 69
30 32
18 32
0 32
10 32
32 37
32 76
28 32
4 32
32 41
32 77
32 47
9 32
14 37
14 76
14 28
14 64
14 18
6 14
9 14
30 64
30 69
30 57
27 30
23 30
30 47
28 30
30 59
30 73
30 58
30 76
18 58
0 58
4 58
58 59
37 58
28 58
47 58
8 73
4 8
8 47
3 8
8 27
8 69
4 6
4 18
4 10
4 37
4 76
4 73
4 41
4 23
4 57
0 33
33 47
33 69
33 37
3 33
33 77
6 47
10 47
37 47
47 76
28 47
47 77
47 59
9 47
3 67
18 67
28 67
37 67
6 67
61 67
67 73
57 61
10 61
59 61
61 77
41 61
9 61
18 61
61 76
61 73
27 61
23 61
61 64
28 61
6 64
57 64
10 64
23 64
27 64
37 64
64 77
28 64
59 64
5 37
5 6
5 43
3 5
43 57
40 43
10 43
43 59
43 77
1 43
27 43
43 69
41 43
28 43
23 43
16 43
9 43
0 43
43 76
18 43
40 41
1 41
6 41
0 41
10 41
41 76
28 41
41 77
41 59
27 41
35 73
3 35
6 35
35 37
53 73
16 73
6 73
18 73
10 73
3 73
28 73
23 73
73 77
59 73
27 73
9 73
57 73
28 53
44 53
44 57
10 44
40 44
44 59
1 44
44 77
44 69
27 44
18 44
16 44
9 44
23 44
0 44
44 76
16 76
40 76
6 76
69 76
18 76
10 76
37 76
57 76
76 77
28 76
3 76
12 28
6 12
12 16
6 40
1 6
6 57
6 10
6 37
6 18
6 9
0 6
6 69
3 6
16 51
28 51
37 51
3 51
3 40
3 69
3 18
3 9
3 59
3 27
3 23
0 31
16 28
28 69
28 37
0 20
16 57
16 40
10 16
16 59
1 16
16 77
16 27
16 69
16 23
0 16
16 18
16 37
22 37
37 69
0 37
23 37
9 37
9 40
1 9
9 69
0 9
9 10
9 27
9 57
18 68
23 68
0 68
1 23
18 23
0 23
10 23
23 77
23 27
23 57
18 77
18 57
0 18
0 39
40 69
1 69
57 69
10 69
0 69
69 77
59 69
0 7
27 40
1 27
0 27
27 57
40 77
1 77
10 77
57 77
1 19
1 40
1 57
1 10
1 59
0 1
0 78
40 59
0 50
40 57
10 40
0 36
10 57
0 11
0 57
0 66
