80 316
45 49
49 68
5 68
25 68
25 45
49 64
5 64
25 64
8 68
8 45
8 64
20 49
5 20
20 25
8 20
45 79
68 79
20 79
23 49
23 25
23 79
25 42
42 74
42 70
8 75
0 75
42 75
64 75
62 79
3 49
3 5
3 25
3 31
3 67
68 76
45 76
55 76
76 78
25 47
47 60
51 72
51 75
50 63
53 63
34 49
34 74
34 67
34 53
9 63
44 68
44 45
44 57
57 74
42 57
24 72
2 24
24 50
4 13
4 53
27 72
17 63
17 47
35 79
35 60
39 54
29 54
8 33
0 33
33 63
33 75
32 33
25 48
0 48
39 48
17 48
33 48
48 78
48 70
18 64
23 46
15 46
15 20
49 56
5 56
44 56
56 60
0 56
56 75
50 56
42 69
29 69
13 21
17 21
21 78
12 21
12 20
12 62
11 12
11 48
57 58
58 68
12 58
0 41
41 53
27 41
27 73
73 78
70 73
10 39
10 53
3 10
10 73
50 77
46 77
30 77
10 77
35 77
23 77
10 54
21 37
3 71
27 61
61 71
42 66
29 66
50 66
8 26
0 26
26 39
2 26
3 26
16 64
16 55
9 52
16 52
51 52
52 55
13 38
38 53
21 38
4 38
7 33
4 7
7 38
7 54
28 42
17 28
28 50
16 28
7 28
28 62
28 58
28 32
7 34
24 38
18 38
38 52
23 52
16 34
16 26
26 66
57 65
26 65
45 65
1 49
1 5
1 8
1 74
1 47
1 29
1 3
1 78
1 65
1 54
14 33
14 26
57 59
20 59
59 66
9 22
22 26
22 59
6 39
6 53
6 57
6 68
6 70
6 43
6 32
6 62
23 43
43 69
22 43
22 69
22 45
14 59
59 70
14 54
14 32
1 14
27 40
40 73
30 40
40 62
1 40
13 19
19 47
9 19
19 78
12 19
19 61
15 19
19 36
36 40
65 66
56 65
61 66
24 66
41 61
55 61
32 71
35 71
37 71
23 71
37 51
37 41
10 37
11 37
10 34
41 73
41 51
41 58
11 58
21 64
21 69
30 69
69 70
23 69
30 56
32 56
55 56
15 56
15 55
15 35
18 46
18 51
18 48
18 45
34 48
33 54
3 33
4 54
35 39
17 35
3 35
24 35
34 35
17 23
17 27
4 27
27 57
4 68
4 24
24 45
2 68
2 57
55 57
44 64
29 44
29 74
13 29
3 29
29 55
9 29
9 62
9 34
9 45
20 53
63 78
47 50
50 51
20 51
62 72
23 72
13 72
13 68
13 47
47 64
32 47
47 78
60 78
55 60
20 60
68 78
55 67
45 67
31 62
62 75
62 68
45 75
70 75
64 70
32 42
20 42
45 74
64 74
23 74
20 64
20 45
64 68
25 32
0 68
5 45
5 32
32 49
0 32
