80 948
11 43
43 62
11 20
20 62
1 43
1 20
11 65
62 65
1 65
34 43
34 65
11 18
18 62
1 18
18 34
13 43
11 74
62 74
1 74
34 74
13 74
31 43
31 74
31 65
20 31
18 31
11 21
21 62
1 21
21 34
13 21
21 31
3 43
3 74
3 20
3 18
3 65
3 21
5 11
5 62
1 5
5 34
5 13
5 31
3 5
11 32
32 62
32 43
20 32
18 32
32 74
32 65
21 32
5 32
32 33
43 59
20 59
18 59
59 74
59 65
5 59
21 59
6 11
6 62
1 6
6 34
6 13
3 6
6 32
6 59
38 43
38 65
38 74
20 38
18 38
6 38
11 48
48 62
13 48
48 59
38 48
43 52
18 52
52 65
20 52
52 74
11 58
58 62
1 58
34 58
13 58
3 58
32 58
11 44
44 62
1 44
13 44
32 44
43 44
44 74
44 65
20 44
18 44
25 32
25 44
23 32
23 44
23 43
20 23
23 74
23 65
18 23
10 11
10 62
10 13
3 10
10 32
10 59
10 23
10 58
11 45
45 62
1 45
13 45
32 45
45 59
44 45
45 52
43 45
23 71
52 71
45 71
11 67
62 67
1 67
13 67
3 67
32 67
44 67
23 67
45 67
43 67
0 67
9 11
9 59
9 44
9 58
32 54
54 59
44 54
52 54
54 58
43 54
44 60
52 60
54 60
60 67
44 77
52 77
45 77
67 77
0 77
58 63
63 67
63 77
11 40
40 62
32 40
40 44
38 40
40 52
40 54
26 38
23 26
26 54
26 45
26 40
5 26
11 22
22 62
1 22
13 22
22 32
22 59
22 23
22 58
22 45
22 26
22 40
13 49
44 49
38 49
49 58
49 54
45 49
49 77
49 74
22 49
19 54
19 67
19 40
19 49
33 76
18 76
66 77
66 74
66 76
53 66
48 53
11 78
62 78
1 78
34 78
13 78
3 78
32 78
59 78
23 78
52 78
58 78
45 78
26 78
74 78
76 78
53 78
19 78
20 78
66 78
11 57
57 62
13 57
3 57
32 57
44 57
23 57
52 57
54 57
45 57
57 77
14 58
14 45
14 26
14 74
45 69
26 69
40 69
14 69
11 36
36 62
1 36
34 36
13 36
31 36
3 36
36 44
23 36
36 52
36 54
36 45
36 40
36 74
36 70
0 47
51 77
40 51
51 76
47 51
51 63
7 63
7 69
7 25
7 50
41 50
4 54
4 67
4 77
4 40
4 49
4 53
4 63
35 63
35 48
33 35
26 37
37 74
36 37
21 37
37 63
35 37
37 57
37 78
46 49
21 46
7 46
41 46
46 66
0 46
77 79
74 79
36 79
53 79
19 79
20 79
66 79
57 79
46 79
11 72
62 72
1 72
13 72
32 72
59 72
44 72
58 72
54 72
67 72
40 72
14 72
49 72
21 72
19 72
20 72
8 36
8 21
8 19
8 66
4 8
8 70
8 65
8 69
8 71
39 54
39 67
39 40
14 39
39 76
21 39
7 39
20 39
8 39
0 39
39 78
37 39
39 60
2 77
2 14
2 76
2 53
2 63
2 41
2 66
16 26
14 16
16 36
16 21
7 16
16 35
16 66
16 57
36 42
21 42
7 42
20 42
8 42
16 42
42 46
6 42
40 73
14 73
49 73
47 73
19 73
35 73
4 73
57 73
11 61
61 62
1 61
13 61
32 61
44 61
38 61
23 61
58 61
45 61
61 77
14 61
61 76
36 61
61 63
35 61
61 66
16 61
11 24
24 62
13 24
3 24
24 32
24 59
23 24
24 52
24 45
24 26
24 77
24 74
24 49
24 53
19 24
20 24
8 24
24 57
24 61
6 24
24 73
2 24
24 50
24 71
9 24
7 30
20 30
30 66
0 30
30 46
6 30
30 60
2 30
30 50
30 71
10 30
13 68
44 68
38 68
23 68
54 68
67 68
26 68
14 68
49 68
53 68
21 68
41 68
66 68
0 68
37 68
5 68
42 68
22 68
12 44
12 58
12 54
12 26
12 40
12 74
12 76
12 47
12 19
12 41
8 12
12 57
12 61
6 12
12 60
12 22
12 65
60 75
18 75
12 75
51 75
17 26
14 17
17 49
17 21
17 19
17 35
17 66
0 17
17 61
5 17
17 60
17 18
17 75
29 63
29 35
8 29
16 29
29 37
6 29
29 60
2 29
29 75
17 29
10 29
29 30
29 51
27 54
27 67
27 77
14 27
27 36
21 27
27 63
20 27
27 66
0 27
27 46
5 27
27 73
18 27
27 48
17 27
27 39
27 33
11 64
62 64
32 64
59 64
23 64
58 64
45 64
64 67
26 64
14 64
64 76
47 64
7 64
35 64
57 64
64 78
37 64
6 64
42 64
18 64
50 64
9 64
39 64
25 64
27 64
15 63
15 35
4 15
0 15
15 78
5 15
15 42
15 22
12 15
9 15
10 15
15 33
15 64
40 56
56 74
36 56
21 56
56 63
35 56
4 56
56 78
46 56
56 72
42 56
18 56
48 56
17 56
56 79
30 56
56 64
15 56
43 56
56 65
45 55
26 55
55 77
40 55
49 55
36 55
7 55
20 55
4 55
16 55
55 61
6 55
42 55
22 55
50 55
48 55
55 79
33 55
25 55
27 55
43 55
15 55
15 69
28 62
28 44
23 28
28 58
28 54
28 45
28 40
14 28
28 76
28 47
19 28
28 35
4 28
28 57
28 61
28 37
6 28
18 28
12 28
28 71
28 79
28 68
28 51
28 64
28 29
28 69
27 69
27 29
29 70
17 68
10 17
17 51
17 25
25 75
39 75
9 75
69 75
12 43
12 68
12 48
12 33
10 68
33 68
68 70
68 69
30 68
24 30
30 43
24 51
24 65
24 70
24 43
25 61
10 61
6 61
60 61
51 61
61 73
48 61
5 73
33 73
50 73
48 73
18 73
51 73
9 73
2 73
42 73
42 79
25 42
42 65
42 70
16 18
2 16
16 72
16 71
16 60
16 50
5 16
0 16
2 46
2 5
2 22
2 69
2 39
2 71
2 51
2 65
9 39
33 39
25 39
39 43
39 79
8 72
8 43
8 33
8 48
72 78
5 72
72 79
70 72
69 72
50 72
51 72
18 72
48 72
60 72
43 72
18 79
48 79
71 79
69 79
65 79
46 70
33 46
46 69
37 46
18 46
46 50
37 71
5 37
37 43
37 65
9 37
25 37
5 35
25 35
4 35
4 66
4 9
4 22
4 5
0 4
4 25
4 10
4 50
22 50
33 50
50 70
50 71
10 50
7 66
7 10
7 41
5 7
7 65
20 41
41 51
10 41
41 65
41 43
41 57
9 41
0 41
6 41
41 66
51 57
0 51
10 51
33 51
51 69
19 47
33 47
5 47
47 65
9 47
21 47
47 57
47 69
10 47
47 70
21 70
66 70
57 70
48 70
70 71
9 70
25 70
65 70
36 43
36 71
36 69
22 36
25 36
36 63
20 36
18 36
20 69
69 78
60 69
48 69
14 65
14 18
14 21
0 14
14 71
14 57
49 57
19 57
18 57
6 57
57 65
57 78
43 78
33 78
10 78
6 78
22 78
43 53
25 53
60 66
48 76
0 76
19 76
63 76
20 76
19 43
0 19
19 20
9 19
19 48
19 60
5 49
49 60
6 49
9 49
49 65
10 49
21 49
21 22
22 63
20 22
0 22
5 22
22 60
22 25
9 22
22 43
10 26
26 43
20 26
6 26
26 74
26 48
40 71
18 40
25 40
33 40
10 40
40 63
40 60
18 63
33 63
63 71
6 63
9 77
43 77
20 77
65 77
60 77
21 77
5 77
21 60
20 60
10 60
60 71
5 54
9 54
33 54
54 74
18 54
20 54
9 67
9 74
0 9
5 9
9 48
9 33
18 67
21 67
65 67
48 67
25 67
6 67
67 74
67 71
21 71
20 71
6 71
43 71
65 71
0 45
45 65
10 45
6 45
33 45
10 74
5 10
10 18
10 65
23 25
0 23
5 23
23 58
23 33
6 23
25 52
25 58
25 74
0 25
25 65
25 43
5 44
44 58
21 44
52 58
43 58
20 58
58 74
58 65
0 58
18 58
48 58
21 58
5 52
48 52
21 52
48 74
0 48
18 48
21 38
33 38
6 74
6 21
6 65
6 43
33 59
0 59
33 74
5 33
0 32
5 74
0 3
43 74
20 74
13 65
13 20
13 18
0 13
18 20
20 34
0 34
0 1
0 62
0 11
