80 316
35 63
2 63
35 59
2 59
21 63
21 59
40 63
35 60
40 60
31 63
24 35
24 40
24 31
50 59
2 65
40 65
8 63
8 65
0 8
8 49
5 49
23 63
12 23
5 12
12 50
40 73
52 63
48 52
5 48
4 31
4 5
4 11
31 69
5 69
14 59
15 31
15 52
14 15
24 41
51 69
41 51
7 13
7 25
25 51
2 6
6 40
6 31
5 6
6 14
6 65
40 46
42 63
42 46
46 69
15 46
46 70
60 70
14 67
15 67
13 67
49 67
10 67
7 67
46 56
17 69
17 73
13 17
17 45
22 35
22 40
22 23
5 22
22 69
15 22
13 22
22 60
22 29
61 73
3 61
13 72
3 72
32 46
50 54
54 73
54 55
55 64
60 64
29 64
47 64
56 64
51 64
32 36
10 75
47 75
50 57
15 57
49 57
57 60
32 57
57 75
24 57
27 57
12 57
17 57
24 75
72 75
36 75
70 79
36 79
17 79
33 69
33 65
24 58
58 63
33 58
27 58
43 73
43 78
15 78
58 78
59 71
11 62
15 62
49 62
62 71
38 48
38 62
33 38
38 51
1 77
1 62
1 59
34 54
63 74
56 74
34 74
0 74
1 34
34 51
1 30
30 34
30 63
17 30
47 68
7 68
68 70
34 68
10 19
7 19
11 20
20 65
13 20
50 66
65 66
49 66
49 76
66 76
10 76
62 76
76 78
59 76
67 76
0 76
20 66
63 66
6 66
60 66
4 66
24 66
20 47
20 62
20 78
19 20
0 20
20 27
19 68
19 36
46 53
53 60
53 54
44 78
44 53
26 73
26 71
26 32
26 44
24 26
9 54
6 9
9 26
9 53
11 39
15 39
39 73
39 71
29 39
7 39
9 39
24 28
28 39
28 53
4 28
39 59
39 63
9 72
26 78
4 26
12 44
19 53
53 72
12 68
1 22
51 62
27 62
0 71
71 78
77 78
48 78
12 58
33 60
33 61
33 70
33 79
33 48
22 33
27 36
36 64
64 72
16 54
54 77
27 54
0 54
16 32
32 56
32 72
24 32
27 72
3 18
6 18
18 56
18 67
18 48
0 18
3 59
29 61
48 61
17 61
6 61
22 61
22 67
4 22
17 29
4 29
17 51
27 45
12 45
45 56
56 63
56 67
10 70
10 12
7 70
51 70
46 59
46 49
46 48
6 46
6 77
4 6
6 59
63 77
47 77
7 47
13 51
0 13
41 60
15 41
0 15
14 63
14 65
14 60
14 69
0 69
24 69
27 69
4 69
4 73
4 12
11 48
11 49
48 65
48 49
37 48
37 63
52 73
65 73
27 73
12 73
12 24
23 27
5 27
5 60
5 63
49 65
49 60
50 65
63 65
59 65
0 50
24 50
31 60
31 59
40 59
0 40
0 59
0 35
