80 948
20 55
20 61
6 20
6 55
6 61
20 38
6 38
55 68
61 68
20 51
6 51
51 68
48 55
48 61
10 20
6 10
10 68
10 48
16 20
6 16
16 68
16 48
16 55
16 61
16 38
10 16
17 20
6 17
17 68
17 48
16 17
55 60
60 61
17 60
51 60
10 60
38 60
20 31
6 31
31 68
31 48
16 31
31 60
55 72
61 72
51 72
38 72
17 72
10 72
11 20
6 11
11 68
11 48
11 16
11 60
11 72
55 78
61 78
51 78
10 78
38 78
17 78
11 78
20 53
6 53
53 68
48 53
16 53
53 60
53 72
53 78
11 53
16 67
11 67
55 67
61 67
38 67
10 67
51 67
17 67
20 22
6 22
22 48
16 22
22 72
22 67
6 63
48 63
16 63
11 63
50 55
50 61
17 50
10 50
50 51
38 50
20 76
6 76
48 76
16 76
76 78
11 76
50 76
13 72
11 13
13 63
13 55
13 61
6 73
16 73
60 73
11 73
13 73
20 41
6 41
41 48
16 41
41 60
41 78
41 63
41 55
41 61
63 64
41 64
47 60
11 47
47 63
13 47
41 47
47 55
47 61
20 59
6 59
48 59
16 59
59 60
59 72
59 78
11 59
59 63
20 39
6 39
39 48
16 39
39 60
39 72
39 78
11 39
39 63
39 55
39 61
6 36
36 48
36 60
36 78
36 50
36 39
20 65
6 65
65 72
65 78
50 65
39 65
55 65
61 65
20 43
6 43
43 48
16 43
43 78
43 67
43 50
39 43
43 65
4 50
4 39
4 41
4 55
4 61
20 66
6 66
48 66
16 66
66 78
11 66
66 67
39 66
41 66
4 66
53 66
5 20
5 6
5 48
5 16
5 60
5 11
5 67
5 41
5 47
4 5
0 5
5 55
20 30
6 30
16 30
11 30
30 63
13 30
30 41
30 53
5 30
41 54
16 71
11 71
67 71
41 71
65 71
55 71
61 71
31 71
16 32
32 67
32 50
32 39
32 65
32 71
32 53
32 54
56 67
39 56
56 65
53 56
5 56
55 58
43 58
58 59
56 58
5 62
58 62
56 62
55 62
51 62
36 62
30 62
27 56
1 53
1 58
18 20
6 18
18 48
16 18
18 60
18 78
18 50
13 18
18 41
18 53
0 18
18 54
18 55
18 22
34 47
34 71
20 46
6 46
46 60
46 67
46 63
41 46
46 65
46 71
46 55
16 57
11 57
57 67
39 57
47 57
57 71
46 57
54 57
55 57
34 57
57 76
36 57
63 69
13 69
65 69
4 69
0 69
5 69
56 69
55 69
69 76
36 69
15 63
15 39
15 47
4 15
15 46
15 18
56 74
55 74
73 74
7 65
4 7
0 7
7 58
7 74
1 7
7 51
7 36
7 64
16 42
42 78
42 50
13 42
42 65
42 71
5 42
42 54
18 42
1 42
42 76
8 46
8 18
28 60
28 67
28 50
28 39
28 65
4 28
0 28
28 54
28 29
28 34
47 52
52 53
46 52
18 52
29 52
52 55
21 78
11 21
21 50
21 39
21 47
21 71
21 46
5 21
21 55
21 34
21 38
53 75
54 75
74 75
21 75
52 75
36 75
45 72
45 67
45 63
13 45
45 65
45 53
0 45
45 58
45 56
34 45
21 45
8 45
30 45
3 65
3 4
3 5
3 58
3 29
3 55
3 21
3 8
3 45
3 38
3 31
2 6
2 48
2 60
2 11
2 50
2 39
2 41
2 4
2 53
2 18
2 56
2 34
2 51
2 76
2 30
2 3
20 24
6 24
24 48
16 24
24 60
24 72
24 78
24 67
24 63
24 41
24 47
24 71
24 53
5 24
24 29
1 24
24 51
8 24
24 45
3 24
24 31
24 42
2 24
24 64
24 61
35 41
35 71
35 46
5 35
29 35
35 55
35 76
8 35
35 69
31 35
24 35
15 35
22 35
70 78
11 70
50 70
13 70
65 70
4 70
46 70
54 70
56 70
1 70
21 70
8 70
7 70
45 70
42 70
70 75
10 70
70 73
35 70
40 63
13 40
40 41
40 71
40 46
40 54
29 40
1 40
21 40
8 40
40 69
27 40
40 42
33 72
33 78
33 67
13 33
33 65
4 33
33 46
33 54
33 74
1 33
33 76
25 50
13 25
25 41
25 53
25 46
25 54
18 25
25 34
25 51
25 59
25 73
26 65
26 71
26 46
26 58
26 74
26 55
26 52
25 26
7 26
26 45
26 66
26 57
26 28
9 74
9 34
9 51
8 9
9 69
3 9
9 26
9 75
9 57
9 73
9 35
9 59
9 61
9 62
6 77
16 77
60 77
77 78
50 77
39 77
47 77
71 77
46 77
58 77
74 77
34 77
52 77
25 77
7 77
27 77
31 77
15 77
22 77
32 77
19 51
19 36
7 19
19 45
19 33
19 75
19 32
19 73
49 56
34 49
49 76
25 49
7 49
27 49
31 49
15 49
49 57
41 79
4 79
46 79
18 79
29 79
55 79
52 79
8 79
7 79
45 79
26 79
33 79
57 79
32 79
66 79
64 79
38 79
49 79
0 12
5 12
12 56
12 34
12 51
12 25
12 69
12 31
12 26
12 33
10 12
12 79
2 12
12 77
12 38
12 28
37 52
36 37
37 69
37 45
24 37
15 37
22 37
32 37
37 70
37 77
37 59
37 40
12 37
37 66
12 64
59 79
35 49
49 66
49 59
19 49
17 49
23 52
23 25
23 69
3 23
23 26
23 33
10 23
23 73
23 49
17 23
6 44
44 48
44 72
44 67
13 44
39 44
44 65
44 53
44 46
5 44
18 44
34 44
44 52
25 44
30 44
27 44
42 44
44 75
22 44
44 70
2 44
19 44
14 74
14 34
14 76
14 25
7 14
14 45
14 26
14 15
14 32
14 70
2 14
14 19
14 44
14 43
14 28
14 66
23 44
44 61
44 62
23 40
23 61
23 64
19 77
19 43
19 38
9 77
40 77
17 77
9 43
26 59
15 26
25 31
25 64
22 25
25 33
30 33
27 33
33 42
33 73
22 33
33 62
33 57
33 40
10 40
40 70
35 40
38 40
40 62
38 70
28 35
2 35
35 61
24 43
24 75
17 24
2 75
2 57
2 73
2 62
2 64
3 75
3 42
3 57
3 66
3 10
45 73
45 75
32 45
66 75
59 75
10 75
61 75
21 59
21 64
21 36
10 21
21 27
21 52
21 32
21 66
52 64
17 52
15 52
28 52
43 52
22 52
8 28
28 30
28 31
10 28
22 28
28 73
17 28
28 43
28 62
29 55
8 29
29 36
29 30
29 31
8 55
8 51
8 38
8 42
8 32
8 36
7 42
38 42
42 62
10 42
42 73
22 42
7 17
7 10
7 27
59 74
34 74
51 74
61 74
15 74
74 76
15 55
15 36
15 69
15 31
15 64
15 43
15 38
15 32
30 69
57 69
31 69
66 69
38 69
57 64
38 57
57 73
57 62
34 46
46 64
31 46
18 34
1 34
32 34
22 34
18 66
1 18
18 56
18 64
18 43
1 17
1 73
1 27
1 10
1 36
1 30
1 51
1 61
27 76
27 59
27 73
27 43
27 61
27 62
27 64
32 62
61 62
38 58
10 58
31 58
55 56
38 56
32 56
22 56
17 56
10 56
30 32
31 32
17 32
32 43
38 71
54 71
22 71
71 76
17 71
0 54
54 55
54 73
54 61
30 54
54 76
17 54
51 54
30 51
30 36
22 30
30 61
30 43
30 59
5 73
5 22
5 36
5 64
5 66
55 66
66 76
10 66
17 66
38 66
43 66
4 64
4 73
4 53
4 10
4 59
4 43
0 43
43 55
36 43
22 43
43 59
17 65
36 65
38 65
36 47
36 53
36 61
10 36
17 39
39 59
10 39
39 53
38 39
47 59
0 59
59 76
10 59
59 64
38 59
47 53
47 51
22 47
47 73
47 76
10 47
47 64
17 64
61 64
41 73
41 51
31 41
51 73
61 73
13 17
13 51
13 38
10 13
13 22
13 31
13 76
0 76
55 76
51 76
31 76
17 76
50 63
31 50
55 63
61 63
17 63
10 63
51 63
38 63
53 63
22 63
22 31
22 61
17 22
31 67
53 67
53 55
53 61
51 53
10 53
31 78
11 55
11 61
10 11
11 38
11 17
11 51
11 31
31 72
31 55
17 31
0 17
10 17
16 51
48 51
38 48
0 51
51 61
38 51
38 68
0 38
0 61
0 55
