80 632
20 21
21 61
4 20
4 61
17 21
4 17
17 19
7 20
7 61
7 17
21 79
4 79
19 79
20 56
56 61
17 56
56 79
21 65
4 65
19 65
7 65
56 65
27 61
27 65
21 54
4 54
7 54
27 54
53 54
21 47
4 47
27 47
19 66
47 66
21 75
4 75
13 75
13 42
21 78
4 78
56 78
12 78
15 19
15 47
15 78
15 21
15 29
11 20
11 61
11 17
11 79
11 19
11 54
11 78
11 21
72 78
11 72
16 61
16 65
16 75
16 42
21 71
4 71
19 23
23 42
23 71
19 51
51 54
15 51
21 51
19 43
42 43
21 33
19 34
21 40
4 40
17 77
65 77
75 77
40 77
33 77
11 77
21 57
37 61
37 79
19 37
37 42
15 37
37 57
16 37
37 66
25 33
11 25
19 24
24 42
21 39
4 39
8 39
8 51
8 16
8 66
32 42
15 32
21 69
23 69
5 20
5 61
5 17
5 79
5 19
5 54
5 78
5 51
5 69
5 66
19 67
54 67
67 78
51 67
67 69
50 61
50 79
50 75
42 50
39 50
50 51
50 69
6 50
50 67
9 20
9 61
9 17
9 79
9 75
9 42
9 78
9 51
9 69
9 66
9 32
9 12
7 9
30 61
17 30
30 75
30 42
30 78
15 30
24 30
22 34
20 73
61 73
17 73
73 79
73 75
54 73
15 73
51 73
16 73
22 73
25 73
67 73
35 65
35 47
35 78
11 35
35 57
4 35
35 67
35 45
26 67
10 26
8 10
10 53
58 69
4 58
25 58
10 58
23 58
14 19
14 42
14 39
14 51
14 16
6 14
14 25
19 74
47 74
39 74
11 74
16 74
6 74
13 60
56 60
7 60
1 20
1 61
1 17
1 79
1 19
1 54
1 78
1 11
1 16
1 4
1 60
1 74
1 45
1 35
1 27
1 7
36 57
4 36
36 60
63 69
4 63
25 63
31 63
26 63
18 60
18 67
18 23
18 35
14 18
18 63
44 78
11 44
24 44
22 44
44 60
31 44
44 46
18 44
44 73
1 44
44 77
55 69
4 55
55 60
55 74
45 55
14 55
34 55
55 63
55 58
21 55
37 55
44 55
53 55
36 55
44 72
8 44
5 44
2 24
2 66
2 67
2 74
2 23
28 75
28 40
15 28
11 28
24 28
6 28
28 32
9 28
23 28
2 28
28 30
7 28
17 62
62 65
19 62
54 62
39 62
15 62
16 62
6 62
62 67
10 62
46 62
28 62
23 68
35 68
27 68
8 68
12 68
62 68
53 68
68 72
24 59
59 66
32 59
9 59
26 59
29 59
59 68
7 59
58 59
61 70
17 70
19 70
40 70
33 70
15 70
24 70
66 70
32 70
45 70
26 70
28 70
70 73
7 70
1 70
12 70
8 70
29 49
28 49
49 73
49 50
1 49
49 70
13 49
36 49
2 49
27 38
38 63
38 58
37 38
38 49
38 53
2 38
38 43
59 70
62 70
8 59
36 59
25 48
31 48
46 48
29 48
17 64
64 79
19 64
54 64
64 71
15 64
24 64
6 64
32 64
9 64
26 64
28 64
21 64
48 64
2 64
37 64
56 64
34 64
50 64
30 64
48 56
41 46
18 41
34 41
41 50
41 58
41 62
41 48
39 76
51 76
24 76
6 76
32 76
74 76
46 76
35 76
27 76
56 76
41 76
8 76
13 76
21 76
30 76
2 76
41 53
37 41
37 48
21 48
0 48
48 59
3 17
3 79
3 19
3 42
3 33
3 11
3 16
3 4
3 60
3 74
3 26
3 18
3 27
3 7
3 58
3 37
3 72
0 3
3 48
3 62
59 62
68 73
62 73
13 62
36 62
5 28
28 36
2 50
2 77
0 2
2 44
18 77
18 34
8 18
27 63
56 63
63 77
0 63
37 63
13 63
31 36
29 36
34 36
1 36
36 77
12 36
1 72
1 5
30 60
34 60
60 74
72 74
23 74
25 52
52 74
45 52
14 52
34 52
52 56
52 58
43 52
5 52
30 52
13 52
0 52
5 74
43 74
14 74
14 45
14 53
12 14
14 43
13 14
14 58
14 50
27 58
50 58
10 29
0 10
10 21
26 46
26 56
5 26
26 37
26 27
46 72
35 46
43 46
0 46
35 73
21 35
0 35
35 37
27 35
45 77
45 73
45 53
34 45
5 73
43 73
72 73
7 22
22 43
22 30
9 30
23 30
30 56
30 72
8 30
30 43
12 30
9 34
9 77
9 56
9 13
9 50
29 50
43 50
8 50
5 50
6 21
6 67
6 23
32 67
5 67
43 67
27 67
37 67
5 72
5 53
5 12
24 69
27 69
66 69
12 69
32 69
4 32
0 32
21 32
8 32
32 77
23 32
8 23
8 13
24 39
0 39
24 51
24 25
0 24
21 24
24 29
24 66
4 25
25 27
12 25
25 37
25 29
25 72
25 53
37 72
16 57
56 57
53 57
57 77
66 77
27 77
0 77
12 77
43 77
34 40
33 34
15 34
16 34
7 34
13 34
0 34
33 43
4 33
43 51
16 43
21 43
43 53
7 51
13 51
23 51
51 66
13 23
21 23
23 29
16 71
53 71
7 16
13 16
16 72
4 16
4 72
29 72
0 11
11 29
11 27
11 56
4 11
4 29
12 29
7 29
29 56
15 27
12 15
15 53
4 12
12 56
12 21
13 78
7 78
13 66
13 53
42 75
56 75
21 42
4 42
7 42
42 56
42 66
56 66
27 66
53 66
47 53
7 53
0 54
19 56
7 56
7 79
7 19
7 21
4 19
0 4
19 61
19 21
0 21
19 20
0 19
