80 316
42 43
34 42
42 70
43 70
34 70
42 45
45 70
18 43
18 34
18 45
42 53
53 70
18 53
41 43
34 41
41 45
41 53
31 42
31 70
18 31
31 41
15 70
15 41
15 43
15 34
15 53
15 45
70 76
18 76
15 76
19 43
15 54
19 54
7 45
40 43
34 40
37 40
37 43
39 70
39 41
43 59
34 59
53 59
45 59
3 59
3 43
7 20
24 42
24 70
24 40
24 43
20 24
66 70
41 66
66 78
19 66
24 66
45 66
39 66
17 78
17 43
15 60
43 60
46 60
53 64
60 64
36 64
20 22
22 64
4 55
38 55
27 55
59 63
43 63
4 63
24 63
21 63
0 63
48 56
38 56
21 56
56 63
22 56
27 49
0 77
76 77
37 77
3 29
29 77
29 37
29 53
40 67
19 67
20 67
45 67
39 67
55 67
29 67
54 67
5 13
4 65
38 65
17 65
13 65
65 76
39 65
4 44
44 65
6 23
23 38
23 27
23 55
23 37
11 70
11 18
11 15
43 72
34 72
11 72
31 72
11 48
11 45
39 79
37 79
11 79
3 79
8 33
8 11
8 74
8 54
4 71
10 59
10 43
4 10
10 45
10 31
10 71
9 10
42 69
69 70
40 69
19 69
46 69
45 69
10 69
69 76
60 69
17 62
62 69
25 70
18 25
15 25
25 43
25 48
3 47
47 54
25 47
0 47
28 48
24 28
25 28
0 28
32 34
28 32
33 35
0 35
29 35
10 30
30 74
22 30
9 30
3 68
63 68
37 68
30 68
36 68
23 68
30 35
28 35
5 57
45 57
33 57
57 63
9 57
31 57
36 57
1 57
1 35
1 71
1 60
28 62
22 50
50 73
50 51
49 51
44 51
31 51
50 66
28 73
67 73
31 73
25 61
25 75
55 75
61 75
53 75
71 75
34 75
25 76
17 25
25 33
61 76
61 62
2 61
17 58
58 76
2 58
11 58
56 58
58 62
2 49
2 13
16 24
16 38
16 17
14 16
16 61
16 54
9 16
20 52
52 65
39 52
14 52
37 52
34 52
52 66
16 52
56 62
44 69
9 69
9 26
26 53
10 13
3 71
8 71
71 74
36 71
8 76
12 54
11 12
11 23
11 13
13 23
6 33
24 33
33 34
33 44
22 44
44 66
44 60
13 77
13 67
49 77
49 56
36 49
34 63
21 60
14 21
14 31
14 55
14 36
22 55
22 27
60 74
54 60
46 76
46 53
34 46
17 46
17 74
17 53
66 74
53 66
24 31
24 38
20 38
3 20
20 45
3 54
0 3
39 59
19 39
39 48
31 39
36 39
37 48
37 38
40 45
38 40
7 38
4 7
4 54
19 76
19 36
15 31
31 34
53 78
43 53
0 53
34 45
34 78
34 43
43 78
36 78
5 36
0 5
