80 316
25 44
44 70
15 70
67 70
25 67
44 61
61 67
25 63
63 70
35 44
35 63
11 44
11 67
11 45
44 50
50 67
45 50
25 42
45 47
42 47
44 76
15 76
44 49
49 67
26 49
32 78
27 44
27 32
27 50
58 78
23 58
9 58
34 44
26 34
34 50
30 34
64 73
30 73
11 39
37 39
14 50
14 39
14 31
14 37
1 48
46 64
23 46
52 64
47 65
18 78
18 65
9 18
3 5
3 70
3 56
37 56
50 53
30 53
39 53
37 53
5 53
53 60
35 60
16 33
51 62
51 65
33 51
10 36
36 37
36 46
22 64
22 23
10 22
22 36
22 79
22 60
47 72
72 74
8 72
40 72
40 70
27 40
8 40
50 57
30 57
10 57
37 57
57 79
40 57
51 57
1 57
0 69
35 69
17 63
17 32
17 62
17 30
17 31
17 18
2 17
17 46
17 49
2 43
35 43
17 43
43 47
5 43
43 68
17 69
17 47
29 71
29 76
18 71
71 72
0 71
4 64
4 78
4 9
4 34
4 79
4 52
4 8
4 66
58 66
66 73
11 66
20 48
10 41
34 41
41 79
41 55
41 71
41 68
41 76
54 78
54 65
9 54
18 54
53 54
7 76
7 54
16 19
19 54
19 61
19 70
24 48
24 46
24 28
5 24
11 24
24 54
41 54
12 44
12 15
12 63
12 42
12 50
12 23
12 31
12 34
2 12
12 21
21 61
12 71
6 51
6 12
6 22
6 56
12 54
12 14
25 55
51 55
20 55
4 20
1 20
20 27
11 20
4 71
69 71
57 69
25 69
16 57
11 40
13 31
3 13
0 13
13 46
8 13
13 68
13 76
13 56
8 14
5 8
52 72
52 74
74 76
68 74
56 74
28 74
28 58
22 28
22 25
22 61
2 36
36 49
36 51
36 61
25 38
38 73
38 51
35 38
25 51
51 73
62 79
25 62
23 79
33 79
25 79
27 79
16 79
16 53
16 60
1 16
16 61
11 33
27 33
33 68
37 68
0 68
60 68
60 73
53 56
46 53
52 56
25 56
3 52
3 34
5 18
5 46
5 73
18 73
18 35
11 18
49 65
61 65
65 70
52 65
10 52
49 52
47 52
10 46
10 34
10 49
1 46
1 58
48 70
14 48
48 49
14 35
14 27
14 47
35 39
39 73
61 73
25 30
34 70
34 76
34 58
0 58
35 58
49 58
23 27
2 27
27 77
76 77
27 70
32 49
49 50
47 49
49 70
26 76
26 61
50 76
64 76
76 78
11 75
75 76
47 64
61 64
9 47
37 47
42 70
35 42
42 50
11 50
50 78
11 78
59 70
11 59
45 70
35 45
25 45
35 78
31 35
61 63
9 61
2 61
70 78
15 25
25 31
44 78
37 78
9 37
9 31
2 31
0 2
