80 316
51 76
22 51
51 52
23 52
52 59
53 76
22 53
52 53
51 53
23 53
53 65
23 67
51 67
65 67
14 53
14 67
17 76
17 53
17 33
23 27
27 33
14 27
27 51
51 73
23 73
20 73
17 29
29 77
22 56
53 56
56 67
43 67
43 77
49 53
43 49
49 56
49 79
0 74
74 79
35 73
30 35
30 65
12 24
7 53
6 55
6 77
10 67
10 55
42 73
42 55
64 73
43 64
42 64
6 64
12 66
43 75
16 75
12 48
40 42
57 62
9 57
15 42
12 26
15 26
0 5
5 7
5 15
5 49
5 26
5 65
5 14
12 38
38 40
5 38
32 54
10 45
7 45
32 45
45 66
2 48
47 62
2 47
3 67
3 55
3 43
3 15
3 64
3 20
3 11
11 35
11 21
10 19
7 19
19 65
31 65
24 31
8 17
8 43
8 10
8 56
8 15
8 31
8 29
8 9
8 21
25 64
17 46
43 46
0 46
15 46
46 64
46 75
23 46
26 46
46 51
25 46
4 58
58 72
59 72
54 72
22 41
41 53
41 67
41 43
41 56
16 41
4 41
41 72
26 41
41 45
28 58
28 68
0 37
16 37
13 37
13 23
13 59
13 21
37 66
28 37
37 59
10 50
6 50
48 50
32 34
9 34
29 34
34 50
17 70
70 77
0 70
7 70
63 70
34 70
2 70
38 70
21 70
19 70
48 60
34 60
29 60
60 75
49 60
10 71
15 71
65 71
54 71
1 73
1 27
1 56
1 40
1 4
1 20
1 74
12 39
6 39
4 39
20 39
1 39
33 39
23 39
37 39
1 71
1 49
26 69
32 36
20 36
36 62
36 69
36 41
32 61
61 66
26 61
45 61
24 61
36 61
50 69
69 71
50 71
60 71
50 58
37 50
14 28
17 78
77 78
56 78
7 78
65 78
18 64
18 31
18 74
18 78
18 35
18 33
44 78
23 78
59 78
68 78
41 68
68 74
58 75
25 58
25 75
23 25
8 25
21 31
19 31
19 29
11 19
19 51
2 3
3 9
3 21
2 44
2 59
24 44
44 45
33 45
32 51
49 54
38 54
14 54
29 38
14 38
38 74
26 62
9 15
9 63
9 75
9 24
40 62
62 65
33 62
23 62
40 48
40 65
20 40
40 51
4 48
33 48
20 48
4 75
16 66
16 59
16 21
64 66
20 66
24 66
29 64
42 51
42 59
10 42
7 42
20 42
6 10
10 14
6 23
6 33
6 14
6 29
23 55
7 55
0 55
55 59
7 35
7 24
24 35
12 33
12 35
35 63
14 35
35 74
63 74
33 49
49 51
43 56
0 56
23 56
29 56
20 77
21 73
21 27
0 21
14 17
17 51
17 65
17 59
14 51
0 67
0 65
0 53
53 59
51 59
23 76
22 23
0 22
