80 1580
6 11
11 38
6 8
8 38
6 37
37 38
11 37
8 37
6 24
24 38
24 37
11 41
8 41
6 59
38 59
37 59
41 59
6 42
38 42
37 42
41 42
11 42
8 42
6 57
38 57
37 57
41 57
42 57
24 57
6 18
18 38
18 37
18 41
18 42
18 24
11 18
8 18
18 57
6 48
38 48
37 48
41 48
42 48
24 48
18 48
6 17
17 38
17 37
17 41
17 42
17 24
17 18
11 17
8 17
17 59
17 57
17 48
6 70
38 70
37 70
41 70
42 70
24 70
18 70
17 70
6 62
38 62
37 62
41 62
42 62
24 62
18 62
17 62
11 62
8 62
57 62
59 62
48 62
62 70
0 62
6 51
38 51
37 51
41 51
42 51
24 51
18 51
17 51
51 62
6 7
7 38
7 37
7 41
7 42
7 24
7 18
7 17
7 62
7 11
7 8
7 59
7 57
7 70
7 48
0 7
7 51
6 27
27 38
27 37
27 41
27 42
24 27
18 27
17 27
27 62
7 27
11 75
8 75
48 75
57 75
59 75
70 75
0 75
51 75
6 20
20 38
20 37
20 41
20 42
20 24
18 20
17 20
20 62
7 20
20 75
37 46
42 46
24 46
18 46
17 46
46 62
7 46
11 46
8 46
46 48
46 57
46 70
46 59
46 51
0 46
20 46
27 46
6 28
28 38
28 37
28 41
28 42
24 28
18 28
17 28
28 62
7 28
28 75
28 46
17 69
7 69
11 69
8 69
69 70
57 69
59 69
48 69
0 69
51 69
6 36
36 38
36 37
36 41
36 42
24 36
18 36
17 36
36 62
7 36
36 75
36 46
36 69
20 36
36 59
11 50
8 50
50 57
50 70
48 50
50 51
0 50
6 35
35 38
35 37
35 41
35 42
24 35
18 35
17 35
35 62
7 35
35 75
35 46
35 69
20 35
35 59
35 50
11 65
8 65
65 70
57 65
48 65
51 65
0 65
36 65
35 65
28 65
27 65
6 73
38 73
37 73
41 73
42 73
24 73
18 73
17 73
62 73
7 73
73 75
46 73
69 73
20 73
59 73
50 73
65 73
20 26
26 59
26 50
11 26
8 26
26 70
26 57
26 48
0 26
26 51
26 28
26 35
26 36
26 27
6 32
32 38
32 37
32 41
32 42
24 32
18 32
17 32
32 62
7 32
32 75
32 46
32 69
20 32
32 59
32 50
32 65
26 32
11 53
8 53
53 70
48 53
53 57
51 53
0 53
28 53
27 53
36 53
35 53
37 71
42 71
24 71
18 71
17 71
71 75
69 71
50 71
53 71
11 71
16 37
16 42
16 24
16 18
16 17
16 62
16 20
16 59
16 53
37 74
42 74
24 74
18 74
62 74
74 75
20 74
59 74
53 74
11 74
8 74
57 74
70 74
48 74
0 74
51 74
28 74
36 74
35 74
27 74
37 43
42 43
24 43
18 43
17 43
43 46
20 43
43 59
43 53
43 74
16 43
37 44
42 44
24 44
18 44
17 44
44 62
7 44
44 46
44 69
44 59
26 44
11 44
16 44
53 54
11 54
16 54
8 54
54 70
48 54
54 57
51 54
0 54
5 24
5 62
5 59
5 50
5 65
5 11
5 54
5 44
18 33
33 62
20 33
33 59
26 33
11 33
33 54
8 56
56 57
56 70
48 56
0 56
51 56
67 69
59 67
65 67
11 67
54 67
56 67
67 71
51 67
37 45
42 45
24 45
18 45
17 45
45 46
45 69
45 59
26 45
11 45
16 45
45 56
45 51
6 58
38 58
37 58
41 58
42 58
24 58
18 58
17 58
58 62
7 58
58 75
46 58
20 58
50 58
58 65
11 58
16 58
56 58
51 58
8 58
57 58
48 58
58 70
12 37
12 24
12 18
12 75
12 20
12 59
12 26
12 74
12 16
12 44
12 33
12 58
12 45
6 14
14 37
14 41
14 42
14 24
14 18
14 17
14 62
7 14
14 46
14 20
14 59
14 53
11 14
14 74
14 44
14 51
6 72
38 72
37 72
41 72
42 72
24 72
18 72
17 72
62 72
7 72
72 75
46 72
20 72
59 72
53 72
11 72
16 72
44 72
71 72
8 72
57 72
70 72
48 72
32 72
19 20
19 59
19 65
11 19
19 74
19 44
19 71
19 72
19 45
14 19
6 79
38 79
37 79
41 79
42 79
24 79
18 79
17 79
62 79
7 79
75 79
46 79
69 79
20 79
59 79
50 79
65 79
11 79
16 79
33 79
51 79
58 79
6 31
31 38
31 37
31 41
31 42
24 31
18 31
17 31
31 62
7 31
31 75
31 46
31 69
20 31
31 59
31 50
26 31
11 31
31 74
31 33
31 51
31 72
31 45
8 31
31 57
31 48
31 70
31 43
31 36
5 31
34 65
11 34
34 54
34 44
34 51
34 72
31 34
14 34
34 79
17 22
22 62
20 22
22 50
22 53
11 22
16 22
22 33
22 71
22 72
22 31
22 70
22 79
8 22
22 73
13 26
11 13
13 54
13 33
13 51
13 72
13 45
13 70
13 22
55 71
55 58
45 55
14 55
55 70
22 55
8 55
40 79
40 55
32 40
17 49
46 49
20 49
49 50
49 65
11 49
16 49
33 49
49 51
49 58
45 49
4 42
4 24
4 62
4 7
4 69
4 50
4 26
4 53
4 54
4 56
4 71
4 72
4 45
4 8
4 35
3 24
3 7
3 20
3 59
3 26
3 11
3 54
3 44
3 71
3 72
3 4
3 14
3 79
3 55
6 52
37 52
41 52
42 52
24 52
18 52
17 52
52 62
7 52
52 75
46 52
52 69
20 52
50 52
26 52
52 53
52 74
33 52
51 52
52 72
45 52
4 52
52 70
22 52
8 52
62 76
7 76
69 76
59 76
50 76
74 76
54 76
33 76
51 76
72 76
45 76
4 76
70 76
23 42
23 24
17 23
23 46
20 23
23 50
23 26
11 23
23 74
23 44
23 51
23 72
4 23
14 23
23 79
22 23
8 23
23 57
39 53
39 74
16 39
33 39
39 71
39 58
39 45
14 39
22 39
23 39
32 39
39 49
65 66
11 66
66 74
44 66
33 66
51 66
45 66
66 70
66 79
22 66
32 66
49 66
0 66
66 73
40 66
3 66
30 37
24 30
30 62
7 30
30 69
30 59
30 65
30 74
16 30
30 33
30 71
30 58
4 30
14 30
30 70
22 30
30 55
30 49
30 66
6 77
37 77
41 77
42 77
24 77
18 77
17 77
62 77
7 77
46 77
69 77
59 77
65 77
11 77
74 77
33 77
71 77
58 77
31 77
14 77
22 77
23 77
52 77
49 77
66 77
76 77
35 77
8 77
17 64
7 64
59 64
50 64
64 65
11 64
16 64
44 64
64 71
58 64
31 64
14 64
64 79
55 64
32 64
43 64
64 66
64 77
3 64
35 64
64 73
2 6
2 38
2 37
2 41
2 42
2 24
2 18
2 17
2 62
2 7
2 75
2 46
2 69
2 50
2 65
2 11
2 74
2 44
2 33
2 51
2 45
2 14
2 22
2 55
2 32
2 52
2 43
2 77
37 47
41 47
42 47
24 47
18 47
17 47
47 62
7 47
47 75
46 47
20 47
47 59
47 53
47 74
16 47
47 56
47 71
47 58
45 47
4 47
47 79
23 47
32 47
47 52
47 66
26 60
11 60
16 60
56 60
60 71
60 72
45 60
14 60
22 60
55 60
32 60
43 60
28 60
8 60
15 37
15 42
15 24
15 18
15 62
7 15
15 20
15 50
15 53
11 15
15 54
15 56
15 33
15 58
15 45
14 15
15 79
15 22
15 52
15 43
15 60
15 76
15 47
15 39
0 15
2 15
15 40
9 37
9 24
9 62
9 75
9 20
9 59
9 26
9 11
9 16
9 44
9 71
9 72
9 45
4 9
9 70
9 22
9 32
9 43
9 66
9 76
9 47
9 35
9 73
2 9
6 63
38 63
37 63
41 63
42 63
24 63
18 63
17 63
62 63
7 63
63 75
46 63
63 69
59 63
53 63
11 63
54 63
44 63
51 63
58 63
31 63
14 63
63 79
23 63
32 63
43 63
60 63
63 76
3 63
35 63
0 63
24 78
69 78
59 78
50 78
65 78
11 78
54 78
44 78
71 78
58 78
31 78
70 78
78 79
23 78
52 78
43 78
60 78
76 78
77 78
39 78
73 78
8 78
21 24
21 46
21 69
21 59
21 26
11 21
16 21
21 44
21 33
21 72
21 31
4 21
21 70
21 55
21 32
21 52
21 60
21 77
21 47
21 35
21 73
21 78
37 61
42 61
24 61
46 61
61 69
59 61
61 65
61 74
54 61
56 61
51 61
58 61
31 61
4 61
61 79
23 61
55 61
43 61
61 66
61 76
47 61
35 61
61 73
61 78
61 63
48 61
28 61
61 67
13 61
40 61
36 61
27 61
21 61
57 61
1 51
1 58
1 31
1 4
1 70
1 23
1 32
1 43
1 66
1 76
1 3
1 35
0 1
1 78
1 61
1 40
1 30
1 5
1 27
6 10
10 37
10 41
10 42
10 24
10 18
10 17
10 62
7 10
10 75
10 69
10 59
10 26
10 11
10 54
10 33
10 71
10 72
10 31
10 14
10 70
10 55
10 52
10 49
10 43
10 76
3 10
10 35
0 10
10 78
10 63
10 67
10 30
5 10
10 12
10 48
10 34
25 37
24 25
25 62
7 25
20 25
25 59
25 26
11 25
25 74
25 56
25 71
25 58
25 31
14 25
25 70
25 55
25 52
25 49
25 43
25 76
3 25
25 39
25 73
2 25
25 61
25 67
25 30
19 25
25 27
10 25
25 57
24 68
7 68
20 68
59 68
65 68
11 68
54 68
44 68
51 68
68 72
4 68
68 70
68 79
55 68
52 68
43 68
66 68
60 68
47 68
39 68
68 73
68 78
63 68
67 68
30 68
19 68
27 68
10 68
64 68
8 68
25 68
48 68
34 68
36 68
1 25
15 25
25 36
21 25
10 57
1 10
8 10
1 13
1 57
1 15
1 8
1 34
21 40
9 21
5 21
21 27
21 64
13 21
21 48
21 28
21 34
29 37
24 29
18 29
29 46
20 29
29 50
26 29
29 53
29 74
29 56
29 71
29 72
29 45
4 29
29 70
29 55
29 52
29 49
29 60
29 76
3 29
29 35
29 73
2 29
29 63
29 67
29 30
5 29
12 29
29 64
13 29
29 48
28 29
15 29
21 29
29 36
40 78
19 78
2 78
12 78
34 78
5 78
63 78
34 63
9 63
8 63
19 63
63 64
12 63
5 63
30 63
9 67
9 64
9 15
9 19
5 9
9 12
9 34
9 57
8 9
9 13
15 30
5 15
12 15
15 27
15 64
15 57
15 34
36 60
27 60
19 60
13 60
40 60
5 60
0 60
47 60
3 60
60 73
3 47
47 67
34 47
12 47
2 47
13 47
47 48
47 57
0 47
40 47
47 73
2 39
2 73
2 27
2 28
2 30
2 36
2 13
2 48
2 64
2 67
30 64
5 64
12 64
13 64
36 64
28 64
34 77
12 77
30 77
67 77
13 77
5 77
3 77
27 77
36 77
28 77
3 30
30 35
30 39
30 67
27 30
28 30
30 48
66 76
39 66
66 67
5 66
35 66
34 66
39 76
3 39
35 39
27 39
19 39
13 39
5 39
8 39
39 67
39 57
39 40
23 73
23 27
12 23
19 23
23 67
23 76
23 32
23 35
23 28
23 36
23 49
52 76
43 76
57 76
36 76
19 76
28 76
48 76
27 76
12 52
43 52
0 52
3 52
5 52
35 52
19 52
36 52
3 43
3 40
3 8
0 3
3 73
3 19
3 35
4 48
4 70
4 57
4 36
4 28
4 49
4 73
4 14
4 27
22 49
32 49
49 67
8 49
49 73
34 49
27 49
48 49
43 49
40 49
28 49
49 57
12 49
13 49
13 40
36 40
40 57
40 67
34 40
12 40
19 40
27 40
13 55
43 55
36 55
35 55
28 55
5 55
34 55
13 32
13 73
13 19
12 13
13 36
8 13
13 28
22 36
22 67
0 22
22 48
22 34
5 22
34 35
34 73
19 34
12 34
34 57
8 34
31 32
31 73
28 31
31 79
0 31
70 79
8 79
43 79
19 79
0 79
48 79
35 79
5 79
57 79
32 79
19 32
0 19
8 19
19 57
12 19
19 27
19 36
0 72
43 72
72 73
14 72
14 45
8 14
14 35
14 57
14 48
14 67
12 14
5 14
12 70
12 43
12 35
12 73
12 28
12 36
27 58
36 58
45 58
5 58
35 58
28 58
8 45
45 57
45 70
45 48
45 67
27 45
32 67
0 67
8 67
48 67
5 67
28 67
56 71
27 56
33 56
32 56
8 33
33 70
33 48
33 57
33 51
0 33
28 33
33 35
5 33
33 43
0 5
5 36
5 28
5 48
54 73
27 54
35 54
32 54
36 54
28 54
44 54
8 44
44 57
44 70
44 48
0 44
44 51
44 73
43 44
35 44
36 44
43 70
0 43
43 57
43 48
16 74
8 16
16 57
16 48
16 70
16 51
0 16
16 27
16 28
16 35
16 36
16 71
8 71
48 71
57 71
70 71
27 71
51 71
32 71
28 71
53 73
32 53
11 32
32 70
8 32
27 32
32 48
32 57
32 73
26 73
11 73
51 73
0 73
57 73
11 35
35 48
35 36
28 35
27 50
28 50
36 50
11 36
36 51
0 36
36 48
8 36
27 69
20 69
28 69
20 28
28 59
11 28
28 70
0 28
28 57
28 48
8 28
11 20
8 20
20 59
20 70
20 48
20 57
20 51
0 20
20 27
27 75
27 59
11 27
27 70
0 27
27 57
8 27
27 48
51 59
11 51
8 51
48 51
51 57
51 70
0 51
59 70
11 70
8 70
0 70
0 17
48 59
11 48
0 48
48 57
18 59
0 18
57 59
11 57
0 57
24 42
42 59
0 42
24 59
11 59
8 59
0 59
24 41
0 41
11 24
8 24
0 24
0 37
8 11
0 8
0 38
0 11
0 6
