80 1264
43 69
16 43
39 69
16 39
69 71
16 71
43 71
3 69
3 16
3 71
31 69
16 31
31 71
31 43
31 39
3 31
63 69
16 63
63 71
31 63
50 69
50 71
31 50
43 50
3 50
39 50
45 69
16 45
45 71
31 45
45 50
14 43
14 39
3 14
34 69
16 34
34 71
31 34
34 50
14 34
31 40
40 50
40 43
3 40
39 40
40 45
34 40
40 63
69 76
16 76
71 76
31 76
50 76
14 76
40 76
43 44
3 44
39 44
44 45
44 63
34 44
41 69
16 41
41 71
31 41
41 50
14 41
40 41
41 44
43 62
39 62
3 62
62 63
34 62
45 62
62 76
41 62
57 69
16 57
57 71
31 57
50 57
14 57
40 57
44 57
57 62
4 71
4 31
4 50
4 40
4 62
4 43
3 4
4 39
4 63
4 45
4 34
4 76
4 41
11 69
11 16
11 71
11 31
11 50
11 14
11 40
11 44
11 62
4 11
54 71
31 54
50 54
40 54
4 54
43 54
3 54
39 54
54 63
34 54
45 54
41 54
54 76
54 57
27 69
16 27
27 71
27 31
27 50
14 27
27 40
27 44
27 62
4 27
27 54
27 41
56 71
31 56
50 56
14 56
44 56
54 56
43 56
3 56
39 56
34 56
45 56
56 63
56 76
5 69
5 16
5 71
5 31
5 50
5 14
5 40
5 44
5 62
4 5
5 54
5 41
5 56
18 31
14 18
4 18
18 41
18 56
18 43
18 39
3 18
18 45
18 34
18 63
7 69
7 71
7 31
7 50
7 14
7 40
4 7
7 54
7 56
7 18
3 7
43 51
39 51
51 70
44 68
54 68
56 68
0 68
3 68
43 68
39 68
69 74
16 74
71 74
31 74
50 74
40 74
4 74
41 74
56 74
0 74
3 74
68 74
29 43
29 39
27 29
4 37
37 41
37 56
0 37
3 37
37 70
29 37
65 71
31 65
50 65
40 65
44 65
41 65
12 43
3 12
12 39
12 34
12 63
12 45
12 76
12 65
12 21
18 21
30 43
30 39
3 30
30 34
30 63
30 45
13 62
13 54
13 41
0 13
13 30
13 68
13 29
2 69
2 71
2 31
2 50
2 14
2 40
2 62
2 4
2 56
0 2
2 51
2 70
2 29
2 65
2 43
66 69
16 66
66 71
31 66
50 66
14 66
40 66
44 66
4 66
54 66
41 66
18 66
3 66
66 70
65 66
2 66
66 74
57 66
3 9
9 51
9 65
2 9
8 43
38 69
16 38
38 71
31 38
38 50
14 38
38 40
38 44
38 62
4 38
38 54
38 41
12 38
0 38
3 38
38 51
38 70
38 65
8 38
32 44
32 41
32 56
18 32
30 32
32 51
32 65
27 32
2 32
52 56
18 52
3 52
52 68
29 52
2 52
8 52
7 52
60 69
16 60
60 71
31 60
50 60
40 60
44 60
54 60
56 60
0 60
30 60
60 68
60 65
2 60
52 60
32 60
7 60
44 53
53 54
53 56
0 53
3 53
51 53
53 70
27 53
2 53
52 53
9 53
7 53
48 69
48 71
31 48
48 50
14 48
44 48
4 48
48 54
48 56
0 48
30 48
48 68
48 70
27 48
48 74
48 52
9 48
48 53
48 63
21 48
31 75
14 75
4 75
41 75
56 75
0 75
30 75
51 75
70 75
27 75
74 75
52 75
57 75
53 75
1 8
1 52
1 57
1 7
1 67
61 74
32 61
57 61
53 61
61 63
15 31
15 40
15 62
15 41
0 15
15 18
15 51
15 68
15 29
15 27
8 15
15 52
9 15
55 69
16 55
55 71
31 55
50 55
14 55
40 55
44 55
55 62
4 55
54 55
41 55
55 56
18 55
30 55
55 68
29 55
55 65
55 74
52 55
7 55
53 55
34 55
15 55
5 55
26 69
16 26
26 71
26 31
26 50
14 26
26 40
26 44
26 62
4 26
12 26
18 26
3 26
26 68
26 65
2 26
8 26
26 32
26 57
26 55
26 67
21 26
16 72
71 72
31 72
50 72
14 72
44 72
4 72
41 72
12 72
0 72
3 72
70 72
65 72
2 72
8 72
32 72
9 72
55 72
67 72
24 41
0 24
3 24
24 68
24 29
24 65
8 24
24 32
9 24
24 53
24 63
69 77
16 77
71 77
31 77
50 77
14 77
44 77
54 77
12 77
0 77
51 77
68 77
29 77
27 77
74 77
57 77
7 77
55 77
67 77
24 77
29 78
27 78
74 78
32 78
9 78
7 78
63 78
24 78
26 78
15 78
47 67
24 47
47 78
47 77
41 49
18 49
3 49
49 68
49 70
27 49
8 49
32 49
7 49
49 53
49 63
49 61
49 78
49 77
38 49
35 69
16 35
35 71
31 35
35 50
14 35
35 40
35 44
35 62
4 35
35 54
35 41
35 56
18 35
3 35
35 68
35 65
2 35
8 35
32 35
35 57
35 55
35 67
24 35
35 75
35 48
35 49
35 43
35 72
4 19
19 54
12 19
0 19
19 30
19 70
19 29
2 19
19 74
19 52
19 57
19 53
19 63
19 61
19 78
19 48
19 49
9 25
25 55
25 63
21 25
25 75
25 77
10 44
10 41
10 56
10 18
10 51
10 70
10 65
10 27
10 74
10 57
7 10
10 53
10 67
10 61
10 26
10 75
29 73
27 73
73 74
52 73
9 73
53 73
63 73
21 73
26 73
48 73
10 73
25 73
19 73
1 73
13 73
45 73
36 69
16 36
36 71
31 36
36 50
36 44
36 62
36 54
36 56
18 36
3 36
36 68
36 70
27 36
36 74
36 52
36 57
36 55
36 67
36 61
36 78
36 75
10 36
25 36
23 69
16 23
23 71
23 31
23 50
14 23
23 40
23 44
23 62
23 41
23 56
18 23
23 30
23 68
23 65
2 23
8 23
23 32
7 23
23 55
23 67
23 61
23 26
23 48
23 49
29 58
27 58
8 58
57 58
7 58
53 58
58 63
24 58
21 58
58 77
49 58
23 58
11 58
1 58
33 62
33 54
0 33
18 33
3 33
33 51
33 65
27 33
33 74
32 33
33 57
33 53
33 67
21 33
33 78
33 77
10 33
33 43
11 33
19 33
33 39
33 58
22 30
22 70
22 65
22 27
22 74
22 52
7 22
22 55
22 63
21 22
22 78
22 77
10 22
22 43
22 72
19 22
22 33
22 39
64 70
2 64
8 64
52 64
57 64
55 64
63 64
24 64
64 78
64 77
49 64
23 64
11 64
38 64
39 64
22 64
5 64
12 46
0 46
3 46
46 68
29 46
27 46
46 74
46 52
9 46
46 55
46 67
24 46
46 75
46 48
10 46
23 46
19 46
38 46
13 46
45 46
5 46
46 64
15 46
59 61
21 59
59 78
48 59
43 59
23 59
59 72
38 59
13 59
39 59
8 20
20 57
7 20
20 55
20 63
20 21
20 78
20 48
20 49
20 43
20 23
20 38
20 33
20 22
5 20
28 63
24 28
26 28
28 75
28 49
28 43
11 28
1 28
28 33
22 28
20 28
28 64
28 76
28 47
28 59
28 35
15 28
6 69
6 71
6 31
6 50
6 14
6 40
6 62
6 41
6 56
6 18
3 6
6 68
6 70
2 6
6 74
6 52
6 57
6 53
6 67
6 21
6 26
6 48
6 43
6 23
6 11
6 19
6 39
6 45
6 36
6 46
6 47
6 73
6 60
6 28
8 79
32 79
9 79
53 79
67 79
24 79
26 79
77 79
49 79
23 79
72 79
19 79
1 79
45 79
36 79
76 79
17 31
17 40
4 17
17 41
0 17
17 18
3 17
17 51
17 65
17 27
17 52
17 57
9 17
17 53
17 61
17 24
17 26
17 48
10 17
17 25
17 72
17 38
17 39
17 45
17 20
17 64
17 37
17 58
17 66
17 79
17 59
17 35
73 79
66 79
34 79
15 79
6 79
31 42
40 42
42 62
42 54
12 42
0 42
3 42
42 68
42 65
2 42
8 42
32 42
9 42
42 55
42 67
21 42
42 75
42 77
10 42
42 43
11 42
38 42
13 42
39 42
5 42
42 64
42 47
42 73
42 66
34 42
37 42
6 42
20 47
20 34
20 76
20 35
20 59
46 59
58 59
34 59
37 59
59 60
35 46
34 46
46 60
64 76
64 66
58 64
22 34
22 76
15 22
22 66
22 45
33 47
33 45
33 34
13 33
33 66
45 58
36 58
58 73
58 66
58 60
15 58
23 47
11 23
23 45
23 72
23 34
23 36
36 38
13 36
36 39
5 36
36 37
15 36
36 66
36 73
73 76
47 73
35 73
10 34
10 15
10 25
5 10
1 10
10 39
10 72
25 43
25 37
25 39
15 25
25 76
25 60
19 25
25 66
1 25
25 38
19 72
19 45
19 34
19 35
19 38
19 66
13 35
35 45
35 60
34 35
35 37
11 49
49 60
13 49
47 49
49 76
47 72
1 47
5 47
47 76
34 47
15 47
11 78
77 78
75 78
45 78
60 78
48 77
1 77
43 77
37 77
72 77
13 77
24 60
24 66
24 39
24 43
24 34
24 72
15 24
26 72
5 72
34 72
60 72
39 72
72 76
13 26
26 34
26 38
26 76
26 39
26 66
26 37
55 76
21 55
39 55
15 61
15 75
11 15
15 38
1 15
15 66
15 37
5 61
34 61
38 61
61 66
21 61
61 75
1 61
37 61
13 61
1 75
1 11
1 37
1 5
1 45
1 60
1 39
37 67
43 67
60 67
67 75
5 75
48 75
11 75
38 75
45 75
34 75
5 48
39 48
48 66
48 76
48 60
43 53
53 60
45 53
37 53
13 60
39 60
5 60
60 76
34 60
34 52
9 52
32 52
37 52
52 76
32 38
32 34
32 43
7 32
32 63
5 32
13 32
11 32
38 57
7 38
21 38
11 38
13 38
38 76
8 13
8 11
8 37
8 9
9 13
9 76
9 39
9 66
9 45
9 11
9 43
9 63
7 66
43 66
11 66
37 66
2 34
2 11
2 39
2 45
2 5
2 13
2 76
7 13
13 63
13 43
11 13
5 13
13 76
21 30
5 30
30 57
21 51
21 70
21 65
21 74
21 57
7 21
21 45
11 21
5 21
21 76
21 43
12 57
0 12
18 65
3 65
65 70
29 65
43 65
34 65
39 65
37 65
27 65
7 37
37 43
11 37
37 39
5 37
37 76
5 29
29 76
29 45
29 63
29 74
27 74
5 74
39 74
57 74
45 74
63 74
43 74
68 70
57 68
45 68
34 68
11 68
5 68
43 70
39 70
70 76
63 70
57 70
11 70
7 70
45 51
34 51
51 63
27 51
7 51
7 27
7 34
7 63
7 11
5 18
18 76
11 18
18 27
5 57
5 43
5 45
11 56
27 56
3 27
27 43
27 63
27 76
27 57
0 54
11 54
11 41
3 11
11 63
0 4
4 57
41 57
0 57
39 57
45 57
0 62
41 43
3 41
39 41
41 45
34 41
41 63
41 76
0 41
44 76
0 44
0 76
3 76
63 76
0 40
0 34
3 34
14 63
14 45
0 14
0 45
3 45
45 63
43 45
50 63
0 50
0 63
3 63
39 63
0 31
0 3
3 43
3 39
39 71
0 71
0 39
0 16
0 43
0 69
