80 948
17 47
8 17
17 31
31 47
8 31
1 17
1 31
8 64
47 64
1 64
17 20
20 31
20 64
17 59
31 59
8 59
47 59
1 59
17 62
31 62
62 64
59 62
17 34
31 34
34 47
8 34
1 34
20 34
34 62
17 78
31 78
64 78
59 78
34 78
16 17
8 16
16 47
1 16
16 78
16 62
16 20
17 51
31 51
51 64
51 59
34 51
16 51
8 51
31 33
8 33
33 47
1 33
33 78
20 33
33 62
17 58
31 58
58 64
58 59
34 58
16 58
8 58
33 58
17 71
31 71
8 71
47 71
1 71
20 71
62 71
71 78
17 36
31 36
36 64
36 59
34 36
16 36
8 36
33 36
36 71
38 47
1 38
38 78
38 62
20 38
36 38
38 51
38 58
32 38
33 77
47 77
1 77
20 77
62 77
77 78
36 77
17 53
31 53
53 64
53 59
34 53
16 53
8 53
33 53
53 77
25 31
8 25
25 38
25 77
25 47
1 25
25 62
25 78
20 25
17 28
28 31
28 64
28 59
28 34
16 28
8 28
28 33
28 38
25 28
17 76
31 76
59 76
34 76
16 76
8 76
38 76
76 77
47 76
1 76
20 76
62 76
76 78
27 33
27 76
0 27
27 51
48 78
47 48
0 12
0 21
21 47
17 43
31 43
43 64
43 59
34 43
16 43
8 43
33 43
43 71
43 77
38 79
77 79
47 79
1 79
45 79
2 45
45 78
17 23
23 31
8 23
23 25
23 76
21 23
23 78
24 78
24 47
48 66
24 66
52 76
51 52
52 78
23 52
17 35
31 35
35 59
8 35
33 35
35 76
2 35
35 51
35 78
24 35
28 35
8 42
42 77
2 42
42 51
47 56
42 56
60 71
60 77
0 60
21 60
56 60
17 50
31 50
34 50
8 50
50 71
50 77
0 50
50 51
50 56
23 50
26 56
26 50
26 28
38 46
46 76
2 46
46 51
46 56
46 50
35 46
42 46
33 55
25 55
55 79
2 55
55 56
23 55
28 55
46 55
0 5
5 21
5 56
5 24
5 28
5 46
28 68
5 68
7 79
7 21
7 48
41 47
30 41
30 50
30 35
30 46
5 30
15 17
15 31
15 64
15 59
15 34
15 16
8 15
15 33
15 38
15 77
0 15
15 51
15 48
15 23
15 28
5 15
7 15
10 17
10 31
10 59
10 34
10 16
8 10
10 71
10 77
10 79
2 10
10 56
10 41
10 28
3 17
3 31
3 8
3 25
0 3
3 21
3 78
3 41
3 35
11 17
11 31
11 16
8 11
11 71
11 76
11 79
11 51
11 48
11 41
11 50
3 11
10 11
8 57
57 77
57 79
21 57
57 78
23 57
50 57
5 57
37 57
17 75
31 75
64 75
59 75
34 75
16 75
8 75
33 75
38 75
75 76
75 79
51 75
48 75
41 75
35 75
52 75
5 75
26 75
17 19
19 31
19 64
19 59
19 34
16 19
8 19
19 33
19 71
19 25
0 19
19 51
19 56
19 23
19 52
5 19
7 19
19 75
19 57
33 65
65 76
65 79
21 65
48 65
50 65
28 65
52 65
10 65
15 65
29 37
17 54
31 54
54 64
54 59
34 54
16 54
8 54
33 54
54 71
25 54
54 79
51 54
54 56
24 54
35 54
3 54
5 54
67 71
25 67
67 76
2 67
56 67
23 67
50 67
46 67
7 67
54 67
57 67
30 67
45 67
43 67
62 67
11 67
48 72
24 72
50 72
46 72
37 72
72 75
67 72
17 63
31 63
8 63
25 63
63 79
21 63
63 78
24 63
35 63
52 63
10 63
63 75
57 63
17 49
31 49
49 64
49 59
34 49
16 49
8 49
33 49
38 49
25 49
0 49
21 49
48 49
23 49
28 49
49 52
37 49
10 49
49 57
49 63
9 52
9 46
7 9
9 15
9 20
9 19
9 49
9 60
9 58
9 65
9 66
9 36
9 12
44 78
24 44
44 52
3 44
10 44
15 44
29 44
44 55
67 70
63 70
44 70
68 70
10 14
14 54
14 29
14 55
14 70
14 60
14 26
14 58
11 14
22 79
21 22
22 78
22 41
22 50
22 46
10 22
15 22
20 22
22 55
22 49
22 53
14 22
22 36
22 45
17 39
31 39
39 59
34 39
16 39
8 39
39 71
25 39
2 39
21 39
39 56
24 39
28 39
5 39
7 39
39 54
29 39
19 39
6 17
6 31
6 64
6 59
6 16
6 8
6 71
6 76
6 79
2 6
6 48
6 50
6 35
6 46
6 10
6 54
6 20
6 19
0 69
51 69
48 69
24 69
35 69
3 69
10 69
69 75
20 69
55 69
6 69
60 69
36 69
32 69
45 69
44 69
22 69
38 40
25 40
0 40
2 40
40 41
23 40
35 40
5 40
37 40
40 54
40 57
40 63
6 40
40 60
13 70
13 53
4 17
4 31
4 59
4 8
4 33
4 25
2 4
4 21
4 78
4 41
4 28
3 4
4 7
4 15
4 20
4 63
4 70
17 73
31 73
59 73
34 73
16 73
8 73
71 73
73 77
73 76
21 73
73 78
24 73
52 73
46 73
5 73
57 73
29 73
55 73
70 73
31 61
8 61
61 71
25 61
61 79
2 61
48 61
24 61
35 61
5 61
37 61
61 75
20 61
61 63
61 73
61 72
36 61
32 61
26 61
4 61
61 65
40 61
61 66
61 62
27 73
10 74
15 74
57 74
63 74
73 74
53 74
14 74
12 74
45 74
18 71
18 25
18 79
18 51
18 48
18 23
18 52
3 18
7 18
18 54
18 57
18 67
18 49
18 72
18 36
1 18
18 32
18 39
18 66
4 18
18 74
18 68
30 74
42 74
27 74
62 74
32 73
47 73
4 73
26 73
72 73
43 73
4 13
1 4
4 43
4 65
4 62
4 27
13 68
13 62
13 32
13 40
13 30
13 65
13 27
1 40
26 40
40 44
40 65
11 40
40 69
68 69
11 69
6 39
6 42
6 62
6 11
6 60
6 26
6 12
6 53
39 60
14 39
1 39
32 39
22 39
30 39
39 58
39 42
22 30
11 22
22 65
14 45
14 42
47 70
66 70
1 70
30 70
44 53
9 44
12 44
26 44
27 44
44 62
11 44
9 47
1 9
49 72
36 49
49 65
43 49
32 49
45 49
49 58
27 63
63 72
47 63
11 63
45 63
1 72
36 72
53 72
27 72
60 72
11 72
60 67
58 67
66 67
54 66
29 54
1 54
12 54
54 68
54 62
54 55
29 53
29 66
29 65
29 58
26 29
12 29
29 55
20 29
19 65
12 65
45 65
65 68
19 62
19 53
19 55
1 19
19 42
12 19
19 68
36 75
58 75
45 75
43 75
27 75
57 75
60 75
11 57
1 57
57 60
27 57
11 12
11 45
11 27
3 62
3 10
3 36
3 32
3 45
3 12
3 43
3 20
3 7
10 43
10 62
10 66
10 15
15 47
15 32
15 30
15 53
15 20
15 42
30 55
30 60
30 36
26 30
30 42
30 66
7 41
36 41
32 41
7 28
7 36
7 53
7 68
7 32
7 58
7 26
7 12
20 68
53 68
1 68
32 68
58 68
66 68
5 47
1 5
5 37
37 45
27 37
37 60
37 47
20 37
37 42
37 55
43 55
32 55
36 55
26 55
46 60
46 53
26 46
46 58
46 66
1 26
26 43
26 42
20 50
50 60
12 50
43 50
45 50
36 50
52 60
45 60
60 66
32 56
43 56
56 58
23 42
35 42
20 42
42 53
42 47
42 58
27 42
27 35
35 62
12 35
35 52
52 53
52 66
20 52
1 52
27 52
36 66
43 66
58 66
24 58
24 53
1 24
23 24
24 28
23 27
23 47
23 45
23 43
23 62
45 47
32 45
20 79
78 79
53 79
43 79
21 43
36 43
43 47
27 43
43 62
43 58
20 21
12 21
1 21
21 36
12 48
12 53
12 47
12 27
12 62
36 48
48 53
27 48
51 76
58 76
36 76
2 76
2 47
1 2
2 62
2 51
2 28
2 53
2 58
28 51
28 78
28 58
28 47
28 32
1 28
25 53
53 62
58 77
51 77
32 77
0 32
32 51
20 32
32 47
0 36
20 36
51 71
58 71
0 58
47 58
58 62
33 51
47 51
1 51
51 78
51 62
8 78
0 78
47 78
1 78
62 78
20 78
8 62
0 62
20 59
8 20
0 20
20 47
1 8
0 1
1 47
8 47
0 47
