80 1264
12 37
37 69
48 69
12 41
41 69
37 64
48 64
41 64
37 79
48 79
41 79
69 79
12 79
64 79
37 47
47 48
41 47
47 79
41 70
70 79
12 70
69 70
64 70
47 70
34 37
34 48
34 41
34 79
34 70
5 12
5 69
5 64
5 47
37 62
48 62
41 62
62 79
62 70
5 62
37 51
41 51
51 79
51 70
5 51
12 51
51 69
51 64
47 51
51 62
34 51
37 46
46 48
41 46
46 79
46 70
5 46
46 51
32 69
12 32
32 64
32 47
32 34
32 62
23 37
23 48
23 41
23 79
23 70
5 23
23 51
23 32
69 73
12 73
64 73
47 73
34 73
62 73
23 73
46 73
37 39
39 48
39 41
39 79
39 70
5 39
39 51
32 39
39 73
14 69
12 14
14 64
14 47
14 62
14 34
14 39
37 45
45 48
41 45
45 79
45 70
5 45
45 51
32 45
45 73
14 45
5 76
51 76
32 76
69 76
12 76
64 76
47 76
34 76
62 76
2 37
2 48
2 41
2 79
2 70
2 5
2 51
2 32
2 73
2 14
2 76
37 52
48 52
41 52
52 79
52 70
5 52
51 52
32 52
52 73
14 52
52 76
52 69
12 52
52 64
47 52
34 52
52 62
27 37
27 79
27 70
27 32
27 73
27 52
50 70
50 51
50 73
50 52
50 69
12 50
50 64
47 50
34 50
50 62
37 68
48 68
41 68
68 79
68 70
5 68
51 68
32 68
68 73
68 76
50 68
21 37
21 48
21 79
21 70
5 21
21 32
14 21
21 76
67 69
12 67
64 67
47 67
62 67
34 67
30 37
30 41
30 79
30 70
5 30
30 51
14 30
30 52
30 67
30 68
37 77
48 77
41 77
77 79
70 77
51 77
32 77
76 77
67 77
68 77
69 77
12 77
64 77
47 77
18 32
18 76
18 67
18 77
18 38
56 77
12 56
56 69
56 64
56 72
19 56
19 69
12 19
19 64
28 56
19 28
41 49
49 79
49 70
32 49
49 73
49 76
49 67
49 68
49 77
49 56
12 49
49 69
49 64
25 37
25 79
25 70
25 51
25 73
25 52
25 50
21 25
25 38
25 49
25 69
12 25
25 64
13 52
13 68
13 38
13 56
13 25
50 75
68 75
75 77
56 75
12 75
47 75
69 75
64 75
1 37
1 48
1 41
1 79
1 5
1 32
1 73
1 76
1 50
1 21
1 77
1 19
1 25
1 75
31 32
31 76
31 50
31 68
31 38
31 49
25 31
31 47
31 69
20 41
20 79
20 70
20 51
20 73
20 52
20 67
20 21
20 77
20 49
12 20
20 75
20 31
38 63
19 63
49 63
12 63
28 63
63 69
37 58
48 58
41 58
58 79
5 58
51 58
14 58
58 76
50 58
58 68
58 77
49 58
12 58
58 75
31 58
58 63
5 66
51 66
66 73
66 76
50 66
66 68
38 66
19 66
12 66
66 75
14 61
61 76
50 61
21 61
56 61
19 61
49 61
47 61
61 69
8 37
8 79
8 70
8 51
8 73
8 52
8 21
8 68
8 77
8 49
8 25
8 75
8 61
8 63
14 57
57 76
57 67
21 57
38 57
19 57
49 57
47 57
31 57
16 67
16 68
16 77
16 49
12 16
16 75
16 28
16 63
16 72
3 61
3 16
24 67
21 24
24 56
19 24
24 25
24 47
24 61
24 63
9 24
54 70
51 54
54 73
52 54
50 54
21 54
38 54
54 56
12 54
47 54
31 54
16 54
54 66
54 57
27 54
54 64
49 71
47 71
61 71
16 71
57 71
54 71
35 37
35 48
35 41
35 79
35 70
5 35
35 51
32 35
14 35
35 52
35 67
21 35
35 77
19 35
12 35
35 75
28 35
16 35
35 66
35 57
33 37
33 79
33 70
33 51
33 73
33 52
33 50
33 68
33 38
33 56
25 33
33 75
28 33
16 33
9 33
33 54
33 35
33 34
33 46
18 33
22 52
21 22
22 77
19 22
12 22
22 47
22 61
16 22
22 66
22 58
22 62
22 34
8 22
15 50
15 68
15 38
15 56
15 25
15 47
15 28
15 61
9 15
15 54
15 62
15 34
15 46
43 52
21 43
38 43
19 43
12 43
43 47
28 43
43 61
43 57
43 58
4 50
4 68
4 77
4 19
4 12
4 47
4 61
4 16
4 66
4 58
4 62
60 70
51 60
60 73
60 76
60 67
60 68
60 77
56 60
25 60
47 60
31 60
60 63
60 66
54 60
4 60
34 60
27 60
37 74
48 74
74 79
70 74
5 74
32 74
14 74
52 74
50 74
21 74
56 74
49 74
12 74
74 75
28 74
61 74
57 74
58 74
62 74
8 74
60 74
18 74
22 74
27 74
39 74
36 56
36 49
12 36
36 75
31 36
16 36
36 66
36 58
36 62
8 36
36 46
36 43
1 36
27 36
36 72
37 55
48 55
41 55
55 79
5 55
51 55
55 73
52 55
50 55
55 68
55 77
55 56
12 55
55 75
31 55
55 63
9 55
54 55
35 55
34 55
55 60
15 55
1 55
27 55
55 72
36 55
31 42
42 61
42 66
42 54
42 58
4 42
8 42
42 43
22 42
27 42
42 45
36 42
42 74
10 50
10 21
10 56
10 19
10 25
10 75
10 28
10 16
10 66
10 58
10 62
10 34
8 10
10 18
1 10
10 27
10 39
37 78
48 78
41 78
78 79
70 78
5 78
51 78
32 78
14 78
76 78
50 78
68 78
56 78
49 78
12 78
47 78
31 78
63 78
9 78
58 78
4 78
34 78
46 78
18 78
1 78
29 46
15 29
1 29
41 44
44 79
5 44
32 44
44 76
44 52
44 50
21 44
38 44
19 44
12 44
44 47
31 44
44 63
44 57
44 54
35 44
4 44
44 46
43 44
22 44
29 44
39 44
44 78
44 74
7 73
7 52
7 67
7 77
7 38
7 49
7 25
7 47
7 28
7 63
7 66
7 54
7 35
7 8
7 46
7 43
7 18
7 29
7 45
37 40
40 48
40 41
40 79
40 70
40 51
40 73
40 76
40 50
40 68
38 40
40 56
12 40
28 40
40 61
16 40
40 66
40 58
35 40
34 40
40 46
15 40
22 40
29 40
40 45
20 40
24 40
23 40
33 40
26 31
26 61
26 66
26 57
4 26
26 34
26 60
15 26
18 26
26 39
26 72
26 40
26 36
7 26
23 26
17 73
17 52
17 67
17 68
17 77
17 19
12 17
17 75
17 31
16 17
17 66
17 57
17 62
4 17
8 17
15 17
17 18
17 22
17 39
17 40
17 74
10 17
13 17
17 44
17 26
17 71
0 17
17 24
2 17
65 77
49 65
25 65
65 75
31 65
61 65
9 65
57 65
62 65
34 65
8 65
43 65
22 65
27 65
39 65
40 65
65 74
7 65
23 65
44 65
17 65
55 65
26 65
28 53
53 63
53 66
53 57
53 58
34 53
53 60
43 53
18 53
39 53
45 53
53 78
36 53
7 53
13 53
44 53
53 65
53 71
6 66
6 54
6 35
6 8
6 46
6 15
6 22
6 39
6 45
6 78
6 42
6 7
38 59
19 59
25 59
12 59
31 59
16 59
9 59
58 59
59 62
4 59
59 60
15 59
18 59
29 59
39 59
59 78
59 74
13 59
23 59
2 59
44 59
59 71
6 59
55 59
20 59
11 70
11 51
11 73
11 76
11 67
11 68
11 38
11 19
11 25
11 12
11 28
11 61
9 11
11 58
11 62
4 11
11 60
11 43
11 22
11 29
11 72
11 40
11 74
7 11
11 59
11 44
11 65
11 53
11 33
11 26
2 11
0 11
6 69
6 71
6 53
6 33
0 6
3 6
6 24
2 53
24 53
3 65
26 55
26 30
3 26
20 26
7 40
40 78
40 69
7 74
2 7
7 71
7 44
7 13
20 44
0 44
2 44
29 33
23 29
29 72
29 30
24 29
20 29
29 78
2 29
39 78
0 78
30 78
13 78
10 78
2 78
3 78
10 42
0 10
10 24
10 69
10 23
10 33
10 55
10 30
10 20
2 42
30 42
42 55
42 64
0 42
23 42
3 42
55 69
55 64
3 55
0 55
33 55
36 64
36 71
36 74
20 36
24 36
3 36
33 36
69 74
13 74
71 74
60 72
30 60
24 60
45 60
46 60
13 60
20 60
60 69
18 60
4 43
4 72
4 27
4 39
0 4
4 20
4 18
4 23
4 24
8 43
43 46
43 72
43 64
1 43
43 45
13 43
30 43
15 43
43 69
2 15
15 27
15 22
15 39
15 18
15 20
3 15
22 72
3 22
22 33
22 23
22 71
0 22
33 45
23 33
33 69
33 71
0 33
20 33
35 64
23 35
35 71
1 35
20 35
30 35
35 72
3 35
18 35
0 35
2 35
27 35
34 71
8 71
18 71
27 71
71 72
64 71
30 71
20 71
34 54
24 54
46 54
45 54
3 54
39 54
0 54
24 62
18 24
1 24
24 72
13 24
24 69
24 30
0 24
2 24
9 64
9 46
0 9
9 62
9 23
3 9
1 9
9 72
3 34
3 46
3 27
3 72
3 13
3 69
3 20
3 64
13 16
16 69
16 23
16 57
16 39
16 34
16 45
57 66
20 57
27 57
57 69
13 57
8 57
23 57
18 57
1 57
57 72
8 58
8 62
8 45
1 8
8 46
8 69
8 39
8 64
61 66
61 62
61 64
13 61
18 61
45 61
30 61
63 66
2 66
39 66
30 66
18 66
58 66
13 58
30 58
20 58
58 62
58 69
2 58
46 63
20 63
34 63
62 63
2 63
1 63
27 63
63 64
0 63
1 20
20 45
20 30
20 64
31 39
2 31
31 34
18 31
1 31
31 46
0 31
1 46
1 13
1 27
1 2
1 69
1 30
1 64
1 39
13 75
27 75
28 75
18 75
72 75
45 75
13 62
13 34
13 27
13 72
13 64
0 13
13 23
0 25
25 30
23 25
18 25
25 72
25 34
25 47
2 25
27 49
30 49
39 49
47 49
34 49
28 49
28 69
28 39
28 64
2 28
28 46
28 45
27 28
28 30
28 72
23 28
19 45
19 72
2 19
19 62
19 46
19 23
39 72
64 72
30 72
45 72
34 56
47 56
18 56
0 56
18 23
0 18
18 45
0 77
45 77
46 77
38 77
23 77
38 69
12 38
38 64
38 47
38 39
27 38
30 38
2 38
38 62
30 47
30 34
23 30
30 69
2 30
30 64
39 67
21 67
23 67
21 69
12 21
21 64
21 47
21 62
21 34
21 46
21 39
21 68
0 21
21 27
21 23
2 21
68 69
12 68
64 68
47 68
45 68
34 68
62 68
2 50
46 50
45 50
27 50
12 27
27 39
27 45
0 27
27 69
45 52
2 52
46 52
23 52
39 52
0 52
2 34
2 46
2 45
2 64
39 76
46 76
45 76
23 76
0 76
12 45
45 62
23 45
0 45
45 69
14 23
14 46
12 39
39 62
39 64
0 73
23 47
23 46
23 69
23 64
32 46
0 32
12 46
46 62
0 46
0 51
12 62
47 62
62 69
34 62
5 34
0 5
34 47
34 64
0 70
12 47
47 69
47 64
0 47
0 79
12 64
64 69
0 41
12 69
12 48
0 48
0 37
