80 948
23 65
52 65
23 73
52 73
15 23
15 65
15 73
23 32
32 52
15 32
39 65
9 23
9 52
9 15
9 39
15 72
65 72
23 28
28 52
15 28
28 39
28 72
28 73
21 23
21 52
15 21
21 39
21 72
21 73
21 65
21 32
9 21
21 28
4 23
4 52
4 15
4 39
4 72
4 73
4 21
56 65
4 56
9 56
32 56
28 56
23 64
52 64
15 64
39 64
64 72
64 73
21 64
56 64
41 65
32 41
9 41
28 41
4 41
41 64
23 67
52 67
15 67
39 67
67 72
67 73
21 67
56 67
41 67
65 67
28 67
9 67
4 67
32 67
23 69
52 69
39 69
69 73
21 69
67 69
44 73
44 67
44 65
4 44
9 44
32 44
28 44
34 44
49 65
11 39
11 73
11 21
11 67
11 44
11 49
15 43
43 72
43 73
41 43
44 60
60 65
28 60
9 60
4 60
32 60
23 70
52 70
15 70
39 70
70 72
70 73
21 70
67 70
60 70
49 70
15 77
72 77
21 77
67 77
60 77
45 77
22 23
22 52
22 39
22 72
22 73
22 56
22 60
22 45
22 77
23 47
47 52
15 47
39 47
47 72
47 73
21 47
41 47
51 65
9 51
4 51
71 73
56 71
51 71
45 71
71 77
43 78
70 78
2 23
2 52
2 15
2 73
2 21
2 56
2 60
65 66
7 73
7 67
7 44
7 66
7 43
7 78
4 7
57 60
57 66
43 57
54 73
54 67
54 60
51 54
46 60
46 49
46 63
46 78
46 54
46 57
46 65
46 71
9 46
10 45
10 47
4 10
10 54
10 11
0 10
10 46
26 63
26 47
4 26
26 57
32 75
57 75
11 75
63 76
76 78
32 76
51 79
66 79
63 79
47 79
32 79
57 79
23 31
31 52
15 31
31 39
31 72
31 73
21 31
31 56
31 41
31 67
31 44
31 66
31 63
31 33
31 54
31 79
11 31
31 71
23 35
15 35
35 39
35 72
21 35
35 41
35 44
35 45
35 43
35 47
32 35
35 79
35 65
35 75
68 75
0 68
35 68
24 51
24 66
24 77
24 47
24 32
24 79
11 24
0 24
24 64
24 69
24 26
1 65
1 71
1 24
1 64
11 16
16 75
16 46
35 59
9 59
16 59
59 70
6 73
6 21
6 44
6 49
6 77
6 47
6 32
6 79
6 11
0 6
6 35
6 59
13 23
13 52
13 15
13 39
13 72
13 73
13 21
13 56
13 41
13 67
13 51
13 66
13 43
13 33
13 54
13 57
13 65
0 13
43 58
47 58
54 58
58 79
11 58
13 58
46 58
26 58
16 58
31 58
6 58
10 58
21 25
25 67
25 51
25 45
25 43
25 78
25 47
25 79
23 53
52 53
15 53
53 72
21 53
53 56
53 60
45 53
53 77
47 53
32 53
48 53
53 75
0 53
24 53
26 53
14 23
14 52
14 15
14 72
14 21
14 67
14 60
14 66
14 63
14 33
14 32
14 79
14 75
14 71
14 46
14 59
44 61
45 61
61 63
47 61
32 61
57 61
61 65
13 61
35 61
59 61
14 61
22 61
1 61
74 77
33 74
4 74
74 79
48 74
0 74
46 74
64 74
5 74
22 74
1 74
10 74
38 77
33 38
4 38
38 48
11 38
38 75
13 38
38 64
5 38
22 38
6 38
38 74
36 73
36 67
36 44
36 49
36 77
36 78
36 47
36 57
11 36
36 71
13 36
36 64
16 36
22 36
6 36
36 68
9 36
36 38
36 61
35 40
24 40
14 40
22 40
6 40
40 68
36 40
23 42
42 52
15 42
39 42
21 42
42 56
42 44
42 66
42 77
42 78
42 54
42 79
42 48
13 42
35 42
42 59
14 42
31 42
42 68
15 18
18 72
18 73
18 67
18 44
18 66
18 63
18 47
4 18
18 54
18 65
0 18
18 46
18 26
16 18
18 22
6 18
3 15
3 72
3 73
3 41
3 44
3 66
3 43
3 33
3 54
3 57
3 65
3 71
3 24
3 26
3 16
3 31
1 3
3 18
3 74
3 42
3 9
3 38
15 20
20 72
20 21
20 41
20 44
20 66
20 43
20 78
20 32
20 57
20 65
20 71
20 35
20 64
14 20
20 31
6 20
10 20
20 36
2 20
20 69
3 20
8 23
8 52
8 15
8 72
8 21
8 67
8 44
8 66
8 43
8 33
8 32
8 57
8 75
8 71
8 46
8 64
8 14
8 34
1 8
8 18
8 25
8 69
8 9
8 70
8 58
12 39
12 72
12 73
12 56
12 60
12 49
12 43
12 78
4 12
12 54
12 75
0 12
12 46
12 24
5 12
12 34
51 55
45 55
43 55
55 78
4 55
55 79
11 55
0 55
35 55
55 59
16 55
34 55
12 55
10 55
19 21
19 67
19 60
19 45
19 77
19 33
19 54
19 48
19 65
19 75
19 46
19 59
5 19
19 34
19 55
19 68
19 36
19 53
37 51
37 66
37 43
33 37
4 37
37 54
37 48
37 75
35 37
26 37
14 37
34 37
37 68
37 74
50 73
50 67
50 60
50 51
43 50
33 50
4 50
48 50
50 75
50 71
46 50
50 64
16 50
31 50
50 55
50 74
36 50
29 77
29 78
4 29
29 79
11 29
13 29
29 35
29 64
14 29
29 34
6 29
10 29
29 50
29 53
29 69
29 70
29 58
29 76
29 40
29 61
37 50
28 50
25 50
30 44
30 66
30 63
30 78
30 32
30 54
30 65
0 30
30 35
26 30
5 30
30 31
30 55
18 30
30 50
30 42
23 62
52 62
15 62
39 62
62 72
62 73
21 62
56 62
60 62
49 62
62 77
47 62
32 62
57 62
48 62
13 62
46 62
26 62
5 62
34 62
1 62
10 62
25 62
53 62
62 69
30 62
62 70
28 62
58 62
7 62
30 70
30 58
17 44
17 49
17 77
17 47
17 54
17 48
17 65
0 17
13 17
17 26
5 17
17 34
6 17
10 17
17 25
17 53
17 37
17 38
17 20
17 28
17 30
17 61
27 60
27 49
27 77
27 33
27 54
27 57
27 65
27 71
27 46
27 59
14 27
27 31
27 55
27 68
25 27
2 27
27 37
27 70
20 27
19 27
27 30
12 27
12 30
50 76
50 70
2 37
37 69
19 37
37 61
12 37
19 70
19 76
7 19
12 19
25 55
55 68
55 70
7 55
12 18
12 74
2 12
9 12
8 12
8 20
8 28
20 40
3 61
3 58
3 28
18 53
18 76
9 18
2 18
18 42
42 74
42 53
42 76
28 42
38 42
40 42
9 40
38 40
40 76
28 40
7 36
9 38
7 38
38 76
61 74
69 74
2 61
58 61
7 61
14 53
2 14
14 70
14 31
34 53
1 53
25 53
9 53
53 70
0 48
48 65
11 48
28 48
25 48
48 69
48 71
25 71
24 25
25 59
5 25
16 25
25 68
25 58
2 25
58 69
7 13
13 64
9 13
5 13
13 76
13 22
5 24
5 6
5 10
5 9
5 76
6 31
6 28
6 76
7 59
22 59
16 69
16 28
1 16
16 68
16 34
1 31
1 9
1 70
1 69
1 2
24 28
24 70
24 31
24 68
34 68
9 68
28 68
31 35
34 35
2 35
2 31
22 31
2 79
9 79
71 79
22 79
76 79
75 76
0 76
64 76
22 76
9 76
7 76
9 75
26 75
22 75
26 71
26 64
10 26
26 34
7 26
22 26
10 22
7 10
10 69
10 70
7 46
54 63
9 63
4 63
33 54
54 64
54 70
54 57
34 54
33 34
33 57
9 33
33 65
28 57
57 69
57 70
7 57
57 64
7 11
7 34
2 7
7 28
4 66
32 66
28 66
66 69
2 66
2 43
2 78
2 32
2 11
2 71
2 64
2 69
47 78
28 78
4 78
0 78
71 78
64 78
4 71
70 71
69 71
51 64
47 51
28 51
32 51
47 49
47 77
32 47
22 47
47 69
11 47
22 32
11 22
22 28
22 69
43 45
45 65
9 45
32 45
0 77
28 77
70 77
43 77
64 77
65 70
0 60
43 60
34 43
43 65
11 43
43 69
4 11
11 65
0 11
49 64
34 49
0 49
4 34
34 65
0 34
44 69
4 69
64 69
0 67
64 67
64 65
28 64
4 28
4 32
0 4
0 21
0 28
72 73
9 72
32 72
9 73
9 32
32 39
39 73
32 73
32 65
0 15
65 73
0 73
0 52
0 23
