80 1264
49 52
49 63
49 76
52 76
63 76
49 54
54 76
41 52
41 63
41 54
17 49
17 76
17 41
52 71
63 71
54 71
31 49
31 76
31 41
31 71
22 76
22 52
22 63
22 54
49 66
66 76
41 66
66 71
22 66
8 49
8 76
8 52
8 63
8 54
8 31
8 17
8 66
37 49
37 76
37 41
37 71
22 37
8 37
23 52
23 63
23 54
17 23
23 66
23 31
23 37
49 72
72 76
41 72
71 72
22 72
8 72
23 72
54 72
10 52
10 63
10 31
10 17
10 66
49 78
76 78
41 78
71 78
22 78
8 78
23 78
54 78
10 78
9 49
9 76
9 71
9 22
8 9
9 54
9 52
9 63
9 66
9 17
9 31
9 37
49 67
67 76
41 67
67 71
22 67
8 67
23 67
54 67
10 67
9 67
19 76
10 19
9 19
19 52
19 63
19 31
19 66
17 19
12 49
12 76
12 54
10 12
12 19
12 52
12 63
12 66
12 17
12 31
49 74
74 76
41 74
71 74
22 74
8 74
54 74
10 74
19 74
12 74
5 49
5 76
5 22
5 8
5 23
5 54
5 9
5 19
5 52
5 63
5 31
5 17
5 66
42 54
10 42
9 42
19 42
5 42
32 49
32 76
32 41
32 71
22 32
8 32
32 54
10 32
9 32
12 32
5 68
52 68
63 68
3 49
3 76
3 71
3 22
3 8
3 54
3 19
0 3
3 68
3 32
3 52
63 77
6 49
6 76
6 23
6 54
6 19
0 6
6 12
52 69
63 69
8 53
53 54
9 53
0 53
5 53
53 69
52 53
53 63
46 49
46 76
46 71
22 46
46 54
10 46
19 46
12 46
46 68
32 46
46 53
46 52
46 77
54 79
10 79
9 79
12 79
5 79
32 79
53 79
74 79
5 59
59 69
32 59
59 74
59 63
47 53
47 52
47 59
26 49
26 76
26 41
26 71
22 26
8 26
23 26
26 54
9 26
12 26
5 26
26 68
26 53
26 52
26 59
26 79
26 63
26 47
21 76
21 22
8 21
10 21
19 21
12 21
5 21
21 68
21 52
21 74
21 59
21 26
44 63
23 40
40 54
9 40
12 40
40 68
40 69
40 52
40 74
40 59
40 44
22 38
38 54
9 38
0 38
38 68
38 69
38 52
38 74
38 59
26 38
38 63
49 55
55 76
55 71
22 55
8 55
54 55
9 55
12 55
55 68
55 69
52 55
55 74
55 77
26 55
38 55
7 53
7 52
7 59
7 79
7 34
7 63
7 17
9 60
12 60
60 68
60 69
32 60
60 74
60 77
60 79
34 60
7 60
42 60
49 70
70 76
41 70
70 71
22 70
8 70
54 70
10 70
9 70
19 70
5 70
68 70
53 70
52 70
70 77
44 70
38 70
14 34
14 63
30 53
30 74
30 59
30 79
14 30
30 42
29 76
22 29
23 29
29 54
9 29
12 29
29 68
29 69
29 32
29 52
29 59
26 29
29 38
14 29
29 65
65 70
5 18
18 32
18 53
18 52
18 77
18 44
18 34
7 18
27 49
27 76
27 71
22 27
27 54
10 27
19 27
12 27
5 27
27 68
27 32
27 52
27 59
27 79
27 38
14 27
27 29
27 63
20 49
20 76
20 41
20 71
20 22
8 20
20 23
10 20
9 20
0 20
20 68
20 69
20 52
20 74
20 79
20 26
20 44
14 20
20 27
61 77
61 79
38 61
14 61
29 61
61 70
30 61
33 53
33 52
33 59
33 44
33 38
7 33
33 42
33 61
50 77
50 79
34 50
7 50
42 50
50 61
62 76
22 62
8 62
54 62
19 62
0 62
62 68
32 62
53 62
52 62
59 62
44 62
38 62
14 62
29 62
16 49
16 76
16 22
8 16
16 23
16 54
16 19
12 16
5 16
16 32
16 53
16 74
16 79
16 26
16 38
14 16
16 29
16 61
34 75
7 75
29 75
16 75
65 75
3 75
28 42
28 70
28 50
8 51
10 51
9 51
0 51
5 51
51 68
51 53
51 77
51 59
51 79
44 51
14 51
29 51
51 70
16 51
51 65
34 58
7 58
27 58
58 61
58 65
51 58
31 58
4 5
4 69
4 53
4 52
4 77
4 79
4 34
4 7
4 29
4 61
4 50
4 65
4 31
24 50
24 51
24 63
4 24
39 76
10 39
19 39
12 39
5 39
32 39
39 53
39 52
39 77
39 44
34 39
39 42
27 39
39 61
39 50
3 39
28 39
4 39
6 39
57 76
22 57
8 57
10 57
9 57
0 57
5 57
57 69
52 57
57 74
57 77
57 79
38 57
14 57
42 57
27 57
16 57
3 57
31 57
20 57
39 57
57 72
1 50
1 3
1 63
1 4
1 39
1 57
48 49
48 76
41 48
48 71
22 48
8 48
23 48
48 54
9 48
12 48
5 48
48 68
48 52
48 74
48 59
26 48
34 48
42 48
29 48
48 61
48 50
48 51
28 48
48 63
6 48
48 67
21 48
17 48
19 35
12 35
35 68
32 35
35 53
35 77
35 79
26 35
35 38
14 35
29 35
35 61
16 35
35 51
31 35
20 35
35 39
35 57
35 48
36 76
36 54
19 36
12 36
36 68
32 36
36 52
36 74
36 59
36 44
34 36
7 36
29 36
16 36
36 65
36 51
36 63
4 36
11 49
11 76
11 41
11 71
11 22
8 11
11 54
10 11
11 19
11 12
11 68
11 69
11 52
11 74
11 59
11 26
11 38
11 14
11 29
11 70
11 50
3 11
11 28
11 20
11 39
13 49
13 76
13 41
13 22
8 13
13 54
13 19
12 13
13 68
13 69
13 52
13 74
13 59
13 79
13 34
7 13
13 27
13 70
13 65
13 51
13 31
13 63
11 13
13 67
13 21
13 48
2 8
2 54
2 9
2 19
2 12
2 69
2 32
2 74
2 77
2 79
2 38
2 14
2 27
2 70
2 50
2 51
2 31
2 63
2 6
2 67
2 48
2 36
2 13
43 49
43 76
41 43
43 71
22 43
8 43
23 43
43 54
10 43
9 43
19 43
12 43
5 43
32 43
43 53
43 52
43 77
43 44
38 43
7 43
29 43
43 70
43 50
43 51
43 63
4 43
11 43
43 57
43 72
49 56
56 76
22 56
8 56
23 56
54 56
9 56
12 56
5 56
32 56
52 56
56 74
56 79
26 56
34 56
14 56
29 56
56 70
16 56
3 56
56 63
4 56
11 56
56 57
56 72
36 56
43 56
47 56
56 75
73 79
26 73
38 73
14 73
27 73
70 73
16 73
65 73
63 73
4 73
6 73
57 73
72 73
56 73
66 73
64 68
32 64
53 64
52 64
59 64
26 64
38 64
42 64
29 64
64 70
16 64
3 64
31 64
20 64
6 64
57 64
64 72
56 64
35 64
60 64
64 73
47 64
30 64
64 75
55 64
40 64
25 49
25 76
25 41
25 71
22 25
8 25
25 54
10 25
9 25
0 25
25 68
25 32
25 52
25 74
25 77
25 26
25 34
7 25
25 29
25 27
16 25
25 51
25 28
20 25
6 25
25 57
25 48
25 56
25 66
25 64
24 25
25 30
25 40
25 78
25 46
18 25
25 37
25 75
1 64
24 73
47 73
40 73
1 73
62 73
55 73
43 73
15 19
0 15
5 15
15 32
15 52
15 74
15 77
15 79
15 44
15 42
15 27
15 70
15 16
15 65
15 31
4 15
6 15
15 67
15 21
15 56
2 15
15 60
38 45
7 45
42 45
45 70
16 45
3 45
45 63
20 45
6 45
11 45
21 45
45 56
2 45
35 45
13 45
45 78
40 45
15 45
18 45
1 45
17 45
30 45
15 30
15 33
15 17
15 58
15 18
15 73
15 75
40 56
56 66
2 43
35 43
30 43
13 43
40 43
1 43
43 78
43 62
37 43
2 18
2 24
2 40
2 55
2 75
2 60
13 60
13 62
13 18
13 46
13 58
13 55
13 78
11 33
11 55
11 62
11 67
11 36
11 66
11 24
11 60
11 40
36 57
36 72
36 55
33 36
36 46
35 36
36 58
36 78
30 36
1 36
17 36
30 35
1 35
35 60
18 35
24 35
35 58
35 46
1 48
48 62
48 60
24 48
37 48
18 48
1 30
1 47
1 75
1 58
1 17
17 57
37 57
57 78
57 62
17 39
39 66
37 39
39 75
21 39
39 60
39 58
24 39
39 46
24 72
24 55
24 33
24 75
24 37
24 47
24 46
4 33
4 46
4 58
4 78
4 72
4 21
4 62
58 67
21 58
58 66
30 58
33 58
58 78
37 58
55 58
47 51
37 51
28 51
40 51
33 51
51 60
21 51
18 28
28 67
21 28
28 37
28 47
28 62
28 72
28 33
28 60
6 28
28 75
28 30
20 75
67 75
21 75
47 75
33 75
46 75
55 75
16 63
16 62
16 20
16 37
6 16
16 17
16 21
50 62
3 62
21 62
62 66
60 62
30 62
40 62
62 78
46 62
55 62
50 60
50 72
3 50
33 50
50 67
47 50
50 55
50 78
33 67
21 33
33 66
33 60
33 47
33 46
17 33
33 37
3 61
37 61
20 61
55 61
47 61
31 61
61 66
61 67
61 72
3 20
20 31
20 30
20 40
17 20
20 66
20 67
6 20
20 47
18 20
18 27
27 46
3 27
27 47
27 31
27 78
27 66
6 27
27 40
18 70
18 65
18 31
6 18
18 67
18 21
18 40
17 18
18 46
18 37
65 66
63 65
31 65
40 65
46 65
30 65
55 65
17 65
65 72
29 70
29 37
29 55
29 30
3 30
6 30
30 67
30 72
17 30
14 37
14 72
14 42
14 67
14 21
14 70
60 70
17 70
46 70
21 70
70 78
60 63
60 72
60 78
37 60
17 60
7 78
7 31
7 55
7 40
7 66
7 47
6 7
31 55
55 63
55 67
21 55
47 55
17 55
38 40
3 38
6 38
31 38
38 78
40 42
31 40
6 40
40 72
40 47
40 78
3 44
37 44
44 46
44 67
17 44
34 44
34 63
34 47
34 37
34 66
34 42
21 34
34 72
21 42
21 67
21 47
21 46
26 31
17 26
26 72
26 66
26 78
26 67
6 26
6 47
47 67
47 66
37 47
6 59
59 79
59 66
42 59
37 59
31 59
63 79
3 79
72 79
46 79
42 79
42 46
3 46
31 46
46 67
46 66
17 46
53 66
6 53
42 53
31 53
53 74
53 78
53 67
69 74
32 69
69 72
67 69
31 69
37 69
6 69
6 77
6 42
3 6
6 78
6 72
3 77
31 77
37 77
77 78
17 77
67 77
3 42
3 66
3 63
3 78
3 31
32 68
66 68
17 68
31 68
32 52
32 63
17 32
32 78
32 66
32 42
32 72
42 74
42 63
42 67
17 42
42 72
5 78
5 67
5 74
5 37
52 74
63 74
17 74
72 74
74 78
12 78
12 72
19 67
19 37
19 72
19 78
0 67
52 67
31 67
9 72
9 78
63 78
72 78
66 78
37 78
10 72
10 37
0 72
37 72
66 72
37 54
0 37
37 52
37 63
37 66
54 66
0 66
52 66
63 66
17 66
22 31
17 22
31 54
0 31
17 31
31 63
17 71
17 54
0 17
17 52
52 54
54 63
0 63
52 63
0 52
