80 1264
61 63
26 63
51 61
26 51
24 61
24 26
24 63
24 51
43 61
26 43
24 43
8 63
8 51
8 43
61 72
26 72
24 72
8 72
14 63
14 51
14 43
14 72
20 61
20 26
20 24
8 20
14 20
20 63
20 51
20 43
20 72
13 61
13 26
13 24
8 13
13 14
13 20
63 66
51 66
43 66
66 72
13 66
61 65
26 65
24 65
8 65
14 65
20 65
65 66
17 20
17 63
17 51
17 43
17 72
13 17
17 65
5 61
5 26
5 24
5 8
5 14
5 20
5 66
5 17
61 75
24 75
20 75
17 75
63 75
51 75
43 75
72 75
13 75
65 75
9 61
9 26
9 24
8 9
9 14
9 20
9 66
9 17
9 75
28 63
28 51
28 43
28 72
13 28
28 65
5 28
9 28
40 61
26 40
24 40
8 40
14 40
20 40
40 66
17 40
40 75
28 40
13 40
23 61
23 26
23 24
8 23
14 23
20 23
23 66
17 23
23 28
13 23
23 63
23 51
23 43
23 72
23 65
9 23
5 23
67 75
23 67
7 23
7 63
7 51
7 43
7 72
7 65
7 9
5 7
46 61
24 46
20 46
46 66
17 46
13 46
7 46
20 62
62 66
28 62
13 62
22 63
22 51
22 43
22 72
22 65
9 22
5 22
59 61
26 59
24 59
20 59
59 66
17 59
59 75
13 59
22 59
59 62
28 78
13 78
22 78
7 78
63 78
51 78
43 78
72 78
65 78
25 61
25 26
24 25
8 25
20 25
25 66
17 25
13 25
23 25
34 63
34 51
34 43
34 72
34 65
9 34
5 34
7 47
34 47
41 61
26 41
20 41
17 41
28 41
23 41
22 41
41 62
41 63
41 51
41 43
41 72
41 65
22 38
38 41
24 44
20 44
17 44
13 44
22 44
44 62
44 78
44 63
44 51
43 44
44 72
3 7
3 62
3 44
61 79
26 79
20 79
66 79
17 79
23 79
7 79
62 79
41 79
63 79
51 79
43 79
72 79
20 54
17 54
54 75
23 54
7 54
34 54
41 54
54 79
22 49
49 62
49 78
49 79
27 61
24 27
20 27
27 66
17 27
13 27
23 27
7 27
27 41
27 44
27 63
27 51
27 43
27 72
57 61
26 57
24 57
20 57
57 66
17 57
57 75
13 57
23 57
34 57
41 57
27 57
49 57
21 63
21 51
21 43
21 72
41 56
56 79
21 56
37 63
37 51
37 43
9 37
7 32
32 34
32 78
32 44
32 49
32 37
32 51
2 75
2 13
2 23
2 62
2 78
2 79
2 21
2 37
2 51
2 63
2 43
30 61
26 30
24 30
20 30
28 30
13 30
7 30
30 62
30 41
30 44
27 30
30 72
30 51
2 30
30 63
30 32
30 56
20 45
45 66
45 75
13 45
7 45
45 62
41 45
45 79
21 45
45 72
37 45
3 45
55 61
24 55
20 55
55 66
28 55
23 55
7 55
34 55
41 55
55 79
49 55
55 72
51 55
7 15
15 62
15 41
15 79
15 27
15 72
15 51
15 63
15 43
18 61
18 26
18 24
8 18
18 20
18 66
18 75
18 23
18 22
7 18
18 41
18 27
18 21
18 72
15 18
2 18
18 63
18 46
18 56
61 70
26 70
24 70
8 70
14 70
20 70
66 70
17 70
70 75
13 70
22 70
62 70
70 78
44 70
27 70
37 70
51 70
3 70
55 70
59 70
32 70
68 78
44 68
49 68
37 68
15 68
3 68
59 68
46 68
49 50
50 72
50 51
3 50
50 63
0 19
12 27
12 21
12 51
3 12
12 59
12 19
12 32
12 45
6 61
6 26
6 24
6 8
6 20
6 66
6 75
6 13
6 7
6 34
6 41
6 79
6 49
6 72
6 15
3 6
6 63
6 59
6 32
6 70
6 9
6 65
36 61
26 36
24 36
14 36
20 36
17 36
36 75
13 36
23 36
34 36
36 78
36 79
36 49
36 72
36 51
2 36
36 63
36 59
36 50
36 70
6 36
13 60
23 60
22 60
34 60
60 78
44 60
49 60
60 72
51 60
2 60
60 63
46 60
56 60
60 70
48 75
13 48
7 48
48 62
41 48
48 79
48 49
37 48
15 48
2 48
48 63
46 48
48 50
48 70
25 74
52 61
26 52
24 52
8 52
14 52
20 52
52 66
17 52
52 75
13 52
23 52
34 52
52 78
52 79
49 52
37 52
51 52
3 52
52 55
46 52
32 52
50 52
52 74
1 27
1 37
1 51
1 2
1 55
1 59
1 32
1 70
1 45
1 60
11 24
11 20
11 17
11 23
7 11
11 62
11 78
11 27
11 49
11 72
11 51
3 11
11 63
11 19
11 32
11 70
11 48
1 11
51 53
53 55
53 63
46 53
32 53
45 53
53 74
1 53
11 53
25 53
53 54
20 77
17 77
75 77
13 77
22 77
41 77
77 78
44 77
49 77
72 77
15 77
3 77
55 77
59 77
56 77
45 77
48 77
1 77
53 77
12 77
61 73
26 73
24 73
8 73
14 73
20 73
66 73
17 73
73 75
13 73
22 73
62 73
41 73
73 79
49 73
72 73
51 73
3 73
59 73
46 73
50 73
45 73
48 73
60 73
10 15
3 10
10 55
10 59
10 32
10 45
10 48
10 18
27 58
37 58
51 58
15 58
58 63
58 59
56 58
45 58
48 58
10 58
30 58
12 58
9 58
42 61
26 42
24 42
8 42
14 42
20 42
42 66
17 42
42 75
28 42
13 42
23 42
22 42
7 42
42 78
42 44
42 49
42 72
15 42
2 42
42 63
19 42
42 50
42 70
42 48
42 60
10 42
12 42
9 42
5 42
42 58
56 69
50 69
6 69
60 69
53 69
30 69
9 69
42 69
4 61
4 26
4 24
4 8
4 14
4 20
4 66
4 17
4 28
4 23
4 22
4 62
4 78
4 79
4 27
4 72
4 15
3 4
4 59
4 46
4 32
4 50
4 6
1 4
4 53
4 30
4 73
4 68
33 61
26 33
24 33
8 33
14 33
20 33
33 66
17 33
33 75
13 33
22 33
33 62
33 78
33 79
33 49
21 33
15 33
2 33
33 63
33 46
32 33
33 45
6 33
1 33
33 53
12 33
9 33
5 33
4 33
33 58
25 33
33 57
61 76
26 76
24 76
20 76
66 76
17 76
75 76
13 76
23 76
62 76
41 76
44 76
27 76
72 76
51 76
2 76
55 76
46 76
56 76
50 76
6 76
60 76
10 76
30 76
73 76
42 76
6 71
1 71
53 71
52 71
71 73
68 71
36 71
40 71
43 71
71 76
39 75
13 39
23 39
34 39
39 78
27 39
39 49
37 39
15 39
3 39
39 63
39 59
39 56
39 50
39 74
39 48
30 39
39 52
5 39
39 68
39 71
39 77
0 39
25 39
16 61
16 24
16 20
16 66
16 75
13 16
16 22
16 34
16 41
16 79
16 49
16 21
16 51
16 55
16 59
16 46
16 32
16 70
16 74
16 60
16 30
12 16
9 16
5 16
4 16
16 77
0 16
16 57
16 33
16 43
16 69
20 29
29 66
28 29
13 29
7 29
29 34
29 78
29 44
21 29
29 72
29 51
2 29
29 55
29 46
29 56
29 45
6 29
29 60
29 30
12 29
9 29
5 29
29 71
29 58
29 38
29 57
16 29
27 35
35 37
15 35
2 35
35 55
35 59
32 35
35 70
35 48
35 60
35 53
30 35
35 73
35 68
4 35
35 47
35 38
25 35
33 35
35 40
11 35
35 67
35 54
29 35
29 54
24 64
20 64
64 75
13 64
23 64
62 64
41 64
44 64
27 64
64 72
51 64
3 64
63 64
46 64
56 64
50 64
6 64
48 64
10 64
52 64
64 73
64 68
42 64
47 64
25 64
57 64
33 64
64 69
43 64
64 67
29 64
15 31
3 31
31 55
31 46
31 32
31 45
6 31
31 60
31 53
12 31
31 73
31 42
31 71
31 47
31 38
25 31
31 69
31 65
31 54
31 64
11 31
29 31
11 29
16 18
16 39
39 65
39 67
39 40
18 39
36 39
65 71
47 71
57 71
58 76
0 76
57 76
69 76
18 76
65 76
40 76
33 76
67 76
33 40
33 36
4 25
4 69
0 4
4 54
4 77
4 58
4 18
69 77
0 69
65 69
54 69
11 69
42 47
36 42
42 67
42 65
38 42
47 58
18 58
0 58
36 58
38 58
43 58
10 57
10 47
9 10
10 12
10 36
10 73
10 38
0 10
10 40
10 67
52 73
47 73
73 77
43 73
25 73
18 73
40 73
68 77
67 77
11 77
57 77
65 77
47 77
25 77
53 68
53 65
18 53
53 57
11 52
5 11
11 68
11 47
11 38
11 25
11 43
11 40
1 5
1 67
1 52
1 25
1 30
1 38
1 47
1 9
30 52
36 52
38 52
5 52
52 57
0 52
40 52
52 68
43 52
5 74
57 74
54 74
67 74
48 74
43 48
30 48
47 48
48 60
48 68
0 48
43 60
36 60
12 60
60 65
54 60
40 60
9 36
36 38
25 36
36 65
36 54
36 67
18 36
0 6
6 12
6 38
6 18
6 40
12 30
12 67
9 12
12 65
12 18
12 47
9 19
19 65
19 43
19 54
19 50
5 19
50 56
43 50
50 65
50 67
50 68
0 50
5 50
50 54
68 70
45 68
5 68
43 68
38 68
57 68
40 68
38 70
57 70
67 70
40 70
45 70
9 70
18 70
5 18
0 18
18 65
18 54
18 40
15 38
15 56
15 59
15 47
15 55
15 54
55 63
43 55
38 55
46 55
45 55
0 55
55 56
55 67
9 55
45 46
45 56
43 45
45 65
30 45
45 47
25 45
5 30
30 43
25 30
30 54
2 67
2 5
2 32
2 59
2 57
0 2
2 56
2 40
32 63
32 59
32 56
32 57
5 32
32 47
0 37
37 56
37 38
37 40
5 37
37 57
37 67
54 56
38 56
25 56
9 56
0 56
40 56
3 21
21 67
9 21
21 38
21 46
21 59
21 47
5 21
21 57
21 25
57 63
57 59
9 57
38 57
57 67
54 57
0 27
27 49
27 40
27 47
25 27
5 27
49 63
49 51
43 49
49 72
49 54
49 65
54 72
51 54
54 63
9 54
5 54
47 54
0 54
3 79
0 79
25 79
65 79
40 79
38 79
3 72
3 51
3 63
3 43
3 25
3 47
3 65
3 9
38 44
44 65
40 44
44 47
5 44
44 67
44 46
44 59
9 44
38 63
38 46
9 38
38 40
38 43
41 46
41 47
0 41
47 63
47 59
40 47
47 67
34 67
25 34
0 34
25 78
25 51
25 63
25 59
5 25
25 43
9 78
59 78
67 78
5 78
59 72
59 63
43 59
22 40
22 62
62 63
51 62
43 62
62 72
62 65
5 62
46 62
9 62
40 62
46 72
46 51
46 63
43 46
46 67
40 46
7 67
0 7
67 72
5 67
0 67
43 67
23 40
40 72
40 63
40 43
9 13
9 51
9 65
0 9
5 75
0 75
5 13
5 63
0 5
0 17
13 65
65 72
51 65
63 65
0 65
43 65
13 63
13 51
13 43
13 72
0 13
0 20
63 72
51 72
43 72
43 51
43 63
0 24
51 63
0 51
0 61
