80 316
41 64
20 70
35 70
21 35
40 70
21 40
40 51
5 70
5 46
70 73
9 51
9 73
53 70
51 53
43 53
73 77
54 77
66 77
66 76
45 73
35 48
31 43
31 48
29 67
26 29
20 26
26 68
22 68
27 41
20 27
27 68
58 70
51 58
11 58
58 76
29 58
58 65
47 58
42 58
15 58
5 15
63 73
59 63
29 63
15 63
63 66
53 63
8 45
8 63
12 70
12 51
12 77
12 59
12 29
12 67
12 42
8 12
21 49
46 49
43 49
49 77
45 49
49 67
12 49
45 55
55 67
50 70
46 50
50 73
50 76
45 50
20 50
50 69
50 55
40 50
11 62
62 76
29 62
47 62
50 62
5 62
34 45
15 34
12 34
34 49
58 75
63 75
5 75
33 70
33 51
33 73
33 48
60 70
46 60
11 60
60 76
32 60
10 21
10 51
10 77
10 48
10 59
10 63
9 10
10 47
10 60
10 35
29 71
10 71
12 71
33 71
55 71
35 71
7 55
7 71
7 54
7 22
69 71
10 42
60 65
3 32
3 47
25 42
3 25
43 74
74 77
32 74
20 74
25 74
5 74
74 78
62 78
6 44
42 72
9 57
18 45
15 18
18 36
33 36
36 66
36 52
33 52
8 52
52 75
52 60
34 38
24 36
3 24
24 53
24 35
35 79
5 79
9 79
13 79
13 15
13 65
59 61
61 63
25 61
54 61
2 5
2 61
2 34
2 66
16 26
1 12
1 3
1 74
1 9
4 45
4 20
4 50
4 57
4 26
1 4
4 35
4 28
28 64
1 16
2 16
16 22
14 73
14 76
14 29
14 47
14 65
14 23
37 42
23 37
37 74
37 69
37 60
37 38
14 31
14 18
2 14
19 53
19 66
13 19
14 19
31 61
25 39
39 61
31 39
18 39
9 39
8 30
30 62
30 40
30 39
13 61
13 17
17 54
17 40
17 69
13 24
0 13
24 38
38 52
36 65
18 57
18 31
18 27
57 72
8 72
62 72
72 75
6 72
6 78
6 54
40 78
64 74
25 31
3 66
3 26
3 60
53 60
60 69
32 69
32 33
20 32
15 33
33 69
33 75
22 33
34 75
64 75
34 62
50 53
49 55
9 55
8 55
49 64
40 49
8 49
15 40
53 58
40 58
42 64
42 44
27 44
44 66
44 53
26 44
27 31
9 56
27 56
27 54
9 68
22 26
31 67
65 67
20 67
67 69
31 47
45 48
48 69
5 48
20 48
45 66
40 66
54 76
47 76
41 54
20 54
54 65
65 77
9 77
40 77
59 65
35 65
53 59
5 53
20 43
9 43
35 73
20 73
40 73
5 73
5 35
40 46
46 69
20 51
51 69
35 51
11 35
35 64
20 21
21 69
69 70
11 69
11 47
22 47
47 64
22 41
0 22
