80 1264
3 73
27 73
3 27
27 29
8 73
3 8
8 29
27 37
8 37
5 73
3 5
5 29
5 37
16 27
8 16
5 16
11 73
3 11
11 29
11 37
11 16
2 3
2 27
2 8
2 5
15 73
3 15
15 29
15 37
15 16
2 15
3 9
9 27
8 9
5 9
34 73
3 34
29 34
34 37
16 34
2 34
9 34
3 59
2 59
9 59
27 59
8 59
5 59
68 73
3 68
29 68
37 68
16 68
2 68
9 68
59 68
64 73
3 64
29 64
37 64
16 64
2 64
9 64
59 64
27 64
8 64
5 64
64 68
34 64
65 73
3 65
29 65
37 65
16 65
2 65
9 65
59 65
64 65
3 76
37 76
2 76
59 76
64 76
27 76
8 76
5 76
72 73
3 72
29 72
37 72
16 72
2 72
9 72
59 72
64 72
72 76
3 6
6 27
6 8
5 6
6 15
6 34
6 65
6 68
6 72
6 11
36 73
3 36
29 36
36 37
16 36
2 36
9 36
36 59
36 64
36 76
6 36
3 46
27 46
8 46
5 46
46 68
11 46
34 46
36 46
46 72
46 65
15 46
13 73
3 13
13 29
13 37
13 16
2 13
9 13
13 59
13 64
13 76
6 13
13 46
3 63
6 63
27 63
8 63
5 63
63 72
63 65
11 63
36 63
34 63
63 68
15 63
13 63
3 35
35 37
2 35
35 59
35 64
6 35
35 63
40 73
3 40
29 40
37 40
16 40
2 40
9 40
40 59
40 64
40 76
6 40
40 46
3 69
69 76
63 69
27 69
8 69
5 69
11 69
34 69
36 69
68 69
69 72
15 69
65 69
13 69
73 77
3 77
29 77
37 77
16 77
2 77
9 77
64 77
76 77
46 77
69 77
40 77
3 62
59 62
62 76
6 62
46 62
40 62
27 62
8 62
5 62
62 68
62 72
11 62
34 62
36 62
15 62
62 65
3 55
55 69
55 62
3 30
2 30
9 30
30 59
30 76
6 30
30 63
30 40
30 62
21 73
3 21
21 29
21 37
16 21
2 21
9 21
21 59
21 64
21 76
6 21
21 46
21 63
21 69
73 74
3 74
29 74
37 74
9 74
59 74
64 74
46 74
63 74
69 74
27 74
8 74
5 74
68 74
34 74
36 74
72 74
15 74
65 74
11 74
3 18
18 37
9 18
18 64
18 76
6 18
18 69
18 74
3 32
32 37
9 32
32 59
32 64
32 46
32 63
32 69
32 74
27 32
8 32
5 32
11 32
32 36
15 32
32 72
32 68
32 65
32 34
24 73
3 24
24 29
24 37
9 24
24 64
24 76
24 46
24 69
24 40
24 32
21 24
27 39
8 39
5 39
34 39
19 73
3 19
19 29
19 37
16 19
2 19
9 19
19 64
19 76
6 19
19 63
19 74
19 62
19 39
3 25
25 76
25 63
25 40
25 62
25 30
25 27
8 25
25 35
3 75
39 75
25 75
36 75
5 75
32 38
21 38
27 45
8 45
5 45
32 49
21 49
45 49
25 49
3 20
20 59
20 76
6 20
20 63
20 69
20 32
20 21
20 45
20 25
20 27
8 20
67 74
30 67
39 67
17 27
8 17
17 67
32 61
30 61
39 61
17 61
20 61
61 65
8 61
43 51
51 65
51 55
3 26
2 26
9 26
26 59
26 76
6 26
26 63
26 69
26 62
26 30
26 45
17 26
20 26
26 65
26 55
1 3
1 16
1 2
1 9
1 64
1 6
1 63
1 74
1 32
1 30
1 25
1 17
1 20
1 38
1 55
1 26
3 14
14 29
14 37
2 14
9 14
14 59
14 64
6 14
14 63
14 40
14 74
14 21
14 45
14 36
14 43
14 65
14 55
14 26
11 14
45 50
17 50
43 50
5 50
8 50
50 51
14 50
0 50
55 66
26 66
66 72
48 72
14 48
3 23
21 23
23 25
23 36
23 43
23 38
8 23
23 51
11 23
23 48
23 75
23 67
43 60
38 60
8 60
26 60
11 60
0 60
23 60
3 33
9 33
33 76
6 33
33 69
33 40
33 74
30 33
33 45
17 33
20 33
5 33
8 33
26 33
11 33
14 33
3 56
40 56
56 62
21 56
45 56
17 56
20 56
5 56
55 56
26 56
56 72
48 56
52 56
23 56
3 54
54 59
54 64
6 54
54 69
40 54
54 62
30 54
45 54
36 54
43 54
38 54
8 54
26 54
11 54
0 54
54 66
33 54
4 39
4 25
4 5
4 38
4 8
4 51
4 72
4 14
4 66
4 67
4 77
4 34
4 54
3 78
16 78
9 78
59 78
64 78
6 78
69 78
74 78
32 78
30 78
39 78
36 78
43 78
5 78
65 78
51 78
14 78
0 78
66 78
23 78
4 78
3 58
58 74
58 62
21 58
39 58
25 58
5 58
38 58
55 58
26 58
58 72
58 66
52 58
58 67
54 58
3 70
37 70
2 70
59 70
70 76
46 70
63 70
69 70
70 74
32 70
25 70
17 70
20 70
38 70
65 70
51 70
14 70
0 70
23 70
33 70
4 70
58 70
12 73
3 12
12 29
2 12
9 12
12 59
12 76
6 12
12 46
12 40
12 62
12 30
12 45
12 36
12 20
5 12
12 55
12 51
12 14
12 48
12 66
12 33
3 47
9 47
47 64
46 47
47 69
47 74
47 62
39 47
45 47
17 47
20 47
47 65
47 55
8 47
47 72
47 48
47 52
47 67
4 47
47 50
3 42
42 59
42 64
42 76
42 46
42 74
32 42
39 42
42 45
36 42
17 42
38 42
42 55
42 51
11 42
0 42
23 42
42 67
42 47
42 58
28 73
3 28
28 29
28 37
16 28
2 28
9 28
28 59
28 64
28 76
6 28
28 46
28 69
28 40
28 62
21 28
28 39
28 36
20 28
28 38
28 65
28 51
11 28
0 28
28 66
28 67
28 54
28 42
12 28
24 28
28 56
28 50
73 79
3 79
29 79
37 79
16 79
2 79
9 79
59 79
64 79
76 79
6 79
46 79
63 79
40 79
62 79
21 79
39 79
36 79
43 79
38 79
65 79
51 79
11 79
48 79
66 79
33 79
54 79
3 41
41 59
41 64
41 46
41 63
40 41
32 41
30 41
25 41
17 41
20 41
38 41
41 65
26 41
41 72
0 41
41 52
41 67
4 41
41 77
41 49
41 68
13 41
3 57
46 57
57 63
40 57
32 57
30 57
39 57
25 57
43 57
5 57
8 57
51 57
11 57
0 57
52 57
33 57
47 57
41 57
25 31
17 31
31 43
31 38
8 31
31 51
11 31
31 48
31 52
23 31
31 47
31 41
10 11
10 66
10 52
10 23
4 10
10 47
10 31
10 24
10 50
10 75
10 79
10 19
10 77
1 10
44 65
26 44
44 72
44 48
23 44
44 67
4 44
44 58
42 44
24 44
44 56
44 75
34 44
44 61
7 45
7 25
7 43
7 38
7 8
7 51
7 14
7 48
7 52
7 33
7 47
7 42
7 12
7 24
7 56
7 57
7 19
7 28
3 53
46 53
53 63
53 74
53 62
30 53
39 53
36 53
20 53
38 53
53 55
26 53
14 53
48 53
23 53
53 67
47 53
41 53
31 53
49 53
50 53
53 57
34 53
53 61
7 53
53 78
44 53
53 60
15 53
13 53
39 71
17 71
20 71
5 71
65 71
8 71
11 71
0 71
66 71
33 71
54 71
41 71
12 71
49 71
50 71
57 71
19 71
28 71
7 71
1 71
60 71
35 71
15 71
27 71
7 15
7 18
7 44
7 35
44 78
35 44
13 44
10 44
10 27
3 22
22 74
22 62
21 22
22 39
22 25
17 22
5 22
22 65
22 26
14 22
22 48
22 52
22 33
22 54
22 58
12 22
22 31
22 70
22 75
19 22
22 61
22 78
22 68
10 22
22 60
22 27
13 22
10 18
31 50
31 79
31 60
31 57
31 56
31 35
27 31
31 77
13 31
49 57
56 57
57 75
27 57
19 57
57 61
34 57
57 60
18 41
24 41
41 79
1 41
41 50
24 79
70 79
75 79
1 79
78 79
28 79
35 79
15 79
18 79
13 79
1 28
28 60
27 28
15 28
28 68
34 42
42 78
15 42
1 42
27 42
42 77
24 42
12 42
42 75
47 68
19 47
47 61
12 47
35 47
15 47
12 58
12 68
12 49
12 70
12 18
12 61
12 13
12 19
24 70
56 70
50 70
19 70
70 75
13 70
34 70
61 70
70 77
34 58
58 78
19 58
58 60
58 61
58 75
27 58
56 58
49 78
56 78
75 78
19 78
77 78
68 78
27 78
4 24
4 49
4 18
4 60
4 13
35 54
54 77
15 54
27 54
54 75
34 54
1 54
54 56
49 56
18 56
15 56
35 56
56 68
33 52
52 68
35 52
18 52
1 52
18 33
33 49
33 50
27 33
33 60
33 61
19 33
49 60
50 60
34 60
60 77
1 60
60 68
23 49
23 61
23 27
13 23
19 23
18 48
34 48
48 66
35 48
19 48
27 48
1 66
61 66
34 66
50 66
66 77
24 66
15 66
49 50
1 50
27 50
13 50
18 50
14 35
14 75
1 14
14 67
14 24
0 14
14 49
1 67
1 24
1 34
1 77
1 15
1 13
26 27
15 26
19 26
26 51
26 49
13 26
26 72
51 77
24 51
51 61
51 75
11 51
51 68
11 61
49 61
19 61
18 61
13 61
35 61
61 77
17 38
17 72
5 17
13 17
17 55
17 35
20 67
65 67
55 67
67 72
0 67
67 68
15 67
13 67
24 67
67 75
35 67
18 20
20 43
20 65
20 77
20 49
20 24
20 72
38 49
8 49
11 49
35 49
49 68
15 49
43 45
36 45
45 55
38 45
11 45
38 43
27 38
38 75
34 38
8 38
11 38
38 55
65 75
0 75
24 75
15 75
68 75
75 77
15 25
25 34
25 72
25 77
19 25
25 68
5 25
18 25
19 36
19 43
5 19
19 55
19 72
19 24
19 34
19 27
39 72
24 39
13 39
18 39
39 65
24 36
5 24
24 55
0 24
24 34
18 24
18 32
32 35
32 43
21 32
18 30
5 18
18 55
18 72
11 18
18 68
18 35
18 27
13 18
13 74
21 74
21 27
8 21
5 21
21 34
21 65
21 72
21 36
11 21
21 68
15 21
21 35
21 30
21 77
27 30
8 30
5 30
30 36
11 30
30 43
30 68
15 30
30 55
13 30
30 65
36 55
35 55
34 55
55 72
8 55
13 55
13 62
62 77
36 77
5 77
8 77
72 77
0 77
34 77
13 77
27 77
40 69
27 40
8 40
5 40
36 40
11 40
34 40
15 40
40 72
40 65
40 68
13 40
35 40
40 43
35 36
35 65
35 72
34 35
35 68
15 35
13 43
5 13
11 13
0 13
27 36
8 36
34 36
36 65
36 43
15 36
36 68
11 36
65 72
0 72
11 72
27 72
34 72
68 72
11 76
65 76
34 76
68 76
15 76
5 65
65 68
27 65
11 65
15 64
11 64
43 68
8 68
0 68
34 68
15 68
34 59
11 59
15 59
5 34
8 34
9 11
9 15
15 43
5 15
8 15
11 15
0 15
2 11
11 43
5 43
5 27
0 5
8 43
8 27
0 8
27 43
3 43
0 43
