80 1264
18 35
35 59
18 59
35 36
36 59
50 59
18 50
36 50
35 45
45 59
45 50
18 42
36 42
42 45
35 41
41 59
41 50
41 42
0 41
18 60
36 60
41 60
45 60
27 35
27 59
27 50
27 42
0 27
27 60
23 35
23 59
23 50
23 42
0 23
23 60
18 23
23 36
23 45
23 41
23 27
26 35
26 59
26 50
26 42
0 26
26 60
23 26
3 35
3 59
3 50
3 42
0 3
3 60
3 23
3 18
3 36
3 45
3 41
3 27
35 68
59 68
50 68
42 68
0 68
60 68
23 68
3 68
45 68
6 23
3 6
6 45
6 18
6 36
6 41
6 27
6 26
6 68
35 49
49 59
49 50
42 49
0 49
49 60
23 49
3 49
45 49
6 49
41 49
18 48
36 48
27 48
48 68
48 49
26 48
11 35
11 59
11 50
11 42
0 11
11 60
11 23
3 11
11 45
6 11
11 41
11 48
22 35
22 59
22 50
22 42
0 22
22 60
22 23
3 22
22 45
6 22
22 41
18 22
22 36
22 27
22 26
22 68
22 49
7 35
7 59
7 50
7 42
0 7
7 60
7 23
3 7
7 45
6 7
7 41
7 48
7 22
1 41
1 48
1 18
1 36
1 27
1 26
1 49
1 68
6 13
1 13
35 67
59 67
50 67
42 67
0 67
60 67
23 67
3 67
45 67
6 67
41 67
48 67
22 67
1 67
18 67
36 67
27 67
26 67
67 68
49 67
59 78
45 78
41 78
48 78
67 78
8 59
8 50
8 42
0 8
8 23
8 45
6 8
8 48
8 67
23 65
45 65
41 65
48 65
1 65
18 65
36 65
27 65
49 65
65 68
26 65
0 73
45 73
6 73
22 73
0 34
34 45
34 41
22 34
18 34
34 36
27 34
34 68
26 34
34 49
41 56
22 56
34 56
18 63
36 63
27 63
9 35
9 59
9 50
9 42
0 9
9 60
9 23
3 9
9 45
6 9
9 41
9 48
9 34
9 63
8 9
0 77
45 77
6 77
1 77
67 77
65 77
38 41
22 38
34 38
38 65
18 38
36 38
27 38
35 46
46 59
46 50
42 46
0 46
45 46
41 46
22 46
1 46
46 65
38 46
23 76
45 76
41 76
48 76
34 76
67 76
38 76
18 76
36 76
27 76
43 59
43 50
0 43
43 45
41 43
1 43
43 67
43 63
8 43
43 76
11 43
59 66
42 66
23 66
45 66
41 66
22 66
66 67
63 66
38 66
66 77
11 66
18 66
36 66
25 59
25 50
25 42
0 25
23 25
25 45
25 41
25 48
25 34
25 67
8 25
25 77
11 25
25 66
25 68
5 35
5 59
5 50
5 42
0 5
5 60
5 23
3 5
5 45
5 6
5 41
5 48
5 34
5 65
5 8
5 76
41 58
48 58
58 67
58 65
8 58
58 77
18 58
36 58
27 58
23 71
45 71
41 71
22 71
1 71
65 71
18 69
36 69
27 69
69 71
40 59
40 50
3 40
40 45
6 40
40 41
1 40
8 40
40 69
11 40
27 40
40 66
5 40
3 20
20 45
20 41
20 22
20 34
20 63
20 38
20 77
11 20
20 27
30 59
30 45
6 30
1 30
30 67
30 63
30 38
30 76
11 30
30 66
18 30
30 36
35 44
44 59
44 50
42 44
0 44
44 60
23 44
3 44
44 45
6 44
41 44
1 44
34 44
44 63
8 44
44 76
11 44
30 44
31 38
31 69
31 58
31 66
31 68
18 31
31 36
2 59
0 2
2 3
2 45
2 41
1 2
2 67
2 63
2 8
2 69
2 11
2 27
2 31
2 20
21 41
21 22
21 34
21 65
21 38
21 77
21 27
21 66
21 30
20 21
15 23
3 15
15 45
15 22
15 34
15 67
15 69
15 76
11 15
15 27
15 31
7 15
15 18
15 36
15 73
10 35
10 59
10 50
10 42
0 10
10 60
10 23
3 10
10 45
6 10
10 41
1 10
10 67
10 63
10 69
10 77
10 58
10 30
10 31
5 10
10 15
10 25
10 78
31 52
20 52
21 52
15 54
18 54
54 71
12 59
3 12
6 12
12 48
12 34
12 65
8 12
12 77
12 27
12 30
5 12
7 12
12 20
12 54
12 71
12 52
4 59
4 50
4 42
0 4
4 23
4 45
4 6
1 4
4 34
4 65
4 38
4 76
4 58
4 30
4 31
4 7
4 15
4 54
4 71
35 53
53 59
50 53
42 53
23 53
45 53
41 53
22 53
53 67
53 63
38 53
53 76
53 58
27 53
53 68
20 53
15 53
53 54
53 71
4 53
40 53
9 53
13 53
36 53
53 73
8 79
76 79
27 79
66 79
5 79
7 79
18 37
36 37
37 71
28 58
28 66
28 68
7 28
28 37
25 28
28 78
28 43
4 28
17 35
17 59
17 50
17 42
0 17
17 60
17 23
3 17
17 45
6 17
17 41
17 22
1 17
17 63
17 69
17 77
17 58
17 30
17 68
7 17
17 20
17 54
2 17
17 53
59 64
3 64
41 64
22 64
64 67
63 64
38 64
64 69
11 64
30 64
31 64
5 64
15 64
25 64
64 78
52 64
6 33
33 48
33 34
33 65
33 38
33 69
11 33
27 33
33 68
7 33
33 37
33 54
33 71
33 53
33 64
9 33
13 33
26 33
2 74
43 74
4 74
17 74
57 69
57 76
11 57
30 57
57 68
20 57
21 57
37 57
2 57
43 57
4 57
9 57
13 57
12 57
41 55
48 55
34 55
55 65
8 55
55 77
55 58
55 66
31 55
7 55
21 55
54 55
2 55
52 55
4 55
9 55
55 57
26 55
36 55
59 62
50 62
42 62
0 62
3 62
45 62
6 62
1 62
34 62
62 63
38 62
62 77
58 62
62 66
62 68
7 62
15 62
54 62
2 62
43 62
62 64
9 62
13 62
62 79
8 29
29 76
27 29
29 66
5 29
20 29
29 37
29 54
29 78
29 52
4 29
9 29
32 59
0 32
32 60
32 45
32 41
32 48
32 67
32 65
32 38
32 76
32 58
27 32
32 68
7 32
21 32
25 32
32 71
32 43
32 64
17 32
69 72
72 77
11 72
66 72
31 72
7 72
15 72
54 72
2 72
52 72
64 72
32 72
57 72
26 72
72 74
36 72
24 35
24 59
24 50
24 42
23 24
24 45
24 41
22 24
24 67
24 63
8 24
24 76
11 24
24 27
24 68
5 24
24 37
24 25
2 24
24 53
24 43
9 24
13 24
24 44
24 74
24 36
24 49
24 72
18 24
10 24
61 64
17 61
13 61
26 61
36 61
14 45
14 48
14 34
14 65
14 38
14 77
11 14
14 66
14 68
5 14
14 21
14 25
14 71
14 52
14 64
14 17
14 57
14 79
14 74
14 56
14 28
14 61
3 19
19 45
19 41
19 22
19 34
19 65
19 38
19 69
19 27
19 30
19 31
19 20
19 21
19 37
2 19
19 53
19 43
19 32
19 57
19 26
19 44
14 19
19 49
19 33
18 19
16 58
16 30
16 68
7 16
15 16
16 54
2 16
16 52
4 16
16 32
16 57
16 79
16 29
16 62
16 55
16 61
16 19
35 51
51 59
50 51
42 51
0 51
51 60
23 51
3 51
45 51
6 51
41 51
48 51
22 51
1 51
51 67
51 63
51 69
11 51
51 58
51 66
31 51
20 51
21 51
25 51
51 78
43 51
51 64
9 51
13 51
26 51
51 74
36 51
14 51
33 51
40 51
16 51
12 51
46 51
10 51
28 51
16 28
16 18
16 56
16 46
35 70
59 70
50 70
42 70
0 70
60 70
3 70
45 70
41 70
22 70
67 70
65 70
38 70
11 70
58 70
27 70
31 70
20 70
21 70
25 70
70 78
70 71
43 70
17 70
13 70
44 70
29 70
36 70
55 70
61 70
19 70
70 73
47 78
47 71
43 47
32 47
47 57
26 47
47 74
47 62
14 47
24 47
40 47
47 73
47 72
47 56
12 47
47 70
39 59
3 39
39 41
1 39
34 39
39 63
8 39
39 76
27 39
30 39
39 68
7 39
15 39
25 39
39 71
39 53
4 39
17 39
13 39
39 79
29 39
39 62
39 49
33 39
39 40
39 73
39 46
39 70
39 72
39 56
18 70
10 70
10 19
19 72
19 56
10 14
14 73
14 49
55 61
24 61
12 61
28 61
61 73
46 61
24 46
24 73
33 72
28 72
12 72
59 75
45 75
41 75
22 75
1 75
65 75
38 75
75 77
11 75
30 75
5 75
20 75
21 75
75 78
2 75
52 75
64 75
9 75
26 75
75 79
74 75
62 75
49 75
33 75
40 75
73 75
46 75
12 75
72 75
18 75
13 32
32 56
26 32
32 79
32 49
32 40
32 73
29 32
29 44
29 49
12 29
29 62
29 73
29 40
29 74
10 29
46 62
55 62
33 62
12 62
40 62
12 55
10 55
55 56
40 55
33 55
57 74
18 57
46 57
28 57
44 74
46 74
18 74
33 74
33 40
33 56
64 73
9 64
18 64
17 64
26 64
49 64
17 73
17 18
17 28
10 17
17 46
17 36
17 49
28 44
28 36
28 49
28 40
28 56
18 28
37 79
37 56
13 37
37 49
37 44
25 79
71 79
53 79
43 79
9 79
26 79
18 79
12 79
10 79
73 79
56 79
46 53
44 53
52 53
4 43
4 36
4 13
4 44
4 46
4 12
4 40
9 12
12 40
10 12
54 56
26 54
54 78
52 54
9 54
2 52
26 52
43 52
52 56
49 52
10 52
18 52
10 43
10 13
10 46
10 56
9 15
15 49
15 46
15 21
13 15
15 43
18 21
21 36
21 44
21 25
21 26
21 40
21 78
2 21
2 25
2 78
2 18
2 71
2 43
2 73
9 31
31 44
5 31
13 31
31 78
31 56
20 44
44 78
9 44
13 44
26 44
44 49
40 44
36 44
44 56
30 71
7 30
5 30
9 30
30 68
20 30
5 20
18 20
20 36
20 49
20 56
20 40
25 40
40 78
9 40
71 76
58 71
68 71
7 71
9 71
36 71
46 71
49 71
18 71
5 58
7 58
49 58
58 73
58 78
58 68
5 18
5 36
5 46
5 26
5 73
5 13
5 25
5 78
5 9
18 25
25 36
25 73
25 43
25 46
13 66
43 66
66 78
49 66
56 66
26 66
43 68
7 43
43 56
11 76
76 77
46 76
68 76
26 76
13 76
11 46
27 46
7 46
26 46
46 49
38 77
26 38
38 78
13 38
18 77
36 77
27 77
7 77
9 77
56 77
73 77
49 77
77 78
9 27
9 26
7 63
49 63
11 63
56 63
26 63
63 68
8 56
27 56
56 78
13 56
34 73
7 34
65 73
8 73
27 73
68 73
36 73
18 73
13 65
8 65
8 18
8 36
8 27
8 78
8 11
8 68
7 8
8 49
18 78
36 78
26 78
13 78
13 67
11 67
13 27
13 36
1 7
1 11
7 68
7 18
7 36
7 26
11 22
11 18
11 36
11 27
49 68
36 49
18 49
41 68
18 68
36 68
3 26
26 45
26 41
26 27
27 45
27 41
18 27
27 36
41 45
18 41
36 41
0 42
0 45
18 45
36 45
0 50
0 36
18 36
0 59
0 18
0 35
