80 1580
42 76
0 42
11 42
66 76
0 66
11 66
0 23
23 42
23 66
70 76
0 70
11 70
23 70
42 45
45 66
26 76
0 26
11 26
23 26
26 45
12 76
0 12
11 12
12 23
12 45
12 42
12 66
12 26
40 76
0 40
11 40
23 40
40 45
12 40
0 1
1 12
1 42
1 66
1 40
1 70
1 26
44 76
0 44
11 44
23 44
44 45
12 44
1 44
25 42
25 66
25 26
25 40
25 70
25 44
68 76
0 68
11 68
23 68
45 68
12 68
1 68
25 68
42 78
66 78
26 78
40 78
70 78
44 78
68 78
43 76
0 43
11 43
23 43
43 45
12 43
1 43
25 43
43 78
21 76
0 21
21 23
21 45
12 21
1 21
21 25
21 78
21 42
21 66
21 70
21 40
21 26
21 44
21 68
21 43
57 76
0 57
11 57
23 57
45 57
12 57
1 57
25 57
57 78
21 57
57 68
55 76
0 55
23 55
45 55
12 55
1 55
25 55
55 78
21 55
55 68
42 55
55 66
40 55
55 70
26 55
44 55
55 57
43 55
10 76
0 10
10 11
10 23
10 45
10 12
1 10
10 25
10 78
10 21
10 68
10 55
10 70
13 42
13 66
13 26
13 40
13 44
13 57
13 43
27 76
0 27
11 27
23 27
27 45
12 27
1 27
25 27
27 78
21 27
27 68
27 55
27 70
13 27
0 41
41 68
41 70
41 42
41 66
26 41
40 41
41 44
41 57
41 43
67 76
0 67
11 67
23 67
45 67
12 67
1 67
25 67
67 78
21 67
67 68
55 67
67 70
13 67
41 67
52 55
52 70
42 52
52 66
40 52
26 52
44 52
52 57
43 52
10 52
27 52
52 67
74 76
0 74
11 74
23 74
45 74
12 74
1 74
25 74
74 78
21 74
68 74
55 74
70 74
13 74
41 74
52 74
5 76
0 5
5 23
5 45
5 12
1 5
5 25
5 21
5 68
5 55
5 70
5 13
5 42
5 66
5 26
5 40
5 44
5 57
5 43
5 10
5 74
5 27
5 67
16 76
0 16
16 23
16 45
12 16
1 16
16 25
16 78
16 21
16 68
16 70
13 16
5 16
16 74
24 76
0 24
23 24
24 45
12 24
1 24
21 24
24 68
24 55
24 70
24 52
24 74
24 42
24 66
24 40
24 26
24 44
24 43
24 57
10 24
24 67
24 27
15 76
0 15
11 15
15 23
15 45
12 15
1 15
15 25
15 78
15 21
15 68
15 55
15 70
13 15
15 41
15 52
5 15
15 74
15 24
0 8
8 23
8 12
1 8
8 21
8 68
8 55
8 13
5 8
8 74
8 24
8 42
8 66
8 40
8 26
8 44
8 57
8 43
50 76
0 50
12 50
1 50
21 50
50 68
50 55
50 70
50 52
50 74
24 50
8 50
70 77
13 77
41 77
74 77
42 48
48 66
40 48
26 48
44 48
48 57
43 48
10 48
27 48
48 67
14 76
0 14
14 23
14 45
12 14
1 14
14 21
14 68
14 70
13 14
5 14
14 48
14 24
5 37
37 48
37 42
37 66
26 37
37 40
37 44
37 57
37 43
46 76
0 46
23 46
45 46
12 46
1 46
25 46
46 78
21 46
46 68
46 55
46 70
13 46
41 46
46 52
46 74
37 46
8 46
46 77
14 46
17 42
17 66
17 40
17 26
17 44
9 76
0 9
9 11
9 23
9 45
9 12
1 9
9 25
9 78
9 21
9 68
9 55
9 70
9 13
9 41
9 52
5 9
9 48
9 24
9 37
9 42
9 66
9 26
9 40
9 44
58 76
0 58
11 58
23 58
45 58
12 58
1 58
25 58
58 78
21 58
58 68
55 58
58 70
13 58
41 58
52 58
5 58
58 74
24 58
9 58
58 77
32 76
0 32
23 32
32 45
12 32
1 32
25 32
21 32
32 68
32 55
32 70
32 41
32 52
5 32
32 48
8 32
32 77
32 42
32 66
32 40
26 32
32 44
31 76
0 31
11 31
23 31
31 45
12 31
1 31
25 31
31 78
21 31
31 68
31 55
31 70
13 31
31 41
31 52
5 31
31 48
24 31
8 31
9 31
31 32
0 73
68 73
55 73
41 73
52 73
48 73
24 73
9 73
73 77
14 73
42 73
66 73
26 73
40 73
44 73
71 76
0 71
23 71
45 71
12 71
1 71
25 71
21 71
68 71
55 71
70 71
13 71
41 71
71 74
48 71
9 71
71 77
71 73
58 71
19 73
17 19
19 42
19 66
19 26
19 40
19 44
19 50
19 57
0 4
4 45
4 12
4 78
4 21
4 68
4 70
4 13
4 52
4 74
4 37
4 8
4 77
4 32
4 73
4 19
0 59
12 59
55 59
59 70
5 59
59 74
37 59
8 59
14 59
32 59
58 59
46 59
42 59
59 66
26 59
40 59
16 59
6 24
6 37
6 9
6 32
6 58
6 17
6 59
0 69
12 69
1 69
25 69
21 69
68 69
55 69
69 70
52 69
5 69
37 69
35 42
35 66
35 40
26 35
35 44
35 57
35 43
0 51
12 51
21 51
51 68
51 70
13 51
51 52
51 74
37 51
35 51
51 77
32 51
51 58
19 51
51 59
51 69
51 57
2 76
0 2
2 11
2 23
2 45
2 12
1 2
2 25
2 78
2 21
2 68
2 55
2 70
2 13
2 41
2 52
2 5
2 74
2 48
2 37
2 9
2 14
2 58
2 46
2 59
0 62
62 68
55 62
62 70
41 62
48 62
24 62
35 62
9 62
14 62
58 62
17 62
46 62
42 62
62 66
54 62
36 70
36 41
36 52
5 36
36 37
8 36
36 77
14 36
36 58
17 36
36 46
36 62
0 56
23 56
12 56
1 56
21 56
56 68
56 70
13 56
41 56
56 74
48 56
8 56
56 77
14 56
56 73
17 56
56 59
76 79
0 79
23 79
45 79
12 79
1 79
25 79
78 79
21 79
68 79
55 79
70 79
13 79
41 79
52 79
48 79
37 79
35 79
9 79
32 79
58 79
19 79
46 79
42 79
66 79
40 79
26 79
67 79
0 34
12 34
1 34
34 78
21 34
34 68
34 55
34 41
34 52
34 74
24 34
34 37
34 77
14 34
34 73
17 34
34 79
34 62
34 57
2 34
3 46
3 79
3 62
2 3
3 42
3 43
3 71
3 15
0 18
18 68
18 55
18 70
5 18
18 48
18 37
8 18
9 18
18 32
18 73
17 18
18 79
18 62
18 56
2 18
3 18
33 68
33 70
33 41
33 74
33 48
33 35
14 33
32 33
33 73
17 33
33 79
33 62
33 56
2 33
3 33
33 42
0 20
12 20
20 68
20 70
20 52
20 74
20 24
20 35
9 20
14 20
17 20
19 20
20 59
20 69
20 62
20 56
3 20
20 33
48 60
8 60
60 77
14 60
60 73
46 60
59 60
60 79
57 60
2 60
15 60
33 60
60 71
42 60
22 55
22 70
22 52
5 22
22 24
22 37
22 77
22 32
22 58
17 22
22 59
22 69
22 56
2 22
22 66
15 22
22 60
22 50
0 72
23 72
12 72
25 72
68 72
55 72
70 72
41 72
52 72
72 74
48 72
8 72
72 77
32 72
58 72
19 72
72 79
69 72
56 72
66 72
3 72
71 72
60 72
18 72
4 72
54 72
47 52
47 74
47 48
8 47
9 47
14 47
47 73
19 47
46 47
47 69
47 56
47 66
15 47
47 71
47 60
47 50
47 72
30 77
14 30
30 73
17 30
30 46
30 69
30 56
30 66
3 30
30 33
18 30
59 63
63 69
62 63
63 66
15 63
63 71
18 63
42 63
16 63
30 63
0 39
12 39
21 39
39 68
39 70
13 39
39 41
39 48
24 39
35 39
9 39
14 39
39 73
39 46
39 79
39 69
39 57
2 39
39 66
33 39
18 39
39 63
38 76
0 38
11 38
23 38
38 45
12 38
1 38
25 38
38 78
21 38
38 68
38 55
38 70
13 38
38 41
38 52
5 38
38 74
24 38
8 38
38 77
32 38
38 58
19 38
38 79
38 69
38 56
2 38
38 66
33 38
38 71
38 50
64 70
13 64
5 64
64 74
24 64
8 64
9 64
32 64
64 73
19 64
46 64
64 79
56 64
64 66
15 64
33 64
60 64
50 64
38 64
64 72
36 64
54 64
34 64
43 64
53 76
0 53
23 53
12 53
1 53
25 53
21 53
53 68
53 70
13 53
5 53
53 74
37 53
8 53
9 53
32 53
53 58
17 53
53 79
53 62
53 56
53 66
3 53
33 53
53 60
53 63
38 53
39 53
36 53
5 61
48 61
24 61
37 61
9 61
14 61
58 61
19 61
59 61
61 62
57 61
2 61
15 61
33 61
60 61
50 61
38 61
30 61
54 61
16 61
70 75
13 75
41 75
5 75
24 75
37 75
75 77
32 75
58 75
19 75
46 75
62 75
57 75
66 75
3 75
33 75
60 75
63 75
38 75
72 75
36 75
61 75
6 75
29 37
29 35
9 29
14 29
29 58
19 29
29 79
29 69
29 57
29 66
15 29
29 71
18 29
29 50
29 38
29 30
29 39
29 61
6 29
49 76
0 49
23 49
45 49
12 49
1 49
21 49
49 68
49 55
49 70
41 49
49 74
24 49
8 49
49 77
49 73
17 49
19 49
49 59
49 62
49 56
49 66
15 49
33 49
18 49
49 50
38 49
30 49
36 49
49 61
34 49
29 49
49 75
42 49
28 41
5 28
28 37
8 28
28 77
14 28
28 73
17 28
28 46
28 62
28 57
28 56
3 28
15 28
18 28
28 63
28 38
28 30
28 36
28 61
6 28
28 29
28 53
28 51
7 73
7 19
7 59
7 69
7 56
2 7
3 7
7 15
7 71
7 63
7 72
7 30
7 54
7 61
7 34
7 43
7 75
7 51
7 28
4 7
7 26
7 40
7 22
7 47
7 27
7 44
28 31
27 28
16 28
48 65
8 65
14 65
65 73
58 65
19 65
59 65
65 79
57 65
65 66
15 65
33 65
18 65
63 65
65 72
30 65
36 65
61 65
34 65
65 75
53 65
51 65
28 65
26 65
22 65
47 65
64 65
4 65
10 65
65 67
28 40
28 49
20 28
44 49
10 49
16 49
26 49
31 49
22 49
20 49
29 67
29 51
10 29
20 29
29 40
29 75
26 29
29 44
29 53
4 75
47 75
16 75
10 75
27 75
44 75
42 75
51 61
10 61
44 61
43 61
53 61
22 61
43 53
4 53
16 53
53 64
26 53
47 53
40 53
31 53
53 67
42 64
4 64
10 64
64 67
44 64
31 64
20 64
27 64
20 38
10 38
38 39
26 38
34 38
38 67
31 38
16 38
30 38
34 39
39 42
20 39
22 39
10 39
6 39
39 54
16 39
39 51
39 40
4 39
31 39
26 39
50 63
4 63
10 63
27 63
26 63
44 63
63 67
40 63
30 72
26 30
30 40
30 47
30 43
4 30
30 31
30 67
30 51
36 47
47 54
6 47
47 51
4 47
26 47
40 47
16 47
20 47
31 47
42 72
51 72
40 72
22 72
6 72
27 72
44 72
36 72
22 54
6 22
22 43
22 51
22 42
22 26
10 22
16 22
22 27
20 22
20 60
6 60
34 60
10 60
40 60
51 60
36 60
54 60
27 60
20 50
20 36
20 34
20 43
20 51
20 42
10 20
20 67
20 44
6 33
18 33
33 40
31 33
16 33
33 51
33 34
18 42
18 67
18 50
18 26
18 44
4 18
18 31
18 43
18 51
18 36
3 6
3 67
3 36
3 40
3 54
3 34
3 16
34 50
34 36
34 54
31 34
34 67
4 34
34 40
26 34
34 42
27 34
44 79
10 79
50 79
56 79
31 79
57 79
56 57
42 56
56 66
54 56
6 56
36 56
44 56
27 56
15 56
2 36
36 71
36 50
27 36
36 67
36 54
36 42
6 36
44 62
2 62
26 62
15 62
40 62
62 67
16 62
10 62
2 57
2 42
2 66
2 51
2 4
2 6
2 67
2 26
2 50
2 10
2 44
15 51
6 51
27 51
26 51
16 51
10 51
35 69
35 67
69 77
14 69
58 69
17 69
46 69
42 69
66 69
26 69
40 69
69 71
67 69
10 69
27 69
43 69
4 69
16 69
6 69
6 50
6 54
6 67
6 31
6 16
6 40
4 6
6 43
43 59
59 71
54 59
31 59
15 59
4 59
50 59
4 57
4 15
4 71
4 42
4 27
4 40
4 44
4 67
19 71
19 43
15 19
57 71
66 71
42 71
50 71
44 71
54 71
27 71
26 71
67 71
31 71
16 71
43 71
10 73
50 73
31 73
57 73
67 73
31 46
31 57
31 66
15 31
31 43
31 42
10 31
31 40
31 44
16 31
32 67
32 50
32 57
16 32
32 58
27 32
15 32
10 32
42 58
58 66
40 58
26 58
44 58
16 58
27 58
43 58
15 58
9 57
9 43
9 67
9 14
9 10
9 16
9 54
14 54
17 54
46 54
54 66
50 54
44 54
10 54
43 54
16 54
42 54
27 54
17 46
16 17
17 27
42 46
46 66
26 46
40 46
10 46
46 67
44 46
27 46
46 57
37 67
10 37
27 37
14 37
16 37
14 42
14 66
14 26
14 40
14 44
14 15
14 43
48 77
8 77
42 77
66 77
40 77
26 77
44 77
43 77
57 77
27 77
50 77
50 57
15 50
42 50
44 50
43 50
27 50
8 10
8 27
8 15
15 57
15 42
15 27
15 43
10 15
16 24
16 66
10 16
16 40
16 27
42 74
66 74
26 74
40 74
44 74
43 74
57 74
10 74
27 74
67 74
42 67
26 67
40 67
27 67
44 67
10 41
27 41
27 57
27 43
26 27
10 13
10 66
10 43
10 40
57 70
42 57
57 66
43 57
26 57
40 57
43 68
43 70
43 66
26 43
43 44
42 43
42 68
66 68
68 70
26 68
40 68
44 68
44 70
44 66
42 44
26 44
40 70
40 66
40 42
12 70
26 70
26 66
45 70
42 70
66 70
42 66
0 76
