80 1580
34 55
34 77
55 77
34 68
68 77
8 55
8 68
34 66
66 77
8 66
21 34
21 77
8 21
21 55
21 68
21 66
34 50
50 77
8 50
21 50
1 55
1 68
1 50
1 66
15 34
15 77
8 15
15 21
1 15
7 34
7 55
7 68
7 50
7 66
7 15
34 59
59 77
8 59
21 59
1 59
7 59
55 69
68 69
50 69
66 69
15 69
59 69
34 40
40 77
8 40
21 40
1 40
7 40
40 69
5 34
5 77
5 21
5 7
5 55
5 68
5 66
5 50
5 15
5 59
34 39
39 77
8 39
21 39
1 39
7 39
39 69
5 39
15 39
27 34
27 77
8 27
21 27
1 27
7 27
27 69
5 27
15 27
27 55
27 68
27 66
27 50
27 59
3 34
3 77
3 8
3 21
1 3
3 7
3 69
3 5
3 15
3 27
47 55
47 68
47 50
47 66
47 59
3 47
40 47
39 47
24 34
24 77
8 24
21 24
1 24
7 24
24 69
5 24
15 24
24 27
24 47
47 71
55 71
68 71
66 71
50 71
59 71
39 71
40 71
3 71
6 34
6 77
6 8
6 21
1 6
6 7
6 69
5 6
6 15
6 27
6 47
6 71
55 76
68 76
50 76
66 76
59 76
40 76
39 76
3 76
17 34
17 77
8 17
17 21
1 17
7 17
17 69
5 17
15 17
17 27
17 47
17 71
17 76
20 34
20 77
8 20
20 21
1 20
7 20
20 69
5 20
15 20
20 27
20 47
20 71
20 76
20 55
20 68
20 66
20 50
20 59
3 20
20 39
20 40
34 60
60 77
8 60
21 60
1 60
7 60
60 69
5 60
15 60
27 60
47 60
60 71
60 76
20 60
34 58
58 77
8 58
21 58
1 58
7 58
58 69
5 58
15 58
27 58
47 58
58 71
58 76
20 58
55 58
58 68
50 58
58 66
58 59
3 58
40 58
39 58
6 58
58 60
24 58
17 58
34 37
37 77
8 37
21 37
1 37
7 37
37 69
5 37
15 37
27 37
37 47
37 71
37 76
20 37
37 58
37 50
50 53
53 55
53 68
53 66
53 59
39 53
40 53
3 53
71 74
20 74
53 74
34 43
43 77
21 43
15 43
27 43
43 58
43 50
43 53
43 55
43 68
43 66
43 59
40 43
39 43
3 43
23 34
23 77
8 23
21 23
7 23
23 69
5 23
15 23
23 47
20 23
23 53
23 43
23 68
12 34
12 77
7 12
12 15
12 27
12 20
12 50
34 72
72 77
8 72
21 72
1 72
7 72
69 72
5 72
15 72
27 72
47 72
71 72
72 76
58 72
50 72
43 72
55 72
68 72
66 72
59 72
39 72
40 72
3 72
14 34
14 77
8 14
14 21
7 14
14 69
5 14
14 15
14 71
14 20
14 50
14 72
14 68
12 14
51 71
51 76
51 53
43 51
51 74
3 51
34 63
21 63
63 69
27 63
47 63
20 63
50 63
53 63
63 68
12 63
55 63
63 66
59 63
23 63
45 53
43 45
45 74
12 45
45 63
2 21
2 15
2 71
2 58
2 50
2 53
2 68
2 3
2 63
2 51
2 55
2 66
34 57
57 77
8 57
21 57
1 57
7 57
57 69
5 57
15 57
27 57
47 57
57 71
57 76
20 57
53 57
43 57
57 74
57 68
57 63
2 57
34 56
27 56
47 56
20 56
50 56
56 72
56 68
12 56
56 63
33 34
33 77
8 33
21 33
1 33
7 33
33 69
5 33
15 33
27 33
33 47
33 71
33 76
20 33
33 50
33 72
33 68
12 33
33 63
33 55
33 66
34 42
42 77
8 42
21 42
1 42
7 42
5 42
27 42
42 71
20 42
42 50
42 43
42 68
3 42
12 42
33 42
49 56
49 55
49 66
19 34
19 77
19 21
7 19
5 19
15 19
19 27
19 58
19 50
19 72
19 68
12 19
19 63
19 33
19 49
19 57
19 39
19 55
12 22
2 22
22 49
22 57
19 22
22 59
0 22
34 52
21 52
7 52
15 52
52 71
52 76
50 52
43 52
52 68
3 52
52 63
33 52
52 56
52 57
19 52
37 52
0 52
36 69
15 36
36 47
20 36
36 58
36 43
36 68
3 36
12 36
2 36
36 49
36 57
36 39
36 37
0 36
36 55
71 79
58 79
53 79
43 79
74 79
68 79
51 79
2 79
49 79
57 79
19 79
37 79
36 79
52 79
25 27
25 58
25 50
25 43
25 74
3 25
25 51
25 33
25 56
25 57
19 25
34 78
77 78
8 78
21 78
7 78
15 78
47 78
20 78
50 78
53 78
68 78
3 78
63 78
51 78
56 78
57 78
39 78
55 78
10 74
10 68
10 63
10 33
2 10
4 34
4 15
4 27
4 20
4 50
4 43
4 74
4 68
4 51
4 33
2 4
4 55
4 66
18 34
18 77
8 18
18 21
5 18
18 27
18 47
18 58
18 50
18 43
18 74
18 68
18 63
18 51
18 49
4 18
18 39
18 78
18 59
18 36
34 73
15 73
71 73
20 73
53 73
72 73
68 73
3 73
63 73
33 73
2 73
4 73
39 73
37 73
36 73
25 73
55 73
60 73
30 71
30 58
30 53
30 43
30 74
3 30
30 63
30 33
2 30
30 49
30 37
30 78
30 59
30 52
30 73
34 75
15 75
47 75
75 76
50 75
43 75
72 75
3 75
51 75
33 75
2 75
57 75
19 75
37 75
0 75
36 75
55 75
34 41
41 77
5 41
15 41
41 76
41 58
41 50
41 43
41 68
12 41
41 63
41 51
41 56
4 41
39 41
41 78
41 59
41 52
41 75
28 74
3 28
28 51
28 33
28 56
28 57
19 28
28 78
0 28
28 52
28 73
28 75
28 55
28 40
46 49
4 46
19 46
37 46
0 46
46 52
25 46
28 46
23 46
46 79
67 76
20 67
50 67
67 72
67 74
67 68
12 67
33 67
49 67
4 67
19 67
37 67
59 67
52 67
25 67
34 70
70 77
21 70
7 70
5 70
15 70
70 71
58 70
50 70
70 72
68 70
12 70
51 70
33 70
56 70
4 70
39 70
70 78
59 70
36 70
25 70
70 75
55 70
34 61
15 61
27 61
20 61
58 61
43 61
61 74
3 61
12 61
51 61
56 61
4 61
19 61
37 61
0 61
36 61
25 61
61 70
28 61
21 31
15 31
31 71
31 58
31 50
31 43
31 68
3 31
12 31
31 33
31 56
31 49
19 31
31 78
31 59
31 36
25 31
31 70
23 31
31 79
31 55
26 74
3 26
26 51
2 26
26 56
26 57
19 26
26 78
26 59
26 52
25 26
26 75
23 26
26 31
17 26
18 26
6 26
24 26
26 46
34 65
21 65
5 65
15 65
65 71
58 65
50 65
53 65
65 74
3 65
51 65
33 65
56 65
57 65
19 65
37 65
0 65
36 65
65 73
65 75
28 65
31 65
65 67
18 65
6 65
24 65
40 65
34 38
15 38
38 71
38 76
38 53
38 72
38 68
12 38
38 51
33 38
2 38
4 38
19 38
38 78
0 38
36 38
38 73
38 70
28 38
38 79
38 67
18 38
6 38
24 38
38 40
38 65
34 54
54 77
8 54
21 54
1 54
7 54
54 69
5 54
15 54
27 54
54 76
54 58
53 54
43 54
54 74
3 54
51 54
33 54
49 54
54 57
39 54
37 54
54 59
36 54
54 73
54 70
54 79
31 54
54 67
18 54
10 54
9 34
9 21
5 9
9 15
9 47
9 58
9 50
9 43
9 68
3 9
9 51
2 9
9 56
9 57
9 19
9 78
0 9
9 36
9 25
9 70
9 28
9 79
7 32
15 32
32 76
32 58
32 50
32 72
32 68
3 32
32 51
2 32
32 49
32 57
19 32
32 78
0 32
32 52
25 32
32 70
23 32
31 32
32 55
34 35
35 77
21 35
7 35
5 35
15 35
27 35
35 76
35 53
35 72
35 68
3 35
12 35
2 35
35 56
4 35
35 57
35 37
0 35
35 52
35 73
35 70
23 35
31 35
32 35
18 35
10 35
9 35
35 46
35 66
11 34
11 77
8 11
11 21
7 11
11 69
5 11
11 15
11 47
11 20
11 50
11 72
11 74
3 11
11 63
2 11
11 49
11 57
11 39
11 78
11 59
11 36
11 75
11 70
11 28
11 31
11 32
10 11
6 11
11 24
11 66
29 34
29 77
8 29
21 29
1 29
7 29
29 69
5 29
15 29
27 29
29 47
29 71
29 76
29 58
29 53
29 72
29 74
29 68
12 29
2 29
29 56
29 49
29 39
29 37
0 29
29 52
29 73
29 70
23 29
29 79
29 67
17 29
24 29
9 29
29 40
11 29
29 54
26 29
13 72
3 13
12 13
13 33
13 56
13 57
13 39
13 78
13 59
13 36
13 25
13 75
13 28
13 67
13 32
13 18
13 24
13 46
13 40
13 65
13 54
13 26
16 76
16 20
16 50
16 72
16 74
12 16
16 63
16 33
2 16
16 49
16 39
16 37
0 16
16 25
16 73
16 75
16 23
16 31
16 32
16 17
10 16
9 16
16 66
16 65
16 54
16 61
13 16
27 64
20 64
50 64
43 64
64 68
3 64
51 64
33 64
49 64
4 64
19 64
37 64
59 64
25 64
64 73
64 70
28 64
31 64
64 67
10 64
24 64
46 64
64 66
64 65
26 64
61 64
14 64
16 64
22 64
38 64
55 64
41 64
48 49
4 48
48 57
48 78
48 59
36 48
25 48
48 70
23 48
31 48
32 48
17 48
6 48
24 48
40 48
48 66
11 48
48 61
14 48
45 48
48 64
42 48
5 62
15 62
27 62
20 62
53 62
62 72
62 68
12 62
62 63
33 62
56 62
4 62
19 62
62 78
59 62
25 62
62 73
62 75
23 62
62 79
32 62
18 62
6 62
46 62
62 66
11 62
54 62
61 62
13 62
45 62
35 62
42 62
55 62
48 62
29 62
41 62
38 48
16 48
34 44
21 44
5 44
15 44
27 44
20 44
44 50
44 72
44 74
3 44
44 51
2 44
44 56
4 44
39 44
37 44
0 44
36 44
25 44
44 75
44 79
31 44
32 44
10 44
24 44
44 46
40 44
11 44
44 54
26 44
14 44
44 45
35 44
22 44
44 48
16 44
41 44
44 55
35 64
16 30
16 22
16 60
16 41
13 60
13 41
13 42
13 38
13 29
13 55
29 45
29 30
22 29
29 60
29 38
29 55
11 55
11 61
11 45
11 35
11 41
11 30
11 22
35 61
14 35
35 45
35 41
30 35
35 60
24 32
14 32
6 32
32 60
9 32
32 41
32 40
10 32
9 17
9 10
9 24
9 66
9 60
9 30
9 54
9 46
9 45
9 42
9 22
9 55
40 54
54 65
26 54
14 54
42 54
54 60
38 54
26 38
22 38
38 42
38 60
38 41
22 65
26 65
41 65
30 65
61 65
14 65
26 45
26 42
22 26
26 55
31 67
31 40
31 61
17 31
14 31
61 67
17 61
6 61
24 61
46 61
30 61
60 61
14 61
41 61
67 70
18 70
42 70
45 70
6 70
60 70
67 79
55 67
30 67
60 67
24 67
41 67
18 67
66 67
17 67
46 67
18 46
10 46
40 46
41 46
42 46
46 66
46 60
24 28
28 41
28 66
22 28
17 28
28 42
6 28
28 45
23 41
18 41
6 41
40 41
41 42
66 75
24 75
17 75
23 75
22 75
10 75
30 75
14 75
75 79
23 30
17 30
10 30
6 30
30 40
14 30
30 45
22 30
30 42
30 55
17 73
45 73
10 73
40 73
42 73
18 73
22 73
23 73
18 23
18 79
17 18
18 55
18 66
18 45
18 40
6 18
4 6
4 59
4 10
4 14
4 60
4 23
4 40
4 37
4 42
4 57
10 19
10 78
10 59
10 52
10 23
10 79
10 42
10 55
10 22
10 60
10 24
10 45
40 78
45 78
6 78
14 78
25 78
42 78
24 78
25 59
25 52
25 55
23 25
6 25
25 79
14 25
55 79
14 79
45 79
6 79
42 79
66 79
22 79
36 40
17 36
36 42
36 52
36 66
52 55
22 52
6 52
45 52
52 60
40 52
14 52
24 52
17 22
6 22
22 66
14 22
22 55
0 19
19 45
19 66
19 40
42 49
45 49
37 49
17 49
23 49
39 49
24 49
39 42
0 42
17 42
6 42
42 66
42 45
42 60
24 33
23 33
0 33
17 33
33 56
55 56
56 66
56 60
56 57
24 56
0 56
6 56
56 59
14 56
55 57
57 66
0 57
17 57
39 57
45 57
2 59
2 14
2 60
2 37
2 45
2 40
45 59
17 45
40 45
45 66
14 45
60 63
6 63
40 63
51 63
24 63
37 63
0 63
39 63
51 55
51 66
17 51
14 51
51 59
40 51
39 51
6 51
14 39
14 59
14 17
6 14
14 24
14 40
14 60
0 72
17 72
12 72
24 72
6 72
60 72
12 74
12 68
12 55
12 66
12 59
12 60
0 12
12 40
12 23
12 39
23 39
23 37
23 59
23 55
23 24
23 60
23 40
23 66
43 60
43 74
37 43
55 74
68 74
66 74
59 74
3 74
39 74
40 74
17 74
37 74
24 74
6 53
17 53
24 53
0 53
37 53
53 60
3 37
37 39
37 55
17 37
37 59
37 60
0 37
37 66
0 58
50 60
39 60
59 60
17 60
60 66
55 60
17 20
0 20
20 24
6 20
17 50
3 17
17 39
0 17
17 55
17 24
0 76
6 76
24 76
6 50
6 68
3 6
6 39
0 6
6 55
6 40
24 71
0 71
24 50
24 68
24 39
0 24
24 66
0 47
3 50
3 68
3 55
3 66
3 59
27 39
27 40
0 27
39 50
39 68
39 55
39 66
39 59
5 40
0 5
15 40
40 50
40 68
40 55
0 69
15 59
50 59
59 68
55 59
0 59
0 7
15 55
15 68
15 66
15 50
0 15
0 1
50 55
50 68
50 66
0 50
0 21
66 68
0 66
55 66
0 8
55 68
0 68
0 77
0 55
0 34
