80 316
0 26
13 26
37 45
57 78
6 57
15 57
15 78
14 57
14 15
75 78
38 57
15 38
38 75
50 78
38 50
6 50
57 70
15 70
70 75
50 70
5 70
63 70
26 70
21 26
21 34
15 53
53 75
15 79
78 79
14 79
3 79
3 78
18 63
3 18
0 18
15 33
3 33
50 56
40 56
15 71
40 71
15 35
35 75
5 35
14 35
29 50
3 29
29 35
16 50
16 40
0 16
63 74
40 74
45 74
16 74
23 26
16 23
1 5
1 14
44 78
44 53
1 44
15 32
32 75
32 63
14 32
32 44
6 47
59 63
40 59
41 59
2 41
2 33
45 55
55 56
55 68
32 68
10 26
10 47
10 55
23 76
11 15
11 75
11 79
3 11
11 35
11 37
11 12
11 76
7 55
7 11
15 69
69 75
69 79
14 69
41 69
16 69
23 69
5 49
3 49
49 56
34 49
33 49
23 42
42 49
32 42
55 73
0 72
37 72
17 72
4 72
65 72
48 65
9 72
9 48
58 79
58 63
35 58
34 58
30 35
30 47
27 56
27 34
27 30
27 78
24 27
24 76
21 24
58 62
24 62
62 71
26 67
47 67
30 67
11 67
21 67
22 26
16 22
22 30
6 22
22 71
10 22
1 46
13 46
28 38
28 46
22 46
38 46
46 74
22 67
62 67
9 67
51 55
6 51
1 36
36 49
31 36
54 63
14 54
35 54
16 54
54 72
17 54
54 69
2 54
54 59
31 54
31 73
9 31
36 51
36 59
36 70
24 51
19 79
3 19
19 56
19 33
43 59
43 77
13 77
42 77
20 30
20 49
20 65
20 77
20 38
7 20
53 77
18 77
19 43
32 43
19 39
5 66
3 66
35 66
37 66
1 66
39 66
66 69
4 66
23 60
13 60
60 66
4 60
60 78
7 60
18 66
39 59
39 58
19 52
64 65
64 74
19 64
64 68
19 51
19 70
51 70
24 29
27 71
27 70
27 29
30 58
13 30
32 58
58 74
9 58
9 68
65 78
53 65
61 72
13 61
42 61
61 68
61 78
59 61
12 17
17 73
17 53
17 78
42 73
29 73
10 73
32 49
49 69
7 69
2 69
8 21
2 8
4 8
7 8
11 74
11 71
10 76
18 76
70 76
10 52
10 59
52 71
52 68
2 55
2 32
2 70
41 56
47 59
32 47
1 37
1 23
1 38
1 18
23 74
4 74
16 29
16 33
6 29
21 29
29 38
35 38
35 71
33 71
18 71
40 78
33 56
6 56
38 56
18 33
6 33
18 53
3 14
53 79
6 79
25 78
25 53
37 53
12 53
53 78
12 21
13 21
34 70
34 78
14 50
5 38
14 38
6 38
6 75
14 75
4 14
6 14
6 15
4 6
5 78
63 78
5 63
4 63
4 45
4 37
13 37
