80 948
63 68
42 68
19 42
55 68
42 55
55 63
13 68
13 19
13 55
7 63
7 42
0 7
7 13
68 72
19 72
55 72
7 72
42 72
63 76
13 76
0 76
49 68
19 49
49 55
7 49
42 49
49 76
28 63
0 28
13 28
28 49
28 72
23 68
19 23
23 55
7 23
23 42
23 76
23 28
54 63
0 54
13 54
49 54
54 72
23 54
33 68
19 33
33 55
7 33
33 42
33 76
28 33
33 54
30 63
0 30
13 30
30 72
30 49
7 20
20 42
20 30
50 68
50 55
7 50
42 50
50 63
0 50
13 50
50 72
49 50
68 79
55 79
7 79
42 79
50 79
65 68
55 65
42 65
65 76
30 65
50 65
63 65
13 65
0 65
49 65
65 72
15 68
15 55
7 15
15 42
15 54
15 65
13 48
0 48
16 68
16 19
16 55
16 42
16 54
16 50
16 48
37 68
37 42
30 37
37 50
63 67
13 67
0 67
49 67
67 72
37 67
10 68
10 19
10 55
7 10
10 42
10 76
10 54
10 50
10 67
10 48
11 42
11 50
11 65
11 48
47 54
47 50
47 63
33 47
11 47
30 62
50 62
62 67
48 62
11 62
51 68
19 51
51 55
7 51
42 51
51 76
51 54
51 65
51 63
0 75
13 75
35 68
35 55
7 35
35 42
30 35
35 50
35 63
35 75
33 35
35 72
26 30
26 50
26 67
26 33
11 26
26 35
1 68
1 19
1 7
1 42
1 30
1 65
1 63
1 33
49 53
34 42
28 34
34 54
34 65
34 67
34 37
34 53
34 62
1 34
32 68
32 55
7 32
32 42
32 54
32 65
32 63
32 75
11 32
32 35
1 32
44 63
44 75
11 44
44 49
18 56
15 56
14 63
14 75
14 53
14 35
22 53
22 62
22 49
16 22
24 55
24 42
24 54
24 50
24 63
24 37
24 33
24 49
22 24
15 24
12 22
12 18
12 16
12 34
68 70
55 70
42 70
28 70
54 70
65 70
63 70
48 70
53 70
62 70
1 70
18 70
12 70
0 70
10 70
20 70
23 70
9 55
9 42
9 30
9 65
9 63
9 33
9 11
9 62
9 18
58 67
58 75
53 58
35 58
49 58
31 58
14 58
30 36
36 65
36 48
36 37
11 36
36 62
36 49
32 36
5 53
5 62
5 49
5 31
5 36
5 56
0 41
10 41
5 41
34 41
63 77
37 77
53 77
49 77
1 77
31 77
12 77
56 77
41 77
53 57
35 57
22 57
32 57
14 57
36 57
8 68
8 42
8 30
8 65
8 63
8 37
8 53
8 35
8 49
8 32
8 12
8 56
0 8
14 59
11 45
45 62
18 45
32 45
14 45
44 45
25 63
25 37
25 33
25 35
22 25
25 31
25 36
25 45
10 25
20 25
4 68
4 55
4 7
4 42
4 30
4 65
4 63
4 75
4 33
4 62
4 18
4 31
4 36
4 45
4 8
4 57
4 25
68 73
42 73
30 73
50 73
63 73
37 73
11 73
35 73
49 73
32 73
12 73
36 73
8 73
57 73
4 73
1 17
17 31
15 17
17 56
8 17
15 71
56 71
8 71
63 74
37 74
53 74
35 74
1 74
31 74
14 74
36 74
10 74
71 74
23 74
17 74
6 33
6 35
1 6
6 18
6 15
6 56
6 41
6 57
4 6
6 9
6 24
6 34
30 52
52 65
52 63
37 52
52 53
52 62
22 52
32 52
14 52
36 52
0 52
20 52
4 52
9 52
6 52
52 74
34 52
40 68
19 40
40 55
7 40
40 42
40 76
40 54
40 50
40 67
40 75
40 53
11 40
1 40
31 40
15 40
40 45
8 40
40 71
4 40
9 40
40 58
40 70
40 74
40 52
40 44
30 78
50 78
67 78
48 78
11 78
35 78
1 78
15 78
12 78
56 78
41 78
57 78
72 78
17 78
58 78
74 78
34 78
40 78
52 78
51 78
77 78
48 61
37 61
33 61
49 61
22 61
31 61
12 61
45 61
10 61
57 61
4 61
17 61
58 61
24 61
61 74
7 29
29 42
29 54
29 65
29 63
29 48
29 33
29 49
22 29
29 32
14 29
29 45
29 41
29 71
23 29
43 48
37 43
33 43
43 62
22 43
32 43
15 43
43 56
41 43
20 43
43 72
26 43
16 43
34 43
43 47
39 41
20 39
4 39
39 43
6 39
60 68
55 60
7 60
42 60
30 60
50 60
48 60
37 60
11 60
60 62
22 60
31 60
15 60
0 60
41 60
57 60
60 72
9 60
5 60
39 60
12 64
56 64
10 64
57 64
64 72
9 64
5 64
60 64
34 64
29 64
13 64
16 64
64 77
44 64
51 64
64 79
68 69
19 69
55 69
7 69
42 69
28 69
30 69
65 69
67 69
48 69
11 69
62 69
1 69
18 69
15 69
36 69
0 69
69 71
69 72
17 69
6 69
60 69
2 55
2 42
2 54
2 65
2 63
2 48
2 33
2 35
2 22
2 18
2 14
2 36
2 41
2 57
2 23
2 17
2 5
2 70
2 77
0 38
20 38
38 72
38 43
38 58
38 70
2 38
27 33
27 62
1 27
15 27
12 27
27 56
8 27
20 27
23 27
17 27
27 58
24 27
27 34
27 38
46 67
37 46
11 46
35 46
18 46
31 46
15 46
36 46
8 46
10 46
4 46
9 46
6 46
46 60
34 46
38 46
11 21
21 49
21 22
21 31
21 36
21 45
8 21
21 71
4 21
21 43
5 21
21 70
21 59
21 40
21 46
13 21
21 44
21 79
21 61
21 26
27 46
46 47
46 73
26 46
46 61
27 44
27 77
13 27
27 39
42 66
66 76
54 66
65 66
66 67
66 75
33 66
62 66
49 66
18 66
14 66
0 66
41 66
20 66
23 66
43 66
5 66
66 70
59 66
29 66
52 66
44 66
66 73
47 66
26 66
27 66
38 47
38 73
38 77
26 38
13 38
2 59
2 69
2 25
2 26
2 47
2 13
59 69
52 69
51 69
69 77
13 69
25 69
69 79
16 60
26 60
47 60
13 60
25 60
34 39
29 39
39 52
39 44
39 77
39 47
39 78
43 44
29 43
25 43
29 58
29 70
29 74
29 59
29 51
29 61
29 79
16 61
61 78
25 61
61 79
78 79
25 40
16 40
3 68
3 42
3 30
3 50
3 63
3 75
3 11
3 49
3 22
3 18
3 14
3 36
3 8
3 20
3 23
3 5
3 70
3 24
3 34
3 40
3 52
3 77
3 16
3 47
3 26
3 25
25 52
6 79
6 77
6 74
6 47
24 74
73 74
44 74
51 74
17 71
26 71
47 71
59 71
51 71
13 71
34 71
24 71
4 17
17 79
17 73
13 17
17 77
17 58
5 73
59 73
51 73
47 73
13 73
26 73
4 13
4 51
25 58
25 51
16 25
34 45
45 79
23 45
0 45
45 59
45 56
9 45
16 45
8 59
59 72
9 59
59 70
24 59
44 59
59 79
8 51
8 20
8 57
44 57
23 57
57 77
9 57
57 72
23 77
24 77
23 41
5 20
5 72
5 9
5 26
5 51
5 13
9 36
36 47
10 36
36 58
10 58
20 58
58 72
44 58
26 58
58 70
31 72
9 31
9 10
9 72
9 70
9 24
9 51
16 70
12 26
12 79
12 24
12 14
0 12
12 20
24 56
0 24
23 24
24 34
24 51
24 79
22 72
14 22
15 22
0 22
14 32
14 51
14 23
14 56
10 14
13 14
20 56
51 56
13 56
18 44
10 18
18 51
18 79
32 44
15 44
0 44
44 72
44 47
23 32
32 47
15 32
13 32
0 32
32 34
16 32
34 72
16 34
53 79
53 72
1 53
16 53
23 53
1 62
1 49
1 79
1 26
1 10
1 13
1 51
1 20
15 26
0 26
10 26
13 26
15 35
13 35
23 35
35 79
10 35
51 75
15 75
37 75
33 51
51 62
16 51
47 62
49 62
16 62
47 49
0 47
10 47
23 47
10 11
11 15
11 13
0 11
10 13
10 72
10 79
33 67
67 79
20 37
37 72
33 37
37 79
0 37
16 37
37 49
0 16
16 20
16 23
16 79
15 48
15 20
15 72
65 79
20 79
23 79
33 50
23 50
20 50
20 63
20 33
20 49
30 33
23 30
13 33
23 33
0 33
23 63
23 49
49 63
72 76
63 72
0 72
13 42
13 63
0 55
42 63
0 42
19 63
0 19
0 63
0 68
