80 316
13 36
32 62
36 62
13 71
62 71
53 71
22 36
22 32
9 53
9 22
36 63
32 63
26 63
54 62
54 63
63 79
32 79
36 79
13 46
22 46
46 79
32 74
36 74
46 74
26 74
55 79
55 74
24 29
63 72
72 79
29 72
3 72
48 71
48 72
46 48
63 73
18 71
18 32
18 54
18 36
18 73
13 19
19 53
19 63
18 19
33 34
18 76
21 76
71 76
18 37
3 37
51 57
9 51
12 51
13 61
22 61
61 63
61 74
29 61
21 61
55 61
29 77
61 77
71 77
37 77
63 70
70 79
34 70
3 70
4 18
4 61
9 20
4 20
4 16
16 37
12 16
15 32
15 55
15 33
15 16
16 35
38 71
11 50
18 40
21 40
40 57
40 49
40 70
42 47
42 65
19 65
0 65
7 34
44 73
44 57
34 52
44 52
4 52
45 63
45 79
39 71
39 54
39 45
39 66
61 66
57 66
11 66
6 66
0 59
5 59
5 42
0 5
5 73
5 26
5 17
59 73
59 69
19 69
28 69
69 77
17 68
56 68
56 65
17 56
31 66
24 31
0 31
6 8
8 31
26 31
31 56
25 29
3 25
25 71
25 45
25 70
24 25
25 68
25 77
16 25
52 78
54 78
0 78
23 78
23 38
23 25
52 60
23 60
30 68
30 76
30 69
9 30
33 69
28 59
24 59
28 42
6 28
9 28
28 46
7 67
47 67
9 67
6 67
36 67
33 67
6 16
27 50
27 37
12 64
38 64
9 64
27 64
36 64
2 57
2 11
2 64
2 72
2 58
27 58
2 36
1 71
1 11
1 70
1 72
1 40
10 35
1 10
10 52
10 54
1 2
12 75
72 75
35 75
75 76
1 75
55 75
2 46
24 27
27 54
6 27
27 46
54 66
52 66
19 66
55 66
45 57
45 50
45 48
33 45
45 52
0 45
19 45
45 46
47 52
52 55
7 44
7 71
7 49
7 12
7 43
19 43
32 43
38 43
26 43
43 46
7 72
7 17
7 76
17 24
17 65
65 77
38 47
0 47
40 47
26 40
40 77
9 40
49 73
11 49
11 38
11 37
11 36
35 38
36 38
16 73
4 54
4 19
4 70
4 12
4 55
48 70
32 70
70 77
33 70
14 46
14 36
14 76
14 77
12 61
9 61
36 61
61 71
12 72
12 46
12 26
19 51
46 57
36 57
37 57
57 71
37 76
32 37
37 55
32 76
36 76
21 32
21 26
21 33
33 50
33 73
9 33
26 34
19 34
19 72
19 26
29 73
48 73
72 73
32 73
48 54
26 48
3 54
3 24
24 50
24 41
9 41
24 54
29 32
29 46
29 36
29 55
32 55
54 55
26 79
54 79
71 79
9 79
9 63
22 71
36 53
13 32
32 53
32 50
26 53
26 50
0 50
