80 316
11 24
24 60
40 60
5 11
5 60
24 25
25 40
5 25
51 60
25 51
51 66
34 40
24 34
11 67
60 67
34 67
40 67
24 67
11 55
25 55
55 67
34 36
43 67
40 43
24 43
6 11
6 60
6 67
6 43
6 39
39 64
0 64
15 34
15 54
2 40
2 24
2 28
40 53
24 53
5 53
37 53
31 79
58 79
23 51
23 79
9 75
15 75
23 75
28 52
52 75
44 70
44 79
22 67
22 54
22 31
22 64
63 66
43 63
53 63
58 63
22 63
22 27
38 70
35 38
25 45
40 49
24 49
45 49
1 11
1 60
1 34
1 49
1 70
1 64
1 22
13 36
0 13
32 51
32 64
13 32
26 39
18 21
0 21
3 8
3 37
2 74
58 74
3 74
26 74
19 31
19 64
8 19
19 27
19 40
42 66
36 42
42 70
42 78
24 78
45 78
55 78
30 66
30 54
30 70
30 78
30 46
17 46
16 67
16 43
16 39
16 18
16 22
8 14
14 16
6 59
14 59
13 73
57 73
73 74
63 73
6 73
14 73
20 31
0 20
20 45
34 56
54 56
51 56
18 56
8 56
29 56
25 61
43 61
39 61
61 79
15 61
56 61
1 61
38 61
42 48
41 48
33 67
33 54
31 33
33 79
9 33
16 33
33 41
11 50
25 50
50 66
43 50
31 50
50 58
13 50
33 50
44 50
4 15
4 16
4 50
4 69
55 69
4 32
25 47
36 47
47 51
35 47
8 47
27 47
23 47
37 47
4 47
30 47
22 68
21 68
50 68
37 68
28 65
65 68
14 65
7 60
7 25
7 66
7 36
2 7
7 79
7 45
7 15
1 7
7 42
7 65
31 72
0 72
45 72
26 72
61 72
6 72
63 72
7 72
20 68
28 50
30 33
26 33
41 61
41 75
41 55
20 76
41 76
20 56
5 56
55 56
5 20
14 20
16 23
16 17
17 23
17 75
17 24
17 30
1 30
30 40
35 78
21 42
19 42
38 42
24 42
19 24
19 74
39 71
35 71
45 71
26 71
71 74
37 71
52 71
32 71
32 74
3 28
8 21
15 21
21 24
21 28
18 26
9 26
26 32
6 32
13 29
13 55
6 13
15 29
1 29
6 29
29 44
1 10
10 38
10 55
5 12
12 40
12 63
10 12
36 45
24 45
38 45
38 57
38 44
40 57
27 57
27 37
27 63
40 63
22 44
44 52
24 44
9 23
23 28
40 79
37 58
0 58
5 37
35 53
28 35
5 35
35 40
2 15
15 64
6 64
36 43
31 43
36 40
24 36
36 55
51 55
5 55
5 67
34 54
40 62
24 62
54 62
5 62
24 54
40 54
51 54
51 70
40 51
24 51
5 66
0 5
24 66
40 77
24 77
11 40
40 66
31 66
31 39
39 70
0 70
