80 948
10 25
25 37
25 74
10 74
25 64
64 74
10 60
25 28
28 74
28 60
10 55
55 64
37 55
28 55
25 26
26 74
26 60
26 55
10 17
17 64
17 37
17 26
17 28
25 66
66 74
60 66
55 66
17 66
19 25
19 74
19 60
19 55
10 19
19 64
19 37
19 28
19 26
19 66
25 72
72 74
60 72
55 72
17 72
19 72
14 25
14 74
14 60
14 55
14 19
10 14
14 64
14 26
14 28
14 37
14 72
14 66
4 25
4 74
4 60
4 55
4 17
4 19
4 14
10 11
11 26
11 37
11 64
11 28
11 66
11 72
4 11
25 57
57 74
57 60
55 57
17 57
19 57
14 57
11 57
19 29
10 29
29 64
28 29
26 29
29 37
29 72
29 66
21 25
21 74
21 60
21 55
17 21
19 21
14 21
11 21
21 29
10 71
28 71
26 71
64 71
37 71
71 72
66 71
25 42
42 74
42 60
42 55
17 42
19 42
14 42
11 42
29 42
42 71
42 75
10 52
26 52
28 52
37 52
52 57
14 48
48 71
48 64
48 52
25 56
56 74
56 60
19 56
14 56
29 56
56 75
25 34
34 74
34 60
34 55
14 34
34 71
20 34
10 34
34 56
14 22
11 22
22 75
22 34
22 56
19 32
29 32
32 64
32 34
3 25
3 74
3 60
3 55
3 17
3 19
3 14
3 71
3 64
3 75
3 10
1 25
1 74
1 60
1 19
1 11
1 71
1 75
1 34
1 3
31 56
10 31
0 31
6 20
10 79
26 79
37 79
28 79
12 74
12 19
11 12
12 29
12 64
12 79
3 12
12 31
0 46
64 69
69 79
3 69
32 69
46 69
9 64
9 79
9 56
9 32
67 74
29 67
64 67
52 67
56 67
31 67
10 67
19 59
29 59
20 59
34 59
3 59
59 67
42 59
9 59
16 46
9 16
16 48
50 67
16 50
39 42
9 39
39 50
33 50
26 33
25 76
74 76
60 76
19 76
11 76
71 76
64 76
34 76
56 76
32 76
8 19
8 29
8 64
8 75
3 8
8 32
8 10
14 38
29 38
38 64
34 38
38 56
31 38
8 38
16 38
25 35
35 74
35 60
35 55
14 35
35 71
20 35
35 52
3 35
32 35
35 42
9 35
35 50
35 76
35 37
35 38
0 35
19 30
11 30
30 64
30 52
30 56
30 31
8 30
36 76
5 74
5 55
5 14
5 11
5 64
5 79
5 56
5 31
5 8
5 36
5 35
5 59
8 18
16 18
18 50
18 33
8 40
36 40
40 50
14 68
11 68
64 68
34 68
3 68
31 68
67 68
42 68
68 77
24 25
24 74
24 60
24 55
19 24
14 24
11 24
24 29
24 75
24 52
24 56
24 32
24 67
24 36
24 68
24 77
24 40
24 76
24 48
7 74
7 11
7 64
7 79
7 34
7 32
7 46
7 42
7 50
7 77
7 18
41 74
29 41
20 41
41 75
41 56
32 41
41 67
36 41
16 41
33 41
18 41
26 41
63 74
63 71
63 64
52 63
3 63
32 63
63 67
9 63
35 63
59 63
54 68
33 54
54 66
54 72
45 46
36 45
35 45
45 77
45 54
45 76
14 47
11 47
20 47
34 47
47 56
31 47
8 47
9 47
47 50
47 59
47 66
14 15
15 29
15 20
15 79
15 56
15 31
15 67
15 42
15 50
15 77
15 18
15 30
8 70
36 70
68 70
59 70
40 70
15 70
6 70
70 72
69 70
38 70
46 62
9 62
62 68
62 77
62 66
62 76
48 62
42 44
9 44
44 68
44 59
40 44
15 44
6 44
19 58
58 71
58 64
58 75
34 58
31 58
8 58
42 58
58 68
58 77
54 58
41 58
48 58
44 58
21 58
2 19
2 71
2 75
2 79
2 3
2 32
2 46
2 16
2 68
2 59
2 40
2 54
2 6
2 72
2 21
2 69
65 74
55 65
14 65
65 71
65 75
52 65
3 65
32 65
65 67
9 65
65 68
33 65
40 65
41 65
6 65
65 72
65 69
2 65
39 65
62 65
37 65
45 65
24 65
57 65
35 78
33 78
18 78
15 78
47 78
26 78
69 78
38 78
20 23
23 52
3 23
23 67
23 46
23 42
23 50
23 59
18 23
23 54
23 47
23 44
23 26
23 69
23 78
25 51
51 74
51 60
51 55
19 51
29 51
51 64
51 79
51 56
31 51
8 51
16 51
50 51
51 77
51 54
51 76
15 51
7 51
51 69
38 51
23 51
5 51
0 51
61 67
9 61
35 61
59 61
18 61
15 61
47 61
44 61
21 61
38 61
30 61
51 61
27 74
27 60
11 27
27 29
27 64
27 34
27 56
27 32
27 46
27 42
27 68
27 77
18 27
27 41
27 48
26 27
27 69
2 27
23 27
27 45
27 63
27 37
27 58
27 61
4 27
0 27
53 68
53 59
40 53
41 53
47 53
44 53
21 53
38 53
53 62
51 53
53 65
34 49
32 49
46 49
42 49
16 49
33 49
40 49
41 49
48 49
49 72
28 49
2 49
30 49
1 49
49 58
12 49
14 73
71 73
64 73
73 75
3 73
31 73
46 73
9 73
68 73
59 73
18 73
54 73
47 73
72 73
28 73
43 56
32 43
42 43
9 43
43 68
33 43
43 66
43 76
6 43
43 72
21 43
38 43
1 43
12 43
43 73
5 43
10 43
43 62
8 13
9 13
13 35
13 77
13 66
13 76
6 13
13 72
13 28
13 43
13 30
13 62
13 37
0 13
13 61
13 73
13 78
13 22
39 43
62 73
1 73
37 73
49 73
61 73
22 73
4 73
49 70
10 49
49 53
53 78
53 61
53 63
45 53
57 61
10 61
51 70
10 51
24 51
23 57
23 39
12 23
22 23
23 30
62 78
65 78
57 78
70 78
5 78
2 22
2 58
2 45
2 30
0 2
30 58
1 58
5 58
37 58
58 70
10 58
44 57
26 44
44 62
21 44
0 44
38 44
10 44
26 62
30 62
62 70
10 62
24 70
10 70
63 70
15 48
15 37
15 22
15 47
1 15
15 38
0 15
26 47
47 63
39 47
45 47
22 47
6 47
12 47
45 72
28 45
39 45
24 45
10 45
4 45
22 45
54 57
54 63
5 54
39 54
54 69
38 54
41 63
63 72
26 63
63 69
39 63
12 63
57 63
4 63
5 63
7 41
21 41
41 76
6 41
28 41
12 41
7 48
7 57
7 69
5 7
4 7
7 24
1 7
7 39
7 28
7 30
7 12
21 24
24 69
24 30
0 24
22 24
4 24
10 68
57 68
26 68
72 77
37 77
6 77
40 77
10 77
38 77
18 40
10 40
4 40
40 69
26 40
40 76
1 40
18 48
5 18
18 38
18 39
0 18
5 6
5 21
5 39
5 12
5 57
5 10
30 36
36 57
28 36
22 36
21 36
12 36
36 72
30 35
30 59
30 66
30 48
30 69
30 37
4 35
1 35
21 35
6 35
28 38
37 38
38 57
4 38
8 57
8 42
8 26
8 76
8 48
8 21
4 8
33 76
72 76
57 76
4 76
1 76
10 76
0 76
33 48
33 39
12 33
21 33
4 33
22 33
28 39
0 39
4 39
1 39
50 72
48 50
28 50
22 50
50 66
12 50
16 37
10 16
16 66
16 26
1 16
4 16
16 69
16 59
0 59
59 69
28 59
59 66
0 67
37 67
67 72
21 67
22 67
9 67
6 67
9 42
0 9
9 69
6 9
6 69
12 46
1 46
46 72
12 66
12 28
1 12
12 37
0 12
4 12
72 79
6 79
3 6
6 31
6 66
6 10
6 21
6 48
31 66
28 31
26 31
1 31
31 48
1 66
1 26
1 4
1 57
1 22
3 66
3 72
3 4
3 32
3 21
3 37
10 32
22 32
4 32
32 42
32 57
22 66
22 72
21 22
22 37
0 22
26 34
4 34
34 66
34 37
28 34
0 34
34 42
10 56
48 56
28 56
26 56
56 57
4 48
28 48
37 48
48 72
42 52
37 42
10 42
28 42
42 66
57 71
21 71
4 71
20 21
21 75
21 66
21 26
0 21
29 57
4 29
57 75
57 66
26 57
0 57
4 64
4 28
64 72
20 72
72 75
37 72
64 66
20 66
66 75
37 66
28 66
26 64
20 26
26 75
10 26
26 28
28 64
20 28
28 75
28 37
37 60
60 64
10 64
37 64
37 74
20 37
37 75
10 20
10 75
20 75
0 75
