80 632
16 66
16 74
13 74
4 66
4 74
16 52
13 52
4 52
9 66
9 74
6 16
6 13
4 6
6 9
14 66
14 74
2 16
2 13
2 4
2 9
2 14
2 6
47 66
47 74
47 52
4 20
14 20
20 47
13 49
14 49
6 49
44 66
44 74
16 31
13 31
4 31
9 31
6 31
31 44
33 66
33 74
14 62
49 62
33 62
59 66
52 59
16 22
14 22
6 22
22 44
22 59
59 75
66 75
13 30
9 30
6 30
30 49
13 79
9 79
14 79
44 79
49 79
66 79
6 69
44 69
69 79
59 69
6 7
7 44
7 79
7 35
6 10
10 44
10 49
10 75
10 35
16 63
13 63
4 63
9 63
14 63
44 63
63 79
59 63
10 63
31 63
10 57
57 63
16 39
13 39
4 39
9 39
14 39
6 39
39 47
39 49
39 79
11 39
18 79
18 75
18 46
46 63
7 46
29 79
29 75
18 29
29 39
29 57
17 53
53 63
53 57
29 53
4 76
9 76
6 76
44 76
33 76
11 76
35 76
63 76
39 76
6 26
26 49
26 33
11 26
18 26
10 26
26 28
17 40
39 40
7 40
16 27
13 27
4 27
9 27
6 27
27 44
27 33
11 27
17 27
27 52
27 40
55 57
29 55
55 69
65 79
65 75
18 65
10 65
39 65
55 65
48 59
35 48
10 48
48 52
39 48
27 48
35 43
8 10
18 54
8 54
7 54
19 54
54 76
18 56
8 56
56 57
55 56
56 76
27 71
56 71
21 49
21 59
17 21
8 21
21 39
21 40
1 33
1 75
1 17
1 8
1 28
1 19
1 27
1 31
1 74
1 76
1 69
13 73
9 73
14 73
44 73
73 79
11 73
17 73
63 73
7 73
29 73
1 73
65 73
16 24
13 24
9 24
14 24
6 24
24 44
24 79
24 59
18 24
24 63
3 12
3 40
3 27
3 56
58 76
56 58
50 58
26 58
20 58
61 76
31 61
34 61
26 61
6 36
36 44
36 59
11 36
10 36
36 63
7 36
36 40
36 41
36 65
34 36
36 53
30 36
36 61
67 79
67 75
10 67
52 67
7 67
40 67
67 76
33 38
35 38
17 38
38 52
7 38
38 40
38 76
59 70
11 70
17 70
8 70
12 70
29 70
48 70
38 70
26 70
3 70
72 79
35 72
17 72
10 72
7 72
29 72
27 72
31 72
34 72
53 72
30 72
70 72
71 72
62 72
5 33
5 11
5 35
5 52
5 57
5 27
5 48
5 65
45 53
0 45
45 46
22 45
21 45
20 45
45 66
5 45
3 5
5 72
5 66
5 43
0 5
32 41
32 65
21 32
25 33
25 75
10 25
25 52
25 40
25 29
25 41
25 38
25 50
25 53
12 51
51 55
27 51
38 51
34 51
25 51
47 78
44 78
49 78
11 78
10 78
8 78
28 78
55 78
76 78
38 78
21 78
22 78
30 78
51 78
32 78
2 78
50 68
22 68
36 68
68 78
43 68
58 68
18 23
23 39
12 23
19 23
23 27
23 56
23 50
23 53
23 72
23 24
23 68
0 23
23 46
23 71
68 70
15 16
13 15
4 15
14 15
6 15
15 49
15 33
15 75
15 17
15 63
15 57
15 19
15 65
15 38
17 42
8 42
7 42
29 42
42 48
38 42
34 42
30 42
18 64
63 64
12 64
29 64
48 64
31 64
42 64
3 64
64 67
0 64
46 64
64 74
35 77
52 77
57 77
19 77
27 77
38 77
42 77
53 77
64 77
18 60
60 63
12 60
19 60
48 60
60 65
26 60
25 60
30 60
46 60
60 77
9 37
14 37
37 47
37 49
33 37
37 59
18 37
8 37
37 57
37 55
37 41
31 37
26 37
22 37
37 64
37 60
37 73
32 37
37 69
37 46
60 71
24 60
74 77
70 77
71 77
62 77
42 69
15 42
42 74
42 54
15 22
15 20
15 78
15 67
15 54
15 46
15 69
51 61
51 67
51 54
51 58
51 62
25 30
25 32
25 46
25 73
32 66
32 70
5 32
2 32
5 62
66 70
70 73
38 67
38 66
21 67
36 67
61 67
67 71
67 74
36 66
2 36
61 74
43 61
58 61
54 58
58 71
43 50
3 50
3 20
3 74
3 54
3 69
12 62
12 24
12 20
12 31
24 29
24 27
24 31
24 34
22 24
20 24
24 62
24 69
0 24
26 34
34 73
30 73
66 73
69 73
2 73
0 1
1 21
1 30
1 46
21 65
21 71
2 21
21 62
21 53
53 71
56 62
2 56
56 74
43 56
54 56
30 54
54 66
43 54
8 74
8 39
8 66
8 52
8 43
7 43
19 43
41 43
26 43
20 43
43 62
20 41
22 41
41 48
48 62
2 48
48 65
48 66
30 65
22 65
55 74
0 55
20 55
27 55
30 40
31 40
26 40
40 62
26 76
26 31
0 26
19 28
19 30
19 22
19 66
19 76
53 76
53 62
29 46
2 29
31 46
0 46
18 39
18 31
18 74
30 39
39 74
2 39
0 39
39 57
57 66
7 57
57 69
7 63
63 69
10 52
7 10
7 22
35 66
22 35
35 62
35 69
20 35
31 69
20 69
2 69
30 79
74 79
2 79
30 75
17 30
11 75
2 75
20 75
22 75
17 75
22 52
2 22
22 66
11 59
17 59
11 74
11 62
11 66
11 52
11 31
52 62
20 33
31 33
20 31
44 49
49 66
49 74
20 49
49 52
2 49
17 49
20 52
0 20
2 47
2 17
2 52
2 74
6 14
14 52
6 66
6 74
6 52
6 17
9 52
9 17
0 52
0 74
13 66
13 17
0 17
