80 632
16 43
16 73
31 73
14 43
14 73
10 16
10 31
10 29
16 64
31 64
10 60
60 64
16 27
27 31
27 29
14 27
25 43
25 73
10 25
25 64
25 27
16 41
31 41
25 41
43 78
73 78
10 78
64 78
27 78
41 78
16 19
19 31
43 47
47 73
10 47
47 64
27 47
41 47
19 47
16 17
17 31
19 36
17 36
29 36
18 47
9 29
9 18
6 16
6 74
25 74
1 43
1 10
1 64
1 27
1 19
1 17
6 34
64 79
41 79
19 79
16 37
11 16
11 31
11 60
43 50
10 50
50 64
27 50
11 50
17 50
34 50
10 33
27 33
19 33
17 33
6 33
3 33
10 48
48 64
19 48
29 48
6 48
18 48
8 48
48 53
10 77
64 77
11 77
37 77
34 77
25 77
52 77
53 77
10 39
27 39
19 39
17 39
6 39
18 39
39 52
34 54
18 54
1 54
39 54
31 51
51 54
29 56
25 56
31 56
53 56
46 56
56 78
43 63
63 73
10 63
63 64
27 63
41 63
11 63
29 63
6 63
25 63
31 63
54 63
63 77
42 52
1 42
30 42
11 32
32 37
32 34
25 32
31 32
1 32
32 47
32 42
64 69
41 69
19 69
37 69
34 69
25 69
8 69
53 69
43 57
10 57
57 64
27 57
19 57
29 57
34 57
18 57
52 57
24 57
57 77
16 57
13 19
13 37
6 13
13 25
13 52
13 24
13 47
13 57
13 74
13 79
63 68
13 68
68 79
43 45
45 73
10 45
45 64
27 45
41 45
11 45
37 45
29 45
25 45
45 52
1 45
45 60
45 78
32 45
36 45
21 45
13 21
60 71
16 71
32 71
36 71
58 60
57 58
0 58
2 30
2 42
2 63
2 75
40 78
12 40
2 40
15 60
15 57
15 32
15 79
2 15
1 20
20 24
20 60
20 42
20 78
20 75
15 20
20 59
6 55
18 55
31 55
54 55
55 60
55 57
55 63
36 55
55 56
8 28
28 54
28 60
28 77
28 32
13 28
28 79
28 55
5 19
5 17
5 6
5 25
5 52
1 5
5 60
5 16
5 32
5 12
5 79
5 28
10 38
27 38
19 38
29 38
34 38
25 38
31 38
1 38
38 47
16 38
38 63
12 38
38 71
15 38
38 69
38 55
5 38
33 38
6 62
3 62
31 62
53 62
47 62
16 62
62 78
12 62
2 62
28 62
38 62
10 67
27 67
11 67
17 67
29 67
25 67
31 67
54 67
60 67
67 78
67 74
12 67
56 67
9 67
55 67
62 67
8 66
53 66
66 77
57 66
0 66
66 75
2 66
9 66
32 76
75 76
71 76
48 76
7 34
3 7
7 31
7 54
7 47
7 16
0 7
7 12
7 71
7 48
7 76
7 69
5 7
7 51
8 26
24 26
26 60
26 42
26 32
12 26
15 26
9 26
26 55
26 62
26 33
26 58
7 26
35 60
35 78
35 74
35 45
35 79
35 48
23 29
18 23
8 23
23 24
23 77
16 23
23 45
23 75
23 56
23 59
8 65
53 65
60 65
42 65
0 65
13 65
65 71
59 65
23 65
20 65
19 70
37 70
29 70
34 70
52 70
54 70
70 77
16 70
70 74
70 75
56 70
28 70
23 70
62 70
65 70
11 61
37 61
6 61
25 61
8 61
53 61
47 61
61 78
61 74
36 61
56 61
48 61
35 61
20 61
61 70
51 61
21 61
4 32
4 36
2 4
4 28
4 76
4 69
4 67
4 58
4 61
4 68
70 72
22 63
22 75
15 22
9 22
22 76
20 22
22 33
22 70
21 22
22 39
65 72
49 52
1 49
47 49
49 57
49 63
36 49
2 49
49 59
23 49
49 62
49 65
49 58
14 49
7 49
43 44
10 44
44 64
27 44
11 44
29 44
6 44
3 44
8 44
44 54
44 77
16 44
44 74
44 45
44 79
44 48
38 44
44 69
44 65
44 50
14 44
44 68
23 35
23 51
23 40
14 35
35 72
21 35
35 68
62 72
26 72
66 72
39 76
66 76
58 76
20 66
66 67
50 66
39 66
39 67
50 67
5 40
5 21
5 68
5 51
28 50
28 39
50 55
20 55
14 55
20 21
15 50
15 40
15 69
40 68
40 58
33 40
39 40
2 14
2 9
58 75
58 71
48 58
33 58
59 71
21 71
51 71
9 21
21 39
45 50
45 59
45 51
33 45
36 59
14 59
59 68
51 59
51 68
9 13
13 69
13 48
13 51
48 57
33 57
9 57
14 57
24 36
9 24
24 69
42 69
32 69
56 69
50 69
51 69
32 74
12 42
39 42
36 42
42 63
42 50
63 74
56 63
9 63
39 63
56 79
48 56
33 56
46 51
51 77
54 60
50 54
12 54
53 54
30 39
36 39
39 79
30 77
30 79
30 50
12 30
30 47
48 77
16 77
33 77
0 48
9 48
8 33
8 60
8 52
8 16
8 53
1 33
33 78
9 33
14 33
3 60
3 50
3 31
1 3
50 52
12 50
14 50
11 53
11 25
11 14
37 53
6 53
25 53
9 53
14 53
53 74
53 78
29 37
31 37
37 79
34 79
18 79
31 79
1 79
16 79
74 79
14 34
1 34
16 34
34 60
25 34
1 52
1 74
1 47
1 16
47 74
74 78
14 74
6 47
6 52
25 52
52 78
9 52
18 36
16 18
14 18
31 36
36 47
14 36
12 36
17 47
17 60
17 78
31 47
14 47
47 78
14 19
19 78
19 29
29 78
25 78
16 78
14 41
41 60
29 41
25 29
27 60
29 64
14 64
16 29
29 31
10 14
14 31
31 43
12 31
0 12
