80 1264
18 42
18 25
42 57
25 57
18 57
39 42
25 39
39 57
18 76
39 76
41 42
25 41
41 57
41 76
25 71
57 71
71 76
18 71
39 71
41 71
16 42
16 25
16 57
16 76
16 71
12 39
12 18
12 41
12 16
17 42
17 25
17 57
17 76
17 71
12 17
42 69
25 69
57 69
69 76
69 71
12 69
39 69
18 69
16 69
41 69
17 69
42 65
25 65
57 65
65 76
65 71
12 65
65 69
31 39
18 31
31 41
16 31
17 31
31 65
32 42
25 32
32 57
32 76
32 71
12 32
32 69
31 32
39 77
18 77
41 77
16 77
65 77
17 77
42 78
25 78
57 78
76 78
71 78
12 78
69 78
31 78
77 78
57 61
61 71
61 77
18 61
39 61
41 61
16 61
61 65
17 61
1 42
1 25
1 57
1 76
1 71
1 12
1 69
1 31
1 77
1 61
2 31
2 61
2 39
2 18
2 41
2 16
2 65
2 17
1 2
2 78
42 51
25 51
51 57
51 76
51 71
12 51
51 69
31 51
51 77
51 61
2 51
51 65
35 69
2 35
35 65
35 39
18 35
35 41
16 35
17 35
35 51
1 35
32 35
10 42
10 25
10 57
10 76
10 71
10 12
10 69
10 31
10 77
10 61
2 10
10 65
10 35
25 34
34 57
34 71
12 34
31 34
34 61
34 35
18 34
34 39
34 41
16 34
17 34
1 34
32 34
10 34
34 51
34 78
42 44
25 44
44 57
44 71
12 44
44 69
44 77
2 44
34 44
32 44
57 66
66 71
66 69
65 66
35 66
34 66
18 40
39 40
40 41
16 40
17 40
47 65
4 25
4 57
4 71
4 61
4 65
4 32
4 39
4 18
4 16
4 41
4 17
3 31
2 3
3 65
3 4
3 66
5 40
5 18
5 39
5 16
5 41
5 17
25 72
57 72
71 72
12 72
31 72
2 72
35 72
32 72
66 72
5 72
14 39
14 18
14 41
14 16
24 42
24 25
24 57
24 76
24 71
12 24
24 69
24 31
24 77
24 61
2 24
24 65
24 35
24 32
24 40
5 24
14 24
64 69
61 64
64 65
32 64
4 64
64 66
14 64
18 64
39 64
25 37
37 57
37 69
2 37
34 37
32 37
37 40
25 33
33 57
33 71
12 33
31 33
2 33
33 65
32 33
33 40
5 33
33 39
18 33
33 41
16 33
17 33
7 69
7 65
7 35
7 32
7 66
7 33
7 72
8 14
8 18
8 39
8 16
8 41
8 17
14 21
8 21
25 63
57 63
63 69
61 63
34 63
32 63
63 66
5 63
14 63
8 63
39 63
18 63
1 63
23 25
23 57
23 76
23 71
12 23
23 69
23 31
23 61
23 65
23 32
23 40
5 23
23 33
23 64
23 63
6 31
6 61
6 35
6 32
4 6
6 66
6 72
6 64
15 42
15 25
15 57
15 76
15 71
12 15
15 69
15 61
15 65
15 32
4 15
15 66
15 33
8 15
15 18
15 39
6 15
35 38
32 38
4 38
5 38
38 72
38 64
15 38
6 38
42 50
25 50
50 57
50 76
50 71
12 50
50 69
31 50
50 77
50 61
2 50
50 65
35 50
32 50
40 50
33 50
50 72
8 50
39 70
18 70
42 54
25 54
54 57
54 76
54 71
12 54
54 69
31 54
54 77
2 54
54 65
4 54
54 66
5 54
33 54
54 70
15 54
1 54
50 54
7 54
55 69
55 61
55 65
34 55
40 55
5 55
14 55
8 55
55 70
55 63
50 55
7 55
39 55
57 73
71 73
69 73
61 73
35 73
32 73
4 73
66 73
33 73
64 73
70 73
63 73
1 73
55 73
62 72
8 62
62 70
13 25
13 57
13 76
13 71
12 13
13 69
13 31
2 13
13 65
13 32
4 13
5 13
13 33
13 64
13 15
6 13
13 39
13 18
13 51
13 41
15 27
13 27
1 27
7 27
3 27
42 68
25 68
57 68
68 76
68 71
12 68
68 69
31 68
68 77
61 68
65 68
34 68
40 68
66 68
68 72
64 68
63 68
13 68
17 79
11 42
11 25
11 57
11 76
11 71
11 12
11 69
11 31
11 77
11 61
2 11
11 65
11 35
11 34
4 11
5 11
11 72
11 64
11 63
1 11
11 79
7 11
3 11
42 74
25 74
57 74
74 76
71 74
12 74
69 74
31 74
74 77
2 74
35 74
34 74
40 74
66 74
14 74
8 74
63 74
13 74
1 74
0 74
62 74
38 74
11 74
35 59
34 59
59 66
5 59
33 59
59 64
15 59
13 59
59 79
55 59
59 62
59 74
59 73
43 63
6 43
1 43
0 43
43 62
43 68
42 52
25 52
52 57
52 76
52 71
12 52
52 69
31 52
52 77
52 61
52 65
32 52
4 52
5 52
14 52
52 64
15 52
6 52
50 52
7 52
3 52
52 74
40 67
33 67
14 67
8 67
63 67
13 67
50 67
0 67
3 67
52 67
22 69
2 22
22 65
22 34
4 22
22 33
14 22
8 22
22 70
22 63
1 22
7 22
22 62
22 74
22 73
30 63
13 30
1 30
0 30
30 55
30 68
22 30
10 30
25 58
57 58
58 71
12 58
58 69
2 58
58 65
34 58
40 58
33 58
58 72
58 64
58 70
6 58
50 58
7 58
55 58
52 58
58 73
17 58
36 69
2 36
35 36
32 36
4 36
33 36
36 72
36 64
36 63
6 36
1 36
0 36
3 36
36 68
22 36
36 43
36 58
36 44
42 49
25 49
49 57
49 76
49 71
12 49
49 69
49 61
49 65
34 49
4 49
49 66
49 72
49 70
15 49
6 49
49 50
49 55
49 62
49 68
49 73
10 49
44 49
14 75
64 75
70 75
6 75
75 79
0 75
62 75
68 75
52 75
17 75
44 75
18 75
47 75
19 50
7 19
19 62
19 68
19 22
10 19
19 58
19 75
19 78
19 38
19 47
44 45
9 35
9 34
9 66
9 33
9 14
8 9
9 70
1 9
9 79
9 50
3 9
9 68
9 52
9 43
9 44
14 46
8 46
46 70
13 46
46 79
0 46
46 55
46 74
46 52
17 46
44 46
9 46
46 49
46 78
46 47
36 46
46 59
46 67
4 56
56 66
33 56
8 56
15 56
6 56
50 56
7 56
3 56
56 74
56 73
10 56
56 58
49 56
24 56
38 56
37 56
18 56
46 56
56 67
15 28
28 63
1 28
0 28
28 62
28 68
28 73
17 28
28 43
28 75
28 78
28 38
28 36
28 45
28 54
31 48
2 48
48 65
34 48
48 66
5 48
14 48
48 72
48 63
13 48
1 48
7 48
48 55
48 74
22 48
10 48
43 48
9 48
48 78
23 48
37 48
18 48
30 48
53 70
53 63
53 79
0 53
3 53
53 74
22 53
17 53
43 53
9 53
24 53
23 53
47 53
18 53
46 53
21 53
53 59
53 67
27 53
51 53
48 53
19 53
28 48
39 48
35 60
34 60
4 60
5 60
60 72
8 60
60 63
6 60
60 79
55 60
3 60
60 74
52 60
10 60
58 60
60 75
24 60
23 60
47 60
18 60
30 60
48 60
11 60
16 60
27 60
51 60
56 60
21 60
11 48
27 48
41 48
28 51
16 28
15 26
13 26
1 26
7 26
3 26
26 68
22 26
17 26
26 58
26 75
26 49
26 38
26 36
18 26
26 30
26 67
26 28
19 26
26 39
26 59
20 25
20 57
20 71
20 69
20 31
20 61
20 35
20 32
20 40
20 66
20 33
20 72
20 70
6 20
20 50
7 20
3 20
20 68
20 73
10 20
20 44
9 20
20 78
20 23
20 36
20 45
20 46
20 67
20 41
19 20
20 27
20 26
20 59
20 21
21 26
28 56
21 28
28 39
11 56
16 56
51 56
29 57
2 29
29 65
29 34
29 40
29 33
14 29
29 64
15 29
29 63
29 50
29 55
29 62
29 68
29 52
10 29
29 58
9 29
29 49
29 37
29 36
29 45
29 30
29 67
29 41
11 29
16 29
29 51
29 56
29 59
46 51
11 46
46 54
9 41
9 78
9 30
9 45
9 39
9 23
9 16
9 37
24 45
38 45
37 45
39 45
18 45
19 45
16 45
21 45
45 51
19 30
19 41
19 51
19 27
19 59
51 75
24 75
11 75
54 75
59 75
49 75
67 75
27 49
36 49
49 59
30 49
24 49
23 49
38 49
39 49
23 36
36 47
36 41
21 36
30 36
27 36
18 58
30 58
51 58
39 58
41 58
58 78
11 58
16 58
23 30
30 47
30 54
16 30
21 30
21 22
22 51
22 54
22 37
22 67
11 22
10 22
18 22
22 39
17 67
44 67
24 67
23 67
37 67
54 67
16 67
41 67
52 54
47 52
51 52
37 52
43 52
39 52
24 52
52 78
52 73
10 43
43 59
24 43
16 43
43 44
37 43
23 43
43 54
38 43
21 43
44 59
23 59
37 59
54 59
41 59
27 59
10 74
44 74
23 74
39 74
41 74
18 74
21 74
11 17
11 78
11 23
11 37
11 18
11 41
11 16
11 21
16 79
7 79
68 79
62 79
21 79
23 79
18 79
78 79
7 68
62 68
3 68
68 73
68 78
27 68
16 68
24 68
27 73
17 27
27 44
24 27
27 38
27 37
27 54
27 39
13 62
13 17
3 13
13 24
0 13
13 44
13 37
0 62
55 62
41 62
47 62
16 62
62 73
3 62
17 62
18 62
38 73
41 73
23 73
17 73
44 73
16 73
47 73
21 55
23 55
37 55
55 78
38 55
54 55
24 55
17 54
54 78
23 54
47 54
18 54
41 54
39 54
47 70
10 70
70 78
50 70
6 50
1 50
39 50
10 50
37 50
50 51
41 50
24 50
3 50
38 50
0 38
17 38
38 44
21 38
18 38
37 38
38 51
38 47
3 15
15 17
15 16
15 51
7 15
15 24
15 37
0 15
6 18
6 39
6 10
6 47
6 21
1 6
6 16
6 7
6 23
0 23
10 23
23 41
21 63
44 63
41 63
0 21
17 21
21 44
21 78
21 39
1 8
8 44
7 8
8 10
0 8
7 78
7 17
7 16
7 10
7 37
3 7
33 37
33 78
33 44
37 72
37 64
10 37
24 37
37 39
18 37
41 64
24 64
3 64
51 64
64 78
47 64
16 64
0 24
24 44
24 47
16 24
24 78
24 51
14 72
14 47
1 14
39 72
18 72
41 72
16 72
10 72
17 72
0 72
3 72
51 72
5 47
5 51
5 78
5 44
3 5
1 5
3 51
3 10
3 39
3 44
3 17
1 4
4 51
4 10
4 78
4 47
0 4
40 47
1 47
0 47
10 47
44 47
39 47
16 47
47 51
1 40
40 66
40 51
40 78
10 40
39 66
18 66
16 66
41 66
17 66
44 66
10 66
0 66
1 44
0 44
0 34
10 32
10 17
10 18
10 78
35 78
0 35
32 51
0 51
17 51
39 51
2 32
1 65
1 32
1 78
1 18
1 39
0 1
32 61
61 78
0 61
65 78
32 78
18 78
41 78
16 78
32 77
32 65
18 32
32 39
32 41
16 32
17 32
39 65
18 65
16 65
41 65
17 65
0 69
17 41
16 39
0 41
18 41
0 57
0 18
25 42
0 25
