80 1580
29 38
29 32
32 38
29 42
32 42
29 43
38 43
42 43
6 29
6 32
6 43
38 49
42 49
29 44
32 44
43 44
44 49
12 38
12 42
12 44
6 12
29 61
32 61
43 61
49 61
12 61
29 72
32 72
43 72
49 72
12 72
38 72
42 72
6 72
44 72
61 72
29 51
32 51
43 51
49 51
12 51
51 72
28 38
28 42
6 28
28 44
28 61
29 52
32 52
43 52
49 52
12 52
52 72
28 52
37 38
37 42
37 44
6 37
37 61
37 52
37 51
29 60
32 60
43 60
49 60
12 60
60 72
28 60
37 60
2 38
2 42
2 6
2 44
2 61
2 52
2 51
0 2
15 29
15 32
15 43
15 49
12 15
15 72
15 28
15 37
2 15
15 52
7 38
7 42
7 44
6 7
7 61
7 51
7 15
29 34
32 34
34 43
34 49
12 34
34 72
28 34
34 37
2 34
34 52
7 34
29 46
46 72
37 46
46 52
38 46
42 46
6 46
44 46
46 61
46 51
15 46
46 60
0 46
34 46
29 57
32 57
43 57
49 57
12 57
57 72
28 57
37 57
2 57
52 57
7 57
46 57
8 38
8 42
6 8
8 44
8 61
8 51
0 8
8 60
8 15
8 34
8 57
22 29
22 32
22 43
22 49
12 22
22 72
22 28
22 37
2 22
22 52
7 22
22 46
8 22
1 52
1 38
1 42
1 44
1 6
1 61
1 51
1 34
1 60
1 15
0 1
1 57
1 22
29 66
32 66
43 66
49 66
66 72
28 66
2 66
52 66
46 66
1 66
38 56
42 56
44 56
6 56
56 61
51 56
34 56
0 56
56 60
15 56
56 57
22 56
27 29
27 32
27 43
27 49
12 27
27 72
27 28
27 37
2 27
27 52
7 27
27 56
29 39
32 39
39 43
39 49
12 39
39 72
28 39
37 39
2 39
39 52
7 39
39 46
8 39
1 39
6 39
38 39
39 42
39 44
39 61
39 51
15 39
34 39
0 39
39 60
39 57
25 46
1 25
25 39
25 34
0 25
29 68
32 68
43 68
49 68
12 68
68 72
28 68
37 68
2 68
52 68
7 68
46 68
8 68
1 68
6 68
39 68
35 46
8 35
6 35
0 35
35 38
35 42
35 44
35 61
35 51
15 35
35 60
35 57
29 53
32 53
43 53
49 53
12 53
53 72
28 53
37 53
2 53
52 53
7 53
46 53
8 53
53 56
6 53
39 53
35 53
37 50
2 50
7 50
1 50
6 50
39 50
35 50
38 50
42 50
44 50
50 61
50 51
50 60
15 50
50 57
29 73
32 73
43 73
72 73
37 73
52 73
7 73
1 73
6 73
34 73
50 73
68 73
6 16
16 34
0 16
16 68
0 17
17 50
17 38
17 42
17 44
17 61
17 51
17 60
15 17
17 33
16 33
29 79
32 79
43 79
72 79
2 79
52 79
46 79
8 79
6 79
34 79
35 79
68 79
16 79
73 79
38 79
42 79
44 79
61 79
29 70
49 70
37 70
52 70
7 70
1 70
6 70
39 70
0 70
50 70
52 58
8 58
6 58
39 58
0 58
58 68
38 58
42 58
44 58
58 61
51 58
15 58
58 60
29 75
32 75
43 75
49 75
12 75
72 75
37 75
52 75
46 75
1 75
56 75
34 75
35 75
58 75
17 75
73 75
24 29
24 32
24 43
24 49
24 72
24 52
24 46
8 24
6 24
24 34
0 24
24 68
16 24
24 73
24 38
24 42
24 44
24 61
24 51
5 29
5 32
5 43
5 49
5 12
5 72
5 28
5 52
5 7
1 5
5 6
5 34
5 35
5 68
5 16
5 73
5 24
5 51
6 30
30 39
0 30
30 58
17 30
16 30
30 79
30 44
30 38
30 42
29 65
32 65
43 65
49 65
12 65
65 72
28 65
37 65
2 65
52 65
46 65
1 65
6 65
39 65
0 65
50 65
58 65
65 73
24 65
52 63
8 63
6 63
39 63
35 63
50 63
16 63
29 40
32 40
40 43
40 49
12 40
40 72
37 40
2 40
7 40
1 40
6 40
39 40
35 40
40 50
16 40
38 40
40 42
40 44
40 61
40 51
46 54
8 54
54 56
34 54
35 54
54 68
54 58
40 54
24 54
54 63
17 74
16 74
24 74
44 74
38 74
42 74
27 74
54 74
10 72
2 10
10 52
8 10
6 10
10 34
10 35
10 50
10 17
10 73
10 24
10 44
10 74
11 29
11 32
11 28
11 52
11 46
1 11
11 56
11 39
11 35
11 58
11 17
11 73
11 79
11 63
11 30
11 74
11 38
11 42
11 70
47 52
8 47
6 47
34 47
35 47
47 50
16 47
40 47
47 73
47 63
44 47
11 47
38 47
5 47
6 45
34 45
0 45
45 58
17 45
40 45
45 79
45 63
30 45
45 74
3 35
3 50
3 58
3 40
3 79
3 63
3 30
3 74
3 42
3 25
3 70
35 48
48 50
17 48
48 73
24 48
48 51
30 48
38 48
3 48
5 48
16 21
21 73
21 79
21 51
21 74
11 21
3 21
5 21
21 42
29 78
32 78
43 78
49 78
12 78
72 78
2 78
52 78
7 78
1 78
6 78
34 78
0 78
58 78
17 78
40 78
78 79
44 78
30 78
74 78
38 78
5 78
21 78
66 78
26 29
26 32
26 43
26 49
12 26
26 72
26 28
26 37
2 26
26 52
26 46
8 26
26 56
26 39
0 26
26 68
17 26
16 26
26 79
26 63
26 44
11 26
3 26
18 29
18 32
18 43
18 49
12 18
18 72
18 37
18 52
18 46
1 18
18 56
18 34
0 18
18 68
18 58
18 40
18 24
18 51
18 30
18 38
3 18
18 42
18 27
18 22
29 59
43 59
59 72
52 59
46 59
8 59
56 59
34 59
35 59
59 68
58 59
59 73
24 59
44 59
30 59
11 59
38 59
18 59
45 59
7 31
8 31
31 56
31 34
31 35
31 50
17 31
31 40
31 79
31 63
30 31
31 74
31 38
18 31
31 45
31 42
26 31
31 53
29 67
32 67
43 67
49 67
12 67
67 72
28 67
37 67
2 67
52 67
46 67
8 67
6 67
34 67
0 67
50 67
58 67
40 67
67 73
51 67
30 67
11 67
3 67
5 67
45 67
31 67
26 67
24 77
51 77
44 77
11 77
38 77
18 77
21 77
66 77
26 77
65 77
60 77
6 76
39 76
0 76
68 76
17 76
40 76
76 79
51 76
44 76
74 76
3 76
5 76
21 76
66 76
29 62
32 62
43 62
49 62
62 72
28 62
37 62
52 62
46 62
56 62
6 62
39 62
0 62
62 68
17 62
40 62
24 62
51 62
44 62
62 74
38 62
5 62
45 62
62 66
62 76
59 62
13 29
13 32
13 43
13 49
12 13
13 72
13 28
13 37
2 13
13 52
7 13
8 13
13 56
0 13
13 35
13 50
13 16
13 40
13 24
13 63
13 30
11 13
13 38
13 18
13 21
13 31
13 62
13 27
13 67
13 33
13 76
13 70
7 41
8 41
6 41
39 41
0 41
41 58
17 41
40 41
41 79
41 63
41 44
11 41
38 41
5 41
41 45
31 41
41 62
27 41
23 29
23 32
23 43
23 49
23 28
2 23
7 23
1 23
23 56
23 39
23 35
23 50
17 23
23 40
23 24
23 51
23 44
11 23
23 38
5 23
21 23
23 66
23 62
23 27
23 67
23 42
36 37
2 36
36 46
1 36
6 36
36 39
0 36
36 50
36 58
36 40
24 36
36 51
36 44
11 36
36 38
5 36
21 36
31 36
26 36
36 77
23 36
33 36
36 76
36 42
36 41
55 72
52 55
46 55
1 55
6 55
39 55
0 55
55 68
55 58
55 73
55 79
51 55
44 55
38 55
3 55
5 55
21 55
55 66
26 55
55 62
23 55
55 78
13 55
42 55
22 55
47 55
55 59
48 55
15 55
36 55
53 55
55 60
29 71
32 71
43 71
49 71
71 72
28 71
37 71
52 71
46 71
1 71
6 71
34 71
0 71
58 71
16 71
40 71
71 73
63 71
44 71
71 74
38 71
5 71
45 71
21 71
62 71
71 77
23 71
71 78
13 71
61 71
22 71
55 71
20 29
20 32
20 43
20 49
12 20
20 72
20 28
20 37
2 20
20 52
7 20
20 46
8 20
1 20
6 20
20 34
0 20
20 68
17 20
20 40
20 79
20 63
20 30
20 74
20 38
18 20
20 21
20 31
20 26
20 77
20 67
20 78
20 76
20 61
20 22
20 71
10 20
20 70
19 37
19 52
7 19
8 19
19 56
19 34
19 35
19 50
17 19
16 19
19 24
19 51
19 30
19 74
19 38
18 19
19 21
19 31
19 62
19 27
19 67
19 23
19 76
19 42
19 22
19 71
10 19
19 57
9 52
8 9
9 56
9 34
9 35
9 50
9 16
9 40
9 24
9 51
9 44
9 38
3 9
5 9
9 45
9 66
9 62
9 27
9 67
9 33
9 13
9 61
9 41
9 71
9 75
9 19
9 65
9 25
9 48
9 15
9 53
9 54
4 7
1 4
4 6
4 34
0 4
4 68
4 16
4 73
4 79
4 51
4 44
4 38
3 4
4 18
4 45
4 31
4 62
4 77
4 23
4 33
4 76
4 61
4 41
4 71
4 75
4 70
4 65
4 25
4 48
4 15
4 36
4 54
4 9
14 72
14 52
14 46
14 56
6 14
14 34
0 14
14 68
14 17
14 73
14 79
14 51
14 30
14 38
3 14
14 18
14 21
14 66
14 62
14 27
14 67
14 78
13 14
14 61
14 22
14 71
14 75
14 57
14 65
14 25
6 64
39 64
0 64
58 64
17 64
64 73
64 79
51 64
44 64
64 74
38 64
5 64
21 64
31 64
26 64
27 64
64 77
33 64
13 64
61 64
41 64
64 71
10 64
57 64
19 64
48 64
47 64
14 64
59 64
36 64
20 64
54 64
14 60
14 36
14 59
4 14
14 47
9 20
19 65
19 48
19 60
19 20
19 47
19 25
29 69
32 69
43 69
69 72
37 69
52 69
7 69
1 69
6 69
34 69
35 69
68 69
58 69
69 73
24 69
63 69
30 69
69 74
3 69
18 69
45 69
31 69
26 69
69 77
23 69
33 69
13 69
61 69
22 69
69 75
10 69
69 70
25 69
54 69
48 69
53 69
59 69
20 69
15 69
60 69
15 20
20 53
20 59
20 47
10 71
57 71
65 71
47 71
25 55
55 75
55 70
36 70
36 57
36 65
36 48
36 60
36 47
36 59
15 23
23 76
23 78
23 41
23 57
23 70
10 23
23 75
41 78
13 41
41 61
22 41
41 54
41 65
41 70
25 41
41 48
41 57
41 60
13 60
13 22
10 13
13 54
13 15
10 62
22 62
57 62
42 62
62 70
61 62
62 75
76 77
76 78
48 76
42 76
65 76
47 76
25 76
53 76
57 76
61 76
59 76
53 77
47 77
48 77
67 77
10 77
54 77
33 77
22 77
53 67
48 67
47 67
25 67
61 67
54 67
59 67
33 67
60 67
65 67
31 59
10 31
31 70
31 65
22 31
31 75
31 48
27 59
33 59
42 59
22 59
59 75
57 59
25 59
15 59
53 59
18 70
18 61
18 26
18 75
18 60
18 45
15 18
18 33
18 65
21 26
26 42
15 26
25 26
26 27
26 60
26 53
26 47
26 54
26 33
26 65
26 78
27 78
33 78
25 78
54 78
22 78
10 78
57 78
75 78
53 78
48 78
21 53
21 61
10 21
21 25
21 48
21 54
48 66
42 48
10 48
48 65
48 60
15 48
3 75
3 66
3 45
3 54
3 33
3 60
3 15
3 53
42 45
45 60
45 70
45 57
45 75
22 45
45 66
15 45
27 45
45 47
33 45
47 66
33 47
42 47
47 75
47 57
25 47
47 60
47 54
11 66
11 54
11 33
11 27
10 11
5 11
11 65
11 75
11 25
10 38
5 10
10 61
10 22
10 75
10 57
10 54
10 70
10 15
15 74
60 74
57 74
61 74
53 74
22 74
5 54
54 66
54 61
54 75
54 70
54 65
54 60
53 54
40 63
40 53
40 66
40 70
22 40
63 79
38 63
42 63
44 63
61 63
63 66
33 63
27 63
53 63
22 63
51 63
15 63
63 75
63 65
30 65
38 65
5 65
33 65
61 65
65 70
53 65
15 65
5 30
30 75
30 33
30 70
30 61
25 30
30 57
5 38
5 42
5 66
5 25
5 57
24 53
24 75
24 60
24 57
24 25
27 75
61 75
42 75
22 75
60 75
53 75
25 58
58 70
22 58
53 58
70 79
51 70
27 70
33 70
42 70
25 70
57 70
53 70
27 79
51 79
15 79
33 79
22 79
33 66
15 33
33 42
33 60
33 61
17 57
16 17
16 38
16 42
16 44
16 61
16 51
15 16
16 66
16 27
16 73
16 60
16 25
38 73
42 73
44 73
61 73
51 73
60 73
57 73
15 73
27 73
27 50
50 68
50 53
22 50
44 53
38 53
42 53
22 53
15 53
53 60
22 35
35 68
38 68
42 68
44 68
61 68
51 68
15 68
60 68
25 68
27 68
66 68
57 68
25 51
25 66
25 27
25 42
25 57
25 60
22 39
27 39
27 34
27 38
27 66
22 27
27 42
15 27
27 61
27 57
56 66
34 66
0 66
51 66
44 66
42 66
57 66
15 66
60 66
61 66
6 22
22 34
22 44
22 38
22 42
15 22
6 57
34 57
0 57
44 57
38 57
57 61
15 57
6 34
34 38
34 42
34 44
34 61
34 51
15 34
34 60
0 34
0 7
7 60
6 15
0 15
15 44
15 42
2 60
52 60
6 60
0 60
51 60
44 60
42 60
0 37
38 52
42 52
6 52
44 52
52 61
51 52
0 52
28 51
0 28
6 51
0 51
38 51
42 51
44 51
51 61
0 72
6 61
0 61
44 61
38 61
0 12
6 44
0 44
38 44
42 44
6 49
0 49
6 38
6 42
0 6
0 43
0 42
38 42
0 32
0 38
0 29
