80 632
2 14
2 46
29 46
14 70
46 70
29 47
47 70
2 47
14 37
37 46
37 47
14 27
27 29
2 27
27 70
14 32
32 46
32 47
27 32
30 47
27 30
29 30
30 70
2 30
30 32
30 37
14 53
46 53
47 53
27 53
30 53
12 53
14 23
23 27
23 30
2 23
23 70
23 29
14 62
27 62
23 62
29 50
2 50
50 70
50 53
14 58
46 58
47 58
27 58
30 58
50 58
32 34
34 58
23 41
41 50
34 41
29 48
2 48
48 70
14 65
27 65
23 65
48 65
26 70
2 26
26 29
1 30
1 48
1 26
1 2
14 18
18 46
18 47
18 27
18 30
18 48
30 36
36 48
36 57
2 36
29 36
15 41
10 26
10 39
21 26
21 34
14 73
27 73
30 73
50 73
48 73
2 73
21 73
10 73
14 56
47 56
27 56
30 56
12 56
48 56
26 56
18 56
8 29
8 56
26 76
39 76
8 76
21 25
10 25
26 60
39 60
21 60
25 60
56 60
30 68
23 68
26 68
2 68
29 68
10 68
65 68
14 44
44 46
44 47
27 44
12 44
44 50
26 44
2 44
18 44
10 44
44 56
44 68
65 75
44 75
41 49
15 49
49 56
49 68
18 19
19 25
19 56
19 44
19 49
19 76
27 63
23 63
57 63
39 63
18 63
29 63
48 66
34 66
41 66
25 66
63 66
66 68
19 66
14 79
46 79
47 79
27 79
30 79
23 79
26 79
34 79
41 79
15 79
63 79
68 79
30 33
33 50
26 33
2 33
33 41
29 33
48 59
39 59
41 59
15 59
59 63
16 21
15 16
16 59
4 14
4 46
4 47
4 27
4 23
4 50
4 57
2 4
4 8
4 25
4 65
4 16
17 30
17 23
17 57
2 17
17 41
10 17
17 56
4 17
17 37
42 57
39 42
18 42
15 42
42 56
42 68
17 42
42 79
42 75
11 57
11 39
11 21
11 15
11 59
11 44
11 49
18 51
25 51
51 63
3 21
3 10
3 63
3 4
61 63
3 61
19 61
9 57
9 39
9 18
9 10
9 65
9 68
9 33
9 32
1 9
9 62
18 71
15 71
65 71
3 71
17 71
9 71
71 75
49 72
51 72
72 75
24 72
18 78
15 78
65 78
4 78
33 78
9 78
37 45
45 51
34 43
2 43
18 43
15 43
25 43
43 44
17 43
43 51
43 75
43 70
43 45
43 73
32 43
21 52
29 52
52 65
3 52
17 52
52 79
43 52
11 52
52 61
52 76
7 52
18 54
29 54
25 54
44 54
19 54
54 79
54 66
24 54
32 54
74 75
6 26
6 34
6 21
6 29
6 59
6 44
6 19
6 33
6 66
6 72
6 74
6 76
31 37
31 51
31 45
6 31
5 49
5 9
5 45
5 24
5 74
5 55
13 29
13 25
13 63
4 13
13 49
13 79
13 66
6 13
13 55
13 16
13 64
7 64
58 64
35 65
4 35
19 35
17 77
33 77
35 77
14 20
20 46
20 47
20 27
20 30
20 23
20 57
20 39
8 20
20 29
20 63
3 20
20 37
20 77
12 67
23 67
26 67
39 67
18 67
10 67
56 67
67 68
17 67
51 67
22 33
22 79
22 67
1 22
22 55
22 62
22 53
22 61
22 31
22 36
0 67
1 67
20 67
16 67
66 67
28 63
3 28
28 33
28 77
28 67
1 28
28 52
28 70
28 60
7 28
13 28
28 58
40 57
34 40
21 40
10 40
40 59
3 40
40 49
40 79
40 67
1 40
32 40
40 62
40 60
40 73
40 74
36 40
1 20
20 32
20 54
20 71
38 41
15 38
38 63
4 38
38 49
38 77
38 45
6 38
32 38
38 54
20 38
31 38
38 58
13 38
7 20
20 73
16 77
73 77
24 77
70 77
35 75
24 35
35 55
16 35
35 64
35 53
35 36
35 73
13 31
42 55
32 55
5 60
5 73
5 31
5 62
31 62
31 53
6 61
54 74
71 74
41 69
29 69
65 69
68 69
37 69
9 69
66 69
45 69
52 69
69 70
69 71
58 69
69 74
42 69
0 74
7 54
54 58
7 76
16 52
43 61
43 62
45 78
45 60
45 76
72 78
11 78
36 78
0 78
70 78
53 78
71 78
70 72
11 72
58 72
71 72
16 71
0 71
9 58
9 61
61 70
60 61
61 76
42 61
3 24
3 33
3 70
3 51
33 51
11 51
51 60
51 53
0 51
11 75
11 32
11 42
11 36
11 58
42 70
42 60
42 76
17 32
16 17
17 36
4 73
4 37
4 62
4 53
16 24
0 16
16 53
59 70
59 62
53 59
1 59
56 59
33 59
0 59
33 37
33 79
33 76
66 79
36 79
75 79
36 66
58 66
53 66
24 63
63 65
19 24
24 75
24 73
24 62
19 53
0 19
49 60
49 75
49 70
44 76
36 44
32 44
1 44
60 68
58 68
0 68
1 60
32 60
25 76
25 62
25 32
1 25
65 76
70 76
53 76
0 8
29 56
56 73
32 56
37 56
56 58
37 73
62 73
0 73
10 21
21 58
21 65
21 37
21 41
0 10
10 65
10 15
10 58
15 53
15 36
36 65
36 62
0 36
18 57
2 57
57 70
29 57
53 57
18 34
18 32
1 18
1 37
1 53
0 1
26 65
39 65
32 48
39 48
48 62
34 39
37 39
2 39
39 41
41 53
41 62
32 41
41 70
0 34
34 37
34 70
2 58
37 58
37 50
50 62
2 62
37 62
23 32
23 53
23 37
0 23
2 53
12 32
27 37
12 37
29 37
12 70
29 70
2 12
0 2
2 29
14 29
12 29
0 12
