80 1580
16 32
14 31
14 32
16 70
14 70
6 32
6 31
16 46
14 46
6 46
16 35
14 35
6 35
31 35
32 35
16 62
14 62
6 62
35 62
12 35
12 32
12 31
12 62
12 46
12 70
16 72
14 72
6 72
35 72
12 72
16 18
6 18
18 35
18 32
18 31
18 46
18 70
18 62
18 72
9 16
9 14
6 9
9 35
9 12
9 18
16 63
14 63
6 63
35 63
12 63
18 63
31 63
32 63
46 63
63 70
62 63
9 63
16 54
14 54
6 54
35 54
12 54
18 54
54 63
16 44
14 44
6 44
35 44
12 44
44 63
32 44
31 44
44 62
44 46
44 70
44 54
16 27
14 27
6 27
27 35
12 27
18 27
27 63
27 44
27 31
16 45
6 45
35 45
45 63
31 45
32 45
45 46
45 70
45 62
9 45
45 54
45 72
27 45
13 16
13 14
6 13
13 35
12 13
13 18
13 63
13 44
13 31
13 45
6 79
35 79
12 79
63 79
44 79
31 79
32 79
46 79
62 79
70 79
27 79
54 79
9 79
72 79
16 51
14 51
6 51
35 51
12 51
18 51
51 63
44 51
31 51
45 51
51 79
40 63
31 40
32 40
40 62
40 46
40 70
40 54
27 40
9 40
40 72
40 51
16 78
14 78
6 78
35 78
12 78
18 78
63 78
44 78
31 78
45 78
78 79
40 78
35 75
18 75
63 75
31 75
45 75
32 75
46 75
62 75
70 75
72 75
54 75
27 75
9 75
51 75
13 75
16 77
14 77
6 77
35 77
12 77
18 77
63 77
44 77
31 77
45 77
77 79
40 77
75 77
45 50
32 50
50 62
46 50
50 70
27 50
50 54
50 72
9 50
50 77
13 50
50 78
50 51
3 16
3 14
3 6
3 35
3 12
3 18
3 63
3 44
3 31
3 45
3 79
3 40
3 75
3 50
1 16
1 14
1 6
1 35
1 12
1 18
1 63
1 44
1 31
1 45
1 79
1 40
1 75
1 50
1 32
1 70
1 46
1 62
1 27
1 72
1 54
1 9
1 13
1 51
1 77
1 78
16 69
14 69
6 69
35 69
12 69
18 69
63 69
44 69
31 69
45 69
69 79
40 69
69 75
50 69
1 69
16 68
14 68
6 68
35 68
12 68
18 68
63 68
44 68
31 68
45 68
68 79
40 68
68 75
50 68
1 68
32 68
46 68
68 70
62 68
9 68
54 68
27 68
68 72
68 78
13 68
68 77
51 68
3 68
68 69
10 16
10 14
6 10
10 35
10 12
10 18
10 63
10 44
10 31
10 45
10 79
10 40
10 75
10 50
1 10
10 68
12 17
17 18
17 44
17 31
17 79
17 50
1 17
17 32
17 46
17 70
17 62
17 27
17 54
9 17
17 72
17 51
17 78
17 77
13 17
30 40
30 50
17 30
13 30
20 63
20 31
20 79
20 75
1 20
13 20
20 32
20 62
20 46
20 70
20 27
20 54
20 72
9 20
20 78
20 77
20 51
20 65
32 65
62 65
65 70
46 65
54 65
65 72
27 65
9 65
21 35
21 63
21 31
21 45
21 79
21 50
21 68
13 21
15 16
14 15
6 15
15 35
12 15
15 18
15 63
15 44
15 31
15 45
15 79
15 75
1 15
15 17
15 32
15 46
15 70
15 62
15 72
15 27
15 54
9 15
15 78
15 77
15 51
15 21
15 69
14 34
6 34
34 35
18 34
31 34
34 45
34 79
34 75
34 68
13 34
15 34
14 49
6 49
35 49
18 49
49 63
31 49
40 49
49 50
49 68
17 49
15 49
32 49
46 49
49 62
49 70
9 49
49 72
49 54
27 49
49 78
12 37
18 37
37 63
31 37
37 79
37 50
37 68
13 37
37 49
37 65
32 56
56 70
46 56
56 62
54 56
27 56
56 72
9 56
15 53
53 65
53 56
4 35
4 18
4 44
4 31
4 40
4 50
4 68
4 13
4 15
4 65
4 56
4 34
4 32
4 70
4 46
4 62
16 42
14 42
6 42
35 42
12 42
42 63
42 44
31 42
42 79
42 50
42 68
17 42
15 42
42 65
42 56
4 42
29 32
29 62
29 46
29 70
0 29
29 42
12 19
19 63
19 44
19 31
19 40
19 50
19 68
13 19
15 19
19 65
16 64
14 64
6 64
35 64
12 64
18 64
63 64
44 64
31 64
45 64
64 79
64 75
1 64
13 64
15 64
64 65
16 74
14 74
6 74
35 74
12 74
18 74
63 74
44 74
31 74
45 74
74 79
40 74
74 75
50 74
68 74
17 74
20 74
49 74
32 74
46 74
70 74
62 74
54 74
9 74
72 74
27 74
51 74
15 61
61 74
56 61
61 64
29 61
61 69
21 61
9 61
61 77
27 61
16 41
6 41
12 41
18 41
41 63
31 41
41 79
41 75
41 68
13 41
15 41
41 65
41 74
41 64
16 39
14 39
6 39
35 39
12 39
18 39
39 63
39 44
31 39
39 45
39 79
39 40
1 39
17 39
15 39
39 65
39 64
34 39
4 39
32 39
39 70
39 54
45 52
40 52
1 52
13 52
15 52
49 52
52 64
34 52
39 52
52 69
21 52
5 16
5 14
5 6
5 35
5 12
5 18
5 63
5 44
5 31
5 45
5 40
5 75
1 5
5 17
5 20
5 65
5 74
5 34
5 29
5 69
5 21
5 32
5 19
5 27
16 47
6 47
12 47
18 47
44 47
31 47
47 79
47 50
47 68
13 47
20 47
47 49
47 74
4 47
29 47
39 47
9 47
5 47
37 47
37 73
61 73
51 73
40 67
50 67
1 67
17 67
15 67
49 67
56 67
34 67
29 67
2 16
2 14
2 6
2 35
2 12
2 18
2 63
2 44
2 31
2 45
2 40
2 75
2 68
2 17
2 20
2 65
2 56
2 64
2 39
2 32
2 19
2 53
20 71
65 71
64 71
4 71
29 71
2 71
21 71
9 71
37 71
62 71
71 73
51 71
6 57
35 57
12 57
18 57
57 63
31 57
40 57
57 75
1 57
17 57
20 57
49 57
57 64
34 57
39 57
57 69
9 57
5 57
57 61
57 73
57 70
22 74
22 34
4 22
2 22
21 22
22 53
5 22
22 62
22 70
22 30
25 35
18 25
25 63
25 31
25 79
25 50
1 25
17 25
15 25
25 49
25 74
25 64
4 25
25 39
9 25
5 25
25 37
25 62
25 46
22 25
25 57
25 72
25 30
0 25
24 68
13 24
20 24
24 49
24 74
24 34
24 39
2 24
21 24
24 53
24 37
24 62
24 73
22 24
24 27
24 72
24 71
24 25
63 76
31 76
76 79
50 76
1 76
13 76
20 76
65 76
56 76
34 76
4 76
69 76
9 76
53 76
37 76
62 76
46 76
22 76
51 76
72 76
71 76
25 76
47 76
41 76
35 66
63 66
44 66
31 66
40 66
66 75
1 66
17 66
15 66
49 66
56 66
4 66
29 66
2 66
21 66
9 66
61 66
66 73
66 70
22 66
57 66
40 60
60 75
60 68
13 60
20 60
49 60
60 74
60 64
29 60
60 69
21 60
5 60
60 61
60 62
60 73
51 60
27 60
57 60
52 60
33 44
31 33
33 40
33 75
33 68
13 33
20 33
33 49
33 56
33 64
29 33
33 39
9 33
33 53
33 37
33 73
33 46
33 70
33 57
33 60
33 71
25 33
33 76
28 74
28 64
28 29
2 28
28 69
9 28
28 37
28 62
28 70
28 51
27 28
28 60
28 30
0 28
7 16
6 7
7 35
7 63
7 31
7 45
7 79
7 75
7 68
7 17
7 20
7 65
7 74
7 64
7 39
2 7
7 69
5 7
7 61
7 62
7 73
7 22
7 27
7 57
7 71
7 25
7 19
23 45
23 75
1 23
17 23
20 23
23 65
23 74
4 23
23 39
2 23
21 23
5 23
23 37
23 62
23 46
23 51
23 27
23 60
23 30
23 25
7 23
23 28
56 58
58 64
39 58
58 69
9 58
5 58
37 58
58 62
46 58
58 70
27 58
58 72
30 58
0 58
25 58
7 58
39 48
2 48
21 48
48 53
48 61
48 62
46 48
22 48
48 57
48 72
48 71
0 48
7 48
19 48
33 48
16 26
14 26
6 26
26 35
12 26
18 26
26 63
26 44
26 31
26 45
26 40
26 50
1 26
13 26
20 26
26 49
26 56
26 34
26 39
26 69
9 26
5 26
26 61
26 62
26 46
26 70
26 27
26 57
26 72
26 30
7 26
19 26
26 48
26 58
26 52
26 41
26 78
26 42
26 47
26 33
39 59
2 59
21 59
53 59
5 59
59 73
59 70
22 59
27 59
59 60
30 59
25 59
59 76
28 59
48 59
8 35
8 63
8 44
8 31
8 45
8 50
1 8
8 17
8 15
8 49
8 56
8 34
8 39
2 8
8 69
8 53
5 8
8 61
8 46
8 22
8 27
8 57
8 30
0 8
8 25
7 8
8 48
8 58
8 59
8 54
8 47
8 23
3 8
8 42
8 10
8 32
8 52
55 70
51 55
27 55
55 60
55 71
0 55
7 55
19 55
28 55
55 66
8 55
41 55
16 36
14 36
6 36
35 36
12 36
18 36
36 44
31 36
36 45
36 75
36 68
13 36
20 36
36 49
36 74
4 36
36 39
36 69
9 36
36 53
36 37
36 61
36 46
22 36
27 36
36 72
36 71
25 36
7 36
19 36
28 36
36 66
32 36
3 36
36 47
36 77
36 67
16 43
6 43
12 43
43 63
31 43
43 45
43 79
43 50
1 43
13 43
20 43
43 65
43 74
43 64
4 43
43 69
21 43
43 53
5 43
43 61
43 46
43 51
27 43
43 72
43 71
0 43
43 76
19 43
43 58
43 66
32 43
41 43
36 43
42 43
43 47
33 43
11 37
11 73
11 70
11 51
11 27
11 60
11 30
0 11
7 11
11 19
11 58
11 66
11 52
11 41
11 78
11 42
11 77
11 24
11 59
11 55
11 43
11 23
43 54
10 43
43 55
33 36
10 36
36 54
36 55
38 44
31 38
38 79
38 40
38 68
17 38
15 38
38 65
38 56
34 38
4 38
2 38
9 38
38 53
37 38
38 61
38 46
38 51
38 57
38 72
38 71
25 38
7 38
28 38
38 48
38 66
32 38
3 38
38 78
38 42
38 67
38 54
10 38
38 55
38 77
23 38
47 55
24 55
23 55
26 55
52 59
3 59
59 78
42 59
24 59
33 59
59 67
54 59
26 59
26 67
10 26
48 77
48 58
24 48
32 48
48 67
10 48
48 54
58 78
41 58
47 58
3 58
52 58
23 58
33 58
23 52
23 41
23 78
23 47
23 33
23 67
10 23
3 7
7 10
7 28
7 42
28 47
10 28
28 33
24 28
28 67
28 32
28 42
28 66
32 33
3 33
33 42
33 77
33 54
60 66
47 60
60 78
19 60
54 60
0 60
60 71
3 60
32 60
66 72
25 66
66 76
19 66
66 67
66 77
24 66
52 66
41 66
66 78
24 76
67 76
76 78
42 76
32 76
52 76
76 77
54 76
24 32
24 41
24 78
24 42
24 77
24 67
10 24
25 41
25 77
25 47
22 67
22 57
0 22
22 32
22 27
22 47
22 51
22 72
19 22
32 57
47 57
52 57
19 57
3 57
57 71
42 57
57 67
57 72
30 71
10 71
42 71
67 71
52 71
32 71
0 71
2 30
2 37
2 67
0 2
2 78
2 77
2 62
2 46
2 41
2 3
2 69
67 69
5 67
37 67
67 73
46 67
51 67
0 67
52 67
3 67
67 77
54 67
46 73
70 73
54 73
47 73
10 73
52 73
73 78
30 73
41 73
47 70
30 47
47 52
3 47
47 78
47 54
47 77
5 37
5 78
5 54
5 52
3 5
5 70
5 72
37 52
52 62
51 52
0 52
19 52
52 54
41 52
42 52
37 39
39 41
3 39
39 46
39 62
21 39
27 39
21 41
41 53
41 61
41 62
41 70
27 41
41 72
30 41
19 41
41 78
3 41
41 54
61 78
32 61
51 61
46 61
61 62
0 61
61 72
19 61
10 74
74 78
30 74
21 74
3 74
64 74
32 64
62 64
64 70
46 64
0 64
34 64
27 64
19 64
64 72
54 64
64 69
9 64
3 64
4 19
19 29
9 19
19 37
19 46
19 30
0 19
19 78
19 54
3 19
19 77
29 53
10 29
29 69
29 77
42 69
9 42
42 53
37 42
42 62
42 70
42 51
27 42
0 42
32 42
42 78
4 10
4 21
4 53
4 27
4 51
4 72
4 30
4 78
4 9
21 53
9 53
32 53
10 53
30 53
53 70
53 62
53 72
46 53
3 53
0 53
53 77
51 56
37 56
56 77
34 37
21 37
32 37
37 54
30 37
10 37
0 37
49 51
49 77
10 49
30 49
0 49
34 49
32 34
34 62
34 46
34 70
34 78
34 72
27 34
34 69
0 34
34 54
34 77
34 51
9 34
30 34
0 15
21 65
21 69
21 32
21 77
21 78
21 46
0 21
21 27
9 21
21 51
3 21
65 77
3 65
65 69
65 78
10 20
3 20
20 30
30 69
30 62
27 30
30 72
30 77
30 78
10 30
30 54
3 17
17 69
10 17
10 13
10 69
9 10
10 70
10 51
10 27
10 72
10 32
3 10
10 77
10 54
0 68
13 69
32 69
54 69
69 70
51 69
9 69
69 72
1 3
3 13
3 62
3 46
3 51
3 72
0 3
3 32
3 77
13 77
62 77
46 77
70 77
51 77
72 77
32 77
75 78
0 75
13 78
62 78
70 78
51 78
0 78
32 78
13 40
0 40
13 51
9 51
51 70
0 51
51 54
13 79
13 32
13 46
13 70
13 62
13 54
9 13
13 27
13 72
0 13
0 45
27 62
27 46
27 72
9 44
44 72
31 54
9 54
46 54
54 70
54 72
63 72
9 31
9 32
9 72
9 62
9 70
31 72
46 72
31 62
32 62
35 70
35 46
31 46
46 70
32 46
6 70
31 70
0 70
31 32
0 32
16 31
0 31
