90 2002
5 7
5 39
7 39
5 14
14 39
14 21
5 88
39 88
21 88
7 88
14 88
5 68
39 68
21 68
68 88
5 87
39 87
21 87
87 88
7 87
14 87
68 87
5 18
18 39
18 21
18 88
18 87
5 43
39 43
21 43
43 88
43 87
7 43
14 43
18 43
43 68
5 65
39 65
21 65
65 88
65 87
43 65
5 51
39 51
21 51
51 88
51 87
43 51
7 51
14 51
18 51
51 65
51 68
5 83
39 83
21 83
83 88
83 87
43 83
51 83
5 15
15 39
15 21
15 88
15 87
15 43
15 51
7 15
14 15
15 68
15 18
15 65
15 83
5 54
39 54
21 54
54 88
54 87
43 54
51 54
15 54
5 9
9 39
9 21
9 88
9 43
9 15
7 9
9 14
9 68
9 18
9 65
9 83
9 54
4 5
4 39
4 21
4 88
4 87
4 43
4 51
4 15
4 9
31 87
9 31
7 31
14 31
31 68
31 65
18 31
31 83
31 54
5 40
39 40
21 40
40 88
40 87
40 43
40 51
15 40
9 40
31 40
7 79
14 79
65 79
68 79
18 79
79 83
54 79
5 69
39 69
21 69
69 88
69 87
43 69
51 69
15 69
9 69
31 69
69 79
5 46
39 46
21 46
46 88
46 87
43 46
46 51
15 46
9 46
31 46
46 79
7 46
14 46
18 46
46 65
46 68
46 83
46 54
46 69
4 46
40 46
5 63
39 63
21 63
63 88
63 87
43 63
51 63
15 63
9 63
31 63
63 79
46 63
4 63
18 63
39 78
21 78
78 88
78 87
43 78
15 78
31 78
18 78
7 78
14 78
65 78
68 78
78 83
54 78
69 78
63 78
40 78
5 8
8 39
8 21
8 88
8 87
8 43
8 51
8 15
8 9
8 31
8 79
8 46
4 8
8 18
8 78
7 8
5 49
39 49
21 49
49 88
49 87
43 49
49 51
15 49
49 79
4 49
49 78
7 49
14 49
49 65
49 68
49 83
49 54
49 63
49 69
40 49
5 64
39 64
21 64
64 88
64 87
43 64
51 64
15 64
9 64
31 64
64 79
46 64
4 64
18 64
64 78
7 64
49 64
5 72
39 72
21 72
72 88
72 87
43 72
51 72
15 72
9 72
31 72
46 72
18 72
72 78
7 72
14 72
68 72
65 72
72 83
54 72
63 72
40 72
69 72
5 26
26 39
21 26
26 88
26 87
26 43
26 51
15 26
26 31
18 26
7 26
26 72
26 68
5 11
11 39
11 21
11 88
11 87
11 43
11 51
11 15
9 11
11 31
11 79
11 46
4 11
11 18
11 78
11 49
11 72
11 14
11 65
11 83
11 54
11 63
11 40
11 69
39 85
21 85
85 88
85 87
51 85
15 85
4 85
18 85
78 85
7 85
8 85
11 85
14 81
65 81
81 83
54 81
5 17
17 39
17 21
17 88
17 87
17 43
17 51
15 17
17 46
4 17
17 18
17 72
8 17
11 17
17 81
7 48
48 72
8 48
11 48
48 81
14 48
48 65
48 54
31 80
4 80
18 80
49 80
8 80
68 80
80 81
48 80
28 87
15 28
28 46
18 28
28 78
28 49
8 28
28 68
28 83
12 87
12 15
12 31
4 12
12 78
7 12
8 12
11 12
12 81
12 14
12 65
5 74
39 74
21 74
74 88
74 87
43 74
51 74
15 74
74 79
4 74
74 78
7 74
8 74
11 74
74 81
12 74
28 74
4 41
18 41
7 41
41 49
8 41
41 68
41 81
41 83
5 82
39 82
21 82
82 88
82 87
43 82
51 82
9 82
46 82
4 82
78 82
49 82
8 82
39 58
58 88
58 87
51 58
46 58
4 58
18 58
7 58
58 68
11 58
14 58
58 65
58 83
54 58
5 20
20 39
20 21
20 88
20 87
15 20
20 79
18 20
20 78
20 72
8 20
20 58
20 83
20 48
20 82
20 41
22 39
22 88
22 43
22 51
22 46
4 22
7 22
22 49
22 68
22 58
22 81
12 22
22 28
14 22
22 65
56 81
48 56
56 82
41 56
22 56
5 27
27 39
21 27
27 88
27 87
27 43
27 51
15 27
9 27
27 31
27 79
27 46
4 27
18 27
7 27
27 72
8 27
11 27
27 58
12 27
27 82
27 41
22 27
3 39
3 21
3 51
3 9
3 31
3 18
3 78
3 49
3 8
3 11
3 83
3 12
3 28
3 14
6 7
6 49
6 8
6 68
6 83
6 48
6 82
6 14
6 65
39 75
21 75
75 88
75 87
51 75
15 75
46 75
4 75
18 75
72 75
8 75
68 75
75 83
48 75
28 75
14 75
6 75
27 75
5 30
30 39
21 30
30 88
30 87
30 43
30 51
15 30
9 30
30 31
30 46
4 30
30 78
30 72
30 68
11 30
30 83
12 30
28 30
30 41
6 30
6 24
24 30
5 38
38 39
21 38
38 88
38 87
38 43
38 51
15 38
9 38
31 38
38 46
18 38
38 78
7 38
38 68
11 38
38 81
38 48
38 82
38 41
22 38
3 38
38 74
61 83
48 61
61 82
41 61
22 61
27 61
38 61
13 39
13 88
13 87
9 13
13 79
13 18
7 13
13 72
13 68
11 13
13 58
12 13
13 82
13 14
6 13
3 13
13 38
16 31
4 16
16 78
7 16
8 16
16 58
16 83
12 16
16 82
16 41
6 16
16 27
16 30
13 16
16 75
5 62
39 62
21 62
62 88
62 87
43 62
51 62
9 62
46 62
4 62
62 78
49 62
62 72
11 62
62 81
48 62
28 62
14 62
22 62
3 62
38 62
5 42
39 42
21 42
42 88
42 87
42 43
42 51
15 42
9 42
31 42
42 79
42 46
4 42
18 42
42 78
7 42
42 49
42 72
42 68
11 42
42 83
42 48
28 42
14 42
6 42
27 42
38 42
7 36
36 72
36 68
36 58
36 81
36 48
28 36
36 41
6 36
30 36
36 42
46 73
4 73
73 78
49 73
8 73
11 73
73 83
48 73
28 73
41 73
22 73
27 73
38 73
13 73
36 73
5 32
32 39
21 32
32 88
32 51
15 32
32 46
18 32
32 78
32 49
32 68
32 58
32 83
32 48
28 32
32 41
6 32
3 32
30 32
32 73
32 75
24 32
5 23
23 39
21 23
23 88
23 87
23 43
23 51
15 23
9 23
23 31
23 79
23 46
4 23
18 23
7 23
23 49
23 68
23 58
23 81
23 48
23 28
14 23
6 23
23 27
23 30
13 23
23 73
5 35
35 39
21 35
35 88
35 87
15 35
31 35
4 35
35 78
35 49
35 68
11 35
35 83
35 48
35 82
35 41
6 35
3 35
35 38
13 35
35 75
23 35
5 55
39 55
21 55
55 88
51 55
15 55
46 55
18 55
7 55
49 55
55 68
11 55
55 58
12 55
28 55
14 55
22 55
3 55
30 55
42 55
24 55
23 55
7 57
57 72
8 57
11 57
57 83
12 57
28 57
14 57
22 57
3 57
38 57
42 57
24 57
57 62
55 57
39 53
21 53
53 88
53 87
43 53
9 53
31 53
18 53
53 78
7 53
53 68
11 53
53 83
48 53
12 53
14 53
6 53
27 53
30 53
42 53
53 75
23 53
34 58
34 48
34 82
34 41
22 34
30 34
34 38
34 73
34 75
34 62
34 53
5 76
39 76
21 76
76 88
76 87
9 76
76 79
4 76
7 76
49 76
68 76
58 76
76 81
76 83
76 82
14 76
6 76
3 76
38 76
42 76
73 76
24 76
23 76
53 76
34 76
56 76
52 79
18 52
7 52
52 72
8 52
52 68
52 81
12 52
52 82
14 52
41 52
3 52
30 52
13 52
52 75
23 52
52 55
52 76
29 39
21 29
29 87
9 29
29 31
18 29
29 78
29 72
29 68
29 58
29 83
12 29
29 82
29 41
22 29
27 29
29 30
13 29
24 29
29 62
29 55
29 53
20 29
17 29
43 84
9 84
46 84
4 84
7 84
49 84
68 84
11 84
83 84
48 84
82 84
14 84
6 84
27 84
30 84
13 84
73 84
24 84
23 84
29 84
56 84
46 77
18 77
7 77
49 77
68 77
11 77
58 77
48 77
12 77
41 77
22 77
3 77
38 77
13 77
75 77
62 77
55 77
53 77
56 77
5 89
39 89
21 89
88 89
87 89
43 89
51 89
15 89
9 89
31 89
79 89
46 89
4 89
18 89
78 89
49 89
68 89
58 89
81 89
12 89
28 89
14 89
22 89
27 89
30 89
13 89
75 89
62 89
55 89
76 89
29 89
77 89
25 39
25 88
25 51
25 31
25 79
18 25
7 25
25 72
8 25
25 68
25 81
25 83
25 28
14 25
6 25
3 25
25 38
25 42
25 75
25 62
25 55
25 53
25 29
25 77
25 69
25 89
25 54
25 26
25 36
18 45
7 45
45 68
11 45
45 58
45 48
45 82
41 45
22 45
27 45
30 45
42 45
45 73
45 62
23 45
45 76
45 52
45 63
45 69
25 45
1 5
1 39
1 21
1 88
1 87
1 43
1 51
1 15
1 9
1 31
1 79
1 46
1 4
1 18
1 78
1 7
1 68
1 11
1 83
1 48
1 82
1 14
1 6
1 3
1 30
1 13
1 75
1 24
1 55
1 76
1 52
1 63
1 69
1 74
1 40
39 71
21 71
71 87
15 71
46 71
4 71
7 71
71 72
8 71
11 71
71 81
48 71
28 71
14 71
22 71
27 71
38 71
13 71
71 73
62 71
53 71
71 76
56 71
52 71
69 71
1 71
2 58
2 48
2 28
2 14
2 6
2 3
2 30
2 42
2 73
2 62
2 23
2 76
2 52
2 63
50 78
7 50
8 50
50 58
50 83
12 50
28 50
14 50
22 50
27 50
30 50
42 50
50 75
50 62
50 55
29 50
50 52
50 77
50 64
0 50
58 86
12 86
82 86
41 86
22 86
3 86
38 86
42 86
75 86
24 86
23 86
29 86
52 86
63 86
50 86
74 86
1 86
5 47
39 47
21 47
47 88
47 87
43 47
47 51
15 47
9 47
31 47
47 79
46 47
4 47
18 47
47 78
7 47
47 49
47 72
8 47
47 68
47 81
47 48
47 82
14 47
6 47
3 47
30 47
13 47
47 73
24 47
47 55
29 47
47 52
47 77
47 69
25 47
2 47
36 47
10 43
10 15
10 79
4 10
7 10
10 49
10 72
10 58
10 83
10 12
10 28
10 14
10 22
3 10
10 30
10 42
10 73
10 62
10 55
10 29
10 52
10 77
10 69
10 74
39 60
21 60
60 87
9 60
46 60
18 60
7 60
60 72
8 60
58 60
60 81
48 60
60 82
41 60
6 60
27 60
30 60
42 60
60 75
24 60
23 60
53 60
56 60
60 77
50 60
25 60
1 60
16 60
60 65
17 60
5 70
39 70
21 70
70 88
70 87
43 70
51 70
15 70
9 70
31 70
70 79
18 70
7 70
70 72
68 70
58 70
70 83
12 70
28 70
41 70
22 70
3 70
38 70
42 70
70 75
24 70
23 70
29 70
52 70
70 77
50 70
70 74
60 70
36 70
59 79
4 59
18 59
59 72
8 59
59 68
59 81
48 59
59 82
14 59
22 59
3 59
38 59
13 59
59 73
24 59
53 59
59 76
52 59
59 63
50 59
59 74
2 59
59 60
47 59
59 85
59 86
59 61
59 65
29 67
63 67
50 67
67 74
2 67
36 67
59 67
35 67
7 37
37 49
8 37
37 58
37 83
12 37
28 37
14 37
37 41
3 37
37 42
37 73
24 37
37 62
37 55
37 53
37 56
37 52
37 69
25 37
2 37
37 60
37 67
0 37
37 89
37 85
35 37
37 45
37 70
37 57
5 44
39 44
21 44
44 88
44 87
43 44
44 51
15 44
9 44
31 44
44 79
44 46
4 44
18 44
7 44
44 49
44 68
44 58
44 81
12 44
28 44
41 44
6 44
27 44
38 44
13 44
44 75
23 44
44 55
44 76
44 56
44 63
44 69
25 44
1 44
44 47
44 59
0 44
37 44
44 85
44 64
44 57
44 71
44 54
44 80
44 61
26 44
5 19
19 39
19 21
19 88
19 87
19 43
19 51
15 19
9 19
19 31
19 46
18 19
19 78
7 19
19 72
19 68
19 81
12 19
19 28
19 41
19 22
3 19
19 38
13 19
19 73
19 24
19 23
19 53
19 56
19 63
19 50
19 25
1 19
19 36
19 59
0 19
17 19
19 40
19 64
19 86
19 71
19 84
19 54
19 70
19 44
19 34
19 35
19 32
34 44
44 89
16 37
37 71
37 40
37 86
37 64
17 67
66 82
14 66
6 66
3 66
30 66
42 66
66 73
24 66
55 66
53 66
56 66
66 77
50 66
66 74
1 66
47 66
66 67
0 66
17 66
45 66
10 66
57 66
64 66
40 66
34 66
61 66
16 66
66 71
54 66
21 33
33 88
33 87
33 51
31 33
18 33
7 33
33 72
33 68
33 58
33 81
12 33
28 33
33 41
22 33
27 33
33 38
13 33
33 75
33 62
23 33
33 76
33 56
33 52
33 69
25 33
2 33
33 60
33 47
33 65
17 33
33 66
33 64
33 45
33 71
33 54
33 70
33 61
16 33
33 34
33 35
32 33
16 67
26 67
54 67
10 67
20 67
45 67
67 71
65 67
67 70
59 84
59 70
59 64
59 80
0 59
59 89
40 70
64 70
70 86
10 70
54 70
16 70
34 70
70 89
26 70
10 60
57 60
60 64
60 80
60 85
35 60
34 60
32 60
10 47
10 65
10 17
10 85
10 57
10 45
10 20
10 54
10 80
10 61
10 26
10 34
47 89
47 86
47 65
40 47
45 47
34 47
32 47
47 57
47 71
65 86
40 86
85 86
57 86
86 89
45 86
71 86
35 86
61 86
34 86
50 69
2 50
34 50
50 80
35 50
26 50
36 50
17 50
50 74
2 74
2 36
2 40
2 80
2 89
0 2
2 61
2 20
2 34
2 85
2 71
2 84
36 71
71 85
45 71
34 71
32 71
71 89
16 71
1 85
1 65
1 57
1 26
1 35
1 45
1 54
1 32
1 64
36 45
45 85
26 45
45 80
16 45
45 84
35 45
0 25
25 61
25 80
25 74
25 32
25 35
74 89
65 89
85 89
57 89
84 89
54 89
16 89
32 89
35 89
63 77
32 77
65 77
61 77
77 84
36 77
57 77
20 77
74 77
35 77
77 85
63 84
74 84
36 84
0 84
17 84
40 84
84 85
57 84
16 84
80 84
35 84
61 84
26 84
29 64
29 80
29 35
29 52
29 63
29 36
26 29
29 85
29 56
52 57
0 52
17 52
20 52
52 74
26 52
16 52
63 76
40 76
35 76
32 76
61 76
76 85
65 76
54 76
69 76
34 56
34 63
34 74
34 65
0 34
34 64
20 34
26 34
53 54
17 53
53 56
53 64
53 80
26 53
0 53
16 53
53 74
53 57
36 53
57 69
57 74
0 57
57 85
26 57
20 57
32 57
54 57
55 69
55 63
26 55
55 85
35 55
55 61
36 55
55 74
0 55
0 35
35 40
35 64
35 80
20 35
26 35
23 74
23 61
23 64
23 80
23 32
23 40
16 23
23 65
20 23
32 56
32 69
32 65
17 32
32 40
32 64
32 54
32 80
32 61
16 32
73 75
61 73
0 73
17 73
63 73
40 73
73 80
24 73
26 73
36 75
24 36
16 36
36 54
17 36
26 36
36 40
0 36
36 61
20 36
17 42
42 69
42 56
42 74
42 63
42 62
0 42
42 64
26 42
42 80
62 75
24 62
40 62
62 65
26 62
0 62
20 62
62 85
54 62
16 62
62 63
16 56
16 69
16 74
16 65
16 85
16 61
16 20
13 40
13 54
13 65
13 17
13 75
13 24
13 20
13 85
13 61
56 61
61 69
0 61
17 61
61 85
61 80
20 61
38 80
38 69
24 38
26 38
0 38
20 38
38 56
20 24
24 74
24 85
24 56
17 24
24 69
30 64
30 40
30 63
30 85
30 65
30 75
30 54
69 75
64 75
65 75
54 75
56 75
6 64
3 6
6 69
6 63
6 85
6 54
0 6
3 65
3 27
3 69
0 3
3 85
3 17
27 56
27 40
27 54
20 27
27 65
27 80
27 63
27 64
26 27
27 74
56 64
56 69
40 56
54 56
56 80
56 65
17 22
22 40
22 26
22 80
22 74
20 22
20 69
20 74
20 65
17 20
20 40
20 64
20 54
20 80
20 26
58 69
40 58
58 82
58 63
82 83
48 82
14 82
65 82
82 85
63 82
54 82
41 82
69 82
0 82
64 82
14 41
41 65
41 74
41 64
41 69
41 54
64 74
17 74
12 40
12 28
12 64
12 26
0 12
12 54
12 63
14 28
28 65
28 40
28 80
26 28
17 28
14 80
63 80
65 80
17 80
40 80
64 80
26 80
48 69
17 48
14 17
17 63
17 65
0 17
17 54
17 26
81 85
83 85
14 85
63 85
0 85
40 85
11 64
11 26
0 11
26 83
14 26
26 65
26 40
64 72
8 72
8 64
64 83
63 64
64 65
54 64
8 49
0 49
8 14
8 65
8 68
8 83
8 54
8 63
8 69
8 40
7 63
63 68
63 83
14 63
63 69
0 63
40 63
54 63
4 69
18 69
7 69
68 69
69 83
40 69
65 69
54 69
40 79
4 79
4 40
18 40
7 40
40 68
40 83
14 40
0 40
4 31
4 7
4 14
4 68
4 18
4 65
4 83
4 54
0 4
0 9
18 54
7 54
54 68
54 83
0 54
18 83
7 83
68 83
14 83
65 83
0 83
0 51
18 65
7 65
65 68
14 65
7 18
14 18
18 68
0 18
7 68
14 68
0 68
0 88
7 14
0 14
21 39
7 21
0 7
5 21
0 21
