90 2002
24 70
17 24
34 70
17 34
24 58
70 83
17 83
58 83
7 24
7 83
7 34
70 75
17 75
58 75
7 75
24 67
34 67
67 83
67 75
70 88
17 88
58 88
7 88
67 88
22 24
22 34
22 75
22 83
22 88
46 70
17 46
46 58
7 46
46 67
22 46
6 24
6 34
6 75
6 83
6 88
14 70
14 17
14 58
7 14
14 67
14 22
6 14
20 24
20 34
20 83
20 75
20 88
20 46
14 20
18 70
17 18
18 58
7 18
18 67
18 22
6 18
18 20
17 47
47 58
47 67
22 47
24 47
47 83
34 47
47 75
47 88
46 47
14 47
9 70
9 17
9 58
7 9
9 67
9 22
6 9
9 20
9 47
9 14
24 77
77 83
75 77
34 77
77 88
46 77
1 70
1 17
1 58
1 7
1 67
1 22
1 6
1 20
1 47
1 14
1 77
70 89
17 89
58 89
7 89
67 89
22 89
6 89
20 89
47 89
14 89
24 89
34 89
75 89
83 89
88 89
46 89
1 89
18 89
64 70
17 64
58 64
7 64
64 67
22 64
6 64
20 64
47 64
14 64
64 77
64 89
24 80
80 83
34 80
75 80
80 88
46 80
18 80
1 80
64 80
9 80
54 70
17 54
54 58
7 54
54 67
22 54
6 54
20 54
14 54
54 77
54 80
54 75
29 58
22 29
14 29
29 77
29 80
22 85
20 85
47 85
77 85
80 85
24 85
83 85
34 85
75 85
85 88
46 85
18 85
1 85
9 85
64 85
23 70
17 23
23 58
7 23
23 67
22 23
6 23
20 23
23 47
14 23
23 77
23 89
23 85
23 75
73 80
73 85
73 75
24 73
34 73
73 83
73 88
46 73
23 73
36 70
17 36
36 58
7 36
36 67
6 36
36 47
14 36
36 80
36 85
36 73
24 43
34 43
43 83
43 88
43 46
22 37
6 37
14 37
37 77
37 89
37 85
37 75
37 43
24 59
59 83
34 59
59 88
46 59
32 47
14 32
32 80
32 75
32 73
24 26
26 83
26 34
26 88
26 46
17 87
58 87
7 87
67 87
22 87
20 87
47 87
14 87
87 89
85 87
75 87
26 87
43 87
31 80
31 85
29 31
26 31
31 59
24 31
31 34
31 83
31 88
10 70
10 17
10 58
7 10
10 67
10 22
6 10
10 20
10 47
10 14
10 89
10 85
10 29
10 73
10 43
10 31
52 67
20 52
14 52
52 89
52 80
52 85
52 75
52 73
43 52
23 52
24 52
52 83
34 52
52 88
10 52
32 52
2 70
2 17
2 58
2 7
2 67
2 6
2 47
2 14
2 89
2 85
2 29
2 26
2 59
2 23
2 52
70 78
17 78
58 78
7 78
67 78
22 78
6 78
20 78
47 78
14 78
77 78
78 89
78 80
78 85
75 78
73 78
43 78
23 78
24 51
34 51
51 83
51 88
29 53
26 53
53 59
51 53
52 53
53 78
37 53
24 53
53 83
34 53
33 47
14 33
33 89
33 85
29 33
26 33
33 59
31 33
33 52
33 78
33 53
17 82
58 82
7 82
6 82
47 82
14 82
80 82
75 82
29 82
26 82
43 82
23 82
51 82
55 58
20 55
47 55
14 55
55 89
55 85
29 55
26 55
43 55
31 55
52 55
24 55
55 83
34 55
50 58
22 50
47 50
14 50
50 89
50 75
50 73
26 50
43 50
31 50
50 52
50 55
8 24
8 34
8 83
3 17
3 58
3 7
3 67
3 22
3 6
3 47
3 77
3 89
3 75
3 29
3 73
3 23
3 31
3 51
3 37
3 8
3 53
56 70
17 56
56 58
7 56
56 67
22 56
6 56
20 56
47 56
14 56
56 89
56 75
29 56
26 56
56 59
31 56
52 56
56 78
8 56
53 56
24 56
56 83
34 56
32 56
3 56
48 89
48 85
48 75
26 48
43 48
31 48
48 51
48 55
8 48
48 53
48 56
17 45
45 58
7 45
22 45
45 47
14 45
45 80
45 75
45 73
26 45
43 45
23 45
45 78
45 55
8 45
45 53
36 45
45 50
24 45
44 67
22 44
14 44
44 77
44 80
44 75
44 73
26 44
43 44
23 44
44 51
44 78
37 44
44 53
36 44
44 45
17 39
39 58
7 39
6 39
39 47
39 89
39 80
39 85
29 39
39 73
39 59
31 39
39 52
39 78
8 39
39 82
39 56
39 50
24 39
17 21
21 58
7 21
21 22
14 21
21 77
21 85
21 75
21 29
21 73
21 23
21 31
21 51
21 37
8 21
21 82
21 36
21 39
17 42
42 58
7 42
42 67
22 42
6 42
20 42
14 42
42 89
42 85
42 75
42 73
42 43
23 42
42 51
42 55
8 42
42 53
42 56
42 45
39 42
24 42
33 42
32 42
2 42
3 42
40 59
31 40
40 51
40 78
37 40
40 82
36 40
40 50
40 42
27 59
23 27
27 52
27 55
27 37
27 53
27 36
27 39
27 42
27 88
27 40
19 29
19 73
19 43
19 31
19 51
19 78
19 37
19 53
19 36
19 50
19 42
19 27
19 40
62 70
17 62
58 62
7 62
62 67
22 62
47 62
62 89
62 80
62 85
62 75
26 62
59 62
31 62
51 62
55 62
8 62
62 82
56 62
50 62
39 62
62 88
27 62
67 72
6 72
14 72
72 77
72 80
72 85
72 75
26 72
43 72
23 72
52 72
72 78
37 72
72 82
50 72
45 72
42 72
72 88
62 72
25 36
25 50
25 42
58 86
7 86
67 86
6 86
47 86
14 86
80 86
75 86
29 86
73 86
43 86
31 86
52 86
55 86
37 86
82 86
56 86
45 86
39 86
5 70
5 17
5 58
5 7
5 67
5 22
5 6
5 20
5 47
5 14
5 77
5 89
5 80
5 85
5 75
5 26
5 59
5 23
5 52
5 78
5 37
5 53
5 36
5 45
5 86
5 88
5 40
5 62
5 34
5 19
5 33
5 21
75 84
26 84
43 84
31 84
51 84
78 84
37 84
53 84
36 84
39 84
42 84
84 88
40 84
25 84
9 84
19 84
24 84
22 79
20 79
47 79
79 89
79 80
75 79
29 79
26 79
59 79
23 79
51 79
55 79
8 79
79 82
36 79
45 79
39 79
79 86
40 79
25 79
9 79
19 79
24 79
21 79
64 79
57 80
57 85
57 75
57 73
43 57
31 57
57 78
55 57
37 57
53 57
36 57
50 57
42 57
27 57
40 57
57 62
9 57
17 49
49 58
49 67
6 49
14 49
49 89
49 80
49 85
29 49
26 49
49 59
23 49
49 51
49 78
37 49
49 53
36 49
49 50
42 49
49 88
40 49
49 62
9 49
49 64
46 49
19 49
43 76
23 76
52 76
55 76
8 76
76 82
36 76
45 76
76 86
76 88
40 76
62 76
49 76
19 76
33 76
21 76
10 76
76 84
28 70
17 28
28 58
7 28
28 67
22 28
6 28
20 28
28 47
14 28
28 77
28 89
28 80
28 75
28 29
28 73
28 43
23 28
28 52
28 78
8 28
28 53
28 36
28 50
28 39
28 88
27 28
25 28
9 28
24 28
28 33
28 79
17 74
58 74
67 74
22 74
14 74
74 77
74 89
74 85
74 75
43 74
59 74
31 74
51 74
55 74
8 74
74 82
56 74
50 74
42 74
74 86
40 74
62 74
34 74
19 74
24 74
21 74
10 74
2 74
68 89
68 75
29 68
26 68
23 68
31 68
51 68
68 78
8 68
53 68
56 68
45 68
42 68
68 88
40 68
25 68
9 68
19 68
24 68
21 68
68 74
17 61
58 61
7 61
61 67
22 61
6 61
20 61
14 61
61 89
61 75
29 61
61 73
59 61
31 61
51 61
61 78
37 61
61 82
36 61
45 61
39 61
61 86
40 61
25 61
34 61
49 61
24 61
61 79
61 74
3 61
11 29
11 26
11 59
11 31
11 52
11 55
11 37
11 53
11 36
11 45
11 86
11 88
11 27
11 25
9 11
11 49
11 33
11 79
11 74
11 61
11 28
11 64
0 11
11 72
11 87
47 71
14 71
71 80
71 75
29 71
71 73
43 71
31 71
52 71
55 71
37 71
53 71
56 71
45 71
42 71
71 86
40 71
25 71
9 71
24 71
33 71
21 71
10 71
71 84
32 71
64 71
71 72
48 71
7 13
6 13
13 47
13 14
13 89
13 85
13 75
13 43
13 59
13 31
13 51
13 55
13 37
13 82
13 36
13 45
13 39
13 27
13 40
13 25
13 34
13 49
13 24
13 21
10 13
13 84
13 32
13 64
0 13
13 48
12 73
12 26
12 43
12 23
12 52
12 55
12 37
12 53
12 36
12 45
12 39
12 86
12 27
12 25
9 12
12 19
12 24
12 79
10 12
12 84
12 28
35 70
17 35
35 58
7 35
35 67
22 35
6 35
20 35
35 47
35 89
35 80
35 75
29 35
35 73
35 59
31 35
35 52
35 55
8 35
35 53
35 36
35 50
35 39
35 88
35 40
25 35
34 35
19 35
24 35
35 79
35 74
35 61
28 35
12 35
3 35
69 70
17 69
58 69
7 69
67 69
22 69
6 69
20 69
47 69
14 69
69 80
69 85
69 75
69 73
43 69
23 69
51 69
55 69
8 69
69 82
56 69
45 69
69 86
69 88
62 69
25 69
34 69
19 69
24 69
21 69
10 69
61 69
32 69
35 69
69 72
69 87
13 69
69 71
2 69
30 70
17 30
30 58
7 30
30 67
22 30
6 30
20 30
30 47
14 30
30 89
30 85
30 75
30 73
30 59
23 30
30 52
30 55
8 30
30 82
30 56
30 50
30 39
30 88
27 30
30 62
30 34
30 49
30 33
30 79
30 74
30 84
30 32
30 35
30 72
30 87
12 30
2 30
43 66
31 66
51 66
55 66
37 66
53 66
50 66
45 66
42 66
27 66
62 66
9 66
34 66
49 66
33 66
21 66
10 66
61 66
28 66
64 66
66 72
48 66
12 66
13 66
41 59
23 41
41 51
41 55
37 41
41 82
36 41
41 45
41 42
41 86
40 41
41 62
9 41
41 49
33 41
41 79
10 41
41 61
28 41
35 41
41 72
41 48
13 41
41 71
41 66
38 56
38 50
38 39
38 86
27 38
38 62
9 38
19 38
33 38
38 79
38 74
38 61
32 38
38 64
0 38
38 87
13 38
38 71
65 70
17 65
58 65
7 65
65 67
22 65
6 65
20 65
47 65
14 65
65 77
65 89
65 80
65 85
29 65
65 73
59 65
31 65
51 65
65 78
37 65
53 65
56 65
50 65
42 65
65 88
27 65
25 65
9 65
49 65
24 65
65 79
65 74
61 65
32 65
35 65
0 65
48 65
65 87
65 71
38 65
30 65
5 65
11 65
3 65
57 65
22 81
20 81
47 81
14 81
80 81
75 81
29 81
26 81
59 81
23 81
52 81
78 81
37 81
81 82
36 81
39 81
42 81
81 88
40 81
9 81
34 81
49 81
24 81
79 81
10 81
81 84
28 81
64 81
72 81
48 81
12 81
13 81
66 81
38 81
5 81
11 81
3 81
68 81
17 63
58 63
7 63
63 67
22 63
20 63
47 63
63 77
63 89
63 75
29 63
63 73
59 63
23 63
51 63
63 78
8 63
63 82
56 63
45 63
39 63
63 86
40 63
25 63
34 63
19 63
24 63
63 79
10 63
63 84
32 63
63 64
0 63
63 87
13 63
2 63
63 66
38 63
63 76
11 63
3 63
57 63
41 63
18 63
63 81
1 63
15 75
15 73
15 59
15 31
15 78
15 55
15 37
15 53
15 56
15 50
15 39
15 86
15 40
15 25
15 34
15 19
15 33
15 79
10 15
15 84
15 32
15 64
0 15
15 48
13 15
2 15
15 66
15 30
5 15
11 15
3 15
15 68
15 63
15 46
1 15
15 65
15 18
4 29
4 26
4 43
4 31
4 52
4 55
4 8
4 53
4 56
4 50
4 42
4 86
4 40
4 62
4 9
4 49
4 24
4 21
4 74
4 84
4 32
4 35
0 4
4 48
4 87
2 4
4 38
4 30
4 5
4 76
4 57
4 68
4 63
4 41
7 60
6 60
14 60
60 77
60 89
60 85
29 60
60 73
59 60
23 60
52 60
55 60
8 60
60 82
56 60
50 60
60 86
60 88
27 60
60 62
34 60
49 60
33 60
21 60
10 60
60 61
32 60
35 60
0 60
48 60
12 60
60 71
2 60
44 60
60 76
54 60
3 60
60 68
60 81
41 60
60 83
18 60
1 60
4 60
4 69
4 15
4 83
81 83
46 81
65 81
41 81
46 65
16 70
16 17
16 58
7 16
16 67
16 22
6 16
16 20
16 47
14 16
16 77
16 89
16 80
16 85
16 75
16 26
16 43
16 23
16 51
16 55
16 37
16 82
16 56
16 45
16 42
16 86
16 27
16 62
16 34
16 49
16 33
16 21
16 74
16 61
16 28
16 35
0 16
16 72
13 16
16 71
16 66
16 44
16 76
11 16
16 57
16 68
16 41
16 46
16 83
16 65
16 69
16 18
65 69
65 83
38 44
18 38
38 76
38 54
30 38
11 38
38 68
38 41
41 44
11 41
41 57
18 41
41 69
11 66
46 66
66 83
3 66
30 66
66 68
57 66
30 46
30 76
3 30
1 30
30 83
30 54
30 69
5 69
69 76
54 69
68 69
46 69
1 69
35 54
0 35
35 72
1 35
35 57
35 83
35 87
35 48
12 64
12 72
12 44
12 68
12 83
12 18
5 12
2 12
12 13
12 76
3 12
12 57
13 71
1 13
13 54
13 83
5 13
11 71
57 71
44 71
2 71
3 71
1 71
46 71
5 11
11 76
11 46
11 68
5 61
18 61
46 61
57 61
48 61
44 61
61 68
61 72
1 61
32 68
64 68
0 68
68 72
2 68
5 68
54 68
1 68
32 74
54 74
28 74
74 87
1 74
72 74
46 74
18 74
44 74
28 84
28 32
1 28
28 83
28 87
2 28
0 28
28 72
28 57
28 54
28 46
28 76
64 76
0 76
76 87
2 76
44 76
3 76
1 76
54 76
24 49
2 49
10 49
0 49
18 49
49 57
49 72
32 49
33 57
57 79
10 57
57 72
57 87
44 57
5 57
54 57
3 57
57 83
46 57
48 79
72 79
18 79
0 79
79 84
46 79
10 84
5 84
48 84
54 84
2 84
32 84
83 84
0 84
84 87
64 84
5 32
5 64
0 5
5 48
2 5
5 44
5 18
5 83
1 86
86 87
24 86
2 86
9 86
25 86
34 86
46 86
0 86
3 86
32 86
25 40
25 62
21 25
9 25
25 46
25 44
25 48
25 64
1 25
25 32
25 72
25 34
9 72
24 72
72 87
1 72
18 72
54 72
44 72
24 62
62 83
0 62
62 87
54 62
18 62
33 62
10 62
19 62
2 62
19 54
19 83
19 33
3 19
19 44
19 48
19 64
19 87
1 19
19 46
19 21
24 27
10 27
27 48
27 34
1 27
27 64
21 27
3 27
9 27
18 27
27 33
27 83
0 40
40 44
32 40
40 87
2 40
40 46
40 54
0 42
10 42
21 42
34 42
42 48
21 88
9 21
21 24
18 21
21 87
10 21
2 21
1 21
21 83
3 21
21 44
21 32
0 39
39 87
39 54
39 64
18 39
39 83
39 44
39 46
39 88
9 39
44 88
9 44
24 44
32 44
44 64
44 48
18 44
1 44
44 54
44 46
3 44
45 54
45 83
45 48
2 45
10 45
9 45
1 45
34 45
18 45
48 88
9 48
33 48
32 48
48 64
46 48
48 87
18 48
3 48
0 56
46 56
36 56
56 87
10 56
2 56
1 56
56 88
3 50
3 9
3 34
3 33
3 10
3 32
0 3
3 18
3 83
8 36
8 32
8 18
8 54
8 50
0 8
8 10
8 9
8 64
1 8
50 53
36 50
24 50
34 50
18 50
50 83
50 88
46 50
50 64
32 50
33 50
36 55
55 82
46 55
54 55
55 88
55 87
37 82
24 82
82 83
34 82
46 82
82 87
64 82
82 88
54 82
0 82
33 82
18 82
9 82
36 82
33 36
33 88
33 34
24 33
1 33
0 33
2 33
33 83
33 46
32 33
2 53
1 53
10 53
32 53
9 51
51 78
46 51
51 54
18 51
24 78
34 78
78 83
78 88
2 78
37 78
18 78
1 78
64 78
9 78
32 78
0 78
10 78
2 37
2 34
2 64
0 2
2 87
2 18
2 54
1 2
37 52
36 52
1 52
52 64
0 52
9 52
52 87
10 88
10 34
10 24
10 54
10 87
10 83
10 64
0 10
31 32
31 37
31 46
31 87
18 31
37 87
87 88
34 87
1 87
54 87
83 87
46 87
0 26
26 32
1 26
9 26
26 64
18 26
23 26
32 59
32 34
18 32
32 64
1 59
36 59
37 59
23 59
59 64
0 59
24 37
37 83
34 37
37 46
37 88
36 43
9 43
43 54
18 43
23 36
24 36
34 36
36 83
36 64
9 36
36 54
64 73
1 73
9 73
18 73
54 73
23 24
23 83
23 34
23 88
23 46
0 23
23 54
1 23
23 64
29 85
29 75
24 29
29 83
29 34
29 88
29 46
18 29
29 64
9 29
1 29
0 29
29 54
54 88
34 54
24 54
54 83
18 54
46 54
1 54
0 80
64 75
64 88
24 64
46 64
18 64
9 89
1 75
1 88
1 34
1 46
1 18
18 77
9 77
0 77
9 75
9 24
9 34
9 83
9 18
18 47
14 18
18 75
18 88
18 83
0 20
14 24
14 34
14 83
14 75
14 88
14 46
0 14
6 46
0 6
46 75
0 46
0 22
75 88
83 88
0 67
24 75
75 83
34 75
0 75
0 7
0 83
34 58
0 58
24 34
0 34
0 17
0 70
