90 2002
6 31
13 31
6 13
31 83
13 83
15 31
13 15
6 15
15 83
31 36
13 36
15 36
6 81
81 83
36 81
31 51
13 51
15 51
51 81
6 57
57 83
36 57
51 57
21 31
13 21
15 21
21 81
21 57
6 87
83 87
36 87
51 87
21 87
31 63
13 63
15 63
63 81
57 63
63 87
31 84
13 84
15 84
81 84
57 84
84 87
6 84
83 84
36 84
51 84
21 84
24 31
13 24
15 24
24 81
24 57
24 87
24 84
6 24
24 83
24 36
24 51
21 24
31 45
13 45
15 45
45 81
45 57
45 87
45 84
24 45
61 84
6 61
61 83
36 61
51 61
21 61
61 63
45 61
31 44
13 44
15 44
44 81
44 57
44 87
44 84
24 44
44 61
6 82
82 83
36 82
51 82
21 82
63 82
45 82
9 31
9 13
9 15
9 81
9 57
9 87
9 84
9 24
9 61
9 82
31 37
13 37
15 37
37 81
37 84
24 37
37 61
6 37
37 83
36 37
37 51
21 37
37 63
37 45
37 44
28 31
13 28
15 28
28 81
28 57
28 87
28 84
24 28
28 61
28 82
28 37
12 31
12 13
12 15
12 57
12 84
12 24
12 61
12 37
6 12
12 83
12 36
12 51
12 21
12 63
12 45
12 44
9 12
12 28
17 31
13 17
15 17
17 81
17 57
17 87
17 84
17 24
17 61
17 82
17 37
12 17
40 84
24 40
40 61
40 82
12 40
6 40
40 83
36 40
40 51
21 40
40 63
40 45
9 40
40 44
28 40
31 66
13 66
15 66
66 81
57 66
66 87
66 84
24 66
61 66
66 82
37 66
12 66
40 66
44 66
6 48
48 83
36 48
48 51
21 48
48 63
45 48
28 48
9 48
48 66
31 85
13 85
15 85
81 85
57 85
85 87
84 85
24 85
61 85
82 85
37 85
12 85
40 85
44 85
48 85
42 84
42 82
40 42
42 48
6 42
42 83
36 42
42 51
21 42
42 45
42 63
9 42
28 42
17 42
42 66
30 31
13 30
15 30
30 81
30 57
30 87
30 84
24 30
30 61
30 82
30 37
12 30
30 40
30 44
30 48
30 42
12 69
48 69
6 69
69 83
36 69
51 69
21 69
45 69
63 69
28 69
9 69
18 31
13 18
15 18
18 81
18 57
18 87
18 84
18 24
18 61
18 82
18 37
12 18
18 40
18 44
18 48
18 42
18 69
18 45
24 60
60 82
40 60
44 60
60 69
45 60
6 60
60 83
36 60
51 60
21 60
60 63
9 60
28 60
30 60
60 66
17 60
60 85
18 60
31 34
13 34
15 34
34 81
34 57
34 87
34 84
24 34
34 61
34 82
34 37
12 34
34 40
34 44
34 69
34 60
31 65
13 65
15 65
65 81
57 65
65 87
65 84
24 65
61 65
65 82
12 65
48 65
65 69
39 84
37 39
39 44
39 42
39 69
39 45
6 39
39 83
36 39
39 51
21 39
39 63
28 39
9 39
39 85
20 31
13 20
15 20
20 84
20 24
20 82
20 40
20 48
20 69
20 39
6 74
74 83
36 74
51 74
21 74
63 74
9 74
28 74
18 74
65 74
12 78
48 78
69 78
45 78
74 78
65 78
14 31
13 14
14 15
14 84
14 24
14 82
12 14
14 44
14 45
14 39
10 69
10 60
10 39
6 10
10 83
10 36
10 51
10 21
10 63
10 28
9 10
16 31
13 16
15 16
16 84
16 24
16 82
12 16
16 48
16 45
16 39
10 16
14 16
16 78
4 74
4 65
4 6
4 83
4 36
4 51
4 21
4 63
4 17
4 28
13 64
64 84
24 64
37 64
44 64
48 64
64 69
60 64
39 64
13 26
26 84
24 26
26 37
26 40
26 48
26 69
26 45
10 26
26 65
6 26
26 83
26 36
26 51
21 26
26 63
31 70
13 70
15 70
57 70
70 84
24 70
61 70
70 82
12 70
48 70
45 70
60 70
39 70
26 70
70 78
31 59
13 59
15 59
59 84
24 59
59 82
40 59
48 59
59 69
59 60
10 59
26 59
59 78
6 59
59 83
36 59
51 59
21 59
59 63
19 31
13 19
15 19
19 81
19 57
19 87
19 84
19 24
19 61
19 37
19 40
19 44
19 42
19 60
10 19
19 26
14 19
19 59
52 69
45 52
52 74
52 65
52 78
52 59
6 52
52 83
36 52
51 52
21 52
52 63
52 64
27 31
13 27
27 84
24 27
27 61
27 37
12 27
27 42
27 69
27 45
27 74
26 27
27 78
27 52
8 24
8 37
8 12
8 48
8 69
8 39
8 74
8 14
8 78
8 52
6 8
8 83
8 36
8 51
8 21
24 76
76 82
12 76
48 76
45 76
39 76
10 76
26 76
76 78
52 76
8 76
22 45
22 60
22 39
22 26
14 22
4 22
22 52
6 22
22 83
22 36
22 51
21 22
22 70
61 79
37 79
44 79
42 79
69 79
60 79
74 79
26 79
78 79
4 79
18 79
22 79
31 89
13 89
15 89
84 89
61 89
37 89
44 89
42 89
45 89
60 89
10 89
26 89
14 89
59 89
18 89
73 84
24 73
61 73
37 73
40 73
48 73
45 73
39 73
73 74
26 73
4 73
59 73
18 73
6 73
73 83
36 73
51 73
21 73
9 73
27 73
73 89
16 73
31 50
13 50
15 50
50 81
50 57
50 87
50 84
24 50
50 61
37 50
12 50
44 50
50 69
45 50
10 50
50 65
14 50
50 59
50 52
50 73
50 89
6 33
33 83
33 36
33 51
12 43
42 43
43 45
43 60
43 74
43 65
14 43
4 43
18 43
43 73
22 43
33 43
43 76
31 54
13 54
15 54
54 81
54 57
54 87
54 84
24 54
54 61
54 82
40 54
42 54
54 69
54 60
39 54
26 54
54 78
54 59
52 54
54 73
54 89
33 54
54 76
31 58
13 58
15 58
58 81
57 58
58 87
58 84
24 58
58 61
37 58
44 58
42 58
45 58
58 60
10 58
26 58
14 58
58 59
8 58
58 73
31 41
13 41
15 41
41 81
41 57
41 87
41 84
24 41
41 61
41 82
37 41
12 41
41 44
41 48
41 45
39 41
41 74
41 65
41 78
41 52
8 41
41 73
6 41
41 83
36 41
41 51
57 77
77 84
24 77
37 77
40 77
44 77
42 77
45 77
74 77
65 77
4 77
59 77
8 77
73 77
41 77
33 77
76 77
54 77
6 77
77 83
77 79
14 29
4 29
18 29
29 73
22 29
29 33
31 47
13 47
15 47
47 57
47 84
24 47
47 61
37 47
12 47
44 47
42 47
39 47
10 47
47 65
14 47
47 52
18 47
8 47
47 89
31 49
13 49
15 49
49 84
49 61
49 82
40 49
42 49
49 69
45 49
49 74
49 65
49 78
49 59
18 49
49 73
41 49
6 49
49 83
36 49
49 51
9 49
71 89
49 71
47 71
54 71
63 71
71 77
6 71
71 83
16 71
66 71
15 67
67 84
24 67
37 67
12 67
44 67
67 69
39 67
10 67
26 67
14 67
59 67
52 67
22 67
41 67
49 67
67 76
58 67
6 72
72 83
36 72
21 72
24 56
37 56
40 56
44 56
42 56
45 56
10 56
26 56
56 78
4 56
18 56
8 56
22 56
49 56
56 76
56 72
56 63
6 56
56 83
21 56
36 56
56 66
50 56
8 46
46 73
46 89
41 46
46 47
46 58
46 72
46 77
46 83
3 14
3 4
3 18
3 73
3 22
3 49
3 76
3 54
3 77
12 38
38 44
38 45
38 60
38 74
26 38
14 38
4 38
38 52
22 38
38 89
38 49
38 76
38 54
38 63
6 38
38 83
3 38
38 51
38 50
38 85
11 31
11 13
11 15
11 81
11 57
11 87
11 84
11 24
11 61
11 82
11 12
11 48
11 42
11 60
10 11
11 26
11 14
11 59
11 52
11 73
11 89
11 33
11 76
11 54
11 77
11 38
6 11
11 21
11 16
11 50
11 67
11 46
25 31
13 25
15 25
25 81
25 57
25 87
25 84
24 25
25 61
25 82
25 40
25 48
25 45
25 60
10 25
25 26
14 25
4 25
18 25
22 25
25 89
25 41
25 47
25 58
25 72
6 25
25 83
21 25
16 25
25 36
25 29
25 46
19 25
37 88
44 88
69 88
45 88
10 88
65 88
78 88
59 88
8 88
73 88
88 89
49 88
47 88
54 88
63 88
77 88
6 88
3 88
36 88
66 88
29 88
67 88
25 88
40 80
44 80
45 80
60 80
65 80
14 80
78 80
4 80
18 80
73 80
80 89
49 80
58 80
54 80
63 80
38 80
6 80
21 80
36 80
66 80
29 80
24 35
35 82
35 40
35 44
35 42
35 60
10 35
35 65
4 35
35 59
18 35
22 35
35 89
33 35
35 58
35 54
35 63
6 35
35 83
3 35
16 35
35 50
29 35
35 67
35 64
1 57
1 84
1 24
1 82
1 40
1 44
1 45
1 60
1 10
1 26
1 14
1 4
1 52
1 73
1 22
1 41
1 47
1 58
1 63
1 38
1 6
1 21
1 16
1 66
1 67
1 35
40 53
44 53
53 69
39 53
53 74
53 65
4 53
53 59
52 53
8 53
41 53
33 53
53 76
53 54
53 63
53 77
6 53
3 53
36 53
50 53
53 67
35 53
51 53
9 53
53 79
2 31
2 13
2 15
2 81
2 57
2 87
2 84
2 24
2 61
2 37
2 12
2 48
2 42
2 60
2 74
2 65
2 78
2 4
2 8
2 73
2 89
2 33
2 76
2 58
2 72
2 38
2 6
2 3
2 16
2 66
2 29
2 35
2 53
31 86
13 86
15 86
81 86
57 86
86 87
84 86
24 86
61 86
82 86
37 86
12 86
40 86
44 86
48 86
42 86
45 86
39 86
74 86
65 86
14 86
4 86
18 86
8 86
41 86
49 86
47 86
58 86
72 86
38 86
6 86
83 86
16 86
50 86
29 86
46 86
25 86
53 86
85 86
51 86
27 86
2 86
20 86
5 31
5 13
5 15
5 81
5 57
5 87
5 84
5 24
5 61
5 82
5 40
5 44
5 69
5 39
5 10
5 26
5 14
5 59
5 8
5 73
5 41
5 49
5 76
5 58
5 72
5 38
5 83
5 21
5 16
5 36
5 67
5 35
5 53
5 86
2 5
5 34
5 43
5 19
5 88
5 85
5 28
5 11
5 30
12 32
32 44
32 42
32 39
10 32
14 32
32 78
32 59
8 32
22 32
32 41
32 49
32 58
32 54
32 72
32 38
6 32
3 32
32 36
32 66
32 67
32 46
25 32
32 80
2 32
23 52
8 23
22 23
23 41
23 76
23 72
23 77
23 38
6 23
21 23
23 36
23 66
23 67
23 35
23 25
23 86
31 62
13 62
15 62
62 81
57 62
62 84
24 62
62 82
40 62
44 62
42 62
45 62
62 74
62 65
62 78
4 62
52 62
62 73
22 62
49 62
47 62
54 62
62 63
62 77
62 83
3 62
36 62
50 62
29 62
46 62
25 62
62 86
17 62
51 62
62 71
23 62
62 64
62 79
30 62
1 62
62 85
7 31
7 13
7 15
7 81
7 57
7 87
7 84
7 24
7 61
7 82
7 37
7 12
7 40
7 44
7 48
7 42
7 45
7 60
7 10
7 26
7 14
4 7
7 52
7 8
7 22
7 49
7 47
7 54
7 63
7 77
7 83
3 7
7 36
7 50
7 29
7 46
7 25
7 80
7 62
7 23
7 19
7 51
7 88
7 27
7 32
7 64
7 9
7 85
15 75
75 84
24 75
37 75
12 75
48 75
42 75
60 75
10 75
65 75
4 75
52 75
18 75
8 75
41 75
33 75
47 75
58 75
72 75
38 75
6 75
3 75
16 75
66 75
50 75
46 75
53 75
75 80
2 75
23 75
19 75
0 75
75 88
11 75
32 75
64 75
9 75
75 79
7 75
56 75
28 75
20 75
7 56
44 68
48 68
42 68
39 68
10 68
26 68
68 78
59 68
52 68
22 68
41 68
33 68
47 68
54 68
68 77
38 68
6 68
3 68
36 68
66 68
29 68
35 68
25 68
53 68
68 86
23 68
19 68
0 68
68 88
11 68
27 68
1 68
31 55
13 55
55 57
55 84
24 55
37 55
40 55
44 55
42 55
45 55
39 55
14 55
55 78
4 55
52 55
8 55
55 89
33 55
55 76
55 58
55 63
38 55
55 83
3 55
36 55
55 66
55 67
35 55
46 55
55 86
55 62
34 55
43 55
0 55
55 88
27 55
32 55
1 55
17 55
55 68
9 55
55 79
55 56
28 55
68 85
7 68
56 68
28 68
17 68
7 17
2 62
20 62
9 62
23 34
23 27
23 79
23 56
23 28
23 64
23 32
23 51
23 88
23 85
32 43
0 32
5 32
32 71
32 64
20 32
28 32
32 70
17 32
5 9
5 64
5 17
5 70
11 86
19 86
0 86
43 86
2 19
2 28
2 27
2 88
2 34
0 2
2 56
2 70
2 11
2 30
20 53
1 53
28 53
53 64
53 71
43 53
53 70
34 53
1 80
1 34
1 19
0 1
1 88
1 11
1 27
1 28
1 70
1 9
1 85
1 30
35 80
34 35
35 70
35 46
0 35
9 35
19 35
35 43
25 80
79 80
71 80
64 80
17 80
80 88
56 80
28 80
43 80
30 80
9 80
70 80
19 88
51 88
56 88
79 88
71 88
27 88
0 25
11 25
25 27
25 85
25 56
25 34
25 30
11 34
11 43
11 51
11 20
11 71
11 70
11 27
9 11
11 79
21 38
27 38
38 66
38 43
38 79
34 38
3 6
3 21
3 16
3 70
0 3
3 85
3 36
3 46
3 50
3 9
3 66
3 34
36 46
46 50
29 46
46 71
46 85
46 56
27 46
30 46
46 51
28 46
17 46
43 56
0 56
56 71
27 56
56 64
30 56
56 70
34 72
30 72
9 72
70 72
43 72
50 72
67 72
19 72
0 72
28 72
64 72
67 77
6 67
21 67
36 67
66 67
28 67
34 67
43 67
9 67
67 71
64 67
20 67
67 79
17 67
34 71
43 71
51 71
71 85
28 71
17 71
30 71
20 71
64 71
27 49
49 76
21 49
49 64
30 49
47 49
49 85
49 70
20 49
34 49
47 76
6 47
47 83
36 47
47 51
9 47
47 50
19 47
47 70
27 47
47 58
47 64
29 47
21 47
47 79
47 66
29 54
29 77
6 29
29 83
21 29
16 29
29 66
17 29
29 85
20 29
29 51
19 29
29 30
29 70
29 79
30 77
17 77
19 77
16 77
20 77
9 77
0 77
36 77
28 77
27 41
41 63
41 85
41 76
41 58
19 41
21 41
20 41
28 41
0 41
17 41
33 58
6 58
58 83
36 58
20 58
54 58
58 64
58 66
28 58
16 58
0 58
19 58
58 79
27 58
6 54
54 83
36 54
51 54
20 54
54 63
50 54
17 54
54 85
43 54
6 43
43 83
16 43
43 50
34 43
9 43
43 85
43 64
0 43
28 43
43 79
33 63
19 33
33 66
33 50
16 33
33 79
6 50
21 50
36 50
50 70
9 50
30 50
17 50
50 64
50 51
0 50
27 50
64 73
20 73
19 73
22 89
6 89
83 89
36 89
51 89
21 89
16 89
64 89
28 89
17 89
79 89
9 89
70 89
30 89
66 89
6 79
21 79
16 79
36 79
51 79
27 79
64 79
30 79
17 79
20 79
79 85
22 28
22 30
17 22
22 63
22 76
0 22
22 34
6 76
76 83
36 76
51 76
34 76
16 76
63 76
30 76
28 76
76 85
17 76
0 76
8 63
8 27
8 30
8 20
0 8
8 34
8 85
8 66
27 63
6 27
21 27
16 27
27 66
19 27
0 27
27 85
9 27
20 52
18 52
19 52
34 52
6 19
19 83
19 36
19 66
19 34
19 20
19 70
19 51
19 30
17 19
59 85
59 70
59 66
28 59
9 59
17 59
34 59
18 59
18 70
63 70
6 70
70 83
16 70
34 70
51 70
9 70
30 70
70 85
20 70
17 70
26 34
26 64
26 28
9 26
26 66
0 26
4 64
18 64
6 64
64 83
21 64
36 64
0 64
30 64
20 64
17 64
4 16
0 4
4 30
16 18
16 63
6 16
16 51
16 30
0 16
16 85
16 20
16 28
10 85
10 30
10 14
10 66
14 65
6 14
14 83
14 36
14 51
14 21
14 63
14 18
14 78
14 34
9 14
6 78
78 83
36 78
51 78
21 78
63 78
78 85
18 78
20 78
30 78
66 78
0 78
20 74
17 74
20 65
20 63
20 83
20 21
20 36
20 34
20 51
9 20
20 28
17 20
39 66
39 65
30 39
17 39
18 39
6 65
65 83
36 65
51 65
21 65
63 65
0 65
28 65
9 65
34 65
30 65
65 85
17 65
34 63
34 83
21 34
34 66
17 34
9 34
0 34
6 18
18 83
18 36
18 51
18 21
18 63
18 28
9 18
18 85
17 18
18 66
0 18
66 69
30 69
17 69
69 85
0 69
30 45
6 30
30 83
21 30
0 30
9 30
30 85
28 30
42 85
45 85
63 85
6 85
66 85
51 85
28 85
17 48
0 48
45 66
63 66
6 66
66 83
28 66
0 66
17 40
17 44
17 45
6 17
17 83
17 21
17 36
17 51
28 44
28 45
28 83
21 28
28 51
9 37
9 44
9 45
9 63
9 83
9 21
0 9
44 82
0 82
6 44
44 83
36 44
44 51
21 44
44 63
44 45
0 44
0 61
6 45
45 83
36 45
45 51
21 45
45 63
0 45
24 63
0 24
63 84
0 84
6 63
63 83
36 63
51 63
21 63
6 21
21 83
0 57
6 51
51 83
0 51
36 83
0 15
6 83
0 83
0 13
0 31
