90 400
36 67
3 22
3 67
36 84
3 84
22 82
67 82
82 84
3 81
81 82
22 57
57 67
57 84
57 81
36 45
3 45
45 82
45 57
22 45
45 67
45 84
45 53
67 73
53 73
73 84
2 22
2 73
2 32
8 22
8 73
8 70
3 39
39 82
39 45
67 74
74 84
39 74
16 22
16 74
16 32
16 55
22 75
22 78
73 78
67 78
22 80
78 80
8 80
22 68
45 68
19 68
17 84
17 81
33 78
17 33
15 45
15 78
15 75
15 41
17 41
8 86
19 86
14 86
15 62
19 62
7 62
10 32
10 50
7 10
35 36
3 35
35 82
35 57
35 45
35 73
35 78
19 35
10 35
26 56
9 25
7 51
25 51
8 58
8 63
63 71
14 63
63 81
20 32
20 50
20 80
79 80
40 79
41 43
43 79
13 43
13 41
30 32
19 30
30 80
3 11
11 22
11 45
11 78
11 15
11 55
11 75
11 37
0 11
19 54
54 55
54 56
11 54
40 54
26 54
54 68
40 69
26 69
24 69
23 40
23 41
23 69
15 66
19 66
66 80
62 66
18 53
18 61
3 88
57 88
22 88
78 88
32 88
17 88
42 78
1 42
10 42
42 81
42 58
26 60
39 60
42 60
51 60
38 53
10 31
31 81
30 72
67 72
68 72
70 72
31 72
10 76
37 76
72 76
35 76
76 84
76 86
76 85
13 85
61 85
70 85
38 85
20 89
85 89
21 89
15 83
19 83
10 83
62 83
76 83
29 83
61 83
36 44
3 44
44 82
44 57
22 44
44 73
15 44
1 44
44 80
44 81
31 44
26 44
4 8
4 17
4 9
4 81
4 43
4 59
4 44
4 51
64 80
64 75
18 64
13 64
39 48
48 64
30 48
22 65
65 73
32 65
17 65
65 80
11 65
46 65
66 87
65 87
16 87
2 87
48 65
8 28
28 50
9 28
28 75
28 58
28 88
5 28
28 33
1 49
25 49
46 49
49 59
42 49
49 65
28 49
27 69
24 27
27 49
27 89
28 67
5 6
6 51
6 35
6 23
5 77
2 5
2 77
45 52
52 73
15 52
52 71
7 52
52 62
52 58
29 52
52 69
52 77
31 47
41 47
42 47
47 66
47 54
47 52
30 52
65 77
65 86
64 70
23 64
4 64
4 83
44 51
12 44
44 79
12 30
12 63
12 83
21 83
0 31
31 39
29 31
29 84
29 67
29 38
38 42
38 84
38 79
33 42
1 88
37 88
46 88
86 88
0 88
61 88
33 88
61 68
35 61
18 66
18 33
34 80
34 75
18 34
13 34
34 39
33 34
34 84
34 35
16 66
23 66
66 84
24 51
24 54
54 67
11 84
11 16
11 30
13 30
30 86
59 79
70 79
79 86
20 40
40 53
20 46
20 59
16 20
20 63
20 86
46 63
46 58
59 63
0 63
2 63
71 75
58 71
9 58
58 81
26 58
51 58
25 26
25 41
25 67
2 25
25 62
26 35
0 56
56 59
56 84
37 56
37 75
37 70
35 37
37 39
35 68
10 68
2 10
7 53
7 39
53 62
59 62
62 86
9 14
14 67
14 75
14 41
41 70
41 68
9 15
15 53
9 50
9 70
9 33
9 81
33 81
0 33
17 68
68 75
67 68
19 67
19 80
75 78
78 81
16 75
16 53
0 16
16 70
8 39
39 50
39 84
39 67
50 70
0 50
50 67
8 81
8 59
55 59
53 59
2 55
53 55
2 53
0 2
45 81
32 45
22 81
22 84
32 84
22 67
32 67
22 36
22 32
0 32
