90 2002
57 78
78 86
5 57
5 86
33 78
5 33
37 57
37 86
33 37
53 78
5 53
37 53
18 57
18 86
18 33
18 53
45 78
5 45
37 45
18 45
30 57
30 86
30 33
30 53
30 45
8 78
5 8
8 37
8 18
8 30
57 79
79 86
33 79
53 79
45 79
8 79
21 78
5 21
21 37
18 21
21 30
57 75
75 86
33 75
53 75
45 75
8 75
21 75
53 77
8 77
21 77
77 78
5 77
37 77
18 77
30 77
57 74
74 86
33 74
53 74
45 74
8 74
21 74
74 77
74 79
38 57
38 86
38 53
38 45
21 38
38 79
38 78
5 38
37 38
18 38
30 38
16 57
16 86
16 33
16 53
16 45
8 16
16 21
16 77
16 79
16 38
28 78
5 28
28 37
18 28
28 30
28 74
57 66
66 86
33 66
53 66
45 66
8 66
21 66
66 77
66 79
38 66
28 66
44 57
33 44
44 53
44 45
44 77
44 79
38 44
28 44
44 78
5 44
37 44
18 44
30 44
44 75
44 74
44 66
16 44
20 57
20 86
20 33
20 53
20 45
8 20
20 21
20 77
20 79
20 38
20 28
20 44
55 78
5 55
37 55
18 55
30 55
55 74
16 55
55 66
55 75
39 57
39 86
33 39
39 53
39 45
8 39
21 39
39 77
39 79
38 39
28 39
39 44
39 55
59 78
5 59
37 59
18 59
30 59
59 74
59 66
16 59
59 75
39 59
20 59
22 57
22 86
22 33
22 53
22 45
8 22
21 22
22 77
22 79
22 38
22 28
22 44
22 55
22 59
22 37
57 82
82 86
33 82
53 82
21 82
79 82
38 82
28 82
44 82
59 82
78 82
5 82
18 82
30 82
75 82
74 82
16 82
66 82
39 82
20 82
22 82
34 57
34 86
33 34
34 53
34 45
8 34
21 34
34 77
34 79
34 38
28 34
34 44
34 55
34 59
34 37
34 82
51 78
5 51
18 51
30 51
51 74
16 51
51 75
51 66
39 51
20 51
29 57
29 86
29 33
29 53
29 45
8 29
21 29
29 77
29 79
29 38
28 29
29 44
29 55
29 59
29 37
29 82
29 51
0 29
29 78
72 82
51 72
72 78
5 72
18 72
30 72
72 74
66 72
72 75
16 72
20 72
39 72
42 86
33 42
42 53
8 42
42 77
42 79
38 42
28 42
42 44
42 59
37 42
42 51
10 57
10 33
10 53
10 45
10 21
10 77
10 79
10 28
10 44
10 37
10 82
10 51
10 78
5 10
10 18
10 30
10 74
10 66
10 16
10 75
10 20
10 39
23 57
23 86
23 33
23 53
23 45
8 23
21 23
23 77
23 79
23 28
23 44
23 37
23 82
0 23
10 23
25 78
5 25
18 25
25 30
16 25
25 75
25 66
25 74
37 50
0 50
50 78
25 50
57 60
60 86
33 60
53 60
45 60
8 60
21 60
60 77
60 79
38 60
28 60
44 60
59 60
37 60
60 82
0 60
10 60
60 72
5 60
18 60
30 60
60 74
60 75
16 60
60 66
50 60
11 79
11 28
11 44
11 37
11 82
0 11
11 78
11 72
11 60
60 85
66 85
5 85
18 85
30 85
50 85
11 85
57 73
73 86
33 73
53 73
45 73
8 73
21 73
73 77
73 79
38 73
44 73
37 73
73 82
0 73
10 73
72 73
60 73
73 85
57 68
68 86
33 68
53 68
45 68
8 68
21 68
68 77
68 79
28 68
44 68
59 68
37 68
0 68
68 78
68 72
25 68
66 68
68 85
5 68
18 68
30 68
57 71
71 86
33 71
53 71
45 71
8 71
71 77
71 79
38 71
28 71
59 71
37 71
71 82
0 71
71 78
10 71
57 65
65 86
33 65
53 65
8 65
65 77
65 79
38 65
44 65
59 65
37 65
0 65
65 78
65 72
5 65
18 65
30 65
16 65
65 74
65 75
65 66
23 65
39 65
13 57
13 86
13 53
8 13
13 21
13 77
13 79
13 38
13 55
13 59
13 37
0 13
13 78
10 13
13 65
13 66
13 85
5 13
13 18
13 16
7 10
7 72
7 25
7 66
7 68
7 13
21 83
77 83
79 83
38 83
44 83
59 83
37 83
0 83
78 83
72 83
65 83
60 83
83 85
41 57
41 86
33 41
41 53
41 45
8 41
41 77
41 79
38 41
28 41
41 55
41 59
37 41
41 51
41 78
41 72
41 65
41 66
41 68
5 41
18 41
30 41
33 40
40 53
21 40
40 77
40 79
38 40
40 55
40 59
37 40
40 51
40 78
10 40
40 65
40 66
40 85
40 41
13 40
34 40
57 80
80 86
33 80
53 80
45 80
8 80
77 80
79 80
38 80
28 80
44 80
37 80
80 82
0 80
78 80
10 80
65 80
66 80
80 85
13 80
80 83
34 80
5 80
18 80
2 57
2 86
2 33
2 53
2 45
2 8
2 77
2 79
2 38
2 28
2 59
2 37
2 82
0 2
2 78
2 10
2 25
2 60
56 57
56 86
53 56
45 56
21 56
56 77
56 79
38 56
55 56
56 59
37 56
51 56
56 78
56 72
25 56
56 66
56 85
5 56
18 56
30 56
8 14
14 79
14 38
14 28
14 55
14 37
14 82
0 14
14 78
14 72
14 25
14 60
14 56
14 41
13 14
14 34
17 55
17 37
17 82
17 51
17 78
17 72
17 65
17 85
17 68
13 17
56 58
41 58
58 83
5 58
18 58
43 65
43 66
43 68
43 56
43 58
34 43
17 43
20 43
25 84
66 84
68 84
41 84
83 84
58 84
20 84
53 76
8 76
21 76
76 77
76 79
28 76
59 76
37 76
76 82
0 76
76 78
25 76
60 76
76 85
56 76
41 76
76 83
34 76
76 80
20 76
5 76
18 76
22 76
9 82
9 51
9 10
9 72
9 65
9 60
9 68
9 56
9 83
9 58
9 80
9 76
9 84
25 63
60 63
56 63
41 63
63 83
63 80
20 63
63 76
63 84
5 63
7 63
18 63
48 78
48 72
25 48
48 66
48 85
13 48
48 83
48 58
20 48
48 76
48 63
44 89
37 89
82 89
51 89
78 89
72 89
25 89
66 89
68 89
13 89
83 89
58 89
80 89
76 89
29 89
5 89
27 79
27 28
27 44
27 59
27 82
0 27
27 78
25 27
27 65
27 85
27 68
27 56
27 83
27 58
17 27
27 76
27 29
27 89
10 69
69 72
65 69
66 69
69 85
41 69
58 69
34 69
17 69
69 76
29 69
69 89
3 33
3 53
3 77
3 79
3 38
3 28
3 44
3 59
3 37
3 51
3 78
3 72
3 65
3 66
3 85
3 41
3 13
3 34
3 80
3 20
3 29
3 89
3 5
3 7
1 77
1 79
1 38
1 28
1 55
1 59
1 37
1 51
1 78
1 25
1 60
1 66
1 85
1 56
1 13
1 58
1 80
1 20
1 29
1 3
1 2
1 14
1 71
32 53
8 32
21 32
32 79
32 38
32 44
32 55
32 37
32 82
32 51
32 78
25 32
32 60
32 85
32 68
32 41
32 83
32 34
20 32
32 76
32 63
32 89
32 69
2 32
32 43
62 82
0 62
62 78
10 62
25 62
62 66
56 62
13 62
62 83
62 80
17 62
20 62
62 63
62 89
62 69
14 62
12 55
12 59
12 82
12 51
12 78
12 72
12 65
12 85
12 68
12 56
12 83
12 58
12 80
12 76
12 63
12 89
12 69
12 14
26 37
26 51
26 78
10 26
26 65
26 60
26 85
26 41
13 26
26 80
20 26
26 29
26 84
26 63
26 69
26 71
12 26
26 43
26 42
57 67
67 86
33 67
53 67
45 67
8 67
67 77
67 79
38 67
28 67
44 67
37 67
67 82
0 67
67 78
10 67
65 67
66 67
67 68
41 67
13 67
67 80
17 67
20 67
67 84
63 67
3 67
2 67
67 71
43 67
42 67
2 88
71 88
12 88
32 88
16 88
67 88
54 69
54 71
12 54
43 54
18 54
54 88
33 46
46 53
21 46
46 77
46 79
38 46
44 46
46 59
37 46
46 51
46 78
25 46
46 60
46 66
46 68
41 46
13 46
46 58
46 80
46 76
29 46
46 63
46 69
14 46
12 46
32 46
16 46
18 46
46 88
35 37
35 51
35 78
10 35
35 60
35 66
35 68
35 56
13 35
35 58
17 35
35 76
29 35
35 63
3 35
14 35
35 71
35 43
35 42
35 67
35 46
57 81
81 86
53 81
45 81
77 81
79 81
38 81
28 81
44 81
59 81
37 81
51 81
10 81
72 81
25 81
66 81
81 85
56 81
58 81
34 81
17 81
20 81
81 84
81 89
3 81
71 81
12 81
32 81
42 81
81 88
46 81
62 81
54 81
37 64
51 64
10 64
64 72
25 64
60 64
56 64
41 64
13 64
34 64
17 64
29 64
64 84
64 89
2 64
64 71
12 64
43 64
16 64
64 67
27 64
64 81
48 64
23 64
35 64
26 64
40 64
37 61
51 61
61 78
10 61
61 65
61 66
61 68
41 61
13 61
61 80
17 61
29 61
61 84
61 89
3 61
14 61
43 61
32 61
42 61
18 61
46 61
61 81
48 61
11 61
26 61
57 87
86 87
33 87
53 87
45 87
8 87
21 87
77 87
38 87
28 87
44 87
59 87
37 87
0 87
78 87
25 87
65 87
85 87
68 87
56 87
83 87
34 87
17 87
29 87
84 87
63 87
3 87
2 87
71 87
32 87
16 87
67 87
87 88
81 87
31 78
31 72
31 65
31 60
31 56
31 41
31 58
31 80
17 31
20 31
29 31
31 63
31 69
14 31
31 43
31 32
31 42
18 31
31 88
27 31
31 73
52 53
8 52
21 52
52 77
52 79
38 52
44 52
37 52
52 82
51 52
52 78
10 52
52 65
52 66
52 85
41 52
13 52
52 80
17 52
52 76
29 52
52 63
52 69
2 52
43 52
32 52
42 52
18 52
27 52
52 81
31 52
4 78
4 10
4 25
4 66
4 68
4 56
4 83
4 34
4 17
4 76
4 29
4 63
4 69
4 14
4 12
4 32
4 16
4 67
4 27
4 81
4 48
4 35
4 11
4 22
4 75
19 86
19 33
19 53
8 19
19 21
19 77
19 79
19 38
19 44
19 37
19 82
0 19
19 78
19 72
19 25
19 66
19 68
19 41
19 83
19 34
19 20
19 76
19 84
3 19
19 69
2 19
12 19
19 32
18 19
19 88
19 46
19 81
4 19
11 19
19 23
19 87
19 40
7 19
49 79
28 49
44 49
37 49
49 82
0 49
49 78
10 49
49 60
49 85
49 68
41 49
49 83
34 49
49 80
20 49
49 84
49 89
2 49
14 49
12 49
16 49
42 49
18 49
49 88
49 81
31 49
11 49
23 49
24 69
2 24
12 24
16 24
24 42
18 24
24 88
24 27
24 31
11 24
23 24
24 49
47 78
47 72
47 65
47 60
47 56
13 47
47 83
47 58
17 47
20 47
47 84
47 63
2 47
14 47
43 47
32 47
18 47
47 67
47 88
27 47
47 48
4 47
26 47
24 47
47 87
47 61
39 47
9 47
47 52
47 54
47 75
1 47
15 57
15 86
15 33
15 53
15 45
8 15
15 21
15 77
15 79
15 38
15 28
15 44
15 55
15 59
15 37
15 82
15 51
0 15
15 78
10 15
15 65
15 60
15 56
15 41
13 15
15 58
15 17
15 20
15 84
15 89
3 15
14 15
15 71
15 43
15 42
15 67
15 46
15 27
15 48
4 15
15 23
15 26
15 87
15 19
15 74
15 47
15 30
15 62
1 15
15 22
15 73
15 49
57 70
70 86
33 70
53 70
21 70
70 77
70 79
38 70
55 70
59 70
37 70
0 70
70 78
25 70
65 70
66 70
68 70
41 70
58 70
70 80
17 70
70 76
70 84
70 89
3 70
14 70
43 70
32 70
42 70
67 70
46 70
27 70
48 70
4 70
23 70
26 70
19 70
70 74
39 70
6 53
6 45
6 77
6 79
6 38
6 28
6 44
6 59
6 82
6 51
6 78
6 72
6 65
6 60
6 85
6 13
6 83
6 58
6 80
6 20
6 29
6 89
6 69
6 71
6 12
6 43
6 18
6 67
6 46
6 48
6 31
4 6
6 23
6 24
6 40
6 74
6 39
6 73
6 70
6 52
5 6
6 54
6 64
6 7
6 22
6 9
15 70
64 70
5 70
36 79
28 36
36 44
36 37
36 82
0 36
36 78
10 36
36 65
36 60
36 68
13 36
36 83
34 36
36 80
36 76
36 63
3 36
36 69
2 36
36 43
32 36
16 36
36 67
36 88
27 36
31 36
4 36
23 36
26 36
36 87
36 61
36 39
36 47
7 36
36 70
1 36
5 36
36 54
36 73
30 36
36 50
49 70
54 70
30 70
70 73
15 50
47 50
47 49
22 24
24 62
24 54
24 75
24 74
1 24
24 50
24 87
5 24
24 52
19 49
49 61
39 49
1 49
49 75
22 49
49 50
49 64
30 49
5 19
19 39
19 75
19 61
19 62
1 19
19 30
4 52
4 40
4 74
4 30
4 5
23 52
40 52
52 61
9 52
7 52
30 52
5 52
52 64
52 54
1 52
52 75
31 87
31 39
23 31
1 31
7 31
5 31
9 31
31 74
31 40
31 62
11 87
35 87
61 87
73 87
40 87
5 87
75 87
54 87
62 87
1 87
40 61
7 61
50 61
61 64
22 61
54 61
61 73
64 74
9 64
64 75
64 73
30 64
62 64
26 81
73 81
48 81
74 81
50 81
23 81
35 81
22 81
11 35
23 35
35 62
9 35
35 40
30 35
1 35
35 54
5 35
26 35
35 50
7 35
35 39
46 54
46 75
30 46
11 46
46 74
1 46
46 50
23 46
22 46
39 46
48 54
11 54
9 54
5 54
22 54
54 62
54 73
48 88
1 88
75 88
7 88
27 88
62 88
9 88
40 88
39 67
5 67
30 67
7 67
27 67
26 67
67 73
62 67
22 67
26 27
26 48
11 26
22 26
26 75
26 73
9 26
26 39
26 30
7 26
12 16
5 12
12 74
12 27
11 12
12 62
12 75
12 18
12 30
12 40
12 23
32 62
18 62
23 62
39 62
9 62
7 62
1 62
22 62
62 73
50 62
32 73
7 32
32 48
1 32
9 32
27 32
16 32
30 32
1 16
1 27
1 23
1 74
1 7
1 22
1 50
3 75
3 71
3 43
3 39
3 9
3 40
3 30
3 23
3 73
3 42
3 69
3 22
5 69
7 69
18 69
11 69
27 69
50 69
14 69
69 75
2 69
48 69
2 27
18 27
27 48
27 73
5 27
27 40
27 30
27 75
30 89
23 89
16 89
71 89
39 89
18 89
48 89
73 89
42 89
2 89
40 89
2 48
48 71
16 48
9 48
11 48
5 48
7 48
39 48
30 48
48 50
42 63
50 63
9 63
11 63
22 63
43 63
63 74
14 63
9 14
9 71
9 16
9 18
9 23
9 40
9 74
9 30
7 9
5 9
9 75
14 76
73 76
71 76
74 76
50 76
29 76
2 76
76 84
29 84
5 84
43 84
23 84
14 84
40 84
11 84
39 84
75 84
30 84
2 84
22 84
16 84
14 43
43 71
39 43
43 50
40 43
11 43
42 43
18 43
43 75
29 58
58 73
17 58
23 58
20 58
39 58
2 58
42 58
22 58
58 71
17 34
5 17
17 18
14 17
17 74
17 20
7 17
17 42
17 23
17 39
17 75
11 17
17 30
2 14
5 14
7 14
14 74
14 42
14 16
14 23
14 39
14 73
56 74
42 56
11 56
50 56
2 56
22 56
16 56
39 56
56 73
23 56
2 41
2 80
2 20
2 5
2 16
2 74
2 30
2 50
2 71
2 75
2 22
7 80
71 80
29 80
22 80
16 80
40 80
50 80
20 40
40 71
16 40
18 40
39 40
22 40
40 73
40 50
30 40
40 74
20 41
41 74
41 83
41 75
41 42
11 41
41 50
5 83
18 83
22 83
16 83
71 83
75 83
50 83
30 83
7 83
34 83
74 83
7 29
7 71
7 42
7 11
7 74
7 75
7 50
7 22
13 22
13 34
13 71
13 29
13 30
13 42
11 13
20 65
65 71
71 85
68 71
29 71
18 71
5 71
11 71
71 73
22 71
42 71
29 68
39 68
68 75
68 73
20 68
23 68
34 68
34 73
20 73
29 73
18 73
11 73
73 74
5 73
73 75
16 85
75 85
74 85
23 85
11 34
11 20
11 16
11 18
11 75
11 23
11 50
11 22
11 39
22 60
29 60
42 60
39 60
20 60
34 50
29 50
16 50
42 50
18 50
50 74
50 75
22 50
20 25
25 39
22 25
23 25
25 42
25 34
23 34
23 29
16 23
23 42
18 23
23 74
10 42
10 22
10 34
42 72
29 42
42 75
42 74
39 42
5 42
30 42
22 42
34 72
29 72
29 66
29 34
5 29
29 30
18 29
29 74
34 51
22 51
0 51
0 34
34 66
5 34
18 34
34 75
20 34
34 74
34 39
30 34
16 34
0 22
22 66
16 22
22 74
22 30
0 59
37 39
0 39
39 78
20 39
16 39
39 74
5 39
30 39
39 75
20 55
0 55
20 37
0 20
20 78
5 20
18 20
20 75
16 20
0 44
37 66
0 66
66 78
5 66
18 66
30 66
16 66
66 75
66 74
28 75
16 28
16 37
0 16
16 78
5 16
16 74
16 18
38 74
38 75
0 38
37 74
0 74
74 78
18 74
75 77
77 79
75 79
37 75
0 75
75 78
5 75
21 79
0 21
78 79
5 79
37 79
18 79
30 79
0 79
0 8
30 37
0 30
30 78
5 30
18 37
0 18
18 78
0 53
37 78
5 37
0 37
0 5
5 78
0 86
0 78
0 57
