90 801
40 58
40 43
16 58
16 43
16 40
55 58
43 55
16 55
40 55
20 58
20 43
16 20
20 55
10 40
10 20
58 88
43 88
16 88
55 88
10 88
38 43
16 38
38 55
38 40
20 38
38 88
58 59
43 59
16 59
55 59
10 59
38 59
36 58
36 43
16 36
36 38
36 40
20 36
36 59
36 88
58 71
43 71
16 71
55 71
38 71
36 71
40 67
20 67
67 88
59 67
41 43
16 41
41 55
38 41
41 67
0 41
40 41
43 69
16 69
55 69
38 69
28 40
20 28
28 59
16 66
55 66
28 66
43 63
55 63
63 67
14 40
14 20
31 58
31 43
31 55
31 38
14 31
31 63
40 47
20 47
13 36
13 47
13 69
33 58
33 43
16 33
33 55
33 67
0 33
33 69
20 33
43 73
16 73
55 73
38 73
28 73
47 73
40 73
33 73
20 73
6 58
6 43
6 16
6 55
6 10
6 38
6 28
0 6
6 40
16 23
23 55
23 67
23 47
23 40
20 23
58 84
43 84
16 84
55 84
10 84
38 84
67 84
63 84
40 84
23 84
48 58
43 48
16 48
48 55
36 48
48 63
40 48
23 48
48 62
24 43
16 24
24 55
24 36
24 28
24 63
24 47
24 69
24 73
24 88
24 53
43 49
49 55
49 67
49 63
40 49
33 49
20 49
14 76
63 76
4 55
4 38
4 67
4 63
4 40
4 20
4 59
16 79
55 79
36 79
0 79
4 79
33 79
62 79
22 40
22 69
22 49
2 22
28 42
0 42
40 42
33 42
70 73
9 28
9 63
9 40
9 33
9 70
25 55
25 38
25 36
14 25
25 47
25 33
25 73
1 25
25 42
4 7
7 23
7 70
2 7
21 28
14 21
21 40
21 69
21 70
21 51
4 39
33 39
39 62
2 39
39 48
21 39
62 65
51 65
42 65
39 65
37 43
37 55
28 37
0 37
37 40
23 37
37 70
22 37
12 40
12 33
12 49
1 12
12 48
12 31
12 82
7 82
59 82
79 82
9 82
25 82
9 56
53 56
43 54
16 54
54 55
38 54
54 67
0 54
47 54
33 54
49 54
22 54
42 54
19 28
0 19
4 19
19 23
19 24
2 19
5 34
40 61
49 61
61 62
2 61
48 61
27 61
43 46
16 46
46 55
38 46
36 46
46 63
46 69
23 46
46 62
22 46
12 46
46 61
28 74
0 74
40 74
69 74
70 74
2 74
12 74
58 83
43 83
16 83
55 83
10 83
36 83
28 83
0 83
4 83
23 83
73 83
22 83
48 83
27 83
17 34
17 83
16 89
55 89
36 89
47 89
40 89
23 89
70 89
24 89
34 89
61 89
3 67
3 63
3 40
3 49
3 73
3 24
3 12
3 83
3 89
3 41
3 9
29 48
29 61
29 37
29 89
40 87
23 87
73 87
1 87
12 87
39 87
37 87
5 87
74 77
41 77
77 87
25 77
77 88
48 78
61 78
45 69
45 49
45 62
1 45
45 48
39 45
31 45
30 36
0 30
30 40
23 30
30 62
1 30
30 51
7 30
30 45
4 44
23 44
44 70
24 44
42 44
44 83
44 74
44 79
35 89
35 44
12 75
27 75
59 75
75 89
75 76
25 75
35 75
71 75
66 75
8 36
8 14
8 40
8 49
8 62
1 8
8 42
8 61
8 74
8 41
8 75
8 17
4 80
33 80
70 80
51 80
42 80
80 83
7 80
41 80
71 80
19 80
13 80
48 72
39 72
37 72
5 72
71 72
58 85
43 85
16 85
55 85
10 85
38 85
67 85
63 85
4 85
33 85
73 85
22 85
34 85
83 85
59 85
5 85
85 87
31 85
12 26
7 26
26 37
21 26
26 71
26 85
58 64
43 64
16 64
55 64
10 64
38 64
36 64
0 64
64 69
49 64
62 64
1 64
42 64
7 64
45 64
44 64
29 64
25 64
13 64
26 64
64 76
64 66
64 78
3 64
26 78
26 72
26 54
40 60
23 60
24 60
22 60
42 60
27 60
7 60
21 60
60 79
25 60
13 60
29 57
57 85
57 88
20 57
57 60
57 65
32 71
19 32
13 32
32 57
32 77
18 62
18 22
18 42
7 18
18 45
18 21
9 18
17 18
18 66
50 51
50 83
50 59
5 50
50 75
17 50
50 66
45 68
44 68
68 71
53 68
66 68
50 68
68 72
46 68
65 68
43 86
55 86
36 86
63 86
4 86
49 86
70 86
51 86
42 86
39 86
37 86
5 86
86 87
53 86
56 86
8 86
35 86
18 86
68 86
32 86
58 81
43 81
16 81
55 81
10 81
36 81
28 81
0 81
69 81
33 81
73 81
24 81
51 81
27 81
74 81
21 81
79 81
81 85
81 88
50 81
72 81
15 59
5 15
15 29
15 19
15 88
15 66
15 81
52 73
22 52
48 52
7 52
37 52
52 89
52 87
52 53
52 80
20 52
46 52
31 52
30 52
15 52
3 15
15 76
18 81
31 81
6 50
50 82
18 50
18 32
18 82
32 54
57 76
26 60
31 60
30 60
60 65
26 35
85 88
72 85
66 85
72 80
72 84
3 72
11 16
11 55
11 67
11 63
11 40
11 69
11 70
2 11
11 34
11 39
11 59
5 11
9 11
11 25
11 80
8 11
11 35
11 31
3 11
11 76
6 80
8 80
8 20
8 46
8 31
54 75
19 35
35 56
35 78
35 46
44 71
44 65
44 76
13 44
30 44
9 30
19 30
30 56
30 66
30 84
30 82
45 78
41 45
45 71
45 54
20 45
41 78
78 79
17 78
20 78
77 78
3 78
6 77
77 84
65 77
6 87
29 87
87 88
31 87
29 53
29 46
19 29
3 29
3 6
25 89
88 89
84 89
17 89
19 89
17 21
17 71
17 25
17 76
17 65
66 83
76 83
74 83
79 83
59 74
53 74
66 74
46 74
74 76
5 74
41 46
46 53
13 46
46 65
20 61
37 61
5 61
13 61
21 61
5 41
5 54
34 84
19 34
34 79
20 34
34 71
19 27
19 37
13 19
19 84
27 53
27 84
27 31
27 54
53 54
54 56
20 54
6 54
54 82
56 82
31 56
82 84
12 37
6 12
12 76
37 65
9 37
13 37
65 79
65 88
39 88
6 39
39 59
39 71
21 59
20 21
21 84
21 31
21 53
51 88
7 51
51 66
7 25
7 9
7 41
25 79
20 25
1 9
1 66
1 84
9 48
9 41
9 84
9 13
42 70
20 70
13 70
22 42
42 59
42 53
22 59
22 71
22 79
59 79
6 79
66 79
4 66
4 71
4 76
4 69
49 76
73 76
2 76
76 84
6 76
49 71
2 49
49 59
2 31
2 53
2 6
2 88
2 41
6 53
24 41
24 66
20 24
13 24
24 48
41 48
13 48
62 84
13 84
6 23
23 88
6 73
6 59
31 73
71 73
33 59
13 33
31 47
31 69
14 59
14 71
14 63
40 63
20 63
63 66
66 69
0 28
28 69
28 88
0 69
20 69
41 69
41 88
67 71
20 71
0 38
0 88
40 88
20 88
0 20
20 40
0 55
0 16
0 40
43 58
0 43
