90 400
77 83
15 83
15 28
27 77
3 27
28 32
27 32
77 84
2 28
2 27
2 84
73 77
28 54
54 73
49 77
2 49
49 59
49 71
56 71
48 71
28 68
68 84
9 68
28 43
43 84
9 43
43 56
13 43
73 86
43 86
28 35
27 35
35 73
35 56
35 88
13 88
43 76
28 55
27 55
9 55
55 56
55 81
2 81
15 81
35 65
28 75
73 75
21 75
21 77
21 32
15 21
73 80
21 80
35 80
13 80
42 55
42 75
15 42
42 52
42 51
36 76
23 47
23 36
22 35
2 22
22 76
39 55
20 49
20 21
20 89
2 89
11 89
11 78
7 11
53 55
2 53
13 53
53 85
19 76
19 65
19 53
24 28
24 27
9 24
24 43
24 55
14 24
15 24
34 55
34 75
15 34
34 82
49 58
56 58
2 58
14 58
54 58
36 58
58 72
3 12
12 58
54 61
61 87
22 61
12 61
7 10
10 87
43 46
46 78
46 47
46 65
19 46
46 66
4 46
4 52
64 76
36 64
16 55
2 16
16 54
6 16
16 19
16 25
8 13
28 37
37 43
37 48
14 37
37 42
31 35
14 31
31 47
31 37
32 38
15 44
6 44
38 44
24 44
23 44
44 74
66 70
51 70
41 70
44 70
41 79
45 47
45 85
16 45
45 80
28 29
29 56
29 55
29 78
29 42
29 82
29 46
29 51
29 45
66 69
31 69
29 69
53 69
19 63
63 80
63 69
8 60
24 60
30 35
2 30
30 76
30 37
48 50
50 75
15 50
37 50
50 81
50 74
30 50
50 52
15 67
36 67
50 67
52 67
29 67
1 35
1 78
1 42
1 6
1 46
1 3
1 64
1 17
38 40
40 80
10 40
17 40
40 71
25 40
1 67
1 81
11 67
63 67
7 33
6 33
33 50
0 33
32 33
18 25
18 33
33 81
33 59
8 30
23 30
30 62
61 62
34 62
30 57
57 60
4 57
57 62
5 30
5 77
5 60
5 20
26 48
26 75
26 76
26 36
22 26
26 80
10 26
11 26
26 60
26 61
60 63
39 63
25 69
29 34
39 45
45 79
34 45
70 79
79 88
59 70
44 77
31 38
38 71
20 38
0 31
31 77
31 39
31 41
37 88
37 68
8 37
37 52
8 16
8 51
8 34
8 25
25 39
16 64
16 77
3 64
10 64
4 64
59 64
4 61
4 20
46 86
66 80
3 66
10 66
3 10
10 61
12 32
32 58
41 58
58 71
58 74
72 88
34 72
59 72
34 68
24 82
32 82
20 82
80 82
19 24
24 88
23 24
24 51
19 39
52 53
39 53
53 59
53 71
11 85
71 85
11 22
0 11
11 41
11 74
15 89
20 78
20 47
3 20
20 86
20 77
78 86
39 78
54 78
39 76
6 39
6 22
22 41
22 68
22 23
23 88
23 68
41 47
47 68
47 54
41 87
65 87
86 87
36 87
36 51
51 68
51 59
42 86
42 80
71 80
43 75
48 75
2 75
71 75
68 75
65 75
32 75
54 65
65 77
65 74
65 81
59 65
52 81
32 81
77 81
54 55
52 55
14 52
52 86
14 76
13 14
14 15
7 76
7 88
7 59
86 88
68 88
35 86
35 77
3 35
32 86
68 86
43 68
32 43
3 43
48 68
32 48
13 48
54 71
71 74
54 56
2 56
56 77
56 59
2 59
13 59
49 54
15 49
54 77
3 54
32 73
2 73
3 73
15 73
2 77
32 84
3 84
13 32
15 27
3 15
28 77
3 28
3 9
3 13
9 13
13 74
0 74
