90 1201
15 61
15 56
61 64
56 64
15 33
33 64
60 61
33 60
56 60
15 57
57 64
57 60
22 57
15 27
27 60
27 61
27 33
27 56
15 23
23 64
23 60
22 23
23 27
64 85
60 85
27 85
61 85
33 85
56 85
15 18
18 64
18 60
18 22
18 27
18 85
64 71
60 71
22 71
27 71
61 71
56 71
33 71
23 71
6 15
6 64
6 60
6 22
6 27
6 85
6 71
21 85
21 61
21 33
21 56
21 57
6 21
18 21
21 23
15 66
64 66
60 66
22 66
27 66
66 85
66 71
21 66
27 81
81 85
71 81
21 81
61 81
33 81
56 81
23 81
57 81
6 81
18 81
15 65
64 65
60 65
22 65
27 65
65 85
65 71
21 65
65 81
45 61
45 56
33 45
18 45
6 45
45 57
23 45
45 66
45 65
15 59
59 64
59 60
22 59
27 59
59 85
59 71
59 81
45 59
48 71
48 81
45 48
28 61
28 56
28 33
28 66
23 28
80 85
80 81
22 26
26 27
26 71
26 81
26 61
26 56
26 33
6 26
26 57
23 26
18 26
11 22
11 27
11 71
11 81
11 26
11 28
11 68
27 29
29 85
29 71
21 29
26 29
12 64
12 60
12 22
12 27
12 71
12 21
12 45
12 61
12 33
12 56
12 23
12 57
12 18
6 12
7 26
7 12
7 48
68 79
61 79
56 79
33 79
22 55
55 85
55 71
21 55
55 81
28 55
55 68
55 79
22 76
27 76
76 85
76 81
26 76
12 76
48 76
29 76
61 76
13 48
13 18
13 76
15 36
36 64
36 60
27 36
36 85
21 36
46 61
46 56
33 46
23 46
6 46
18 46
46 57
46 65
34 46
12 34
34 48
18 34
34 76
61 75
15 19
19 60
19 22
19 85
19 71
19 81
19 26
12 19
19 68
19 29
19 76
19 75
61 88
22 63
27 63
63 85
21 63
45 63
12 63
20 68
20 61
20 33
20 56
20 29
18 20
22 30
30 85
30 71
30 81
26 30
12 30
20 30
30 79
30 76
61 62
9 71
9 21
9 81
9 28
9 20
9 29
9 62
9 75
15 67
64 67
22 67
27 67
67 85
21 67
67 81
28 67
67 68
67 79
37 61
24 68
24 79
24 37
24 36
24 88
13 24
68 72
72 79
72 76
62 72
67 72
13 72
15 44
44 64
22 44
27 44
44 85
44 81
26 44
12 44
44 68
29 44
18 44
44 75
38 64
38 60
22 38
27 38
38 71
21 38
26 38
28 38
38 48
20 38
18 38
36 38
38 61
2 68
2 29
2 76
2 88
2 38
10 81
10 12
10 68
10 29
10 76
10 36
10 61
10 43
10 11
10 19
15 40
40 64
22 40
27 40
40 85
40 81
40 45
12 40
40 68
18 40
37 40
36 40
40 67
7 40
40 72
19 40
40 56
24 40
8 40
22 52
27 52
52 71
21 52
52 81
28 52
48 52
52 79
37 52
36 52
52 67
43 52
52 72
51 68
51 79
37 51
51 75
38 51
13 51
51 72
37 50
50 75
50 67
38 50
50 51
19 50
40 50
33 50
26 35
12 35
35 48
18 35
35 76
35 62
35 67
7 35
11 35
19 35
35 65
8 35
35 55
67 77
43 77
72 77
0 77
57 77
35 77
77 78
23 78
15 47
47 60
27 47
47 85
47 71
21 47
26 47
12 47
20 47
29 47
18 47
47 75
47 61
13 47
11 47
19 47
40 47
47 52
47 78
42 48
42 79
18 42
42 62
42 61
38 42
11 42
19 42
42 57
33 42
71 89
81 89
26 89
46 89
48 89
18 89
37 89
62 89
88 89
13 89
51 89
19 89
40 89
33 89
26 58
12 58
20 58
29 58
37 58
36 58
58 88
7 58
11 58
19 58
57 58
52 58
58 89
58 78
55 58
47 58
23 58
15 17
17 64
17 60
17 22
17 27
17 85
17 71
17 21
17 26
12 17
17 20
17 79
17 18
17 36
17 88
17 38
17 72
17 19
17 40
17 52
26 84
28 84
68 84
20 84
76 84
36 84
61 84
13 84
72 84
0 84
65 84
52 84
26 73
46 73
48 73
29 73
73 76
73 88
61 73
38 73
11 73
0 73
40 73
8 73
73 84
73 78
2 73
10 73
37 41
41 62
41 67
13 41
41 72
19 41
41 65
35 41
41 84
1 48
1 29
1 18
1 75
1 67
1 13
1 11
1 51
1 65
1 33
1 89
1 34
1 66
60 87
85 87
71 87
21 87
26 87
28 87
48 87
20 87
76 87
75 87
38 87
7 87
11 87
19 87
57 87
52 87
87 89
1 87
55 87
31 67
31 38
31 43
19 31
31 33
31 52
31 35
31 42
69 85
21 69
45 69
28 69
20 69
69 79
69 76
36 69
67 69
13 69
51 69
0 69
57 69
35 69
69 78
39 88
7 39
39 72
0 39
39 65
8 39
39 84
39 42
9 39
39 55
6 39
37 74
74 75
61 74
38 74
51 74
65 74
33 74
8 74
74 89
39 74
55 74
69 74
23 74
17 74
50 74
15 49
49 64
49 60
22 49
27 49
49 85
49 71
21 49
46 49
12 49
20 49
29 49
49 76
49 75
49 67
38 49
49 72
49 65
49 57
8 49
49 89
42 49
2 49
49 69
53 76
36 53
53 88
13 53
51 53
0 53
33 53
8 53
53 84
1 53
39 53
47 53
53 56
5 71
5 21
5 26
5 46
5 48
5 79
5 62
5 75
5 88
5 13
5 51
5 65
5 57
5 52
5 89
5 78
2 5
5 10
5 53
5 17
5 63
5 66
5 74
5 80
25 55
25 31
23 25
48 83
79 83
18 83
62 83
61 83
13 83
72 83
0 83
40 83
33 83
83 89
1 83
55 83
31 83
41 83
9 83
6 83
56 83
35 54
42 54
54 69
10 54
53 54
54 83
50 54
54 66
54 56
54 77
9 54
25 54
30 54
14 65
14 52
14 35
14 78
14 39
14 31
14 23
14 17
14 63
14 66
14 54
9 14
32 68
20 32
18 32
32 75
32 67
32 38
32 72
0 32
32 57
8 32
32 35
32 42
2 32
32 69
32 41
20 70
29 70
70 76
36 70
61 70
7 70
70 72
51 70
40 70
33 70
35 70
42 70
55 70
47 70
16 48
16 29
16 18
16 88
16 61
7 16
11 16
16 65
16 57
8 16
16 78
16 42
2 16
16 47
16 70
16 17
16 63
16 49
16 80
15 86
60 86
22 86
27 86
85 86
21 86
45 86
28 86
68 86
20 86
37 86
36 86
67 86
7 86
11 86
0 86
65 86
52 86
84 86
78 86
69 86
47 86
53 86
17 86
58 86
4 20
4 79
4 76
4 62
4 61
4 13
4 43
4 19
4 40
4 8
4 89
1 4
4 55
4 31
4 23
4 70
4 50
4 9
45 82
12 82
68 82
29 82
37 82
75 82
61 82
7 82
11 82
0 82
57 82
52 82
82 89
42 82
39 82
10 82
53 82
70 82
4 82
49 82
74 82
82 86
5 82
34 82
44 82
59 82
4 34
4 6
4 86
4 30
4 59
74 86
24 86
16 86
73 86
30 86
5 16
14 16
16 59
16 34
9 70
70 87
32 70
66 70
50 70
70 80
70 77
32 58
32 66
32 74
24 32
3 48
3 29
3 18
3 36
3 61
3 13
3 43
3 51
3 33
3 8
3 84
3 42
2 3
3 31
3 53
3 17
3 58
3 49
3 80
3 24
3 32
3 87
3 25
3 59
32 56
14 32
30 32
14 77
14 73
34 83
25 83
30 83
73 83
24 83
25 50
6 25
25 80
5 25
25 44
25 34
5 87
6 53
49 53
24 53
44 53
49 50
49 58
49 73
49 74
49 80
49 56
34 74
59 74
39 63
39 69
39 56
39 47
39 77
55 69
23 69
31 69
69 80
50 69
59 69
63 69
24 31
31 80
31 66
31 87
30 31
31 63
23 87
63 87
66 87
80 87
9 87
77 87
30 87
1 10
1 41
1 59
1 2
1 17
1 30
1 56
2 41
10 41
41 77
34 41
23 41
41 63
41 50
41 66
41 73
17 41
58 73
6 73
44 73
30 73
59 73
56 84
44 84
30 84
66 84
55 84
80 84
17 84
9 84
2 17
17 47
17 59
17 44
17 58
58 77
58 59
56 58
34 89
6 89
10 89
24 89
42 89
42 77
42 44
42 47
23 42
9 47
10 47
34 47
47 77
47 50
2 78
50 78
24 78
78 80
66 77
9 77
30 77
56 77
34 35
35 56
35 63
35 50
35 59
50 63
24 50
6 50
2 51
51 66
51 57
51 65
24 51
51 55
9 51
51 52
40 52
10 52
8 52
2 52
52 59
6 52
8 80
8 63
8 30
8 44
40 63
40 59
10 40
34 40
10 55
10 23
10 59
10 56
10 44
6 10
2 43
6 43
43 59
0 43
2 19
2 65
2 34
2 24
2 30
2 66
38 57
38 44
38 59
33 38
19 38
7 38
9 38
0 38
13 44
44 72
19 44
44 57
44 55
44 63
6 44
44 80
24 44
44 56
72 80
23 72
55 72
24 72
19 72
24 33
24 66
6 24
24 34
37 66
7 37
37 63
37 59
37 65
37 67
62 67
61 67
23 67
0 67
11 67
9 67
63 67
13 67
9 11
9 57
9 33
9 55
6 9
9 59
9 56
11 62
36 62
7 62
30 62
59 62
30 61
13 30
11 30
0 30
30 57
23 30
30 63
20 63
20 36
20 57
20 59
63 79
63 88
7 63
11 63
0 63
63 66
63 80
23 88
7 88
34 88
19 88
19 57
19 23
33 75
34 75
6 75
75 80
55 75
56 75
13 34
11 34
0 34
6 34
34 56
36 46
36 48
36 79
18 36
36 61
36 65
13 36
36 66
0 36
11 36
36 57
13 65
13 55
57 76
55 76
76 80
33 76
56 76
55 61
55 57
6 55
79 80
0 79
23 79
7 79
57 79
7 57
6 7
7 11
7 80
7 66
7 59
7 23
7 56
12 68
12 29
12 65
29 61
29 33
29 56
11 29
6 29
18 29
29 66
29 65
11 65
11 33
11 56
26 80
26 66
28 80
68 80
61 80
0 80
65 80
23 80
18 28
28 48
28 57
6 28
48 61
33 48
48 56
48 59
6 48
48 66
23 48
59 68
59 65
23 59
45 68
65 68
61 65
56 65
65 66
66 81
68 81
61 66
0 66
33 66
21 68
6 18
6 61
0 6
6 33
18 71
57 71
18 61
18 56
18 33
18 23
0 18
23 85
57 85
23 57
23 33
27 57
27 68
33 57
22 33
33 68
33 61
0 33
22 56
56 68
56 61
22 61
61 68
22 68
0 68
