90 801
20 40
1 40
20 32
40 89
32 89
21 40
21 32
20 21
21 89
1 21
40 71
32 71
21 71
21 84
20 84
1 84
84 89
71 84
33 40
32 33
21 33
33 84
11 21
11 20
1 11
11 89
11 71
11 33
40 74
32 74
21 74
74 84
11 74
15 74
6 20
6 89
1 6
6 71
6 74
6 33
6 9
59 84
11 59
20 59
59 89
1 59
59 71
59 74
33 59
20 83
59 83
64 89
1 64
64 71
15 85
20 85
64 85
36 89
1 36
20 22
22 59
22 64
22 36
32 43
21 43
43 84
11 43
6 43
20 43
43 59
36 43
19 64
19 36
32 47
21 47
47 84
11 47
15 47
20 47
18 89
1 18
18 71
12 18
1 81
81 89
71 81
21 31
11 31
15 31
20 31
31 89
1 31
31 71
31 33
31 74
31 44
44 47
0 44
7 19
18 75
47 75
43 75
7 75
0 48
23 32
11 23
20 23
23 59
23 31
23 81
19 23
19 67
43 67
43 66
66 67
21 69
11 69
6 69
59 69
31 69
36 69
19 69
7 69
20 27
27 59
27 64
1 17
17 89
17 27
17 33
17 71
21 62
62 84
6 62
20 62
62 64
17 62
47 62
7 62
64 78
78 81
43 78
23 78
1 78
78 87
47 76
7 76
69 76
29 32
21 29
29 84
11 29
20 29
29 59
18 29
29 36
29 47
29 67
29 78
29 44
27 29
21 63
63 84
11 63
20 63
31 63
63 64
19 63
23 63
31 41
41 47
0 41
7 41
41 48
41 63
21 57
57 84
15 57
57 59
18 57
36 57
19 57
7 57
41 57
9 57
10 21
10 84
6 10
10 20
10 18
10 47
0 10
10 23
10 78
10 29
10 52
28 43
7 28
28 48
28 76
0 46
23 46
46 69
46 76
25 46
46 85
5 40
5 32
5 21
5 84
5 11
5 15
5 20
5 59
5 31
5 47
0 5
5 67
5 48
5 76
0 13
13 43
13 69
13 29
61 69
13 61
25 61
32 42
21 42
42 84
11 42
15 42
20 42
18 42
42 64
19 42
42 67
42 48
41 42
13 42
35 42
2 6
2 20
2 31
2 17
0 2
2 7
2 78
2 29
2 25
2 28
53 78
53 76
25 53
28 53
2 53
2 80
1 80
80 89
52 80
40 73
32 73
21 73
73 84
11 73
15 73
20 73
59 73
31 73
36 73
43 73
7 73
73 78
29 73
32 37
21 37
37 84
11 37
6 37
20 37
37 64
37 81
37 47
23 37
37 78
29 37
10 37
37 75
0 4
4 43
4 78
4 9
4 37
4 28
4 58
1 4
4 71
4 66
4 89
16 34
47 86
67 86
48 86
29 86
37 86
70 87
18 88
36 88
43 88
23 88
41 88
9 88
37 88
70 88
5 88
87 88
0 77
43 77
41 77
9 77
25 77
77 85
34 77
48 72
72 76
41 68
13 68
37 68
30 68
30 85
5 30
30 72
32 50
21 50
50 84
11 50
15 50
20 50
31 50
50 64
47 50
7 50
48 50
9 50
50 68
50 85
2 50
1 50
44 50
50 89
46 50
18 54
54 64
43 54
23 54
41 54
13 54
10 54
54 85
5 54
54 58
50 54
53 54
19 49
7 49
49 69
49 76
49 68
49 70
2 49
49 80
49 50
42 49
13 39
39 85
12 39
39 87
39 73
39 66
39 49
40 51
32 51
21 51
51 84
11 51
15 51
6 51
20 51
51 64
36 51
43 51
7 51
51 69
9 51
51 68
51 74
34 51
51 72
51 77
42 51
51 86
16 51
39 51
26 32
21 26
26 84
11 26
20 26
26 59
18 26
26 64
0 26
23 26
26 69
26 29
26 85
26 35
26 34
26 58
26 73
26 53
26 89
26 51
26 38
14 83
31 65
65 81
19 65
7 65
41 65
65 76
13 65
35 65
12 65
65 87
65 80
27 65
49 65
22 65
14 65
0 3
3 67
3 78
3 76
3 13
3 70
3 5
3 58
3 77
3 53
3 83
3 65
10 45
28 45
5 45
1 45
45 73
42 45
45 89
22 45
3 45
30 45
39 45
45 88
3 39
3 62
3 44
54 65
46 65
14 75
14 38
14 33
14 63
30 38
38 62
26 63
26 54
26 33
60 78
41 60
10 60
60 85
5 60
58 60
60 73
27 60
60 83
52 60
51 60
24 85
24 35
12 24
24 72
24 77
24 53
46 82
31 79
79 81
47 79
23 79
48 79
9 79
68 79
28 79
12 79
1 79
73 79
27 79
79 82
55 69
41 55
37 55
55 74
12 55
55 58
55 71
55 66
55 86
55 63
55 88
55 79
55 62
20 56
56 59
31 56
17 56
19 56
56 67
56 69
56 76
56 85
56 74
2 56
56 72
50 56
53 56
56 89
55 56
8 86
8 22
8 44
8 56
4 8
8 57
24 56
54 56
33 56
75 79
39 79
30 79
60 79
82 88
62 82
33 82
24 82
24 52
4 24
24 63
24 60
60 62
46 51
33 39
16 49
49 54
30 49
44 49
46 54
54 57
50 75
30 50
30 42
30 52
30 88
68 72
68 71
27 68
1 68
68 87
58 68
72 74
2 72
58 72
72 77
66 72
63 72
62 72
22 77
62 77
71 77
77 88
77 86
66 88
46 88
57 88
1 70
63 70
66 70
33 70
70 86
27 70
34 86
1 86
27 86
83 86
52 86
57 86
34 52
34 89
34 71
34 73
34 83
1 16
16 61
16 53
16 22
16 57
16 75
4 16
4 75
4 62
37 62
37 44
22 37
37 83
37 73
28 73
73 80
53 73
57 73
27 73
80 83
53 80
33 80
27 53
2 33
2 66
2 42
2 61
42 58
42 71
42 61
42 46
42 44
35 71
22 35
35 58
35 61
61 87
33 61
61 66
57 61
52 61
22 61
61 83
13 62
13 74
13 66
13 85
5 13
5 85
5 12
5 44
5 27
5 46
46 87
46 57
25 28
28 62
28 83
28 44
28 57
28 52
52 71
22 52
44 52
10 74
10 33
10 89
10 57
10 63
10 66
10 12
57 74
57 87
41 74
41 83
41 58
29 63
63 74
63 71
27 63
63 83
44 63
1 29
29 58
29 76
76 85
33 76
76 87
74 87
27 87
71 87
33 87
78 85
62 78
48 78
62 74
27 62
19 27
27 67
27 69
44 69
69 89
66 69
33 69
66 71
66 75
66 89
67 89
67 71
33 67
23 67
67 83
67 74
23 48
22 23
12 23
9 23
1 23
48 71
12 48
48 75
9 48
22 48
9 75
74 75
12 75
1 75
75 89
44 75
7 58
7 44
1 44
31 58
58 81
0 58
12 58
22 58
12 81
74 81
0 81
12 43
9 12
12 74
1 12
12 22
9 18
18 47
18 33
18 74
47 89
1 47
9 47
19 47
47 83
19 33
19 74
1 19
19 43
22 43
43 85
9 22
22 33
36 85
36 83
9 36
0 85
0 64
64 83
9 83
71 83
83 89
9 59
0 59
9 89
9 71
20 74
74 89
15 33
20 33
15 71
20 71
0 71
15 89
20 89
0 89
1 32
1 15
1 20
15 20
0 15
