90 2002
7 44
29 44
29 63
43 44
43 63
7 43
29 43
44 52
52 63
43 52
7 53
29 53
52 53
44 78
63 78
43 78
53 78
43 87
7 87
29 87
52 87
78 87
44 45
45 63
43 45
45 53
45 87
44 77
63 77
43 77
53 77
77 87
29 77
7 77
52 77
77 78
44 71
63 71
43 71
53 71
71 87
71 77
44 85
43 85
53 85
85 87
77 85
7 85
29 85
52 85
78 85
45 85
44 89
63 89
43 89
53 89
87 89
77 89
85 89
48 77
7 48
29 48
48 52
48 78
45 48
48 89
48 71
18 44
18 63
18 43
18 53
18 87
18 77
18 85
18 48
1 7
1 29
1 52
1 78
1 71
1 45
1 89
1 18
44 64
63 64
43 64
53 64
64 87
64 77
64 85
48 64
1 64
7 72
29 72
52 72
72 78
45 72
71 72
72 89
18 72
12 44
12 63
12 43
12 53
12 87
12 77
12 85
12 48
1 12
12 72
15 29
7 15
15 52
15 78
15 71
15 45
15 89
15 18
26 44
26 63
26 43
26 53
26 87
26 77
26 85
26 48
1 26
26 72
15 26
7 76
29 76
52 76
76 78
76 89
45 76
71 76
18 76
12 76
44 59
59 63
43 59
53 59
59 87
59 77
59 85
48 59
1 59
59 72
15 59
59 76
59 89
30 43
30 77
30 48
30 76
7 30
29 30
30 52
30 78
30 71
30 45
18 30
12 30
30 59
26 30
28 44
28 63
28 43
28 53
28 87
28 77
28 85
28 48
1 28
28 72
15 28
28 76
28 89
28 30
21 29
7 21
21 52
21 78
21 45
21 71
18 21
21 59
21 28
12 21
21 26
21 64
44 66
63 66
43 66
53 66
66 87
66 77
66 85
48 66
1 66
66 72
15 66
66 76
66 89
30 66
21 66
33 44
33 63
33 43
33 53
33 87
33 77
33 85
33 48
33 72
33 76
33 89
21 33
7 33
29 33
33 52
33 78
33 45
33 71
18 33
26 33
33 59
33 64
12 33
28 33
44 75
63 75
43 75
53 75
75 87
75 77
75 85
48 75
1 75
72 75
15 75
75 76
75 89
30 75
21 75
33 75
27 29
7 27
27 52
27 78
27 71
27 45
18 27
27 59
27 28
26 27
12 27
27 64
44 47
47 63
43 47
47 53
47 87
47 77
47 85
47 48
1 47
47 72
15 47
47 76
47 89
30 47
21 47
33 47
27 47
47 75
39 44
39 43
39 53
39 87
39 77
39 85
39 48
1 39
15 39
39 89
30 39
33 39
7 39
29 39
39 52
39 78
39 45
39 71
18 39
28 39
39 64
26 39
12 39
39 59
2 44
2 63
2 43
2 53
2 87
2 77
2 85
2 48
1 2
2 72
2 15
2 76
2 89
2 30
2 21
2 33
2 27
2 75
2 39
43 67
67 77
67 72
67 89
30 67
33 67
67 75
47 67
29 67
7 67
52 67
67 78
45 67
67 71
18 67
14 44
14 43
14 53
14 87
14 77
14 48
1 14
14 76
14 21
14 27
14 26
14 67
3 44
3 43
3 53
3 87
3 77
3 85
3 48
1 3
3 15
3 89
3 21
3 33
3 39
3 47
3 7
3 29
3 52
3 78
3 45
3 71
3 18
43 55
55 85
1 55
55 89
30 55
21 55
39 55
47 55
3 55
30 34
34 75
34 39
34 47
34 67
1 82
82 89
30 82
27 82
75 82
26 82
3 82
29 82
7 82
52 82
78 82
45 82
71 82
18 82
31 44
31 63
31 43
31 53
31 87
31 77
31 85
31 48
1 31
31 72
15 31
31 76
31 89
31 33
31 75
31 67
31 82
35 44
35 43
35 53
35 87
35 77
35 85
35 48
35 89
21 35
33 35
35 39
26 35
35 67
34 35
29 35
7 35
35 52
35 78
35 71
35 45
18 35
41 44
41 43
41 77
41 48
41 72
41 76
41 89
33 41
26 41
41 67
41 82
35 41
41 45
20 43
20 85
20 72
20 76
20 89
20 27
20 75
20 26
3 20
20 35
26 37
37 67
3 37
35 37
29 37
7 37
37 52
37 78
37 71
37 45
18 37
44 81
43 81
77 81
81 85
1 81
76 81
21 81
33 81
26 81
67 81
81 82
34 81
37 81
45 81
4 35
4 20
4 29
4 7
4 52
4 78
4 71
44 58
43 58
53 58
58 87
58 77
58 85
1 58
58 89
30 58
33 58
58 75
47 58
3 58
34 58
35 58
4 58
21 51
33 51
51 75
26 51
51 67
35 51
37 51
20 51
4 51
7 51
29 51
51 52
51 78
51 71
28 51
39 88
47 88
3 88
34 88
37 88
45 88
51 88
17 72
17 76
17 89
17 27
17 75
17 47
3 17
17 82
17 35
17 45
17 81
7 17
17 29
17 52
17 78
0 17
16 43
16 87
16 77
16 85
16 72
16 76
16 30
16 75
16 26
16 67
3 16
16 82
16 37
16 45
4 16
16 17
16 18
3 83
34 83
35 83
45 83
81 83
17 83
12 83
7 83
29 83
52 83
78 83
44 46
43 46
46 53
46 87
46 77
46 85
46 72
46 89
30 46
33 46
39 46
46 47
3 46
35 46
37 46
45 46
46 81
31 46
18 46
46 83
42 44
42 63
42 43
42 53
42 87
42 77
42 85
42 48
1 42
42 72
15 42
42 76
21 42
27 42
42 75
42 47
42 67
34 42
37 42
4 42
42 81
31 42
17 42
25 44
25 63
25 43
25 53
25 87
25 77
25 85
25 48
25 72
25 89
25 30
25 33
25 39
25 26
25 82
25 35
25 37
25 45
25 81
25 51
12 25
25 29
7 25
25 52
44 69
43 69
53 69
69 87
69 77
69 85
48 69
1 69
15 69
69 76
69 89
27 69
39 69
26 69
69 82
35 69
37 69
20 69
69 81
51 69
12 69
25 69
42 69
26 84
47 84
67 84
82 84
37 84
45 84
4 84
17 84
12 84
25 84
42 84
7 84
29 84
52 84
59 84
44 74
63 74
43 74
53 74
74 87
74 77
74 85
48 74
1 74
72 74
15 74
74 76
74 89
30 74
21 74
33 74
27 74
74 75
39 74
67 74
74 82
34 74
35 74
20 74
74 81
31 74
17 74
25 74
74 84
14 74
46 74
40 43
40 53
40 77
40 85
40 48
40 89
21 40
33 40
40 75
26 40
3 40
35 40
37 40
20 40
40 81
17 40
12 40
18 40
40 42
19 44
19 63
19 43
19 53
19 87
19 77
19 85
19 48
1 19
19 72
15 19
19 76
19 30
19 21
19 75
19 26
3 19
19 82
19 45
4 19
19 51
19 31
18 19
19 83
19 25
7 19
19 29
19 52
3 79
35 79
37 79
4 79
79 81
31 79
17 79
79 83
79 84
19 79
46 79
40 79
39 65
26 65
65 67
34 65
45 65
20 65
51 65
17 65
18 65
65 83
25 65
65 84
14 65
7 65
18 68
68 83
25 68
19 68
14 68
5 43
5 87
5 77
5 85
1 5
5 89
5 30
5 75
5 39
5 47
3 5
5 82
5 35
5 45
5 81
5 31
5 12
5 83
5 42
5 14
5 46
5 68
5 65
5 71
26 32
32 47
32 67
32 82
32 37
20 32
32 81
31 32
12 32
32 83
32 42
19 32
32 46
7 32
32 65
32 66
5 32
32 88
32 41
44 54
43 54
54 77
54 85
15 54
54 89
30 54
33 54
39 54
26 54
3 54
54 82
37 54
20 54
54 81
31 54
12 54
25 54
42 54
19 54
7 54
40 54
54 65
54 79
43 62
62 87
62 77
48 62
62 72
15 62
30 62
21 62
39 62
26 62
3 62
34 62
37 62
45 62
51 62
31 62
18 62
62 83
42 62
19 62
46 62
40 62
62 79
62 71
38 44
38 63
38 43
38 53
38 87
38 77
38 85
38 48
38 72
38 76
38 89
38 75
38 39
26 38
38 82
34 38
38 45
20 38
4 38
38 51
17 38
38 83
25 38
19 38
14 38
38 40
38 68
38 71
38 62
16 38
38 88
17 23
18 23
23 25
14 23
7 23
23 40
23 79
23 66
23 71
5 23
23 54
23 29
0 23
43 86
85 86
15 86
76 86
30 86
33 86
26 86
47 86
67 86
34 86
37 86
45 86
4 86
31 86
18 86
83 86
25 86
14 86
46 86
40 86
79 86
66 86
62 86
86 88
54 86
23 86
2 86
58 86
46 61
40 61
61 79
61 66
5 61
16 61
41 61
23 61
2 61
58 61
61 74
52 61
61 86
10 25
10 84
7 10
10 40
10 65
10 71
10 62
10 16
10 88
10 54
10 28
10 78
10 61
10 69
10 32
10 86
4 49
49 51
17 49
18 49
49 84
14 49
7 49
49 68
49 65
49 66
49 71
5 49
41 49
23 49
2 49
49 58
6 43
6 77
6 85
6 48
6 15
6 89
6 21
6 27
6 39
6 26
6 82
6 34
6 37
6 20
6 81
6 31
6 18
6 83
6 42
6 84
6 14
6 7
6 68
6 79
6 71
5 6
6 88
6 54
2 6
6 58
13 72
13 89
13 21
13 33
13 75
13 47
13 67
13 34
13 45
13 20
4 13
13 51
12 13
13 18
13 84
13 19
13 14
13 40
13 68
13 66
13 62
13 16
13 88
13 54
13 28
6 13
13 74
9 43
9 53
9 77
9 48
1 9
9 76
9 89
9 33
9 39
9 47
9 67
9 34
9 37
9 20
4 9
9 51
9 17
9 25
9 42
9 14
9 46
7 9
9 79
9 71
9 62
9 16
9 41
9 54
9 28
9 78
9 74
9 69
22 44
22 63
22 43
22 53
22 87
22 77
22 85
22 48
1 22
22 89
22 30
22 75
22 26
22 47
3 22
22 34
22 35
22 45
22 81
22 31
12 22
18 22
22 42
22 84
14 22
22 40
22 68
22 79
22 62
5 22
22 41
22 54
22 28
22 78
6 22
9 22
36 89
21 36
36 75
36 67
36 82
35 36
36 37
4 36
36 81
36 51
18 36
25 36
36 42
19 36
7 36
36 40
36 65
36 66
5 36
16 36
36 88
2 36
28 36
36 78
6 36
36 61
44 56
56 63
43 56
53 56
56 87
56 77
56 85
48 56
1 56
56 89
30 56
27 56
56 75
56 67
3 56
35 56
45 56
20 56
56 81
51 56
12 56
18 56
42 56
56 84
7 56
40 56
56 65
56 79
56 71
16 56
54 56
23 56
28 56
56 78
6 56
56 61
36 56
32 56
44 73
63 73
43 73
53 73
73 87
73 77
73 85
48 73
1 73
72 73
15 73
73 89
30 73
27 73
39 73
47 73
3 73
73 82
45 73
20 73
73 81
31 73
17 73
18 73
73 84
19 73
7 73
40 73
68 73
66 73
62 73
5 73
41 73
54 73
28 73
73 78
6 73
61 73
9 73
56 73
30 57
33 57
39 57
47 57
57 67
34 57
45 57
4 57
57 81
17 57
18 57
57 83
25 57
19 57
46 57
40 57
57 65
57 71
57 62
5 57
57 88
54 57
2 57
57 58
57 74
57 61
36 57
57 86
56 57
49 57
13 57
38 57
57 73
52 57
29 57
43 70
48 70
70 72
70 76
70 89
27 70
39 70
47 70
70 82
34 70
45 70
20 70
70 81
51 70
17 70
18 70
42 70
14 70
46 70
7 70
68 70
66 70
62 70
5 70
70 88
54 70
2 70
70 78
6 70
61 70
9 70
70 86
57 70
52 70
70 73
44 80
43 80
53 80
80 87
77 80
48 80
15 80
80 89
30 80
33 80
26 80
47 80
3 80
34 80
37 80
4 80
51 80
31 80
12 80
25 80
42 80
80 84
46 80
68 80
65 80
66 80
62 80
16 80
41 80
23 80
28 80
58 80
6 80
69 80
9 80
80 86
56 80
0 80
73 80
70 80
1 11
11 76
11 89
11 21
11 39
11 67
11 82
11 35
11 37
11 20
11 51
11 17
11 12
11 83
11 25
11 19
11 46
7 11
11 79
11 66
11 71
11 88
11 41
11 23
2 11
6 11
11 74
11 69
11 36
11 32
11 56
11 52
11 73
8 15
8 89
8 30
8 21
8 75
8 47
3 8
8 82
8 37
8 45
4 8
8 31
8 12
8 83
8 84
8 19
8 14
8 40
8 79
8 71
5 8
8 88
8 54
8 23
8 28
6 8
8 74
8 69
8 9
8 86
8 56
0 8
8 52
8 55
8 11
8 64
50 72
50 89
21 50
50 75
39 50
26 50
50 82
35 50
45 50
20 50
50 51
17 50
12 50
50 83
25 50
19 50
46 50
40 50
50 68
50 66
50 71
5 50
41 50
2 50
28 50
50 58
6 50
50 69
36 50
32 50
50 57
49 50
50 52
8 50
11 50
50 64
24 68
24 66
24 71
16 24
24 41
2 24
24 28
24 78
6 24
24 61
24 36
24 32
24 56
24 49
24 52
24 70
24 50
24 55
10 24
22 24
60 89
21 60
26 60
47 60
3 60
34 60
45 60
20 60
4 60
31 60
12 60
25 60
42 60
60 84
14 60
60 68
60 65
60 71
60 62
16 60
60 88
23 60
2 60
58 60
60 74
60 61
36 60
32 60
56 60
49 60
60 73
60 70
50 60
29 60
59 60
60 80
24 60
22 60
24 64
38 50
10 50
8 22
8 10
8 59
11 59
11 13
11 80
11 55
11 29
55 80
10 80
64 80
38 80
13 70
38 70
29 70
55 70
57 59
0 73
10 73
38 73
64 73
13 73
22 56
0 56
55 56
22 36
36 86
36 52
29 36
13 36
32 36
22 49
0 22
22 52
22 55
22 29
10 22
13 22
9 38
9 13
9 52
9 49
9 55
9 64
9 59
13 86
0 13
13 29
10 13
13 59
13 38
6 38
6 32
6 49
49 61
32 49
49 64
10 49
38 49
29 49
49 59
0 10
10 55
61 69
61 64
69 86
0 86
59 86
38 86
52 86
29 86
23 74
23 38
23 69
23 78
23 58
23 52
2 23
2 38
38 74
32 38
29 38
38 59
38 64
55 62
28 62
62 64
54 62
41 62
62 88
0 62
29 62
2 62
16 54
41 54
54 64
32 54
28 54
54 55
54 59
2 32
32 58
32 69
0 32
32 64
32 55
5 59
5 78
5 74
5 58
5 69
0 5
5 28
5 29
59 68
68 71
29 68
58 68
41 68
52 68
68 74
16 68
28 68
55 68
65 68
65 88
59 65
65 78
58 65
0 65
65 69
29 65
65 66
64 65
65 71
65 79
41 79
2 79
71 79
55 79
16 79
0 79
78 79
64 79
66 79
29 79
0 19
19 59
19 66
19 40
19 55
19 88
14 19
19 28
19 41
14 40
29 40
40 78
40 66
40 88
40 74
28 40
40 64
66 74
74 88
41 74
28 74
58 74
64 74
55 74
69 74
59 74
0 74
29 74
78 84
55 84
84 88
28 84
16 84
69 84
46 84
64 84
46 69
7 69
66 69
69 71
69 88
69 78
58 69
59 69
0 69
29 69
55 69
25 42
0 25
25 55
25 78
25 41
25 58
29 42
7 42
42 52
42 64
2 42
42 46
42 71
42 66
14 42
0 42
16 42
29 46
7 46
46 52
2 46
28 46
46 55
46 78
16 46
46 59
46 58
41 83
14 83
2 83
71 83
64 83
16 83
59 83
66 83
7 16
16 71
16 52
16 41
16 64
16 59
16 55
16 58
16 88
2 16
17 88
17 64
17 71
14 17
17 58
17 18
2 17
12 88
18 88
7 88
66 88
78 88
55 88
52 88
58 88
0 51
51 59
51 58
51 64
41 51
18 51
31 51
31 58
18 58
14 58
58 66
2 58
58 78
29 58
0 58
58 64
4 18
4 66
4 55
4 28
4 81
2 4
4 41
4 31
29 81
7 81
52 81
78 81
71 81
55 81
18 81
14 81
12 81
66 81
20 37
0 37
37 59
2 37
20 29
7 20
20 52
20 78
20 71
18 20
0 20
14 20
20 64
20 31
20 41
20 59
2 20
12 41
7 41
41 66
29 41
0 41
41 78
41 59
28 41
2 41
0 35
31 35
35 64
12 35
28 35
31 45
29 31
7 31
31 52
31 78
31 71
28 31
31 59
2 31
31 55
12 31
31 66
0 82
64 82
28 82
34 82
59 82
29 34
7 34
34 52
34 78
34 71
34 45
18 34
2 34
34 66
34 55
34 64
12 34
14 34
45 55
18 55
7 55
2 55
55 78
0 55
55 64
3 28
2 3
3 59
3 12
3 14
14 45
12 14
14 29
7 14
14 52
2 14
14 78
14 71
0 14
2 67
28 67
12 67
59 67
64 67
66 67
2 7
2 71
2 64
0 39
39 47
29 47
7 47
47 52
47 78
45 47
47 71
18 47
12 47
47 59
28 47
47 64
0 47
47 66
27 66
27 75
0 27
29 75
7 75
52 75
75 78
71 75
45 75
18 75
64 75
12 75
59 75
28 75
26 75
0 75
66 75
0 33
33 66
26 66
45 66
12 66
7 66
52 66
28 66
0 21
26 28
12 28
18 28
28 52
28 78
28 59
28 64
30 64
0 30
26 59
12 59
59 71
59 78
52 59
29 59
59 64
26 76
64 76
0 76
26 89
7 26
26 29
26 52
26 78
26 45
26 71
18 26
26 64
12 26
12 15
15 64
0 15
12 89
12 45
7 12
12 29
12 52
12 78
12 64
0 12
64 72
0 72
64 89
7 64
0 64
0 1
18 89
18 45
7 18
18 29
18 52
18 78
18 71
0 48
7 89
29 89
52 89
78 89
71 89
45 89
0 89
71 85
0 85
45 71
7 71
52 71
45 77
0 77
7 45
29 45
45 52
45 78
0 87
29 78
0 78
52 78
0 53
7 52
0 52
29 52
0 43
7 29
7 63
0 63
0 7
0 44
