90 400
50 83
50 88
9 83
9 88
41 88
35 88
85 88
83 85
30 41
30 35
30 85
53 83
53 88
30 53
39 41
35 39
12 88
12 83
12 39
1 41
1 35
1 12
1 53
1 76
30 43
15 41
15 35
12 15
15 53
15 76
15 43
15 39
15 88
15 65
15 32
32 65
56 76
24 89
22 35
22 24
1 21
35 57
12 57
53 57
43 57
21 57
57 65
14 82
82 88
20 82
53 81
43 81
15 81
65 81
15 46
1 46
16 76
0 16
16 21
1 16
19 53
19 43
19 34
3 41
3 35
3 76
3 43
3 34
1 3
3 74
3 25
5 56
5 47
22 47
35 55
43 55
55 73
1 55
33 34
1 33
33 62
33 42
46 87
32 87
55 87
15 26
1 26
26 82
18 26
26 87
49 73
49 65
5 49
25 49
16 54
47 54
28 54
13 63
34 84
84 88
46 84
32 84
15 72
65 72
72 82
18 72
53 69
0 69
34 69
65 69
56 69
47 69
38 69
35 86
0 86
73 86
86 88
56 86
18 86
13 86
57 86
69 86
40 86
19 86
38 60
60 86
60 89
35 36
12 36
36 53
0 36
14 36
36 74
5 36
41 45
35 45
45 76
0 45
45 73
45 74
45 46
37 45
45 72
5 52
32 52
39 52
11 16
11 25
11 13
11 52
11 81
39 78
11 78
41 79
35 79
79 85
12 79
53 79
0 79
15 79
65 79
16 79
42 79
38 79
16 58
32 58
29 61
61 89
73 75
75 88
5 75
42 75
61 75
11 75
31 75
75 89
44 61
62 67
47 67
38 67
44 67
56 68
32 68
39 68
67 68
30 70
39 66
33 48
48 66
66 70
36 66
66 69
66 81
68 70
3 70
68 81
38 71
71 84
71 78
10 14
10 88
5 10
10 25
10 87
10 84
10 20
10 71
10 57
10 26
31 71
68 71
26 68
49 67
8 67
3 67
44 75
46 80
18 80
39 80
61 80
44 80
36 80
59 89
22 59
7 34
7 74
7 56
7 32
7 77
7 52
7 30
7 22
7 31
7 55
27 82
25 27
27 77
27 58
20 27
17 63
17 28
2 15
2 88
2 82
2 18
2 54
2 8
2 44
2 17
2 28
51 73
51 88
51 82
32 51
29 51
49 51
51 78
51 83
2 51
33 51
17 27
16 23
23 47
23 54
23 84
23 52
23 79
3 23
23 27
27 33
40 77
30 77
6 77
36 77
6 58
6 30
6 83
6 59
6 19
59 80
69 80
33 44
75 81
61 81
22 29
29 58
58 79
58 89
58 83
78 79
22 79
26 79
4 78
4 19
4 31
4 33
11 20
45 52
40 52
45 63
26 45
45 57
45 55
37 40
37 89
36 37
36 49
36 60
36 55
60 69
40 60
28 69
38 72
72 83
39 72
72 84
57 72
22 84
63 84
20 63
22 63
8 13
8 30
8 28
8 31
28 89
19 54
49 54
3 54
49 55
26 49
20 87
33 87
31 87
62 83
55 62
47 55
19 55
19 47
5 31
25 31
3 40
3 57
30 34
34 89
19 88
16 19
19 30
16 46
16 40
46 81
46 89
18 46
42 81
81 83
42 57
20 42
20 83
57 82
39 82
40 57
21 22
22 74
22 56
73 89
88 89
56 73
73 83
18 73
14 56
56 65
39 56
30 56
14 40
1 14
40 74
30 74
32 74
65 83
43 83
39 43
1 43
1 39
1 18
39 53
39 76
30 76
18 30
64 83
64 88
76 88
0 88
41 83
35 83
76 83
18 83
35 41
35 76
18 76
0 18
