90 1201
46 53
46 88
66 88
23 88
23 53
19 46
19 66
19 23
53 75
75 88
19 75
46 80
66 80
23 80
75 80
13 66
13 23
13 75
13 88
13 53
13 19
13 80
44 46
44 66
23 44
44 75
13 44
7 46
7 23
7 75
7 13
7 53
7 88
7 19
7 80
7 44
46 61
61 66
23 61
61 75
13 61
7 61
2 61
23 36
36 75
13 36
2 36
36 88
36 53
19 36
36 80
36 44
46 77
66 77
23 77
75 77
13 77
7 77
2 77
36 77
11 53
11 88
11 19
11 80
11 44
11 61
46 51
51 66
23 51
51 75
13 51
7 51
2 51
36 51
11 51
30 46
23 30
30 75
13 30
2 30
30 36
30 88
30 53
19 30
30 80
30 44
30 77
17 46
17 66
17 23
17 75
13 17
7 17
2 17
17 36
11 17
17 30
53 69
69 88
19 69
69 80
44 69
17 69
61 69
46 82
66 82
23 82
75 82
13 82
7 82
2 82
36 82
69 82
17 82
19 82
37 75
13 37
7 37
2 37
30 37
37 69
33 53
33 88
33 80
22 36
25 30
25 53
25 88
19 25
25 80
25 44
17 25
26 46
26 66
23 26
26 75
13 26
7 26
2 26
26 36
11 26
25 26
19 26
12 88
12 53
12 77
46 72
23 72
72 75
13 72
7 72
2 72
36 72
25 72
17 72
12 72
61 72
19 41
12 41
17 35
33 65
53 65
65 88
65 80
19 48
48 65
3 48
22 48
53 89
17 79
65 79
3 79
22 79
79 89
9 46
9 66
9 23
9 75
9 13
7 9
2 9
9 36
9 11
9 25
9 33
9 65
9 61
9 41
9 79
9 26
11 74
69 74
33 74
65 74
35 74
7 60
2 60
11 60
17 60
33 60
37 60
60 61
19 83
65 83
3 83
60 83
83 89
32 33
12 32
3 32
22 32
29 32
32 79
32 44
29 31
31 32
33 59
37 59
3 59
59 60
29 59
46 54
23 54
54 75
13 54
2 54
36 54
30 54
17 54
19 54
12 54
54 61
22 54
35 47
47 60
44 47
19 87
12 87
61 87
60 87
47 87
79 87
74 87
54 87
72 87
35 58
41 58
29 58
26 58
58 74
31 58
48 58
44 58
35 68
60 68
29 68
32 68
59 68
21 53
21 88
21 80
21 44
20 21
20 33
20 35
20 41
20 29
20 26
20 59
22 52
52 60
29 52
32 52
52 74
31 52
20 52
11 49
25 49
19 49
37 49
3 49
49 60
47 49
49 79
49 59
49 52
6 33
6 65
3 6
6 41
6 89
6 79
6 32
6 31
7 64
2 64
11 64
17 64
19 64
37 64
3 64
22 64
41 64
26 64
59 64
52 64
6 64
57 72
23 84
13 84
7 84
2 84
11 84
25 84
33 84
65 84
3 84
41 84
29 84
38 84
59 84
52 84
48 84
57 84
7 71
36 71
30 71
25 71
33 71
37 71
35 71
22 71
71 89
26 71
54 71
52 71
71 72
58 71
7 34
34 36
30 34
25 34
19 34
12 34
34 35
34 41
34 89
26 34
34 54
34 63
34 48
34 58
74 86
31 86
72 86
34 86
33 39
37 39
35 39
22 39
39 47
39 79
32 39
31 39
39 48
39 57
21 78
65 78
61 78
22 78
78 89
78 79
59 78
63 78
72 78
58 78
39 78
44 78
20 78
78 83
68 78
53 78
10 13
10 36
10 30
10 69
10 19
10 65
3 10
10 41
10 79
10 26
10 74
10 31
10 72
10 57
10 39
10 80
27 35
27 60
27 89
27 32
27 54
27 63
6 27
27 58
27 39
27 71
45 89
32 45
45 54
31 45
45 72
45 58
45 64
27 45
4 30
4 25
4 33
4 65
4 61
4 41
4 89
4 26
4 32
4 54
4 6
4 51
4 64
4 27
30 73
69 73
19 73
65 73
61 73
60 73
47 73
26 73
59 73
54 73
6 73
51 73
39 73
44 73
53 73
9 73
15 46
15 66
15 23
15 75
13 15
7 15
2 15
15 36
15 30
15 25
15 17
15 37
15 35
15 22
15 29
15 32
15 59
15 52
15 51
15 57
15 34
15 80
15 73
11 85
69 85
33 85
37 85
3 85
60 85
47 85
79 85
54 85
52 85
6 85
51 85
39 85
71 85
20 85
23 40
40 75
13 40
2 40
30 40
25 40
19 40
37 40
40 61
40 41
40 79
26 40
40 59
40 52
40 51
34 40
40 64
40 80
20 40
40 85
0 40
30 70
25 70
33 70
37 70
3 70
60 70
29 70
26 70
32 70
63 70
6 70
51 70
70 71
27 70
4 70
70 83
40 70
14 23
14 75
7 14
2 14
14 30
14 17
14 19
14 37
3 14
14 22
14 41
14 38
14 74
14 31
6 14
14 57
14 39
14 80
4 14
14 85
14 86
30 43
17 43
19 43
43 65
35 43
43 60
29 43
26 43
43 54
43 63
43 48
43 57
39 43
27 43
4 43
43 83
14 43
16 41
16 79
16 59
16 63
6 16
16 51
16 34
16 44
16 73
16 83
16 40
14 16
62 66
23 62
62 75
13 62
7 62
2 62
36 62
25 62
19 62
37 62
35 62
22 62
41 62
26 62
32 62
52 62
6 62
34 62
62 64
44 62
20 62
62 85
62 68
16 62
10 62
28 33
28 37
3 28
28 60
28 47
28 79
28 74
28 52
6 28
28 57
28 39
28 44
27 28
30 42
25 42
17 42
42 65
42 61
41 42
42 47
38 42
42 74
31 42
42 72
42 51
34 42
42 80
27 42
42 83
42 77
28 42
42 82
18 66
18 23
18 75
13 18
7 18
18 36
18 69
18 25
18 19
18 65
18 61
18 22
18 47
18 26
18 74
18 63
18 72
18 58
18 64
18 44
18 73
18 42
18 40
18 53
18 28
18 86
18 87
18 84
23 24
13 24
7 24
2 24
24 30
24 69
19 24
24 37
24 35
24 41
24 29
24 26
24 59
24 63
24 48
24 58
24 64
24 27
20 24
24 83
5 11
5 17
5 19
5 65
3 5
5 60
5 29
5 38
5 59
5 52
5 48
5 58
5 64
5 80
5 73
5 85
5 40
7 8
2 8
8 36
8 17
8 19
8 37
3 8
8 22
8 29
8 38
8 54
8 52
8 72
8 51
8 39
8 44
4 8
8 83
5 8
8 16
8 78
8 28
23 76
13 76
7 76
2 76
30 76
17 76
33 76
65 76
3 76
41 76
47 76
38 76
59 76
63 76
48 76
51 76
39 76
27 76
20 76
42 76
68 76
14 76
76 78
76 86
43 76
76 84
1 36
1 69
1 17
1 35
1 61
1 60
1 29
1 38
1 32
1 63
1 6
1 34
1 64
1 71
1 20
1 83
1 5
0 1
1 82
1 28
1 76
1 84
1 43
1 18
11 56
25 56
19 56
37 56
56 61
22 56
29 56
56 79
56 59
31 56
48 56
56 57
56 71
56 80
4 56
42 56
14 56
0 56
56 82
56 88
56 84
36 81
69 81
17 81
37 81
35 81
22 81
47 81
79 81
74 81
63 81
51 81
57 81
34 81
71 81
4 81
81 85
68 81
16 81
81 82
81 88
76 81
56 81
55 66
23 55
55 75
13 55
7 55
2 55
55 69
25 55
21 55
12 55
55 61
55 60
55 89
55 79
55 74
31 55
55 72
51 55
55 64
27 55
55 73
42 55
40 55
0 55
10 55
28 55
15 55
55 81
43 55
13 67
2 67
11 67
25 67
19 67
35 67
61 67
60 67
29 67
26 67
67 74
31 67
67 72
58 67
64 67
44 67
67 73
42 67
40 67
14 67
67 78
67 86
67 87
9 67
47 50
50 79
50 59
31 50
48 50
50 51
50 64
27 50
50 73
50 83
40 50
14 50
50 78
50 88
15 50
50 81
50 67
50 70
50 56
8 50
45 67
62 67
55 67
1 55
8 55
43 81
77 81
24 56
56 62
1 56
76 77
8 76
8 84
8 9
8 70
5 68
5 45
5 49
5 24
5 77
5 53
5 9
24 53
24 82
24 88
24 87
9 24
24 70
24 49
18 24
18 49
18 45
42 68
0 42
28 40
16 28
28 78
15 28
28 70
28 62
15 62
62 77
43 62
49 62
0 16
9 16
16 43
16 53
43 82
43 88
9 43
14 70
14 84
14 88
0 70
70 87
70 77
45 70
15 40
49 85
45 85
15 85
9 85
85 86
53 85
15 53
0 15
15 87
15 49
15 45
68 73
4 73
49 73
4 82
4 45
4 87
4 10
4 88
45 53
10 45
45 86
45 84
45 49
10 27
27 77
10 68
10 53
10 87
10 49
10 82
10 78
10 77
9 78
78 86
9 39
39 49
0 39
39 86
80 86
20 86
0 86
86 87
49 86
9 86
34 68
34 53
34 87
20 34
34 44
34 71
71 83
71 80
71 84
71 87
44 71
71 88
53 71
80 84
20 84
83 84
68 84
82 84
84 88
57 82
0 57
57 83
57 64
57 88
57 77
64 88
64 77
64 82
6 20
0 6
6 49
6 68
6 88
49 51
44 49
49 53
49 77
52 88
9 52
52 77
52 83
20 58
20 44
0 20
20 88
20 83
21 63
63 65
61 63
41 63
47 63
38 63
63 74
54 63
63 82
44 63
0 63
63 68
63 80
58 68
68 80
68 88
68 82
68 87
58 87
9 58
58 80
83 87
53 87
9 87
26 47
47 88
47 72
47 80
47 77
47 74
47 54
38 54
54 74
54 83
44 54
48 54
54 80
54 72
31 54
38 77
38 59
38 72
59 82
31 59
59 88
31 51
31 48
31 53
0 32
32 83
32 88
32 72
32 51
72 83
44 83
60 82
0 60
60 88
60 74
74 79
9 74
74 77
0 74
53 74
9 48
9 80
9 77
79 80
48 79
51 89
29 89
0 89
29 82
29 48
48 82
48 72
48 53
48 77
48 51
44 65
22 65
35 65
35 88
35 53
35 80
35 82
35 41
35 51
41 53
41 72
41 44
41 51
72 80
44 72
12 26
12 61
3 26
22 26
26 53
26 51
26 82
22 25
25 51
22 33
22 61
22 88
22 53
22 77
22 80
33 37
3 33
37 88
37 53
37 82
37 80
37 51
3 37
80 82
0 82
82 88
51 69
69 77
17 53
17 88
17 19
17 80
17 44
17 77
17 61
3 17
30 61
30 51
3 30
19 51
51 53
11 77
19 77
61 77
77 80
0 77
77 88
36 61
3 36
19 61
61 88
53 61
44 61
3 61
2 7
2 44
19 44
0 44
2 13
2 80
19 80
2 75
2 19
19 53
19 88
2 23
2 88
3 88
53 66
2 66
2 53
3 53
2 46
2 3
0 3
