90 1602
32 62
58 62
32 79
58 79
32 77
58 77
77 79
62 77
32 54
54 58
54 77
70 79
62 70
32 65
58 65
65 77
65 70
53 79
53 62
53 54
53 65
4 32
4 58
4 77
4 70
4 53
32 80
58 80
77 80
70 80
53 80
62 80
79 80
54 80
65 80
4 80
19 32
19 58
19 77
19 70
19 53
19 80
27 62
27 79
27 65
27 54
32 38
38 58
38 77
38 70
38 53
38 80
27 38
2 79
2 62
2 65
2 54
2 19
2 38
2 4
32 76
58 76
76 77
70 76
53 76
76 80
27 76
2 76
32 73
58 73
73 77
70 73
53 73
73 80
27 73
2 73
73 79
62 73
54 73
65 73
32 78
58 78
77 78
70 78
53 78
78 80
27 78
2 78
73 78
79 88
62 88
54 88
65 88
4 88
32 46
46 58
46 77
46 70
46 53
46 80
27 46
2 46
46 73
46 88
62 66
66 79
54 66
65 66
46 66
66 78
19 66
38 66
4 66
66 76
32 47
47 58
47 77
47 70
47 53
47 80
27 47
2 47
47 73
47 88
47 66
32 64
64 77
64 70
2 64
64 88
64 66
64 79
62 64
54 64
64 65
64 76
19 64
38 64
64 78
46 64
4 64
44 80
2 44
44 88
44 64
44 46
51 73
51 64
40 62
40 79
40 65
40 54
40 78
38 40
40 76
4 40
19 40
14 73
14 46
14 40
32 84
58 84
77 84
70 84
53 84
80 84
27 84
2 84
73 84
46 84
40 84
79 84
62 84
65 84
54 84
32 43
43 77
43 53
43 80
43 73
43 66
43 84
43 51
72 77
72 80
72 88
66 72
40 72
50 79
50 62
50 54
50 65
0 50
47 50
9 84
9 50
9 72
59 70
59 80
59 73
59 64
40 59
59 84
59 72
15 79
15 62
36 40
36 50
15 36
36 59
62 71
71 79
47 71
5 73
5 66
5 46
5 84
5 72
5 71
30 32
30 58
30 77
30 70
30 80
2 30
30 88
30 66
30 46
30 84
30 51
30 59
21 32
21 77
21 70
2 21
21 73
21 66
21 46
21 50
21 72
21 23
21 79
21 62
9 21
49 88
49 64
40 49
49 50
15 49
49 59
21 49
30 49
12 72
12 23
12 71
20 21
20 79
20 62
32 89
77 89
70 89
2 89
73 89
46 89
40 89
84 89
15 89
59 89
21 89
20 89
12 89
22 32
22 58
22 77
22 70
22 53
22 80
22 27
2 22
22 73
22 66
22 46
22 51
22 72
22 71
22 30
22 38
12 22
13 58
13 77
13 80
2 13
13 73
13 64
13 46
13 51
13 72
13 71
13 30
13 20
13 22
35 88
35 64
35 46
35 50
35 72
23 35
35 71
30 35
35 78
35 43
21 39
30 39
39 78
35 39
6 32
6 58
6 77
6 70
6 53
6 80
6 27
2 6
6 73
6 88
6 66
6 64
6 46
6 51
6 15
6 59
6 71
6 30
6 78
6 35
6 39
11 58
11 77
11 53
11 80
11 88
11 64
11 46
11 84
11 15
11 59
11 71
11 20
11 78
11 35
6 11
70 86
80 86
73 86
66 86
40 86
50 86
15 86
59 86
21 86
20 86
12 86
22 86
47 86
42 88
42 64
42 46
42 51
15 42
42 59
42 71
30 42
42 78
42 47
6 42
42 86
51 74
59 74
21 74
20 74
74 78
47 74
6 74
29 32
29 77
29 70
29 80
29 88
29 64
29 46
29 84
29 72
29 59
21 29
29 38
29 78
29 47
6 29
32 61
58 61
61 77
61 70
61 80
2 61
61 73
61 88
40 61
50 61
51 61
59 61
21 61
38 61
12 61
22 61
29 61
61 86
61 74
3 32
3 58
3 70
3 80
3 73
3 64
3 40
3 50
3 15
3 59
3 21
3 38
3 12
3 22
3 29
40 82
50 82
51 82
59 82
30 82
20 82
12 82
22 82
6 82
82 86
45 58
45 77
45 53
45 80
45 88
45 64
45 46
45 50
45 51
45 59
21 45
30 45
45 78
35 45
29 45
45 82
45 74
3 45
7 77
7 27
7 88
7 64
7 40
7 50
7 72
7 23
7 71
7 38
7 78
7 35
7 47
7 86
7 74
7 62
30 81
38 81
78 81
22 81
47 81
81 86
3 81
62 81
7 81
28 72
23 28
21 28
20 28
28 38
22 28
6 28
28 29
58 87
77 87
80 87
2 87
73 87
66 87
40 87
84 87
15 87
23 87
71 87
20 87
78 87
22 87
47 87
29 87
74 87
41 71
20 41
12 41
22 41
41 47
41 86
41 87
41 62
41 43
28 41
32 63
58 63
63 77
63 70
53 63
63 80
27 63
2 63
63 88
63 64
46 63
63 84
51 63
59 63
63 71
20 63
63 78
22 63
47 63
63 86
63 87
3 63
43 63
28 63
32 55
55 58
55 77
55 70
55 80
27 55
55 88
55 64
40 55
51 55
15 55
55 59
55 71
30 55
55 78
35 55
47 55
29 55
55 87
5 55
7 55
55 79
24 32
24 58
24 77
24 70
24 80
2 24
24 73
24 64
24 84
24 51
24 72
23 24
24 30
20 24
12 24
22 24
24 29
24 82
24 87
5 24
7 24
24 79
24 55
18 87
5 18
7 18
18 28
18 63
18 44
25 32
25 58
25 77
25 70
25 53
25 80
25 27
2 25
25 73
25 66
25 84
25 50
25 72
23 25
25 30
25 38
12 25
22 25
25 47
25 29
25 87
5 25
25 43
25 36
18 25
4 25
9 25
30 69
38 69
69 78
22 69
6 69
29 69
69 74
62 69
36 69
69 79
63 69
4 69
12 60
35 60
6 60
60 86
60 74
60 62
7 60
36 60
55 60
4 60
9 60
24 60
60 76
31 73
31 64
31 46
31 50
31 72
31 59
30 31
31 38
31 78
31 47
6 31
31 82
31 87
5 31
31 36
28 31
31 63
31 61
31 60
51 56
23 56
21 56
20 56
12 56
22 56
29 56
56 86
3 56
56 62
43 56
56 79
55 56
4 56
9 56
31 56
32 75
58 75
75 77
75 80
75 88
46 75
75 84
50 75
72 75
59 75
21 75
30 75
12 75
47 75
29 75
75 82
74 75
5 75
43 75
28 75
55 75
18 75
9 75
56 75
52 88
52 66
46 52
50 52
15 52
23 52
21 52
30 52
52 78
22 52
29 52
52 86
52 74
5 52
52 62
36 52
18 52
4 52
52 76
52 56
52 75
52 54
13 52
15 33
33 59
21 33
20 33
33 78
33 35
33 47
33 86
33 87
33 62
33 36
28 33
33 55
18 33
9 33
33 69
32 57
57 58
57 77
57 80
57 88
57 66
46 57
51 57
57 72
57 59
30 57
38 57
57 78
22 57
6 57
29 57
3 57
5 57
36 57
28 57
55 57
57 61
9 57
56 57
10 36
10 79
10 63
10 18
10 60
10 69
10 57
10 13
10 42
34 80
2 34
34 73
34 66
34 84
34 50
34 72
34 59
34 71
34 38
34 78
34 35
34 47
34 82
3 34
34 62
34 43
34 79
34 55
34 61
34 76
34 69
34 75
13 34
34 42
3 67
5 67
36 67
28 67
67 79
4 67
60 67
67 69
54 67
46 85
84 85
51 85
23 85
21 85
20 85
38 85
47 85
6 85
85 86
74 85
5 85
7 85
36 85
79 85
61 85
9 85
56 85
75 85
54 85
33 85
39 85
0 85
85 89
32 68
58 68
68 77
68 70
53 68
68 80
27 68
2 68
68 73
64 68
40 68
68 84
68 72
59 68
21 68
38 68
68 78
35 68
29 68
68 82
68 74
5 68
7 68
68 79
63 68
61 68
68 76
56 68
68 75
68 85
42 68
33 68
37 74
3 37
37 43
37 79
37 55
18 37
9 37
37 56
37 69
37 54
13 37
34 37
0 37
73 83
66 83
40 83
83 84
72 83
23 83
71 83
38 83
78 83
22 83
47 83
82 83
74 83
3 83
7 83
79 83
55 83
4 83
61 83
56 83
75 83
83 85
44 83
67 83
37 83
81 83
24 83
25 83
83 89
0 83
26 46
26 51
26 72
23 26
26 71
20 26
12 26
22 26
26 47
26 82
3 26
5 26
26 43
26 28
26 63
26 61
9 26
26 56
26 57
26 54
26 44
26 34
26 41
26 81
26 68
26 65
10 26
48 84
48 50
48 51
23 48
48 71
38 48
12 48
35 48
6 48
48 82
3 48
48 62
43 48
28 48
48 63
18 48
48 61
48 76
48 75
48 85
44 48
48 67
41 48
48 52
48 68
19 48
10 48
39 48
16 73
16 66
16 46
16 50
15 16
16 23
16 21
16 30
16 78
16 35
16 47
16 86
16 74
16 62
16 36
16 79
16 63
16 18
16 60
16 76
16 57
16 85
16 44
16 67
16 37
16 52
16 68
16 65
16 48
16 39
11 16
1 32
1 58
1 77
1 70
1 53
1 80
1 88
1 64
1 40
1 51
1 72
1 59
1 21
1 38
1 12
1 35
1 47
1 82
1 74
1 62
1 7
1 36
1 55
1 4
1 9
1 56
1 69
1 54
1 44
1 67
1 33
1 41
1 24
1 65
1 10
1 48
1 11
1 49
1 16
1 26
16 49
16 26
8 32
8 58
8 77
8 70
8 53
8 80
8 27
2 8
8 73
8 64
8 40
8 84
8 51
8 59
8 71
8 20
8 12
8 35
6 8
8 86
8 87
8 62
8 43
8 28
8 63
8 18
8 61
8 69
8 75
8 13
8 44
8 34
8 33
8 81
8 68
8 65
8 10
8 48
8 83
17 32
17 77
17 70
17 27
17 88
17 64
17 46
17 84
17 72
17 23
17 71
17 38
12 17
17 47
17 29
17 82
17 87
5 17
7 17
17 36
17 63
17 61
9 17
17 76
17 75
17 54
13 17
17 34
17 37
17 52
17 68
17 25
17 89
0 17
8 17
14 17
17 45
17 31
8 31
8 26
26 48
26 83
14 83
49 83
37 65
37 39
37 68
37 81
10 37
14 37
41 68
0 68
25 68
49 68
44 85
25 85
19 85
67 85
42 67
34 67
33 67
24 67
67 89
39 67
41 67
0 67
31 34
11 34
10 34
34 81
34 65
34 49
10 52
10 24
10 65
10 31
10 49
39 57
25 57
33 57
42 57
49 57
19 57
57 65
45 57
24 57
31 57
41 57
13 33
33 52
19 33
14 33
31 33
24 33
33 45
33 49
41 52
39 52
0 52
25 52
24 52
19 52
54 75
0 75
75 89
14 75
13 75
75 81
39 56
56 69
56 65
49 56
19 56
31 54
31 42
31 81
25 31
19 31
0 31
11 31
31 45
0 60
60 81
44 60
39 60
41 60
60 89
60 65
60 69
13 60
25 69
42 69
13 69
0 69
14 69
44 69
11 69
13 25
25 42
25 41
25 45
25 65
25 49
14 25
18 19
14 18
18 24
18 49
18 45
18 65
18 89
24 76
13 24
24 42
24 39
24 89
19 24
14 24
11 24
55 76
55 65
55 61
42 55
55 63
4 55
11 55
49 55
39 63
63 89
41 63
54 63
9 63
13 63
45 63
4 41
41 76
41 54
41 44
11 41
41 89
19 41
14 41
28 87
13 87
39 87
43 87
79 87
5 87
36 87
76 87
62 87
65 87
0 87
3 28
28 43
0 28
28 44
28 65
28 39
28 81
11 28
28 76
19 28
79 81
4 81
76 81
13 81
42 81
11 81
81 89
65 81
45 81
49 81
7 54
7 44
7 14
7 42
7 39
4 7
7 19
7 49
7 45
7 43
45 79
9 45
45 76
45 54
13 45
42 45
45 65
45 89
39 45
11 45
14 45
39 82
3 82
54 82
65 82
4 82
5 82
79 82
9 82
0 82
74 82
14 82
3 74
3 4
3 11
3 89
3 44
3 65
3 62
3 13
3 61
3 19
43 61
36 61
4 61
13 61
9 61
39 61
11 61
0 61
19 61
14 29
9 29
13 29
29 79
5 29
29 62
29 74
29 36
54 74
42 74
9 74
49 74
44 74
19 74
42 62
42 79
4 42
42 76
13 42
0 42
19 42
42 65
49 86
11 86
19 86
44 86
43 86
86 89
14 86
76 86
13 86
5 11
11 43
9 11
11 76
11 54
11 44
11 19
11 89
0 11
6 49
6 76
6 19
6 54
6 36
0 6
6 89
6 44
4 6
6 65
39 62
39 44
19 39
0 39
14 39
39 49
19 35
35 65
35 54
13 35
35 36
35 62
5 35
14 35
4 35
9 35
13 62
13 36
13 14
22 36
22 47
22 44
22 76
22 79
22 49
22 89
5 89
36 89
79 89
76 89
44 89
19 89
14 89
0 89
20 47
20 38
12 20
20 36
0 20
20 76
9 20
20 78
19 20
12 43
12 76
12 14
9 12
12 47
12 19
5 12
12 49
12 44
5 49
36 49
9 49
49 54
44 49
14 49
21 43
21 47
0 21
21 30
21 65
21 78
30 62
30 79
19 30
5 30
30 76
30 43
30 65
4 30
5 38
0 5
5 36
4 5
5 9
5 54
36 71
14 71
44 71
4 71
38 71
54 71
36 43
4 36
36 54
4 15
15 54
15 23
15 78
15 65
23 79
23 62
23 44
23 54
23 43
23 65
23 59
0 23
23 78
23 76
19 23
23 38
4 23
59 62
59 79
14 59
9 59
9 43
9 79
9 14
9 54
38 50
50 72
50 76
19 50
4 50
50 51
72 79
62 72
65 72
54 72
14 72
47 72
43 72
44 72
43 47
43 62
0 43
43 65
43 76
43 79
38 84
47 84
76 84
19 84
4 84
78 84
14 84
14 38
14 62
14 79
4 14
14 44
40 51
51 79
51 62
51 65
51 54
51 78
44 51
19 51
51 76
0 51
38 51
38 44
4 44
44 76
47 64
0 47
47 62
0 66
46 62
46 79
46 54
46 65
46 76
38 46
46 78
4 46
19 46
0 46
78 88
38 88
76 88
19 88
0 88
4 78
78 79
54 78
62 78
73 76
38 73
19 73
4 73
62 76
4 76
54 76
0 2
38 62
38 79
38 54
0 38
38 65
4 27
19 27
4 19
19 65
0 19
0 80
4 54
54 65
54 70
0 70
0 77
62 79
0 79
0 58
0 32
