90 801
23 89
23 43
25 43
23 37
25 37
29 37
37 54
43 54
54 89
23 64
25 64
29 64
54 64
43 49
37 49
49 89
23 67
25 67
29 67
49 67
37 72
43 72
72 89
14 23
14 25
14 29
14 49
14 72
43 60
60 89
37 60
60 64
23 85
60 85
23 32
29 32
32 49
32 72
32 89
32 37
32 43
12 32
60 83
67 83
64 83
43 83
51 83
43 59
0 59
1 29
1 49
1 60
1 59
23 84
49 84
60 84
20 84
21 52
29 42
42 49
32 42
42 59
12 42
42 51
19 32
19 83
12 19
19 42
29 88
49 88
32 88
83 88
12 88
38 57
21 82
3 82
23 47
47 72
32 47
47 83
20 47
42 47
29 87
72 87
60 87
83 87
12 87
3 87
47 87
32 34
34 83
12 34
34 42
21 44
42 44
44 53
32 77
59 77
21 77
3 77
53 77
77 88
8 12
8 42
8 55
8 77
21 30
30 38
45 84
30 45
60 79
79 83
12 79
42 79
45 79
77 79
19 79
17 23
17 29
17 49
17 72
17 32
17 83
17 21
3 17
17 47
17 34
65 80
23 69
29 69
49 69
69 72
60 69
20 69
12 69
3 69
53 69
69 77
19 69
69 89
14 69
29 62
49 62
62 83
59 62
12 62
42 62
55 62
47 62
62 69
80 81
53 76
47 76
32 50
50 83
21 50
38 50
50 55
50 77
27 50
23 46
25 46
29 46
46 54
46 49
46 72
46 60
46 59
20 46
3 46
46 53
46 88
46 69
17 46
22 55
22 47
22 30
22 46
53 70
70 77
30 70
69 70
35 70
51 70
55 68
47 68
68 69
68 84
43 68
9 30
9 69
9 35
8 9
9 87
10 80
10 84
4 19
4 17
4 43
1 4
4 65
2 20
2 38
2 53
2 88
2 27
2 46
2 4
6 19
6 81
33 47
33 34
19 33
17 33
33 35
6 33
14 33
55 78
77 78
78 80
17 78
33 78
36 49
36 72
32 36
36 59
21 36
3 36
36 42
36 77
27 36
36 84
4 36
36 78
24 80
24 81
24 46
24 36
24 44
24 50
24 37
55 73
34 73
30 73
46 73
35 73
8 73
5 12
3 5
5 45
5 77
5 30
5 81
5 43
5 36
5 44
0 5
5 67
5 50
5 73
5 68
29 39
39 72
32 39
39 59
12 39
3 39
39 53
34 39
27 39
39 81
4 39
8 39
5 39
2 39
16 30
16 17
4 16
9 16
16 39
16 50
29 31
31 49
31 32
31 59
12 31
31 38
31 55
31 88
30 31
31 69
31 43
31 36
31 76
19 56
46 56
43 56
33 56
56 68
24 56
31 56
21 41
38 41
41 45
34 41
27 41
41 46
41 43
41 51
41 68
41 56
10 41
14 41
60 86
83 86
20 86
3 86
45 86
77 86
80 86
84 86
43 86
51 86
5 86
24 86
10 86
20 58
42 58
47 58
34 58
30 58
58 69
7 19
7 69
4 7
7 87
7 79
27 48
48 84
7 48
8 48
44 48
48 50
28 53
28 88
19 28
28 84
7 28
28 51
28 68
28 56
28 82
26 28
26 37
26 86
13 60
13 59
13 20
13 42
13 47
13 88
13 80
13 84
4 13
13 51
9 13
13 50
13 78
13 14
2 13
13 41
12 40
38 40
40 53
40 47
40 69
17 40
35 40
8 40
9 40
40 50
40 78
40 58
40 87
13 40
22 40
40 41
1 40
40 57
13 26
13 48
13 65
35 66
33 66
66 76
39 66
28 66
37 66
18 23
18 29
18 49
18 72
18 32
18 83
12 18
18 38
18 42
18 88
18 19
17 18
18 43
8 18
9 18
30 61
17 61
7 61
33 61
44 61
18 61
52 61
61 64
61 87
14 61
61 82
58 61
15 45
15 88
15 30
15 81
7 15
15 33
15 68
15 61
15 78
15 58
2 15
15 70
15 82
15 48
15 62
15 65
61 62
6 18
14 18
2 18
18 64
18 82
12 74
38 74
47 74
34 74
27 74
74 84
46 74
51 74
74 76
50 74
6 74
16 74
18 74
71 80
71 81
35 71
33 71
39 71
24 71
6 71
16 71
71 74
71 89
67 71
52 71
70 71
66 71
0 74
74 85
70 74
1 74
18 66
18 79
26 66
1 66
0 66
65 66
26 73
26 89
26 41
28 52
28 62
28 48
1 28
28 65
48 58
48 64
22 48
68 75
24 75
31 75
10 75
2 75
75 87
22 75
48 75
75 85
75 79
48 85
7 76
7 52
7 58
7 82
23 63
29 63
49 63
63 72
32 63
20 63
21 63
3 63
53 63
34 63
27 63
17 63
7 63
11 63
44 63
24 63
31 63
16 63
2 63
63 70
63 73
0 63
52 63
62 63
33 58
44 58
6 58
58 79
58 87
58 86
58 65
73 86
65 86
41 86
57 86
52 86
41 79
41 52
56 65
56 57
0 56
2 56
1 56
16 31
22 31
10 31
0 31
31 78
31 87
16 22
16 85
0 16
16 67
6 39
39 85
39 78
10 39
39 67
5 79
5 87
24 73
10 73
14 73
67 73
57 73
62 73
24 70
36 50
36 79
36 85
8 36
36 76
1 36
14 36
76 78
78 89
70 78
78 79
78 85
33 67
33 82
6 11
6 76
6 67
6 57
6 64
6 14
11 89
2 11
2 10
2 37
2 87
4 37
4 50
4 10
9 10
10 44
10 37
10 89
9 68
9 89
9 65
9 14
68 85
22 68
64 68
68 70
37 70
1 70
57 70
35 51
35 57
22 35
35 67
35 44
22 51
22 50
22 64
22 87
22 79
46 50
46 51
8 46
46 85
46 89
50 79
50 89
27 51
27 76
76 81
44 76
57 76
76 82
37 76
1 76
81 82
1 81
62 81
64 81
44 81
57 81
43 62
8 62
44 62
14 62
62 64
62 87
0 62
65 69
69 87
8 65
65 82
65 79
80 87
1 80
44 80
80 82
17 80
80 85
17 37
17 79
17 89
17 85
67 79
45 57
45 64
45 67
45 85
45 51
30 77
30 52
30 43
30 84
8 30
8 43
0 8
8 37
52 77
44 77
1 77
77 85
44 51
44 52
34 53
43 53
14 53
53 89
37 53
34 88
34 89
34 64
14 34
34 43
34 87
34 84
82 87
47 82
47 52
47 88
19 47
0 47
82 88
14 82
52 82
82 85
1 3
3 57
3 64
57 88
19 57
51 57
37 57
57 89
57 85
38 88
0 38
38 85
37 38
14 38
55 88
67 88
37 88
51 88
1 55
0 55
19 55
0 19
19 37
19 64
19 67
42 89
42 43
42 84
42 67
42 52
52 84
51 52
37 52
1 52
21 84
21 67
21 85
21 89
0 84
43 84
14 84
67 84
20 67
1 20
0 20
20 43
20 64
1 37
1 89
14 59
37 59
59 64
59 89
51 59
12 51
51 64
37 83
83 89
83 85
12 83
12 37
12 14
32 85
0 32
14 32
67 85
60 67
14 60
14 64
67 72
0 72
64 67
0 67
49 64
0 49
43 64
64 89
0 54
29 89
29 43
0 29
0 43
25 89
0 25
0 89
0 23
