90 1201
13 44
13 67
44 64
64 67
13 85
64 85
64 81
44 81
67 81
13 62
62 64
62 81
24 44
24 67
24 85
13 16
16 64
16 81
16 24
44 59
59 67
59 85
59 62
16 59
13 35
35 64
35 81
24 35
35 59
31 64
31 81
31 44
31 67
31 62
31 85
16 31
13 15
15 64
15 81
15 24
15 59
15 31
6 44
6 67
6 62
6 85
6 16
6 35
6 15
13 63
63 64
63 81
24 63
59 63
31 63
6 63
9 44
9 67
9 16
9 62
9 85
9 35
9 15
13 53
53 64
53 81
24 53
53 59
31 53
6 53
9 53
44 58
58 67
16 58
58 85
58 62
15 58
35 58
58 63
1 64
1 81
1 58
13 23
23 64
23 81
23 24
23 59
23 31
6 23
23 58
23 44
23 67
23 62
23 85
16 23
15 23
23 35
9 47
23 47
20 64
20 81
20 24
20 59
20 31
20 58
20 44
20 67
16 20
20 62
20 85
20 35
15 20
7 20
13 70
64 70
70 81
24 70
59 70
31 70
9 70
23 70
70 83
44 70
67 70
62 70
70 85
16 70
15 70
38 81
23 38
38 70
25 64
25 81
25 59
25 31
6 25
23 25
20 25
25 70
25 44
25 67
25 62
16 25
25 85
10 31
10 23
10 20
10 25
10 11
13 27
27 64
27 81
24 27
27 59
27 31
6 27
9 27
27 58
23 27
20 27
25 27
27 85
34 50
7 34
34 44
34 67
73 83
50 73
73 85
34 73
52 70
50 52
11 52
27 52
44 52
15 52
31 80
23 80
70 80
50 80
11 80
7 80
52 80
52 55
55 67
44 55
47 55
31 46
46 58
20 46
25 46
11 46
7 46
27 46
46 55
46 73
20 40
40 70
11 40
34 40
27 40
40 55
14 52
14 73
14 47
2 85
2 34
2 52
2 55
2 14
2 40
2 62
64 74
74 81
9 74
58 74
74 83
50 74
74 85
27 74
52 74
73 74
66 85
34 66
27 66
1 66
28 64
28 81
28 31
23 28
28 70
25 28
28 85
7 28
17 85
17 34
17 44
39 64
39 81
9 39
23 39
20 39
39 50
11 39
27 39
17 39
1 39
39 66
39 40
39 47
39 74
39 44
39 67
57 83
50 57
57 85
7 57
17 57
57 73
14 57
40 57
57 62
13 26
26 64
26 81
24 26
26 59
26 31
6 26
9 26
26 58
23 26
26 83
25 26
26 85
26 34
26 27
26 73
22 81
22 59
22 31
22 58
22 83
22 25
22 50
22 34
22 52
22 73
4 22
13 43
43 64
43 81
24 43
43 59
31 43
9 43
43 58
20 43
25 43
11 43
34 43
17 43
43 73
14 43
27 68
55 68
66 68
43 68
81 82
31 82
9 82
23 82
20 82
70 82
82 85
7 82
27 82
55 82
14 82
43 82
18 46
8 13
8 64
8 81
8 24
8 59
8 31
6 8
8 9
8 58
8 23
8 20
8 50
8 85
7 8
8 27
8 73
4 8
8 43
8 18
8 26
6 89
58 89
20 89
50 89
85 89
34 89
27 89
55 89
66 89
43 89
47 89
45 64
45 81
6 45
45 58
20 45
45 70
11 45
27 45
45 52
45 73
14 45
45 66
26 45
17 61
61 73
61 66
43 61
61 82
45 61
11 69
34 69
27 69
55 69
4 69
43 69
47 69
45 69
44 69
2 69
0 69
4 75
66 75
47 75
74 75
69 75
5 81
5 31
5 9
5 23
5 20
5 25
5 50
5 34
5 17
1 5
5 14
5 62
5 82
5 26
5 44
6 72
58 72
72 83
70 72
11 72
7 72
17 72
1 72
72 73
43 72
47 72
26 72
5 72
70 86
25 86
85 86
7 86
17 86
1 86
66 86
40 86
82 86
26 86
69 86
67 86
16 86
61 86
3 31
3 23
3 83
3 50
3 85
3 34
3 17
1 3
3 14
3 40
3 47
3 74
3 89
3 86
3 67
71 81
58 71
71 83
70 71
11 71
7 71
52 71
1 71
4 71
40 71
71 82
45 71
69 71
38 71
67 71
48 70
25 48
48 50
7 48
48 52
48 55
14 48
40 48
48 62
48 74
48 69
48 86
39 48
48 71
22 48
17 36
36 73
4 36
36 43
18 36
36 45
36 69
36 38
36 67
36 48
17 54
54 55
54 66
54 62
47 54
26 54
54 69
54 86
39 54
48 54
46 54
49 64
49 81
24 49
49 59
6 49
23 49
20 49
25 49
49 85
7 49
17 49
1 49
14 49
49 66
49 82
45 49
5 49
38 49
11 84
7 84
17 84
1 84
14 84
40 84
18 84
74 84
44 84
84 86
6 21
21 58
21 83
21 25
11 21
7 21
21 52
1 21
4 21
21 40
21 82
21 89
21 44
21 38
21 84
3 21
18 51
45 51
51 89
51 86
51 57
39 51
51 80
31 76
23 76
20 76
50 76
76 85
7 76
17 76
1 76
66 76
40 76
62 76
26 76
44 76
38 76
76 84
48 76
51 76
77 82
45 77
44 77
67 77
77 84
3 77
51 77
17 29
29 55
14 29
29 43
29 47
26 29
5 29
29 38
29 39
3 29
29 51
29 80
12 20
12 70
11 12
12 34
12 52
12 73
4 12
12 43
12 82
12 74
12 44
12 38
12 67
12 39
12 54
12 29
56 81
31 56
9 56
56 58
56 83
56 70
56 85
27 56
52 56
1 56
4 56
43 56
56 62
45 56
44 56
5 56
56 57
56 71
54 56
10 56
56 61
56 63
28 56
22 56
12 56
0 56
56 76
52 79
73 79
66 79
43 79
47 79
74 79
69 79
79 86
67 79
71 79
53 79
29 79
56 79
46 79
16 79
19 52
1 19
19 66
19 62
18 19
19 74
19 89
5 19
19 67
19 71
19 53
10 19
20 78
70 78
11 78
7 78
17 78
1 78
14 78
62 78
47 78
45 78
44 78
5 78
78 84
3 78
54 78
77 78
32 35
15 32
32 68
32 78
32 80
16 32
18 65
26 65
65 89
38 65
65 84
39 65
53 65
65 77
32 65
8 65
14 33
33 66
33 62
26 33
33 44
5 33
33 84
33 48
33 53
10 33
13 37
37 64
37 81
24 37
37 59
31 37
6 37
37 58
37 70
25 37
37 85
7 37
27 37
37 55
4 37
37 40
37 82
37 74
37 69
37 38
37 39
3 37
37 53
29 37
37 49
33 37
42 44
38 42
39 42
3 42
42 53
42 54
37 42
42 72
35 42
15 42
42 75
84 88
71 88
3 88
10 88
56 88
8 88
33 88
60 83
60 70
60 85
27 60
17 60
55 60
4 60
40 60
47 60
60 89
5 60
60 86
60 67
48 60
51 60
10 60
60 78
60 79
15 60
62 87
45 87
69 87
5 87
57 87
71 87
54 87
29 87
78 87
79 87
65 87
76 87
68 87
11 41
34 41
41 52
41 55
41 66
41 62
18 41
41 74
41 69
5 41
41 84
41 48
41 54
10 41
37 41
41 72
41 65
41 87
41 63
36 41
19 41
12 41
41 49
41 61
28 87
27 30
30 73
4 30
30 40
30 47
30 45
30 89
30 86
30 84
3 30
30 51
30 77
30 37
30 79
30 35
30 87
16 30
30 36
30 76
30 49
0 30
30 68
60 87
0 87
60 63
21 60
60 88
16 60
60 80
19 60
16 88
46 88
28 88
19 88
42 88
68 88
19 42
12 42
0 42
21 42
36 37
37 46
8 37
37 72
21 37
8 33
33 72
33 65
19 33
33 75
33 80
33 68
33 76
63 65
22 65
61 65
36 65
16 65
2 32
19 78
15 78
75 78
36 78
78 80
12 78
28 78
19 79
19 75
19 80
19 28
21 79
8 79
0 79
56 75
12 72
12 22
12 63
12 16
2 12
12 49
0 29
21 29
29 63
29 72
29 77
8 29
61 77
76 77
2 77
46 77
68 77
16 77
49 77
8 76
75 76
36 76
76 80
49 76
68 76
21 51
51 61
16 51
51 63
51 72
15 51
21 35
21 75
21 36
21 28
21 80
0 21
22 84
49 84
53 84
16 84
28 84
48 49
49 54
49 72
35 49
22 49
16 49
46 49
36 54
28 54
0 54
22 54
10 36
15 36
16 36
0 36
48 61
48 63
10 48
2 48
53 71
0 71
68 71
16 71
71 80
3 71
15 71
3 75
3 35
3 46
2 3
80 86
72 86
68 86
8 86
57 72
39 72
8 72
2 72
68 72
63 72
5 22
5 38
2 5
5 75
5 46
57 75
53 75
10 75
15 75
28 75
2 75
61 69
57 69
15 69
57 61
8 61
22 61
61 63
46 61
28 61
2 61
61 68
45 46
10 45
45 63
45 89
44 45
22 45
80 89
68 89
63 89
8 89
10 89
16 89
46 89
53 89
67 89
8 57
8 39
8 53
8 35
8 22
0 18
18 82
74 82
15 82
67 82
68 82
26 82
35 82
80 82
10 82
26 68
39 68
53 68
63 68
68 80
10 43
22 43
28 43
43 44
43 80
15 43
43 63
22 47
22 44
22 53
15 22
2 22
0 22
22 46
4 15
4 67
4 26
0 4
26 40
26 74
15 26
26 28
26 38
26 57
26 35
57 67
46 57
39 57
57 63
10 57
57 80
0 57
15 57
35 39
28 39
17 62
17 28
17 53
17 35
10 17
1 28
28 66
28 47
28 44
28 38
10 28
28 35
2 28
53 66
62 66
66 80
66 74
44 66
62 74
2 74
16 74
74 80
67 74
0 74
53 74
2 67
2 35
2 46
0 2
14 63
14 16
10 14
14 35
14 38
14 40
40 62
35 40
0 40
40 47
40 46
35 46
15 46
46 80
55 80
1 55
53 55
55 73
10 55
63 80
0 52
1 52
52 63
52 73
38 52
62 73
0 73
38 73
67 73
35 73
16 34
0 34
27 34
34 35
1 34
34 53
27 44
10 27
27 67
27 63
16 27
10 67
10 53
10 35
10 15
25 38
1 25
25 35
25 63
25 53
25 47
11 38
7 38
38 62
38 47
38 44
38 53
35 38
0 38
50 70
35 70
44 50
50 67
50 85
16 50
50 62
11 50
7 50
15 50
1 50
50 53
35 50
7 11
7 44
7 67
7 15
7 47
7 62
20 63
20 47
47 85
1 47
16 47
47 53
44 47
23 53
23 63
1 23
1 83
1 44
1 63
1 15
1 16
53 58
53 83
53 62
35 53
9 63
11 63
62 63
63 67
16 63
15 83
15 85
15 67
15 35
0 15
31 35
35 83
35 44
16 83
16 85
11 16
16 62
24 62
62 83
62 85
11 62
62 67
81 85
83 85
44 85
67 85
67 83
11 67
44 83
11 44
11 83
0 11
