90 400
45 80
28 45
0 28
50 80
28 50
45 58
0 58
50 58
28 58
65 80
58 65
45 59
0 59
50 59
28 59
59 65
48 80
48 59
41 45
0 41
41 50
28 41
41 65
41 48
17 80
17 59
45 57
0 57
50 57
28 57
17 57
78 80
45 49
0 49
49 50
28 49
48 49
49 78
16 80
16 67
37 50
28 37
37 65
17 37
6 28
70 80
6 70
39 45
0 39
39 50
28 39
39 48
39 70
16 39
13 80
13 59
13 58
18 45
18 50
18 28
13 18
16 18
18 47
43 65
13 43
6 43
43 47
26 37
26 87
26 43
6 77
47 77
41 77
14 57
14 84
14 59
12 14
11 12
12 43
63 65
63 78
13 63
11 63
63 75
63 84
63 67
7 45
0 7
7 50
7 28
7 48
7 17
7 37
9 37
9 15
41 83
13 56
47 56
56 83
46 75
1 46
6 61
47 61
46 61
24 50
24 28
24 65
17 24
16 24
24 69
28 74
13 74
6 74
69 74
46 74
1 74
28 62
17 62
37 62
11 62
62 75
24 54
64 69
54 64
3 35
3 12
3 88
9 21
21 88
62 88
55 83
1 55
3 55
14 51
15 51
51 83
1 51
7 51
28 76
76 78
37 76
15 76
76 83
76 84
30 75
19 30
23 30
30 76
30 57
30 79
30 59
66 83
1 66
0 53
28 53
48 53
17 53
37 53
14 53
43 53
19 53
53 85
82 85
61 85
41 89
24 89
3 89
59 89
58 89
81 89
6 22
15 22
22 41
22 77
22 89
12 22
61 72
20 72
38 43
41 42
42 86
7 42
42 49
42 63
34 53
34 82
34 62
34 42
27 28
27 70
13 27
27 47
27 69
27 84
27 53
27 51
18 27
27 34
27 29
8 40
6 10
10 87
10 41
10 24
10 53
10 49
10 63
10 39
25 61
10 25
25 58
25 66
10 40
5 6
5 11
5 75
5 24
5 35
23 33
33 76
18 33
33 39
5 33
33 62
5 63
5 22
59 71
18 71
71 73
5 71
5 40
4 6
4 11
4 46
4 77
3 4
4 12
4 20
4 79
4 40
31 80
31 60
60 87
60 69
24 60
35 60
12 60
8 60
60 74
4 60
38 60
8 73
8 58
34 73
27 73
41 52
52 54
52 67
52 82
52 61
42 52
36 64
36 52
20 32
32 79
32 80
32 52
68 75
68 77
7 68
68 82
59 68
42 68
68 80
58 68
57 86
49 86
38 86
38 72
38 51
38 61
22 38
38 88
49 72
20 57
20 79
20 22
22 55
29 89
29 51
29 85
29 79
29 66
80 85
9 85
18 53
53 66
30 66
18 66
58 66
51 76
12 76
58 76
26 76
51 55
44 55
44 81
39 55
55 88
9 88
35 64
26 35
35 39
57 64
62 64
64 74
26 64
54 62
23 62
56 62
23 74
57 74
74 81
56 74
58 69
24 75
24 61
24 59
12 61
46 84
46 67
46 81
1 56
1 7
1 18
56 67
49 56
9 56
26 56
9 83
49 83
9 77
9 67
9 39
15 58
15 41
7 15
15 80
7 84
7 67
7 82
7 79
63 82
18 63
75 79
19 79
19 58
12 19
19 81
11 84
80 84
77 84
67 84
39 77
26 77
26 59
2 26
2 80
39 43
18 43
43 80
43 59
13 81
81 87
57 81
59 81
39 81
39 87
49 87
6 37
6 80
37 58
37 47
37 41
11 47
47 57
47 59
11 67
67 80
16 49
49 80
49 57
57 78
41 78
41 57
17 41
17 58
48 58
28 80
0 80
