90 801
10 40
40 85
10 85
84 85
24 40
24 85
81 84
10 81
39 40
39 85
39 81
10 22
22 84
5 40
5 85
5 81
5 22
12 84
10 12
5 12
12 39
17 40
17 85
17 81
17 22
12 17
17 82
67 84
10 67
39 67
17 67
5 67
24 67
16 40
16 85
16 81
12 16
16 82
16 67
10 21
21 84
21 24
21 39
5 21
17 21
16 21
13 85
13 82
13 21
64 84
10 64
40 41
41 85
41 81
12 41
15 67
15 84
10 15
15 43
14 67
14 64
14 84
10 14
78 85
14 78
10 33
33 84
32 40
32 85
32 81
32 82
32 67
32 64
32 33
6 85
6 64
10 79
79 84
50 82
50 64
50 79
33 50
40 87
85 87
12 87
82 87
67 87
64 87
79 87
6 87
50 87
5 87
77 85
12 77
67 77
15 77
14 77
6 77
77 87
36 40
36 85
12 36
36 82
21 36
15 36
36 79
33 36
80 84
18 85
12 18
15 18
18 64
14 18
18 33
18 80
40 76
76 85
21 76
15 76
14 76
6 76
76 80
56 84
10 56
5 56
52 85
12 52
15 52
52 64
52 56
33 52
52 80
36 52
38 56
27 38
25 27
27 41
11 56
11 27
11 87
11 36
11 18
35 40
35 85
35 81
12 35
35 82
15 35
35 56
6 35
35 80
35 76
46 83
46 77
42 84
56 72
6 72
72 87
36 72
72 76
15 89
64 89
14 89
10 59
59 84
19 82
14 19
19 79
19 59
19 87
27 58
34 58
58 74
44 58
19 58
16 58
41 58
26 38
26 34
26 83
26 77
19 26
26 43
26 78
83 86
77 86
27 57
29 57
57 83
57 89
57 65
14 88
59 88
38 88
36 88
18 88
44 88
30 45
16 45
41 45
20 33
6 20
20 80
20 36
20 76
20 77
20 42
20 25
5 20
61 85
12 61
61 67
61 64
33 61
59 61
38 61
36 61
61 74
61 77
30 61
25 61
26 61
20 61
28 40
28 85
12 28
28 82
21 28
14 28
28 79
6 28
28 87
28 29
28 83
28 77
28 84
28 32
38 73
29 73
73 76
73 89
19 73
25 73
49 65
49 88
41 49
1 85
1 14
1 79
1 33
1 38
1 76
1 18
1 89
1 43
1 25
1 49
1 10
21 70
15 70
56 70
59 70
38 70
70 76
70 74
70 89
19 70
70 88
70 73
40 63
63 85
63 81
22 63
12 63
63 82
63 67
15 63
14 63
33 63
38 63
36 63
18 63
39 63
63 84
25 63
49 63
63 73
38 54
34 54
54 77
39 54
54 65
43 54
41 54
54 63
54 72
13 54
8 84
8 32
8 49
8 10
8 70
8 28
19 37
37 88
37 49
10 37
37 72
28 37
60 84
32 60
26 60
51 74
39 51
51 84
43 51
41 51
20 51
53 83
39 53
19 53
16 53
5 53
51 53
11 53
1 53
75 80
75 76
75 83
75 89
75 84
16 75
49 75
20 75
75 78
53 75
40 69
69 85
69 81
22 69
12 69
69 82
67 69
14 69
56 69
59 69
69 87
29 69
69 77
69 89
69 84
25 69
5 69
51 69
69 70
66 87
29 66
66 76
39 66
42 66
16 66
41 66
66 68
66 72
1 66
40 71
71 85
12 71
71 82
67 71
15 71
56 71
59 71
38 71
34 71
71 74
71 77
65 71
43 71
5 71
71 73
71 78
66 71
8 71
57 71
24 71
17 71
35 71
27 62
34 62
62 74
62 89
30 62
32 62
41 62
62 68
62 63
58 62
4 74
4 44
4 19
4 88
4 73
4 20
4 11
4 58
4 62
4 86
9 38
9 29
9 74
9 44
9 42
9 32
9 26
9 51
9 11
9 53
4 9
9 52
30 55
16 55
55 73
55 63
55 70
28 55
55 60
54 55
50 55
46 55
9 55
55 61
47 85
12 47
47 82
47 64
47 79
6 47
47 80
29 47
47 83
47 77
42 47
47 88
47 49
10 47
47 72
1 47
37 47
47 57
7 65
7 88
5 7
7 51
7 70
7 66
7 69
2 85
2 15
2 14
2 6
2 27
2 34
2 18
2 39
2 65
2 16
2 49
2 20
2 70
2 53
2 4
3 19
3 32
3 26
3 10
3 11
1 3
3 60
2 3
3 50
3 9
31 74
31 39
30 31
31 43
26 31
20 31
11 31
1 31
31 37
31 54
31 50
9 31
31 86
3 31
3 46
2 35
2 24
2 46
2 7
7 75
23 87
23 34
23 83
23 44
19 23
16 23
23 73
23 68
23 78
23 28
23 60
23 54
7 23
23 75
23 62
28 48
48 66
4 48
48 52
48 57
23 48
0 48
35 48
7 45
7 47
9 47
0 47
47 86
4 35
8 62
57 62
62 71
45 62
50 66
61 66
66 69
13 69
45 69
24 69
0 69
69 75
54 75
35 75
0 75
46 53
53 58
17 53
17 51
11 51
51 60
13 51
28 60
13 60
37 60
60 61
57 60
37 52
17 37
8 37
8 54
8 50
8 61
45 54
52 63
63 70
63 86
57 63
13 63
70 72
52 70
1 70
1 57
0 1
49 73
49 52
11 73
28 73
35 73
20 28
28 78
28 61
17 61
45 61
46 61
20 45
10 20
11 45
45 58
45 46
30 88
25 30
30 84
0 30
11 30
32 88
17 88
72 88
57 88
41 88
5 57
57 68
57 86
32 65
17 65
19 65
65 86
25 86
26 86
68 86
58 86
24 86
17 86
26 35
17 26
26 68
58 68
50 68
46 68
68 72
58 78
24 58
13 58
5 34
0 34
19 34
18 19
19 44
10 19
19 41
59 89
43 59
39 59
59 78
38 89
76 89
83 89
32 89
10 89
17 89
24 89
16 89
72 89
42 72
5 72
72 78
46 72
24 72
42 52
42 50
16 42
24 42
42 78
42 46
32 46
5 46
13 46
35 83
24 83
35 44
35 84
16 35
11 35
13 35
35 50
5 44
44 52
11 44
11 43
11 50
38 41
16 38
25 38
13 38
38 74
74 87
18 74
52 74
0 74
41 74
74 78
16 52
13 52
50 52
0 52
17 52
13 56
25 56
43 56
25 29
18 25
25 39
25 32
5 25
10 25
0 25
29 76
29 41
17 29
29 32
29 39
29 43
18 76
13 76
5 76
16 76
43 76
18 32
17 18
18 77
18 84
18 50
18 39
78 80
17 80
43 80
36 80
36 77
16 36
24 36
36 50
36 84
10 36
36 78
13 36
10 77
77 78
43 77
39 87
32 87
24 87
10 87
0 87
39 50
16 50
41 50
41 79
16 79
17 79
0 79
6 79
6 13
6 17
0 6
5 6
6 10
6 24
6 84
6 32
32 43
13 32
33 78
33 39
16 33
43 78
10 78
17 78
0 78
14 43
0 14
14 16
14 24
43 84
13 43
24 43
15 17
15 24
5 15
15 41
15 39
41 64
39 41
13 41
0 41
17 64
13 64
5 64
24 64
39 64
13 39
17 24
12 24
5 82
5 84
5 10
5 24
22 39
22 24
39 82
39 84
0 39
24 81
24 82
10 24
0 24
10 82
0 10
40 84
82 84
0 82
