90 801
1 54
1 49
3 54
3 49
1 33
3 33
44 54
44 49
33 44
1 52
3 52
54 81
49 81
33 81
52 81
67 81
1 36
3 36
36 44
36 81
34 54
34 49
33 34
34 52
34 67
34 36
39 67
1 39
3 39
39 81
39 44
46 49
33 46
39 46
35 54
35 49
33 35
35 52
35 67
35 39
1 35
3 35
35 81
35 44
34 35
35 46
47 54
47 49
33 47
47 67
36 47
35 47
27 49
27 33
27 36
27 39
27 35
1 27
3 27
27 80
49 69
52 69
36 69
39 69
1 21
3 21
21 81
21 44
36 78
36 86
39 86
1 86
3 86
81 86
44 86
49 73
33 73
36 73
73 86
54 77
49 77
33 77
52 77
36 77
35 77
1 77
3 77
15 77
1 16
15 16
38 67
38 86
35 38
16 38
10 38
23 49
23 33
23 67
23 39
23 27
23 69
10 23
7 67
7 39
7 77
7 27
25 54
25 49
25 33
25 52
25 67
25 39
21 25
16 25
25 69
30 36
30 86
21 30
11 33
11 52
11 36
11 86
11 21
1 11
3 11
11 69
2 36
2 39
2 77
2 11
2 89
28 77
11 28
25 28
7 28
62 77
27 62
62 89
28 62
46 62
67 84
84 86
35 84
16 84
84 89
7 84
46 84
62 84
25 53
28 53
36 76
76 86
27 76
69 76
25 76
7 76
53 76
76 84
43 76
43 44
43 57
17 89
6 54
6 49
6 33
6 52
6 67
6 36
6 39
6 86
6 27
6 69
6 89
49 50
33 50
50 67
39 50
35 50
11 50
6 50
28 50
0 50
50 84
53 71
23 71
71 80
5 27
5 11
5 89
5 6
54 56
49 56
33 56
56 67
39 56
56 86
35 56
56 69
25 56
28 56
45 56
23 56
56 82
19 35
16 19
19 69
6 19
0 19
19 23
19 82
14 49
14 67
14 36
14 86
14 77
11 14
14 25
7 14
14 53
14 71
29 53
29 62
29 43
53 66
66 71
29 66
20 46
20 62
20 82
14 20
20 66
20 34
1 20
20 24
0 12
12 23
12 82
12 20
12 56
53 59
59 62
21 31
16 31
31 69
7 31
0 31
31 84
31 47
31 34
22 49
22 33
22 67
22 86
21 22
22 27
22 69
7 22
0 22
22 62
22 31
14 22
46 70
70 84
29 70
48 71
31 55
48 55
55 70
55 59
19 55
8 29
8 48
8 70
8 38
8 30
37 39
37 86
21 37
37 69
25 37
28 37
37 46
37 84
37 82
20 37
37 56
37 38
30 37
37 47
1 37
5 37
10 51
7 51
51 53
51 84
31 51
48 51
35 64
11 64
64 69
28 64
45 64
64 71
64 82
17 64
77 87
27 87
25 87
28 87
53 87
62 87
31 87
80 87
64 87
24 87
12 87
31 32
17 32
32 70
32 38
32 76
15 32
32 66
32 81
27 58
58 69
25 58
28 58
0 58
58 84
29 58
20 58
58 70
38 58
19 58
32 58
73 75
75 80
75 85
24 75
30 75
2 75
58 75
15 75
41 75
41 66
5 41
72 73
17 72
20 72
57 72
33 65
52 65
65 67
35 65
65 77
16 65
10 65
6 65
46 65
65 71
65 73
48 65
3 65
59 65
30 65
22 65
54 88
49 88
33 88
67 88
36 88
86 88
77 88
27 88
88 89
7 88
46 88
62 88
82 88
80 88
3 88
59 88
65 88
78 88
26 73
17 26
26 70
13 25
6 13
0 13
13 84
13 43
13 80
13 70
3 74
13 74
65 74
2 74
58 74
22 74
74 88
60 77
11 60
60 89
7 60
0 60
60 62
60 73
48 60
56 60
57 60
19 60
2 60
58 60
60 74
60 87
4 46
4 71
4 31
4 48
4 64
4 38
4 12
2 4
4 26
4 74
4 22
4 47
4 60
1 4
44 60
29 61
14 61
3 61
13 61
61 65
61 78
58 61
55 61
15 61
9 27
9 69
9 89
7 9
9 53
9 62
9 73
9 14
9 56
9 24
9 76
9 78
9 75
42 77
11 42
25 42
28 42
0 42
42 62
14 42
42 48
3 42
42 59
42 76
8 42
5 42
34 42
9 42
42 50
45 79
23 79
31 79
79 80
20 79
57 79
12 79
8 79
5 79
42 79
22 79
66 79
1 79
79 81
1 42
9 50
9 61
63 73
20 63
63 64
13 63
30 63
37 63
63 75
55 63
15 63
9 63
61 63
63 88
9 51
60 61
15 74
18 54
18 49
18 33
18 52
18 67
18 36
18 39
18 35
18 77
18 27
18 89
7 18
0 18
18 23
18 73
18 80
18 64
13 18
18 76
8 18
18 26
82 83
17 83
83 85
57 83
19 83
37 83
26 83
35 40
11 40
40 89
28 40
0 40
40 62
29 40
17 40
40 85
38 40
12 40
40 78
40 83
40 55
40 87
18 40
1 40
40 51
44 83
10 68
6 68
53 68
23 68
29 68
68 80
68 85
24 68
68 76
32 68
26 68
68 83
50 68
34 68
47 68
66 68
72 83
18 83
18 50
18 34
18 88
13 26
13 38
13 59
13 51
13 22
12 26
8 26
1 26
26 88
15 88
1 88
65 72
65 66
1 65
2 72
41 72
72 81
51 72
72 87
47 72
41 81
41 51
22 75
50 58
55 58
32 87
32 50
5 87
47 87
22 87
1 64
44 64
34 64
64 85
64 76
3 64
2 85
30 85
51 85
47 85
66 85
19 51
37 51
50 51
51 66
8 37
8 34
8 55
44 55
55 66
5 48
44 48
48 50
48 70
56 70
22 70
5 70
57 70
22 78
22 34
31 73
31 81
31 59
59 80
56 59
12 59
15 59
59 78
59 66
12 76
12 78
12 34
66 81
3 29
17 29
29 38
14 29
14 19
14 38
14 15
14 78
14 17
14 76
19 56
19 57
19 50
19 81
5 19
78 82
24 82
56 80
50 56
38 56
56 78
5 45
45 73
45 80
5 71
5 43
5 57
5 34
5 47
38 71
71 81
15 71
50 71
24 50
6 46
6 47
6 17
6 81
0 6
6 73
6 30
3 6
6 38
17 46
17 23
17 57
17 30
17 81
17 47
3 57
2 57
34 57
43 80
15 43
24 76
30 76
15 76
53 78
44 53
47 53
24 53
24 84
3 24
1 24
24 47
24 30
44 84
30 84
73 84
34 62
3 62
28 34
28 78
2 28
28 44
0 2
2 23
2 73
2 80
2 30
2 78
2 47
11 47
11 81
11 44
11 89
11 30
25 30
30 46
30 73
30 44
25 80
7 25
25 81
25 34
7 80
1 7
7 23
7 15
0 23
23 81
1 23
23 78
23 47
10 46
10 73
1 10
38 46
38 81
38 44
16 34
16 78
3 16
16 73
15 69
15 46
3 15
15 44
73 77
44 77
34 77
77 81
1 73
86 89
78 86
21 78
78 89
44 78
21 46
21 89
21 69
1 69
69 80
3 69
3 80
27 47
27 46
47 89
44 47
3 46
1 46
34 39
0 34
34 81
3 81
44 81
44 52
52 67
44 67
44 89
33 67
3 67
49 67
1 67
1 89
54 67
67 89
0 89
