90 1602
19 30
13 19
13 30
19 40
13 40
30 44
40 44
19 47
13 47
44 47
22 30
22 40
22 47
19 51
13 51
44 51
22 51
19 62
44 62
22 62
30 62
40 62
47 62
51 62
19 26
13 26
26 44
22 26
26 62
19 87
13 87
44 87
22 87
62 87
30 87
40 87
47 87
51 87
26 87
19 74
13 74
44 74
22 74
62 74
74 87
30 46
40 46
46 47
46 51
26 46
46 74
19 64
13 64
44 64
22 64
62 64
64 87
46 64
30 57
40 57
47 57
51 57
57 74
19 70
13 70
44 70
22 70
62 70
70 87
46 70
57 70
30 80
40 80
47 80
51 80
70 80
26 80
74 80
64 80
19 53
13 53
44 53
22 53
53 62
53 87
46 53
53 57
53 80
19 75
44 75
22 75
75 87
57 75
30 75
40 75
47 75
51 75
70 75
74 75
64 75
26 75
19 21
13 21
21 44
21 22
21 62
21 87
21 46
21 57
21 80
21 75
30 39
39 40
39 47
39 51
39 70
39 64
26 39
39 74
39 53
21 39
19 50
13 50
44 50
22 50
50 62
50 87
46 50
50 57
50 80
50 75
39 50
22 52
52 87
52 57
52 75
30 52
40 52
47 52
51 52
52 70
52 74
26 52
52 64
21 52
52 53
50 52
19 58
13 58
44 58
22 58
58 62
58 87
57 58
52 58
6 19
6 13
6 62
6 46
6 80
6 39
6 30
6 40
6 47
6 51
6 64
6 70
6 74
6 26
6 21
6 50
6 53
19 89
44 89
62 89
46 89
80 89
75 89
6 89
26 89
30 38
38 40
38 47
38 51
38 70
38 64
38 74
19 28
13 28
22 28
28 87
28 46
28 75
28 52
19 78
13 78
44 78
22 78
62 78
78 87
46 78
57 78
75 78
52 78
19 32
13 32
32 44
22 32
32 62
32 87
32 46
32 57
32 80
32 39
32 52
30 32
32 40
32 47
32 51
26 32
32 74
32 70
32 64
32 50
32 53
21 32
5 19
5 13
5 62
5 87
5 80
5 39
5 32
5 26
19 27
13 27
27 44
27 46
27 80
27 75
6 27
26 27
27 30
27 40
27 47
27 51
27 74
27 70
27 64
19 68
68 87
46 68
39 68
6 68
68 78
27 68
19 54
13 54
54 62
54 87
54 80
54 75
52 54
26 54
38 54
30 60
40 60
47 60
51 60
60 70
60 74
60 64
60 89
0 60
58 60
15 57
15 39
6 15
15 26
15 78
15 60
19 86
13 86
44 86
22 86
62 86
86 87
75 86
39 86
6 86
26 86
38 86
54 86
21 86
30 86
40 86
47 86
12 38
12 54
12 86
19 63
63 87
46 63
63 75
52 63
32 63
27 63
54 63
21 63
63 86
30 63
40 63
47 63
19 35
13 35
35 44
22 35
35 62
35 87
35 46
35 57
35 80
35 52
6 35
26 35
35 78
35 54
21 76
30 76
40 76
47 76
51 76
58 76
19 23
13 23
23 44
22 23
23 62
23 87
23 46
23 57
23 80
23 75
23 39
23 52
23 32
23 26
23 27
21 23
23 76
23 63
5 23
30 85
40 85
32 59
59 78
38 59
54 59
59 76
59 63
59 85
6 8
8 32
8 78
8 60
8 21
72 78
54 72
72 86
30 72
40 72
47 72
19 20
13 20
20 44
20 22
20 62
20 87
20 46
20 57
20 80
20 52
6 20
20 32
20 27
20 60
20 76
20 72
30 55
40 55
9 19
9 87
9 57
9 39
9 32
9 78
9 38
9 21
9 76
9 86
9 55
9 85
9 30
9 20
19 73
13 73
44 73
22 73
62 73
73 87
73 80
73 75
6 73
73 78
27 73
38 73
73 76
73 86
72 73
8 73
73 89
11 19
11 13
11 44
11 22
11 62
11 46
11 57
11 52
6 11
11 26
11 27
11 60
11 21
11 63
11 55
8 11
11 89
11 20
11 59
11 73
18 57
18 39
6 18
18 78
18 38
18 54
18 76
18 86
18 55
18 85
18 30
4 38
4 60
4 76
4 63
4 5
4 85
4 89
4 15
4 70
4 58
4 42
20 42
11 42
19 31
13 31
31 44
22 31
31 62
31 87
31 46
31 57
31 75
31 52
6 31
26 31
31 78
31 38
31 76
31 72
31 55
31 89
30 31
20 31
11 31
31 42
31 68
52 88
26 88
38 88
60 88
21 88
86 88
55 88
85 88
30 88
20 88
11 88
31 88
42 88
59 88
11 49
19 81
13 81
44 81
22 81
62 81
81 87
75 81
39 81
6 81
78 81
27 81
38 81
76 81
72 81
5 81
8 81
81 89
20 81
9 81
62 69
46 69
69 75
52 69
32 69
26 69
27 69
54 69
21 69
63 69
55 69
8 69
4 69
41 72
41 89
4 41
17 19
13 17
17 22
17 87
17 80
17 52
17 32
17 26
17 38
17 21
17 76
17 86
17 72
17 89
17 30
17 41
9 17
17 31
24 76
24 86
24 55
8 24
24 30
24 41
11 24
24 81
24 31
24 73
24 35
12 24
17 24
24 59
21 25
25 72
25 55
25 89
25 30
20 25
9 25
25 81
37 89
37 41
11 37
31 37
3 38
3 21
3 76
3 86
3 5
3 8
3 30
3 41
3 11
3 18
3 37
3 59
3 49
5 56
8 56
56 89
41 56
56 81
31 56
42 56
56 59
6 77
26 77
27 77
60 77
21 77
77 86
55 77
77 85
30 77
4 77
11 77
77 81
42 77
64 77
25 77
2 27
2 54
2 86
2 63
2 55
2 85
2 89
2 4
2 11
2 18
2 37
2 59
2 77
2 56
14 19
13 14
14 62
14 46
14 80
14 75
6 14
14 78
14 27
14 54
14 86
14 72
5 14
14 85
4 14
14 20
9 14
14 81
14 37
14 24
14 49
14 56
14 51
14 73
2 14
14 50
14 35
0 14
14 88
48 76
48 63
48 55
8 48
30 48
20 48
48 81
31 48
42 48
48 59
48 77
17 48
14 48
19 84
13 84
62 84
84 87
46 84
39 84
32 84
26 84
78 84
60 84
76 84
63 84
5 84
84 89
30 84
20 84
11 84
18 84
37 84
64 84
77 84
56 84
16 19
16 44
16 22
16 46
16 57
16 75
16 32
16 78
16 27
16 54
16 21
16 86
16 72
8 16
16 30
16 41
9 16
16 81
16 42
16 64
16 49
16 17
16 58
16 70
37 83
59 83
64 83
16 83
14 83
83 84
48 83
73 83
36 55
8 36
36 89
20 36
9 36
18 36
36 42
24 36
36 49
36 56
14 36
2 36
36 73
25 36
36 58
36 83
34 53
81 82
31 82
42 82
24 82
49 82
17 82
16 82
69 82
70 82
15 82
23 82
45 75
39 45
6 45
26 45
27 45
45 54
21 45
45 72
5 45
8 45
30 45
41 45
45 81
18 45
37 45
45 59
45 77
45 56
16 45
45 82
45 48
45 73
36 45
35 45
28 45
45 68
45 47
34 45
52 67
26 67
27 67
54 67
21 67
63 67
5 67
8 67
30 67
41 67
9 67
31 67
42 67
24 67
49 67
17 67
53 67
2 67
19 61
13 61
44 61
22 61
61 62
46 61
61 80
52 61
32 61
26 61
61 78
54 61
21 61
61 72
5 61
8 61
30 61
41 61
9 61
18 61
37 61
59 61
49 61
16 61
53 61
2 61
61 67
61 69
15 61
40 61
47 61
61 74
32 71
26 71
27 71
60 71
71 86
71 72
5 71
8 71
30 71
41 71
71 81
18 71
37 71
64 71
49 71
56 71
14 71
71 84
61 71
70 71
7 32
7 26
7 27
7 60
7 76
7 63
7 55
7 85
7 89
7 20
7 9
7 18
7 37
7 59
7 77
7 56
7 14
2 7
7 61
7 73
7 23
7 28
10 19
10 13
10 22
10 46
10 80
10 75
6 10
10 78
10 27
10 54
10 76
10 86
5 10
10 85
10 30
10 41
10 81
10 18
10 42
10 24
10 77
10 56
10 53
2 10
10 73
10 70
7 10
10 35
10 83
19 33
33 87
33 80
33 75
6 33
26 33
27 33
33 54
21 33
33 86
5 33
8 33
4 33
20 33
11 33
18 33
33 42
33 64
33 77
33 56
33 53
2 33
33 48
25 33
33 58
10 33
33 51
29 57
29 75
6 29
26 29
29 78
29 54
29 86
29 63
29 72
8 29
4 29
29 41
9 29
29 31
29 42
29 59
29 77
17 29
14 29
2 29
29 61
29 70
29 58
29 35
29 68
1 76
1 72
1 55
1 85
1 4
1 41
1 11
1 31
1 42
1 64
1 17
1 16
1 53
1 2
1 84
1 70
1 7
1 36
1 51
1 29
1 88
1 15
1 69
0 1
1 3
1 33
19 43
13 43
43 44
22 43
43 62
43 46
43 57
43 75
43 52
32 43
27 43
43 60
21 43
43 72
5 43
43 89
4 43
20 43
9 43
18 43
37 43
24 43
43 64
16 43
43 53
2 43
43 48
25 43
7 43
36 43
28 43
43 68
43 88
15 43
43 69
19 79
13 79
44 79
22 79
62 79
79 87
46 79
57 79
79 80
75 79
39 79
52 79
6 79
78 79
38 79
60 79
76 79
63 79
5 79
79 85
30 79
4 79
79 81
18 79
37 79
64 79
17 79
56 79
53 79
2 79
48 79
70 79
7 79
10 79
68 79
65 80
52 65
32 65
65 78
27 65
60 65
65 86
65 72
55 65
65 85
4 65
41 65
9 65
65 81
37 65
64 65
65 77
17 65
53 65
65 84
48 65
25 65
58 65
10 65
51 65
65 79
23 65
65 71
65 67
65 69
65 88
65 83
50 65
34 65
29 79
34 79
69 79
43 79
79 83
0 79
23 79
50 79
43 71
40 43
1 43
23 43
1 74
0 29
29 40
19 66
13 66
62 66
66 87
57 66
66 75
52 66
32 66
27 66
38 66
21 66
66 72
5 66
66 85
30 66
4 66
9 66
66 81
37 66
64 66
49 66
16 66
53 66
66 84
48 66
66 70
58 66
10 66
66 68
29 66
47 66
34 66
66 69
66 83
66 74
45 66
33 66
66 71
29 74
15 29
29 33
12 29
12 33
15 33
33 69
33 45
33 74
33 50
10 34
10 15
10 68
10 69
10 40
7 71
7 67
7 47
7 88
7 40
3 7
35 71
51 71
47 71
69 71
67 71
45 71
23 71
50 71
0 61
28 61
51 61
61 73
61 70
67 73
36 67
28 67
12 67
47 67
3 67
50 67
0 67
45 67
40 67
3 45
45 74
40 82
34 82
28 82
25 82
2 82
74 82
50 82
58 82
47 82
12 82
34 48
34 73
34 36
34 68
34 88
34 47
34 40
0 34
34 74
36 51
36 74
0 36
36 47
35 36
28 83
83 88
15 83
3 83
40 83
23 83
74 83
15 16
16 51
16 25
16 74
16 73
16 84
3 16
48 84
70 84
3 84
73 84
51 84
84 88
0 84
50 84
25 84
12 84
23 48
48 68
3 48
48 58
35 48
48 88
14 28
14 40
12 14
2 68
2 15
2 35
2 69
23 77
12 77
51 77
70 77
56 77
68 77
50 77
40 77
17 56
53 56
56 68
50 56
0 56
56 69
3 56
3 25
3 35
3 51
3 68
3 88
3 15
0 3
3 40
37 40
25 37
37 51
37 49
37 70
23 37
15 37
24 25
25 53
25 73
25 28
25 74
25 70
25 47
25 69
25 35
25 68
23 24
0 24
24 50
24 70
24 58
24 51
24 68
17 59
17 49
0 17
17 28
17 40
17 23
17 35
17 47
12 17
17 88
0 41
41 53
41 69
41 70
28 41
40 41
35 41
23 41
20 41
69 81
31 69
42 69
59 69
49 69
69 70
28 69
69 88
23 69
74 81
23 81
49 81
15 81
53 81
12 81
49 59
49 74
49 73
49 53
15 49
47 49
49 88
49 58
73 88
35 88
51 88
12 88
74 88
31 64
0 31
31 35
31 50
31 74
31 47
31 58
31 59
42 50
42 64
28 42
0 42
42 68
42 74
42 53
4 35
4 59
4 51
4 47
4 53
4 18
4 12
11 18
18 51
18 70
18 28
18 58
18 59
18 23
18 40
18 47
18 73
11 15
11 12
11 68
11 53
11 64
11 50
11 58
9 73
64 73
40 73
0 73
12 73
23 73
9 40
9 70
9 51
9 28
9 47
0 9
9 35
9 59
55 70
12 55
47 55
20 55
8 55
35 55
55 89
20 85
20 30
20 58
20 74
20 64
20 47
20 68
20 50
15 20
20 51
72 74
70 72
8 72
53 72
72 89
50 72
64 72
8 30
8 40
8 74
8 68
8 15
8 47
8 51
8 59
8 50
47 59
28 59
35 59
53 59
59 64
74 85
64 85
70 85
28 85
0 85
23 85
85 89
23 30
23 53
23 35
23 51
12 23
23 47
23 50
68 76
70 76
28 76
35 76
35 63
35 89
35 64
35 58
28 35
35 50
12 35
5 63
28 63
51 63
58 63
50 63
63 68
0 63
12 63
63 64
15 63
12 89
12 30
12 64
12 70
12 28
12 68
12 40
12 50
12 15
53 86
15 86
5 86
74 86
51 86
5 15
15 64
15 70
15 58
15 51
15 47
15 50
50 60
28 60
54 60
30 54
40 54
47 54
51 54
54 64
53 54
54 68
54 70
54 74
5 54
21 54
5 68
30 68
53 68
58 68
51 68
47 68
5 27
27 53
5 30
5 40
5 47
5 28
5 58
5 51
5 53
0 5
32 78
0 32
32 58
26 78
30 78
40 78
47 78
51 78
64 78
70 78
74 78
28 78
50 78
53 78
21 78
28 38
28 89
28 64
28 50
28 47
0 28
28 74
38 50
38 89
0 38
21 38
38 58
21 89
30 89
53 89
40 89
58 89
74 89
0 89
6 58
53 58
58 70
58 74
50 58
0 58
51 58
0 52
26 50
21 50
30 50
50 70
40 50
21 26
21 30
21 40
21 47
21 51
21 64
0 21
53 75
26 53
53 74
47 53
26 70
51 70
57 64
26 57
0 57
26 64
30 64
40 64
64 74
26 74
0 74
0 87
26 30
26 40
26 47
26 51
0 26
0 62
40 51
0 22
0 47
0 44
30 40
0 40
0 13
0 19
