90 1602
5 56
21 56
21 86
56 86
5 77
21 77
77 86
21 58
58 86
56 58
58 77
5 35
21 35
35 86
35 58
11 21
11 56
11 77
11 35
5 36
21 36
36 86
36 58
11 36
56 80
77 80
35 80
36 80
5 24
21 24
24 86
24 58
11 24
24 80
5 54
21 54
54 86
54 58
11 54
54 80
54 56
54 77
35 54
36 54
24 54
5 62
21 62
62 86
58 62
11 62
62 80
54 62
36 62
24 62
5 19
19 21
19 86
19 58
11 19
19 80
19 36
19 56
19 77
19 35
5 57
21 57
57 86
57 58
11 57
57 80
54 57
36 57
24 57
19 57
5 72
21 72
72 86
58 72
11 72
72 80
54 72
36 72
24 72
19 72
56 72
72 77
35 72
5 43
21 43
43 86
43 58
11 43
43 80
43 54
36 43
24 43
19 43
43 72
5 8
8 21
8 86
8 58
8 11
8 80
8 36
8 24
8 56
8 77
8 35
8 43
5 7
7 21
7 86
7 58
7 11
7 80
7 54
7 36
7 24
7 19
7 72
7 8
21 71
71 86
58 71
71 80
36 71
24 71
71 72
56 71
71 77
35 71
7 71
62 71
57 71
5 64
21 64
64 86
58 64
11 64
64 80
54 64
36 64
24 64
19 64
64 72
8 64
64 71
35 64
5 66
21 66
66 86
58 66
11 66
66 80
54 66
36 66
24 66
19 66
66 72
66 71
35 66
56 66
66 77
43 66
62 66
64 66
57 66
7 66
21 33
33 80
33 54
24 33
8 33
33 35
33 66
46 56
46 77
5 79
21 79
79 86
58 79
11 79
79 80
54 79
36 79
24 79
19 79
8 79
71 79
35 79
46 79
21 40
24 40
40 72
8 40
35 40
21 52
11 52
36 52
24 52
8 52
35 52
52 56
52 77
43 52
7 52
52 62
52 57
52 64
21 87
86 87
58 87
54 87
36 87
24 87
72 87
35 87
52 87
21 81
54 81
36 81
24 81
72 81
35 81
52 81
56 81
77 81
64 81
62 81
57 81
43 81
7 81
3 36
3 19
3 8
3 35
3 52
3 81
21 31
31 86
31 58
11 31
31 80
31 54
31 36
24 31
31 72
31 35
31 66
31 52
31 56
31 77
8 32
32 71
32 35
32 46
31 32
39 54
24 39
39 72
39 71
39 66
39 81
39 40
5 42
21 42
42 86
42 58
11 42
42 54
36 42
19 42
8 42
42 71
42 66
42 52
42 46
42 56
42 77
36 75
24 75
8 75
71 75
52 75
46 75
40 75
42 75
21 59
11 59
36 59
24 59
8 59
59 71
59 66
59 81
40 59
21 53
53 80
36 53
19 53
8 53
35 53
52 53
46 53
40 53
42 53
53 56
53 77
5 45
21 45
45 86
45 58
11 45
45 54
36 45
24 45
45 72
45 71
45 66
45 46
31 45
45 53
45 59
30 45
45 62
34 36
19 34
34 72
8 34
34 66
34 46
34 40
34 42
30 34
56 61
61 77
3 61
21 78
78 86
58 78
78 80
54 78
24 78
19 78
71 78
66 78
46 78
31 78
39 78
59 78
61 78
62 78
56 88
87 88
5 15
15 21
15 86
15 58
11 15
15 80
15 54
15 36
15 24
15 19
15 72
8 15
15 52
15 81
15 40
15 42
15 53
15 30
15 56
15 77
9 21
9 80
9 36
9 24
9 72
9 71
9 66
9 52
9 40
9 53
9 59
9 61
9 15
9 88
10 54
10 24
8 10
10 35
10 66
10 81
10 40
10 42
10 53
10 61
10 62
19 55
55 71
35 55
55 81
46 55
39 55
55 59
17 36
17 19
8 17
17 71
17 35
17 81
17 40
17 42
17 30
17 56
17 77
14 21
14 58
11 14
14 54
14 36
14 19
8 14
14 35
14 52
14 46
14 31
14 39
14 59
14 17
14 62
14 34
18 35
18 81
18 40
18 39
18 30
18 61
15 18
18 34
5 26
21 26
26 86
26 58
11 26
26 80
26 54
26 36
24 26
19 26
26 72
8 26
26 71
26 35
26 52
26 81
26 40
26 39
26 59
26 61
26 62
26 88
18 26
19 65
35 65
52 65
65 81
31 65
39 65
59 65
30 65
62 65
34 65
5 47
21 47
47 86
47 58
11 47
47 80
47 54
24 47
19 47
47 71
47 66
47 81
31 47
39 47
47 53
30 47
15 47
47 55
10 47
47 56
33 47
28 52
28 46
28 31
28 42
28 53
28 61
28 62
28 88
28 47
30 76
17 76
62 76
55 76
47 76
65 76
5 60
21 60
60 86
58 60
11 60
60 80
54 60
36 60
24 60
19 60
60 72
8 60
60 71
35 60
60 66
60 81
40 60
39 60
53 60
60 61
15 60
55 60
18 60
60 76
0 60
14 60
5 12
12 21
12 86
12 58
11 12
12 80
12 54
12 24
12 19
8 12
12 52
12 46
12 40
12 42
12 59
12 17
12 15
12 55
10 12
12 65
0 12
12 79
5 25
21 25
25 86
25 58
11 25
25 54
25 36
24 25
8 25
25 71
25 66
25 81
25 40
25 42
25 53
25 61
15 25
25 34
18 25
25 76
21 41
41 86
11 41
41 54
36 41
24 41
19 41
8 41
41 52
41 81
41 46
39 41
41 53
17 41
15 41
41 55
18 41
5 69
21 69
69 86
58 69
11 69
69 80
54 69
36 69
24 69
19 69
69 72
8 69
69 71
35 69
52 69
46 69
40 69
39 69
30 69
61 69
15 69
55 69
10 69
41 69
0 69
69 79
12 69
35 82
46 82
40 82
42 82
53 82
17 82
15 82
55 82
47 82
76 82
41 82
79 82
82 89
19 51
35 51
51 52
51 81
46 51
42 51
51 59
17 51
51 62
51 55
47 51
18 51
33 51
14 51
12 51
51 82
9 51
43 51
25 51
3 51
28 51
35 49
49 52
31 49
39 49
49 53
30 49
15 49
34 49
47 49
18 49
33 49
14 49
49 75
49 89
49 51
21 68
68 86
58 68
11 68
54 68
19 68
68 72
35 68
66 68
52 68
31 68
39 68
53 68
17 68
15 68
34 68
10 68
68 76
0 68
68 79
68 75
5 73
21 73
73 86
58 73
11 73
73 80
54 73
36 73
24 73
19 73
72 73
8 73
71 73
35 73
66 73
46 73
40 73
39 73
59 73
17 73
62 73
73 88
10 73
73 76
0 73
14 73
12 73
73 82
5 70
21 70
70 86
58 70
11 70
70 80
36 70
19 70
70 72
70 71
66 70
70 81
31 70
53 70
59 70
30 70
62 70
55 70
47 70
65 70
41 70
14 70
70 75
70 73
53 67
17 67
34 67
67 88
18 67
65 67
0 67
33 67
12 67
67 89
13 59
13 61
13 15
13 55
13 47
13 65
0 13
13 14
13 89
13 67
13 51
5 29
21 29
29 86
29 58
11 29
29 80
29 36
24 29
29 72
29 35
29 52
29 81
29 31
29 42
29 59
17 29
29 62
29 55
29 47
18 29
29 41
29 79
12 29
29 89
29 67
15 48
34 48
10 48
48 76
0 48
48 79
48 89
48 73
48 67
29 48
48 68
25 48
48 57
21 38
24 38
38 72
38 71
38 66
38 46
38 40
38 39
38 53
38 61
34 38
38 55
38 47
38 65
33 38
14 38
38 89
38 73
38 67
38 77
38 68
25 38
38 57
38 69
10 74
65 74
0 74
14 74
74 75
74 89
9 74
29 74
49 74
28 74
38 74
5 50
21 50
50 86
50 58
11 50
50 54
36 50
24 50
8 50
35 50
50 66
50 81
40 50
42 50
50 59
17 50
50 62
34 50
47 50
50 65
0 50
50 79
50 75
50 89
9 50
29 50
50 68
6 18
6 65
6 33
6 14
6 75
6 82
6 67
6 29
6 68
6 28
53 83
61 83
62 83
34 83
10 83
65 83
41 83
79 83
75 83
82 83
9 83
77 83
49 83
6 83
23 72
23 35
23 66
23 81
23 31
23 39
23 30
17 23
23 34
23 88
23 47
18 23
23 41
14 23
12 23
23 89
23 67
23 77
16 21
16 54
16 36
16 24
16 72
16 35
16 66
16 81
16 31
16 42
16 53
16 17
16 34
16 88
10 16
16 76
16 33
16 79
12 16
16 82
9 16
16 29
37 75
37 67
9 37
37 68
16 37
6 37
23 37
37 50
22 40
22 39
22 53
22 61
22 62
22 55
10 22
22 65
0 22
14 22
22 75
22 73
9 22
22 77
22 28
22 25
22 23
22 38
1 10
1 76
0 1
1 33
1 75
1 82
1 67
1 68
1 16
1 25
1 23
1 70
1 43
2 72
2 71
2 35
2 52
2 40
2 42
2 59
2 61
2 17
2 55
2 10
2 18
2 41
2 14
2 12
2 89
2 9
2 77
2 49
2 25
2 23
2 70
1 2
2 64
2 83
31 44
39 44
44 59
17 44
34 44
44 88
10 44
44 76
33 44
44 79
12 44
44 82
44 67
44 68
16 44
28 44
23 44
38 44
4 35
4 46
4 31
4 39
4 53
4 17
4 62
4 55
4 47
4 76
4 41
4 33
4 75
4 73
4 9
4 77
4 16
4 28
4 57
4 50
4 13
4 44
20 21
20 86
20 58
20 54
20 36
19 20
20 72
20 71
20 35
20 81
20 31
20 42
20 30
17 20
20 62
20 88
18 20
20 65
0 20
20 79
14 20
20 73
20 67
20 29
20 49
20 25
20 23
20 38
4 20
20 43
20 83
20 45
20 48
20 78
31 63
39 63
53 63
30 63
62 63
34 63
10 63
18 63
33 63
63 79
14 63
63 73
51 63
63 77
16 63
25 63
57 63
50 63
1 63
43 63
45 63
44 63
21 27
27 36
19 27
8 27
27 66
27 52
27 31
27 42
27 59
27 30
15 27
27 55
18 27
27 65
0 27
27 79
27 75
27 82
9 27
27 77
27 49
27 28
6 27
27 70
22 27
27 64
85 89
82 85
51 85
29 85
49 85
25 85
23 85
50 85
4 85
22 85
13 85
3 85
69 85
26 85
85 87
60 85
27 85
31 84
42 84
59 84
17 84
15 84
84 88
47 84
76 84
0 84
79 84
84 89
82 84
67 84
29 84
68 84
6 84
23 84
50 84
4 84
43 84
84 85
45 84
48 84
60 84
3 84
32 84
20 84
2 84
27 87
27 56
13 27
27 32
3 27
27 74
27 63
60 63
56 63
26 63
13 63
20 63
20 56
20 74
4 83
4 69
4 56
4 7
4 87
44 64
44 83
2 44
37 44
44 56
13 44
32 44
26 44
2 48
2 78
2 37
2 32
2 74
1 60
1 3
1 74
1 64
1 26
1 32
1 22
22 37
22 48
22 87
22 26
22 56
22 43
13 22
37 64
37 45
37 48
7 37
26 37
3 37
32 37
16 45
3 16
16 57
16 87
16 64
16 49
16 32
16 56
16 23
6 23
23 56
23 60
23 26
23 83
70 83
64 83
48 83
7 83
74 83
78 83
56 83
6 78
6 87
6 45
6 50
6 32
6 13
6 70
50 57
26 50
43 50
50 87
50 74
32 50
50 69
43 74
74 87
60 74
3 74
56 74
38 48
38 70
38 45
38 64
38 78
7 38
48 64
48 87
48 69
48 78
13 29
29 60
7 29
29 56
3 29
29 57
28 29
13 68
13 25
13 70
13 60
13 56
13 26
13 69
9 67
45 67
67 69
57 67
67 70
51 70
49 70
25 70
60 70
3 70
56 70
70 78
45 70
7 73
45 73
9 73
68 73
57 73
26 73
60 73
73 78
64 73
9 68
49 68
68 87
32 68
68 69
68 78
60 68
25 49
49 69
43 49
28 49
26 49
7 49
51 56
7 51
51 78
32 51
51 60
51 77
25 82
56 82
43 82
69 82
32 82
77 82
3 82
25 69
43 69
69 87
69 78
3 69
26 69
7 69
33 41
41 45
41 79
41 87
41 77
26 41
7 41
25 41
41 89
41 56
41 57
14 41
41 43
25 33
12 25
25 77
25 64
25 56
12 60
12 75
12 26
12 78
7 12
12 32
12 43
12 87
28 60
60 64
45 60
60 87
56 60
76 77
28 76
56 76
75 76
9 76
64 76
76 79
76 78
76 89
0 28
28 33
28 75
28 89
7 28
28 57
3 28
28 32
28 43
26 28
3 47
47 65
47 89
43 47
47 77
47 78
18 65
65 87
14 65
3 65
7 65
43 65
26 65
32 65
26 33
9 26
26 77
26 87
7 26
18 56
14 18
18 45
18 79
18 87
18 57
0 18
14 64
14 45
14 77
14 78
14 87
17 55
17 33
17 32
17 75
17 79
55 62
55 56
55 77
43 55
10 55
0 55
55 64
33 55
10 56
7 10
10 75
0 10
10 32
10 57
9 10
10 64
0 9
9 33
9 89
9 64
9 77
9 87
15 32
7 15
15 75
3 15
15 89
15 33
15 57
88 89
79 89
3 89
64 89
87 89
57 88
75 88
32 88
78 88
77 88
33 78
77 78
57 78
43 78
45 78
7 78
32 78
61 87
61 62
43 61
57 61
34 61
34 62
34 56
34 77
0 34
34 64
34 79
7 34
3 34
34 45
33 45
45 75
45 77
45 57
45 64
32 45
3 45
53 59
53 57
53 87
53 64
56 59
59 77
59 79
30 59
0 59
32 59
43 59
7 59
30 56
30 77
30 62
30 33
30 75
3 30
30 79
30 64
0 30
7 30
0 75
33 75
56 75
75 77
57 75
39 42
7 42
42 43
3 42
42 64
0 42
42 79
39 56
39 77
33 39
39 62
39 87
39 57
32 39
0 32
32 79
32 43
7 32
31 33
31 40
31 64
0 31
31 43
3 31
31 57
3 33
3 79
3 57
3 43
3 7
81 87
40 87
62 87
57 87
7 87
40 52
40 56
40 77
7 40
40 62
40 79
43 79
57 79
46 57
0 46
33 46
43 46
7 46
46 64
46 62
33 56
7 33
0 66
0 64
64 77
57 64
7 64
43 71
0 71
7 35
7 57
8 57
8 62
35 43
43 62
43 77
43 57
57 72
62 72
0 72
35 57
19 62
35 62
56 62
62 77
24 36
24 56
24 77
24 35
0 24
0 80
36 56
36 77
35 36
0 36
35 56
35 77
5 21
0 21
