90 1201
13 89
13 53
53 89
31 53
13 62
62 89
31 62
4 89
4 31
4 53
4 62
13 33
33 89
31 33
4 33
68 89
53 68
62 68
33 68
5 13
5 89
5 31
4 5
5 68
34 53
34 62
33 34
5 34
13 27
27 89
27 31
4 27
27 68
27 34
45 89
4 45
45 68
45 53
45 62
33 45
5 45
27 45
13 19
19 89
19 31
4 19
19 68
19 34
19 45
55 89
31 55
4 55
55 68
34 55
53 55
55 62
33 55
5 55
27 55
43 89
4 43
43 45
43 55
43 53
43 62
33 43
5 43
27 43
83 89
4 83
68 83
55 83
43 83
86 89
45 86
43 86
53 63
62 63
33 63
5 63
27 63
2 13
2 89
2 31
2 4
2 68
2 34
2 45
2 55
87 89
55 87
53 87
62 87
33 87
5 87
27 87
56 89
4 56
34 56
56 87
43 56
56 86
42 89
42 45
42 87
42 83
42 53
42 62
33 42
5 42
30 89
30 63
30 42
1 89
1 31
1 4
1 68
1 34
1 55
1 87
1 83
1 42
77 89
4 77
68 77
77 87
43 77
63 77
42 77
14 83
14 53
14 62
14 33
75 89
4 75
68 75
45 75
75 87
75 86
14 75
26 53
26 62
26 33
17 43
17 83
17 42
17 26
1 17
2 17
1 79
44 89
44 55
43 44
44 86
42 44
26 44
5 44
44 53
44 75
72 89
55 72
72 87
72 86
14 72
72 77
1 72
44 72
72 79
72 75
62 72
53 61
61 62
33 61
13 23
23 89
23 31
4 23
23 68
23 34
23 45
23 55
23 43
23 86
23 61
23 26
21 89
21 31
4 21
21 68
21 34
21 55
21 43
21 63
14 21
21 77
21 53
21 62
21 56
21 23
13 76
76 89
4 76
68 76
45 76
55 76
43 76
76 86
42 76
26 76
21 76
12 83
12 77
1 12
12 44
64 89
31 64
4 64
64 68
34 64
45 64
43 64
64 86
61 64
14 64
5 64
12 64
21 66
44 66
12 66
27 66
7 13
7 89
7 31
4 7
7 68
7 34
7 45
7 55
7 87
7 83
7 61
7 77
1 7
2 7
7 66
7 75
10 66
1 51
2 51
51 66
21 74
44 74
12 74
51 74
62 74
80 89
80 86
42 80
26 80
21 80
12 80
47 89
47 63
14 47
26 47
1 47
12 47
47 69
69 75
62 69
35 69
61 70
70 77
5 70
44 70
70 79
43 52
52 86
52 61
52 77
1 52
12 52
47 52
51 52
13 54
54 89
31 54
4 54
54 68
34 54
45 54
54 55
43 54
54 63
14 54
26 54
21 54
2 54
54 79
52 54
10 54
25 83
14 25
5 25
25 44
25 79
25 51
25 62
25 41
25 67
7 25
25 54
42 59
59 77
21 59
2 59
59 79
52 59
59 62
59 80
59 67
32 47
32 51
38 89
31 38
4 38
38 68
38 45
38 87
38 43
38 63
38 83
26 38
5 38
38 44
12 38
38 51
18 38
38 41
82 89
4 82
45 82
55 82
82 87
82 83
61 82
26 82
5 82
2 82
12 82
66 82
75 82
80 82
71 83
71 77
5 71
2 71
47 71
52 71
71 75
18 71
71 82
7 71
43 58
58 83
58 61
1 58
5 58
2 58
58 79
58 75
10 58
18 58
58 82
7 58
58 71
33 58
9 14
9 26
9 21
2 9
9 79
9 51
9 18
9 35
9 67
9 54
9 58
10 39
35 39
29 87
29 86
29 42
29 77
5 29
12 29
29 79
29 51
18 29
29 35
22 42
22 77
5 22
2 22
22 66
22 52
10 22
22 41
22 29
22 32
22 58
22 38
22 53
5 28
28 44
28 47
28 51
28 62
28 80
28 29
28 32
28 58
28 38
28 53
19 28
25 28
28 69
8 83
8 14
1 8
2 8
8 47
8 51
8 75
8 18
8 29
57 89
57 86
42 57
1 57
21 57
12 57
57 66
57 75
57 62
57 80
57 67
85 89
31 85
4 85
68 85
45 85
55 85
85 87
83 85
61 85
1 85
5 85
2 85
47 85
75 85
62 85
35 85
80 85
57 85
17 85
39 85
53 85
1 3
2 3
3 66
3 52
3 10
3 18
3 82
3 54
3 17
46 54
46 69
46 72
36 89
36 68
34 36
36 45
36 87
36 63
36 42
26 36
1 36
36 44
36 47
36 66
36 62
36 80
36 82
7 36
36 54
36 46
36 53
10 78
41 78
78 82
7 78
17 78
39 78
84 89
68 84
45 84
84 87
43 84
63 84
42 84
14 84
21 84
44 84
79 84
66 84
62 84
35 84
29 84
57 84
58 84
38 84
72 84
33 84
0 84
8 84
76 84
49 89
49 68
45 49
49 55
49 87
49 63
42 49
14 49
5 49
44 49
47 49
49 51
49 62
49 80
49 82
32 49
17 49
38 49
49 84
49 78
5 73
44 73
47 73
52 73
62 73
35 73
73 82
57 73
58 73
59 73
9 73
73 78
43 60
60 63
60 83
60 77
21 60
12 60
60 66
52 60
10 60
60 80
60 82
57 60
58 60
46 60
9 60
60 78
27 60
16 87
16 86
16 61
16 26
1 16
2 16
16 79
16 52
16 75
16 18
16 67
16 32
16 17
16 39
9 16
16 78
16 60
16 73
48 89
4 48
34 48
45 48
48 87
48 86
48 83
48 77
21 48
44 48
48 79
48 52
18 48
35 48
48 67
7 48
17 48
48 59
48 84
48 85
48 60
24 67
24 57
24 38
24 39
24 84
24 28
24 30
24 49
24 36
15 79
15 66
15 18
15 41
15 82
7 15
15 17
15 38
9 15
15 30
15 73
15 24
15 56
3 15
15 22
15 33
65 89
4 65
45 65
55 65
65 87
65 86
61 65
65 77
1 65
2 65
47 65
65 66
10 65
35 65
65 67
7 65
38 65
46 65
9 65
28 65
30 65
65 72
48 65
65 74
15 65
27 65
20 89
4 20
20 45
20 55
20 43
20 86
20 42
14 20
20 21
12 20
20 79
20 51
20 62
20 35
20 29
20 32
20 38
20 39
9 20
20 28
20 30
20 72
20 70
20 74
13 37
37 89
31 37
4 37
37 68
34 37
37 45
37 55
37 43
37 86
37 61
37 77
1 37
37 44
37 47
37 52
10 37
37 41
29 37
7 37
17 37
37 46
37 53
37 85
37 60
24 37
37 70
40 89
31 40
4 40
40 68
34 40
40 87
40 43
40 86
40 42
40 77
5 40
2 40
40 47
40 52
40 75
40 80
29 40
40 57
40 54
39 40
40 84
40 85
81 83
14 81
21 81
12 81
79 81
51 81
62 81
35 81
81 82
32 81
58 81
46 81
59 81
78 81
56 81
72 81
70 81
23 81
8 81
50 89
50 55
50 87
50 83
42 50
14 50
21 50
5 50
47 50
50 51
10 50
35 50
29 50
32 50
50 54
39 50
50 53
30 50
50 81
50 73
50 56
50 74
37 50
23 50
20 50
8 50
50 65
11 13
11 89
11 31
4 11
11 68
11 34
11 45
11 55
11 43
11 63
11 83
11 77
1 11
11 12
11 79
11 66
10 11
11 35
11 67
7 11
11 54
11 46
9 11
11 85
11 81
11 24
11 48
11 74
11 22
6 89
6 63
6 83
6 26
1 6
2 6
6 47
6 75
6 18
6 41
6 67
6 7
6 58
6 39
6 53
6 85
6 30
6 72
6 56
6 36
6 37
6 8
0 6
6 71
6 11
60 88
72 88
24 88
3 88
15 88
6 88
69 88
19 88
64 88
33 88
11 20
11 19
11 71
11 50
3 81
0 81
40 81
40 49
40 48
16 40
27 40
19 40
3 40
37 40
40 71
40 69
16 37
0 37
37 69
20 37
20 23
20 65
20 71
16 65
64 65
15 23
15 64
24 48
24 27
19 24
48 76
16 48
36 48
27 48
48 71
16 23
0 16
8 16
16 33
60 71
19 60
60 73
60 64
36 60
22 73
33 73
49 73
71 73
8 73
3 73
49 69
49 74
25 49
33 49
23 49
49 64
49 56
78 84
56 84
19 84
64 78
30 78
72 78
33 78
36 78
27 78
36 69
0 36
23 36
8 36
25 36
36 74
3 46
30 46
23 46
46 53
8 46
3 9
3 85
3 70
3 33
3 64
3 76
3 22
23 85
70 85
0 85
76 85
56 85
57 70
27 57
33 57
19 57
56 57
0 57
57 74
54 57
8 57
8 38
8 28
8 56
8 22
8 69
8 25
28 64
28 71
28 74
22 28
22 72
22 56
22 71
22 25
22 76
0 29
17 29
29 39
29 30
29 64
29 53
27 29
29 54
7 39
39 54
38 39
39 74
9 39
0 39
39 59
9 53
9 30
9 27
9 71
56 58
58 72
27 58
58 70
59 71
19 71
25 71
23 82
72 82
38 82
32 82
33 82
76 82
38 67
38 54
38 53
38 64
27 38
18 27
0 18
18 32
17 18
18 19
32 41
32 76
32 59
32 53
23 32
32 72
17 32
7 32
32 69
17 59
59 76
56 59
59 70
33 59
59 64
19 59
25 59
59 69
25 53
25 30
25 56
25 76
25 27
25 33
27 41
41 70
41 80
41 54
41 64
41 53
17 54
54 74
54 76
23 54
52 53
52 62
23 52
52 75
52 56
30 52
52 70
10 70
67 70
53 70
70 72
56 70
23 70
33 70
70 74
64 70
67 74
7 67
19 67
67 69
17 69
30 69
69 76
19 69
0 69
30 47
33 47
47 80
47 76
35 47
51 80
62 80
74 80
23 80
76 80
17 80
30 80
0 80
56 80
53 74
30 74
19 74
27 74
51 76
19 51
10 51
27 51
17 51
10 75
10 64
10 30
10 76
10 35
7 10
7 35
7 30
7 64
66 75
53 66
56 66
64 66
33 66
64 75
64 76
27 64
0 64
12 53
12 76
12 56
12 27
12 62
12 79
30 76
72 76
23 76
33 76
21 35
21 75
21 30
19 21
23 44
23 79
23 75
23 53
23 27
5 61
35 61
14 35
2 35
35 75
35 72
33 35
35 56
0 72
19 72
19 44
44 62
30 44
44 79
0 79
17 79
19 79
17 30
0 17
17 19
5 26
26 75
0 75
33 75
0 14
14 19
14 77
2 14
14 56
53 77
62 77
33 77
0 77
27 77
1 77
1 53
1 62
1 30
42 56
27 42
2 42
56 62
0 56
0 87
2 87
2 63
2 5
2 53
2 33
0 2
63 86
0 63
53 86
62 86
33 86
5 86
83 86
19 86
27 86
53 83
62 83
33 83
5 83
19 83
19 43
0 55
19 55
19 62
19 27
5 27
5 53
0 5
5 62
5 33
0 33
53 62
0 89
