90 1201
39 64
13 64
39 81
13 81
64 74
74 81
30 39
13 30
30 74
64 75
75 81
30 75
39 55
55 74
13 55
64 77
77 81
30 77
55 77
34 39
13 34
34 74
34 77
34 75
7 64
7 81
7 30
7 55
7 34
39 89
13 89
74 89
77 89
7 89
75 89
17 64
17 81
17 30
17 55
17 34
17 89
39 86
13 86
74 86
77 86
7 86
75 86
35 64
35 81
30 35
35 55
34 35
35 89
35 86
39 49
13 49
49 74
49 77
7 49
49 75
17 49
63 64
63 81
30 63
55 63
34 63
63 89
63 86
49 63
64 67
39 67
13 67
67 74
67 75
67 77
7 67
35 67
63 67
17 67
41 64
41 81
30 41
41 55
34 41
41 89
41 86
41 49
41 67
64 73
30 73
55 73
73 89
49 73
67 73
39 73
13 73
73 74
7 73
73 77
73 75
42 64
42 81
30 42
42 55
34 42
42 89
42 86
42 49
42 67
42 73
14 39
13 14
14 74
14 75
7 14
14 77
27 64
27 73
14 27
64 71
71 89
71 86
71 73
39 85
13 85
74 85
77 85
7 85
75 85
18 64
18 30
18 34
18 89
18 86
18 73
18 85
25 39
25 74
13 25
64 69
69 89
49 69
67 69
69 85
25 69
32 39
32 74
13 32
32 69
40 64
40 81
30 40
40 55
34 40
40 89
40 86
40 49
40 67
40 73
40 71
25 40
32 40
26 39
13 26
26 74
64 82
81 82
30 82
55 82
34 82
82 89
49 82
67 82
14 82
25 82
26 82
32 82
28 39
15 64
15 81
15 30
15 55
15 34
15 89
15 86
15 67
14 15
15 71
15 26
15 38
15 28
39 62
13 62
62 74
62 75
29 62
29 38
28 29
29 74
57 64
49 57
57 73
57 71
26 57
35 57
38 57
28 66
57 66
36 64
36 73
14 36
36 71
26 36
35 36
36 50
36 66
33 64
30 33
33 34
33 89
33 86
33 67
33 73
12 33
26 33
33 35
64 65
30 65
65 86
49 65
65 73
12 65
26 65
38 65
39 65
40 65
11 65
11 66
11 57
1 64
1 67
1 85
1 71
1 26
1 38
1 28
1 74
1 33
1 58
1 40
1 41
64 84
25 84
26 84
35 84
50 84
74 84
33 84
26 43
32 43
38 43
43 50
43 57
16 64
16 49
16 73
16 71
16 26
16 35
16 28
16 66
16 57
28 44
44 74
16 44
43 44
61 65
61 66
33 61
61 79
50 78
74 78
61 78
43 78
78 79
37 64
30 37
34 37
37 89
37 49
37 67
14 37
25 37
12 37
35 37
37 38
37 50
37 61
23 64
23 81
23 30
23 55
23 34
23 89
23 49
23 67
23 71
12 23
23 26
23 35
23 28
23 74
23 61
16 23
23 37
23 36
23 82
22 64
22 34
22 49
22 67
22 71
12 22
22 26
22 32
22 38
22 74
22 33
22 23
22 40
22 37
17 22
22 84
22 36
64 72
71 72
62 72
38 72
28 72
66 72
57 72
58 72
72 79
37 72
22 72
64 70
70 73
14 70
70 71
26 70
35 70
28 70
70 74
33 70
16 70
70 79
69 70
42 70
70 82
3 64
3 89
3 49
3 73
3 85
3 25
3 62
3 35
3 65
3 66
3 33
3 16
3 23
3 37
3 22
3 70
52 64
34 52
52 89
52 67
14 52
25 52
52 62
35 52
28 52
52 66
33 52
16 52
23 52
41 52
42 52
13 52
39 52
60 79
37 60
42 60
52 60
47 61
47 58
47 79
37 47
22 47
64 83
25 83
12 83
32 83
65 83
50 83
57 83
16 83
79 83
10 65
10 74
10 33
10 43
10 23
10 41
10 77
10 36
10 83
10 82
50 88
74 88
33 88
16 88
79 88
10 88
42 88
84 88
3 88
9 61
9 16
9 40
9 69
9 84
9 70
0 9
2 64
2 25
2 62
2 38
2 50
2 74
2 61
2 43
2 79
2 69
2 42
2 83
0 2
2 60
2 9
2 77
2 7
45 65
45 66
33 45
16 45
23 45
45 69
42 45
45 70
45 47
2 45
17 45
6 62
6 32
6 28
6 74
6 61
6 16
6 23
6 69
6 10
6 83
0 6
6 9
6 17
22 31
31 52
31 75
9 31
31 60
6 31
7 31
53 61
43 53
41 53
53 69
53 84
52 53
47 53
9 53
53 77
11 53
45 53
44 53
64 68
67 68
68 73
25 68
12 68
38 68
65 68
50 68
61 68
58 68
68 79
41 68
22 68
68 70
0 68
9 68
68 77
11 68
45 68
53 68
24 85
24 25
24 26
24 32
24 50
24 66
24 33
24 43
24 79
24 41
24 84
24 83
3 24
9 24
24 60
51 85
51 71
12 51
35 51
51 65
51 74
51 57
51 58
40 51
37 51
42 51
51 52
47 51
2 51
17 51
51 60
7 51
51 88
5 42
5 83
3 5
2 5
5 60
5 51
5 7
5 13
5 31
33 54
54 58
40 54
54 69
22 54
54 83
3 54
54 75
54 77
6 54
45 54
4 64
4 67
4 73
4 71
4 12
4 38
4 65
4 50
4 61
4 43
4 79
4 69
4 42
4 83
4 52
4 17
4 82
4 6
48 64
30 48
48 55
48 89
48 49
48 67
48 73
25 48
12 48
38 48
48 65
48 66
48 57
16 48
41 48
10 48
42 48
48 84
0 48
2 48
48 77
11 48
45 48
13 48
21 64
21 25
12 21
21 32
21 65
21 50
21 33
21 58
21 23
21 37
21 42
21 83
21 47
9 21
21 82
6 21
21 48
56 64
30 56
55 56
34 56
56 86
49 56
56 73
56 71
12 56
32 56
50 56
56 66
56 57
23 56
40 56
56 69
22 56
56 70
3 56
2 56
56 82
11 56
7 56
13 56
56 88
21 56
61 80
58 80
79 80
41 80
10 80
52 80
3 80
75 80
77 80
51 80
7 80
4 80
56 80
39 80
15 80
46 64
30 46
46 55
46 89
46 86
46 67
46 85
46 71
46 62
32 46
28 46
46 66
46 61
43 46
41 46
46 69
22 46
46 52
46 47
9 46
17 46
6 46
45 46
13 46
46 54
18 46
1 46
46 63
46 72
79 87
69 87
10 87
70 87
47 87
9 87
77 87
11 87
48 87
4 87
31 87
39 87
64 76
25 76
62 76
35 76
28 76
74 76
61 76
43 76
40 76
37 76
10 76
76 83
47 76
75 76
17 76
11 76
45 76
4 76
56 76
18 76
15 76
20 62
20 32
20 65
20 33
20 57
16 20
20 23
20 69
20 84
20 52
0 20
20 75
20 60
6 20
20 45
13 20
20 24
19 57
16 19
19 41
19 69
10 19
19 83
0 19
19 75
19 77
19 51
19 48
13 19
19 31
1 19
19 63
19 20
19 39
19 44
8 64
8 81
8 30
8 55
8 34
8 89
8 86
8 67
8 14
8 71
8 26
8 38
8 65
8 74
8 61
8 43
8 40
8 37
8 42
8 52
8 47
8 9
8 77
8 51
8 48
8 13
8 31
8 19
8 76
8 36
8 27
59 71
25 59
26 59
35 59
50 59
59 74
59 61
43 59
41 59
59 69
42 59
59 84
47 59
59 75
59 77
6 59
7 59
53 59
24 59
54 59
59 76
46 59
29 59
44 59
8 59
59 78
8 63
8 80
19 27
20 76
5 20
20 78
20 27
20 80
20 87
76 87
76 78
46 87
44 87
72 87
68 87
46 80
27 80
72 80
54 56
31 56
27 56
36 56
21 24
18 21
1 21
5 21
21 88
21 27
21 78
21 68
48 78
48 63
39 48
4 48
4 53
4 39
4 72
4 24
4 78
4 54
54 78
39 54
29 54
5 54
36 54
1 5
5 36
5 68
5 27
24 51
44 51
29 51
1 51
7 24
24 68
15 24
1 24
18 24
24 72
18 68
15 68
29 68
68 78
53 63
27 53
29 53
31 53
36 53
31 88
31 63
31 44
6 36
6 63
6 78
6 45
27 45
29 45
45 72
2 82
2 13
2 63
2 36
9 15
9 88
9 29
60 88
11 88
18 88
39 88
36 88
29 88
72 88
44 88
0 10
10 75
10 17
10 27
10 63
22 83
0 83
47 83
29 83
36 83
75 83
11 83
7 47
47 60
44 47
47 78
29 47
17 60
60 63
39 60
27 60
13 60
15 60
27 52
52 77
52 63
3 52
3 27
3 77
3 63
3 13
3 18
3 39
3 82
1 70
17 70
70 72
15 70
18 70
70 78
7 70
44 70
0 72
17 72
72 77
11 72
18 72
1 72
63 72
22 44
13 22
22 75
11 22
23 39
23 79
23 27
23 77
0 23
17 23
37 79
37 78
37 42
15 37
37 63
37 39
37 44
11 37
37 69
78 84
75 78
77 78
18 78
15 78
18 61
17 61
61 82
16 79
44 79
18 79
42 79
44 75
17 44
11 44
1 44
36 44
44 63
16 69
16 29
16 27
16 43
16 41
15 43
42 43
13 43
7 43
43 84
18 43
43 77
40 84
41 84
29 84
0 84
39 84
82 84
77 84
1 84
7 84
0 1
1 17
1 82
1 7
1 13
1 29
58 75
58 63
40 58
0 58
11 58
17 58
11 40
0 11
11 75
11 82
11 39
11 18
65 75
42 65
17 65
63 65
33 65
27 65
7 65
33 66
33 82
7 33
33 69
33 63
33 36
33 77
36 40
0 36
36 82
7 36
36 39
29 36
66 77
18 66
66 75
66 74
7 66
40 66
27 66
41 57
40 57
13 57
0 57
39 57
15 57
27 57
42 57
57 75
29 57
29 40
29 69
29 77
29 39
29 63
35 62
7 62
50 62
32 50
38 50
0 50
39 50
50 63
50 69
15 50
41 50
17 50
15 41
15 42
0 15
15 82
7 15
13 15
15 39
15 63
15 27
28 74
18 28
28 82
28 41
28 77
13 28
40 82
17 82
13 82
27 82
18 82
7 82
26 38
26 63
26 77
26 42
18 26
35 38
38 39
38 42
38 40
38 74
18 38
13 38
38 69
40 63
40 75
13 40
40 41
40 69
17 32
32 75
32 77
7 32
35 69
7 69
25 42
7 25
18 25
25 77
25 35
25 75
18 41
18 42
18 75
7 18
13 18
63 85
41 85
71 85
39 71
13 71
71 74
17 71
7 71
71 77
71 75
27 71
41 71
12 27
27 35
27 42
17 27
14 42
14 35
42 74
35 73
17 73
63 73
41 73
12 41
35 41
7 41
39 41
13 41
12 63
35 63
35 49
35 39
13 35
35 74
0 35
17 35
17 86
12 17
0 17
17 75
55 75
0 75
39 75
12 74
0 74
39 74
13 74
12 13
12 39
0 12
