90 1602
35 53
19 53
19 31
35 43
19 43
38 53
31 38
38 43
31 72
35 72
19 72
9 53
9 31
9 43
9 72
35 59
19 59
9 59
38 59
17 53
17 31
17 43
17 72
17 59
35 69
19 69
17 69
38 69
9 69
11 53
11 31
11 43
11 72
11 59
11 69
34 35
19 34
9 34
34 38
17 34
11 34
36 53
31 36
36 43
36 72
36 59
36 69
34 36
42 53
31 42
42 43
42 72
42 59
42 69
34 42
35 42
19 42
38 42
9 42
17 42
11 42
36 42
53 58
31 58
43 58
58 72
58 59
58 69
34 58
42 58
35 71
19 71
38 71
9 71
17 71
11 71
36 71
6 53
6 31
6 43
6 72
6 59
6 69
6 34
6 42
6 71
27 31
27 72
27 59
27 69
27 34
27 42
27 35
19 27
9 27
17 27
27 38
11 27
27 36
6 27
27 58
53 74
31 74
43 74
72 74
59 74
69 74
34 74
42 74
71 74
27 74
35 79
19 79
38 79
17 79
9 79
11 79
36 79
6 79
58 79
28 53
28 31
28 72
28 59
28 34
28 71
28 79
27 54
35 54
19 54
9 54
38 54
17 54
11 54
36 54
6 54
54 58
53 64
31 64
64 72
59 64
42 64
64 71
54 64
19 64
65 79
54 65
19 65
35 65
38 65
9 65
17 65
11 65
36 65
58 65
6 65
31 39
39 72
39 59
39 69
39 42
39 71
39 79
39 54
39 65
26 27
26 54
19 26
26 35
17 26
9 26
26 38
11 26
26 36
10 31
10 42
10 27
10 54
10 65
10 26
27 30
30 54
19 30
5 31
5 72
5 59
5 69
5 34
5 42
5 27
5 19
5 65
5 35
5 17
5 38
5 9
5 11
5 36
79 84
54 84
19 84
5 84
16 53
16 31
16 72
16 59
16 69
16 34
16 42
16 71
16 27
16 19
35 88
9 88
38 88
17 88
11 88
36 88
56 88
5 56
30 56
53 85
31 85
43 85
72 85
59 85
69 85
42 85
71 85
27 85
19 85
85 88
5 85
16 85
35 85
17 85
38 85
9 85
11 85
58 85
47 53
31 47
47 72
47 59
47 69
34 47
42 47
27 47
47 79
47 54
47 88
5 47
47 85
35 82
17 82
9 82
38 82
36 82
10 82
24 79
24 54
24 65
24 26
16 24
24 82
40 79
40 54
40 65
26 40
30 40
40 85
35 40
38 40
17 40
9 40
24 40
31 37
37 72
37 69
37 42
27 37
19 37
37 65
26 37
37 85
37 82
37 40
35 63
56 63
4 31
4 72
4 59
4 69
4 34
4 71
4 79
4 54
4 65
4 5
4 30
4 82
35 78
17 78
9 78
38 78
11 78
31 76
72 76
69 76
42 76
76 79
54 76
76 88
5 76
16 76
76 84
76 78
31 60
60 72
59 60
42 60
60 79
19 60
60 65
26 60
30 60
60 84
60 82
35 60
69 81
42 81
54 81
19 81
65 81
5 81
30 81
81 84
40 81
60 81
67 79
54 67
19 67
5 67
16 67
67 84
67 82
21 78
21 35
21 38
21 39
31 55
55 72
55 69
55 71
55 79
19 55
55 65
26 55
30 55
55 84
21 55
55 60
55 63
20 40
20 21
20 67
8 88
8 26
8 16
8 84
8 40
8 21
8 39
8 35
48 53
31 48
43 48
48 72
48 59
48 69
42 48
48 71
48 79
19 48
48 65
26 48
30 48
48 82
40 48
48 60
48 63
8 48
53 61
31 61
43 61
61 72
59 61
61 69
42 61
27 61
61 79
19 61
61 65
61 88
30 61
61 84
40 61
21 61
61 67
8 61
35 61
61 74
61 76
52 53
31 52
43 52
52 72
52 59
52 69
34 52
42 52
52 71
27 52
52 54
19 52
52 65
5 52
16 52
52 85
52 78
21 52
52 67
52 61
13 69
13 42
13 27
13 54
13 19
5 13
13 30
13 84
13 40
13 21
13 39
13 20
13 35
13 52
44 79
19 44
44 65
44 88
16 44
44 84
40 44
44 60
39 44
20 44
13 44
75 88
26 75
16 75
75 84
75 82
63 75
39 75
8 75
13 75
40 57
57 60
39 57
8 57
1 31
1 72
1 34
1 42
1 27
1 54
1 65
1 5
1 30
1 84
1 82
1 60
1 63
1 8
1 61
1 35
18 27
18 19
18 88
18 26
18 30
18 84
18 40
18 21
18 67
18 39
1 18
18 75
18 56
31 80
72 80
59 80
69 80
42 80
27 80
79 80
19 80
65 80
5 80
30 80
80 85
80 82
21 80
63 80
8 80
13 80
75 80
7 31
7 72
7 59
7 69
7 34
7 42
7 27
7 54
7 65
7 26
7 30
7 85
7 78
7 21
7 67
7 20
7 13
7 57
7 52
27 87
54 87
65 87
5 87
30 87
84 87
78 87
21 87
63 87
20 87
13 87
75 87
7 87
31 89
72 89
59 89
69 89
34 89
42 89
79 89
54 89
19 89
26 89
30 89
85 89
40 89
60 89
63 89
8 89
13 89
75 89
56 89
6 89
4 89
74 89
51 78
21 51
39 51
20 51
13 51
1 51
51 89
51 80
41 63
20 41
13 41
1 41
41 89
59 68
42 68
27 68
19 68
68 88
26 68
16 68
68 85
68 82
60 68
63 68
39 68
1 68
57 68
56 68
68 80
41 68
68 74
28 68
30 83
83 84
78 83
60 83
39 83
8 83
1 83
57 83
7 83
68 83
33 88
5 33
16 33
33 84
33 40
33 60
33 67
8 33
33 61
33 57
33 56
33 89
12 79
12 19
12 65
12 26
12 16
12 85
12 78
12 21
12 67
12 39
12 13
12 57
7 12
12 80
12 33
19 23
23 26
16 23
23 85
23 78
23 60
23 67
20 23
23 61
23 75
23 56
23 68
23 33
6 23
23 44
25 53
25 31
25 43
25 72
25 59
25 69
25 34
25 42
25 27
19 25
25 65
5 25
25 26
25 85
25 40
25 63
25 67
20 25
25 61
1 25
7 25
25 80
25 41
23 25
27 73
19 73
73 88
5 73
30 73
73 85
73 82
60 73
39 73
20 73
1 73
73 75
7 73
73 89
33 73
47 73
14 67
14 39
13 14
1 14
14 56
14 68
14 80
14 73
14 48
14 55
14 18
2 16
2 84
2 40
2 60
2 63
2 8
1 2
2 75
2 56
2 89
2 33
2 73
2 48
2 55
2 18
0 2
17 32
2 32
28 32
32 87
32 76
15 61
15 57
15 56
15 68
15 80
15 23
15 73
15 55
15 44
2 15
15 38
29 53
29 31
29 43
29 72
29 59
29 69
29 34
29 42
29 71
27 29
29 79
19 29
29 65
5 29
26 29
29 85
29 40
21 29
29 67
8 29
13 29
1 29
29 56
29 68
29 33
23 29
29 55
29 74
18 29
14 29
29 38
29 83
29 58
45 69
42 45
45 79
45 54
19 45
26 45
16 45
45 84
45 78
45 60
45 63
8 45
13 45
45 57
45 56
45 89
41 45
45 47
45 48
45 74
44 45
2 45
45 83
29 45
36 45
15 45
45 81
55 66
66 74
17 66
18 66
38 66
66 87
16 77
77 85
40 77
21 77
67 77
8 77
61 77
1 77
7 77
77 80
33 77
23 77
48 77
31 49
42 49
27 49
19 49
49 88
26 49
30 49
49 85
40 49
21 49
49 63
39 49
49 61
49 57
7 49
49 80
33 49
47 49
48 49
11 49
49 77
25 49
46 88
26 46
16 46
46 84
46 82
46 60
46 67
8 46
46 61
46 75
46 56
46 68
41 46
23 46
46 48
46 49
17 46
14 46
38 46
46 83
46 76
46 77
37 46
46 66
4 46
40 86
21 86
63 86
20 86
61 86
57 86
7 86
80 86
41 86
47 86
48 86
49 86
17 86
18 86
28 86
86 87
76 86
77 86
37 86
81 86
4 86
24 86
51 86
52 86
46 86
25 86
35 86
45 86
0 46
32 46
46 58
45 46
9 46
46 52
0 49
28 49
44 49
49 87
18 49
3 31
3 72
3 59
3 69
3 42
3 71
3 79
3 54
3 19
3 26
3 16
3 84
3 78
3 63
3 39
3 20
1 3
3 75
3 7
3 68
3 41
3 47
3 55
3 49
3 44
2 3
3 38
3 29
3 76
3 77
70 82
60 70
67 70
39 70
13 70
1 70
56 70
70 89
41 70
23 70
70 73
70 74
17 70
2 70
38 70
70 83
70 76
3 70
37 70
10 70
64 70
12 70
0 70
62 88
5 62
16 62
62 85
62 78
62 63
62 67
20 62
61 62
57 62
56 62
62 80
41 62
62 73
48 62
62 74
44 62
18 62
28 62
62 83
36 62
15 62
50 53
31 50
43 50
50 72
50 59
50 69
34 50
42 50
50 71
27 50
50 79
19 50
50 88
5 50
16 50
50 85
50 78
50 60
50 67
20 50
13 50
50 75
7 50
50 89
41 50
23 50
50 55
50 74
44 50
14 50
28 50
50 83
36 50
3 50
15 50
50 62
9 50
50 52
50 64
12 50
35 50
10 50
0 50
32 50
62 66
62 64
35 62
0 62
25 62
22 31
22 42
22 54
19 22
22 88
5 22
22 30
22 85
22 78
21 22
22 67
20 22
13 22
22 57
7 22
22 68
22 33
22 47
22 73
22 74
17 22
2 22
22 38
22 87
22 29
3 22
22 81
22 66
22 64
12 22
22 35
22 62
22 25
9 22
22 24
11 22
11 62
62 70
24 62
32 70
52 70
45 70
51 70
3 51
3 66
3 64
3 58
3 81
3 24
3 4
17 49
49 81
37 49
12 49
49 52
49 51
44 77
18 77
28 77
77 87
29 77
12 77
66 77
10 77
37 77
25 77
15 77
9 77
6 77
66 81
58 66
9 66
32 66
25 66
10 66
45 66
45 64
0 45
32 45
9 45
11 45
4 29
25 29
29 36
24 29
15 29
0 29
6 29
15 36
15 35
12 15
0 15
15 52
11 15
15 32
15 24
10 32
12 32
32 58
11 32
32 51
2 14
2 24
2 6
2 28
2 38
2 36
2 64
2 35
14 83
14 58
11 14
14 37
14 51
14 52
12 14
10 14
14 81
9 14
14 35
73 76
11 73
35 73
52 73
17 73
51 73
25 73
28 73
9 73
37 73
4 73
55 73
17 25
18 25
25 83
25 76
25 37
25 64
25 35
25 58
24 25
9 25
18 23
12 23
23 87
9 23
23 36
23 74
0 23
23 64
10 23
23 83
12 48
12 44
12 28
12 87
10 12
4 12
6 12
11 12
12 58
0 12
33 81
33 83
33 41
33 48
33 44
33 64
33 58
33 87
10 33
33 35
18 33
11 33
55 83
74 83
18 83
28 83
83 87
11 83
64 83
10 83
37 83
51 83
6 68
0 68
38 68
64 68
36 68
58 68
10 68
68 81
44 68
17 41
41 52
37 41
41 47
4 41
38 41
41 51
41 55
41 76
28 41
35 41
47 51
51 55
38 51
51 76
37 51
10 51
4 51
6 51
51 58
9 51
24 51
36 89
55 89
48 89
35 89
17 89
47 89
37 89
87 89
24 89
9 89
55 87
17 87
18 87
35 87
52 87
0 87
9 87
81 87
76 87
6 87
7 58
7 48
7 44
7 28
7 81
7 55
7 11
7 37
7 80
7 56
11 80
18 80
76 80
52 80
4 80
9 80
74 80
6 80
0 80
24 80
36 80
18 48
18 44
18 37
10 18
9 18
18 76
4 18
1 17
1 57
1 47
1 37
1 28
1 24
1 58
1 56
1 76
35 57
55 57
17 57
48 57
47 57
57 75
57 64
9 57
6 57
0 57
10 57
38 57
52 75
37 75
44 75
28 75
11 75
36 75
74 75
75 81
4 75
35 75
24 75
9 75
44 55
17 44
38 44
4 44
44 81
28 44
11 44
35 44
24 44
13 76
10 13
4 13
13 74
13 24
13 38
6 13
47 52
52 74
38 52
52 76
10 52
4 52
35 52
52 58
11 52
24 52
48 61
9 61
55 61
36 61
11 61
61 64
0 61
58 61
56 61
61 81
47 48
6 48
0 48
48 81
48 76
48 58
48 64
38 48
48 74
4 8
8 36
8 38
8 58
8 37
8 64
8 10
8 20
8 47
0 8
20 35
9 20
20 81
17 20
20 28
20 55
20 56
6 20
11 20
20 24
47 55
36 55
24 55
10 55
9 55
4 55
55 64
9 21
17 21
21 67
11 21
21 64
21 58
21 47
35 67
24 67
10 67
67 76
4 67
67 81
47 67
58 67
56 67
47 81
28 81
36 81
37 81
24 81
64 81
6 81
11 81
4 81
10 60
60 76
9 60
17 60
39 60
0 60
60 74
38 60
24 60
56 76
74 76
17 76
28 76
36 76
24 76
58 76
35 76
56 78
28 78
0 78
4 78
36 78
4 63
4 47
4 38
4 36
4 37
4 11
4 6
4 58
28 63
37 63
36 63
6 63
0 63
63 64
39 63
37 39
37 47
28 37
36 37
11 37
6 37
37 58
10 40
40 64
40 47
40 58
40 74
24 47
24 74
24 38
10 24
6 24
47 82
11 82
6 82
47 56
38 47
17 47
11 47
28 47
47 58
0 85
56 85
74 85
84 85
39 85
56 64
17 56
0 56
10 56
35 56
38 56
16 88
0 88
58 88
74 88
6 88
16 26
16 35
9 16
16 17
16 38
11 16
16 36
16 64
16 30
16 74
16 39
16 84
35 84
38 84
9 84
17 84
11 84
28 84
6 84
64 84
58 84
5 28
5 6
5 30
5 58
5 64
30 35
30 38
17 30
9 30
11 30
6 30
0 30
28 30
30 36
10 30
10 74
10 28
10 36
10 35
0 10
26 74
0 26
26 39
35 39
6 39
39 74
36 39
17 39
28 39
38 39
9 39
11 39
28 65
64 65
17 64
38 64
36 64
35 64
0 64
9 64
28 54
28 36
11 28
28 58
74 79
19 74
6 74
38 74
58 74
35 74
36 74
0 27
6 19
6 17
6 38
6 35
6 58
6 11
0 6
58 71
19 58
17 58
0 42
19 36
17 36
9 36
11 36
11 19
17 19
0 17
9 17
9 19
9 35
0 9
38 72
19 38
0 38
19 35
0 19
31 35
0 31
