90 1602
24 53
45 53
24 42
42 45
7 24
7 45
24 34
34 45
7 34
24 40
40 45
7 40
40 42
34 40
40 53
40 70
15 24
15 45
7 15
15 40
24 87
45 87
7 87
40 87
70 87
42 87
53 87
34 87
24 43
43 45
7 43
40 43
43 87
53 54
34 54
54 70
42 54
15 54
43 54
24 52
45 52
7 52
40 52
52 87
52 54
42 52
43 52
52 53
20 24
7 20
20 40
20 87
20 54
20 42
20 43
20 53
20 34
20 70
15 20
24 65
45 65
7 65
40 65
65 87
54 65
42 65
43 65
53 65
20 65
12 24
12 45
7 12
12 40
12 87
12 54
12 42
12 43
12 53
12 20
12 70
12 34
12 15
24 36
36 45
7 36
36 40
36 87
36 54
36 42
36 43
36 53
20 36
12 36
24 35
7 35
35 40
35 87
35 42
35 43
35 53
20 35
12 35
34 35
35 70
15 35
35 36
35 52
10 24
10 45
7 10
10 40
10 87
10 54
10 42
10 43
10 53
10 20
10 12
10 35
27 34
27 70
15 27
27 65
27 52
27 36
24 80
45 80
7 80
40 80
80 87
54 80
42 80
43 80
53 80
20 80
12 80
35 80
27 80
34 83
70 83
15 83
65 83
36 83
10 83
80 83
52 83
24 73
45 73
7 73
40 73
73 87
54 73
42 73
43 73
53 73
20 73
12 73
35 73
27 73
73 83
24 62
7 62
40 62
62 87
54 62
42 62
43 62
53 62
20 62
12 62
35 62
27 62
62 83
34 62
62 70
15 62
52 62
62 65
62 80
36 62
10 62
62 73
24 55
7 55
40 55
55 87
42 55
43 55
53 55
20 55
12 55
27 55
55 62
52 55
34 85
70 85
15 85
65 85
36 85
10 85
4 7
4 40
4 42
4 43
4 20
4 83
4 80
0 4
4 85
7 88
40 88
42 88
43 88
53 88
35 88
62 88
80 88
24 48
7 48
40 48
48 87
48 54
42 48
43 48
48 53
20 48
12 48
35 48
48 83
25 70
25 34
15 25
10 25
25 52
25 36
25 65
25 80
25 73
24 81
45 81
7 81
40 81
81 87
54 81
42 81
43 81
53 81
20 81
12 81
35 81
27 81
81 83
25 81
80 81
48 81
81 88
24 31
31 45
7 31
31 40
31 87
31 54
31 42
31 43
31 53
20 31
12 31
31 35
27 31
31 83
31 62
31 80
31 85
7 74
40 74
74 87
42 74
43 74
53 74
20 74
74 83
62 74
74 80
52 74
34 74
70 74
15 74
7 67
40 67
67 87
42 67
53 67
27 67
62 67
0 67
67 74
67 88
44 85
44 88
34 44
44 70
15 44
24 46
7 46
40 46
46 87
46 54
42 46
43 46
46 53
20 46
35 46
46 62
46 80
46 85
44 46
22 70
22 34
7 66
40 66
66 87
42 66
43 66
53 66
12 66
27 66
66 83
66 80
48 66
66 74
22 66
24 28
7 28
28 40
28 87
28 42
28 43
20 28
28 35
28 80
28 52
28 85
28 88
28 31
33 44
33 70
33 34
7 89
40 89
42 89
43 89
53 89
83 89
80 89
0 89
52 89
74 89
44 89
33 89
36 89
14 53
14 35
14 62
14 80
14 85
14 44
14 22
14 28
53 71
35 71
62 71
71 80
71 85
71 74
31 71
28 71
36 71
24 77
7 77
40 77
77 87
54 77
42 77
43 77
53 77
20 77
12 77
35 77
77 83
62 77
77 80
48 77
77 88
22 77
31 77
71 77
15 77
4 77
44 79
31 79
77 79
14 79
21 62
21 52
21 85
21 88
21 22
21 28
21 71
14 21
21 50
16 77
14 16
16 50
16 73
16 46
16 65
18 24
7 18
18 40
18 87
18 54
18 42
18 43
18 53
18 20
18 27
18 62
18 80
18 52
18 74
18 44
18 28
18 36
24 76
7 76
40 76
76 87
42 76
43 76
12 76
27 76
62 76
76 80
48 76
74 76
44 76
33 76
36 76
52 84
44 84
22 84
28 84
71 84
76 84
50 84
73 84
36 86
76 86
22 51
33 51
36 51
14 51
51 55
7 47
40 47
47 87
42 47
43 47
47 53
20 47
27 47
47 83
47 80
47 48
47 74
22 47
28 47
47 71
14 47
47 51
16 47
39 50
16 39
39 86
39 47
39 79
15 39
7 58
40 58
42 58
43 58
12 58
27 58
58 83
52 58
58 85
58 74
44 58
33 58
36 58
58 77
58 81
50 58
39 58
12 64
64 83
25 64
64 80
64 74
64 88
31 64
36 64
64 77
64 76
50 64
16 64
39 64
24 38
7 38
38 40
38 87
38 54
38 42
38 43
38 53
20 38
12 38
35 38
27 38
25 38
38 80
38 48
38 44
31 38
28 38
38 71
38 76
38 51
38 73
7 29
29 42
29 53
29 83
29 80
0 29
29 85
29 88
29 44
28 29
29 77
14 29
29 81
29 50
29 55
29 79
29 34
29 38
18 29
61 71
61 76
61 81
61 73
29 61
38 61
48 75
75 88
31 75
28 75
71 75
75 76
50 75
73 75
75 86
39 75
1 53
1 35
1 25
1 52
1 48
1 74
1 22
1 33
1 71
1 76
1 81
1 16
1 39
1 38
1 75
1 67
7 30
30 40
30 87
30 42
30 43
30 53
12 30
27 30
30 83
30 52
30 48
30 74
22 30
28 30
30 71
14 30
30 51
30 73
30 86
30 64
8 48
8 88
8 22
8 33
8 71
8 77
8 51
8 73
8 86
8 38
3 31
3 33
3 36
3 77
3 51
3 50
3 29
3 38
24 63
45 63
7 63
40 63
63 87
54 63
42 63
43 63
53 63
20 63
12 63
35 63
27 63
63 83
25 63
0 63
48 63
63 88
44 63
33 63
63 71
63 76
63 81
63 73
29 63
3 63
63 75
18 63
1 63
8 59
59 67
1 59
21 59
7 11
11 27
11 62
11 52
11 48
11 88
11 22
11 33
11 36
11 76
11 51
11 16
11 86
11 64
3 11
11 67
11 30
11 59
24 78
7 78
40 78
78 87
54 78
42 78
43 78
53 78
20 78
12 78
35 78
78 83
62 78
0 78
52 78
74 78
44 78
33 78
77 78
76 78
51 78
73 78
39 78
64 78
3 78
18 78
31 60
36 60
60 71
60 76
51 60
50 60
39 60
60 64
8 60
60 67
60 65
6 51
6 73
6 39
6 38
6 8
6 60
6 30
6 66
6 78
12 72
35 72
72 80
52 72
48 72
72 88
44 72
28 72
71 72
72 76
72 81
72 73
72 86
64 72
8 72
18 72
30 72
1 72
72 78
10 72
19 24
7 19
19 40
19 87
19 54
19 42
19 43
19 53
19 20
12 19
19 35
19 83
19 25
19 52
19 48
19 74
19 44
19 28
19 36
14 19
19 81
16 19
19 39
19 64
19 75
19 67
1 19
19 59
19 78
19 72
9 24
9 45
7 9
9 40
9 87
9 54
9 42
9 43
9 53
9 20
9 12
9 27
9 25
0 9
9 48
9 88
9 44
9 36
9 77
9 76
9 50
9 16
9 86
3 9
9 75
9 67
9 30
9 66
9 78
9 72
9 79
6 9
24 26
7 26
26 40
26 87
26 54
26 42
26 43
26 53
20 26
12 26
26 35
26 27
26 83
26 52
26 48
26 88
22 26
26 33
26 36
26 77
26 51
26 50
26 29
26 38
3 26
26 67
26 30
26 66
26 55
26 72
9 26
5 52
5 74
5 44
5 33
5 71
5 77
5 81
5 16
5 86
5 64
5 8
5 18
5 60
5 66
5 63
62 82
52 82
48 82
82 88
22 82
28 82
71 82
14 82
51 82
16 82
82 86
39 82
3 82
60 82
30 82
66 82
63 82
58 82
2 53
2 83
2 62
0 2
2 85
2 74
2 44
2 33
2 36
2 76
2 81
2 73
2 29
2 64
2 75
2 18
2 30
2 66
2 63
2 82
24 56
7 56
40 56
56 87
54 56
42 56
43 56
53 56
20 56
12 56
35 56
27 56
56 80
52 56
56 85
56 88
44 56
33 56
56 71
56 77
51 56
50 56
29 56
39 56
8 56
18 56
56 60
56 63
55 56
56 82
9 56
56 84
12 69
35 69
69 80
0 69
52 69
69 88
22 69
31 69
69 71
69 76
51 69
50 69
39 69
38 69
69 75
67 69
30 69
66 69
55 69
7 41
40 41
41 42
41 43
12 41
27 41
41 62
41 52
41 48
41 88
31 41
28 41
41 71
14 41
41 51
16 41
41 86
39 41
41 75
41 67
41 60
41 66
41 63
41 72
41 69
41 61
37 77
14 37
37 51
37 73
29 37
37 64
37 75
8 37
1 37
37 59
37 63
37 41
37 56
68 85
44 68
22 68
33 68
36 68
14 68
68 81
68 73
29 68
38 68
8 68
18 68
1 68
59 68
55 68
68 72
9 68
19 68
17 20
17 35
17 25
0 17
17 48
17 74
17 31
17 28
17 77
14 17
17 50
17 73
17 29
17 38
8 17
17 18
1 17
17 59
17 63
17 82
17 41
17 68
17 69
17 89
17 84
17 21
11 17
2 17
17 26
10 17
17 46
17 70
24 32
7 32
32 40
32 87
32 42
32 43
32 53
20 32
12 32
27 32
32 80
32 52
32 85
32 88
31 32
32 33
32 36
32 76
32 81
16 32
32 39
32 64
32 75
18 32
1 32
32 66
32 55
32 82
32 41
32 68
32 69
32 37
32 84
21 32
23 24
7 23
23 40
23 87
23 42
23 43
23 53
23 83
23 62
23 52
23 85
23 74
23 31
23 28
23 77
14 23
23 81
23 73
23 39
3 23
23 75
8 23
23 30
23 59
23 55
23 82
23 41
23 68
6 23
4 23
23 61
21 23
19 23
23 26
23 65
7 13
13 40
13 42
13 43
13 53
13 83
13 62
13 80
13 52
13 88
13 44
13 28
13 36
13 76
13 51
13 73
13 29
13 64
3 13
13 18
13 30
13 63
13 78
13 55
9 13
13 68
13 69
13 89
13 61
13 21
13 23
13 19
13 70
13 46
13 58
24 49
7 49
40 49
49 87
42 49
43 49
49 53
35 49
49 80
0 49
48 49
49 74
31 49
33 49
36 49
14 49
49 81
16 49
49 86
38 49
49 75
18 49
49 60
49 66
49 55
49 82
9 49
49 68
49 69
4 49
49 84
47 49
11 49
13 49
10 49
19 49
46 49
49 70
23 58
23 32
15 32
32 34
10 32
2 32
32 70
37 68
21 68
46 68
11 68
53 57
35 57
57 62
0 57
48 57
57 74
31 57
33 57
36 57
14 57
57 81
16 57
29 57
3 57
8 57
57 67
57 60
57 66
57 78
57 72
56 57
57 68
57 69
6 57
37 57
57 61
11 57
34 57
19 57
10 57
57 65
57 70
5 37
4 37
37 47
10 37
15 37
37 58
2 37
37 70
41 65
5 41
4 41
41 70
21 41
11 41
56 69
5 69
58 69
26 69
65 69
34 69
21 69
56 58
56 61
2 56
34 56
46 56
56 89
10 56
2 79
2 6
2 89
2 47
2 15
2 34
2 58
2 26
15 82
21 82
79 82
5 82
11 82
34 82
5 79
5 58
5 47
5 26
5 84
4 5
5 19
5 46
5 15
26 89
26 61
26 34
26 58
26 46
26 65
9 15
9 47
9 65
9 19
9 10
19 89
19 61
11 19
19 58
19 65
72 84
70 72
4 72
72 89
6 72
46 72
6 79
6 61
6 10
6 11
6 47
6 70
6 89
6 65
21 60
60 61
60 84
4 60
15 60
60 78
60 70
60 79
59 78
11 78
4 78
34 78
61 78
15 78
78 89
58 78
47 78
11 89
11 84
11 21
11 15
11 34
55 59
15 59
59 89
47 59
10 59
34 59
59 63
61 63
4 63
55 63
63 84
63 65
10 63
3 65
3 21
3 89
3 10
3 46
3 55
3 66
3 67
3 8
4 8
8 47
8 30
8 58
8 70
8 34
18 30
30 58
30 89
30 46
30 55
21 30
1 30
1 10
1 65
1 47
1 66
1 34
1 70
1 84
34 75
75 79
61 75
75 84
18 75
70 75
15 75
18 61
61 79
4 61
47 61
21 61
10 61
21 29
29 89
29 86
29 67
38 64
38 89
4 38
38 65
38 67
18 38
38 70
38 66
10 38
47 64
46 64
21 64
64 84
15 64
58 64
64 79
58 67
58 66
58 89
47 58
10 58
34 39
39 55
18 47
47 55
10 47
34 47
46 47
47 65
51 73
51 89
51 81
18 51
51 86
73 86
66 86
46 86
65 86
4 86
84 86
55 86
70 86
10 86
67 84
79 84
4 84
65 84
15 84
46 84
34 84
18 76
15 76
55 76
10 76
65 76
34 76
16 18
15 18
4 18
18 55
15 16
16 21
16 66
16 67
21 55
21 89
21 70
15 21
50 79
50 67
46 50
10 50
4 50
50 73
50 89
67 79
66 79
55 79
65 79
15 79
79 89
4 79
70 79
34 79
55 77
65 77
73 77
46 77
77 81
14 77
67 71
34 71
66 71
46 71
14 71
14 89
14 73
14 70
14 66
14 67
4 14
67 89
4 89
33 65
28 33
10 33
33 36
4 33
28 34
15 28
28 66
28 81
28 70
28 67
28 46
66 81
66 67
46 66
65 66
22 36
22 55
22 46
46 67
46 55
4 46
46 65
46 70
31 44
44 67
10 67
73 74
31 74
10 74
55 74
36 74
31 34
31 70
4 31
31 81
10 31
31 65
31 73
15 31
31 55
36 81
4 81
70 81
10 81
34 81
15 81
65 81
25 48
0 48
48 70
34 48
15 48
48 65
36 48
10 48
48 88
70 88
34 88
15 88
73 88
4 88
65 88
4 34
4 70
55 85
55 70
73 80
52 73
36 73
34 73
70 73
70 80
34 80
15 80
65 80
52 80
10 80
36 80
10 27
0 10
10 52
10 36
10 15
35 65
0 36
36 52
36 70
12 65
12 52
0 65
52 65
15 65
20 52
0 52
34 52
52 70
15 52
42 43
43 70
43 53
34 43
15 43
15 87
15 42
15 53
0 15
15 34
34 42
34 53
0 34
7 42
7 70
7 53
42 70
42 53
45 70
53 70
24 70
0 70
