90 400
12 67
12 80
67 73
73 80
12 57
57 73
67 72
72 80
57 72
50 72
12 21
21 73
21 23
21 80
21 67
21 70
47 72
47 67
47 80
59 73
47 59
0 59
27 73
20 80
20 67
20 57
20 27
12 18
18 20
0 18
11 50
11 70
55 84
47 83
75 83
32 83
12 25
25 73
25 72
21 25
25 84
3 21
3 47
67 69
69 80
26 69
3 26
14 26
14 39
12 38
38 73
23 38
21 38
0 38
3 38
26 38
38 39
26 49
0 7
7 75
7 65
65 66
17 44
44 50
17 86
44 86
23 71
21 71
71 84
27 71
57 71
26 51
43 51
9 51
31 57
31 43
9 31
30 84
27 30
17 30
30 44
30 49
69 79
3 79
18 79
57 79
21 56
47 56
33 56
11 56
18 56
18 22
4 22
48 57
39 48
18 19
19 25
19 48
19 38
12 87
73 87
23 87
47 87
0 87
75 87
26 87
81 87
55 81
33 46
3 46
17 46
46 81
6 69
6 27
6 58
6 78
4 78
71 78
38 78
33 35
3 35
18 35
2 35
47 89
11 89
6 89
57 89
35 89
80 89
17 29
2 29
29 89
48 68
41 49
41 68
41 80
22 41
41 70
19 41
46 68
9 53
53 68
17 37
37 44
0 63
3 63
17 63
2 63
14 63
10 63
7 10
10 80
10 60
76 89
68 76
76 86
12 45
21 45
0 45
3 45
18 45
39 45
45 49
7 45
45 86
45 56
45 70
45 76
1 26
1 25
1 71
1 30
1 59
1 66
1 76
1 55
10 76
61 89
47 54
54 75
26 54
25 54
54 79
14 54
54 83
35 54
74 89
54 74
74 87
34 58
69 85
75 85
64 85
81 85
79 85
14 85
78 85
33 52
52 75
52 64
25 52
52 58
24 64
24 25
24 49
14 24
24 52
24 80
16 23
16 20
16 84
16 75
16 18
16 43
16 40
16 24
16 78
40 82
38 82
55 77
77 87
66 77
77 82
46 82
15 26
15 57
15 79
14 15
15 82
15 56
12 28
28 73
23 28
20 28
28 84
27 28
28 57
4 28
28 48
7 28
28 59
28 52
15 28
5 87
5 31
5 83
5 28
15 46
16 82
16 50
16 34
24 87
52 80
52 85
31 52
51 85
46 85
64 67
42 64
59 64
4 42
42 48
8 42
42 80
71 88
6 13
13 25
13 63
13 66
13 67
13 88
13 22
13 56
42 88
56 88
46 88
29 88
42 83
34 42
8 70
8 55
8 34
34 74
34 70
74 83
22 74
54 61
29 36
36 61
36 60
47 62
11 62
27 62
43 62
58 62
7 62
36 62
55 62
53 62
62 66
22 61
29 61
10 61
37 63
55 63
58 63
30 37
37 86
37 53
37 59
31 37
51 53
19 53
29 68
29 67
35 56
35 78
35 50
22 35
67 78
6 60
6 50
6 40
6 55
40 44
40 59
7 40
40 50
40 46
59 81
70 81
9 87
19 87
19 60
48 60
22 48
4 56
4 60
56 71
33 67
33 58
27 33
33 80
3 58
43 58
58 79
58 67
70 79
30 79
30 51
30 31
31 67
51 86
51 66
43 71
71 86
66 71
38 86
44 66
44 67
2 7
7 59
2 49
2 80
49 83
38 49
38 60
14 50
69 70
3 69
3 25
25 32
25 83
50 83
55 75
55 67
80 84
17 84
57 84
50 84
11 17
17 70
11 18
11 57
18 80
20 60
27 59
27 60
27 67
27 57
59 70
47 70
21 57
21 50
50 60
23 57
23 80
23 67
23 60
0 60
