90 1602
36 43
43 61
36 61
43 78
61 78
36 65
65 78
43 64
61 64
64 65
36 76
76 78
64 76
43 46
46 61
46 65
46 76
43 44
44 61
44 65
44 76
36 44
44 78
44 64
44 46
43 54
54 61
54 65
54 76
44 54
3 36
3 78
3 64
3 54
26 43
26 61
26 65
26 76
26 44
3 26
36 55
55 78
55 64
46 55
26 55
54 55
10 43
10 61
10 65
10 76
10 44
3 10
10 55
20 36
20 78
20 64
20 46
20 54
20 26
10 20
0 20
13 43
13 61
13 65
13 76
13 44
3 13
13 55
13 20
6 61
6 76
6 44
6 20
6 36
6 78
6 64
6 26
6 46
6 54
6 13
43 51
51 61
51 65
51 76
44 51
3 51
51 55
20 51
6 51
5 36
5 78
5 64
5 54
5 46
5 26
43 53
53 61
53 65
53 76
44 53
3 53
53 55
20 53
6 53
5 53
19 36
19 78
19 64
19 46
19 54
19 26
0 19
19 51
19 53
13 19
10 19
31 43
31 61
31 65
31 76
31 44
3 31
31 55
20 31
6 31
5 31
19 31
43 72
61 72
65 72
72 76
44 72
3 72
55 72
20 72
6 72
5 72
36 72
72 78
64 72
26 72
46 72
54 72
0 72
13 72
53 72
51 72
10 72
32 43
32 61
32 65
32 76
32 44
3 32
32 55
20 32
6 32
5 32
19 32
32 72
58 61
5 58
58 72
36 58
58 78
58 64
54 58
26 58
46 58
10 58
0 58
13 58
53 58
51 58
43 56
56 61
56 65
56 76
44 56
55 56
20 56
6 56
56 58
36 80
78 80
64 80
46 80
54 80
26 80
0 80
51 80
13 80
53 80
10 80
45 61
45 76
44 45
5 45
19 45
45 80
21 43
21 61
21 65
21 76
21 44
3 21
21 55
20 21
6 21
5 21
21 72
21 58
21 36
21 78
21 64
21 54
21 46
21 26
0 21
10 21
13 21
21 51
21 53
33 43
33 61
33 65
33 76
33 44
3 33
33 55
20 33
6 33
5 33
19 33
33 72
33 58
21 33
36 49
49 78
49 64
26 49
46 49
49 54
49 56
43 59
59 61
59 65
59 76
44 59
55 59
20 59
6 59
5 59
58 59
49 59
59 78
33 59
43 77
61 77
65 77
76 77
44 77
55 77
20 77
6 77
72 77
58 77
21 77
77 78
33 77
36 77
64 77
46 77
26 77
54 77
23 61
23 44
23 55
6 23
23 72
23 58
21 23
23 49
23 78
23 77
23 54
33 82
77 82
36 79
64 79
56 79
58 63
21 63
14 36
14 78
14 64
14 26
14 46
14 54
14 51
10 14
14 53
13 14
0 14
43 73
61 73
65 73
73 76
44 73
3 73
20 73
6 73
72 73
58 73
14 73
44 84
5 84
72 84
80 84
14 84
49 84
36 84
78 84
64 84
46 84
54 84
26 84
2 43
2 61
2 65
2 76
2 44
2 3
2 20
2 6
2 58
2 80
2 21
2 84
2 33
2 77
54 68
36 68
51 68
33 60
27 36
27 64
61 88
6 88
72 88
58 88
14 88
78 88
33 88
27 88
54 88
36 57
57 60
41 54
41 57
41 82
36 42
28 36
13 28
79 83
82 83
28 83
36 40
21 71
71 84
71 78
71 77
54 71
57 71
28 71
40 71
31 71
8 78
8 27
8 54
8 68
8 82
8 40
14 50
49 50
33 50
50 77
50 54
50 68
28 50
50 63
36 50
10 50
23 50
48 72
48 58
21 48
48 84
33 48
27 48
48 54
48 82
28 48
48 63
48 50
8 48
69 78
27 69
54 69
57 69
25 36
25 32
0 25
25 60
25 45
25 89
42 89
63 89
56 89
69 89
7 43
7 61
7 65
7 76
7 44
3 7
7 20
6 7
5 7
7 80
7 14
7 49
7 78
7 27
7 54
7 57
7 25
7 40
7 50
7 56
7 45
35 43
35 61
35 65
35 76
35 44
3 35
35 55
20 35
6 35
5 35
35 72
35 80
35 49
35 78
33 35
35 77
35 54
35 68
25 35
35 63
35 50
8 35
35 45
35 83
31 47
47 56
35 47
47 60
9 47
24 54
24 57
24 82
24 40
24 31
24 50
24 45
24 35
9 24
24 32
16 78
16 27
16 79
16 68
16 28
16 40
16 31
16 56
16 69
7 16
16 36
16 24
16 46
16 53
16 59
16 88
43 81
61 81
76 81
44 81
55 81
6 81
72 81
58 81
21 81
49 81
78 81
77 81
79 81
57 81
28 81
63 81
31 81
50 81
35 81
60 81
9 81
4 44
4 6
4 72
4 58
4 21
4 84
4 33
4 27
4 79
4 82
4 25
4 42
4 50
4 8
4 69
4 7
4 9
5 15
15 58
15 21
15 84
15 78
15 27
15 54
15 68
15 28
15 42
15 31
8 15
15 45
7 15
4 15
30 36
24 30
15 30
13 30
11 43
11 61
11 65
11 76
11 44
11 55
11 20
6 11
11 72
11 80
11 14
11 49
11 78
11 77
11 54
11 82
11 28
11 40
11 31
11 45
11 69
11 60
11 36
11 30
11 15
21 39
39 84
39 78
27 39
39 79
39 68
28 39
39 40
31 39
39 45
39 69
39 60
36 39
30 39
61 85
20 85
72 85
58 85
21 85
78 85
33 85
27 85
54 85
57 85
28 85
40 85
63 85
56 85
69 85
35 85
36 85
4 85
39 85
53 85
85 88
12 61
6 12
5 12
12 58
12 49
12 84
12 78
12 77
12 68
12 57
12 28
12 63
12 31
12 56
12 35
7 12
12 36
12 24
12 15
12 39
12 88
12 13
10 12
12 81
37 54
37 57
37 82
37 42
31 37
8 37
37 69
37 60
9 37
24 37
15 37
37 39
37 59
12 37
37 51
21 86
84 86
33 86
27 86
54 86
68 86
25 86
42 86
31 86
8 86
45 86
7 86
9 86
30 86
15 86
39 86
59 86
47 86
81 86
61 62
62 76
44 62
20 62
19 62
62 80
14 62
62 84
33 62
62 77
54 62
57 62
28 62
40 62
31 62
8 62
45 62
60 62
9 62
4 62
46 62
18 61
18 76
18 44
6 18
5 18
18 58
14 18
18 84
18 78
18 77
18 54
18 57
18 28
18 63
18 50
18 56
18 35
7 18
4 18
18 24
18 46
1 14
1 49
1 33
1 77
1 54
1 68
1 28
1 42
1 63
1 56
1 69
1 7
1 36
1 30
1 39
1 18
1 59
1 47
1 51
1 86
1 85
1 48
1 83
61 66
20 66
5 66
66 80
14 66
66 84
66 78
66 77
54 66
66 82
25 66
42 66
31 66
8 66
66 69
60 66
36 66
4 66
46 66
39 66
66 88
47 66
66 81
66 86
32 66
64 66
66 83
0 66
37 66
26 66
35 74
60 74
36 74
30 74
15 74
39 74
53 74
47 74
74 81
72 75
75 80
14 75
49 75
33 75
75 77
75 79
57 75
25 75
42 75
50 75
56 75
45 75
7 75
36 75
4 75
15 75
18 75
75 88
12 75
41 75
75 83
11 75
26 75
34 44
5 34
34 72
34 80
21 34
34 84
34 78
34 77
34 79
34 68
34 82
34 63
34 50
34 56
34 45
34 35
9 34
30 34
34 46
34 39
34 88
12 34
34 75
34 85
32 34
22 43
22 61
22 65
22 76
22 44
3 22
22 55
20 22
6 22
5 22
19 22
22 80
21 22
22 84
22 78
22 79
22 68
22 57
22 28
22 40
22 31
8 22
22 45
22 60
22 36
22 24
22 46
18 22
22 53
22 47
22 51
22 86
22 32
22 48
2 22
22 23
61 67
6 67
19 67
58 67
21 67
49 67
67 78
27 67
67 68
67 82
28 67
42 67
50 67
45 67
35 67
60 67
9 67
30 67
15 67
18 67
59 67
67 88
51 67
67 85
32 67
22 67
11 67
16 67
67 73
1 67
52 61
52 65
52 76
44 52
52 55
20 52
52 72
52 58
14 52
52 78
33 52
27 52
52 79
52 82
28 52
42 52
52 63
8 52
52 69
7 52
4 52
24 52
46 52
18 52
52 53
47 52
51 52
52 86
52 64
22 52
11 52
52 71
52 66
52 74
2 52
29 43
29 61
29 65
29 76
29 44
3 29
29 55
20 29
6 29
5 29
29 72
29 80
21 29
29 49
29 78
27 29
29 54
29 57
25 29
29 42
29 63
8 29
29 69
29 60
29 36
29 30
15 29
18 29
29 88
29 47
29 51
29 75
38 43
38 61
38 76
38 44
20 38
6 38
38 72
38 80
21 38
38 49
33 38
38 77
38 79
38 82
28 38
38 63
31 38
8 38
38 45
7 38
36 38
30 38
38 46
38 39
38 53
38 88
38 51
38 75
32 38
37 38
26 38
38 62
13 38
10 38
61 87
20 87
72 87
80 87
14 87
78 87
33 87
77 87
54 87
82 87
25 87
40 87
50 87
56 87
45 87
35 87
4 87
24 87
46 87
18 87
59 87
12 87
81 87
75 87
38 87
64 87
11 87
71 87
73 87
74 87
52 87
10 87
23 87
13 87
34 87
41 87
38 48
38 71
16 38
29 38
68 70
57 70
25 70
40 70
63 70
8 70
45 70
60 70
36 70
4 70
30 70
39 70
53 70
12 70
70 81
70 86
38 70
22 70
70 83
16 70
70 73
1 70
2 70
34 70
41 70
10 70
17 61
17 44
17 20
5 17
17 72
17 58
17 21
17 84
17 78
17 77
17 79
17 68
17 82
17 40
17 31
17 50
17 69
7 17
17 36
4 17
17 46
17 18
17 53
12 17
17 81
17 75
17 85
17 64
17 83
17 71
17 73
17 74
17 29
17 70
17 26
17 34
13 17
17 89
62 70
29 64
11 29
29 71
29 66
29 74
29 52
0 29
29 62
10 29
13 29
26 52
52 67
52 89
10 67
0 67
34 67
41 67
62 67
22 74
22 41
22 34
22 37
11 22
34 83
34 71
34 37
1 34
23 34
34 62
23 75
64 75
16 75
13 75
74 75
32 74
16 74
66 74
37 74
74 89
26 74
23 74
1 66
66 89
62 66
1 73
1 10
1 62
1 2
1 41
18 62
18 81
2 18
13 18
18 89
18 51
18 26
18 47
18 48
62 88
62 81
51 62
62 86
62 64
62 83
62 71
0 62
62 89
0 86
83 86
86 89
23 86
37 86
11 86
48 86
37 48
37 73
23 37
2 37
0 37
26 37
13 37
2 12
12 47
12 64
12 51
12 85
0 12
81 85
71 85
10 85
2 85
73 85
41 85
32 85
26 85
11 85
64 85
23 39
39 88
0 39
39 83
32 39
11 39
39 41
10 39
11 88
11 47
11 48
11 23
11 89
11 71
11 13
11 16
30 46
30 59
2 30
30 51
30 64
30 53
15 83
10 15
15 46
15 47
15 48
0 15
15 73
15 81
15 89
15 26
4 46
4 32
4 83
4 81
4 89
4 26
0 4
4 51
4 41
53 81
41 81
10 81
16 81
81 89
32 81
2 81
16 48
10 16
2 16
16 23
16 89
13 16
16 73
24 71
24 53
24 88
23 24
10 24
24 47
24 83
24 73
24 64
24 48
47 59
47 89
47 83
32 47
47 48
26 47
47 71
13 35
2 35
35 53
23 35
35 36
35 88
7 35
35 73
35 51
9 35
7 32
7 41
7 23
7 48
7 59
7 13
7 71
7 64
7 89
9 89
59 89
32 89
48 89
13 89
23 89
41 89
25 63
25 53
25 56
25 73
25 69
25 31
25 51
25 88
2 25
25 46
23 25
42 69
50 69
56 69
36 69
48 69
0 69
46 69
32 69
69 71
41 69
51 69
10 69
59 69
9 48
48 59
48 51
48 64
10 48
0 48
13 48
26 48
8 50
50 64
41 50
50 73
50 56
50 88
50 60
46 50
8 56
8 36
8 64
8 45
8 51
8 88
8 13
8 71
0 8
8 53
9 71
46 71
53 71
59 71
51 71
64 71
2 71
10 71
41 71
40 64
31 40
40 56
0 40
40 63
23 40
26 40
40 83
63 83
56 83
60 83
53 83
32 83
64 83
26 83
73 83
0 83
41 83
10 28
26 28
28 64
9 28
28 60
28 88
9 42
9 31
9 56
9 45
9 26
9 10
9 73
9 23
9 88
9 53
9 51
2 9
42 51
42 45
42 46
42 53
41 42
42 59
13 42
32 42
41 56
36 41
41 46
41 88
32 41
41 73
2 41
26 41
32 57
57 64
57 82
56 57
57 88
57 59
31 57
60 88
46 88
10 88
2 88
23 88
73 88
27 73
27 32
0 27
27 54
27 46
27 60
60 68
31 60
45 60
10 60
53 60
26 60
2 60
36 60
46 60
0 60
64 68
46 68
2 68
56 68
26 68
10 68
63 68
0 68
53 68
68 73
2 82
2 63
2 31
2 56
2 46
2 32
0 2
2 13
2 23
13 84
53 84
33 84
51 84
10 84
56 84
45 84
73 84
0 84
32 84
73 78
54 73
63 73
56 73
45 73
53 73
59 73
51 73
32 73
64 73
10 73
14 32
14 63
49 63
63 78
63 79
63 82
36 63
10 63
0 63
45 63
51 63
32 63
26 63
26 79
13 79
45 79
32 79
53 79
79 82
31 79
36 82
26 82
45 82
46 82
10 82
23 82
13 82
51 82
59 82
23 56
23 53
23 59
23 64
10 23
23 26
10 77
31 77
45 77
51 77
59 77
13 77
54 59
31 59
45 59
36 59
46 59
53 59
13 59
59 64
0 59
26 59
33 49
0 49
49 53
49 51
13 49
10 49
33 78
33 36
33 64
33 54
26 33
33 46
31 33
33 45
13 33
0 33
10 33
33 53
21 45
21 31
36 45
45 64
26 45
32 80
56 80
31 80
56 78
36 56
10 56
26 56
32 56
32 58
31 58
32 78
32 46
32 53
0 32
31 72
31 78
31 36
31 53
31 46
13 31
53 78
53 64
51 53
5 10
5 13
0 5
5 51
51 78
0 51
51 64
13 51
0 6
6 10
13 36
13 46
13 26
0 13
0 10
0 55
26 78
0 26
3 46
0 3
54 78
36 54
54 64
0 54
0 44
46 78
0 76
64 78
36 64
0 65
36 78
0 61
0 36
0 43
