90 801
41 64
36 64
17 36
1 41
1 36
56 64
17 56
1 56
17 31
1 31
31 41
31 36
11 64
11 17
1 11
11 31
19 41
19 36
19 56
11 19
6 64
6 17
6 31
6 19
41 45
36 45
45 56
11 45
48 64
17 48
31 48
19 48
45 48
41 67
36 67
11 67
56 67
44 64
17 44
31 44
19 44
44 45
44 67
11 44
12 41
12 36
12 13
17 83
31 83
11 83
41 83
36 83
17 53
19 53
53 83
53 63
12 84
63 84
41 79
32 79
68 84
21 64
17 21
21 31
19 21
21 45
21 67
2 41
2 36
17 57
1 57
31 57
19 57
45 57
2 57
11 57
57 63
57 62
57 68
13 78
11 71
63 71
71 84
68 71
71 78
17 23
23 31
19 23
23 45
11 23
23 63
23 79
23 68
23 56
23 34
34 44
12 39
39 63
39 79
30 31
30 67
12 30
30 83
30 79
28 30
30 78
30 44
21 30
50 62
28 50
50 78
44 50
21 50
17 82
31 82
19 82
45 82
11 82
82 83
79 82
3 84
12 72
63 72
72 79
3 72
56 72
12 61
61 83
61 84
61 68
56 61
48 61
10 79
3 10
10 56
10 61
10 82
17 75
31 75
19 75
67 75
11 75
75 83
75 84
68 75
28 75
61 75
21 75
60 79
3 60
23 60
44 60
21 60
21 43
43 60
43 77
64 74
17 74
1 74
31 74
19 74
2 74
12 74
74 83
62 74
68 74
28 74
44 74
21 74
74 75
50 74
54 74
4 54
17 88
31 88
19 88
2 88
11 88
83 88
79 88
3 88
56 88
61 88
82 88
60 88
41 88
4 88
39 87
13 86
9 31
9 45
9 12
9 63
9 62
9 68
9 56
9 44
9 39
9 86
9 74
78 81
23 81
21 81
75 81
11 47
47 83
47 62
47 84
23 47
32 47
39 47
47 60
47 77
32 52
52 75
47 52
36 52
52 53
15 34
15 72
29 77
9 29
15 29
11 76
63 76
62 76
3 76
76 78
44 76
39 76
7 76
32 89
7 89
77 89
53 69
69 89
57 69
10 69
5 64
5 17
5 31
5 19
5 45
2 5
5 11
5 63
5 84
5 68
5 78
5 61
5 32
5 60
5 50
5 69
5 30
5 76
31 70
45 70
11 70
63 70
70 84
3 70
56 70
61 70
39 70
70 86
50 70
69 70
70 87
70 76
34 70
49 64
17 49
1 49
31 49
19 49
2 49
12 49
49 83
49 84
49 68
28 49
32 49
39 49
49 75
49 74
36 49
49 87
17 42
42 67
12 42
42 63
42 84
3 42
23 42
42 61
39 42
42 60
42 50
36 42
15 42
42 49
11 37
37 63
37 62
3 37
37 78
37 44
37 39
37 60
37 77
36 37
46 56
44 46
32 46
46 75
46 77
46 74
20 46
38 82
7 38
38 47
36 38
20 38
38 46
38 72
37 38
31 33
19 33
11 33
33 63
33 62
3 33
23 33
33 61
33 39
33 75
33 41
4 33
30 33
33 51
29 33
33 48
18 62
3 18
18 28
18 23
18 82
18 86
18 41
9 18
18 53
18 42
55 78
55 61
55 82
55 75
55 77
4 55
20 55
46 55
27 47
4 27
27 87
27 51
27 55
27 48
27 71
25 57
25 38
25 27
25 54
22 31
22 45
12 22
22 83
22 62
3 22
22 56
22 32
21 22
22 60
22 50
4 22
22 87
22 46
22 55
14 84
14 68
14 78
14 44
14 82
14 60
14 74
14 69
14 87
14 42
14 72
41 85
69 85
30 85
42 85
14 85
37 85
49 85
40 79
40 84
40 56
23 40
21 40
40 60
40 41
40 74
30 40
40 51
29 40
35 72
15 58
42 58
29 58
35 58
48 58
16 23
16 32
16 82
7 16
16 77
16 36
16 53
16 51
16 55
14 16
16 33
56 65
32 65
39 65
60 65
50 65
4 65
20 65
42 65
65 70
26 64
17 26
26 31
19 26
26 45
2 26
11 26
26 83
26 84
26 68
23 26
26 61
26 82
26 75
26 47
9 26
20 26
26 46
26 34
18 26
26 65
26 88
26 43
26 54
24 78
24 44
24 39
24 75
24 77
24 74
20 24
24 76
24 72
24 26
18 24
24 25
41 73
9 73
30 73
46 73
29 73
6 73
49 73
18 73
10 73
65 73
80 82
75 80
41 80
9 80
15 80
42 80
29 80
35 80
57 80
40 80
73 80
24 80
22 80
30 59
46 59
59 72
35 59
57 59
43 59
10 59
59 80
58 59
27 59
24 73
5 24
24 38
8 74
8 36
8 87
8 42
8 55
8 26
8 71
8 18
8 54
8 27
8 52
0 8
49 65
16 65
65 88
0 65
38 65
16 43
16 58
13 16
16 52
13 58
22 58
38 58
35 40
10 35
6 35
13 35
33 40
40 85
10 40
62 66
3 66
66 78
32 66
21 66
50 66
47 66
9 66
66 87
66 76
55 66
37 66
33 66
40 66
54 66
27 66
52 66
66 81
40 89
52 85
27 85
85 88
0 85
14 88
6 14
14 22
5 14
14 37
22 71
22 25
13 22
5 22
54 55
34 55
18 55
18 33
18 43
18 81
33 38
33 54
38 54
46 89
6 46
46 88
20 37
20 71
13 20
20 57
37 42
29 37
37 89
37 48
0 37
49 70
6 49
49 52
49 89
5 49
70 72
5 70
13 70
0 70
52 70
5 43
5 13
5 81
69 71
13 69
30 89
34 89
10 89
88 89
52 89
81 89
7 41
7 77
74 76
9 76
30 76
34 76
54 76
0 76
29 76
48 76
29 34
29 48
6 15
15 51
51 52
51 71
51 72
10 51
51 81
6 52
47 53
47 72
47 81
41 47
13 47
47 57
9 81
30 81
72 81
6 81
57 81
10 81
9 34
9 87
9 36
48 86
86 87
53 86
34 86
41 87
43 87
53 87
87 88
48 88
43 88
0 88
4 30
53 54
13 54
72 74
43 74
43 53
34 43
0 43
60 75
60 72
6 60
71 75
10 75
10 50
10 53
10 72
10 48
41 61
61 72
36 61
6 61
57 61
32 72
3 56
3 41
3 82
3 44
3 77
78 82
44 82
57 82
36 82
53 82
6 82
50 82
30 50
36 50
50 57
50 71
30 41
30 48
28 39
28 48
28 56
28 44
39 56
39 44
21 39
34 39
13 39
34 41
34 57
34 71
23 53
23 36
23 48
21 23
23 71
21 71
6 71
57 71
0 71
13 71
32 78
77 78
57 78
53 57
6 57
48 57
2 77
2 6
2 56
2 11
2 21
2 48
21 83
21 62
21 68
21 56
21 48
21 41
32 68
53 68
6 68
36 68
13 68
32 44
32 53
13 32
32 77
62 79
48 79
56 79
41 62
36 62
6 62
44 62
62 84
13 84
41 84
53 84
77 84
0 53
13 53
63 83
56 83
6 83
48 83
13 83
12 63
41 63
63 77
44 63
36 63
44 77
48 67
41 48
36 48
6 45
6 11
6 56
6 77
6 36
19 77
11 41
11 36
11 56
11 77
31 56
31 77
41 56
36 77
0 36
17 41
17 77
0 77
