90 1602
21 42
42 85
21 85
24 42
24 85
42 62
62 85
24 62
21 62
42 57
57 85
57 62
21 78
24 78
42 50
50 85
50 62
50 78
8 42
8 85
8 62
8 78
8 24
8 21
8 50
8 57
42 49
49 85
49 62
49 78
8 49
13 42
13 85
13 62
13 78
8 13
13 21
13 24
13 50
13 57
42 70
70 85
62 70
70 78
8 70
13 70
42 45
45 85
45 62
45 78
8 45
13 45
21 45
24 45
45 50
45 57
45 70
45 49
1 42
1 85
1 62
1 78
1 8
1 13
1 45
13 41
24 41
21 41
41 57
41 50
41 49
41 70
28 42
28 85
28 62
28 78
8 28
13 28
28 45
28 41
42 65
62 65
8 65
21 65
24 65
57 65
50 65
49 65
65 70
42 47
47 85
47 62
47 78
8 47
13 47
45 47
41 47
47 65
24 69
21 69
57 69
50 69
69 70
49 69
1 69
47 69
28 69
42 67
67 85
62 67
67 78
8 67
13 67
45 67
41 67
65 67
67 69
20 45
20 65
20 21
20 24
20 50
20 57
20 49
20 70
1 20
20 28
20 47
22 42
22 85
22 62
22 78
8 22
13 22
22 45
22 41
22 65
22 69
20 22
33 42
33 85
33 62
33 78
8 33
13 33
33 45
33 41
33 65
33 69
20 33
21 33
24 33
33 57
33 50
33 70
33 49
33 47
1 33
28 33
22 33
33 67
42 52
52 85
52 62
52 78
8 52
13 52
45 52
41 52
52 65
52 69
20 52
33 52
19 24
19 21
19 57
19 50
19 49
19 70
19 47
19 28
1 19
19 52
19 22
19 67
25 42
25 85
25 62
25 78
8 25
13 25
25 45
25 41
25 65
25 69
20 25
25 33
19 25
24 29
21 29
29 50
29 57
29 70
29 49
1 29
28 29
29 47
29 52
8 46
41 46
20 46
29 46
34 42
8 34
34 45
34 41
34 69
33 34
24 34
21 34
34 50
34 57
34 70
34 49
34 47
28 34
1 34
7 42
7 78
7 8
7 41
7 65
7 33
7 34
42 48
8 48
13 48
45 48
20 48
33 48
29 48
21 48
24 48
48 50
48 57
48 49
48 70
1 48
47 48
28 48
21 44
24 44
44 57
44 50
44 70
44 49
28 44
44 47
1 44
25 44
44 67
14 44
37 42
37 85
37 62
37 78
8 37
13 37
37 45
37 41
37 65
37 69
20 37
29 37
37 44
35 42
35 85
35 62
35 78
8 35
13 35
35 45
35 41
35 69
33 35
34 35
35 48
24 35
21 35
35 57
35 50
35 49
35 70
35 37
42 55
55 78
8 55
55 65
55 69
33 55
44 55
35 55
14 55
35 38
21 38
24 38
38 57
38 50
1 38
7 38
26 42
26 62
13 26
26 65
20 26
26 29
26 34
26 48
26 35
26 38
26 46
14 76
24 32
21 32
32 57
32 50
27 42
27 85
27 62
27 78
13 27
27 45
27 65
27 33
27 34
27 48
27 35
27 32
11 24
11 21
11 25
11 28
42 82
82 85
62 82
78 82
8 82
13 82
45 82
41 82
65 82
69 82
20 82
19 82
29 82
48 82
35 82
32 82
11 82
76 82
42 79
79 85
62 79
8 79
45 79
41 79
20 79
19 79
34 79
13 61
41 61
20 61
33 61
34 61
24 61
21 61
57 61
50 61
61 70
49 61
29 86
61 86
14 86
38 86
14 30
30 38
21 30
24 30
39 42
39 85
39 62
39 78
8 39
13 39
39 45
39 65
20 39
29 39
34 39
39 48
35 39
30 39
39 46
39 76
36 42
36 85
36 62
36 78
8 36
13 36
36 45
36 41
36 65
36 69
20 36
33 36
34 36
35 36
14 36
36 38
30 36
36 47
66 69
19 66
29 66
61 66
35 66
32 66
30 66
36 66
66 79
29 81
61 81
18 42
18 85
18 62
18 78
8 18
13 18
18 45
18 41
18 65
18 19
18 34
18 48
18 24
18 21
18 50
18 57
18 49
18 70
34 75
48 75
18 75
38 75
46 75
75 76
75 79
22 75
12 14
12 30
11 12
12 76
15 42
15 85
15 62
8 15
15 45
15 41
15 69
15 33
15 44
15 48
14 15
15 38
15 30
15 47
15 36
8 68
65 68
68 69
33 68
44 68
61 68
18 68
14 68
11 68
68 76
15 68
14 40
32 40
30 40
40 47
40 79
10 20
10 33
10 29
10 44
10 18
10 38
10 46
10 47
10 81
10 40
10 22
10 70
17 42
17 85
17 62
17 78
8 17
13 17
17 45
17 65
17 69
17 19
17 44
17 48
17 18
14 17
17 30
17 76
15 17
17 40
17 52
17 70
33 51
29 51
44 51
51 61
14 51
32 51
11 51
51 76
15 51
22 51
12 51
51 70
17 51
51 66
51 68
10 51
42 60
60 85
60 62
60 78
45 60
41 60
60 69
19 60
29 60
48 60
18 60
32 60
30 60
36 60
15 60
22 60
52 60
2 42
2 85
2 62
2 8
2 45
2 65
2 20
2 19
2 44
2 48
2 18
2 38
2 11
2 36
2 79
2 81
2 52
35 74
38 74
46 74
74 76
36 74
40 74
52 74
2 74
70 74
27 74
7 74
51 74
18 43
32 43
43 46
43 76
36 43
43 81
22 43
2 43
43 66
21 43
27 43
62 88
78 88
8 88
41 88
20 88
33 88
44 88
48 88
18 88
32 88
46 88
76 88
15 88
40 88
52 88
82 88
17 88
23 46
23 47
15 23
23 81
22 23
23 70
17 23
3 44
3 61
3 18
3 38
3 11
3 36
3 79
3 22
3 12
2 3
3 66
3 23
3 68
42 63
62 63
13 63
63 65
20 63
33 63
29 63
61 63
14 63
38 63
11 63
47 63
63 79
40 63
22 63
63 70
63 66
21 63
7 63
13 16
16 45
16 20
16 19
16 44
16 61
16 18
16 30
16 46
16 76
16 79
16 40
16 22
16 82
16 70
16 21
16 68
16 63
9 85
9 62
8 9
9 41
9 69
9 19
9 34
9 48
9 18
9 14
9 30
9 76
9 15
9 40
9 52
2 9
9 70
9 21
7 9
9 63
9 88
42 59
59 85
59 62
8 59
45 59
41 59
59 65
19 59
34 59
59 61
35 59
32 59
30 59
36 59
15 59
40 59
12 59
59 82
59 70
27 59
59 68
59 63
9 59
16 59
59 60
1 59
42 72
72 85
62 72
72 78
8 72
41 72
69 72
33 72
34 72
48 72
14 72
32 72
30 72
47 72
36 72
22 72
12 72
72 82
17 72
23 72
27 72
51 72
43 72
72 74
65 80
19 80
34 80
61 80
18 80
32 80
46 80
36 80
15 80
40 80
52 80
80 82
66 80
21 80
68 80
80 88
43 80
9 80
72 80
14 58
38 58
46 58
47 58
58 79
40 58
12 58
58 82
58 66
23 58
7 58
51 58
58 88
16 58
58 80
58 60
10 58
24 58
25 58
57 58
13 77
65 77
20 77
19 77
34 77
48 77
18 77
32 77
11 77
36 77
15 77
77 81
52 77
2 77
66 77
27 77
7 77
63 77
77 88
28 77
77 80
60 77
58 77
50 77
37 77
42 84
84 85
62 84
78 84
8 84
13 84
45 84
65 84
20 84
19 84
34 84
61 84
35 84
32 84
46 84
76 84
15 84
81 84
22 84
2 84
70 84
21 84
7 84
84 88
43 84
16 84
74 84
5 34
5 61
5 18
5 32
5 11
5 47
5 79
5 40
5 52
2 5
5 66
5 23
5 7
5 63
5 88
5 74
46 53
47 53
15 53
53 81
12 53
2 53
53 66
21 53
7 53
51 53
9 53
16 53
53 80
26 53
5 53
25 53
44 73
61 73
35 73
38 73
11 73
47 73
73 79
40 73
12 73
2 73
17 73
23 73
7 73
51 73
73 88
28 73
53 73
60 73
10 73
50 73
39 73
49 73
73 77
57 73
26 73
52 56
56 82
56 66
23 56
56 68
56 63
43 56
28 56
56 80
56 60
56 72
56 58
37 56
56 77
56 73
56 67
42 71
62 71
8 71
45 71
69 71
19 71
29 71
48 71
18 71
38 71
11 71
36 71
15 71
40 71
22 71
71 82
66 71
27 71
7 71
63 71
9 71
28 71
53 71
5 71
10 71
50 71
39 71
55 71
71 73
56 71
24 71
67 71
45 54
41 54
54 69
33 54
34 54
54 61
14 54
38 54
46 54
47 54
36 54
54 81
52 54
54 82
17 54
21 54
54 68
51 54
54 88
54 74
54 80
5 54
10 54
25 54
37 54
49 54
0 54
54 57
54 56
54 71
30 83
76 83
36 83
40 83
52 83
70 83
17 83
23 83
68 83
63 83
43 83
16 83
80 83
5 83
10 83
25 83
39 83
77 83
73 83
42 89
85 89
62 89
78 89
8 89
13 89
45 89
41 89
69 89
33 89
44 89
48 89
35 89
14 89
11 89
36 89
79 89
40 89
12 89
70 89
66 89
27 89
68 89
51 89
9 89
16 89
74 89
5 89
1 89
58 89
39 89
49 89
0 89
6 11
6 76
6 79
6 81
6 52
6 82
6 66
6 23
6 27
6 51
6 43
6 74
6 80
1 6
6 72
6 50
6 37
6 55
6 89
6 57
6 24
35 87
32 87
11 87
76 87
36 87
81 87
52 87
2 87
17 87
23 87
7 87
68 87
43 87
74 87
53 87
1 87
72 87
25 87
37 87
55 87
73 87
57 87
56 87
75 87
67 87
13 64
41 64
20 64
33 64
34 64
48 64
18 64
30 64
11 64
64 76
64 79
64 81
12 64
2 64
64 66
23 64
7 64
51 64
43 64
16 64
53 64
1 64
10 64
25 64
37 64
49 64
64 73
56 64
3 64
64 87
64 83
26 64
64 84
54 64
6 87
4 35
4 38
4 30
4 47
4 15
4 40
4 52
4 82
4 17
4 21
4 7
4 88
4 9
4 16
4 74
4 60
4 72
4 58
4 37
4 49
4 77
4 89
3 4
4 87
4 75
4 86
4 6
4 54
6 75
6 86
6 59
75 89
86 89
18 31
31 38
31 46
31 47
31 79
31 40
22 31
2 31
17 31
21 31
27 31
31 88
31 43
28 31
31 53
5 31
31 58
25 31
31 55
31 49
0 31
31 89
24 31
31 71
31 75
26 31
31 59
31 84
24 89
83 89
3 83
71 83
54 83
59 83
83 84
54 84
71 84
56 86
56 84
50 53
24 53
3 53
1 53
53 57
5 60
5 84
5 37
1 5
5 67
5 26
5 49
5 75
72 84
50 84
55 84
77 84
0 84
3 84
59 77
67 77
24 77
0 77
37 58
55 58
39 58
80 86
0 80
49 80
39 80
10 80
67 80
1 72
39 72
59 72
37 72
10 72
3 72
72 75
72 86
50 59
55 59
0 59
57 59
24 59
59 67
26 59
9 39
9 10
9 67
9 60
9 50
1 9
9 16
9 28
9 26
16 28
16 50
16 75
10 16
0 16
16 25
16 39
1 63
63 86
3 63
39 63
0 63
55 63
25 63
24 63
37 63
3 88
3 74
3 60
3 50
3 39
3 55
0 3
3 57
3 24
3 86
23 39
23 57
23 68
23 67
23 60
23 26
10 23
23 88
1 23
27 88
68 88
43 88
50 88
49 88
0 88
86 88
43 75
37 43
25 43
43 57
43 55
43 74
24 43
28 74
67 74
26 74
60 74
37 74
55 74
2 39
2 55
2 21
2 70
2 50
2 86
2 60
2 67
2 28
17 60
7 60
51 60
28 60
60 75
0 60
55 60
50 60
24 60
51 75
26 51
51 57
51 67
49 51
28 51
17 86
17 55
17 39
17 57
10 17
17 27
17 68
17 75
17 67
7 10
1 10
10 26
10 49
10 55
10 50
10 67
26 40
21 40
40 52
40 82
40 68
39 40
52 68
68 82
67 68
50 68
68 86
39 68
1 68
0 68
25 68
15 25
12 15
15 70
15 22
15 55
15 37
1 15
15 81
15 28
12 81
12 22
12 75
12 55
12 24
12 26
12 70
12 66
12 25
12 37
1 12
12 50
12 57
12 28
75 82
27 75
7 75
25 75
39 75
55 75
57 75
67 75
75 86
0 18
18 37
18 47
18 81
18 67
32 81
46 81
36 81
21 81
67 81
66 81
49 81
37 81
50 81
25 81
1 81
0 81
7 81
81 86
66 70
25 66
0 66
1 66
49 66
26 66
28 66
36 57
24 36
36 52
36 55
36 49
36 39
36 50
39 52
1 39
39 50
24 39
37 39
39 49
30 50
30 67
30 57
30 37
30 76
22 30
30 46
30 86
30 55
76 86
79 86
52 86
21 86
28 86
1 86
25 86
55 86
49 86
67 86
26 86
25 61
28 61
52 61
1 61
46 61
61 67
47 61
22 61
61 79
35 79
14 79
46 79
76 79
27 79
67 79
52 79
26 79
24 79
7 79
79 82
0 79
57 79
22 82
57 82
7 82
26 82
25 82
27 82
1 82
24 82
37 82
11 67
11 27
11 47
0 11
11 70
11 37
1 11
27 76
22 27
27 52
21 27
27 55
25 27
27 37
24 27
26 27
27 28
27 49
32 52
32 70
28 32
32 76
32 46
0 32
24 76
21 76
26 76
22 76
1 76
25 26
26 50
26 49
26 57
24 26
26 67
25 38
38 49
22 38
38 55
22 55
7 55
28 55
0 55
0 35
7 35
28 35
22 35
25 35
37 47
37 70
21 37
28 37
37 67
37 57
44 52
14 48
14 24
14 21
14 50
14 57
14 70
14 46
14 52
1 14
14 49
14 47
7 48
7 46
7 47
7 22
7 70
7 21
7 57
22 34
34 46
24 46
21 46
46 49
46 50
46 57
46 52
46 47
25 29
29 67
22 29
0 29
25 47
1 25
25 67
25 57
0 25
0 19
52 67
21 52
49 52
22 28
22 57
22 70
22 24
0 22
20 67
0 20
47 67
0 67
0 47
21 47
47 50
47 70
47 49
28 47
1 65
28 65
0 65
21 28
1 28
28 49
24 28
28 57
1 41
1 57
0 1
0 45
0 70
49 70
21 70
50 70
24 70
13 49
21 49
49 50
49 57
21 50
24 50
57 78
0 62
21 24
0 24
0 21
0 42
