90 400
60 76
34 60
34 87
11 76
11 34
20 60
20 87
11 20
63 76
34 63
20 63
41 60
41 87
41 63
34 88
41 88
2 88
33 41
12 33
6 33
83 87
31 83
4 87
4 60
49 76
34 49
4 49
20 49
46 87
46 60
71 76
34 71
20 71
41 71
46 71
12 71
6 71
53 83
69 76
34 69
20 69
41 69
2 69
2 30
30 85
17 75
17 40
17 87
9 17
41 81
18 81
14 81
40 81
27 41
27 85
32 41
32 85
26 32
27 32
28 32
28 69
6 61
40 61
15 61
60 89
32 62
53 62
62 89
6 19
19 53
19 63
0 19
19 33
19 31
32 59
53 59
59 84
15 59
32 36
36 69
27 36
36 58
31 36
6 35
35 69
27 35
33 35
35 36
35 71
0 35
35 45
9 24
24 30
6 21
11 21
42 63
31 42
42 87
21 42
21 58
21 49
54 70
27 64
16 49
16 81
3 46
3 12
3 26
3 69
3 63
3 16
3 64
32 82
82 83
27 56
49 56
13 76
13 20
2 13
12 13
6 13
13 69
13 56
13 16
13 61
13 71
23 26
23 40
23 56
7 88
7 23
7 86
61 86
7 22
22 64
22 23
22 86
43 48
2 78
17 78
48 78
11 78
78 89
28 78
49 78
64 78
26 52
40 52
52 89
52 58
3 52
2 25
25 85
14 25
25 40
25 63
25 28
25 31
25 68
49 67
26 39
39 69
39 89
28 39
39 67
39 74
8 27
8 33
8 36
0 29
8 29
29 62
9 29
8 62
10 14
10 40
10 84
10 58
10 13
1 67
50 63
33 50
7 50
1 50
5 50
50 78
43 50
39 50
1 10
1 81
31 66
1 66
62 66
6 73
11 73
27 73
19 73
70 73
71 73
35 73
2 77
18 77
14 77
11 77
77 84
28 77
67 77
64 77
52 77
73 77
44 77
35 55
23 55
55 77
55 57
66 73
54 73
5 65
25 65
57 65
65 66
43 66
27 79
33 79
70 79
1 79
79 88
79 81
30 79
7 38
38 61
38 60
38 75
38 79
9 38
8 10
10 80
10 82
10 87
8 39
8 87
39 81
30 39
5 67
9 67
5 74
5 60
5 25
25 43
25 87
52 68
68 87
23 68
37 63
33 37
3 37
37 71
37 52
37 86
37 54
37 59
52 78
44 52
78 86
78 82
9 48
48 69
43 53
43 56
15 43
43 49
43 61
22 43
22 57
86 88
13 23
0 23
23 59
13 44
13 87
0 56
33 56
56 82
19 82
3 82
71 82
21 82
72 82
0 72
3 60
3 31
16 87
16 64
54 64
64 74
54 88
21 51
45 51
51 54
51 87
57 70
70 74
70 75
21 74
60 74
21 24
21 81
24 80
45 80
30 80
9 45
0 36
36 59
36 57
59 61
59 62
0 59
9 84
57 84
44 84
19 57
57 75
19 62
31 62
62 75
75 89
71 89
58 89
58 60
58 61
9 58
30 61
15 28
28 44
28 75
28 30
32 40
32 44
32 88
11 27
27 81
31 81
81 88
9 18
11 18
9 11
9 44
17 60
11 17
17 63
75 85
26 75
11 75
60 75
44 75
26 49
11 26
26 30
26 60
11 30
30 63
30 49
69 85
49 85
85 87
69 83
53 69
44 69
53 71
53 60
0 53
53 88
33 71
71 88
46 49
46 63
40 49
49 88
4 40
40 41
14 40
40 87
31 40
33 83
12 88
12 60
63 88
11 41
14 63
11 63
47 60
47 87
2 60
44 60
76 87
2 87
2 44
14 44
6 14
0 6
