90 1201
34 72
34 35
35 84
24 72
24 35
24 30
55 72
35 55
30 55
34 55
55 84
24 55
29 72
29 35
29 30
29 55
34 60
60 84
24 60
64 72
35 64
30 64
55 64
60 64
40 84
34 40
24 40
40 64
29 40
53 72
35 53
30 53
53 55
53 60
40 53
34 68
68 84
24 68
64 68
29 68
53 68
72 88
35 88
30 88
55 88
60 88
40 88
68 88
26 30
26 55
26 60
26 40
26 34
26 84
24 26
26 64
26 29
26 53
26 88
39 72
35 39
30 39
39 55
39 60
39 40
39 68
26 39
3 30
3 55
3 68
3 26
3 34
3 84
3 24
3 64
3 29
3 39
3 88
3 53
38 72
35 38
30 38
38 55
38 60
38 40
38 68
26 38
3 38
34 66
66 84
24 66
64 66
29 66
53 66
39 66
66 88
26 57
57 66
6 72
6 35
6 30
6 55
6 60
6 40
6 68
6 26
3 6
6 66
6 34
6 84
6 24
6 64
6 29
6 39
6 88
6 53
6 57
30 46
46 55
46 60
40 46
26 46
3 46
6 46
34 41
41 84
24 41
29 41
41 64
41 88
39 41
41 53
30 73
55 73
60 73
40 73
26 73
3 73
41 73
30 70
55 70
60 70
40 70
68 70
26 70
6 70
34 70
70 84
24 70
64 70
29 70
53 70
39 70
70 88
59 72
30 59
55 59
59 68
26 59
59 66
6 59
59 70
1 34
1 84
1 24
1 64
1 29
1 57
19 30
19 55
19 60
19 40
19 68
19 26
19 41
81 84
34 81
24 81
64 81
29 81
44 55
3 44
44 66
44 81
30 45
45 55
45 68
26 45
6 45
41 45
6 77
70 77
34 77
77 84
24 77
64 77
29 77
32 77
55 83
40 83
68 83
26 83
66 83
41 83
45 83
34 83
83 84
24 83
83 88
57 83
54 72
35 54
30 54
54 55
54 60
40 54
26 54
3 54
6 54
41 54
45 54
54 83
54 59
72 80
35 80
30 80
55 80
60 80
40 80
68 80
26 80
41 80
70 80
1 80
80 83
59 80
48 68
26 48
48 66
48 70
48 77
48 83
48 59
48 84
34 48
24 48
29 48
45 69
7 84
7 34
7 24
7 64
7 29
22 55
3 22
6 22
22 81
7 22
6 65
65 70
65 77
65 84
34 65
24 65
64 65
29 65
55 61
40 61
61 68
61 66
41 61
61 81
1 61
61 65
59 61
61 80
1 89
7 89
34 75
75 84
24 75
30 82
55 82
60 82
40 82
68 82
3 82
6 82
70 82
77 82
65 82
75 82
24 82
28 84
28 34
28 54
30 43
43 55
43 60
40 43
26 43
3 43
43 66
43 70
43 45
7 43
43 48
24 43
28 43
8 84
8 34
8 39
10 84
10 34
10 24
10 46
10 32
6 63
63 70
63 77
63 65
10 63
48 63
63 89
11 45
11 65
11 59
11 80
11 89
11 39
25 26
3 25
6 25
25 41
1 25
7 25
25 59
25 48
25 89
11 25
6 62
62 81
62 77
62 65
59 62
24 62
28 62
62 88
62 74
15 30
15 55
15 60
15 40
15 26
3 15
15 41
15 81
15 77
15 65
15 59
15 80
15 38
15 88
6 37
37 70
37 77
37 83
37 75
37 89
37 38
11 37
47 72
30 47
47 55
40 47
47 68
3 47
6 47
47 70
45 47
47 83
47 59
47 80
47 89
47 88
27 47
5 39
5 25
5 63
5 84
5 69
5 43
5 46
48 78
24 78
38 78
8 78
74 78
5 78
21 78
78 84
53 78
17 66
17 70
17 77
17 65
17 59
17 48
17 89
8 17
17 27
17 39
15 17
17 84
9 45
9 83
9 48
9 24
9 38
9 11
9 37
9 44
9 21
9 84
33 45
33 65
33 48
33 80
33 89
33 88
33 39
15 33
33 54
33 84
27 52
39 52
15 52
0 52
33 52
52 73
23 33
20 39
5 20
15 20
20 84
9 20
17 20
55 85
3 85
66 85
70 85
45 85
65 85
59 85
80 85
28 85
8 85
74 85
39 85
61 85
84 85
9 85
20 85
73 85
30 58
55 58
26 58
58 66
6 58
58 70
45 58
58 65
48 58
24 58
58 89
11 58
58 74
15 58
58 61
58 84
53 58
45 51
51 65
51 59
24 51
38 51
8 51
27 51
44 51
51 61
0 51
33 51
66 71
41 71
45 71
7 71
10 71
71 80
71 89
11 71
37 71
39 71
54 71
53 71
39 50
15 50
50 61
0 50
9 50
50 63
14 30
14 55
14 68
3 14
6 14
14 81
14 77
14 83
14 48
14 24
14 28
11 14
14 37
14 44
14 21
14 53
14 50
14 17
72 76
35 76
30 76
55 76
60 76
40 76
68 76
3 76
66 76
70 76
1 76
65 76
75 76
76 80
38 76
8 76
39 76
15 76
61 76
53 76
9 76
20 76
73 76
57 76
76 82
41 86
81 86
77 86
65 86
10 86
80 86
38 86
11 86
37 86
44 86
61 86
53 86
9 86
20 86
76 86
12 77
12 83
10 12
12 80
12 89
8 12
12 74
12 44
12 61
0 12
12 50
12 17
12 73
12 34
12 47
66 67
67 81
67 77
67 83
59 67
67 89
28 67
67 88
37 67
39 67
61 67
0 67
50 67
51 67
23 67
12 67
14 67
29 67
2 10
2 89
2 28
2 8
2 27
2 5
2 21
0 2
2 9
2 20
2 76
2 58
2 14
2 63
6 31
31 81
31 77
31 83
10 31
31 80
31 38
31 88
27 31
31 44
21 31
31 84
9 31
31 51
31 73
31 34
16 27
15 16
16 21
0 16
9 16
16 17
16 76
12 16
13 55
13 60
13 68
13 26
13 66
13 81
13 45
13 83
13 59
13 24
13 28
13 88
13 39
13 44
13 54
0 13
13 33
13 17
13 23
13 16
13 14
13 32
2 13
18 38
11 18
18 39
5 18
18 21
18 84
18 33
18 51
18 76
18 58
28 42
8 42
42 74
5 42
15 42
42 54
33 42
42 51
42 58
16 42
14 42
4 37
4 15
4 54
4 53
4 33
4 73
4 23
4 34
4 42
4 63
4 78
4 18
21 87
54 87
50 87
51 87
23 87
34 87
14 87
63 87
31 87
62 87
43 87
4 87
13 87
52 87
56 68
3 56
41 56
56 81
1 56
56 83
56 75
56 89
38 56
56 88
37 56
5 56
54 56
53 56
50 56
51 56
23 56
34 56
14 56
29 56
56 78
56 62
56 71
56 87
13 56
56 69
19 56
49 89
11 49
37 49
39 49
49 61
0 49
49 50
49 51
49 58
12 49
14 49
32 49
31 49
18 49
30 79
55 79
60 79
40 79
26 79
3 79
66 79
70 79
77 79
79 83
10 79
24 79
28 79
11 79
37 79
5 79
21 79
0 79
9 79
17 79
73 79
58 79
64 79
63 79
2 79
71 79
25 79
79 82
79 85
49 79
22 79
19 79
49 82
46 49
49 56
19 49
49 85
46 87
4 86
4 46
28 36
36 88
27 36
36 44
21 36
36 54
36 50
20 36
36 58
34 36
36 42
32 36
31 36
36 47
36 71
22 36
36 46
4 36
36 67
36 52
4 67
4 85
19 42
42 47
42 52
42 63
18 42
32 42
42 82
18 32
18 31
18 62
18 19
13 18
18 25
18 47
13 86
13 25
13 85
13 19
16 46
16 64
16 19
16 78
16 82
16 62
16 31
16 85
29 31
31 86
2 31
31 78
31 47
2 46
2 52
2 67
2 82
2 25
47 67
43 67
22 67
25 67
52 67
12 71
12 52
12 32
12 69
12 86
12 29
14 86
32 86
62 86
43 86
22 86
85 86
25 86
32 76
19 76
71 76
14 76
46 76
14 34
14 78
14 29
50 69
50 71
50 82
50 73
50 64
51 71
64 71
32 71
29 71
47 71
46 71
22 71
71 82
51 69
47 51
29 51
43 51
51 58
58 73
58 64
43 58
58 69
57 58
58 85
29 85
78 85
47 85
69 85
20 64
20 25
20 23
20 82
20 73
20 57
20 62
23 73
23 34
23 47
22 23
23 52
23 62
23 63
29 52
52 62
22 52
25 52
52 57
33 46
29 33
32 33
33 43
33 34
33 57
9 33
9 62
9 25
9 17
9 22
17 46
17 22
17 78
17 32
17 63
17 19
17 34
73 78
32 78
43 78
62 78
22 78
57 78
5 47
5 82
0 5
5 73
21 47
47 54
47 53
47 63
43 47
47 57
19 27
27 39
27 37
22 27
27 69
21 27
15 37
32 37
37 46
37 61
37 43
37 64
37 57
37 63
15 22
15 62
15 61
15 29
15 25
15 69
15 43
61 62
54 62
62 64
29 62
19 62
62 69
29 74
25 74
74 82
73 74
34 74
44 74
25 84
25 73
25 34
25 64
25 63
25 57
11 44
11 19
11 34
11 84
11 21
11 53
11 63
11 82
21 63
53 63
34 63
57 63
43 63
46 63
10 57
10 64
10 73
10 21
21 80
8 21
21 44
21 22
21 46
21 32
21 73
8 64
8 43
8 32
8 88
8 54
8 22
43 54
34 43
43 64
43 69
43 46
43 57
22 28
28 32
28 82
28 53
28 64
54 82
82 84
64 82
69 82
19 82
57 82
22 82
75 89
24 89
84 89
34 89
88 89
46 89
38 89
61 89
61 88
19 61
57 61
61 84
0 61
54 61
53 61
38 65
46 65
22 65
59 65
53 65
22 48
22 24
22 53
22 34
22 64
22 29
7 69
7 44
7 19
7 73
48 69
24 69
38 69
69 88
53 69
64 69
32 69
29 69
46 69
57 69
48 88
39 48
46 48
48 73
38 48
48 80
80 84
34 80
24 80
57 80
29 80
54 80
64 80
53 80
39 54
44 54
34 54
54 64
54 84
32 83
39 83
29 83
64 83
0 83
24 32
32 44
32 53
19 32
39 77
0 77
45 77
77 88
34 45
45 84
24 45
45 64
29 45
45 46
44 45
38 45
45 53
45 73
44 59
24 44
38 44
44 64
34 44
19 44
29 44
44 57
44 53
19 81
53 81
0 81
39 81
38 81
81 88
1 19
19 59
19 24
19 38
19 84
19 53
19 57
1 59
59 84
34 59
24 59
38 59
53 59
0 59
70 73
57 70
38 73
73 88
0 73
29 73
38 41
41 46
46 88
0 46
46 64
38 57
57 88
0 57
57 64
38 66
0 66
38 84
34 38
0 38
29 38
0 3
24 39
39 53
0 39
39 84
24 88
34 88
84 88
0 88
29 88
0 68
0 53
0 40
64 84
29 60
0 60
29 84
0 55
24 34
24 84
0 24
30 34
0 34
72 84
30 84
0 30
