90 1201
40 60
22 40
4 60
4 22
12 40
4 12
41 60
22 41
40 75
4 75
41 75
9 40
4 9
9 41
9 60
9 22
9 75
40 49
4 49
41 49
9 49
23 60
22 23
23 75
12 23
40 89
4 89
41 89
9 89
23 89
29 40
4 29
29 41
9 29
23 29
29 60
22 29
29 75
29 89
29 49
12 29
13 40
4 13
13 41
9 13
13 23
13 29
0 13
29 69
60 69
22 69
69 75
12 69
69 89
49 69
13 69
40 46
4 46
41 46
9 46
23 46
29 46
0 46
46 69
4 50
41 50
9 50
23 50
29 50
50 60
22 50
50 89
49 50
50 75
12 50
40 44
4 44
41 44
9 44
23 44
29 44
0 44
44 69
44 50
29 58
58 69
58 60
22 58
58 75
58 89
12 58
49 58
44 58
13 58
40 66
4 66
41 66
9 66
23 66
29 66
0 66
66 69
50 66
58 66
58 85
60 85
22 85
49 85
85 89
75 85
12 85
30 40
4 30
30 41
9 30
23 30
29 30
0 30
30 69
30 50
30 58
30 85
8 60
8 22
8 12
8 49
8 89
8 75
19 40
4 19
19 41
9 19
19 23
19 29
0 19
19 69
19 50
19 58
19 85
8 19
13 19
64 85
60 67
22 67
12 67
49 67
67 89
67 75
9 68
50 68
58 68
67 68
29 71
69 71
13 71
64 71
60 71
22 71
71 83
31 71
31 60
22 31
9 42
42 69
42 58
42 64
31 42
26 58
26 67
26 64
26 60
22 26
26 66
59 85
13 59
59 71
26 59
34 40
4 34
34 41
9 34
23 34
29 34
0 34
34 69
34 50
34 58
34 85
13 34
6 60
6 22
6 49
6 75
6 12
6 89
9 70
69 70
58 70
13 70
6 70
26 70
34 70
21 60
6 57
33 40
4 33
33 41
9 33
23 33
29 33
0 33
33 69
13 33
33 67
33 71
31 33
33 60
22 33
4 72
41 72
9 72
23 72
69 72
50 72
58 72
13 72
6 72
33 72
46 72
21 72
72 83
27 34
2 60
2 22
2 27
1 9
1 23
1 29
1 50
1 8
1 64
1 6
1 31
1 34
1 2
11 40
4 11
11 41
9 11
11 23
11 29
0 11
11 50
11 58
11 67
6 11
11 33
11 46
11 21
11 60
51 85
51 64
31 51
26 51
34 51
11 51
51 83
25 83
25 27
25 75
33 55
2 55
12 55
25 55
33 77
2 77
77 83
33 36
11 36
12 36
29 43
43 69
13 43
43 64
6 43
26 43
34 43
21 43
11 43
36 43
4 78
41 78
9 78
23 78
29 78
69 78
78 85
64 78
71 78
31 78
34 78
2 78
78 83
4 48
41 48
9 48
23 48
29 48
48 69
48 58
13 48
48 64
26 48
34 48
21 48
12 48
22 48
9 54
50 54
54 58
54 67
31 54
26 54
46 54
21 54
48 54
25 54
54 78
10 48
10 27
10 77
24 83
24 36
10 24
45 77
46 87
21 87
48 87
27 87
77 87
45 87
25 63
10 63
6 62
31 62
46 62
11 62
12 62
27 62
62 78
4 15
9 15
0 15
15 50
15 85
13 15
6 15
15 31
15 33
2 15
11 15
15 48
15 78
15 42
5 46
5 21
5 11
5 27
5 25
5 15
3 6
3 33
3 46
3 11
3 83
3 25
3 78
3 45
3 22
3 19
17 29
17 50
17 85
17 64
17 71
17 26
17 33
17 21
12 17
17 48
17 25
10 17
3 17
40 76
4 76
41 76
9 76
23 76
29 76
0 76
69 76
50 76
58 76
13 76
64 76
71 76
31 76
46 76
21 76
12 76
36 76
76 78
45 76
3 76
76 89
72 76
25 79
45 79
3 79
76 79
9 81
50 81
8 81
13 81
71 81
31 81
46 81
21 81
81 83
27 81
78 81
15 81
3 81
82 83
27 82
25 82
45 82
3 82
51 82
18 29
18 69
18 85
13 18
18 71
18 31
18 33
11 18
12 18
18 27
18 25
15 18
37 64
26 37
34 37
2 37
37 48
36 37
10 37
15 37
20 64
20 26
20 34
20 21
20 83
20 27
20 77
20 37
3 20
20 76
20 81
12 47
25 47
47 77
15 47
37 47
47 87
47 49
20 47
47 89
4 7
7 41
7 9
7 23
0 7
7 69
7 58
7 67
7 71
7 26
7 34
2 7
7 48
7 27
7 25
7 45
7 63
7 82
7 87
7 47
69 73
50 73
73 85
67 73
64 73
33 73
46 73
2 73
48 73
36 73
73 78
10 73
63 73
4 65
9 65
29 65
50 65
65 85
65 67
65 71
31 65
34 65
21 65
12 65
27 65
10 65
15 65
3 65
65 68
4 14
9 14
0 14
14 50
14 85
13 14
6 14
14 31
14 33
2 14
11 14
14 36
14 78
14 15
14 65
14 82
38 81
38 68
6 39
26 39
39 46
11 39
12 39
36 39
39 77
15 39
37 39
39 87
38 39
39 47
39 66
28 34
28 46
28 83
28 48
28 77
28 45
28 63
28 65
28 81
28 47
28 42
28 51
24 28
28 62
20 28
63 86
82 86
86 87
47 86
28 86
57 86
44 86
1 86
32 87
14 32
32 73
32 54
32 57
48 74
36 74
74 78
10 74
3 74
65 74
49 74
47 74
66 74
57 74
51 74
7 74
19 74
42 74
30 74
70 74
58 84
67 84
71 84
31 84
34 84
11 84
83 84
48 84
25 84
10 84
65 84
76 84
84 87
47 84
66 84
28 84
74 84
1 84
43 84
51 84
4 52
9 52
29 52
50 52
52 85
13 52
6 52
26 52
46 52
2 52
52 83
48 52
52 78
45 52
37 52
52 82
38 52
52 79
14 52
28 52
52 57
16 52
52 89
43 52
17 52
56 85
56 64
56 71
26 56
33 56
2 56
56 83
27 56
10 56
15 56
37 56
56 76
56 81
38 56
56 66
56 62
30 56
16 56
56 89
43 56
52 56
19 56
12 88
27 88
77 88
10 88
63 88
65 88
49 88
14 88
66 88
62 88
44 88
1 88
32 88
51 88
39 88
17 88
56 88
70 88
20 88
60 88
55 56
4 53
41 53
9 53
23 53
29 53
0 53
53 69
50 53
53 58
13 53
53 71
26 53
33 53
11 53
53 83
36 53
53 77
10 53
53 63
53 82
49 53
47 53
14 53
53 62
30 53
1 53
24 53
31 35
26 35
35 46
2 35
35 83
35 36
35 78
15 35
35 37
35 65
35 81
35 79
35 73
35 62
30 35
16 35
32 35
35 68
35 72
35 70
35 51
35 42
35 53
35 59
52 53
53 84
53 56
53 75
18 53
53 70
18 56
19 52
39 52
52 84
59 84
42 84
70 84
17 84
60 74
61 71
26 61
34 61
11 61
61 83
27 61
61 77
45 61
61 63
61 76
61 87
61 79
14 61
57 61
61 74
7 61
61 89
51 61
39 61
39 80
42 80
61 80
20 80
68 80
75 80
61 72
5 61
59 61
42 61
16 74
16 32
16 19
16 43
16 70
16 24
16 17
24 32
32 75
32 86
32 70
32 42
32 72
20 86
22 86
19 86
60 86
39 86
55 86
75 86
28 39
28 68
18 28
17 28
39 44
7 39
39 89
39 72
39 55
14 38
38 55
19 38
22 38
38 43
24 38
38 70
30 38
18 38
14 79
14 55
14 42
14 54
1 14
14 75
14 22
14 18
19 65
65 73
65 66
59 65
30 65
22 65
43 65
65 87
73 87
47 73
1 73
7 73
68 73
70 73
57 73
17 73
44 73
19 73
54 73
30 73
7 62
7 55
7 59
7 89
7 18
7 22
1 7
5 7
47 62
47 60
47 75
20 54
20 57
20 24
20 89
20 22
20 55
20 70
5 20
37 49
37 51
37 75
37 60
30 37
37 54
1 37
37 72
37 42
18 37
18 82
18 49
18 44
18 89
18 51
18 22
18 19
18 72
18 59
44 82
81 82
1 82
55 82
75 82
54 82
5 82
68 82
49 81
19 81
44 81
1 81
59 81
42 81
79 81
81 89
62 81
17 79
5 79
66 79
51 79
44 79
57 79
72 79
68 79
59 79
57 76
62 76
42 76
24 76
70 76
17 76
60 76
49 76
17 49
17 30
17 43
17 51
17 72
17 59
5 17
3 49
3 5
3 43
3 44
3 66
3 59
5 49
5 66
5 54
5 30
5 24
5 51
5 22
5 68
5 70
15 30
15 60
15 62
15 68
15 66
15 19
62 63
44 62
1 62
42 62
30 62
51 62
43 62
24 63
63 89
63 70
63 87
51 63
57 63
55 63
63 75
60 87
22 87
43 87
30 87
72 87
75 87
45 72
45 70
24 45
43 45
45 57
44 45
45 59
1 45
24 49
24 57
24 44
24 72
24 60
19 24
24 68
10 19
10 44
10 54
10 22
10 55
10 89
49 54
54 55
54 70
54 89
54 72
22 54
54 60
54 75
54 59
48 60
48 57
48 59
48 66
44 48
48 78
77 78
30 78
72 78
70 78
57 78
43 78
51 78
43 66
43 44
43 89
43 59
43 55
43 51
1 36
30 36
36 89
36 59
19 36
36 42
36 60
36 49
36 77
66 77
75 77
1 77
59 77
68 77
49 77
55 77
55 66
55 57
19 55
55 75
42 55
25 51
25 89
22 25
25 60
25 42
49 51
1 51
11 19
11 89
11 66
1 11
11 83
11 75
1 30
1 42
1 68
1 75
2 59
2 75
2 12
2 30
2 83
12 27
22 27
27 70
27 68
27 72
27 57
66 72
57 72
72 75
68 72
33 75
33 34
33 57
33 46
33 44
30 33
33 49
46 57
21 57
49 57
19 57
22 57
21 22
21 68
21 70
21 42
12 70
49 70
19 70
6 44
6 34
34 60
22 34
34 75
34 83
34 89
34 59
19 34
34 66
59 66
30 59
42 59
59 60
26 42
19 26
12 26
26 68
42 46
12 42
42 68
12 31
31 89
31 44
31 49
30 31
31 83
44 83
68 83
71 75
71 89
68 71
49 71
19 71
46 71
30 71
46 68
44 68
22 68
60 68
64 67
66 67
46 67
60 64
22 64
64 75
49 64
12 64
64 89
19 64
44 64
30 64
64 66
12 19
19 60
8 46
8 66
8 30
8 44
8 13
13 30
12 30
30 75
30 44
46 85
13 85
44 85
66 85
13 66
12 66
49 66
66 89
60 66
46 58
13 44
44 46
44 89
44 60
46 50
13 50
13 46
46 60
22 46
12 46
46 49
13 60
13 22
13 75
12 13
13 49
13 89
0 89
12 89
22 89
23 49
0 49
12 49
9 12
0 75
22 75
60 75
12 41
0 12
12 60
0 22
22 60
0 60
