90 1602
31 40
25 40
25 70
31 65
25 65
66 70
40 66
65 66
31 41
25 41
41 66
57 70
40 57
57 65
41 57
28 31
25 28
28 66
28 57
20 70
20 40
20 65
20 41
20 28
31 81
25 81
66 81
57 81
20 81
57 73
40 73
70 73
65 73
41 73
73 81
28 73
29 31
25 29
29 66
29 57
20 29
29 73
27 70
27 40
27 65
27 41
27 28
27 81
27 29
17 31
17 25
17 66
17 57
17 20
17 73
17 27
40 53
53 70
53 65
41 53
28 53
53 81
29 53
1 31
1 25
1 66
1 57
1 20
1 73
1 27
1 53
40 51
51 70
51 65
41 51
28 51
51 81
29 51
31 67
25 67
66 67
57 67
20 67
67 73
27 67
53 67
51 67
5 51
5 40
5 70
5 65
5 41
5 28
5 81
5 29
5 17
31 82
25 82
66 82
57 82
20 82
73 82
27 82
53 82
51 82
5 82
31 43
25 43
43 66
43 57
20 43
43 73
27 43
43 53
43 51
5 43
43 70
40 43
43 65
41 43
43 81
28 43
29 43
43 82
31 44
25 44
44 66
44 57
20 44
44 73
27 44
44 53
44 51
5 44
43 44
24 70
24 40
24 65
24 41
24 81
24 28
24 29
26 31
26 66
26 57
20 26
26 73
26 53
26 51
24 26
26 81
31 33
25 33
33 66
33 57
20 33
33 73
27 33
33 53
5 33
33 43
33 82
33 70
33 40
33 65
33 41
28 33
25 64
64 66
57 64
20 64
64 73
53 64
5 64
43 64
64 82
33 64
4 70
4 40
4 65
4 41
4 28
31 79
25 79
66 79
57 79
20 79
73 79
27 79
53 79
5 79
43 79
79 81
33 79
4 79
57 76
73 76
27 76
51 76
43 76
24 76
76 81
36 40
36 70
36 65
36 41
28 36
29 36
5 7
7 43
7 82
7 36
4 7
0 7
10 43
10 24
10 81
10 33
4 10
31 80
25 80
66 80
57 80
20 80
73 80
27 80
53 80
5 80
43 80
80 81
33 80
31 60
25 60
60 66
57 60
20 60
60 73
27 60
51 60
5 60
24 60
60 82
36 60
40 60
60 70
60 65
41 60
28 60
81 89
82 89
60 89
76 89
10 89
64 89
31 78
66 78
57 78
20 78
73 78
53 78
5 78
43 78
78 82
33 78
60 78
76 78
0 84
70 84
40 84
65 84
67 84
41 84
79 84
1 84
31 46
25 46
46 66
46 57
20 46
46 73
27 46
46 53
5 46
24 46
46 81
33 46
46 76
46 80
46 84
46 64
46 78
30 70
30 40
9 60
9 80
9 10
10 39
39 64
39 40
39 70
39 65
9 39
5 72
43 72
72 81
72 82
60 72
72 80
10 72
39 72
25 59
59 66
57 59
20 59
59 73
53 59
5 59
43 59
59 81
59 82
59 60
59 76
59 84
39 59
40 59
59 70
4 8
8 80
0 8
8 64
8 59
43 52
52 81
52 82
33 52
4 52
52 76
0 52
52 64
52 78
40 52
52 70
41 52
4 85
80 85
0 85
84 85
52 85
19 51
19 24
19 81
19 33
19 60
19 80
19 84
19 64
19 59
19 30
19 44
31 58
25 58
58 66
57 58
20 58
58 73
27 58
51 58
5 58
43 58
58 81
33 58
4 58
58 80
58 84
39 58
52 58
19 58
58 70
2 31
2 25
2 66
2 57
2 20
2 73
2 27
2 51
2 43
2 24
2 82
2 33
2 76
2 80
2 84
2 39
2 59
2 52
4 47
47 80
10 47
47 64
47 78
19 47
29 47
8 47
43 62
24 62
62 82
33 62
60 62
62 76
62 84
39 62
62 78
30 62
47 62
62 70
6 57
6 20
6 27
6 53
5 6
6 24
6 81
6 33
4 6
6 76
6 10
6 39
6 78
6 30
0 34
34 64
34 59
30 34
25 71
66 71
57 71
20 71
71 73
51 71
5 71
43 71
71 82
33 71
60 71
71 80
71 84
64 71
52 71
30 71
34 71
8 71
6 71
9 71
58 71
27 87
53 87
5 87
24 87
81 87
33 87
4 87
80 87
0 87
39 87
78 87
19 87
34 87
8 87
6 87
31 49
25 49
49 66
49 57
20 49
49 73
27 49
49 53
43 49
24 49
49 81
33 49
49 60
49 80
0 49
49 84
49 52
19 49
34 49
8 49
6 49
14 27
14 53
14 43
14 81
14 82
14 36
4 14
14 80
10 14
14 64
14 78
14 52
14 47
2 14
6 14
14 49
14 29
14 87
14 65
14 89
59 74
19 74
47 74
2 74
74 79
9 74
58 74
15 73
15 27
5 15
15 43
15 82
15 36
15 60
15 80
10 15
15 39
15 78
15 30
15 47
15 70
6 15
15 17
15 58
4 32
32 80
32 84
32 64
32 78
32 52
32 70
8 32
32 79
32 49
29 32
15 32
57 69
51 69
5 69
24 69
69 82
36 69
60 69
69 80
69 84
39 69
59 69
30 69
34 69
8 69
69 79
17 69
29 69
15 69
13 51
13 43
13 81
13 36
4 13
13 76
0 13
13 78
13 52
13 19
13 70
2 13
8 13
13 49
13 29
13 69
13 65
13 89
22 31
22 25
22 66
22 57
20 22
22 73
22 27
22 53
22 51
22 43
22 82
22 36
22 60
0 22
10 22
22 39
22 59
22 52
22 34
2 22
22 79
22 49
17 22
22 87
22 65
17 18
18 87
18 65
63 65
18 63
63 74
56 81
33 56
4 56
56 76
0 56
39 56
56 59
19 56
34 56
2 56
6 56
9 56
29 56
15 56
56 69
56 89
60 86
80 86
10 86
39 86
59 86
30 86
34 86
2 86
79 86
9 86
29 86
58 86
25 42
42 66
42 57
42 73
27 42
42 53
42 51
24 42
42 81
36 42
42 60
42 76
10 42
42 64
42 59
42 52
34 42
2 42
42 79
9 42
42 58
15 42
54 82
33 54
4 54
54 76
10 54
39 54
54 78
19 54
54 70
2 54
8 54
9 54
29 54
54 87
42 54
54 89
22 54
54 56
10 16
16 39
16 78
16 19
16 34
2 16
16 79
16 49
16 29
16 87
16 42
16 89
16 86
31 55
25 55
55 66
55 57
20 55
55 73
27 55
53 55
51 55
5 55
43 55
24 55
55 81
33 55
55 76
55 80
55 84
39 55
52 55
30 55
55 70
8 55
9 55
17 55
29 55
55 87
55 65
55 89
55 74
55 67
55 72
48 57
20 48
48 73
27 48
5 48
24 48
48 81
36 48
48 60
48 80
10 48
48 84
48 78
19 48
34 48
48 70
8 48
9 48
29 48
48 58
48 69
48 89
22 48
48 55
40 48
48 71
50 57
20 50
27 50
50 53
50 51
24 50
50 81
50 82
4 50
50 76
10 50
50 64
50 78
30 50
34 50
2 50
6 50
17 50
29 50
15 50
50 69
42 50
50 86
50 56
16 50
50 71
34 38
8 38
6 38
38 49
38 58
38 87
38 42
38 89
38 86
22 38
38 62
21 82
21 33
21 60
0 21
21 84
21 64
21 52
19 21
21 34
2 21
6 21
21 49
21 29
21 87
21 42
18 21
21 86
21 56
21 40
21 38
23 81
23 33
4 23
23 80
10 23
23 39
23 59
23 52
23 47
8 23
23 79
17 23
23 58
23 87
23 69
18 23
23 74
23 55
16 23
21 23
13 23
75 82
36 75
60 75
75 76
10 75
64 75
59 75
30 75
47 75
2 75
75 79
49 75
29 75
69 75
42 75
75 86
22 75
56 75
62 75
71 75
13 75
38 75
60 83
76 83
0 83
64 83
59 83
52 83
34 83
2 83
79 83
17 83
29 83
15 83
69 83
18 83
74 83
55 83
62 83
21 83
50 83
75 83
11 81
11 82
4 11
11 76
10 11
11 39
11 78
11 19
11 34
2 11
8 11
9 11
11 29
11 15
11 65
11 89
11 74
11 55
11 16
11 21
31 35
25 35
35 66
35 57
20 35
35 73
27 35
35 53
35 51
5 35
35 43
24 35
35 81
35 36
4 35
35 76
0 35
35 64
35 59
30 35
35 70
2 35
35 79
35 49
17 35
35 69
35 42
18 35
35 86
22 35
16 35
35 71
0 37
37 84
37 59
30 37
37 47
8 37
6 37
37 49
29 37
37 87
37 65
37 89
37 74
37 55
16 37
37 71
35 37
37 75
28 37
37 46
14 37
34 61
61 70
6 61
49 61
58 61
15 61
61 69
18 61
61 74
55 61
40 61
61 62
35 61
38 61
28 61
46 61
31 88
25 88
66 88
57 88
20 88
73 88
27 88
53 88
5 88
24 88
81 88
33 88
60 88
0 88
10 88
64 88
59 88
52 88
47 88
8 88
6 88
9 88
58 88
15 88
65 88
18 88
74 88
56 88
62 88
71 88
35 88
75 88
11 88
46 88
31 68
25 68
66 68
57 68
20 68
68 73
27 68
53 68
51 68
24 68
68 82
36 68
4 68
0 68
68 84
68 78
52 68
30 68
47 68
8 68
6 68
9 68
58 68
15 68
68 69
68 89
22 68
56 68
40 68
62 68
35 68
13 68
60 77
0 77
77 84
64 77
77 78
52 77
70 77
2 77
77 79
49 77
58 77
77 87
69 77
18 77
22 77
56 77
16 77
21 77
50 77
13 77
14 77
23 77
48 77
67 77
54 77
1 77
11 77
46 77
44 77
68 77
41 68
14 68
68 85
63 68
68 72
48 68
7 68
68 88
67 68
44 88
83 88
12 47
12 70
6 12
12 49
12 17
12 87
12 65
12 42
12 86
12 55
12 40
12 62
12 35
12 75
12 28
12 46
12 88
12 61
12 37
12 72
12 54
12 67
12 83
12 23
61 88
1 88
7 88
3 60
3 80
3 10
3 39
3 78
3 19
3 34
3 8
3 79
3 49
3 17
3 15
3 65
3 18
3 86
3 56
3 40
3 21
3 35
3 38
3 28
3 11
3 88
3 41
3 44
3 23
3 63
45 51
24 45
45 81
33 45
4 45
45 76
45 84
39 45
45 59
30 45
45 47
45 70
6 45
45 49
29 45
15 45
45 65
45 86
45 74
22 45
16 45
21 45
45 50
13 45
28 45
45 46
45 85
45 61
3 45
45 63
45 83
26 45
44 45
45 67
3 54
1 3
32 61
61 63
37 61
54 61
26 61
26 37
37 83
37 72
32 37
37 48
14 35
13 35
35 44
35 67
11 35
7 35
11 13
11 72
11 26
11 83
11 67
1 11
11 54
11 23
46 83
83 85
63 83
54 83
32 83
46 75
48 75
23 75
26 75
7 75
28 75
14 23
23 41
23 48
1 23
23 44
23 54
21 63
21 46
21 32
14 21
13 21
21 28
38 50
38 72
38 67
38 85
32 38
38 44
38 54
14 38
38 41
46 50
50 85
50 63
48 50
41 50
28 50
50 54
1 50
14 48
41 48
7 48
48 67
1 48
44 48
55 85
13 55
16 55
1 55
55 62
41 55
16 40
14 16
16 63
16 72
16 54
7 16
13 16
54 71
14 54
26 54
54 72
41 42
40 42
42 86
1 42
42 89
42 67
7 42
42 71
32 42
28 42
18 86
1 86
28 86
22 86
72 86
56 86
7 86
32 86
40 56
56 63
7 56
14 56
26 56
44 56
56 71
13 63
28 63
14 63
7 63
1 63
26 63
18 40
18 26
18 85
7 18
18 22
18 62
18 44
22 26
22 62
13 22
22 85
22 28
22 32
22 46
13 72
13 32
13 26
1 13
69 89
65 69
1 69
44 69
32 69
26 69
69 85
32 40
28 32
32 46
32 85
7 32
1 32
32 44
32 72
15 74
15 26
15 72
15 40
15 41
15 85
15 87
65 74
74 89
67 74
40 74
71 74
14 74
44 74
46 74
41 74
14 41
14 85
14 72
28 49
49 72
49 87
49 58
49 67
41 49
17 87
46 87
7 87
28 87
67 87
71 87
44 87
65 71
62 71
41 71
67 71
71 72
1 71
71 85
44 71
34 65
34 67
7 34
17 34
34 41
34 46
6 34
2 6
6 58
6 72
6 40
6 62
6 89
6 9
6 41
9 62
17 62
58 62
62 65
40 62
62 67
28 62
46 62
26 62
7 62
40 47
47 79
47 70
26 47
1 47
47 85
28 47
44 47
47 89
9 47
2 47
2 65
2 41
2 72
1 2
2 7
2 58
29 58
28 58
41 58
7 58
44 58
58 89
58 67
19 28
19 26
7 19
19 85
19 72
19 29
19 40
19 67
19 70
19 89
70 85
79 85
9 85
29 85
40 85
28 85
26 85
67 85
7 85
41 85
17 52
29 52
52 67
9 52
8 52
8 70
8 26
8 40
8 17
8 89
8 29
8 46
59 79
59 65
28 59
59 72
44 59
26 59
7 59
70 72
17 72
65 72
72 89
41 72
1 72
67 72
29 39
1 39
39 44
9 30
9 70
9 46
1 9
9 17
9 29
7 9
9 40
9 89
9 65
30 46
1 30
30 41
17 30
30 79
30 65
46 70
17 46
46 65
46 89
44 46
26 46
26 84
78 84
64 78
70 78
40 78
65 78
67 78
26 78
17 78
1 78
78 89
41 89
67 89
1 89
26 60
44 60
60 80
17 60
40 80
70 80
65 80
41 80
44 80
10 80
67 80
29 80
10 70
10 40
10 65
10 41
10 28
10 17
7 10
10 44
7 64
7 79
7 28
7 67
7 26
7 44
1 36
36 76
4 76
40 76
70 76
65 76
41 76
28 76
67 76
76 79
1 76
64 76
26 76
64 79
70 79
17 79
28 79
1 79
26 79
65 79
67 79
44 79
1 4
4 64
4 29
0 64
40 64
64 70
64 65
41 64
28 64
33 44
17 33
29 33
26 33
17 26
26 29
26 40
26 67
1 24
24 44
17 24
24 82
24 67
44 82
44 70
17 44
40 44
41 44
43 67
17 43
1 43
81 82
40 82
70 82
65 82
41 82
28 82
29 82
17 82
67 82
1 5
5 67
67 81
67 70
1 51
17 51
1 81
1 17
1 40
1 41
17 53
0 17
17 40
17 65
29 81
0 29
29 70
70 81
40 81
65 81
41 81
28 81
0 28
28 70
28 65
28 41
0 41
40 41
0 65
0 40
31 70
0 70
