90 801
18 36
36 60
18 45
45 60
36 85
18 68
60 68
68 85
49 68
22 36
22 45
22 68
7 18
7 60
7 85
7 49
7 22
12 36
12 45
12 68
7 12
18 27
27 60
27 85
27 49
22 27
12 27
7 27
36 78
45 78
68 78
10 18
10 60
10 85
10 49
10 22
10 12
7 10
10 78
36 46
46 68
45 46
27 46
10 46
26 85
12 26
26 46
12 65
36 65
65 68
45 65
7 23
23 65
30 36
30 45
30 68
0 30
2 49
2 22
2 7
2 65
2 30
18 67
60 67
49 67
22 67
67 78
13 36
13 45
13 68
44 85
22 44
44 78
13 44
5 49
5 22
5 12
5 46
5 36
5 45
5 68
5 11
11 67
12 33
13 33
5 33
36 75
33 75
18 29
29 60
29 49
22 29
7 29
29 46
5 29
29 75
0 29
18 62
60 62
62 85
49 62
7 62
62 65
30 62
5 62
0 62
36 62
11 62
0 61
61 62
16 18
16 85
16 49
12 16
16 78
16 46
16 30
16 67
33 42
36 42
42 74
19 36
19 74
20 36
20 68
20 45
3 18
3 22
3 78
3 65
3 20
3 45
3 33
3 62
8 18
8 60
8 49
8 22
8 12
8 65
8 30
8 45
8 42
8 19
8 81
8 26
8 61
0 76
49 58
22 58
46 58
13 58
30 58
45 58
42 58
6 58
52 58
0 73
6 73
58 73
26 73
48 61
48 68
23 48
15 48
18 32
32 60
32 49
22 32
7 32
32 46
30 32
32 45
32 33
36 87
5 82
45 82
0 82
82 87
58 82
18 56
56 60
49 56
22 56
7 56
56 65
20 56
45 56
33 56
6 56
52 56
26 56
80 85
12 80
7 80
65 80
5 80
45 80
42 80
80 87
80 81
56 80
48 80
73 80
11 80
17 18
17 85
17 49
12 17
7 17
17 65
17 30
17 67
17 42
17 87
7 38
38 46
30 38
38 45
33 38
38 62
11 38
17 38
18 35
35 60
35 85
35 49
22 35
12 35
7 35
35 46
5 35
35 75
0 35
35 62
35 38
26 35
35 48
32 35
20 25
25 67
25 33
25 62
25 58
25 26
38 84
58 84
1 7
1 46
1 5
1 45
0 1
1 62
1 81
20 39
5 39
33 39
39 62
39 81
3 39
52 79
39 79
1 79
16 79
70 84
70 76
54 81
26 54
54 84
54 76
54 70
36 54
18 31
31 60
31 85
12 31
7 31
31 46
5 31
31 45
31 33
31 62
31 58
31 39
31 61
31 76
50 78
46 50
30 50
50 75
33 50
50 62
38 50
26 50
50 84
32 50
2 50
0 64
64 87
52 64
39 64
48 64
16 64
50 64
7 89
46 89
30 89
45 89
0 89
6 89
81 89
39 89
1 89
11 89
70 89
8 89
7 57
57 65
30 57
57 67
57 75
57 87
52 57
39 57
57 61
57 73
57 89
36 57
14 57
47 57
34 75
34 87
34 81
34 58
34 61
34 73
34 70
23 34
34 47
7 72
65 72
5 72
45 72
0 72
72 87
38 72
58 72
61 72
32 72
72 89
44 72
31 72
35 72
34 72
29 72
4 30
4 45
4 42
4 6
4 81
4 58
4 48
4 16
4 11
4 68
7 51
13 51
20 51
51 67
0 51
6 51
51 81
26 51
48 51
51 73
25 51
17 51
4 51
25 40
23 40
40 51
40 47
37 50
37 68
31 37
37 47
37 79
4 37
57 83
14 83
37 83
77 84
16 77
70 77
17 77
57 77
77 86
74 77
68 88
47 88
10 88
77 88
1 43
16 43
43 70
43 44
31 43
43 54
37 43
43 83
15 43
4 43
43 82
43 88
9 25
9 36
18 28
28 60
28 85
28 49
7 28
28 65
28 30
28 67
28 33
19 28
28 38
28 56
28 61
16 28
28 50
28 44
21 42
21 62
6 21
21 26
1 21
21 73
21 25
21 23
21 28
14 21
18 71
49 71
7 71
46 71
65 71
45 71
42 71
71 87
38 71
39 71
61 71
71 76
11 71
17 71
31 71
54 71
11 69
17 69
51 69
14 69
69 71
69 83
0 63
63 87
38 63
58 63
1 63
63 73
25 63
17 63
57 63
2 63
63 74
63 83
24 61
24 76
11 24
23 24
24 31
24 54
24 74
52 66
39 66
66 84
66 76
11 66
36 66
57 66
14 66
66 71
4 66
66 82
34 66
35 66
24 66
42 55
6 55
55 81
55 56
48 55
16 55
55 89
17 55
28 55
54 55
10 55
55 77
24 55
59 68
14 59
10 59
27 59
55 59
59 79
29 59
8 59
55 82
3 55
24 63
8 24
24 80
29 63
3 63
63 69
15 69
3 69
29 69
9 71
21 71
3 71
64 71
21 64
0 41
6 41
41 52
39 41
1 41
41 73
11 41
23 41
41 51
41 86
41 74
41 77
34 41
21 41
33 53
6 53
38 53
39 53
1 53
53 73
50 53
23 53
53 68
53 72
53 86
53 64
41 53
9 53
34 53
3 53
41 79
21 35
21 29
21 82
9 28
28 79
2 28
28 35
28 29
15 28
9 47
9 83
9 80
9 88
4 9
8 88
4 88
3 77
77 83
37 40
37 80
40 64
40 80
15 40
34 40
4 40
8 51
27 51
51 82
10 51
4 72
15 72
72 86
34 74
34 79
14 47
47 54
8 14
57 64
57 74
44 89
2 89
79 89
64 89
15 89
2 64
27 64
64 79
15 50
50 68
36 50
31 50
50 86
23 31
31 68
31 80
31 54
54 79
54 82
70 79
25 70
70 82
10 70
44 70
35 79
1 39
36 39
11 39
1 32
1 10
1 11
1 84
1 82
16 84
76 84
17 84
29 84
84 86
25 84
16 25
25 35
25 74
25 29
23 25
17 35
35 74
35 80
15 35
23 38
10 38
38 68
32 38
17 26
17 73
11 17
17 23
17 80
2 80
27 80
56 86
56 76
23 56
16 56
27 56
32 56
2 56
56 61
56 82
32 82
36 82
10 82
8 82
32 87
26 87
3 32
10 32
2 32
23 32
32 76
32 86
15 32
15 86
15 27
27 48
48 73
68 73
29 73
58 86
58 76
58 74
58 68
6 76
6 44
6 36
6 26
74 76
44 76
8 76
36 76
8 44
8 86
8 27
29 81
27 81
3 81
74 81
3 16
3 11
3 44
3 68
2 3
20 86
20 26
67 86
42 86
19 86
44 86
68 86
29 86
19 23
16 19
10 19
61 74
36 74
2 74
10 42
16 42
42 44
42 68
16 52
16 44
16 27
2 52
36 52
44 52
52 61
36 61
2 61
27 62
29 62
2 62
26 29
29 36
10 29
23 75
33 36
2 33
26 33
11 33
27 33
11 27
5 44
5 27
5 10
5 67
44 67
26 44
10 44
23 44
13 67
36 67
45 67
67 68
10 67
0 67
2 67
23 67
27 67
2 27
2 10
23 30
26 65
27 65
0 65
10 65
26 45
10 26
10 27
27 78
27 36
7 36
7 68
7 45
0 7
0 22
45 68
0 68
36 68
45 85
49 85
45 49
36 45
49 60
36 49
0 36
18 49
0 49
