90 801
10 79
10 82
66 79
66 82
3 10
72 79
72 82
3 72
10 49
25 79
25 82
3 25
25 49
10 56
56 66
56 72
25 56
59 79
59 82
3 59
49 59
56 59
10 42
42 72
42 66
25 42
42 59
43 79
43 82
3 43
43 49
43 56
42 43
43 66
12 79
12 82
3 12
12 49
12 56
12 66
10 12
12 25
12 72
12 59
12 43
64 79
64 82
3 64
49 64
56 64
42 64
64 66
12 64
10 89
25 89
72 89
43 89
59 89
64 89
60 79
60 82
3 60
49 60
56 60
42 60
60 66
12 60
60 89
10 53
25 53
53 72
43 53
53 59
53 64
53 60
73 79
73 82
3 73
49 73
42 73
66 73
12 73
53 73
10 38
25 38
38 72
38 43
38 59
38 64
34 82
34 49
34 66
12 34
34 38
34 72
10 45
25 45
70 82
66 70
12 70
53 70
9 10
9 72
9 25
9 59
9 43
9 64
8 9
10 48
25 48
48 72
48 59
43 48
48 64
55 79
55 82
3 55
55 66
12 55
55 89
48 55
55 72
45 55
10 50
50 55
29 79
29 82
29 49
29 42
29 66
29 89
10 86
72 86
25 86
43 86
59 86
20 66
12 20
20 86
20 48
75 82
49 75
66 75
75 89
9 75
48 75
10 75
25 75
78 86
75 78
6 10
6 25
0 6
6 84
10 67
43 67
67 73
34 67
9 31
31 75
10 54
25 54
46 66
46 89
38 46
46 72
46 54
0 46
57 78
34 57
38 39
39 72
39 75
39 50
39 57
37 54
29 37
0 37
37 39
58 86
58 75
45 58
0 58
10 58
58 64
7 58
0 26
26 37
13 29
13 50
10 17
6 40
40 50
17 40
26 40
79 83
82 83
49 83
66 83
12 83
83 89
53 83
72 83
45 83
10 76
59 76
76 83
64 76
14 79
14 82
3 14
14 49
14 56
14 66
12 14
14 89
14 86
14 72
14 45
14 76
14 17
4 83
4 71
32 79
32 82
3 32
32 49
32 56
32 42
32 66
12 32
32 89
32 53
9 32
32 75
29 32
32 50
32 58
4 32
13 32
17 33
38 88
75 88
54 88
29 88
68 75
0 68
58 68
10 68
68 84
68 88
25 68
36 79
36 49
36 66
12 36
9 36
36 75
36 54
29 36
36 68
36 57
36 64
33 36
36 60
47 54
47 76
47 68
37 47
47 83
18 29
18 50
18 68
18 21
18 64
27 74
27 52
27 59
3 69
49 69
66 69
12 69
9 69
69 72
29 69
67 69
0 69
37 69
13 69
69 74
35 68
4 35
35 64
18 35
35 60
41 54
29 41
0 41
4 41
41 64
18 41
35 41
41 69
15 86
15 72
15 29
0 15
15 68
4 15
15 64
15 74
16 66
12 16
16 86
16 72
16 29
16 50
16 58
4 16
16 64
16 20
16 60
15 16
16 32
58 87
4 87
74 87
20 87
16 87
43 87
28 66
28 89
28 53
28 75
6 28
28 76
17 28
26 28
13 28
18 28
28 60
28 71
14 28
28 84
0 22
21 22
22 83
22 52
22 35
22 47
22 28
2 64
2 18
2 59
2 47
2 41
2 78
2 55
2 46
2 22
2 27
2 87
2 32
62 79
49 62
62 66
53 62
48 62
62 72
45 62
50 62
62 68
57 62
62 64
33 62
35 62
43 62
62 71
41 62
46 62
17 85
21 85
13 85
33 85
16 85
69 85
19 79
19 49
19 66
19 89
9 19
19 72
19 29
19 76
19 68
19 21
19 26
19 33
19 25
30 79
30 82
3 30
30 49
30 66
12 30
30 38
30 75
30 54
30 50
30 58
30 57
30 83
18 30
25 30
19 30
30 40
30 84
15 30
1 83
1 52
1 16
1 30
1 19
1 34
1 87
35 61
47 61
19 61
23 61
11 25
11 43
11 19
11 23
11 62
11 31
11 39
11 27
11 32
11 22
23 39
14 23
35 65
30 65
28 65
34 65
24 74
18 24
24 59
24 69
24 36
24 70
24 65
24 31
7 24
24 39
24 32
22 24
6 63
29 63
58 63
57 63
26 63
18 63
25 63
43 63
36 63
63 70
63 65
14 63
22 63
8 63
44 59
44 69
19 44
44 70
44 65
44 63
7 44
44 84
22 44
44 46
63 78
32 65
6 81
50 81
17 81
57 81
26 81
18 81
59 81
43 81
15 81
34 81
65 81
31 81
8 81
7 81
32 81
27 81
61 65
1 61
61 85
55 61
27 61
40 61
1 39
68 80
4 80
13 80
52 80
60 80
47 80
71 80
34 80
80 88
1 80
80 85
66 77
77 89
9 77
48 77
29 77
67 77
57 77
37 77
77 83
33 77
60 77
47 77
41 77
77 87
10 77
73 77
8 77
5 83
5 20
5 25
5 47
5 41
5 34
5 88
5 14
5 39
5 77
51 74
33 51
35 51
51 69
28 51
41 51
51 88
1 51
51 85
51 77
5 51
46 51
5 40
77 80
80 84
46 80
1 55
30 70
30 39
8 30
19 39
19 88
15 19
19 85
70 85
62 85
14 85
40 85
22 62
10 62
39 62
22 78
28 87
28 34
28 73
73 87
7 87
84 87
31 87
16 73
16 46
16 31
16 55
15 41
15 46
15 27
15 36
15 32
8 15
7 41
8 41
35 78
35 69
7 35
69 71
46 69
27 69
69 78
10 27
27 31
27 84
31 52
52 88
52 71
18 52
10 52
33 52
18 47
18 59
47 60
34 47
47 55
36 47
36 70
36 40
31 36
10 36
36 78
68 73
21 88
83 88
25 88
71 88
34 88
73 88
40 88
14 88
21 60
21 33
21 34
21 31
21 70
21 55
21 25
13 33
25 33
14 33
33 60
32 33
32 43
32 73
32 55
4 14
4 46
4 84
14 64
14 25
14 71
14 73
14 40
58 83
20 83
40 83
25 83
31 83
70 83
40 74
40 60
40 70
40 78
13 17
17 70
17 71
17 60
17 20
13 26
13 34
13 46
13 39
13 78
13 59
8 13
7 26
26 60
26 73
26 74
26 43
26 84
7 64
7 74
7 43
7 71
7 55
7 78
55 58
43 58
58 74
8 58
37 74
10 74
55 74
73 74
37 78
10 37
37 59
8 37
37 73
37 43
37 64
20 39
25 39
8 39
46 57
31 57
20 57
20 46
46 73
46 78
31 54
31 67
31 71
31 70
31 73
67 70
67 84
67 78
20 84
60 84
34 84
8 84
55 84
6 78
6 64
6 59
6 43
20 78
10 78
43 75
59 75
73 75
20 75
20 50
8 20
20 43
20 70
20 34
29 86
29 72
10 29
29 71
29 60
50 71
64 71
59 71
55 71
0 50
55 64
10 55
0 48
48 73
8 48
8 45
0 8
8 60
8 10
9 70
9 60
70 72
45 70
59 70
10 70
34 45
34 59
38 73
43 73
0 53
60 72
0 60
0 89
64 72
0 12
43 72
25 43
10 43
0 42
59 66
59 72
0 59
25 59
10 59
0 56
25 66
25 72
0 25
49 66
49 72
0 49
66 72
10 72
0 72
3 66
0 3
10 66
0 66
0 82
0 10
0 79
