90 400
17 50
25 86
25 50
17 74
25 74
9 50
9 86
9 74
17 60
25 60
9 60
19 50
19 86
19 60
19 74
58 60
17 34
25 34
9 34
34 54
74 83
30 83
25 26
26 58
26 54
26 65
26 81
1 48
48 50
17 75
25 75
9 75
51 86
50 51
10 51
51 75
75 77
65 75
75 81
1 72
1 39
64 83
39 64
10 79
45 79
39 45
45 70
7 74
37 54
37 50
37 39
7 37
37 72
54 61
50 61
61 70
41 77
41 65
39 41
41 73
78 81
2 83
2 39
2 81
2 68
0 2
2 21
4 81
2 4
4 23
17 57
25 57
57 58
54 57
57 77
50 57
57 70
57 68
57 72
48 57
13 31
13 48
60 87
86 87
12 72
12 61
12 87
12 13
14 35
35 57
14 84
23 84
35 84
17 66
5 86
5 50
5 66
9 20
5 20
20 54
20 50
20 40
7 20
20 78
20 57
42 78
1 47
39 47
40 47
2 47
14 47
9 46
46 58
46 54
46 65
40 46
7 46
46 78
46 47
42 46
46 74
21 46
0 46
37 46
46 75
14 32
32 47
38 50
38 39
15 38
38 73
38 72
38 57
26 38
28 77
28 39
28 81
28 73
34 44
44 48
44 74
28 44
45 62
10 62
49 54
49 50
49 70
2 49
31 49
49 62
49 66
49 56
11 38
11 56
11 34
35 88
56 88
26 88
11 88
4 55
55 88
32 88
26 76
11 76
38 59
53 75
35 69
53 69
26 43
43 85
47 85
80 85
6 80
66 80
24 70
2 24
24 72
24 48
24 80
10 24
21 24
3 38
3 42
3 24
8 87
8 56
8 34
3 8
8 28
8 12
3 84
3 75
0 24
4 24
42 85
45 85
28 85
0 85
37 85
30 43
43 60
43 75
6 43
6 61
6 27
6 45
6 69
6 75
31 52
52 61
41 52
27 52
6 52
22 66
22 36
21 22
22 52
22 49
22 37
30 89
74 89
29 30
27 29
18 29
29 60
29 89
29 45
52 89
4 89
86 89
37 52
63 66
13 63
18 63
63 69
23 67
62 67
41 67
27 67
20 67
63 67
67 76
12 67
63 64
28 69
64 69
20 53
53 59
34 59
11 59
33 59
33 64
59 76
45 49
49 60
12 49
34 62
28 62
28 38
28 34
16 20
1 82
50 82
15 82
73 82
14 82
48 82
41 82
36 82
45 82
16 82
75 82
26 71
71 82
4 71
71 84
16 28
16 86
32 38
13 32
20 32
0 32
32 84
42 47
26 47
47 60
21 47
10 42
21 42
20 42
20 64
1 66
65 66
66 70
15 66
66 72
48 66
36 66
45 66
13 36
10 36
36 84
26 84
18 35
35 64
35 37
13 18
12 18
18 37
13 87
34 87
0 31
31 78
27 31
27 57
27 30
27 60
4 57
57 86
4 30
4 74
2 78
2 48
14 78
21 78
45 78
23 78
14 41
10 14
23 41
30 41
0 41
41 74
72 73
61 73
61 72
61 75
37 61
61 74
0 61
7 45
7 10
7 34
7 30
64 70
60 70
64 68
23 64
48 64
10 64
34 39
39 72
39 74
15 72
72 86
15 75
15 86
30 75
21 77
77 86
21 65
21 40
10 21
21 86
40 74
40 86
34 40
40 48
23 48
1 23
1 50
23 65
23 81
23 68
23 30
60 68
26 68
26 74
30 65
30 81
34 83
60 83
10 34
54 74
54 86
50 54
54 60
50 60
0 60
60 86
58 74
74 86
50 58
10 50
50 86
17 86
58 86
10 58
10 81
0 81
