90 801
12 89
12 63
80 89
63 80
12 59
59 80
40 89
40 63
40 59
12 42
42 80
42 54
46 89
46 63
46 59
42 46
12 83
80 83
6 89
6 63
6 59
6 42
6 83
12 34
34 80
34 46
34 54
6 34
34 40
8 89
8 63
8 42
8 34
12 58
58 80
66 89
63 66
59 66
42 66
66 83
34 66
58 66
5 12
5 80
1 89
1 42
1 58
1 5
12 67
67 80
46 67
40 67
6 67
54 67
21 67
29 89
29 34
29 67
12 29
29 80
44 67
29 44
44 47
16 89
16 63
16 42
16 83
16 67
5 16
16 47
12 16
12 88
80 88
39 67
29 39
39 88
16 39
39 54
47 82
43 47
6 43
31 58
29 31
12 68
17 89
17 63
17 42
17 83
17 34
5 17
17 68
25 89
25 63
25 59
25 42
25 83
25 34
12 69
69 80
46 69
54 69
40 69
6 69
15 89
15 63
15 59
15 42
15 83
15 34
15 69
15 29
15 47
15 16
85 88
68 85
14 85
2 14
2 44
45 85
2 45
1 45
38 89
34 38
38 58
29 38
38 88
38 68
43 49
20 49
43 84
84 85
7 34
5 7
7 88
7 16
7 49
7 84
7 38
37 58
5 37
37 88
16 37
37 85
37 82
1 37
15 37
37 44
30 89
30 63
30 42
30 83
30 58
29 30
30 47
16 30
30 43
30 82
15 57
41 69
29 41
41 88
16 41
41 85
2 41
41 57
41 55
41 46
9 54
9 84
1 9
0 9
54 78
78 82
38 78
15 78
48 78
34 62
5 62
62 88
16 62
62 85
62 82
38 62
15 62
8 62
56 62
27 47
11 27
27 43
27 84
1 27
38 76
15 76
27 76
51 89
51 63
34 51
29 51
51 88
51 68
51 54
2 51
15 51
51 76
51 66
30 51
27 51
15 60
37 60
8 60
56 60
35 38
35 55
35 66
30 35
10 49
10 85
1 10
10 76
8 10
7 19
79 89
42 79
67 79
5 79
68 79
11 79
54 79
79 84
57 79
37 79
46 79
19 79
13 66
13 30
52 89
52 83
34 52
5 52
52 68
11 52
49 52
52 84
52 57
52 55
52 76
39 52
13 52
68 70
16 70
54 70
70 84
34 87
58 87
47 87
16 87
54 87
82 87
64 87
55 87
66 87
9 87
18 48
18 30
18 35
18 41
14 18
68 86
16 86
43 86
85 86
38 86
0 86
46 86
9 86
18 86
14 86
41 86
41 50
50 62
50 78
32 66
30 32
27 32
36 89
36 63
36 59
36 83
36 58
5 36
36 47
11 36
36 49
2 36
36 57
36 55
36 48
36 39
13 36
36 80
53 69
29 53
53 88
16 53
53 54
53 82
38 53
37 53
46 53
53 56
18 53
36 53
1 61
55 61
46 61
9 61
18 61
60 61
27 75
14 75
21 75
45 75
3 67
3 58
3 68
3 11
3 49
3 82
3 57
3 55
3 46
3 39
3 35
3 36
3 75
3 50
4 8
4 56
4 13
4 14
4 75
4 50
4 44
4 32
4 6
4 12
3 4
72 85
2 72
1 72
37 72
66 72
9 72
13 72
14 72
40 72
41 72
4 72
12 72
6 72
33 72
17 72
72 86
38 71
71 76
48 71
39 71
27 71
14 71
71 79
71 80
25 71
22 85
22 84
22 38
22 76
22 66
19 22
13 22
22 36
22 40
22 41
22 31
22 71
12 22
17 22
22 32
10 22
7 71
6 71
76 77
56 77
28 89
28 83
28 67
5 28
28 88
28 68
28 85
28 82
28 38
0 28
28 48
28 56
28 35
12 28
28 77
26 46
19 26
26 28
26 52
26 61
26 50
26 45
26 62
26 51
26 74
24 67
24 29
24 88
24 43
24 49
24 84
15 24
24 37
24 76
9 24
24 27
24 52
24 79
23 89
23 63
23 42
23 83
23 34
23 29
23 68
23 43
23 49
2 23
23 64
0 23
23 46
9 23
23 30
23 52
23 41
20 23
23 24
12 23
23 45
73 85
1 73
57 73
55 73
46 73
39 73
27 73
60 73
21 73
23 73
31 73
26 73
70 73
33 73
24 73
53 73
17 23
23 53
24 25
24 26
3 24
24 53
24 87
28 70
7 28
28 87
6 28
17 28
25 28
14 77
40 77
41 77
45 77
71 77
77 78
7 77
77 86
32 77
3 71
3 20
3 10
3 51
61 75
25 75
7 75
44 75
53 61
61 70
61 74
41 61
10 61
61 80
44 53
53 62
53 70
34 65
5 65
47 65
11 65
49 65
2 65
38 65
65 76
48 65
56 65
27 65
52 65
21 65
76 81
19 81
35 81
36 81
40 81
80 81
70 81
10 81
6 81
31 81
65 81
81 87
31 65
20 65
65 70
33 65
7 65
53 65
36 44
20 36
32 36
36 74
32 79
32 50
32 74
32 87
10 32
50 86
45 86
62 86
78 86
51 86
18 31
18 87
18 44
18 25
40 87
44 87
12 87
74 87
10 87
64 70
20 64
55 70
66 70
19 70
52 70
25 70
12 70
33 70
10 52
45 52
52 60
40 52
13 79
13 40
13 45
13 17
7 13
60 79
40 79
62 79
78 79
51 79
33 79
10 19
19 45
12 19
17 19
10 35
10 45
7 10
35 60
21 35
35 80
33 35
6 35
51 60
21 60
60 62
33 60
31 60
51 80
45 51
6 51
17 51
39 76
40 76
8 27
27 30
27 62
20 27
27 74
44 62
62 74
20 62
56 78
30 78
14 78
25 78
12 78
20 78
17 78
9 48
31 48
21 48
14 48
39 48
8 48
9 41
9 40
9 44
9 25
6 9
14 41
41 74
30 57
57 74
57 80
14 57
57 66
17 57
40 57
30 37
8 30
30 39
30 31
20 30
8 37
7 37
37 80
25 37
21 37
7 66
7 80
7 45
7 74
82 84
74 84
12 84
15 84
20 84
17 84
20 55
20 46
20 21
20 44
20 33
49 66
8 49
33 49
38 49
49 82
46 49
38 82
38 46
12 38
38 55
45 55
6 55
12 55
45 46
2 21
2 6
2 46
0 14
14 39
12 14
15 85
80 85
8 85
33 85
8 15
6 15
15 21
15 66
15 17
15 31
25 69
25 29
25 47
11 25
25 43
25 82
1 25
8 25
25 80
25 31
17 25
11 66
11 17
11 21
11 54
1 11
17 43
8 17
17 21
6 17
6 68
46 68
31 68
40 68
31 43
31 54
31 82
1 31
21 31
31 33
31 44
8 43
43 82
12 43
43 44
43 54
40 43
40 82
1 82
39 82
1 39
39 80
39 74
33 39
21 39
33 88
16 33
1 33
0 33
33 66
33 80
16 80
16 44
16 40
16 46
1 44
44 66
44 80
6 29
29 40
21 29
29 54
29 47
21 47
21 54
6 21
21 40
47 67
12 47
47 66
47 80
8 47
47 54
1 47
1 54
1 66
5 8
5 66
5 46
66 80
54 58
46 58
8 58
6 58
40 58
8 74
8 40
6 8
6 54
6 74
54 83
40 83
46 83
0 46
12 46
40 42
12 40
54 59
54 80
54 63
12 54
54 89
54 74
0 74
