90 1201
23 88
23 87
87 88
23 40
40 87
75 88
17 23
17 87
17 75
23 86
75 86
86 88
17 86
40 86
23 38
38 87
38 75
38 86
35 88
17 35
35 40
23 80
80 87
75 80
80 86
35 80
23 27
27 87
27 75
27 86
27 88
27 40
17 27
27 80
27 38
23 77
77 87
75 77
77 86
35 77
27 77
29 88
29 40
17 29
29 80
29 38
29 77
23 70
70 87
70 75
70 86
35 70
27 70
29 70
23 85
85 87
85 86
85 88
17 85
40 85
38 85
80 85
77 85
23 62
62 87
62 75
62 86
35 62
62 85
78 88
17 78
40 78
78 80
38 78
77 78
27 28
28 85
28 78
11 78
11 88
11 17
11 40
11 38
11 80
23 51
51 87
27 51
51 85
11 51
2 88
2 17
2 40
2 38
2 80
2 51
22 23
22 87
22 75
22 86
22 27
22 85
23 83
83 87
75 83
83 86
27 83
83 85
83 88
17 83
40 83
38 83
80 83
77 83
23 89
87 89
86 89
83 89
78 89
2 89
62 89
23 49
49 75
49 86
27 49
49 83
11 49
49 62
23 58
58 87
58 75
58 86
35 58
27 58
58 78
11 58
65 88
40 65
17 65
23 37
37 87
37 75
37 86
35 37
29 37
37 83
37 65
37 58
23 67
67 87
67 75
67 86
35 67
27 67
29 67
67 85
11 67
2 67
58 67
67 88
40 67
17 67
23 25
25 87
25 75
25 86
25 35
25 27
25 29
25 83
25 78
2 25
25 62
25 67
35 61
27 61
11 61
61 65
61 62
61 67
61 88
61 79
30 88
30 79
23 46
27 46
11 46
6 88
6 17
6 40
6 80
6 38
23 57
57 87
57 86
57 85
11 57
6 57
57 65
57 58
18 88
18 89
4 23
4 87
4 35
4 85
4 78
2 4
4 65
4 49
4 18
66 86
29 66
66 83
6 66
62 66
49 66
27 34
34 85
11 34
2 34
34 65
34 67
34 61
34 88
15 23
15 87
15 75
15 83
11 15
2 15
15 62
15 67
15 34
15 66
15 89
9 89
27 60
29 60
60 83
11 60
60 65
49 60
34 60
18 60
8 34
33 34
33 88
23 24
24 87
24 75
24 86
24 35
24 27
24 29
24 85
24 83
6 24
24 65
24 49
24 34
24 33
24 66
42 89
42 64
27 53
29 53
11 53
2 53
53 58
49 53
34 53
30 53
8 53
8 81
9 81
61 71
66 71
71 89
71 81
60 71
15 71
23 45
45 87
35 45
27 45
45 83
6 45
45 58
45 67
18 45
33 45
45 89
9 45
45 53
23 72
72 87
35 72
72 85
72 83
11 72
65 72
67 72
61 72
66 72
72 89
64 72
53 72
72 79
0 72
16 23
16 87
16 35
16 85
16 78
11 16
16 65
16 49
16 18
16 33
8 16
16 81
16 64
16 72
19 23
19 75
19 27
19 29
19 78
11 19
19 65
19 67
18 19
19 66
19 89
19 81
19 60
19 40
19 71
19 77
10 23
10 87
10 75
10 86
10 35
10 27
10 29
10 85
10 78
6 10
10 62
10 58
10 49
10 66
10 89
9 10
10 53
10 15
10 19
23 69
69 87
27 69
69 85
69 83
11 69
58 69
67 69
61 69
33 69
69 88
69 81
53 69
15 69
4 69
5 65
5 67
5 61
5 33
5 88
5 81
5 53
5 72
5 19
5 69
4 59
12 34
12 33
8 12
12 64
12 60
12 15
12 19
12 69
18 73
30 73
73 89
9 73
53 73
72 73
40 73
12 73
59 73
20 62
20 58
20 49
20 33
20 66
9 20
20 57
20 40
20 71
20 69
20 59
20 77
20 37
32 86
32 85
32 83
2 32
32 62
32 49
32 61
32 33
32 88
9 32
32 53
32 72
19 32
12 32
54 58
54 67
54 61
54 66
54 89
54 88
53 54
54 57
19 54
42 54
56 89
56 88
53 56
40 56
19 56
56 69
54 56
0 56
38 56
28 56
8 55
55 81
55 57
40 55
4 55
55 69
55 79
23 82
29 82
82 83
2 82
62 82
67 82
34 82
18 82
66 82
81 82
57 82
15 82
4 82
42 82
59 82
20 82
80 82
23 63
63 87
63 86
63 85
63 83
2 63
62 63
49 63
18 63
33 63
8 63
63 81
57 63
15 63
4 63
12 63
54 63
63 82
39 58
39 67
39 61
30 39
39 88
39 81
39 53
15 39
4 39
39 42
0 39
26 61
26 30
26 89
26 81
26 60
26 72
26 71
26 42
26 79
0 26
23 31
31 87
31 86
31 85
31 83
2 31
31 58
31 49
31 61
18 31
8 31
31 64
31 57
31 40
19 31
31 42
31 59
26 31
31 39
31 70
8 47
9 47
47 60
15 47
4 47
42 47
47 59
0 47
1 23
1 87
1 86
1 83
1 78
1 2
1 62
1 67
1 61
1 18
1 89
1 88
1 57
1 72
1 71
1 69
1 59
1 82
1 10
1 22
1 45
23 52
27 52
52 78
2 52
52 58
52 67
34 52
33 52
52 88
52 64
52 57
40 52
4 52
42 52
52 54
20 52
1 52
25 52
47 52
23 36
36 87
36 75
36 86
35 36
36 85
36 78
36 65
36 62
36 67
34 36
36 66
36 88
36 64
36 60
36 72
4 36
36 42
36 54
0 36
36 39
28 36
36 55
36 45
36 52
10 36
32 36
74 78
6 74
65 74
49 74
34 74
66 74
8 74
74 81
53 74
15 74
71 74
12 74
54 74
20 74
39 74
25 74
47 74
36 74
74 77
10 74
63 74
44 78
2 44
44 65
44 58
44 61
44 66
8 44
44 81
44 57
40 44
44 71
42 44
44 79
26 44
38 44
44 51
44 73
5 44
44 77
44 56
3 83
3 6
3 65
3 49
3 34
3 33
3 66
3 81
3 60
3 40
3 4
3 69
3 79
3 26
3 38
3 51
3 73
3 36
3 31
3 10
3 45
3 44
3 24
3 22
13 61
13 33
8 13
13 88
13 53
13 72
13 71
13 42
13 59
0 13
1 13
13 70
13 51
13 36
13 17
10 13
13 45
3 13
13 46
13 22
23 48
48 87
27 48
48 85
48 83
6 48
48 62
48 67
34 48
18 48
8 48
48 64
48 60
15 48
4 48
12 48
0 48
48 82
39 48
48 70
48 55
8 50
50 88
50 57
15 50
19 50
42 50
50 54
20 50
38 50
28 50
50 55
17 50
61 68
30 68
68 89
9 68
57 68
15 68
4 68
12 68
68 79
68 82
39 68
68 70
55 68
50 68
76 79
76 82
1 76
51 76
55 76
50 76
16 76
23 84
27 84
78 84
11 84
65 84
49 84
34 84
66 84
84 89
81 84
57 84
15 84
19 84
42 84
0 84
26 84
1 84
25 84
73 84
76 84
77 84
56 84
23 43
29 43
43 78
6 43
43 58
43 49
34 43
18 43
8 43
43 81
43 57
43 72
43 71
43 69
43 54
20 43
38 43
43 51
43 47
36 43
17 43
43 80
22 43
41 57
41 72
40 41
41 42
41 59
20 41
1 41
25 41
41 55
41 50
31 41
10 41
41 43
41 74
16 41
41 52
7 60
7 40
7 71
7 69
7 79
7 82
7 39
7 28
7 73
5 7
7 76
7 80
7 63
3 7
7 41
7 24
0 21
20 21
21 38
21 70
21 47
21 50
21 31
21 56
21 45
21 84
21 52
21 24
7 21
21 22
7 68
4 14
14 69
0 14
14 82
1 14
14 70
14 47
5 14
14 77
14 80
14 63
14 84
14 41
14 24
14 68
14 44
43 46
43 45
37 43
43 84
37 84
16 84
48 84
76 80
24 76
68 76
10 76
46 76
17 68
63 68
68 74
37 68
48 68
31 50
5 50
48 50
50 63
48 77
48 80
48 63
46 48
13 48
16 48
13 44
44 74
37 44
16 44
32 74
46 74
36 37
17 52
10 52
45 52
46 52
24 52
32 52
1 46
1 32
1 47
47 51
37 47
47 73
17 47
47 80
31 47
17 31
22 31
31 56
31 63
31 32
10 26
22 26
26 46
16 26
26 38
24 26
26 51
26 39
38 39
25 39
39 80
24 39
37 39
39 63
28 63
63 73
10 63
32 63
70 82
55 82
25 82
5 82
38 55
55 70
55 77
5 55
16 55
55 56
56 73
17 56
22 56
56 80
32 56
54 70
37 54
32 54
0 54
25 54
54 77
28 54
20 32
32 70
32 73
32 37
16 32
22 32
20 28
20 45
20 73
25 73
70 73
46 73
24 73
12 59
12 51
12 24
12 46
12 38
12 17
12 45
12 37
22 59
16 59
59 70
59 80
10 59
5 59
5 38
5 28
5 24
5 77
5 46
5 22
5 80
25 69
69 79
69 77
10 69
28 69
10 28
10 51
10 45
17 19
19 70
16 19
19 38
19 22
16 79
16 38
16 25
16 77
16 17
16 45
17 72
24 72
22 72
28 72
45 72
45 71
0 45
28 45
45 51
45 77
42 71
51 71
71 79
46 71
37 71
24 71
51 81
46 81
53 81
0 53
38 53
42 53
17 53
53 80
25 53
15 42
28 42
0 42
24 64
64 79
0 64
17 64
64 77
57 64
24 60
24 79
24 51
24 80
24 46
33 70
8 33
0 33
33 89
22 33
33 37
28 33
33 40
8 60
8 80
8 77
8 17
8 51
8 28
9 60
40 60
60 70
60 79
4 60
46 60
37 60
28 60
51 60
9 28
9 57
9 70
9 37
9 22
9 15
9 40
9 25
9 38
9 80
15 57
15 25
15 80
15 77
34 51
17 34
34 80
34 66
22 34
66 88
4 66
57 66
51 66
66 77
38 66
66 80
4 89
4 88
4 40
4 80
4 25
0 4
18 38
18 57
57 89
22 57
57 77
6 46
6 62
46 62
46 67
46 49
30 46
46 88
40 46
46 79
28 46
17 46
17 30
25 30
79 88
79 80
38 79
51 79
17 79
28 61
40 61
0 61
61 77
25 61
37 61
25 89
25 51
25 28
25 70
25 80
25 37
37 67
67 80
22 67
37 88
37 40
37 77
37 80
22 37
38 65
65 80
22 65
58 65
51 65
58 88
17 58
40 58
38 58
0 58
51 58
58 70
49 58
58 77
49 88
28 49
40 49
49 89
17 49
49 70
38 89
88 89
70 83
22 83
2 22
22 88
0 22
22 70
22 51
2 77
40 51
51 70
11 77
11 70
11 28
0 11
28 62
17 28
28 77
62 78
0 78
62 88
17 62
40 62
62 80
38 62
0 62
62 70
62 77
70 85
0 85
70 88
40 70
38 77
35 38
38 40
17 38
0 86
0 17
40 75
40 88
0 87
0 88
0 23
