90 801
25 57
3 57
25 76
3 76
41 57
41 76
1 41
8 25
8 41
3 8
19 57
19 76
1 19
8 19
50 57
50 76
1 50
8 50
25 50
41 50
3 50
19 50
57 67
67 76
1 67
8 67
50 67
25 60
3 60
41 60
19 60
60 67
54 57
1 54
50 54
54 60
25 42
41 42
3 42
19 42
42 67
4 42
25 68
41 68
3 68
19 68
67 68
4 68
6 60
6 68
6 54
25 80
3 80
41 80
19 80
1 74
50 74
42 74
25 74
3 74
41 74
19 74
67 74
59 74
54 59
25 61
41 61
3 61
61 69
16 54
16 25
3 16
16 41
50 88
74 88
16 88
16 45
25 45
39 50
39 74
16 39
39 45
14 57
14 76
1 14
8 14
14 50
14 60
14 74
7 25
3 7
7 41
7 19
56 76
1 56
8 56
50 56
56 74
7 56
54 56
17 56
45 56
6 56
48 57
1 48
8 48
48 50
48 60
48 74
48 80
17 48
14 48
48 70
47 57
47 76
1 47
8 47
47 50
47 60
42 47
47 68
16 47
47 61
45 47
47 70
47 48
19 47
23 80
17 23
1 12
12 50
12 60
12 68
12 16
12 17
57 75
1 75
8 75
50 75
74 75
68 75
54 75
61 75
12 75
25 49
14 55
49 55
48 55
55 67
11 19
11 55
11 31
57 83
1 83
8 83
50 83
60 83
68 83
54 83
82 83
14 83
6 83
47 83
3 5
5 39
5 56
1 28
28 50
28 42
28 68
16 28
17 28
12 28
28 49
28 47
5 28
11 28
8 77
50 77
60 77
54 77
16 77
61 77
45 77
6 77
48 77
80 85
17 85
12 85
6 85
3 71
12 29
6 29
29 71
29 39
11 29
47 84
39 84
11 84
13 54
13 17
13 45
13 70
13 47
5 13
11 13
13 84
12 89
70 89
47 89
5 89
12 35
6 35
35 71
5 35
10 57
1 10
8 10
10 50
10 60
10 68
10 61
25 58
10 58
10 14
10 70
10 71
5 10
10 88
12 64
64 70
47 64
64 67
10 64
41 43
3 73
71 73
44 47
44 85
44 67
44 59
26 42
26 68
26 54
26 61
26 45
26 70
3 26
26 39
26 44
26 77
54 86
82 86
12 86
6 86
48 86
39 86
35 86
83 86
26 86
22 48
22 39
10 22
22 77
22 24
22 86
19 22
13 22
16 66
66 82
45 66
6 66
3 66
5 66
11 66
66 83
24 66
22 66
56 66
2 80
2 82
2 14
2 49
2 48
2 85
2 10
2 43
2 26
2 64
52 57
1 52
8 52
50 52
42 52
52 68
52 80
52 61
14 52
49 52
3 52
52 71
11 52
52 84
52 89
52 64
13 52
52 65
2 65
16 37
37 82
37 45
37 70
3 37
37 85
11 37
35 37
37 89
37 64
8 15
15 50
15 60
15 74
15 54
15 17
14 15
15 70
15 48
15 85
10 15
15 77
15 89
15 22
15 56
36 57
36 76
1 36
8 36
36 50
36 60
36 74
36 68
16 36
36 82
36 45
6 36
3 36
36 39
36 44
36 84
24 36
9 44
9 77
9 81
34 67
34 43
9 34
34 87
15 34
12 63
63 70
3 63
39 63
11 63
35 63
26 63
25 63
56 63
15 63
20 67
20 43
20 26
20 64
20 86
20 63
38 57
1 38
8 38
38 50
38 74
38 68
38 54
38 61
38 45
6 38
38 71
38 85
38 67
38 77
26 38
38 81
14 32
32 70
32 47
32 71
10 32
32 35
9 32
25 32
32 41
18 45
18 49
3 18
18 85
10 18
18 84
18 87
18 25
18 32
4 18
21 44
21 35
21 26
21 25
21 86
18 21
21 23
3 30
30 39
30 67
30 77
9 30
25 30
30 52
30 73
30 55
19 30
20 30
21 30
0 30
14 72
49 72
3 72
39 72
10 72
72 83
72 89
64 72
72 86
18 72
23 72
30 72
59 72
20 72
34 72
66 72
21 29
21 88
79 86
63 79
55 79
13 79
59 79
21 79
48 53
53 71
10 53
53 84
24 53
22 53
53 56
53 73
23 53
35 46
46 84
9 46
46 81
46 52
18 46
37 46
46 53
46 65
34 46
1 62
8 62
50 62
60 62
62 74
7 62
61 62
62 82
12 62
6 62
3 62
39 62
11 62
62 84
62 89
62 87
32 62
36 62
62 63
46 62
62 69
28 62
8 78
50 78
60 78
74 78
16 78
17 78
14 78
49 78
71 78
78 85
44 78
78 84
78 87
25 78
78 86
18 78
23 78
13 78
29 78
62 78
41 78
66 78
12 27
27 49
27 47
27 67
27 35
27 77
24 27
22 27
27 32
27 36
23 27
27 75
40 52
18 40
33 54
33 82
12 33
33 70
33 71
5 33
10 33
33 83
33 89
33 87
33 56
18 33
33 38
33 40
29 33
33 41
33 88
33 66
40 75
4 40
27 40
40 53
28 40
27 62
27 28
27 41
4 46
53 88
53 79
41 53
31 79
0 21
32 38
32 59
32 75
23 32
38 73
20 38
31 38
0 38
24 51
25 51
51 86
15 51
38 51
13 51
51 69
31 51
19 51
51 65
38 41
4 20
20 34
20 88
34 63
63 75
63 66
34 37
29 34
34 66
9 25
9 23
4 9
9 75
9 28
4 81
36 81
55 81
31 81
28 81
73 81
81 88
15 36
36 59
36 37
29 36
31 36
36 69
15 37
15 55
15 19
37 59
37 69
37 65
13 37
29 65
19 65
0 65
4 52
2 52
52 69
2 88
2 55
2 66
2 73
2 13
2 23
66 69
0 22
22 75
31 86
86 88
26 55
19 26
26 56
26 59
25 44
44 75
44 73
41 44
44 77
43 73
73 87
64 73
41 73
0 73
28 73
43 56
43 64
43 59
64 89
29 64
41 64
28 64
10 35
10 23
35 83
35 69
35 89
35 87
83 89
13 89
69 89
88 89
13 69
13 28
55 84
29 84
19 84
29 87
29 56
29 75
71 85
67 71
71 75
77 85
85 88
59 85
69 85
85 87
4 85
77 83
28 77
69 77
23 77
23 28
28 31
5 75
5 83
5 25
5 19
75 83
4 83
31 83
83 88
25 83
24 31
31 75
4 31
55 75
55 88
19 55
4 55
49 67
49 59
23 49
49 75
49 87
59 75
12 23
12 41
12 19
12 88
23 47
23 39
23 87
39 47
25 47
48 59
4 48
48 69
48 56
41 48
48 88
56 67
25 56
19 56
0 56
7 14
7 67
14 16
14 17
14 39
14 87
14 70
14 25
3 14
14 59
39 70
39 67
45 88
45 67
45 69
4 45
6 45
70 88
4 88
16 87
16 17
17 25
17 41
3 17
17 69
17 87
17 19
17 82
6 69
25 69
41 69
19 61
59 61
59 82
59 87
0 59
19 59
74 87
70 74
68 70
70 80
70 82
19 70
67 80
80 82
25 82
3 82
6 82
41 82
4 82
67 82
4 6
3 6
6 41
4 54
4 67
42 54
25 54
3 54
41 54
19 54
54 87
41 67
67 87
50 87
0 19
24 41
1 3
3 87
1 25
1 87
24 87
0 24
