90 400
15 17
15 89
4 17
4 89
4 15
4 27
5 27
56 89
15 56
27 56
0 56
17 31
31 89
15 31
27 31
10 31
17 53
53 89
15 53
27 53
47 89
15 47
47 48
47 78
10 39
39 78
19 62
15 35
4 59
5 59
17 44
44 89
15 44
44 59
44 48
3 15
3 52
3 62
39 65
47 65
5 28
10 42
6 42
28 42
42 79
0 88
52 88
77 88
15 41
6 41
41 88
41 71
41 54
23 88
23 65
30 36
30 42
12 36
12 30
36 66
25 36
44 60
51 60
13 17
13 89
13 15
13 27
10 13
13 78
13 62
13 79
13 60
13 25
13 47
72 89
15 72
10 72
6 72
72 88
53 72
0 29
29 52
29 88
53 73
31 73
44 73
10 84
78 84
62 84
73 84
54 84
25 84
56 84
55 78
55 79
54 55
3 55
66 83
55 83
14 83
14 24
4 24
9 15
9 27
0 9
9 78
9 28
9 73
9 36
3 9
9 56
48 75
52 75
62 75
53 75
1 81
22 72
22 56
7 15
6 7
7 88
7 53
1 7
7 22
7 83
51 76
58 76
14 38
38 76
15 21
21 52
21 62
21 73
21 29
21 25
21 47
21 38
54 68
20 88
20 65
20 29
18 20
20 34
20 72
20 35
14 82
77 82
20 82
42 82
19 26
26 82
12 64
38 64
20 64
64 81
43 89
15 43
10 43
43 52
28 43
43 71
43 79
18 43
43 51
43 72
50 62
50 53
29 50
18 50
50 51
50 76
9 50
50 61
50 81
17 70
70 89
15 70
27 70
10 70
70 78
70 88
53 70
16 85
16 22
16 66
16 38
16 35
54 74
23 74
66 74
4 74
31 32
32 74
7 74
42 74
16 74
2 16
2 5
11 60
11 30
11 56
29 86
30 86
34 86
41 86
46 88
46 53
23 46
25 46
46 86
47 67
46 67
15 63
63 78
28 63
63 71
63 79
3 63
72 80
63 80
63 67
35 63
46 63
43 63
63 87
5 87
41 67
33 47
33 67
13 33
33 68
33 84
33 70
44 67
13 46
31 46
21 46
35 86
77 86
11 86
8 11
11 42
11 19
11 16
56 85
69 78
69 79
69 85
3 69
56 69
55 69
61 69
68 69
69 70
69 84
70 85
30 70
51 70
70 77
50 70
44 57
57 81
57 70
24 57
43 61
28 37
37 71
1 37
18 37
14 37
37 77
37 61
37 41
37 40
39 40
7 37
41 43
43 64
64 82
7 20
18 68
18 77
34 68
38 68
13 68
24 68
34 45
45 72
44 45
41 45
5 45
45 81
5 34
8 34
8 55
8 9
8 21
5 8
44 49
21 49
49 84
7 49
21 41
5 76
4 76
7 58
3 22
22 81
47 81
55 81
1 19
1 75
1 5
23 75
12 75
75 77
19 75
9 75
31 75
42 75
9 39
9 24
24 39
14 77
55 72
55 84
35 84
56 73
29 73
29 31
29 54
29 77
29 72
13 72
13 42
3 60
35 60
25 51
12 51
39 51
25 47
25 66
19 66
47 66
12 66
4 12
12 31
19 30
30 44
36 47
4 36
23 36
23 35
23 41
23 31
23 39
35 88
77 79
5 79
42 54
42 56
28 56
28 54
54 65
39 54
3 65
3 5
3 4
5 52
44 52
44 53
44 56
19 44
35 59
10 35
6 35
35 71
4 35
19 71
19 31
4 62
39 62
47 62
4 39
31 39
56 78
48 53
5 48
4 48
6 53
31 53
4 53
4 6
6 31
10 56
0 4
5 89
5 15
5 17
0 5
