90 2002
26 89
26 50
22 50
34 89
34 50
41 89
26 41
22 41
38 89
38 50
38 41
26 62
22 62
38 62
34 62
43 89
43 50
41 43
43 62
10 26
10 22
10 43
10 34
10 38
1 89
1 50
1 41
1 62
1 10
26 53
22 53
43 53
38 53
34 53
1 53
78 89
50 78
41 78
62 78
10 78
53 78
33 41
26 33
22 33
33 38
33 34
33 43
33 78
1 33
27 89
27 50
27 41
27 62
10 27
27 53
27 33
26 71
22 71
34 71
38 71
43 71
71 78
1 71
67 89
50 67
41 67
62 67
10 67
53 67
33 67
67 71
80 89
41 80
53 80
33 80
71 80
26 80
22 80
38 80
43 80
34 80
78 80
1 80
67 80
68 89
50 68
41 68
62 68
10 68
53 68
33 68
68 71
68 80
83 89
50 83
41 83
62 83
10 83
53 83
33 83
71 83
80 83
26 83
22 83
43 83
34 83
38 83
1 83
78 83
68 83
67 83
31 89
31 50
31 41
31 62
10 31
31 53
31 33
31 71
31 80
31 83
31 38
35 89
35 41
35 62
10 35
35 53
33 35
35 71
35 80
35 83
35 38
26 35
22 35
35 43
34 35
1 35
35 78
27 35
35 67
70 89
50 70
41 70
62 70
10 70
53 70
33 70
70 71
70 80
70 83
38 70
35 70
26 70
22 37
37 43
34 37
1 37
37 78
31 37
27 37
37 70
37 67
37 68
32 89
32 50
32 41
32 62
10 32
32 53
32 33
32 71
32 80
32 83
32 38
32 35
26 32
32 37
17 22
17 34
17 43
17 78
1 17
17 67
17 68
17 27
17 70
17 31
17 32
54 89
50 54
41 54
54 62
10 54
53 54
33 54
54 71
54 80
54 83
38 54
35 54
26 54
37 54
17 54
39 89
39 41
10 39
39 53
33 39
39 71
39 80
38 39
35 39
26 39
17 39
22 39
39 43
34 39
1 39
39 78
31 39
39 70
39 68
27 39
39 67
32 39
39 54
21 89
21 50
21 41
21 62
10 21
21 53
21 33
21 71
21 80
21 83
21 38
21 35
21 26
21 37
17 21
21 39
76 83
38 76
35 76
26 76
22 76
34 76
43 76
1 76
76 78
67 76
68 76
70 76
31 76
27 76
21 76
32 76
54 76
65 89
50 65
41 65
62 65
10 65
53 65
33 65
65 71
65 80
65 83
38 65
35 65
26 65
17 65
65 76
0 65
22 77
34 77
43 77
1 77
77 78
27 77
31 77
70 77
68 77
67 77
21 77
32 77
54 77
88 89
50 88
41 88
62 88
10 88
53 88
33 88
71 88
80 88
83 88
38 88
35 88
26 88
37 88
17 88
39 88
76 88
77 88
14 89
14 41
14 53
14 33
14 71
14 80
14 83
14 38
14 35
14 26
14 39
0 14
14 22
14 34
14 43
14 78
1 14
14 31
14 27
14 68
14 70
14 67
29 80
29 83
29 35
26 29
29 76
29 77
14 29
22 29
29 34
29 43
29 78
1 29
29 68
29 67
29 70
27 29
29 31
18 89
18 50
18 41
18 62
10 18
18 53
18 33
18 71
18 80
18 83
18 38
18 35
18 26
17 18
18 39
18 76
40 41
33 40
40 80
38 40
26 40
37 40
39 40
40 76
22 40
34 40
40 43
1 40
40 78
31 40
27 40
40 67
40 70
40 68
21 40
32 40
40 54
16 35
16 26
16 39
0 16
16 40
14 16
40 69
23 77
22 23
23 34
23 43
23 78
1 23
23 70
23 67
23 68
23 27
23 31
5 83
5 38
5 26
5 37
5 39
5 77
5 14
5 23
5 69
12 38
12 26
12 17
12 76
12 14
12 23
41 61
33 61
61 80
61 83
35 61
26 61
61 76
61 77
40 61
29 61
61 69
22 61
43 61
34 61
61 78
1 61
26 84
76 84
14 84
23 84
61 84
12 84
74 89
41 74
53 74
33 74
71 74
74 80
74 83
38 74
35 74
26 74
39 74
74 77
40 74
23 74
69 74
12 74
16 74
22 74
43 74
34 74
1 74
74 78
72 89
50 72
41 72
10 72
53 72
33 72
71 72
72 80
72 83
38 72
26 72
17 72
39 72
0 72
40 72
23 72
61 72
16 72
72 74
19 22
19 34
19 43
38 47
26 47
39 47
47 76
40 47
29 47
47 61
16 47
47 74
19 47
22 47
26 60
60 76
60 77
23 60
29 60
12 60
16 60
60 72
22 60
2 41
2 33
2 80
2 83
2 38
2 26
2 76
0 2
2 40
2 14
2 69
2 61
2 74
2 72
2 22
8 89
8 41
8 53
8 33
8 80
8 83
8 38
8 26
8 39
0 8
8 40
8 14
8 69
8 12
13 38
13 26
13 39
13 76
13 14
13 23
13 61
12 13
13 22
13 43
13 34
8 13
13 70
13 32
13 18
26 82
0 82
77 82
23 82
69 82
16 82
13 82
19 82
22 82
2 82
24 34
18 24
15 22
15 60
15 24
85 89
41 85
10 85
53 85
33 85
71 85
80 85
83 85
38 85
26 85
17 85
76 85
14 85
23 85
69 85
12 85
16 85
13 85
22 85
2 85
59 69
59 61
16 59
19 59
22 59
1 59
59 85
11 29
11 12
11 13
11 19
11 72
11 60
11 24
11 85
5 11
11 67
4 40
4 14
4 29
4 16
4 74
4 13
4 72
1 4
4 24
4 11
4 59
64 89
50 64
41 64
10 64
53 64
33 64
64 71
64 80
64 83
38 64
35 64
26 64
64 76
0 64
40 64
29 64
61 64
12 64
13 64
19 64
22 64
1 64
64 85
11 64
15 64
34 64
41 81
71 81
80 81
81 83
38 81
26 81
39 81
77 81
14 81
23 81
29 81
12 81
16 81
13 81
22 81
1 81
60 81
11 81
59 81
64 81
9 89
9 41
9 62
9 10
9 53
9 33
9 71
9 80
9 83
9 38
9 35
9 26
9 17
9 77
9 40
9 14
9 29
9 12
9 16
9 72
9 22
1 9
9 24
9 85
9 59
9 64
38 56
26 56
39 56
56 76
56 77
23 56
29 56
12 56
56 74
56 72
22 56
1 56
24 56
11 56
8 56
9 56
41 57
33 57
57 80
38 57
35 57
26 57
17 57
57 76
40 57
23 57
57 61
16 57
57 74
13 57
22 57
2 57
57 60
11 57
15 57
57 64
9 57
44 69
44 61
44 74
13 44
22 44
2 44
44 60
44 59
8 44
15 44
44 57
44 88
52 89
50 52
41 52
52 62
10 52
52 53
33 52
52 71
52 80
52 83
38 52
35 52
26 52
17 52
39 52
52 77
14 52
23 52
29 52
52 61
13 52
52 72
22 52
2 52
52 85
11 52
52 59
15 52
9 52
52 88
18 52
41 73
38 73
26 73
17 73
39 73
0 73
73 77
14 73
69 73
12 73
73 74
13 73
22 73
1 73
24 73
73 85
59 73
15 73
9 73
73 88
52 73
7 16
7 13
7 22
7 60
7 24
7 11
7 8
7 9
7 57
7 88
26 48
0 48
40 48
14 48
48 69
48 61
16 48
19 48
22 48
1 48
48 60
11 48
48 59
15 48
9 48
6 40
6 23
6 29
6 61
6 13
6 72
6 22
1 6
6 24
6 11
6 8
6 15
6 57
6 84
6 34
75 89
50 75
41 75
62 75
10 75
53 75
33 75
71 75
75 80
75 83
38 75
35 75
26 75
37 75
17 75
39 75
75 76
0 75
40 75
29 75
61 75
12 75
74 75
19 75
22 75
1 75
75 85
11 75
15 75
64 75
9 75
6 75
52 75
7 75
66 80
38 66
35 66
26 66
39 66
66 76
66 77
23 66
66 69
16 66
66 74
19 66
22 66
2 66
24 66
11 66
8 66
15 66
9 66
6 66
52 66
7 66
47 66
28 83
28 38
28 35
26 28
28 76
28 77
28 40
28 29
28 69
28 61
28 74
13 28
2 28
28 60
24 28
11 28
28 59
28 64
28 57
6 28
28 48
28 56
28 66
28 70
51 89
41 51
51 53
33 51
51 83
38 51
35 51
26 51
39 51
51 77
40 51
29 51
51 61
12 51
16 51
13 51
22 51
51 60
24 51
51 85
8 51
51 64
9 51
51 88
51 52
7 51
51 66
51 70
51 73
43 51
51 82
3 26
3 76
3 77
3 29
3 69
3 61
3 13
3 72
2 3
3 60
3 24
3 85
3 59
3 15
3 57
3 88
3 48
3 56
3 66
79 89
50 79
41 79
62 79
10 79
53 79
33 79
71 79
79 80
79 83
38 79
35 79
26 79
37 79
39 79
76 79
14 79
23 79
29 79
12 79
74 79
72 79
2 79
1 79
60 79
11 79
8 79
15 79
9 79
6 79
48 79
7 79
47 79
70 79
3 79
32 79
73 79
68 79
30 89
30 50
30 41
30 62
10 30
30 53
30 33
30 71
30 80
30 83
30 38
30 35
26 30
17 30
30 76
0 30
30 77
23 30
30 69
16 30
13 30
30 72
22 30
1 30
30 60
30 85
8 30
30 64
9 30
30 88
30 52
7 30
30 47
30 79
18 30
3 30
30 44
20 89
20 50
20 41
20 62
10 20
20 53
20 33
20 71
20 80
20 83
20 38
20 35
20 26
20 37
17 20
20 39
20 76
0 20
14 20
20 29
20 61
16 20
20 74
13 20
20 72
2 20
20 24
20 85
8 20
15 20
20 57
20 88
20 48
20 56
20 66
20 70
20 79
18 20
20 44
20 30
15 46
46 64
46 57
6 46
46 48
46 56
46 47
46 79
46 51
3 46
44 46
20 46
49 77
29 49
49 69
16 49
49 74
19 49
22 49
1 49
49 60
49 85
49 59
15 49
49 57
6 49
48 49
49 56
49 66
49 70
18 49
3 49
27 49
20 49
86 89
41 86
53 86
33 86
83 86
38 86
35 86
26 86
17 86
76 86
40 86
14 86
69 86
16 86
74 86
72 86
2 86
1 86
60 86
85 86
8 86
15 86
9 86
6 86
48 86
56 86
47 86
70 86
51 86
18 86
44 86
20 86
49 86
54 86
45 89
41 45
45 53
33 45
45 83
38 45
35 45
26 45
39 45
0 45
40 45
23 45
45 61
12 45
45 74
19 45
2 45
1 45
45 60
11 45
8 45
45 64
45 57
6 45
45 48
45 56
45 47
45 70
18 45
3 45
44 45
20 45
45 73
45 54
30 45
45 46
5 45
42 89
42 50
41 42
42 62
10 42
42 53
33 42
42 80
42 83
38 42
35 42
26 42
42 76
0 42
42 77
14 42
42 69
42 61
42 74
19 42
2 42
1 42
42 60
42 59
8 42
15 42
9 42
42 88
42 48
7 42
42 47
42 70
42 51
18 42
3 42
20 42
42 73
42 45
29 87
16 87
74 87
19 87
72 87
60 87
24 87
11 87
8 87
15 87
57 87
87 88
48 87
7 87
56 87
70 87
18 87
3 87
27 87
20 87
49 87
4 87
36 69
12 36
16 36
36 72
2 36
1 36
36 60
11 36
8 36
15 36
36 57
36 88
36 52
36 48
36 47
36 70
18 36
36 82
27 36
36 73
36 49
4 36
30 36
36 46
63 89
50 63
41 63
62 63
10 63
53 63
33 63
63 71
63 80
63 83
38 63
35 63
26 63
37 63
39 63
0 63
14 63
29 63
63 69
16 63
13 63
19 63
22 63
1 63
60 63
63 85
8 63
63 64
9 63
6 63
48 63
7 63
47 63
63 66
18 63
63 82
27 63
63 73
49 63
54 63
36 63
63 87
63 78
63 81
30 63
42 63
63 65
63 67
31 63
43 63
25 41
25 83
25 38
25 26
25 39
25 77
25 40
14 25
25 29
12 25
25 74
25 72
2 25
1 25
25 60
25 85
8 25
15 25
9 25
6 25
25 52
25 48
25 47
25 70
25 51
25 82
3 25
20 25
25 49
25 45
25 87
25 34
25 75
25 68
25 81
25 30
25 65
25 63
58 89
41 58
53 58
58 71
58 83
38 58
35 58
26 58
17 58
0 58
40 58
23 58
58 69
16 58
13 58
58 72
22 58
2 58
24 58
58 59
8 58
58 64
9 58
58 88
52 58
7 58
56 58
58 66
58 79
58 82
44 58
20 58
54 58
4 58
58 87
21 58
58 78
58 68
58 81
42 58
32 58
58 84
25 58
31 58
55 89
41 55
55 80
38 55
26 55
17 55
39 55
55 77
40 55
23 55
55 69
16 55
13 55
19 55
2 55
1 55
24 55
55 85
55 59
55 64
55 57
6 55
48 55
55 56
47 55
55 70
51 55
55 82
27 55
20 55
54 55
4 55
55 87
34 55
55 78
55 68
55 81
32 55
55 65
55 86
55 58
28 55
5 55
25 55
5 58
25 31
25 67
63 84
21 36
36 87
36 65
36 78
36 43
31 36
36 68
32 36
36 67
42 87
81 87
34 87
75 87
5 87
28 87
84 87
21 42
42 75
42 68
42 46
42 84
32 42
42 65
42 86
5 42
34 45
32 45
31 45
45 65
45 68
45 84
45 86
21 86
75 86
81 86
46 86
32 86
84 86
5 86
28 86
67 86
46 49
49 75
43 49
49 67
4 49
49 78
31 49
30 49
32 49
34 46
46 78
46 75
31 46
32 46
5 46
46 84
30 46
43 46
20 84
20 32
20 54
20 73
20 81
21 30
30 78
30 81
30 65
30 67
30 43
28 30
30 31
65 79
27 79
21 79
79 81
18 79
54 79
4 79
44 79
34 79
67 79
3 51
3 82
3 44
3 81
3 21
3 67
3 65
3 31
3 84
3 27
3 32
51 54
51 68
51 78
44 51
51 65
21 51
5 51
28 51
32 51
28 82
28 44
28 73
28 54
4 28
28 34
21 28
28 75
28 81
28 65
28 84
28 43
28 67
5 66
21 66
44 66
66 68
34 66
65 66
66 73
27 66
66 70
66 75
66 67
66 78
70 75
18 75
75 82
27 75
73 75
4 75
34 75
75 78
65 75
43 75
31 75
32 75
6 70
6 48
5 6
6 31
6 43
6 47
6 82
6 68
6 65
6 54
48 78
21 48
48 68
48 82
32 48
4 48
48 54
7 48
5 7
7 65
7 73
7 43
7 21
7 81
7 84
7 78
7 32
7 68
7 31
7 67
73 82
27 73
4 73
43 73
65 73
31 73
5 73
67 73
54 73
68 73
5 52
52 65
27 52
47 52
52 67
52 84
52 70
31 52
43 52
44 52
52 56
52 81
34 52
44 56
27 44
44 67
44 54
5 44
4 44
21 44
44 68
34 44
44 78
47 57
57 70
31 57
57 88
27 57
56 57
57 78
57 67
4 57
54 57
21 57
56 88
34 56
56 82
4 56
18 56
27 56
56 70
54 56
47 56
56 78
56 81
5 9
9 68
9 43
9 34
9 18
9 65
9 81
9 32
81 88
18 81
27 81
54 81
4 81
34 81
78 81
68 81
43 81
4 64
18 64
32 64
47 64
31 64
64 82
43 64
64 65
27 64
64 84
64 78
64 88
4 88
4 47
4 18
4 82
4 54
4 78
4 67
4 21
4 84
4 43
11 54
11 21
11 68
11 47
11 88
11 34
8 11
11 59
18 59
59 78
59 82
59 67
47 59
32 59
59 70
5 59
59 65
43 59
59 68
31 59
59 88
67 85
21 85
78 85
5 85
70 85
15 85
32 85
27 85
43 85
31 85
65 85
84 85
8 15
15 67
5 15
15 54
15 70
15 21
15 68
24 84
8 24
24 47
24 54
24 88
24 82
24 68
24 65
24 43
24 27
8 82
82 88
47 82
70 82
68 82
27 82
31 82
43 82
54 82
34 82
82 84
13 54
1 13
13 68
13 78
13 21
8 72
2 8
1 8
8 54
8 18
8 78
8 21
8 84
8 27
8 34
2 34
2 32
2 70
2 18
2 43
2 31
2 54
2 78
2 60
2 84
2 27
47 60
43 60
34 60
18 60
60 68
31 60
32 60
60 70
32 47
31 47
43 47
18 47
47 84
47 54
47 67
5 19
19 78
18 19
19 70
19 72
19 65
19 54
22 72
34 72
43 72
72 84
31 72
67 72
68 72
72 88
27 72
32 72
1 72
54 72
74 84
21 74
67 74
65 74
31 74
74 88
27 74
22 84
84 88
70 84
18 84
54 84
78 84
68 84
32 84
67 84
61 70
12 61
27 61
61 67
18 61
21 61
31 61
61 68
61 88
12 22
12 43
12 34
12 78
1 12
5 12
12 65
12 18
12 31
12 21
12 70
12 27
12 68
12 54
12 16
5 16
5 22
1 5
5 70
5 18
5 54
5 34
5 21
5 68
5 65
5 31
5 43
23 69
23 32
21 23
23 54
23 88
22 69
43 69
34 69
1 69
69 78
31 69
27 69
69 70
67 69
68 69
16 69
32 69
16 22
16 43
16 34
1 16
16 78
16 32
16 67
18 40
18 29
18 88
18 27
18 31
18 32
18 78
29 54
29 65
29 88
14 54
14 32
14 88
14 21
14 65
22 88
1 88
21 88
32 88
67 88
27 88
78 88
65 77
22 65
1 65
27 65
54 65
21 65
65 68
43 65
0 21
21 22
1 21
21 27
21 54
21 78
21 43
21 67
21 68
0 54
34 54
0 32
1 32
32 34
32 78
32 67
31 32
0 70
1 70
43 70
34 70
31 70
31 35
35 68
26 31
0 31
1 31
31 34
31 78
31 43
27 83
38 68
26 68
0 68
22 68
27 68
34 68
67 68
27 80
38 67
26 67
0 67
22 67
1 67
34 67
43 67
27 71
27 38
26 27
0 27
22 27
27 34
27 43
27 78
38 78
26 78
0 78
22 78
1 38
1 26
0 1
1 22
38 43
26 43
0 43
22 43
26 38
22 38
34 38
34 41
26 34
0 34
22 34
22 26
22 89
0 22
