90 801
16 35
35 44
16 44
28 35
28 44
16 24
24 28
19 35
19 44
19 24
16 36
19 36
28 36
35 64
44 64
24 64
36 64
10 35
10 44
10 16
10 28
10 19
35 84
44 84
24 84
36 84
10 84
56 84
1 16
1 19
1 28
1 64
1 84
0 1
35 70
44 70
10 70
1 70
2 56
16 54
28 54
19 54
33 35
33 36
33 56
33 54
2 33
16 74
19 74
35 85
54 85
74 85
2 83
74 83
16 83
10 88
1 88
2 88
83 88
26 35
26 36
10 26
1 26
0 26
26 42
26 78
35 65
44 65
56 65
1 65
35 75
54 75
16 75
19 75
28 75
10 47
47 75
0 47
47 83
0 77
77 83
8 77
11 85
4 35
4 75
0 4
4 74
4 31
4 11
49 78
25 78
3 25
11 25
25 77
2 30
30 42
30 31
3 30
30 49
25 30
56 79
1 79
2 79
79 83
78 79
16 79
49 79
25 79
79 82
19 82
69 82
21 35
21 44
21 56
21 75
0 21
21 42
21 31
11 21
18 75
18 74
7 58
3 7
7 11
35 41
41 44
10 41
41 56
0 41
41 74
41 58
41 65
11 40
46 58
46 65
40 46
67 75
67 74
58 67
16 67
10 62
54 62
62 75
42 62
58 62
16 62
62 67
42 51
51 65
51 62
41 51
2 48
48 83
8 48
48 65
48 87
25 48
48 84
48 51
40 59
4 59
48 59
51 59
59 77
20 35
20 44
10 20
20 54
0 20
20 74
20 78
16 20
20 40
20 41
20 84
20 69
43 58
16 43
40 43
41 43
43 84
43 51
43 85
49 61
41 61
4 61
35 80
44 80
56 80
75 80
0 80
80 83
78 80
65 80
40 80
41 80
31 81
16 81
49 81
67 81
81 84
35 71
44 71
24 71
10 71
56 71
71 75
0 71
71 74
58 71
16 71
11 71
67 71
71 81
9 62
9 25
4 9
35 60
54 60
2 60
60 83
31 60
3 60
60 62
34 35
34 54
2 34
34 83
34 58
31 34
34 40
5 34
34 84
34 69
34 60
21 34
13 48
9 13
49 53
25 53
48 53
9 53
53 69
29 35
29 44
24 29
10 29
29 56
29 54
0 29
29 83
29 31
29 65
29 40
29 67
4 29
29 51
29 53
45 75
45 74
42 45
31 45
40 45
25 45
45 79
9 45
43 45
20 45
26 45
22 43
22 45
66 78
65 66
11 66
66 67
4 66
51 66
15 60
56 63
54 63
2 63
63 83
8 63
63 65
11 63
49 63
63 81
63 80
15 63
21 63
63 66
6 48
6 51
6 60
6 45
6 30
6 18
6 64
35 73
44 73
56 73
73 75
2 73
42 73
31 73
3 73
62 73
25 73
4 73
9 73
69 73
70 73
13 73
6 73
37 62
5 37
37 81
9 37
37 60
20 37
22 37
37 59
37 73
40 52
4 52
52 84
52 80
52 77
21 52
13 52
52 59
12 35
12 44
12 56
12 54
2 12
12 74
12 42
12 16
12 49
5 12
12 48
12 19
12 77
12 15
12 22
6 12
35 38
38 44
10 38
38 54
2 38
38 83
8 38
16 38
38 49
38 41
4 38
38 51
38 53
38 66
28 38
12 38
38 73
31 50
50 65
50 62
5 50
50 79
19 50
50 60
50 66
28 50
30 50
50 73
35 57
44 57
24 57
10 57
56 57
57 75
2 57
42 57
57 78
3 57
57 62
41 57
57 79
51 57
43 57
15 57
13 57
55 58
16 55
11 55
55 67
55 84
55 80
55 60
45 55
28 55
23 30
23 55
27 35
27 44
27 36
10 27
27 56
1 27
0 27
27 83
27 78
27 31
27 49
5 27
27 79
19 27
27 69
20 27
27 29
32 53
21 32
30 32
32 59
26 32
76 77
21 76
13 76
32 76
64 76
50 76
57 76
37 76
63 76
35 39
39 75
0 39
39 74
8 39
39 65
39 87
4 39
39 81
19 39
39 77
39 45
13 39
32 39
12 39
39 52
33 39
39 76
17 35
17 44
17 24
17 36
10 17
17 56
2 17
17 42
17 31
3 17
17 87
17 41
17 79
17 51
17 53
17 21
17 29
17 55
10 14
14 75
0 14
14 42
14 58
11 14
14 87
14 67
14 48
14 69
14 43
14 45
14 29
14 30
14 46
14 17
14 57
14 18
14 88
14 34
17 50
68 78
16 68
62 68
25 68
4 68
9 68
43 68
20 68
29 68
55 68
12 68
34 68
33 68
46 68
68 71
17 68
17 57
17 39
17 37
39 63
27 32
32 82
8 72
16 72
11 72
41 72
72 79
19 72
15 72
70 72
66 72
32 72
23 72
52 72
7 72
72 82
18 72
47 72
23 27
27 52
27 57
27 38
27 85
27 61
23 26
0 86
74 86
58 86
65 86
62 86
67 86
81 86
9 86
60 86
15 86
29 86
59 86
23 86
34 86
81 89
51 89
77 89
45 89
28 89
30 89
23 89
34 89
46 89
38 89
18 89
86 89
38 86
86 88
82 86
23 85
55 57
55 88
34 55
47 55
50 57
57 85
38 50
50 61
38 88
7 12
12 82
12 52
37 52
52 88
33 37
37 88
63 73
7 73
71 73
6 63
6 33
6 46
26 63
33 63
63 71
15 66
7 15
15 21
13 15
66 70
66 85
47 66
33 66
22 66
22 47
22 82
22 71
22 61
22 29
29 45
29 30
29 88
46 53
21 53
13 53
53 64
53 70
13 34
13 18
13 46
34 47
18 34
5 60
5 84
5 88
60 84
9 60
26 60
7 60
60 88
9 71
9 33
9 47
71 77
20 71
59 71
64 71
18 71
71 82
69 81
80 81
77 81
28 81
81 88
19 80
61 80
7 80
64 80
70 80
77 80
30 80
69 80
43 61
61 70
59 61
61 64
7 61
18 61
47 61
43 77
43 47
20 43
20 59
20 70
18 20
20 30
28 59
59 85
33 48
21 48
48 64
19 48
26 51
51 85
62 69
62 64
62 70
26 62
46 67
33 67
26 67
28 67
18 67
4 67
46 79
19 46
46 70
26 46
46 85
46 82
40 85
40 41
28 40
33 40
41 49
41 69
41 70
7 41
7 79
7 30
7 64
7 47
7 88
58 85
58 84
18 58
16 58
58 64
18 31
18 87
4 18
18 19
18 69
47 87
21 87
87 88
49 87
77 87
21 25
19 21
21 82
21 28
26 82
79 84
30 79
70 79
30 69
25 64
19 25
25 85
3 49
3 84
3 47
19 49
4 49
49 84
4 47
31 69
11 69
28 69
11 77
33 77
28 77
8 47
8 70
47 84
47 64
47 85
75 84
65 75
42 65
65 78
19 65
28 65
33 65
26 65
26 84
26 28
26 33
26 85
42 64
19 42
16 42
42 78
19 78
78 88
28 78
33 78
16 88
19 88
70 88
83 85
83 84
70 83
84 85
28 85
33 74
28 74
33 70
33 64
2 54
54 64
2 16
2 28
2 84
2 70
16 70
64 70
10 56
10 64
56 64
0 64
16 64
28 64
36 56
19 56
0 19
24 56
28 56
0 28
44 56
16 56
0 16
35 56
0 56
