90 2002
20 23
23 24
20 24
1 23
1 24
20 88
1 88
23 74
24 74
74 88
20 31
1 31
31 74
23 82
24 82
82 88
31 82
20 78
74 78
1 78
78 82
23 43
24 43
43 88
31 43
43 78
20 41
41 74
1 41
41 82
41 43
23 71
24 71
71 88
31 71
71 78
41 71
20 46
46 74
1 46
46 82
43 46
46 71
16 23
16 24
16 88
16 31
16 78
16 41
16 46
24 81
20 81
1 81
74 81
81 82
43 81
71 81
16 81
15 23
15 24
15 88
15 31
15 78
15 41
15 46
15 81
15 71
20 28
28 74
1 28
28 82
28 43
15 28
16 28
0 28
17 23
17 24
17 88
17 31
17 78
17 41
17 46
17 81
17 71
17 28
23 79
24 79
79 88
31 79
78 79
41 79
46 79
79 81
71 79
28 79
20 79
74 79
1 79
79 82
43 79
15 79
16 79
23 54
24 54
54 88
31 54
54 78
41 54
46 54
54 81
54 71
28 54
54 79
15 54
2 23
2 24
2 88
2 31
2 78
2 41
2 46
2 81
2 71
2 28
2 15
2 20
1 2
2 74
2 82
2 43
2 16
23 34
24 34
34 88
31 34
34 78
34 41
34 46
34 81
34 71
28 34
34 79
15 34
2 34
20 57
57 74
1 57
57 82
43 57
16 57
0 57
34 57
17 57
8 23
8 24
8 88
8 31
8 78
8 41
8 46
8 81
8 71
8 28
8 79
8 15
2 8
8 57
24 86
78 86
81 86
71 86
79 86
2 86
20 86
74 86
1 86
82 86
43 86
16 86
0 86
14 23
14 24
14 88
14 31
14 78
14 41
14 46
14 81
14 71
14 28
14 79
14 15
2 14
14 57
14 86
24 85
85 88
31 85
46 85
81 85
28 85
15 85
2 85
20 85
1 85
74 85
82 85
43 85
16 85
23 38
24 38
38 88
31 38
38 78
38 41
38 46
38 81
38 71
28 38
38 79
15 38
2 38
38 57
38 86
38 85
23 29
24 29
29 88
29 31
29 78
29 41
29 46
29 81
29 71
28 29
29 79
29 57
29 85
20 29
1 29
29 74
29 82
29 43
16 29
29 34
29 38
14 29
29 54
0 29
17 29
8 29
24 40
40 79
15 40
40 57
40 85
29 40
22 23
22 24
22 88
22 31
22 78
22 41
22 46
22 81
22 71
22 28
22 79
15 22
2 22
22 57
22 85
20 22
1 22
22 74
22 82
22 43
16 22
45 86
22 45
20 42
1 42
42 74
42 82
42 43
16 42
42 54
52 79
2 52
52 86
22 52
42 52
34 52
24 27
27 46
27 81
27 71
27 79
2 27
27 85
22 27
27 34
27 74
27 43
20 27
1 27
27 82
23 44
24 44
44 88
31 44
44 78
41 44
44 46
44 81
44 71
28 44
44 79
15 44
2 44
44 57
44 86
44 85
22 44
44 74
27 44
24 60
60 88
31 60
41 60
60 71
28 60
15 60
2 60
60 85
29 60
42 60
34 60
43 60
20 60
1 60
60 82
17 60
27 55
55 60
23 62
24 62
62 78
46 62
62 71
28 62
62 79
57 62
62 86
22 62
42 62
62 74
43 62
11 23
11 24
11 88
11 31
11 78
11 41
11 46
11 71
11 79
2 11
11 85
11 29
11 22
11 34
11 27
11 20
1 11
11 82
15 68
2 68
68 86
68 85
34 68
43 68
11 68
60 68
62 68
68 82
14 68
24 59
46 59
59 71
59 79
15 59
2 59
59 85
29 59
34 59
43 59
27 59
11 59
58 59
59 82
14 59
20 59
1 59
23 30
24 30
30 88
30 31
30 78
30 41
30 46
30 81
30 71
28 30
30 79
30 57
30 86
30 85
22 30
30 34
27 30
11 30
30 60
23 87
24 87
87 88
31 87
78 87
46 87
81 87
71 87
79 87
15 87
85 87
29 87
34 87
74 87
27 87
60 87
62 87
20 87
1 87
82 87
22 39
34 39
39 43
39 60
39 58
39 87
23 84
24 84
84 88
31 84
78 84
41 84
46 84
81 84
71 84
28 84
15 84
57 84
84 86
22 84
42 84
34 84
27 84
11 84
60 84
84 87
20 84
1 84
6 23
6 24
6 88
6 31
6 78
6 41
6 46
6 81
6 71
6 28
6 15
2 6
6 85
6 29
6 34
6 74
6 43
6 60
6 62
6 87
6 84
6 59
58 70
70 82
14 70
23 69
24 69
69 88
31 69
69 78
41 69
46 69
69 81
69 71
28 69
15 69
57 69
69 86
22 69
34 69
69 74
43 69
60 69
62 69
69 87
69 84
20 69
1 69
18 23
18 24
18 31
18 78
18 81
18 71
18 79
15 18
18 86
18 85
18 34
18 74
18 43
11 18
18 60
18 87
18 84
18 69
23 64
24 64
64 88
31 64
64 78
46 64
64 81
64 71
15 64
57 64
64 86
29 64
34 64
64 74
43 64
11 64
58 64
64 87
64 84
14 64
20 64
1 64
23 33
24 33
33 88
31 33
33 78
33 41
33 46
33 81
33 71
28 33
33 79
15 33
2 33
33 57
33 86
22 33
33 42
33 74
27 33
11 33
33 62
33 87
33 82
33 59
33 64
36 43
36 60
36 58
36 82
36 84
36 59
36 69
20 36
42 76
74 76
27 76
11 76
58 76
76 87
76 84
59 76
70 76
36 76
18 76
4 34
4 74
4 27
4 60
4 58
4 87
4 84
4 69
4 70
37 62
37 58
14 37
37 69
37 64
20 37
25 58
25 87
14 25
25 69
25 64
25 37
24 75
75 88
75 78
46 75
71 75
28 75
15 75
57 75
75 85
22 75
34 75
74 75
43 75
60 75
58 75
75 87
75 82
69 75
70 75
36 75
20 75
21 62
21 58
21 82
21 59
21 69
21 70
21 75
4 21
51 79
2 51
51 85
22 51
42 51
51 74
27 51
11 51
51 58
51 82
51 84
51 69
51 64
36 51
51 75
4 51
23 61
24 61
31 61
61 78
61 81
61 71
15 61
57 61
61 85
29 61
22 61
61 74
27 61
11 61
61 62
61 87
14 61
59 61
61 70
36 61
18 61
47 85
29 47
42 47
34 47
43 47
11 47
47 62
47 82
47 84
14 47
47 70
36 47
47 75
4 47
20 47
19 81
19 71
19 79
15 19
19 86
19 85
19 22
19 74
19 43
11 19
19 58
19 82
19 84
19 59
19 69
19 36
18 19
19 47
19 51
5 23
5 24
5 88
5 31
5 78
5 41
5 46
5 81
5 71
5 28
5 79
5 57
5 86
5 85
5 42
5 74
5 27
5 11
5 62
5 87
5 14
5 59
5 70
5 37
5 75
5 47
5 51
5 20
5 39
5 16
5 52
5 38
24 83
71 83
15 83
2 83
83 86
29 83
42 83
74 83
43 83
11 83
58 83
83 87
14 83
59 83
64 83
36 83
18 83
4 83
51 83
5 83
76 83
24 80
80 88
78 80
46 80
80 81
71 80
15 80
2 80
57 80
29 80
22 80
74 80
27 80
60 80
58 80
80 82
14 80
59 80
64 80
37 80
75 80
4 80
61 80
16 80
7 24
7 28
7 15
7 57
7 85
7 29
7 34
7 74
7 27
7 11
7 62
7 87
7 84
7 14
7 70
7 37
7 75
7 47
7 61
7 16
7 68
7 20
7 45
73 86
29 73
34 73
73 74
27 73
11 73
62 73
73 82
73 84
69 73
70 73
36 73
73 75
4 73
51 73
7 73
40 73
73 76
13 24
13 71
13 15
2 13
13 86
13 29
13 42
13 74
13 43
11 13
13 58
13 82
13 14
13 59
13 64
13 37
13 36
13 47
13 61
5 13
7 13
13 80
13 17
13 25
13 21
13 52
23 77
24 77
77 88
31 77
77 78
41 77
46 77
77 81
71 77
28 77
77 79
15 77
2 77
57 77
77 85
29 77
34 77
74 77
27 77
11 77
58 77
77 87
14 77
59 77
69 77
37 77
18 77
47 77
51 77
16 77
7 77
76 77
13 77
55 77
39 77
68 77
23 26
24 26
26 88
26 31
26 78
26 41
26 46
26 81
26 71
26 28
26 79
15 26
2 26
26 57
26 86
26 29
22 26
26 74
26 27
26 60
26 62
26 82
26 84
26 69
26 64
26 36
18 26
26 47
26 51
5 26
7 26
26 80
26 73
26 55
26 45
26 30
21 26
3 71
3 28
3 15
3 57
3 86
3 29
3 34
3 74
3 27
3 11
3 62
3 87
3 84
3 59
3 70
3 37
3 18
3 47
3 61
3 16
3 7
3 80
3 73
3 39
3 45
3 30
3 26
1 3
3 38
3 17
9 27
9 60
9 62
9 82
9 84
9 69
9 70
9 37
9 18
9 47
9 51
9 16
9 40
9 80
9 13
9 55
9 39
9 30
9 26
1 9
9 25
9 20
42 63
63 74
43 63
60 63
58 63
63 87
14 63
59 63
63 64
37 63
63 75
47 63
61 63
5 63
40 63
63 76
63 73
55 63
45 63
30 63
12 23
12 24
12 88
12 31
12 78
12 41
12 46
12 81
12 71
12 79
12 15
2 12
12 86
12 29
12 22
12 74
12 43
11 12
12 62
12 58
12 14
12 69
12 70
12 36
12 75
12 47
12 61
5 12
12 40
12 76
12 13
12 83
12 39
12 68
35 71
28 35
15 35
2 35
35 86
29 35
22 35
35 74
35 43
11 35
35 58
35 87
14 35
35 69
35 64
35 37
18 35
4 35
35 51
5 35
35 40
35 76
35 73
35 55
35 39
12 35
26 35
25 35
35 38
17 35
9 35
20 35
49 84
49 69
49 64
36 49
49 75
4 49
49 51
16 49
40 49
49 80
13 49
49 83
45 49
49 68
1 49
25 49
17 49
24 56
56 79
15 56
56 57
56 86
29 56
42 56
43 56
27 56
56 60
56 62
56 82
56 84
56 59
56 70
36 56
18 56
4 56
56 61
16 56
7 56
56 76
56 83
39 56
45 56
30 56
26 56
1 56
38 56
49 56
21 56
24 48
46 48
48 81
28 48
48 79
2 48
48 57
29 48
42 48
48 74
43 48
11 48
48 62
48 87
14 48
48 69
48 64
48 70
18 48
4 48
48 61
16 48
40 48
48 80
13 48
48 83
45 48
48 68
12 48
1 48
25 48
48 56
9 48
20 48
48 49
48 52
24 32
32 88
32 78
32 46
32 81
28 32
15 32
2 32
32 85
29 32
32 34
32 74
32 43
11 32
32 58
32 82
32 84
32 59
32 64
32 37
18 32
32 47
32 61
5 32
32 40
32 80
32 73
32 55
32 45
30 32
26 32
1 32
32 38
17 32
9 32
32 54
15 50
50 57
50 85
22 50
42 50
34 50
43 50
11 50
50 62
50 87
14 50
50 69
50 70
37 50
50 75
47 50
50 61
5 50
40 50
50 80
50 83
39 50
45 50
50 68
1 50
33 50
25 50
50 56
10 23
10 24
10 31
10 46
10 71
10 28
10 15
10 57
10 86
10 22
10 42
10 74
10 43
10 60
10 58
10 82
10 14
10 69
10 70
10 37
10 18
4 10
10 61
10 16
7 10
10 76
10 13
10 83
10 68
10 12
10 26
1 10
10 25
10 17
10 20
10 21
24 67
67 71
67 79
2 67
67 86
22 67
34 67
43 67
27 67
60 67
62 67
67 82
67 84
59 67
64 67
37 67
18 67
67 75
61 67
16 67
40 67
67 76
67 73
55 67
39 67
67 68
26 67
33 67
25 67
17 67
10 67
54 67
50 67
48 67
63 67
44 67
60 72
72 82
14 72
69 72
70 72
36 72
18 72
4 72
61 72
16 72
40 72
72 76
72 83
55 72
45 72
68 72
1 72
33 72
25 72
56 72
10 72
54 72
49 72
48 72
21 72
65 79
2 65
65 86
29 65
34 65
65 74
43 65
11 65
62 65
65 87
65 84
59 65
65 70
36 65
65 75
4 65
61 65
16 65
40 65
65 80
13 65
65 83
65 68
30 65
26 65
1 65
38 65
56 65
10 65
54 65
50 65
52 65
21 65
0 65
8 65
23 66
24 66
66 88
31 66
66 78
41 66
46 66
66 81
66 71
28 66
66 79
15 66
2 66
57 66
66 86
66 85
34 66
66 74
27 66
60 66
62 66
66 87
14 66
66 69
64 66
36 66
18 66
47 66
51 66
16 66
40 66
66 76
66 73
66 83
39 66
30 66
12 66
25 66
17 66
56 66
10 66
54 66
50 66
52 66
63 66
65 66
18 53
47 53
53 61
16 53
40 53
53 76
13 53
53 55
45 53
53 68
12 53
1 53
25 53
9 53
10 53
20 53
49 53
48 53
21 53
44 53
0 53
79 89
2 89
85 89
29 89
22 89
74 89
43 89
60 89
62 89
82 89
14 89
69 89
70 89
36 89
18 89
4 89
51 89
5 89
7 89
76 89
13 89
83 89
45 89
68 89
12 89
33 89
38 89
56 89
10 89
20 89
50 89
52 89
21 89
65 89
53 89
35 89
67 89
8 89
6 89
19 89
6 53
53 66
19 53
8 53
66 72
32 66
3 66
8 66
6 66
3 65
32 65
65 72
3 72
35 72
72 77
67 72
32 72
35 67
19 67
3 67
6 67
10 50
10 44
10 19
10 63
20 50
50 63
21 50
8 50
0 50
3 50
32 50
32 48
32 63
32 35
0 32
8 32
6 32
3 48
21 48
48 77
19 48
56 77
19 56
8 56
44 56
54 56
9 49
49 54
21 49
44 49
19 49
49 63
35 49
6 49
49 52
35 52
21 35
35 44
3 35
35 77
12 21
12 33
12 52
12 63
0 12
12 54
6 12
8 12
12 25
12 20
1 63
38 63
9 63
52 63
0 63
44 63
19 63
3 63
63 77
9 54
8 9
0 9
9 52
3 9
9 77
3 20
0 3
3 19
17 26
26 77
19 26
1 26
26 38
26 44
26 33
33 77
17 77
54 77
52 77
44 77
19 77
0 77
6 77
8 77
13 73
13 68
0 13
13 44
13 39
13 30
8 13
55 73
33 73
73 83
17 73
54 73
6 73
25 73
20 73
19 73
45 73
1 73
38 73
7 21
7 38
1 7
7 54
7 39
7 33
7 8
7 80
7 55
7 25
7 44
39 80
38 80
68 80
33 80
80 83
45 80
30 80
8 80
54 80
20 80
55 80
6 80
55 83
21 83
0 83
25 83
19 83
44 83
33 83
52 83
20 83
5 8
5 40
5 30
5 19
5 17
5 54
5 55
5 44
5 6
19 40
19 76
19 39
19 30
19 33
19 38
19 20
19 44
0 19
16 47
47 54
47 61
1 47
47 52
0 47
47 55
45 47
38 47
20 61
25 61
17 61
44 61
51 61
30 61
40 61
1 61
45 61
20 51
51 54
6 51
38 51
8 51
0 51
51 68
51 76
33 51
51 55
25 51
21 51
16 21
21 76
21 45
21 33
21 38
8 21
6 21
21 44
17 75
6 75
54 75
16 75
44 75
52 75
55 75
25 75
0 75
8 75
33 75
38 75
16 25
25 45
25 30
25 33
25 44
25 38
8 25
25 54
37 40
18 37
37 52
30 37
37 38
0 37
6 37
37 68
37 54
37 55
1 37
4 37
4 18
4 20
4 17
4 76
4 33
4 68
4 44
4 40
4 8
4 6
4 30
4 39
16 76
40 76
30 76
17 76
1 76
44 76
0 76
52 76
36 44
33 36
8 36
17 36
16 36
36 39
36 45
18 36
30 36
16 33
33 68
1 33
17 33
8 33
33 52
0 33
33 54
20 33
8 64
30 64
45 64
18 64
55 64
0 64
64 70
52 64
40 64
17 64
64 68
18 20
18 40
18 39
18 45
1 18
18 68
55 69
16 69
40 69
45 69
69 70
20 70
1 70
44 70
54 70
39 70
38 70
16 70
6 70
6 40
6 55
6 45
6 68
1 6
6 38
6 17
6 20
6 54
6 52
6 44
45 84
52 84
44 84
39 84
16 84
38 84
8 84
0 84
14 39
16 39
39 55
17 39
38 39
39 54
39 45
8 39
30 39
39 68
20 39
14 87
38 87
17 87
16 87
30 87
30 82
30 59
30 55
17 30
20 30
1 30
30 52
30 44
0 30
30 54
17 59
52 59
54 59
8 59
44 59
0 59
59 68
38 59
40 68
55 68
44 68
52 68
38 68
8 68
11 52
11 62
11 14
0 11
11 40
20 62
1 62
62 82
38 62
45 62
0 62
17 62
58 62
52 62
20 58
1 58
58 82
44 58
8 58
16 58
55 58
40 58
54 58
55 82
14 55
8 55
38 55
1 55
45 55
54 55
8 60
54 60
45 60
44 60
16 60
38 60
14 60
44 82
17 44
20 44
0 44
27 45
0 27
27 52
27 40
17 27
27 54
16 27
52 82
16 52
40 52
38 52
17 52
52 54
8 52
42 45
8 42
34 42
14 42
0 42
43 45
45 82
40 45
17 45
0 45
1 45
0 22
22 38
22 34
14 22
17 22
8 22
22 54
22 40
40 43
40 82
14 40
0 40
20 40
34 38
38 74
38 43
1 38
17 38
0 38
0 85
54 85
14 85
8 85
17 85
34 85
14 74
14 43
14 20
1 14
14 54
14 17
54 86
17 86
34 86
8 86
8 74
8 43
8 82
8 20
0 8
54 57
20 34
1 34
34 74
34 82
34 43
16 34
17 34
34 54
2 17
0 2
2 54
54 82
20 54
0 54
0 79
17 79
15 17
17 74
17 20
0 17
15 20
15 74
1 15
15 82
15 43
15 16
0 15
0 81
16 71
16 74
16 43
16 20
1 16
0 16
0 46
20 71
1 71
71 74
71 82
43 71
0 71
0 41
43 74
20 43
1 43
43 82
0 43
0 78
74 82
20 82
1 82
0 82
0 31
20 74
1 74
0 88
0 24
0 23
