90 2002
35 48
34 48
34 35
44 48
34 44
35 87
44 87
48 75
34 75
75 87
27 48
27 34
27 87
27 35
27 44
27 75
48 49
34 49
49 87
27 49
49 53
48 88
34 88
87 88
27 88
35 88
44 88
75 88
49 88
48 69
34 69
69 87
27 69
53 69
69 88
48 64
34 64
64 87
27 64
53 64
64 88
35 64
44 64
64 75
49 64
64 69
46 48
34 46
46 87
27 46
46 53
46 88
46 64
48 56
34 56
56 87
27 56
53 56
56 88
56 64
35 56
44 56
56 75
49 56
46 56
56 69
48 61
34 61
61 87
27 61
53 61
61 88
61 64
56 61
33 35
33 75
33 44
33 49
33 69
33 46
33 61
48 74
34 74
74 87
27 74
53 74
74 88
64 74
56 74
33 74
6 35
6 44
6 75
6 49
6 46
6 69
6 61
6 74
21 48
21 34
21 87
21 27
21 53
21 88
21 64
21 56
21 33
6 21
51 87
27 51
51 53
51 64
6 51
35 51
44 51
51 75
49 51
46 51
51 69
51 61
51 74
9 48
9 34
9 87
9 27
9 53
9 88
9 64
9 56
9 33
6 9
9 51
18 48
18 34
18 87
18 27
18 88
18 64
18 56
18 35
18 75
18 44
18 49
18 46
18 69
18 61
18 74
48 83
34 83
83 87
27 83
53 83
83 88
64 83
56 83
33 83
6 83
51 83
18 83
35 39
39 75
39 44
39 49
39 69
39 46
39 61
39 74
21 39
37 48
34 37
37 87
27 37
37 53
37 88
37 64
37 56
33 37
6 37
37 51
18 37
37 39
29 53
29 64
6 29
29 51
29 35
29 44
29 75
29 49
29 69
29 46
29 61
29 74
29 83
21 29
9 29
48 89
34 89
87 89
27 89
53 89
88 89
64 89
56 89
33 89
6 89
51 89
18 89
39 89
29 89
24 56
24 51
24 29
24 35
24 75
24 44
24 49
24 46
24 69
24 61
24 74
24 37
24 83
9 24
24 89
21 24
8 48
8 34
8 87
8 27
8 53
8 88
8 56
8 18
8 39
8 24
53 63
63 64
33 63
51 63
39 63
24 63
35 63
44 63
63 75
49 63
63 69
46 63
61 63
63 74
15 56
6 15
15 18
15 63
14 53
14 64
14 33
14 51
14 29
14 37
14 83
14 35
14 44
14 75
14 49
14 46
14 69
14 61
14 15
14 74
29 84
37 84
14 84
61 84
22 39
22 24
22 83
14 22
22 35
22 44
22 75
22 49
22 46
22 69
30 63
14 30
22 30
30 36
48 79
34 79
79 87
27 79
53 79
64 79
56 79
51 79
18 79
37 79
79 83
61 79
48 71
34 71
71 87
27 71
71 88
64 71
33 71
18 71
29 71
37 71
71 83
61 71
22 71
35 71
71 75
44 71
49 71
69 71
46 71
50 56
6 50
29 50
24 50
50 83
50 61
50 71
46 50
50 79
44 50
50 84
43 63
43 61
43 71
36 43
48 85
34 85
85 87
27 85
53 85
85 88
64 85
56 85
33 85
6 85
51 85
18 85
29 85
37 85
63 85
14 85
22 85
36 85
79 85
35 85
44 85
75 85
49 85
31 48
31 34
31 87
27 31
31 53
31 88
31 64
31 56
6 31
31 51
31 39
31 37
31 83
14 31
31 71
31 46
31 85
31 44
39 67
37 67
63 67
61 67
22 67
28 71
28 36
28 35
28 44
28 75
28 49
28 69
2 56
2 51
2 29
2 37
2 83
2 61
2 36
2 28
2 79
2 44
7 48
7 34
7 87
7 27
7 53
7 88
7 64
7 56
7 33
6 7
7 51
7 18
7 29
7 37
7 63
7 61
7 71
7 36
7 79
7 67
7 84
7 35
7 75
7 89
53 59
59 64
33 59
18 59
39 59
24 59
59 63
14 59
59 71
36 59
28 59
44 59
7 59
43 59
59 76
59 75
3 48
3 34
3 87
3 27
3 53
3 88
3 64
3 56
3 6
3 18
3 39
3 24
3 83
3 61
3 22
3 46
3 28
3 44
3 67
3 43
32 48
32 34
32 87
27 32
32 53
32 64
32 33
6 32
29 32
32 37
32 83
14 32
32 71
32 46
32 79
32 44
32 84
7 32
32 35
32 75
68 71
46 68
28 68
44 68
68 84
43 68
32 68
56 77
6 77
39 77
24 77
63 77
61 77
36 77
46 77
28 77
77 85
77 84
76 77
32 77
35 77
17 39
17 37
17 63
17 61
17 22
17 28
17 79
17 44
17 67
17 76
17 75
17 77
25 53
25 88
25 33
6 25
18 25
25 37
25 63
14 25
25 71
25 46
25 79
25 67
25 84
25 43
25 75
25 77
25 35
48 80
34 80
80 87
27 80
53 80
80 88
64 80
56 80
33 80
6 80
51 80
18 80
39 80
24 80
63 80
61 80
22 80
36 80
28 80
44 80
7 80
76 80
32 80
77 80
25 80
10 48
10 34
10 87
10 27
10 53
10 88
6 10
10 18
10 39
10 37
10 83
10 14
10 22
10 46
10 79
10 85
10 84
10 76
10 75
10 77
3 10
10 35
19 53
19 64
19 56
18 19
19 29
19 24
19 83
14 19
19 22
19 36
19 85
19 44
19 84
19 43
19 76
19 75
10 19
48 73
34 73
73 87
27 73
73 88
64 73
56 73
6 73
39 73
37 73
63 73
61 73
71 73
46 73
73 79
73 85
67 73
43 73
73 75
3 73
10 73
35 73
38 48
34 38
38 87
27 38
38 53
38 88
38 64
38 56
33 38
6 38
38 51
18 38
29 38
37 38
38 83
38 61
38 71
36 38
38 79
38 85
7 38
38 43
32 38
3 38
10 38
38 73
40 56
40 51
29 40
40 63
40 83
40 61
22 40
36 40
40 79
40 85
40 84
40 76
32 40
40 77
3 40
58 71
28 58
58 85
58 67
58 84
43 58
32 58
58 75
25 58
58 73
35 58
50 58
40 58
60 87
27 60
53 60
60 88
56 60
51 60
18 60
37 60
60 63
14 60
60 71
36 60
28 60
44 60
60 84
7 60
60 76
3 60
25 60
58 60
40 60
13 48
13 34
13 87
13 27
13 53
13 88
13 64
13 56
13 33
6 13
13 51
13 18
13 29
13 24
13 63
13 14
13 22
13 46
13 79
13 44
13 84
13 43
13 76
13 75
13 25
10 13
13 58
20 48
20 34
20 87
20 27
20 53
20 88
20 64
20 56
20 33
6 20
20 51
18 20
20 29
20 24
20 83
20 61
20 71
20 36
20 79
20 85
7 20
20 76
20 32
20 77
3 20
20 58
20 40
48 54
34 54
54 87
27 54
53 54
54 88
54 64
54 56
6 54
51 54
39 54
37 54
54 63
14 54
54 71
46 54
28 54
54 67
54 84
7 54
32 54
54 77
3 54
54 58
40 54
20 54
30 54
16 18
16 24
16 83
16 61
16 22
16 36
16 28
16 44
16 67
16 43
16 32
3 16
16 25
16 73
16 58
13 16
16 30
9 16
72 87
53 72
72 88
64 72
6 72
18 72
39 72
24 72
72 83
14 72
71 72
46 72
72 79
72 85
67 72
43 72
72 76
72 75
10 72
58 72
40 72
1 53
1 88
1 6
1 51
1 29
1 37
1 63
1 14
1 71
1 36
1 85
1 67
1 84
1 43
1 76
1 75
1 10
1 73
1 40
1 74
1 15
29 41
24 41
41 83
14 41
22 41
41 46
28 41
41 44
41 67
41 43
41 76
41 75
3 41
41 73
1 41
20 41
13 41
9 41
16 41
4 48
4 34
4 87
4 27
4 53
4 88
4 64
4 56
4 33
4 51
4 29
4 37
4 83
4 14
4 22
4 46
4 28
4 85
4 67
4 7
4 32
4 75
3 4
4 73
4 40
4 20
4 30
4 9
4 16
4 80
48 55
34 55
55 87
27 55
53 55
55 88
55 64
55 56
33 55
6 55
51 55
18 55
29 55
24 55
55 63
14 55
22 55
36 55
55 79
44 55
7 55
55 76
55 75
55 77
3 55
55 73
1 55
20 55
30 55
55 89
4 55
38 55
11 25
10 11
11 40
11 20
11 30
11 89
11 16
11 17
11 80
11 50
47 48
34 47
47 87
27 47
47 53
47 64
47 56
47 51
29 47
24 47
47 83
14 47
22 47
46 47
28 47
47 85
47 84
43 47
47 76
47 77
25 47
10 47
40 47
1 47
47 89
9 47
16 47
38 47
11 47
8 47
63 82
14 82
22 82
28 82
79 82
44 82
7 82
43 82
32 82
77 82
25 82
73 82
1 82
20 82
30 82
9 82
4 82
17 82
38 82
55 82
12 53
12 64
12 33
12 51
12 29
12 37
12 63
12 61
12 22
12 36
12 28
12 44
12 84
7 12
12 76
12 77
12 25
10 12
12 40
12 13
12 89
12 16
4 12
12 17
12 38
8 12
34 70
53 70
70 88
64 70
33 70
18 70
39 70
24 70
70 83
61 70
22 70
46 70
28 70
70 85
70 84
7 70
32 70
70 77
3 70
10 70
40 70
20 70
13 70
9 70
54 70
17 70
38 70
39 78
24 78
63 78
14 78
22 78
46 78
28 78
44 78
78 84
7 78
75 78
3 78
10 78
58 78
40 78
20 78
30 78
16 78
54 78
17 78
19 78
2 78
31 78
56 62
51 62
29 62
24 62
62 63
61 62
62 71
46 62
62 79
62 85
62 67
7 62
32 62
62 77
25 62
62 73
58 62
1 62
62 89
9 62
54 62
38 62
62 78
8 62
55 62
62 82
62 68
5 34
5 27
5 53
5 64
5 56
5 18
5 39
5 24
5 63
5 61
5 22
5 36
5 85
5 44
5 84
5 43
5 32
5 75
5 25
5 58
1 5
5 13
5 30
5 89
4 5
5 17
5 38
5 8
5 55
5 60
5 68
5 41
5 49
5 21
28 81
67 81
81 84
7 81
75 81
77 81
25 81
10 81
58 81
13 81
30 81
81 89
54 81
4 81
38 81
55 81
12 81
60 81
5 81
21 81
72 81
69 81
45 48
34 45
45 87
27 45
45 88
45 64
45 56
18 45
29 45
37 45
45 83
14 45
22 45
45 46
45 79
44 45
45 67
43 45
45 76
45 75
3 45
45 73
40 45
13 45
45 89
9 45
4 45
17 45
45 78
8 45
12 45
45 82
45 68
21 45
52 88
52 64
6 52
51 52
29 52
37 52
52 83
52 61
52 71
36 52
28 52
44 52
52 67
43 52
32 52
52 75
10 52
52 73
52 58
1 52
52 89
9 52
16 52
38 52
11 52
52 78
52 82
52 60
26 71
26 36
26 79
26 44
26 67
26 43
26 75
26 77
25 26
26 73
26 40
20 26
26 89
9 26
26 54
26 38
11 26
8 26
26 55
26 82
26 31
26 70
26 69
34 42
27 42
42 53
42 64
6 42
18 42
39 42
37 42
42 83
42 61
22 42
42 46
28 42
42 44
42 67
42 43
32 42
42 75
25 42
10 42
42 58
20 42
13 42
9 42
42 54
38 42
42 78
42 55
12 42
26 42
42 68
21 42
2 42
41 42
42 80
42 70
42 52
42 69
48 66
34 66
66 87
27 66
53 66
66 88
64 66
56 66
6 66
18 66
39 66
24 66
63 66
61 66
66 71
46 66
66 79
44 66
66 84
7 66
66 76
66 77
25 66
10 66
40 66
1 66
66 89
16 66
54 66
4 66
11 66
55 66
66 82
26 66
66 68
42 66
66 72
52 66
45 66
34 57
27 57
53 57
57 88
6 57
51 57
39 57
24 57
57 83
57 61
36 57
46 57
57 85
44 57
57 84
57 76
32 57
57 77
3 57
57 73
40 57
1 57
30 57
9 57
4 57
17 57
11 57
8 57
55 57
57 60
57 68
21 57
57 72
49 57
23 48
23 34
23 87
23 27
23 53
23 88
23 64
23 56
23 33
23 51
23 39
23 24
23 63
14 23
23 71
23 36
23 79
23 44
23 67
7 23
23 32
23 75
23 25
10 23
1 23
13 23
23 30
16 23
23 54
4 23
23 78
8 23
23 55
23 60
23 68
23 42
23 72
23 52
23 74
48 86
34 86
86 87
27 86
53 86
86 88
64 86
56 86
33 86
51 86
29 86
37 86
83 86
14 86
71 86
46 86
85 86
44 86
67 86
7 86
32 86
75 86
3 86
73 86
1 86
20 86
30 86
86 89
16 86
4 86
11 86
78 86
82 86
60 86
26 86
21 86
42 86
49 86
23 86
41 86
47 86
15 86
31 86
2 86
35 86
50 86
81 86
18 65
24 65
63 65
61 65
22 65
46 65
65 79
65 85
65 67
43 65
32 65
65 77
25 65
10 65
58 65
1 65
13 65
65 89
54 65
17 65
11 65
65 78
12 65
60 65
26 65
21 65
65 72
49 65
23 65
41 65
59 65
62 65
31 65
2 65
65 74
65 86
65 70
50 65
23 35
23 47
23 50
23 62
23 59
2 23
23 57
57 80
0 57
19 57
57 66
15 57
41 57
57 81
2 57
31 57
41 66
62 66
2 66
35 66
66 81
66 74
50 66
19 66
42 59
42 47
35 42
19 26
15 26
26 50
26 35
26 52
26 74
26 72
52 70
0 52
49 52
19 52
45 52
50 52
52 69
35 52
41 52
52 80
45 49
45 69
45 81
45 80
41 45
45 70
0 45
45 50
45 62
45 74
47 81
15 81
35 81
19 81
0 81
70 81
5 70
5 15
5 59
5 69
5 19
5 50
5 35
5 62
5 47
62 72
62 69
59 62
47 62
2 62
35 62
62 74
50 62
59 78
74 78
41 78
49 78
70 78
68 78
78 80
69 78
12 70
69 70
41 70
59 70
15 70
31 70
2 70
35 70
70 80
12 80
12 50
2 12
12 59
12 41
12 19
12 72
12 21
12 74
12 82
12 69
31 82
49 82
68 82
47 82
35 82
2 82
41 82
72 82
21 82
47 60
47 68
47 69
41 47
15 47
47 74
0 47
19 47
31 47
11 55
0 11
8 11
11 49
11 72
11 15
11 35
11 21
11 69
8 55
19 55
50 55
31 55
21 55
55 60
0 55
15 55
4 15
0 4
4 72
4 21
4 38
4 41
4 35
4 74
38 41
41 72
41 59
35 41
41 80
1 30
1 2
1 35
1 80
1 21
1 72
1 19
1 49
1 50
13 72
16 72
17 72
8 72
21 72
15 72
2 72
72 74
72 80
31 72
16 54
16 50
16 60
16 35
2 16
16 59
16 49
16 68
16 74
50 54
8 54
31 54
38 54
17 54
54 60
54 69
19 54
21 54
2 54
35 54
20 89
17 20
20 31
20 35
20 38
2 20
20 30
8 20
13 20
0 20
20 80
15 20
13 69
13 74
13 68
13 59
9 13
13 60
8 13
13 80
13 49
2 13
13 15
30 60
17 60
38 60
8 60
59 60
60 68
60 80
35 60
0 60
49 60
60 74
15 58
58 89
9 58
31 58
19 58
49 58
58 69
58 59
35 40
38 40
21 40
0 40
8 40
40 89
40 50
40 68
17 40
30 38
38 89
38 49
38 50
19 38
8 38
38 68
19 73
17 73
49 73
68 73
30 73
2 73
21 73
59 73
69 73
73 74
19 30
19 89
19 68
19 49
19 69
19 59
15 19
19 74
0 19
19 50
10 30
10 69
10 31
9 10
0 10
8 10
10 80
80 89
17 80
68 80
15 80
31 80
2 80
35 80
0 80
50 80
9 25
25 31
17 25
2 25
25 74
15 25
8 25
0 25
17 89
9 17
0 17
15 17
2 17
17 68
17 59
17 69
17 31
3 77
74 77
15 77
31 77
50 77
68 77
69 77
30 77
3 68
68 89
9 68
2 68
0 68
31 68
50 68
3 32
2 32
8 32
32 74
32 89
32 69
3 35
2 3
0 3
3 9
3 21
3 50
3 89
3 59
3 49
59 89
9 59
8 59
21 59
49 59
50 59
35 59
2 59
31 59
2 7
7 30
7 49
7 31
7 69
7 74
7 9
7 76
2 43
2 8
2 69
0 2
15 28
28 67
28 74
28 76
28 84
8 28
67 79
44 67
35 67
67 75
49 67
67 84
21 67
67 76
67 69
31 67
15 67
31 75
30 31
31 89
21 31
31 49
31 69
0 31
31 74
21 85
69 85
43 85
15 85
85 89
8 85
74 85
84 85
43 44
43 84
35 43
43 75
43 49
15 43
43 50
21 43
30 43
50 75
30 50
50 69
15 50
71 76
9 71
8 71
71 79
46 79
35 79
75 79
44 79
49 79
69 79
30 79
79 89
9 79
15 79
30 44
30 76
21 30
30 69
9 30
0 30
30 35
22 89
22 36
21 22
15 22
35 36
36 75
36 44
36 49
36 46
36 69
36 74
36 84
8 36
36 89
46 84
35 84
75 84
49 84
74 84
9 84
8 84
14 89
14 21
15 61
15 75
9 15
8 15
15 21
15 49
15 69
0 15
21 63
8 63
8 61
8 76
8 75
8 9
8 74
0 8
8 35
37 89
83 89
76 89
75 89
74 89
0 89
29 37
29 76
35 37
37 44
37 75
37 49
37 46
37 69
37 61
37 74
9 37
21 37
37 76
37 83
39 83
9 39
35 83
75 83
44 83
49 83
46 83
69 83
61 83
74 83
76 83
9 83
9 18
18 21
18 76
9 61
9 46
9 44
9 76
9 21
9 49
9 69
9 74
21 51
21 46
21 44
21 76
21 75
0 21
21 49
21 74
61 74
46 74
49 74
35 74
0 74
33 76
35 61
44 61
61 75
49 61
46 61
61 69
61 76
35 46
46 75
44 46
46 49
46 69
46 76
64 76
44 69
49 69
44 49
49 76
49 75
0 49
27 53
53 75
44 75
75 76
35 75
53 87
44 53
35 44
44 76
34 53
35 53
35 76
48 53
53 76
0 76
