90 1602
13 57
13 46
13 78
57 78
46 78
13 25
25 78
7 13
7 78
7 57
7 46
7 25
13 83
78 83
7 83
10 13
10 78
7 10
10 57
10 46
10 25
10 83
5 13
5 78
5 7
5 10
13 64
64 78
7 64
10 64
57 64
25 64
46 64
5 64
64 83
13 51
51 78
7 51
10 51
51 64
7 28
28 64
28 57
25 28
28 46
28 83
5 28
13 39
39 78
7 39
10 39
39 64
28 39
57 89
46 89
25 89
83 89
5 89
51 89
39 89
13 66
66 78
7 66
10 66
64 66
28 66
66 89
13 62
62 78
7 62
10 62
62 64
28 62
62 89
57 62
25 62
46 62
62 83
5 62
51 62
62 66
39 62
13 81
78 81
7 81
10 81
64 81
28 81
81 89
62 81
5 81
44 57
44 46
25 44
44 83
44 51
44 66
39 44
13 33
33 78
7 33
10 33
33 64
28 33
33 89
33 62
5 33
33 44
3 13
3 78
3 7
3 10
3 64
3 28
3 89
3 62
3 5
3 44
3 57
3 46
3 25
3 83
3 39
3 66
3 51
13 50
50 78
7 50
10 50
50 64
28 50
50 89
50 62
5 50
44 50
3 50
13 68
68 78
7 68
10 68
64 68
28 68
68 89
62 68
5 68
57 68
46 68
25 68
68 83
51 68
39 68
66 68
33 68
68 81
50 68
13 65
65 78
7 65
10 65
64 65
28 65
65 89
62 65
5 65
44 65
3 65
65 68
44 56
56 68
56 57
25 56
46 56
56 83
56 66
39 56
51 56
33 56
50 56
56 81
56 65
13 49
49 78
7 49
10 49
49 64
28 49
49 89
49 62
5 49
44 49
3 49
49 68
49 56
21 44
21 68
21 57
21 25
21 46
21 83
21 66
21 39
21 51
21 33
21 81
21 50
21 65
4 13
4 78
4 7
4 10
4 64
4 28
4 89
4 62
4 5
4 44
3 4
4 68
4 56
4 21
8 57
8 46
8 25
8 83
8 51
8 39
8 66
8 81
8 33
8 50
13 59
59 78
7 59
59 62
5 59
59 68
8 59
8 75
57 75
25 75
46 75
75 83
39 75
66 75
51 75
33 75
50 75
75 81
13 34
34 78
7 34
10 34
34 64
28 34
34 89
34 62
5 34
34 56
21 34
34 75
34 66
33 34
34 57
34 46
25 34
34 83
8 52
13 69
69 78
10 69
62 69
5 69
3 69
21 69
57 69
25 69
46 69
69 83
66 69
39 69
51 69
69 81
33 69
50 69
49 69
13 18
18 78
7 18
10 18
18 64
18 28
18 89
18 62
5 18
18 44
3 18
18 56
18 69
18 75
0 18
18 33
18 49
9 57
9 46
9 25
10 86
62 86
5 86
68 86
56 86
69 86
66 86
33 86
9 86
50 86
5 23
23 56
23 69
23 75
0 23
23 34
12 57
12 25
12 46
12 83
0 35
35 57
35 46
25 35
35 83
35 87
35 39
24 56
24 75
24 35
24 33
24 49
5 17
3 17
8 17
17 75
17 57
17 46
17 25
17 83
17 66
17 51
17 39
13 22
22 78
7 22
22 89
22 44
3 22
21 22
17 22
0 22
22 35
12 22
19 22
5 37
3 37
37 56
37 69
37 66
33 37
9 37
37 50
37 57
37 83
4 37
37 39
24 37
37 55
22 55
25 55
25 72
21 74
74 75
35 74
34 74
49 74
19 74
37 74
78 84
62 84
5 84
68 84
21 84
17 84
66 84
35 84
34 84
19 84
57 84
77 84
22 77
25 77
2 34
2 19
2 23
2 52
13 54
54 78
7 54
10 54
54 64
28 54
54 89
54 62
5 54
44 54
3 54
54 68
8 54
17 54
54 66
33 54
34 54
9 54
54 84
22 54
6 10
6 62
5 6
3 6
6 21
6 69
6 66
6 35
6 34
6 19
6 23
6 22
6 57
13 15
15 78
7 15
10 15
15 64
15 62
5 15
15 68
8 15
15 17
15 66
15 35
15 49
15 50
15 84
15 22
6 15
15 54
15 18
13 41
41 78
10 41
41 62
5 41
41 68
8 41
17 41
0 41
35 41
12 41
9 41
37 41
41 84
41 54
2 41
41 83
41 81
52 82
54 82
8 38
38 75
38 66
35 38
38 49
38 50
37 38
38 52
6 38
38 72
31 78
7 31
31 64
31 89
5 31
31 56
31 69
17 31
31 66
31 33
9 31
19 31
23 31
31 52
25 31
31 72
31 38
31 41
4 31
5 79
3 79
8 79
69 79
66 79
34 79
12 79
19 79
23 79
79 84
25 79
54 79
18 79
24 79
15 79
13 67
67 78
7 67
10 67
64 67
28 67
5 67
3 67
21 67
17 67
66 67
35 67
34 67
50 67
23 67
52 67
54 67
67 72
67 83
24 67
11 13
11 78
7 11
10 11
11 64
11 28
11 89
11 62
11 44
11 68
11 21
11 69
11 66
11 33
11 12
11 19
11 23
11 22
6 11
2 11
11 38
11 83
13 48
48 78
7 48
10 48
48 64
28 48
5 48
3 48
8 48
17 48
0 48
33 48
34 48
48 50
48 84
22 48
48 52
2 48
48 83
41 48
11 48
15 48
10 85
62 85
3 85
68 85
56 85
17 85
66 85
33 85
12 85
19 85
37 85
52 85
6 85
2 85
83 85
24 85
4 85
65 85
77 85
81 85
13 40
40 78
7 40
10 40
40 64
28 40
40 89
40 62
40 44
40 68
21 40
17 40
0 40
34 40
12 40
19 40
23 40
22 40
40 52
2 40
18 40
40 41
4 40
40 79
40 85
13 42
42 78
10 42
28 42
42 44
42 68
42 56
17 42
42 66
33 42
34 42
42 50
23 42
22 42
25 42
42 54
18 42
24 42
15 42
42 79
0 70
33 70
12 70
50 70
70 84
22 70
6 70
2 70
18 70
24 70
11 70
65 70
70 77
70 82
35 58
33 58
49 58
9 58
23 58
22 58
6 58
2 58
38 58
58 83
15 58
58 65
58 70
6 36
2 36
36 38
36 83
4 36
15 36
36 70
13 63
63 78
7 63
10 63
63 64
62 63
5 63
56 63
21 63
63 69
0 63
35 63
34 63
50 63
37 63
63 84
25 63
2 63
38 63
63 83
15 63
63 79
63 85
36 63
7 88
62 88
5 88
3 88
69 88
17 88
66 88
33 88
12 88
9 88
37 88
52 88
25 88
54 88
38 88
24 88
11 88
65 88
77 88
36 88
13 30
30 78
7 30
10 30
30 64
30 62
5 30
3 30
8 30
30 69
0 30
30 33
30 49
9 30
23 30
22 30
30 52
30 54
18 30
24 30
15 30
30 65
30 85
30 36
30 74
13 80
78 80
7 80
10 80
64 80
28 80
80 89
62 80
5 80
44 80
3 80
68 80
69 80
75 80
0 80
34 80
49 80
9 80
37 80
80 84
25 80
72 80
38 80
80 83
11 80
65 80
70 80
30 80
32 44
32 56
8 32
17 32
32 66
32 34
12 32
32 50
23 32
32 52
32 54
32 72
18 32
24 32
11 32
15 32
32 85
32 42
32 57
32 58
32 74
27 78
7 27
10 27
27 28
27 44
27 56
21 27
27 69
0 27
27 35
12 27
19 27
23 27
27 84
6 27
27 72
27 38
27 41
11 27
27 79
27 77
27 36
27 32
27 67
27 48
27 57
27 59
27 40
23 29
22 29
6 29
29 72
18 29
24 29
4 29
29 79
29 77
29 70
29 30
29 67
29 86
29 57
13 45
45 78
7 45
10 45
45 64
28 45
45 89
45 62
5 45
44 45
3 45
45 68
45 56
45 75
45 66
35 45
12 45
9 45
23 45
22 45
6 45
2 45
38 45
41 45
11 45
45 65
45 77
42 45
45 88
45 74
45 48
47 49
47 50
37 47
47 52
25 47
47 54
18 47
47 83
11 47
47 79
47 85
47 70
32 47
47 67
47 86
47 57
13 60
60 78
7 60
10 60
60 64
28 60
3 60
60 68
21 60
60 75
0 60
35 60
12 60
50 60
37 60
60 84
25 60
60 72
18 60
24 60
4 60
60 79
60 77
42 60
30 60
60 74
1 78
1 7
1 64
1 62
1 44
1 56
1 21
1 75
1 17
1 34
1 49
1 19
1 37
1 84
1 25
1 72
1 18
1 24
1 4
1 65
1 70
1 36
1 32
1 74
1 86
1 60
13 16
16 78
7 16
10 16
16 64
16 28
16 89
16 62
5 16
3 16
16 56
16 69
16 66
16 33
12 16
9 16
16 84
16 22
16 25
2 16
16 18
16 41
15 16
16 79
16 85
16 36
16 32
16 88
1 16
16 57
14 21
14 69
14 17
14 35
14 49
14 50
14 84
14 52
6 14
2 14
14 18
14 41
11 14
14 65
14 77
14 42
14 30
14 67
14 86
14 16
14 47
14 40
8 43
43 75
43 66
33 43
43 49
43 50
23 43
22 43
25 43
2 43
38 43
41 43
4 43
43 79
43 85
43 70
43 88
43 48
43 86
16 43
43 59
7 73
62 73
5 73
68 73
21 73
73 75
0 73
33 73
34 73
9 73
37 73
73 84
6 73
54 73
73 83
41 73
4 73
65 73
73 77
70 73
30 73
73 88
48 73
47 73
45 73
73 81
73 87
13 61
61 78
61 64
61 62
5 61
56 61
8 61
61 75
0 61
35 61
49 61
19 61
23 61
61 84
25 61
61 72
18 61
61 83
4 61
15 61
61 77
36 61
30 61
61 74
61 86
47 61
59 61
61 73
14 61
51 61
61 63
43 61
60 61
46 61
58 61
61 82
43 73
29 73
25 26
2 26
26 38
24 26
15 26
26 65
26 70
26 42
26 32
26 74
1 26
16 26
26 45
26 73
26 29
26 51
26 63
12 76
19 76
23 76
22 76
25 76
72 76
38 76
24 76
4 76
65 76
76 85
36 76
76 88
67 76
76 86
47 76
45 76
73 76
14 76
10 71
28 71
5 71
56 71
21 71
17 71
66 71
34 71
12 71
19 71
23 71
71 84
54 71
71 72
18 71
41 71
11 71
71 79
70 71
36 71
30 71
71 74
1 71
16 71
59 71
40 71
29 71
51 71
31 71
71 76
71 82
60 71
27 71
3 20
20 68
20 21
20 69
0 20
20 35
20 49
20 50
20 23
20 52
20 54
20 72
18 20
20 83
4 20
20 65
20 85
20 42
20 30
20 74
20 48
20 47
20 59
20 81
14 20
20 39
20 71
20 43
13 53
53 78
7 53
10 53
53 64
28 53
53 89
53 62
5 53
44 53
3 53
53 68
53 69
53 75
53 66
33 53
34 53
50 53
37 53
53 84
52 53
53 54
53 83
41 53
11 53
53 65
53 85
36 53
30 53
53 74
1 53
16 53
45 53
53 73
29 53
39 53
53 63
26 53
20 53
53 82
53 80
53 58
20 80
20 46
20 55
27 76
31 76
60 76
43 76
76 80
26 76
26 46
26 55
26 82
40 73
14 43
43 51
43 63
43 87
43 58
14 87
14 58
14 39
14 46
16 80
16 63
16 46
16 82
16 39
1 59
1 81
1 51
1 31
1 63
1 87
47 60
45 60
60 81
29 60
51 60
60 87
55 60
31 60
45 47
47 87
47 81
39 47
45 55
29 45
45 46
45 51
45 58
29 55
29 82
29 63
27 29
27 39
27 87
27 55
27 58
27 31
32 51
32 46
32 81
32 55
32 80
31 32
74 80
80 86
59 80
80 81
40 80
51 80
63 80
80 82
58 80
30 82
30 88
30 39
30 86
87 88
63 88
67 88
59 88
48 88
40 88
31 88
55 88
63 74
59 63
63 81
39 63
46 63
36 82
36 48
36 57
36 59
36 58
58 74
48 58
57 58
58 81
39 58
58 87
42 70
57 70
70 86
46 70
40 42
42 81
42 55
39 42
42 67
42 51
42 87
31 42
42 86
40 67
40 86
40 57
40 59
40 51
40 46
40 55
31 40
39 85
59 85
67 85
48 85
48 67
48 86
48 81
48 87
48 57
48 82
48 55
11 74
11 39
11 82
11 57
11 67
11 86
11 87
67 79
51 67
67 82
46 67
39 67
57 67
67 74
31 79
79 81
79 86
46 79
51 79
57 79
31 77
31 57
31 59
31 81
31 87
31 46
31 55
38 57
38 59
38 86
38 82
38 55
38 39
4 38
38 46
41 82
15 82
59 82
81 82
39 82
82 87
4 41
15 41
41 51
24 41
41 59
41 87
4 15
15 46
15 81
15 39
15 77
15 87
6 65
6 81
6 25
6 54
6 59
6 86
6 74
6 18
6 39
4 54
2 54
51 54
54 57
54 83
54 86
46 54
2 72
2 4
2 87
2 39
2 51
2 18
2 77
18 77
24 77
4 77
74 77
51 77
46 77
77 87
55 77
51 84
4 84
74 84
52 84
83 84
72 74
18 74
74 83
65 74
59 74
72 81
55 72
24 72
57 72
59 72
65 72
55 83
4 55
55 65
55 57
51 55
46 55
25 37
22 37
37 81
37 59
18 37
37 52
22 57
22 51
22 39
22 65
22 24
22 25
17 50
17 81
17 33
17 65
17 19
19 35
19 49
19 50
19 57
19 83
19 46
19 24
19 59
19 25
19 39
19 23
19 51
24 25
24 83
24 65
24 46
24 39
24 57
35 51
35 65
4 35
33 87
12 87
50 87
23 87
52 87
25 87
18 87
86 87
51 87
12 51
12 23
23 57
23 65
23 46
23 86
52 86
83 86
46 86
39 86
9 18
18 52
18 51
52 69
0 52
34 52
49 52
50 52
52 57
46 52
52 59
52 81
34 81
34 59
34 50
4 75
49 75
59 75
65 75
0 59
49 59
4 59
59 65
57 59
8 65
4 8
0 4
4 49
4 50
4 51
4 65
21 49
0 49
33 49
49 57
46 49
25 49
49 65
49 50
39 49
49 81
49 83
50 65
65 83
0 50
50 57
46 50
25 50
50 81
3 33
3 81
33 66
33 57
25 33
33 46
33 83
33 51
33 39
44 81
66 81
81 83
57 81
39 81
5 66
0 66
57 66
46 66
25 66
66 83
39 66
51 66
5 39
0 39
39 46
28 51
5 51
0 51
51 57
5 57
5 25
5 46
5 83
0 83
25 83
0 25
25 46
0 46
0 57
