90 400
47 69
47 82
9 82
16 69
16 82
16 64
62 69
62 82
47 57
57 62
29 69
29 82
25 47
25 62
25 29
69 86
82 86
47 55
9 55
16 55
55 62
29 55
55 86
55 69
43 62
29 43
43 69
28 43
19 55
69 87
36 62
36 86
36 69
36 82
47 80
62 80
29 80
80 86
69 80
36 80
51 75
69 70
70 82
64 70
70 71
58 62
58 86
58 70
36 58
58 75
27 62
27 29
27 69
27 28
21 27
14 27
7 62
7 86
7 69
7 36
7 19
7 60
33 70
28 33
21 33
30 33
70 72
36 72
72 75
30 72
71 72
26 72
21 79
14 79
7 79
63 79
51 63
32 63
69 89
28 89
19 89
30 89
68 89
45 76
60 76
71 76
38 79
38 76
52 69
36 52
52 73
52 60
52 71
52 76
52 82
0 52
52 80
39 80
31 73
14 31
23 43
23 31
20 23
45 66
5 19
5 64
5 82
5 66
6 21
5 6
6 68
8 87
8 43
6 8
12 69
12 36
12 21
12 60
7 12
8 12
71 88
64 88
33 88
12 88
58 88
77 88
61 88
54 82
50 54
59 62
59 86
59 69
28 59
59 75
59 60
23 59
8 59
27 59
55 59
43 59
42 59
59 82
37 59
22 71
22 51
22 55
24 88
24 66
24 58
1 69
1 36
1 21
1 14
1 7
1 56
51 56
55 56
1 2
2 76
2 82
0 2
2 25
48 71
48 64
48 89
2 48
49 55
10 49
1 67
67 74
35 65
7 83
76 83
32 83
65 83
55 81
50 81
81 83
65 81
44 73
44 60
23 44
44 74
44 89
22 44
44 81
44 66
44 72
44 48
18 81
18 56
6 18
18 48
57 83
38 83
56 83
65 66
84 89
43 84
17 84
56 84
72 84
65 84
38 85
65 85
35 67
31 35
35 66
0 67
49 67
67 77
46 73
30 46
1 46
46 51
3 46
33 46
46 49
31 46
46 67
46 58
38 67
48 49
49 66
12 48
2 56
2 87
37 56
1 82
1 53
51 53
3 53
33 53
25 53
37 53
20 53
53 63
1 40
40 74
40 89
24 40
40 42
40 57
3 4
0 4
41 75
5 41
41 79
41 74
41 55
33 41
41 58
4 41
41 63
12 41
4 77
4 52
4 15
15 40
11 63
11 40
22 24
6 24
22 42
22 38
22 37
25 37
37 72
27 42
42 54
17 42
54 61
6 54
27 34
34 57
34 52
34 54
27 50
50 61
27 61
12 61
61 77
12 43
12 20
8 82
6 89
6 13
13 72
6 39
5 57
5 68
5 87
5 80
66 68
66 74
58 66
20 74
20 32
10 20
17 20
20 87
23 68
31 64
10 31
31 87
31 39
31 63
39 52
17 73
73 82
14 17
7 17
17 51
3 17
0 17
17 77
3 38
3 27
38 57
64 76
76 89
76 77
10 89
10 72
10 63
55 79
51 79
79 87
32 79
26 32
32 87
0 32
32 57
26 80
26 51
72 82
30 64
30 55
7 33
33 64
33 77
33 43
7 57
7 27
27 80
14 58
14 25
14 71
58 68
57 78
58 78
58 87
25 70
28 71
21 71
25 71
71 80
21 60
43 60
60 77
51 60
57 75
25 75
75 80
55 80
43 80
25 80
36 87
36 64
36 57
19 87
25 87
19 43
43 57
25 28
28 77
28 55
28 82
64 86
57 86
77 86
25 86
25 64
25 82
29 77
29 57
29 64
57 69
62 64
62 77
64 68
0 64
69 82
9 69
69 77
9 77
45 77
68 77
45 68
0 68
