90 2002
26 68
26 59
59 68
7 26
7 59
26 46
46 59
46 68
7 46
26 70
59 70
46 70
9 68
7 9
26 36
36 59
36 46
9 36
20 59
20 68
7 20
20 70
20 36
26 61
59 61
46 61
9 61
20 61
26 75
59 75
46 75
9 75
20 75
68 75
7 75
61 75
70 75
36 75
26 83
59 83
46 83
9 83
20 83
75 83
59 84
68 84
7 84
70 84
36 84
61 84
83 84
26 86
59 86
46 86
9 86
20 86
75 86
84 86
26 50
50 59
46 50
9 50
20 50
50 75
50 84
50 68
7 50
50 70
50 61
36 50
50 83
26 52
52 59
46 52
9 52
20 52
52 75
52 84
50 52
26 38
38 59
38 46
9 38
20 38
38 75
38 84
38 50
38 68
7 38
36 38
38 61
38 70
38 52
38 86
38 83
26 57
57 59
46 57
9 57
20 57
57 75
57 84
50 57
38 57
26 29
29 59
29 46
20 29
29 75
29 50
29 68
7 29
29 70
29 36
29 61
29 83
29 52
29 86
26 72
59 72
46 72
9 72
20 72
72 75
72 84
50 72
38 72
29 72
21 68
7 21
21 36
21 70
21 61
21 86
21 52
21 83
21 72
21 57
13 26
13 59
13 46
9 13
13 20
13 75
13 84
13 50
13 38
13 29
13 21
18 68
7 18
18 36
18 61
18 70
18 83
18 86
18 52
18 57
26 77
59 77
46 77
9 77
20 77
75 77
77 84
50 77
38 77
29 77
21 77
18 77
68 89
7 89
36 89
70 89
61 89
52 89
86 89
83 89
72 89
57 89
13 89
77 89
19 26
19 59
19 46
9 19
19 20
19 75
19 84
19 50
19 38
19 29
19 21
18 19
19 89
19 70
11 68
7 11
11 36
11 61
11 83
11 86
11 52
11 77
11 72
11 57
11 13
11 19
26 88
59 88
46 88
9 88
20 88
75 88
84 88
50 88
38 88
29 88
21 88
18 88
88 89
70 88
11 88
32 68
7 32
32 36
32 61
32 83
32 52
32 86
32 77
32 72
32 57
13 32
32 88
19 32
59 71
46 71
20 71
71 75
71 84
50 71
38 71
70 71
11 71
32 71
71 86
71 72
59 79
50 79
29 79
79 89
70 79
32 79
19 79
72 79
68 79
7 79
61 79
36 79
79 83
52 79
13 79
77 79
57 79
12 26
12 59
12 46
9 12
12 20
12 75
12 84
12 50
12 29
12 70
11 12
12 19
12 86
12 72
12 79
26 34
34 59
34 46
20 34
34 84
34 38
21 34
34 89
34 70
11 34
34 86
34 72
26 81
59 81
46 81
75 81
81 84
50 81
29 81
81 89
70 81
32 81
19 81
72 81
79 81
68 81
7 81
61 81
36 81
81 83
52 81
26 45
45 59
45 46
9 45
20 45
45 75
45 84
38 45
29 45
45 89
11 45
19 45
45 86
40 68
7 40
40 61
36 40
40 52
40 83
40 57
40 77
13 40
40 72
59 74
18 74
70 74
11 74
74 86
40 74
74 79
34 74
26 62
59 62
46 62
9 62
20 62
62 75
62 84
50 62
38 62
29 62
21 62
62 89
62 70
32 62
55 68
7 55
36 55
55 61
55 83
52 55
13 55
55 57
55 72
55 77
26 42
42 59
42 46
9 42
20 42
42 75
42 84
38 42
21 42
18 42
42 70
32 42
42 55
42 72
42 81
16 26
16 59
16 46
16 20
16 75
16 38
16 29
16 89
16 70
16 19
16 55
16 40
16 79
16 68
7 16
16 36
16 61
16 83
16 52
2 59
2 46
2 38
2 89
2 11
2 32
2 86
2 55
2 79
2 16
2 62
25 86
25 72
25 81
25 34
26 66
59 66
46 66
20 66
66 84
38 66
29 66
66 89
11 66
19 66
55 66
66 72
66 81
34 66
66 68
7 66
36 66
61 66
45 66
6 26
6 59
6 46
6 9
6 20
6 75
6 84
6 50
6 38
6 29
6 21
6 70
6 11
6 32
6 55
6 40
6 81
6 34
6 66
35 59
35 46
35 75
35 38
29 35
18 35
35 70
32 35
35 86
35 55
35 79
34 35
35 66
35 68
7 35
35 61
35 36
8 59
8 46
8 20
8 75
8 84
8 50
8 38
8 70
8 11
8 32
8 19
8 40
8 79
8 16
8 62
8 35
2 8
8 77
41 70
19 41
41 86
41 72
41 81
16 41
41 66
35 41
2 41
41 77
4 19
4 40
4 79
4 34
4 62
4 25
2 4
4 36
4 68
4 7
26 43
43 59
43 46
9 43
20 43
43 75
43 84
43 50
38 43
29 43
21 43
43 70
11 43
19 43
43 86
43 72
43 79
34 43
43 62
35 43
43 77
4 43
59 73
46 73
73 75
38 73
29 73
18 73
70 73
32 73
73 86
40 73
73 81
34 73
66 73
35 73
2 73
73 77
4 73
68 73
7 73
11 78
32 78
78 86
55 78
78 81
34 78
66 78
35 78
48 62
25 48
48 68
7 48
22 59
22 50
21 22
18 22
22 70
22 32
22 86
22 40
22 79
16 22
22 62
22 48
2 22
22 77
22 73
22 41
22 43
26 30
30 59
30 46
9 30
20 30
30 75
30 84
30 50
29 30
30 70
11 30
19 30
30 86
30 72
30 79
30 34
30 62
25 30
30 77
4 30
30 73
0 30
30 43
30 68
69 70
32 69
69 86
55 69
69 79
16 69
25 69
35 69
2 69
69 77
4 69
52 69
30 69
6 69
59 64
46 64
20 64
64 75
64 84
38 64
29 64
21 64
64 70
19 64
64 86
64 72
64 79
16 64
64 66
25 64
2 64
36 64
64 73
52 64
0 64
6 64
64 68
59 80
46 80
75 80
50 80
29 80
80 89
70 80
32 80
19 80
55 80
79 80
34 80
62 80
35 80
48 80
36 80
4 80
52 80
43 80
64 80
14 26
14 59
14 46
14 75
14 84
14 38
14 21
14 89
14 70
14 19
14 86
14 72
14 79
14 34
14 62
14 35
2 14
4 14
14 73
14 41
14 43
6 14
14 64
14 68
2 82
77 82
73 82
52 82
43 82
6 82
14 82
11 27
19 27
27 86
27 40
27 79
16 27
27 66
25 27
27 48
27 36
27 73
27 41
0 27
27 30
26 33
33 59
33 46
33 75
33 84
33 38
29 33
18 33
11 33
32 33
33 86
33 55
33 81
16 33
33 62
25 33
2 33
33 77
33 73
33 41
0 33
33 64
33 68
23 26
23 59
23 46
9 23
20 23
23 75
23 84
23 50
23 38
23 29
21 23
23 89
23 70
23 32
23 55
23 72
23 81
16 23
23 66
23 25
23 48
4 23
23 41
23 52
0 23
6 23
23 33
23 27
23 69
23 57
17 26
17 59
17 46
17 75
17 84
17 50
17 38
17 21
11 17
17 19
17 55
17 40
17 81
16 17
17 66
17 25
2 17
17 36
4 17
17 41
17 30
6 17
17 33
17 69
39 79
34 39
39 62
25 39
39 48
39 77
4 39
0 39
39 43
6 39
33 39
14 39
67 79
16 67
66 67
35 67
48 67
36 67
4 67
52 67
30 67
6 67
33 67
14 67
39 67
10 81
10 16
10 66
10 25
10 48
10 77
10 73
10 52
10 43
10 30
10 64
10 69
4 87
0 87
43 87
64 87
33 87
27 87
10 87
57 87
67 87
80 87
83 87
44 66
35 44
44 48
36 44
41 44
0 44
43 44
30 44
44 64
14 44
39 44
17 44
44 87
8 44
26 47
47 59
46 47
9 47
20 47
47 75
47 84
47 50
38 47
29 47
21 47
18 47
47 70
19 47
47 86
47 72
47 81
34 47
47 66
35 47
2 47
47 77
47 73
47 52
43 47
6 47
47 64
14 47
39 47
10 47
17 47
47 87
13 47
26 37
37 59
37 46
9 37
20 37
37 75
37 84
37 50
37 38
29 37
21 37
18 37
37 70
19 37
37 86
37 72
37 79
16 37
37 66
35 37
2 37
36 37
4 37
37 52
37 43
6 37
33 37
14 37
37 39
37 57
17 37
8 37
37 47
59 85
18 85
70 85
32 85
19 85
72 85
81 85
34 85
62 85
35 85
48 85
36 85
4 85
41 85
0 85
6 85
14 85
27 85
69 85
10 85
17 85
8 85
29 63
18 63
11 63
19 63
55 63
40 63
63 79
16 63
63 66
35 63
48 63
36 63
63 73
41 63
0 63
30 63
63 64
27 63
63 69
57 63
17 63
63 87
56 70
19 56
55 56
40 56
56 72
16 56
56 62
35 56
2 56
36 56
56 73
41 56
43 56
56 64
33 56
56 69
39 56
17 56
56 67
56 87
56 63
37 56
45 56
56 82
31 70
31 32
31 86
31 40
31 79
16 31
31 62
25 31
31 48
31 77
31 73
31 41
31 43
30 31
31 64
14 31
10 31
31 57
31 67
8 31
31 63
31 37
31 68
31 82
62 76
25 76
48 76
76 77
73 76
41 76
43 76
30 76
64 76
27 76
39 76
17 76
67 76
76 87
13 76
47 76
68 76
76 82
31 76
24 33
14 24
24 69
24 57
24 67
24 87
24 63
24 37
24 45
24 82
28 55
28 72
28 81
28 34
28 66
28 35
2 28
28 36
4 28
28 41
0 28
6 28
28 33
14 28
28 69
28 57
28 67
8 28
13 28
28 37
28 82
28 42
26 49
49 59
46 49
9 49
20 49
49 75
49 84
49 50
38 49
29 49
21 49
49 89
11 49
32 49
49 86
49 72
49 81
16 49
49 66
35 49
48 49
36 49
41 49
49 52
0 49
6 49
49 64
49 69
39 49
49 57
17 49
8 49
49 63
37 49
49 68
28 49
31 49
24 49
26 53
53 59
46 53
9 53
20 53
53 75
53 84
50 53
38 53
29 53
21 53
53 89
11 53
32 53
53 86
40 53
53 79
16 53
53 62
35 53
2 53
36 53
4 53
52 53
43 53
30 53
33 53
27 53
53 69
10 53
17 53
13 53
47 53
53 68
45 53
28 53
31 53
24 53
53 71
53 80
53 61
53 74
1 26
1 59
1 46
1 20
1 50
1 38
1 29
1 18
1 70
1 32
1 86
1 55
1 72
1 16
1 62
1 35
1 48
1 36
1 4
1 52
1 43
1 64
1 33
1 27
1 10
1 57
1 67
1 87
1 13
1 37
1 45
1 44
1 31
29 65
65 89
11 65
32 65
65 86
65 72
65 79
16 65
62 65
25 65
48 65
65 77
4 65
41 65
0 65
64 65
33 65
65 69
10 65
57 65
65 67
8 65
63 65
37 65
65 68
65 82
28 65
65 71
65 78
22 65
3 81
3 34
3 25
3 35
2 3
3 77
3 73
3 52
0 3
3 30
3 14
3 27
3 39
3 57
3 87
3 8
3 47
3 37
3 45
3 44
3 28
3 65
51 59
46 51
51 75
50 51
38 51
51 89
51 70
32 51
51 86
51 72
51 79
34 51
51 66
25 51
51 77
36 51
4 51
51 52
30 51
6 51
33 51
51 69
10 51
51 57
51 67
51 87
13 51
47 51
51 68
51 82
28 51
24 51
3 51
49 51
51 71
5 26
5 59
5 46
5 9
5 20
5 75
5 84
5 50
5 38
5 29
5 21
5 18
5 70
5 19
5 55
5 72
5 81
5 34
5 66
5 25
5 48
5 36
5 73
5 41
5 43
5 6
5 14
5 27
5 10
5 57
5 67
5 87
5 63
5 47
5 45
5 82
5 28
5 65
3 5
5 49
5 71
15 59
15 46
15 75
15 50
15 38
15 21
15 70
15 19
15 86
15 40
15 34
15 16
15 66
15 35
2 15
15 77
15 73
15 52
15 30
6 15
15 64
14 15
15 39
10 15
15 17
13 15
15 63
15 47
15 82
15 44
15 28
15 65
15 53
15 61
5 15
26 60
59 60
46 60
9 60
20 60
60 75
60 84
50 60
38 60
29 60
21 60
60 89
11 60
19 60
60 86
55 60
60 72
34 60
60 62
25 60
2 60
60 77
60 73
41 60
0 60
6 60
33 60
14 60
60 69
57 60
60 67
60 87
60 63
37 60
60 68
44 60
31 60
24 60
53 60
60 61
60 80
60 76
60 88
15 60
42 60
60 78
26 58
58 59
46 58
9 58
20 58
58 75
58 84
50 58
38 58
58 89
58 70
19 58
55 58
40 58
58 81
34 58
58 62
25 58
48 58
36 58
4 58
52 58
0 58
30 58
58 64
27 58
10 58
57 58
17 58
13 58
58 63
58 68
45 58
58 82
31 58
24 58
53 58
58 61
58 80
58 60
58 74
58 83
58 78
15 58
1 58
58 88
58 76
23 58
60 83
1 60
60 85
15 51
15 83
15 22
7 15
15 88
15 76
15 85
54 59
46 54
54 75
50 54
38 54
21 54
54 70
11 54
54 86
54 72
54 81
16 54
54 62
25 54
2 54
54 77
54 73
41 54
0 54
6 54
33 54
27 54
39 54
54 57
54 67
8 54
13 54
54 68
45 54
54 82
31 54
54 65
3 54
49 54
54 71
5 54
54 74
12 54
22 54
42 54
7 54
23 54
54 88
54 85
5 22
5 12
5 56
5 74
5 51
5 23
5 7
51 74
51 83
22 51
12 51
1 51
51 78
51 76
3 56
3 76
3 42
3 7
3 22
3 12
3 88
3 23
3 61
23 65
42 65
7 65
1 65
12 65
65 83
1 53
1 61
1 80
1 83
1 78
1 7
1 56
1 76
1 23
53 85
53 83
49 53
53 78
49 88
12 49
23 49
49 74
22 49
49 78
49 80
7 49
23 28
12 28
22 28
28 78
24 28
28 80
28 83
24 61
24 88
24 74
24 76
24 85
24 71
24 80
24 56
61 76
76 80
76 83
76 78
56 76
76 88
31 61
31 56
31 42
31 88
31 85
31 74
7 31
56 61
56 71
56 83
12 56
22 56
42 56
56 88
23 56
61 63
63 80
42 63
63 78
63 82
63 71
63 88
63 85
7 63
37 85
68 85
44 85
61 85
71 85
74 85
12 85
78 85
42 85
7 85
23 85
37 74
37 61
22 37
37 88
37 45
23 37
37 44
45 47
44 47
47 78
47 68
47 83
12 47
47 71
47 80
47 82
42 47
44 68
44 82
23 44
44 83
44 88
22 44
44 78
44 80
12 44
44 61
44 74
7 87
74 87
71 87
8 87
45 87
13 87
10 78
10 82
10 68
10 61
10 88
7 10
10 42
10 83
10 67
8 10
10 17
22 67
45 67
61 67
67 71
67 78
8 67
13 67
67 88
13 39
17 39
39 88
12 39
39 80
39 57
22 39
39 82
39 71
39 68
7 39
8 39
17 80
13 17
17 22
17 23
17 74
12 17
17 82
17 42
17 68
8 23
13 23
23 68
23 71
23 74
12 23
23 42
13 33
33 83
7 33
33 57
12 33
33 42
27 33
33 74
14 27
27 68
27 82
7 27
27 88
12 27
27 69
27 74
27 42
27 71
27 80
27 61
8 82
68 82
82 88
71 82
7 82
14 61
14 80
14 88
14 45
14 83
14 57
14 22
8 80
45 80
71 80
78 80
12 80
80 83
7 80
74 80
64 88
64 71
64 69
22 64
45 64
64 78
8 64
13 69
69 78
68 69
8 69
45 69
69 74
61 69
69 83
42 69
30 71
30 88
30 74
22 30
30 78
13 30
30 57
30 61
7 30
30 42
8 22
13 22
22 45
22 71
12 22
22 42
7 22
22 78
36 48
48 61
48 88
6 48
48 77
0 48
48 74
48 52
48 78
2 48
13 48
36 78
73 78
41 78
43 78
57 78
13 78
68 78
12 78
78 88
73 74
45 73
43 73
52 73
0 73
57 73
43 52
0 43
43 68
42 43
43 57
43 61
12 43
7 43
6 43
4 41
4 88
4 83
4 6
4 12
4 71
4 13
41 68
7 41
8 41
41 61
41 42
41 83
41 88
12 41
8 52
0 8
6 8
8 83
8 88
8 12
8 68
7 8
35 77
6 35
35 74
35 45
35 57
13 35
6 36
6 52
6 68
6 74
6 12
6 83
6 45
6 71
13 66
12 66
66 77
52 66
25 66
66 83
42 66
25 68
7 25
25 36
25 61
25 83
2 25
25 42
0 25
25 71
25 52
12 25
2 68
2 7
2 83
2 71
2 61
2 45
2 36
2 57
2 42
0 16
16 62
13 16
16 42
16 71
36 42
42 52
13 42
42 68
42 61
42 71
42 74
42 83
7 42
0 55
55 62
55 88
40 62
62 81
62 68
7 62
36 62
61 62
62 83
52 62
57 62
62 88
0 62
62 74
62 71
36 74
0 74
57 74
13 74
45 74
74 88
7 74
40 45
40 88
45 81
34 45
45 77
45 52
0 45
45 57
12 45
7 45
45 83
45 61
45 71
13 81
77 81
57 81
34 81
81 88
0 81
34 68
7 34
34 36
34 61
34 83
34 52
12 34
34 57
34 77
34 88
12 77
12 36
12 57
12 13
12 88
71 79
36 71
0 71
57 71
61 71
71 88
19 88
86 88
77 88
36 88
19 68
7 19
19 36
19 61
19 52
19 83
19 86
19 57
19 77
19 72
13 19
0 19
0 89
70 77
77 86
72 77
68 77
7 77
57 77
13 77
77 83
52 77
13 18
18 72
13 70
13 86
13 72
13 52
0 13
13 61
13 68
13 83
70 72
72 86
68 72
7 72
61 72
36 72
52 72
72 83
57 72
0 72
29 57
0 29
57 70
57 86
52 57
0 38
52 70
52 86
52 68
7 52
0 52
52 61
50 86
0 50
70 86
68 86
7 86
36 86
61 86
83 86
0 84
70 83
0 83
61 83
7 83
0 75
61 70
36 61
0 20
36 70
36 68
7 36
0 36
9 70
68 70
7 70
0 70
0 46
0 7
7 68
0 59
0 68
0 26
