90 801
15 30
30 54
5 54
30 35
35 54
15 35
30 44
5 44
35 44
17 54
15 17
17 44
30 50
5 50
35 50
17 50
49 54
15 49
49 50
44 49
30 42
35 42
15 42
42 54
3 30
3 35
3 17
3 42
51 54
15 51
20 30
20 35
17 20
20 42
20 51
20 60
10 51
10 15
10 54
30 72
5 72
35 72
17 72
42 72
51 72
10 72
15 34
34 54
10 32
32 34
54 55
15 55
50 55
36 55
30 87
35 87
17 87
42 87
60 87
34 87
72 87
30 82
35 82
17 82
42 82
60 82
15 38
38 54
12 30
12 35
12 42
12 38
12 72
30 45
34 45
45 78
12 45
7 30
7 35
7 42
7 51
7 10
7 34
7 78
7 45
7 82
80 82
82 84
80 84
30 73
5 73
35 73
17 73
42 73
51 73
60 73
38 73
55 73
73 87
73 82
4 30
4 35
4 17
4 42
4 10
4 38
4 72
4 87
4 21
42 69
10 69
69 72
45 69
3 88
30 62
10 62
55 62
45 62
62 88
3 75
19 30
19 35
19 51
19 34
19 78
19 87
19 88
19 75
1 33
4 33
74 77
30 61
10 61
55 61
45 61
59 78
45 59
30 66
34 66
66 72
66 87
59 66
66 80
1 66
61 66
40 59
40 75
36 40
18 81
19 81
68 82
18 68
68 74
68 81
30 58
5 58
35 58
17 58
42 58
51 58
58 60
34 58
58 72
45 58
58 82
18 58
58 74
58 68
30 53
10 53
53 78
53 87
53 59
53 80
53 74
53 81
53 68
7 53
43 55
43 45
43 59
18 43
43 73
43 61
43 53
60 71
34 71
71 72
45 71
71 88
18 71
36 71
71 81
44 71
11 88
11 21
11 73
11 68
11 40
11 71
37 73
4 37
37 53
15 37
40 48
15 48
38 52
52 78
52 82
52 75
18 52
52 61
52 77
52 71
48 52
57 59
21 57
1 57
4 57
53 57
15 57
43 57
54 57
27 60
27 38
27 72
27 45
27 59
27 80
27 73
27 61
27 44
15 27
12 27
27 57
28 74
28 61
28 40
24 30
24 35
24 60
10 24
24 72
24 45
24 82
24 80
24 73
24 36
24 68
24 71
24 62
38 79
78 79
79 88
79 80
74 79
68 79
53 79
24 79
12 79
50 79
57 79
66 79
22 37
22 57
30 46
34 46
46 72
46 87
46 59
46 75
1 46
4 46
46 77
15 46
25 82
18 25
25 36
25 68
25 53
69 70
7 70
19 70
26 72
26 45
26 59
26 80
1 26
4 26
26 44
26 70
12 26
2 26
2 66
2 58
56 72
56 78
56 59
21 56
56 73
56 81
53 56
43 56
25 56
2 56
46 56
52 56
30 89
35 89
17 89
42 89
60 89
10 89
38 89
87 89
21 89
75 89
36 89
81 89
44 89
24 89
12 89
20 89
27 89
66 89
69 89
56 89
48 65
54 65
28 65
12 39
39 50
39 62
39 52
47 59
47 80
47 73
36 47
47 68
47 71
37 47
47 54
47 62
39 47
40 76
43 76
12 76
20 76
27 76
19 76
47 76
42 86
38 86
72 86
45 86
82 86
80 86
73 86
4 86
40 86
70 86
48 86
50 86
28 86
52 86
47 86
31 48
31 54
31 46
31 66
14 27
14 19
14 79
30 64
35 64
42 64
51 64
60 64
38 64
64 78
64 87
59 64
21 64
64 73
4 64
44 64
24 64
12 64
20 64
12 16
16 20
16 46
16 19
11 16
8 78
8 45
8 21
8 18
1 8
4 8
8 77
8 71
8 25
8 50
8 16
8 19
25 67
2 67
28 67
13 60
13 38
13 72
13 45
13 88
13 75
1 13
13 81
13 40
13 15
13 43
13 54
13 46
13 19
13 58
13 26
13 33
13 67
41 44
24 41
41 43
41 50
28 41
13 41
14 41
41 64
41 56
3 41
41 76
41 84
11 13
67 79
67 84
58 67
1 6
6 81
6 68
6 40
6 37
6 20
6 28
6 52
6 67
30 85
5 85
35 85
17 85
42 85
51 85
60 85
10 85
78 85
85 87
85 88
75 85
36 85
61 85
77 85
24 85
43 85
2 85
16 85
66 85
47 85
64 85
65 85
6 85
0 85
56 85
1 63
4 63
44 63
24 63
25 63
54 63
62 63
19 63
63 79
63 89
63 84
10 83
38 83
72 83
45 83
59 83
80 83
36 83
61 83
77 83
70 83
37 83
57 83
46 83
39 83
69 83
64 83
63 83
6 83
32 83
11 83
63 76
6 63
6 22
6 8
29 60
29 38
29 78
29 87
21 29
29 75
29 74
29 81
29 53
29 71
12 29
20 29
28 29
19 29
29 67
29 89
3 29
26 29
29 33
29 84
8 67
8 64
8 31
23 55
23 87
23 82
23 75
23 74
4 23
23 77
23 40
23 48
20 23
23 27
23 52
23 79
23 31
3 23
7 23
23 32
8 23
8 11
16 58
16 69
16 64
39 64
14 64
11 64
14 31
11 14
9 88
9 75
9 73
9 81
9 77
9 15
9 37
9 57
9 62
9 66
9 14
9 89
9 65
7 9
9 84
9 58
31 86
22 31
26 31
76 86
32 86
58 86
7 86
0 76
33 76
47 69
3 47
32 47
0 39
39 65
22 39
65 89
33 65
0 65
11 65
22 56
7 56
32 56
2 84
2 69
26 27
26 69
11 26
26 32
22 26
25 70
0 70
25 58
25 84
25 46
19 25
3 25
25 32
20 46
22 46
46 66
3 46
22 79
7 22
7 79
24 28
24 33
24 58
28 37
28 54
28 32
27 28
27 62
27 84
57 62
52 57
0 57
52 62
7 52
52 69
20 48
37 48
0 48
48 54
48 66
7 37
11 37
37 69
11 50
3 71
66 71
43 71
50 71
12 71
12 43
43 62
33 43
43 50
12 53
53 58
15 53
3 58
0 58
33 58
20 68
54 68
62 68
44 68
15 81
40 81
3 81
40 54
3 40
0 40
40 66
66 84
3 66
15 59
59 61
44 59
59 82
61 75
36 61
12 61
44 61
61 62
7 61
61 77
0 61
44 77
20 77
69 77
77 84
33 77
33 54
33 62
33 69
0 33
1 74
1 3
1 7
1 15
1 50
73 74
20 74
19 74
69 74
62 74
19 44
19 54
19 32
62 75
12 75
7 62
32 88
12 88
69 88
18 69
4 69
0 69
4 18
18 36
18 54
4 36
4 32
4 84
21 50
0 21
21 73
20 21
21 32
21 54
12 73
73 84
44 73
15 84
3 84
44 80
15 80
36 80
7 80
50 80
7 20
15 45
3 38
38 50
38 82
38 72
55 82
82 87
20 82
54 82
36 82
0 82
32 87
54 87
20 87
0 87
36 87
32 36
0 36
36 50
3 55
32 55
32 44
15 32
32 50
20 34
34 44
34 72
54 72
44 72
10 50
10 44
3 10
10 20
10 78
20 78
15 20
50 51
3 51
44 51
3 60
3 78
3 50
42 50
42 44
42 60
50 60
50 78
44 50
0 50
44 60
44 78
35 60
54 60
15 54
5 15
15 60
15 78
30 60
60 78
0 78
