90 400
13 46
46 73
31 46
4 72
4 60
57 60
6 60
4 77
57 77
6 77
38 57
38 62
30 87
33 57
33 77
33 72
33 66
15 30
2 15
69 89
30 67
42 67
46 67
56 57
6 56
56 62
42 56
4 27
27 57
6 27
27 62
27 30
2 27
27 38
57 63
6 63
30 63
33 63
27 63
18 63
38 63
84 87
13 84
4 83
57 83
30 83
33 83
9 32
31 32
39 57
6 39
30 39
33 39
39 42
49 60
27 54
49 54
68 69
42 81
13 81
5 69
5 81
17 27
17 49
17 67
17 60
15 17
22 27
14 22
17 22
50 73
17 65
50 65
13 65
9 41
31 41
3 41
28 57
2 28
28 42
28 31
24 28
28 48
74 82
24 78
22 78
0 78
78 82
78 87
54 78
32 78
20 46
20 81
8 40
68 75
19 75
74 75
63 75
72 75
65 75
75 83
32 75
11 62
11 42
11 69
11 81
3 11
11 19
3 76
9 86
46 86
37 86
37 77
3 12
12 37
0 12
12 41
21 57
6 21
21 62
2 21
21 46
18 21
17 21
21 44
34 67
34 84
34 76
21 34
25 27
25 31
3 25
25 50
25 34
25 63
22 52
25 52
20 52
26 69
26 46
26 38
9 79
31 79
38 79
57 85
6 85
30 85
33 85
69 85
14 85
17 85
79 85
9 16
14 16
16 68
16 44
16 85
16 80
9 51
51 81
3 51
22 51
51 89
51 80
43 61
58 62
2 58
27 58
31 58
58 67
48 58
34 58
58 85
7 73
7 85
7 58
53 76
53 80
7 53
53 77
0 45
45 63
20 45
12 45
45 53
45 60
23 53
7 87
1 73
1 80
1 7
1 65
1 54
1 43
64 69
64 81
38 64
44 64
64 89
0 10
10 32
10 15
10 64
10 28
5 10
28 64
35 67
35 79
0 35
5 35
35 56
35 64
32 35
12 35
58 64
55 64
43 58
29 68
29 79
13 29
26 29
29 87
29 58
70 87
70 77
24 36
36 48
34 36
5 36
36 51
36 55
36 70
28 36
29 70
23 29
43 60
15 61
61 77
51 61
51 66
71 74
8 71
51 71
71 88
77 88
71 86
15 71
26 80
54 80
16 87
16 83
16 20
16 89
83 85
20 85
63 85
77 79
26 79
15 79
20 79
26 34
15 26
26 55
11 26
52 55
52 86
28 52
25 32
21 25
25 87
47 76
41 47
21 47
47 54
47 86
47 60
21 23
12 21
21 28
11 12
37 66
44 86
13 86
8 86
20 86
44 76
44 89
23 76
66 76
11 76
11 82
11 83
11 15
8 19
19 32
8 89
8 41
8 23
8 60
20 40
20 78
41 82
56 82
66 82
28 74
41 48
5 48
48 56
41 73
41 65
65 72
39 65
22 50
22 73
22 72
22 56
5 17
5 89
5 72
5 77
68 81
72 81
81 87
24 68
23 68
38 68
68 72
68 73
24 54
24 87
24 66
24 83
59 60
39 59
54 59
23 59
54 73
54 66
39 49
3 39
39 89
39 63
39 72
23 39
39 66
3 32
15 32
9 77
9 83
67 83
83 84
56 83
66 83
72 84
63 84
13 63
27 60
27 56
27 66
18 56
38 56
56 72
56 60
18 67
67 77
15 67
67 89
38 89
15 69
2 66
2 42
2 72
31 66
33 42
33 87
33 60
33 38
42 87
30 38
30 60
14 38
13 38
62 72
42 62
60 62
62 77
42 77
13 77
6 72
6 42
60 73
57 72
42 57
42 72
4 42
23 42
14 23
14 31
31 73
0 13
