90 400
61 65
65 66
59 61
59 66
37 65
37 59
17 61
17 66
17 37
34 59
34 65
17 34
43 61
34 43
43 59
52 61
37 52
52 59
35 52
59 80
61 63
34 63
59 63
63 88
66 70
34 70
66 82
18 59
18 65
47 66
18 47
47 59
47 88
50 82
35 50
50 65
61 68
66 68
37 68
34 68
68 82
65 68
50 68
10 82
10 35
10 50
31 63
10 31
16 31
16 29
50 87
5 7
5 78
5 9
5 87
65 73
68 73
47 73
65 89
10 89
9 89
6 71
2 82
2 88
2 63
33 52
2 33
2 51
41 51
41 87
42 63
42 78
42 71
42 70
41 42
42 43
42 80
47 55
55 70
42 55
0 55
21 50
21 68
21 51
2 21
21 55
27 61
27 66
27 37
27 34
27 59
27 65
27 63
50 64
19 64
47 64
2 64
9 84
84 89
43 84
47 58
58 84
71 75
2 75
13 75
13 27
13 58
45 59
35 45
45 65
45 68
45 51
45 89
48 73
26 61
26 66
26 37
26 34
26 59
26 65
26 63
12 80
12 26
9 26
26 28
26 48
0 26
26 58
48 83
29 83
80 83
6 83
26 83
4 61
4 18
4 59
4 82
4 63
4 10
52 62
4 62
43 62
9 23
23 62
23 73
44 75
44 45
30 47
28 30
30 73
30 44
17 30
22 71
22 70
20 22
22 30
17 22
47 49
2 49
48 49
30 49
17 49
22 49
36 59
35 36
36 50
36 68
36 78
36 87
36 81
34 85
82 85
65 85
68 85
16 85
70 85
36 85
24 55
24 52
24 85
24 27
39 51
1 65
1 10
1 71
1 8
17 72
1 72
39 72
14 66
14 18
14 82
14 35
7 14
10 14
14 51
14 87
14 72
54 82
35 54
54 63
50 54
9 54
54 62
54 75
14 54
3 17
3 4
3 54
37 74
18 74
34 74
35 74
63 74
68 74
51 74
2 74
74 75
14 74
3 74
60 74
54 60
60 85
26 60
74 86
52 86
41 86
11 67
11 64
11 23
5 11
6 67
67 86
15 77
17 56
52 56
56 77
32 48
14 32
32 40
6 40
79 84
27 79
32 79
45 79
79 85
21 79
32 38
61 69
34 69
69 82
35 69
65 69
10 69
16 69
69 89
55 69
29 69
32 69
1 69
13 69
57 78
57 87
57 73
14 57
57 58
54 57
57 69
43 57
1 38
38 56
26 38
15 67
52 74
5 54
46 63
19 46
46 47
46 87
46 55
14 46
46 80
1 46
4 46
43 46
1 20
1 29
8 39
24 39
21 39
39 41
7 53
53 68
53 71
53 84
42 53
20 53
39 53
49 53
21 53
23 53
39 85
24 31
64 85
36 52
31 36
25 51
25 62
25 36
25 27
25 81
25 43
4 25
25 64
20 36
80 81
49 81
4 81
31 81
22 41
22 31
30 80
23 44
6 44
41 44
6 23
5 23
4 28
4 20
4 83
45 48
45 80
13 45
31 45
5 13
29 75
58 75
0 58
31 58
17 84
64 84
52 64
41 64
19 70
19 27
16 27
27 89
27 42
21 27
43 76
21 76
2 6
0 2
6 73
71 80
20 71
20 89
0 20
73 89
70 89
5 73
0 5
78 87
47 78
16 87
28 87
28 29
28 80
0 29
29 43
16 47
16 17
31 70
10 43
9 10
10 68
17 68
9 50
47 50
18 82
9 18
70 82
65 82
9 82
70 88
63 70
9 70
52 70
17 88
80 88
7 80
7 52
7 17
35 43
43 65
17 59
59 65
9 59
9 61
0 9
