90 1201
0 43
40 43
0 4
4 40
0 22
22 40
4 22
22 43
0 68
40 68
22 68
22 39
39 43
4 39
39 68
0 87
40 87
22 87
39 87
4 87
43 72
68 72
0 8
8 40
8 22
8 39
4 8
8 72
22 53
39 53
4 53
43 53
53 68
53 87
0 42
40 42
22 42
39 42
4 42
42 72
42 53
13 43
13 68
13 42
8 13
13 87
0 18
18 40
18 22
18 39
4 18
18 72
18 53
13 18
43 84
68 84
8 84
42 84
84 87
0 12
12 40
12 22
12 39
4 12
12 72
12 53
12 13
12 84
0 69
40 69
22 69
39 69
4 69
69 72
53 69
13 69
43 69
68 69
42 69
69 87
8 69
12 69
0 48
40 48
22 48
39 48
4 48
48 72
48 53
13 48
48 84
48 69
43 74
68 74
8 74
42 74
74 87
48 74
18 74
12 74
71 84
71 74
19 43
19 68
22 66
4 66
66 69
66 74
19 66
22 70
39 70
4 70
53 70
69 70
43 75
68 75
8 75
42 75
75 87
0 88
40 88
22 88
39 88
4 88
72 88
53 88
13 88
69 88
75 88
70 88
22 44
4 44
13 44
44 70
19 44
44 79
43 44
12 44
70 76
44 76
43 59
59 71
0 49
40 49
22 49
39 49
4 49
49 72
49 53
13 49
49 69
49 74
0 3
3 40
3 22
3 39
3 4
3 53
3 69
26 43
26 68
8 26
26 87
26 42
5 22
5 39
4 5
5 53
5 69
5 26
3 5
5 44
5 59
0 32
32 40
22 32
32 39
4 32
32 53
13 32
32 74
3 32
32 79
32 59
32 43
32 42
7 32
7 43
4 55
55 75
3 55
55 79
55 59
7 55
49 55
43 55
22 37
4 37
37 69
37 74
37 70
43 51
37 51
3 60
51 60
43 50
50 58
7 58
43 77
0 82
40 82
22 82
39 82
4 82
53 82
82 84
69 82
19 82
79 82
50 82
54 70
51 54
32 54
43 54
40 57
22 57
4 57
53 57
57 84
57 69
57 79
51 57
57 59
54 57
3 17
17 44
17 59
17 32
17 77
17 18
17 78
70 85
79 85
50 85
32 85
17 85
25 49
25 85
0 63
40 63
22 63
39 63
4 63
53 63
13 63
63 84
63 69
63 75
3 63
63 79
32 63
7 63
49 63
63 85
37 63
22 30
4 30
30 84
30 75
3 30
30 44
30 51
30 54
17 30
30 85
30 63
50 62
54 62
49 62
3 36
36 51
36 59
36 54
36 49
4 64
64 70
3 64
64 79
50 64
7 64
64 77
36 64
63 64
62 64
24 40
22 24
24 39
4 24
24 69
24 74
3 24
24 79
24 50
24 32
24 54
24 36
61 77
36 61
60 61
0 11
11 40
11 22
11 39
4 11
11 53
11 69
11 26
11 19
11 44
11 59
7 11
11 49
11 85
11 61
11 42
2 22
2 75
2 70
2 79
2 59
2 32
2 49
2 85
2 63
2 62
2 8
15 22
4 15
15 69
15 75
15 70
15 44
15 51
15 54
15 49
15 17
15 63
63 73
22 81
4 81
69 81
70 81
19 81
44 81
51 81
32 81
49 81
43 81
36 81
73 81
24 81
0 6
6 22
4 6
6 53
6 69
6 74
3 6
6 79
6 59
6 32
6 77
6 36
6 37
6 73
2 6
31 63
31 73
22 27
4 27
27 84
26 27
3 27
27 44
27 59
7 27
27 54
27 43
27 37
27 42
24 27
4 41
41 75
19 41
41 79
41 51
7 41
17 41
41 43
41 63
41 61
27 41
45 49
45 85
45 63
42 45
8 45
6 45
45 66
0 38
38 40
22 38
38 39
4 38
38 72
38 53
13 38
38 84
38 74
38 70
38 44
38 51
7 38
38 49
36 38
37 38
38 42
2 38
38 45
0 83
40 83
22 83
39 83
4 83
53 83
13 83
83 84
69 83
75 83
70 83
79 83
32 83
7 83
17 83
83 85
63 83
73 83
2 83
6 83
38 83
0 10
10 40
10 22
10 39
4 10
10 72
10 53
10 13
10 69
10 75
10 70
10 44
10 51
7 10
10 54
10 85
10 37
10 73
10 24
6 10
10 83
46 51
32 46
46 77
43 46
46 63
46 62
8 46
45 46
12 46
28 40
22 28
28 39
4 28
28 84
28 74
28 70
28 79
28 59
28 32
17 28
28 43
28 37
28 42
24 28
28 45
12 28
28 46
28 68
15 28
5 28
28 66
28 55
28 71
28 58
28 78
28 30
28 31
25 28
28 57
46 87
46 71
46 60
10 46
21 84
21 26
3 21
21 44
21 59
21 54
17 21
21 36
21 37
21 73
8 21
6 21
37 86
73 86
8 86
45 86
83 86
41 86
23 86
19 35
35 51
32 35
35 54
17 35
35 43
35 63
35 62
8 35
27 35
35 83
35 46
77 80
43 80
37 80
62 80
8 80
45 80
80 83
35 80
16 22
4 16
16 84
16 69
3 16
16 44
16 50
16 54
16 49
16 43
16 37
16 42
8 16
6 16
12 16
33 61
33 42
2 33
27 33
9 61
9 62
2 9
9 45
9 12
9 81
9 58
22 65
4 65
13 65
65 70
3 65
44 65
59 65
54 65
65 77
36 65
61 65
62 65
24 65
6 65
9 65
46 65
65 87
15 65
48 65
65 66
11 65
65 88
38 65
0 20
20 40
20 22
20 39
4 20
20 72
20 53
13 20
20 84
20 74
20 70
20 44
20 50
20 54
20 49
20 85
20 61
20 73
20 24
12 20
20 83
16 20
20 68
20 64
5 20
20 23
20 55
20 65
20 21
29 84
29 74
3 29
29 79
29 50
29 54
17 29
29 85
29 37
29 42
24 29
6 29
29 83
29 46
16 29
29 87
29 48
29 66
11 29
3 67
67 79
50 67
32 67
67 77
43 67
36 67
67 73
8 67
27 67
9 67
33 67
16 67
60 67
48 67
23 67
77 89
85 89
37 89
73 89
8 89
6 89
86 89
33 89
87 89
60 89
34 40
22 34
4 34
34 53
34 84
34 74
34 79
34 44
34 51
34 54
34 49
34 36
34 61
34 62
24 34
6 34
12 34
16 34
34 68
34 60
5 34
34 89
11 34
34 81
34 66
10 34
34 78
25 34
34 57
47 84
47 75
19 47
47 51
47 50
7 47
47 49
47 85
36 47
47 62
24 47
6 47
12 47
35 47
47 68
15 47
34 47
23 47
47 89
47 71
0 14
14 40
14 22
14 39
4 14
14 53
13 14
14 70
3 14
14 44
14 59
7 14
14 17
14 43
14 61
14 42
14 27
14 45
14 86
14 35
14 87
14 60
14 48
10 14
14 89
14 71
14 76
14 29
52 63
52 73
24 52
12 52
9 52
33 52
52 68
52 60
48 52
10 52
52 80
52 65
14 52
18 52
47 52
25 52
52 81
40 56
22 56
4 56
53 56
56 84
56 75
3 56
44 56
51 56
7 56
56 77
56 85
37 56
42 56
8 56
12 56
9 56
33 56
56 82
56 64
5 56
56 66
11 56
56 65
56 76
56 58
52 56
56 88
41 56
56 81
14 47
14 31
14 81
38 47
30 47
41 47
18 47
66 89
1 61
1 62
1 8
1 12
1 83
1 33
1 82
1 64
1 5
1 80
1 89
1 67
1 58
1 78
1 38
1 18
1 20
1 25
38 89
57 89
67 89
78 89
58 89
25 67
29 67
67 71
18 67
31 67
67 76
29 88
29 41
29 57
20 29
29 30
20 38
20 31
20 57
30 65
21 65
9 78
9 33
9 71
9 30
9 11
9 64
9 88
16 33
33 82
18 33
33 58
11 33
33 55
33 48
33 38
16 57
16 41
16 21
16 80
16 64
16 76
16 18
16 38
64 80
5 80
10 80
58 80
18 80
78 80
80 81
55 80
80 88
25 35
31 35
35 64
35 66
35 76
30 35
23 35
35 88
35 81
23 82
15 23
5 23
23 31
21 23
11 23
23 30
23 55
23 71
68 86
82 86
60 86
55 86
21 86
76 86
48 86
25 86
18 86
21 46
21 87
21 60
11 21
21 25
21 58
21 76
21 88
21 57
5 46
46 78
15 46
46 68
10 68
10 15
10 41
10 76
10 66
10 31
10 25
10 57
66 83
5 83
83 87
15 83
57 83
31 83
38 60
38 48
38 66
38 76
38 78
31 38
45 58
45 88
45 48
41 45
11 45
30 45
41 68
41 87
41 48
11 41
41 55
41 76
18 41
41 88
12 27
27 31
27 68
27 57
27 55
27 87
25 27
5 27
27 78
27 60
6 31
31 82
31 64
31 55
31 78
31 57
6 15
6 81
6 71
6 12
81 87
64 81
66 81
71 81
78 81
18 81
25 81
58 73
18 73
73 82
71 73
15 73
66 73
2 15
15 82
15 30
15 71
15 58
15 57
15 78
5 15
2 57
2 71
2 11
2 87
2 18
2 76
2 68
2 55
2 5
11 82
11 64
11 76
11 30
11 18
61 78
57 61
61 87
48 61
61 66
24 61
12 61
8 61
24 42
24 78
24 48
24 25
24 64
24 82
24 88
12 64
64 88
64 76
60 64
55 64
36 48
36 62
36 88
36 82
12 36
36 42
5 36
36 68
62 63
60 62
30 62
62 68
57 62
12 62
5 62
55 62
8 30
30 82
30 48
30 58
25 30
30 88
63 88
63 71
63 76
25 63
25 42
25 68
25 87
25 55
85 87
60 85
58 85
42 85
78 85
18 85
42 78
68 78
71 78
76 78
17 37
8 17
17 88
17 57
12 17
17 76
17 43
43 57
57 68
55 57
57 88
54 76
54 82
54 71
54 66
54 87
77 82
37 82
12 82
48 82
58 82
5 82
66 82
55 82
48 77
5 77
58 77
42 77
37 58
8 58
48 58
58 71
18 58
50 60
37 50
48 50
12 50
32 60
49 60
8 60
60 68
60 66
48 60
60 88
18 51
49 51
51 68
51 66
8 51
7 37
37 43
18 37
37 55
8 37
5 55
55 71
7 12
7 88
7 87
7 42
7 8
7 18
32 49
5 32
32 48
32 68
5 43
5 71
5 18
3 26
3 43
3 68
3 87
3 18
3 49
49 59
43 49
49 68
49 71
49 66
18 59
59 88
59 68
59 76
59 87
43 76
42 76
12 76
48 76
44 48
44 71
44 88
42 88
87 88
66 88
48 75
70 75
12 75
18 75
43 70
68 70
42 70
8 70
70 87
12 70
70 79
43 79
68 79
66 79
79 87
8 79
42 79
43 66
8 66
8 19
19 42
19 71
19 48
43 71
71 87
42 48
18 69
12 18
18 84
18 87
42 87
8 53
8 43
72 87
68 87
4 68
43 68
4 43
