90 400
72 84
70 84
6 70
31 72
31 70
37 84
6 37
31 37
2 31
2 72
2 70
2 37
2 53
62 84
62 72
62 70
57 84
57 62
8 57
14 57
55 72
55 70
19 55
8 24
24 53
6 67
18 72
18 70
15 84
6 15
15 31
15 18
15 55
21 73
41 84
6 41
2 41
45 72
45 70
37 45
41 45
8 41
20 41
22 31
18 22
27 72
32 84
6 32
31 32
32 62
27 32
24 32
32 77
29 31
18 29
2 34
18 34
34 72
34 87
20 87
8 80
5 8
55 83
5 83
22 83
8 35
21 35
22 35
34 88
21 88
22 88
35 88
82 84
6 82
2 82
62 82
8 82
5 82
77 82
82 83
82 88
33 80
34 42
21 42
19 42
42 83
2 89
62 89
34 89
24 89
9 22
3 9
4 54
4 14
4 86
4 35
4 15
4 60
49 80
30 84
18 30
67 76
71 76
24 71
34 65
21 65
51 65
50 65
15 65
60 65
36 54
5 36
22 36
36 50
36 72
78 82
29 78
36 78
73 78
33 78
1 9
1 42
1 72
1 78
22 52
32 52
15 52
52 57
49 52
52 89
1 52
11 34
11 24
11 77
11 32
19 44
42 44
44 72
6 48
2 48
48 54
20 48
19 48
30 48
44 48
7 31
7 18
7 54
7 24
7 19
7 32
28 44
28 89
46 54
24 46
46 86
30 46
28 46
46 60
37 46
61 65
53 61
27 75
20 75
9 75
75 83
23 86
23 32
9 74
30 74
15 74
25 74
9 79
30 79
79 82
12 79
12 25
12 29
12 41
27 38
14 38
19 38
60 68
13 86
13 68
13 23
13 57
13 49
2 40
18 40
34 40
20 40
40 80
40 68
40 74
17 38
17 40
39 72
17 39
12 39
13 39
33 39
39 87
17 70
36 40
13 40
37 47
63 82
63 79
29 63
63 67
58 60
58 63
58 69
47 69
7 58
47 63
40 47
40 70
13 53
38 68
0 68
31 64
62 64
8 64
5 64
64 80
64 68
64 74
64 79
2 66
62 66
54 66
21 66
66 77
32 66
23 66
57 66
7 66
66 73
64 66
66 87
0 64
1 64
33 85
64 85
38 72
12 38
10 56
56 57
56 65
38 56
56 67
28 43
43 48
43 65
43 88
43 70
16 43
16 81
4 81
16 56
16 38
38 71
53 79
25 79
25 41
25 75
3 25
3 74
23 74
23 41
23 75
23 87
37 75
61 75
73 75
11 75
46 61
33 46
46 53
28 71
7 28
7 48
3 7
7 41
48 87
48 67
48 71
44 53
44 57
11 44
11 57
11 52
11 88
11 87
1 3
1 4
36 65
0 36
36 71
51 71
50 71
71 73
26 53
26 71
30 76
72 76
21 30
9 30
30 83
30 73
30 49
49 82
10 59
59 89
37 59
59 88
49 59
0 59
29 49
4 49
4 89
67 86
15 86
10 86
57 86
10 50
10 70
0 10
10 29
10 37
3 50
29 50
3 29
3 70
9 89
42 89
73 89
70 89
42 70
37 42
33 42
33 82
33 37
0 88
87 88
32 35
35 72
35 83
35 87
15 35
53 83
67 83
0 5
5 80
5 22
5 70
5 37
77 80
70 80
60 80
80 87
8 34
29 34
20 29
29 77
53 77
73 77
32 41
27 54
27 37
54 70
22 54
53 54
22 41
22 72
0 41
41 67
20 72
20 73
15 73
15 21
15 67
18 67
24 67
60 67
19 24
19 37
0 19
19 57
55 60
14 60
60 72
8 62
37 62
53 62
6 72
6 8
0 8
