90 1602
5 36
36 62
5 41
41 62
35 36
35 41
5 34
34 62
34 35
5 40
40 62
35 40
36 40
40 41
34 40
5 24
24 62
24 35
24 40
5 77
35 77
40 77
36 77
41 77
24 77
34 77
5 21
21 62
21 35
21 40
21 77
36 52
41 52
34 52
24 52
5 28
28 62
28 35
28 40
28 77
28 52
19 36
19 41
19 24
19 34
19 28
19 21
5 47
47 62
35 47
40 47
47 77
47 52
19 47
38 77
19 38
36 38
38 41
24 38
34 38
28 38
21 38
5 9
9 62
9 35
9 40
9 77
9 52
9 19
9 38
9 47
36 67
41 67
34 67
24 67
28 67
21 67
5 33
33 62
33 35
33 40
33 77
33 52
19 33
33 38
33 47
33 67
47 75
36 75
41 75
24 75
34 75
28 75
21 75
33 75
5 61
61 62
35 61
40 61
61 77
52 61
19 61
38 61
47 61
61 67
61 75
5 50
35 50
40 50
50 77
50 52
38 50
50 67
50 75
36 50
41 50
34 50
24 50
28 50
21 50
9 50
5 53
53 62
35 53
40 53
53 77
52 53
19 53
38 53
47 53
53 67
53 75
50 53
29 40
29 38
29 67
29 50
29 36
29 41
24 29
29 34
21 29
28 29
29 61
29 53
29 33
9 29
40 43
43 77
43 67
43 75
29 43
36 43
5 60
60 62
35 60
40 60
60 77
52 60
19 60
38 60
47 60
60 67
50 60
36 60
41 60
24 60
34 60
28 60
21 60
27 77
27 38
27 67
27 50
27 29
27 60
36 45
41 45
34 45
24 45
21 45
28 45
9 45
45 53
45 61
33 45
47 54
54 67
45 54
36 54
54 81
41 76
34 76
28 76
21 76
5 11
11 62
11 35
11 40
11 77
11 52
11 19
11 38
11 47
11 67
11 75
11 50
11 45
11 36
11 60
11 76
20 50
20 60
20 81
20 24
38 49
49 75
29 49
36 49
49 60
49 76
41 49
34 49
24 37
37 49
41 78
34 78
60 84
24 84
78 84
8 81
8 49
8 78
5 16
16 35
16 40
16 77
16 52
16 19
16 47
16 75
16 29
16 36
16 81
16 49
16 20
16 41
5 63
40 63
63 77
19 63
47 63
63 75
29 63
45 63
24 63
63 76
49 63
16 63
14 47
14 75
14 29
14 36
14 24
14 49
14 20
1 50
1 45
1 81
1 76
1 20
1 41
46 47
46 75
29 46
36 46
46 81
24 46
1 46
16 46
14 46
35 73
40 73
73 77
19 73
47 73
73 75
50 73
45 73
60 73
24 73
73 78
1 73
14 73
20 30
16 30
30 73
11 30
30 41
55 81
55 76
55 78
16 55
8 55
11 55
28 55
8 31
20 72
8 72
14 72
11 72
9 72
31 72
6 60
6 76
6 49
1 6
6 8
6 72
6 28
6 41
5 88
62 88
35 88
40 88
77 88
52 88
19 88
38 88
47 88
75 88
45 88
60 88
81 88
49 88
1 88
8 88
73 88
11 88
41 88
55 88
47 57
57 67
29 57
45 57
57 81
49 57
20 57
1 57
8 57
57 72
28 57
55 57
5 25
25 62
25 35
25 40
25 77
25 52
19 25
25 38
25 67
25 75
25 29
25 36
25 60
24 25
20 25
1 25
25 73
11 25
25 46
25 43
25 57
5 79
62 79
35 79
40 79
77 79
52 79
19 79
38 79
47 79
67 79
75 79
50 79
29 79
45 79
24 79
76 79
49 79
16 79
8 79
72 79
28 79
43 79
79 88
5 44
44 62
35 44
40 44
44 77
44 52
19 44
38 44
44 47
44 67
44 45
36 44
24 44
44 76
44 78
16 44
14 44
44 73
28 44
43 44
44 79
5 23
23 62
23 35
23 40
23 77
23 52
19 23
23 38
23 47
23 67
23 29
23 36
23 81
23 76
20 23
16 23
23 73
11 23
23 28
23 55
23 88
35 48
40 48
48 77
38 48
48 67
48 75
48 50
36 48
48 60
24 48
48 78
8 48
48 73
11 48
46 48
43 48
48 88
23 48
5 87
35 87
40 87
19 87
38 87
75 87
45 87
36 87
81 87
49 87
78 87
1 87
14 87
72 87
28 87
41 87
43 87
30 87
48 87
0 87
84 87
43 71
23 71
71 87
71 84
29 39
39 45
39 60
24 39
39 78
16 39
14 39
11 39
28 39
39 55
39 88
39 79
23 39
39 84
27 39
39 71
39 54
3 47
3 67
3 29
3 36
3 81
3 24
3 20
1 3
3 8
3 11
3 28
3 55
3 57
3 23
3 87
3 48
3 39
3 37
20 69
1 69
69 73
11 69
41 69
55 69
69 88
30 69
23 69
50 66
36 66
24 66
66 76
20 66
1 66
14 66
11 66
46 66
41 66
57 66
66 79
27 66
20 82
1 82
73 82
72 82
46 82
41 82
57 82
79 82
66 82
48 82
27 82
39 82
24 74
74 76
49 74
1 74
14 74
72 74
46 74
55 74
43 74
30 74
74 87
74 84
10 47
10 75
10 45
10 36
10 24
10 76
1 10
10 16
8 10
10 72
10 28
10 43
10 57
10 30
10 23
10 48
10 89
58 77
19 58
47 58
58 67
29 58
36 58
58 60
49 58
58 78
16 58
8 58
11 58
41 58
43 58
58 88
58 79
23 58
58 84
27 58
10 58
53 58
54 58
20 51
1 51
14 51
51 72
28 51
51 55
51 57
30 51
51 87
27 51
39 51
51 58
51 69
17 38
17 50
17 29
17 36
17 81
17 24
17 49
16 17
14 17
11 17
17 28
17 43
17 57
17 23
17 87
17 48
17 89
17 37
17 74
17 51
17 33
17 63
17 21
17 82
5 26
26 62
26 35
26 40
26 77
26 52
19 26
26 38
26 47
26 67
26 75
26 50
26 29
26 45
26 60
26 76
20 26
1 26
14 26
26 72
26 46
26 41
26 57
26 79
26 66
26 84
26 89
26 58
26 44
26 51
26 33
0 26
40 83
77 83
67 83
75 83
50 83
36 83
24 83
49 83
78 83
1 83
8 83
11 83
28 83
55 83
83 88
30 83
66 83
48 83
83 89
37 83
74 83
5 7
7 35
7 40
7 38
7 47
7 75
7 45
7 36
7 24
7 76
7 20
7 8
7 14
7 72
7 46
7 55
7 88
7 30
7 66
7 84
7 89
7 69
7 44
7 51
7 10
7 83
68 88
30 68
68 87
66 68
27 68
37 68
44 68
7 68
15 40
15 19
15 38
15 67
15 45
15 36
15 60
15 49
15 78
8 15
15 73
15 72
15 41
15 55
15 43
15 79
15 23
15 48
15 39
15 58
15 69
7 15
5 64
62 64
35 64
40 64
64 77
52 64
19 64
38 64
47 64
50 64
29 64
36 64
64 81
24 64
64 78
1 64
64 73
11 64
28 64
43 64
64 88
64 79
64 87
48 64
27 64
58 64
64 74
51 64
15 64
0 64
21 64
31 64
3 64
22 47
22 67
22 50
22 36
22 60
22 76
22 49
1 22
8 22
11 22
22 28
22 43
22 57
22 30
22 87
22 48
22 39
22 37
22 74
7 22
22 33
0 22
22 83
22 82
46 56
55 56
56 88
56 79
56 66
56 84
56 89
37 56
56 69
51 56
15 56
0 56
21 56
31 56
3 56
35 59
40 59
59 77
38 59
47 59
59 75
50 59
59 60
59 81
59 76
59 78
16 59
14 59
11 59
46 59
41 59
57 59
59 79
23 59
59 84
59 89
39 59
59 69
7 59
29 85
60 85
81 85
24 85
78 85
1 85
8 85
73 85
46 85
41 85
57 85
79 85
66 85
84 85
27 85
37 85
44 85
51 85
5 80
62 80
35 80
40 80
77 80
52 80
19 80
38 80
47 80
67 80
50 80
36 80
60 80
24 80
78 80
1 80
14 80
72 80
41 80
43 80
80 88
30 80
66 80
48 80
27 80
58 80
74 80
80 85
33 80
15 80
80 83
31 80
56 80
10 80
61 80
71 80
68 80
6 80
59 80
4 5
4 35
4 40
4 77
4 52
4 19
4 47
4 75
4 29
4 36
4 24
4 49
4 20
4 8
4 14
4 72
4 46
4 55
4 57
4 23
4 66
4 84
4 89
4 39
4 74
4 85
4 15
4 63
4 53
4 82
4 56
4 10
4 61
4 71
4 80
4 34
50 86
36 86
24 86
49 86
20 86
16 86
14 86
72 86
46 86
43 86
57 86
79 86
86 87
66 86
39 86
37 86
44 86
7 86
33 86
63 86
53 86
21 86
26 86
22 86
61 86
71 86
29 70
36 70
70 81
24 70
20 70
16 70
14 70
70 72
41 70
55 70
43 70
30 70
23 70
48 70
70 89
58 70
44 70
51 70
33 70
0 70
53 70
31 70
56 70
22 70
5 65
35 65
40 65
38 65
47 65
65 75
50 65
45 65
60 65
65 76
65 78
1 65
14 65
65 73
46 65
41 65
43 65
65 79
65 87
48 65
27 65
37 65
65 74
51 65
33 65
0 65
65 83
31 65
3 65
10 65
64 65
5 12
12 35
12 40
12 77
12 19
12 38
12 67
12 50
12 29
12 36
12 81
12 49
12 78
8 12
12 14
12 73
12 28
12 43
12 79
12 30
12 23
12 84
12 39
12 37
12 69
12 51
12 15
12 63
12 53
12 31
12 26
12 22
12 65
5 42
35 42
40 42
42 77
42 52
38 42
42 47
42 50
42 45
36 42
42 81
42 76
42 78
1 42
42 73
42 72
42 46
41 42
42 57
30 42
42 87
42 48
39 42
42 58
42 44
7 42
42 85
0 42
42 53
31 42
26 42
42 64
2 5
2 35
2 40
2 77
2 52
2 19
2 47
2 75
2 29
2 36
2 81
2 76
2 20
2 16
2 14
2 73
2 41
2 55
2 57
2 79
2 66
2 27
2 89
2 69
2 74
2 51
2 33
2 83
2 21
2 3
2 26
2 10
2 42
28 32
32 43
32 57
32 79
32 87
32 66
32 39
32 37
32 44
32 51
15 32
32 63
21 32
3 32
26 32
22 32
2 32
32 71
32 70
32 80
9 32
32 54
13 85
13 63
13 21
3 13
13 56
13 22
13 65
2 13
13 68
13 34
13 32
13 25
12 13
13 54
32 86
2 25
2 68
2 54
2 9
2 70
42 71
34 42
42 68
6 42
12 42
17 42
25 42
12 70
12 34
12 86
4 12
18 67
18 75
18 45
18 36
18 81
18 76
18 78
8 18
18 73
18 72
18 28
18 55
18 57
18 23
18 87
18 84
18 27
18 39
18 69
18 44
18 85
18 63
18 83
18 82
3 18
10 18
18 61
18 71
18 68
17 18
18 25
6 18
9 18
12 18
65 70
34 65
59 65
61 65
65 71
68 70
70 86
17 70
34 70
17 86
4 86
59 86
4 6
4 9
54 80
82 85
3 85
54 85
83 85
31 85
25 85
33 85
59 85
53 85
0 59
59 83
59 82
56 59
59 64
59 71
17 59
25 59
9 59
54 59
54 56
10 56
22 56
56 61
22 68
22 71
10 22
22 64
25 64
9 64
61 64
54 64
17 64
15 21
9 15
15 34
0 15
15 68
15 63
15 54
6 15
0 68
68 83
31 68
3 68
25 68
9 68
7 71
7 82
7 33
6 7
7 31
7 9
0 83
25 83
21 83
71 83
54 83
26 83
26 82
6 26
25 26
26 34
26 71
17 26
10 17
6 17
9 17
34 51
25 51
51 61
51 63
44 58
25 58
31 58
9 58
0 58
6 58
58 63
10 74
10 33
10 63
10 21
10 82
6 10
10 34
33 89
21 89
69 89
74 89
0 89
53 89
6 89
63 89
37 74
44 74
34 74
25 74
71 74
74 82
61 74
9 74
63 82
53 82
54 82
25 82
9 82
71 82
63 66
61 66
21 66
6 66
37 66
66 84
66 69
39 69
0 69
3 69
63 69
21 69
6 69
54 69
31 69
53 69
3 44
3 63
3 21
3 31
3 34
3 9
34 39
25 39
37 71
33 71
53 71
44 87
33 87
31 87
53 87
9 48
44 48
34 48
48 63
48 53
48 61
21 48
23 31
21 23
23 44
23 54
9 23
23 34
23 25
27 44
33 44
21 44
44 53
0 44
44 54
53 79
25 79
61 79
27 79
54 79
25 84
25 53
25 34
6 25
57 88
57 63
53 57
21 57
34 57
31 88
27 88
33 88
0 88
6 88
9 88
37 88
84 88
61 88
6 30
6 84
6 33
6 53
6 31
6 61
6 54
43 72
72 84
41 72
37 72
34 72
31 46
31 55
31 84
27 31
0 31
21 31
31 61
54 55
30 55
9 55
55 84
33 55
21 55
30 43
30 33
0 30
30 84
30 37
30 34
9 30
30 63
41 73
37 73
27 73
21 73
28 73
53 73
54 73
63 73
46 73
27 46
28 46
33 46
34 46
0 46
43 46
41 46
46 53
21 46
1 34
1 21
1 14
1 54
14 41
11 14
14 43
14 84
9 14
14 63
28 63
41 63
33 63
53 63
34 63
16 37
16 61
0 16
11 16
16 28
9 16
16 27
16 34
16 43
16 33
8 16
8 41
8 84
8 53
8 34
8 33
8 61
0 8
28 84
0 84
37 84
27 84
21 78
33 78
0 78
27 78
37 78
28 37
37 41
27 37
33 37
37 61
34 37
21 37
21 49
49 61
28 49
49 53
9 49
20 49
43 49
20 41
20 34
9 20
20 54
11 20
20 53
20 61
20 28
11 28
11 27
11 54
11 53
11 61
11 21
0 11
11 33
43 76
33 76
54 76
0 76
41 54
43 54
27 54
54 61
34 54
45 81
0 45
36 81
60 81
41 81
34 81
24 81
21 81
28 81
27 81
53 81
9 81
24 27
27 41
27 33
27 61
9 27
9 60
33 60
60 61
53 60
43 60
43 53
34 43
36 53
21 53
53 61
9 53
50 61
33 50
0 50
36 61
24 61
28 61
41 61
33 61
0 61
9 61
9 75
33 36
24 33
9 67
9 36
9 28
0 9
38 47
36 47
41 47
34 47
24 47
21 47
28 47
0 47
0 19
28 36
24 28
21 52
21 36
21 24
21 34
0 77
24 36
24 41
24 34
0 24
34 36
0 35
36 41
0 41
0 36
0 5
