90 2002
0 89
55 89
0 87
55 87
0 72
55 72
72 89
72 87
0 43
43 55
43 72
0 40
40 55
40 72
40 89
40 87
40 43
0 44
44 55
44 72
40 44
0 1
1 55
1 72
1 40
1 89
1 87
1 43
1 44
0 18
18 55
18 72
18 40
1 18
0 53
53 55
53 72
1 53
53 89
53 87
43 53
44 53
18 53
0 56
55 56
56 72
40 56
1 56
53 56
52 89
52 87
43 52
44 52
18 52
0 73
55 73
72 73
40 73
1 73
53 73
52 73
47 89
47 87
43 47
44 47
18 47
47 73
0 57
55 57
57 72
40 57
1 57
53 57
52 57
47 57
72 86
53 86
86 89
86 87
43 86
44 86
18 86
0 66
55 66
66 72
40 66
1 66
53 66
52 66
47 66
66 86
0 32
32 55
32 72
32 40
1 32
32 53
32 52
32 47
32 89
32 87
32 43
32 44
18 32
0 23
23 55
23 72
23 40
1 23
23 53
23 52
23 47
23 86
23 32
81 89
81 87
43 81
44 81
18 81
23 81
0 41
41 55
41 72
40 41
1 41
41 53
41 52
41 47
41 86
32 41
41 81
16 72
1 16
16 53
16 86
16 32
16 81
16 89
16 87
16 43
16 44
16 18
0 49
49 55
49 72
40 49
1 49
49 53
49 52
47 49
49 86
32 49
49 81
16 49
0 82
55 82
72 82
40 82
1 82
53 82
52 82
47 82
82 86
32 82
81 82
16 82
82 89
82 87
43 82
44 82
18 82
23 82
66 82
56 82
41 82
49 82
57 82
73 82
0 45
45 55
45 72
40 45
1 45
45 53
45 52
45 47
45 86
32 45
45 81
16 45
45 82
0 42
42 55
42 72
40 42
1 42
42 53
42 52
42 47
42 86
32 42
42 81
16 42
42 89
42 87
42 43
42 44
18 42
42 49
42 73
42 66
42 56
23 42
41 42
42 57
0 33
33 55
33 72
33 40
1 33
33 53
33 52
33 47
33 86
32 33
33 81
16 33
33 82
33 42
46 89
46 87
43 46
44 46
18 46
46 73
23 46
46 66
46 49
46 56
41 46
46 57
0 54
54 55
54 72
40 54
1 54
53 54
52 54
47 54
54 86
32 54
54 81
16 54
54 82
42 54
46 54
0 65
55 65
65 72
1 65
53 65
47 65
32 65
16 65
46 65
65 89
65 87
43 65
44 65
18 65
57 65
65 66
56 65
41 65
49 65
23 65
65 73
0 9
9 55
9 72
9 40
1 9
9 53
9 52
9 47
9 86
9 32
9 81
9 16
9 82
9 42
9 46
9 65
30 89
30 87
30 43
30 44
18 30
30 73
30 56
30 66
30 49
23 30
30 57
30 41
9 30
30 33
30 54
0 71
55 71
71 72
40 71
1 71
53 71
52 71
47 71
71 86
32 71
71 81
16 71
71 82
42 71
46 71
65 71
30 71
0 12
12 72
12 40
1 12
12 53
12 47
12 86
12 16
12 42
12 89
12 87
12 43
12 44
12 18
12 49
12 56
12 66
12 41
12 23
12 73
12 57
20 72
16 20
20 42
12 20
0 83
55 83
72 83
40 83
1 83
53 83
32 83
16 83
82 83
30 83
83 89
83 87
43 83
44 83
18 83
49 83
66 83
23 83
73 83
56 83
41 83
57 83
46 69
30 69
69 83
18 69
29 72
29 81
29 46
29 30
37 82
37 65
37 89
37 87
37 43
37 44
18 37
37 57
37 56
37 49
37 66
23 37
37 41
37 73
37 79
17 42
12 17
17 37
17 18
17 89
17 87
17 43
17 44
17 73
72 80
80 86
80 81
16 80
46 80
65 80
37 80
17 80
29 80
29 76
76 89
76 87
43 76
44 76
0 4
4 55
4 72
4 40
1 4
4 53
4 52
4 47
4 86
4 82
4 42
4 65
4 83
4 17
4 29
4 76
38 72
38 81
38 46
30 38
37 38
18 38
29 38
38 45
38 89
38 87
38 43
38 44
22 72
22 40
1 22
22 53
22 86
16 22
22 82
22 65
22 83
17 22
22 29
22 80
22 38
9 22
48 89
48 87
43 48
44 48
72 85
82 85
42 85
12 85
83 85
17 85
29 85
80 85
9 85
51 72
51 52
32 51
51 82
42 51
12 51
51 83
17 51
45 51
51 76
9 51
8 72
8 40
1 8
8 47
8 32
8 82
8 65
8 12
8 37
8 18
8 29
8 80
8 38
8 89
8 87
8 43
8 44
0 35
35 55
35 72
35 40
1 35
35 53
32 35
35 82
35 46
35 65
35 37
17 35
35 45
35 80
35 38
8 35
11 89
11 87
11 43
11 44
11 66
0 74
72 74
53 74
74 86
32 74
74 81
65 74
30 74
74 83
18 74
29 74
74 76
9 74
51 74
11 74
35 74
0 2
2 55
2 72
2 40
1 2
2 53
2 52
2 47
2 86
2 32
2 81
2 16
2 42
2 65
2 83
2 18
2 29
2 76
2 9
2 8
2 48
88 89
87 88
43 88
24 72
24 40
1 24
24 86
24 32
24 81
24 82
12 24
24 83
17 24
24 29
24 45
24 80
8 24
24 51
24 88
2 24
21 42
21 65
21 83
18 21
21 45
21 80
21 38
9 21
21 48
21 35
21 41
21 89
21 87
21 71
20 21
61 72
40 61
1 61
53 61
32 61
16 61
42 61
30 61
37 61
18 61
29 61
61 80
38 61
9 61
51 61
48 61
41 61
21 61
0 70
55 70
70 72
40 70
1 70
53 70
52 70
47 70
70 86
32 70
70 81
16 70
70 82
42 70
46 70
12 70
70 83
17 70
29 70
70 76
38 70
9 70
51 70
35 70
2 70
21 70
70 89
70 87
60 72
47 60
60 86
60 82
46 60
30 60
60 83
17 60
29 60
60 80
38 60
51 60
48 60
60 88
41 60
60 70
44 60
60 79
54 60
60 74
3 72
3 40
1 3
3 86
3 32
3 82
3 42
3 12
3 83
3 18
3 29
3 76
3 9
3 8
3 48
3 35
2 3
5 9
5 51
5 48
5 35
5 41
5 89
5 87
5 49
5 22
5 43
5 23
3 5
5 79
0 50
50 55
50 72
40 50
1 50
50 53
50 52
47 50
50 86
50 81
42 50
50 65
50 83
18 50
45 50
50 76
38 50
8 50
50 51
35 50
41 50
5 50
44 50
23 50
13 72
13 53
13 86
13 16
13 42
12 13
13 37
13 18
13 45
13 80
13 38
8 13
13 51
13 35
2 13
5 13
13 70
0 78
55 78
72 78
40 78
1 78
53 78
52 78
47 78
78 86
32 78
78 81
16 78
78 82
42 78
46 78
65 78
37 78
18 78
29 78
45 78
78 80
8 78
51 78
35 78
2 78
21 78
44 78
23 78
78 89
24 78
0 62
55 62
62 72
40 62
1 62
53 62
52 62
47 62
62 81
16 62
42 62
12 62
62 83
17 62
45 62
62 76
9 62
51 62
48 62
35 62
2 62
5 62
44 62
62 78
62 79
3 62
33 62
24 62
0 36
36 55
36 72
36 40
1 36
36 47
32 36
16 36
36 65
30 36
36 37
17 36
36 45
36 76
9 36
8 36
36 48
36 88
36 41
21 36
36 70
36 79
13 36
36 54
33 36
24 36
36 89
27 82
12 27
27 83
17 27
27 45
27 76
27 38
8 27
11 27
27 48
2 27
5 27
27 44
27 78
13 27
27 54
27 33
0 31
31 55
31 72
31 40
1 31
31 53
31 52
31 47
31 86
31 81
31 65
30 31
31 83
18 31
31 45
31 80
9 31
8 31
31 51
31 88
31 41
5 31
31 44
23 31
31 79
3 31
31 33
31 89
31 87
0 58
55 58
58 72
40 58
1 58
53 58
52 58
47 58
58 86
32 58
58 81
16 58
46 58
12 58
37 58
18 58
45 58
58 80
38 58
8 58
11 58
58 88
2 58
5 58
44 58
23 58
13 58
58 74
31 58
2 84
21 84
23 84
79 84
13 84
74 84
3 84
31 84
84 89
39 72
39 86
39 81
39 82
39 42
39 65
39 83
18 39
39 45
39 80
9 39
8 39
11 39
39 88
39 41
5 39
39 44
39 78
39 54
39 74
3 39
39 84
36 39
22 39
42 68
12 68
37 68
18 68
45 68
68 76
38 68
9 68
11 68
48 68
41 68
21 68
44 68
68 78
13 68
54 68
33 68
31 68
36 68
22 68
19 72
19 47
19 81
19 82
19 46
19 65
19 37
18 19
19 29
19 76
19 38
8 19
11 19
19 35
19 41
5 19
19 44
19 78
19 79
19 74
19 33
19 31
19 84
19 22
19 68
19 20
6 72
6 47
6 32
6 16
6 42
6 12
6 37
6 18
6 29
6 76
6 38
6 9
6 48
6 35
6 41
6 21
6 23
6 78
6 79
3 6
6 33
6 24
6 36
6 89
6 66
6 20
6 19
34 82
12 34
34 83
18 34
34 45
34 76
34 80
8 34
11 34
34 35
2 34
21 34
34 70
23 34
34 79
34 74
3 34
24 34
34 84
34 89
34 66
64 72
40 64
53 64
64 86
32 64
64 82
46 64
30 64
64 83
18 64
29 64
45 64
9 64
8 64
11 64
64 88
41 64
21 64
44 64
23 64
64 79
64 74
33 64
31 64
36 64
64 89
64 66
2 67
21 67
67 70
23 67
67 79
67 74
3 67
31 67
36 67
22 67
67 68
64 67
6 67
67 69
39 67
50 67
58 67
0 28
28 55
28 72
28 40
1 28
28 47
28 32
28 81
28 82
12 28
28 37
18 28
28 45
28 76
28 38
28 51
28 48
28 35
2 28
5 28
28 44
23 28
13 28
3 28
28 33
28 31
28 36
28 89
28 66
20 28
28 60
28 69
4 28
28 34
28 57
0 75
55 75
72 75
40 75
53 75
75 86
32 75
75 81
65 75
12 75
37 75
17 75
29 75
75 76
38 75
9 75
48 75
35 75
2 75
21 75
70 75
75 78
54 75
74 75
31 75
24 75
75 84
75 89
66 75
20 75
6 75
69 75
4 75
34 75
58 75
28 75
75 87
71 75
0 26
26 55
26 72
26 40
1 26
26 53
26 52
26 47
26 86
26 32
26 81
16 26
26 82
26 42
26 46
12 26
26 83
17 26
26 29
26 76
26 80
8 26
11 26
26 35
2 26
5 26
26 44
23 26
26 79
26 54
26 33
24 26
26 89
22 26
26 68
26 64
6 26
26 60
26 39
26 50
26 57
26 87
26 85
26 73
10 86
10 16
10 82
10 65
10 37
10 17
10 29
10 80
9 10
8 10
10 51
10 35
10 41
5 10
10 70
10 78
10 13
10 54
3 10
10 31
10 36
10 89
10 68
10 20
10 60
10 61
4 10
10 50
10 58
10 28
10 87
10 71
10 26
25 72
16 25
25 65
25 30
25 37
17 25
25 45
25 76
25 80
25 51
11 25
25 35
25 41
5 25
25 70
23 25
25 79
25 54
3 25
25 31
25 84
25 89
25 68
25 64
6 25
25 61
4 25
25 50
25 57
25 58
25 85
25 71
25 27
14 42
12 14
14 37
14 18
14 45
14 76
14 38
8 14
14 51
14 35
14 41
14 21
14 44
14 23
13 14
14 54
14 33
14 24
14 36
14 89
14 66
14 20
6 14
14 61
4 14
14 50
14 34
14 28
14 85
14 73
14 25
14 19
51 77
2 77
41 77
70 77
23 77
77 78
54 77
74 77
33 77
31 77
77 84
22 77
66 77
64 77
6 77
61 77
4 77
50 77
57 77
58 77
77 87
73 77
25 77
43 77
15 42
15 65
15 83
15 17
15 45
15 80
9 15
8 15
15 51
15 35
15 41
5 15
15 70
15 79
15 54
15 74
15 33
15 24
15 36
15 89
15 68
15 64
6 15
15 69
4 15
15 34
15 57
15 87
15 85
15 73
15 26
15 19
15 77
0 63
55 63
63 72
40 63
53 63
47 63
32 63
63 81
63 82
12 63
37 63
18 63
45 63
63 80
38 63
9 63
48 63
63 88
2 63
21 63
63 70
63 78
63 79
54 63
3 63
31 63
63 84
63 89
63 66
20 63
60 63
61 63
39 63
50 63
58 63
28 63
63 87
63 73
26 63
19 63
15 63
27 63
7 29
7 76
7 80
7 8
7 48
7 88
2 7
7 21
7 70
7 79
7 13
7 54
7 33
7 31
7 84
7 22
7 68
7 64
7 60
7 61
4 7
7 39
7 34
7 87
7 85
7 71
7 26
7 19
7 15
7 63
7 75
7 14
7 67
59 72
16 59
59 82
59 65
18 59
17 59
29 59
59 80
38 59
51 59
48 59
59 88
2 59
5 59
59 70
59 78
13 59
59 74
33 59
24 59
36 59
22 59
59 66
20 59
59 64
59 61
59 69
50 59
57 59
28 59
59 87
59 71
26 59
19 59
59 77
10 59
49 59
27 59
7 59
56 59
49 63
63 67
10 63
15 49
15 62
15 67
14 77
56 77
10 77
75 77
14 75
14 49
14 62
14 56
25 49
25 62
19 25
25 43
10 25
10 56
10 62
10 27
26 67
26 56
26 75
43 75
62 75
27 75
56 75
19 28
27 28
28 67
28 62
28 73
28 85
67 85
67 73
43 67
49 67
27 67
56 67
64 69
60 64
39 64
61 64
34 64
64 71
50 64
58 64
56 64
64 87
6 34
34 69
34 39
34 62
34 56
34 71
34 58
34 57
34 87
27 34
34 73
6 71
6 85
6 43
6 73
6 69
6 61
6 58
19 69
19 39
19 50
19 57
19 85
19 71
19 43
19 27
39 68
27 68
57 68
4 68
43 68
60 68
58 68
66 68
20 68
68 71
61 68
39 60
39 69
4 39
39 43
39 56
39 87
39 57
39 71
39 58
27 39
58 84
84 87
69 84
49 84
20 84
43 84
22 84
61 84
60 84
50 84
56 84
36 58
58 89
58 60
58 85
58 87
49 58
56 58
43 58
58 71
31 71
31 56
27 31
31 43
20 31
31 69
27 36
27 89
20 27
27 60
27 61
4 27
27 85
27 71
27 62
4 36
36 73
36 66
36 62
36 85
36 57
36 71
22 62
62 66
20 62
60 62
61 62
4 62
57 62
62 85
62 73
43 62
49 62
13 78
56 78
54 78
71 78
22 78
74 78
78 87
78 85
4 78
57 78
61 78
13 89
13 87
13 54
13 69
13 71
13 24
13 20
13 50
13 85
13 22
13 73
13 33
3 13
13 56
50 54
3 50
24 50
22 50
50 66
50 60
50 69
4 50
49 50
50 85
50 73
43 50
5 74
5 66
5 85
5 44
5 54
3 70
3 79
3 54
3 89
3 4
3 57
3 73
3 22
3 66
3 43
3 56
3 60
3 69
24 60
22 60
56 60
4 60
57 60
49 60
60 61
43 60
43 70
4 70
66 70
23 70
44 70
20 70
70 85
49 70
70 71
61 70
61 79
61 74
33 61
24 61
22 61
61 69
61 85
57 61
61 73
61 87
21 33
21 23
21 73
21 24
21 56
21 22
21 49
21 69
21 57
24 44
24 54
24 33
24 89
24 49
24 57
4 24
24 66
22 24
24 87
24 73
24 85
44 88
33 88
2 88
79 88
56 88
57 88
73 88
85 88
49 88
2 89
2 87
2 43
2 71
2 56
2 73
2 66
2 79
2 74
2 85
44 74
74 79
74 89
22 74
49 74
20 74
74 85
71 74
43 74
69 74
56 74
33 74
11 71
11 73
11 20
11 33
11 35
11 54
11 79
11 57
11 41
11 23
11 56
35 89
35 87
35 43
35 44
35 66
4 35
22 35
35 69
23 35
35 54
8 54
4 8
8 51
8 57
8 66
8 73
8 69
51 89
51 87
43 51
44 51
33 51
51 56
20 51
23 51
51 71
51 85
51 79
49 51
48 85
33 85
22 85
66 85
20 85
69 85
56 85
4 48
22 48
48 69
41 48
20 48
22 23
22 89
22 73
22 56
22 69
22 49
22 57
38 56
38 73
38 54
9 38
38 69
4 38
38 49
38 41
38 79
4 41
4 23
4 79
4 54
4 89
4 20
4 69
4 73
4 49
57 76
49 76
69 76
23 76
71 76
20 76
76 80
76 79
41 76
80 89
80 87
43 80
44 80
33 80
56 80
66 80
73 80
54 80
20 80
23 80
17 56
17 23
17 54
17 41
17 33
17 79
17 29
17 45
17 57
17 49
17 66
45 79
44 79
79 89
20 79
43 79
49 79
66 79
57 79
37 71
37 45
33 37
29 37
29 89
29 87
29 43
29 44
29 69
29 71
29 57
29 73
20 29
9 29
29 66
41 69
44 69
23 69
66 69
56 69
49 69
69 71
9 83
20 83
54 83
18 20
20 41
20 33
20 89
20 73
20 57
20 87
20 49
20 43
12 45
12 71
12 54
12 33
9 12
18 71
9 71
41 71
33 71
71 89
57 71
71 87
43 71
49 71
30 45
9 18
9 45
9 89
9 87
9 43
9 44
9 66
9 33
9 57
9 41
9 49
33 65
54 65
45 65
45 54
41 54
44 54
54 89
54 73
54 87
54 57
54 66
33 46
45 46
33 45
33 41
33 44
23 33
33 89
33 49
42 45
45 89
45 87
43 45
44 45
41 45
45 56
23 45
45 49
18 49
23 49
49 66
49 57
49 87
43 49
16 56
16 66
16 73
16 57
16 23
16 41
18 41
41 89
41 87
41 43
41 44
41 57
66 81
73 81
57 81
56 81
18 23
23 89
23 56
23 87
23 73
23 43
23 66
32 56
32 73
32 66
32 57
18 66
66 89
66 87
66 73
56 66
73 86
57 86
56 86
18 57
44 57
43 57
56 57
47 56
18 73
44 73
73 87
43 73
56 73
52 56
18 56
43 56
18 89
18 87
18 43
18 44
44 89
44 87
43 44
43 89
87 89
