90 1201
51 69
22 51
21 69
21 22
51 81
21 81
36 69
22 36
36 81
35 69
22 35
35 81
35 51
21 35
35 36
28 69
22 28
28 81
28 35
51 87
21 87
28 87
36 87
20 69
20 22
20 81
20 35
20 87
62 69
22 62
62 81
35 62
51 62
21 62
28 62
36 62
69 84
22 84
81 84
35 84
84 87
62 84
51 63
21 63
36 63
28 63
61 69
22 61
61 81
35 61
61 87
61 62
61 63
29 51
21 29
28 29
29 36
67 69
22 67
67 81
35 67
67 87
62 67
63 67
29 67
1 67
56 67
17 51
17 21
17 36
17 28
17 61
58 69
22 58
58 81
35 58
58 87
58 62
58 63
29 58
1 58
56 58
17 58
22 82
81 82
35 82
62 82
1 82
51 64
21 64
28 64
36 64
35 59
59 63
56 59
59 64
59 82
69 70
22 70
70 81
35 70
70 87
62 70
63 70
29 70
56 70
64 70
51 71
21 71
28 71
36 71
68 71
18 22
18 35
18 62
18 29
1 18
18 82
44 51
21 44
36 44
28 44
39 69
22 39
39 81
35 39
39 87
39 62
1 39
39 64
39 44
39 70
10 17
10 82
10 71
10 18
83 87
62 83
56 83
82 83
71 83
18 83
51 83
21 83
16 69
16 81
16 35
16 63
1 16
16 17
12 22
12 35
12 62
12 63
12 56
12 17
12 51
12 21
12 36
12 28
13 69
13 22
13 81
13 35
13 87
13 62
13 63
13 29
13 56
13 64
12 13
13 71
13 83
38 82
18 38
57 82
57 71
10 57
51 57
21 57
38 57
20 57
11 82
11 18
11 57
26 44
26 70
26 83
26 51
21 26
20 26
10 45
26 45
40 69
22 40
40 81
35 40
40 87
40 62
40 63
29 40
40 56
17 40
40 44
40 71
10 40
26 40
40 51
21 40
40 89
51 89
48 83
3 71
3 18
3 10
3 38
3 51
3 21
3 48
44 85
18 85
57 85
3 85
22 79
79 81
35 79
63 79
1 79
79 82
12 79
18 79
57 79
26 79
3 79
51 79
21 79
7 87
7 63
7 56
7 17
7 12
7 70
7 57
3 7
7 79
7 48
7 72
7 45
35 77
63 77
1 77
64 77
12 77
18 77
77 83
38 77
77 79
21 77
51 77
75 77
71 74
70 74
74 83
38 74
3 74
74 89
74 77
27 83
26 27
27 40
37 87
29 37
1 37
37 82
12 37
18 37
37 83
3 37
37 48
37 89
37 51
27 37
37 58
1 47
47 64
12 47
47 71
47 57
38 47
40 47
37 47
22 54
54 81
35 54
54 62
54 56
54 64
44 54
54 70
54 83
26 54
3 54
48 54
54 77
51 54
35 66
63 66
1 66
66 82
12 66
66 70
57 66
26 66
3 66
21 66
54 66
27 66
51 66
12 88
18 88
10 88
57 88
79 88
48 88
77 88
66 88
86 87
62 86
1 86
82 86
12 86
70 86
10 86
38 86
79 86
21 86
72 86
45 86
58 86
67 86
3 14
14 89
14 77
14 27
14 86
40 76
21 76
76 77
66 76
58 76
34 69
22 34
34 81
34 35
34 87
34 62
1 34
34 64
34 44
34 70
10 34
34 38
3 34
34 89
34 77
27 34
34 75
10 24
24 26
24 40
24 48
24 37
24 27
24 58
24 34
24 67
11 24
20 24
24 74
0 24
24 51
24 88
8 79
8 21
8 77
8 54
8 75
8 76
8 68
8 13
8 24
8 39
7 8
19 69
19 22
19 81
19 35
19 87
19 62
19 56
17 19
12 19
19 70
19 83
19 38
3 19
19 48
19 72
19 27
19 58
19 34
11 19
19 20
22 23
23 35
23 87
23 63
1 23
23 64
23 44
23 71
23 83
23 26
23 79
23 89
23 77
23 45
23 66
23 76
35 73
62 73
56 73
17 73
71 73
70 73
73 83
38 73
40 73
21 73
72 73
27 73
58 73
34 73
73 74
13 73
16 73
46 71
18 46
46 57
26 46
46 79
46 89
37 46
46 54
46 58
46 76
46 73
11 46
50 72
45 50
50 75
34 50
50 73
46 50
6 69
6 22
6 81
6 35
6 87
6 62
6 63
6 29
1 6
6 64
6 44
6 70
6 83
6 26
6 40
6 48
6 37
6 66
6 86
12 65
65 70
10 65
38 65
40 65
65 89
54 65
27 65
58 65
20 65
9 48
9 37
9 54
9 27
9 66
9 65
9 67
9 11
9 23
10 32
32 38
32 79
21 32
32 72
32 45
32 86
32 76
32 67
11 32
6 32
24 32
32 36
9 32
32 59
32 50
32 85
23 30
30 32
7 30
49 62
49 63
49 56
17 49
12 49
49 71
49 70
49 57
3 49
49 89
49 77
27 49
49 75
49 67
49 73
46 49
23 49
39 49
49 74
30 49
35 60
29 60
56 60
60 82
44 60
18 60
10 60
26 60
48 60
21 60
60 72
60 66
60 75
34 60
60 68
11 60
20 60
39 60
7 60
30 60
40 42
21 42
42 54
42 45
42 58
42 76
42 68
42 46
6 42
39 42
7 42
22 55
35 55
55 62
29 55
1 55
17 55
44 55
55 71
10 55
38 55
48 55
55 89
55 72
27 55
55 75
55 76
55 73
11 55
23 55
32 55
55 74
19 55
55 84
14 55
15 69
15 22
15 81
15 35
15 87
15 63
15 56
15 17
15 82
15 18
15 83
15 26
15 40
15 37
15 54
15 27
15 75
15 65
15 68
13 15
6 15
15 24
41 69
22 41
41 81
35 41
41 87
41 62
41 63
29 41
1 41
41 82
12 41
41 70
41 83
41 57
41 79
41 89
37 41
41 54
41 58
41 65
41 68
11 41
20 41
22 53
35 53
53 62
29 53
53 56
17 53
12 53
53 71
53 57
3 53
40 53
37 53
53 72
53 66
53 58
53 65
53 67
46 53
23 53
39 53
19 53
33 70
33 38
33 79
33 37
33 54
33 45
33 75
33 76
33 68
11 33
23 33
33 53
7 33
30 33
5 82
5 70
5 83
5 38
5 40
5 37
5 77
5 54
5 75
5 34
5 68
5 13
5 23
5 53
5 16
5 74
5 60
5 85
40 80
21 80
72 80
45 80
58 80
76 80
68 80
13 80
6 80
24 80
16 80
74 80
5 80
80 84
22 31
31 81
31 62
31 63
31 56
31 82
12 31
31 70
31 83
3 31
31 40
31 89
31 77
31 45
31 75
31 34
31 68
11 31
20 31
31 53
16 31
31 55
31 60
31 80
4 86
4 65
4 67
4 13
4 6
4 39
4 7
4 19
4 28
4 84
4 42
43 57
38 43
43 79
43 89
43 72
43 45
43 86
43 65
43 68
43 46
6 43
43 53
7 43
30 43
8 43
43 80
4 43
2 23
2 39
2 41
2 74
2 8
2 28
2 4
2 31
2 49
2 43
2 50
2 14
43 59
15 43
43 47
36 43
25 41
25 30
25 60
25 84
4 25
25 36
25 47
25 61
25 85
25 59
4 15
4 31
31 51
15 31
31 33
31 59
66 78
65 78
68 78
46 78
20 78
32 78
7 78
30 78
8 78
78 80
0 78
9 78
14 78
51 78
33 78
50 78
59 80
61 80
80 85
5 33
5 51
0 5
5 47
5 59
0 33
33 88
33 42
33 49
35 52
29 52
1 52
52 82
12 52
52 70
10 52
26 52
3 52
21 52
52 77
52 66
52 86
34 52
52 67
13 52
6 52
52 53
16 52
52 74
52 55
52 84
52 88
9 52
51 52
49 52
47 52
33 52
0 53
47 53
53 88
41 53
16 41
41 51
41 61
41 50
15 41
41 47
41 74
19 41
15 55
8 15
0 15
15 59
15 47
15 36
42 55
50 55
55 88
42 60
28 42
9 42
42 85
42 61
14 42
49 60
9 60
50 60
60 84
0 49
49 88
14 49
49 61
9 30
30 88
30 36
14 32
28 32
9 16
9 28
9 88
9 47
9 36
28 65
6 65
13 65
0 65
65 68
7 65
65 74
6 67
6 20
6 61
6 47
6 84
6 59
6 50
50 84
0 50
50 51
50 85
50 59
46 85
46 61
28 46
23 46
16 46
46 74
59 73
11 73
39 73
23 73
14 73
36 73
47 73
14 23
23 28
23 85
19 23
8 19
19 28
0 19
19 85
19 61
19 51
19 59
8 14
8 28
8 61
8 36
24 39
24 84
7 24
11 34
34 88
34 36
34 67
34 85
34 51
34 76
61 76
59 76
39 76
14 76
16 76
47 76
13 14
14 74
14 28
14 88
14 61
0 86
86 88
68 86
16 86
74 86
51 86
61 86
47 86
67 88
13 88
16 88
0 88
51 88
59 66
36 66
61 66
28 66
66 85
11 66
54 61
0 54
20 54
47 54
54 68
54 84
27 47
11 47
47 74
28 47
47 85
37 61
37 45
28 37
37 84
37 59
27 72
27 51
27 58
27 74
27 67
27 75
39 74
28 74
68 77
77 85
16 77
67 77
51 75
59 75
36 75
39 75
7 75
13 75
7 67
7 13
7 20
0 7
7 36
36 79
79 85
68 79
20 79
28 79
48 79
21 85
58 85
67 85
16 85
51 85
36 85
0 3
3 58
3 59
48 51
48 72
48 67
21 48
48 84
39 48
13 48
11 48
0 48
72 89
51 72
39 72
13 72
58 72
36 72
11 72
13 89
16 89
67 89
84 89
68 89
16 40
11 40
40 61
40 45
21 45
45 51
39 45
16 45
11 45
0 45
13 45
20 45
26 28
11 26
26 58
26 59
26 84
11 20
11 84
57 67
57 58
57 68
16 57
0 57
38 51
21 38
13 38
38 67
38 39
38 61
36 38
13 20
13 36
0 13
13 59
12 58
12 16
12 67
12 20
16 18
16 83
16 20
16 39
16 59
16 84
59 83
10 83
61 83
10 51
10 21
10 84
10 36
10 39
10 28
0 10
10 68
21 39
20 39
39 61
39 51
44 61
18 44
44 84
0 44
18 51
18 21
18 28
18 36
18 20
18 84
0 18
18 58
18 68
68 84
61 68
0 68
70 71
61 71
67 71
51 70
21 70
28 70
36 70
59 70
21 59
59 61
64 84
64 67
0 64
64 82
51 82
21 82
36 82
28 82
61 82
20 82
58 82
51 58
58 84
28 58
20 58
17 20
17 67
17 84
67 84
51 67
28 67
29 84
20 29
29 61
1 61
56 61
36 61
63 84
20 63
1 63
1 84
56 84
28 84
36 84
20 62
1 20
20 56
20 21
20 51
20 36
1 87
1 28
28 56
21 28
1 35
1 36
36 56
21 36
1 81
1 21
21 56
21 51
1 22
1 51
51 56
0 51
1 69
1 56
0 56
