90 400
3 12
3 36
12 84
36 84
3 79
79 84
12 67
67 79
7 67
12 83
65 83
15 65
76 83
15 76
7 76
76 85
53 66
36 66
72 89
3 23
12 47
3 56
47 56
56 76
36 56
56 72
39 84
15 39
39 76
17 41
36 78
41 78
39 78
47 51
31 67
15 31
31 53
31 75
31 79
13 31
71 79
12 71
31 71
0 71
57 79
12 57
19 57
19 23
39 62
62 68
19 62
10 76
10 17
10 79
10 59
10 12
1 17
1 6
1 31
1 10
52 76
41 52
39 52
6 52
26 52
0 52
52 69
3 86
84 86
67 86
15 86
76 86
36 86
79 86
13 86
31 86
77 79
29 47
29 36
29 39
29 85
61 72
29 61
15 37
37 47
37 76
36 37
37 79
37 68
17 30
30 59
30 37
30 62
30 69
58 85
58 88
17 32
32 68
32 37
37 64
19 20
20 64
20 69
2 85
35 73
40 73
40 89
42 77
10 42
5 42
2 5
11 17
11 29
11 26
11 64
11 42
2 11
16 83
15 16
16 53
16 75
16 17
16 68
12 16
60 85
16 60
16 52
16 28
11 16
22 83
15 22
22 53
22 36
22 72
13 22
22 26
10 22
22 42
22 73
16 22
22 71
30 81
35 49
49 89
44 73
44 88
1 44
44 74
40 74
74 81
32 74
44 49
54 84
15 54
54 76
36 54
39 54
54 59
26 54
54 64
54 78
72 80
13 80
31 80
0 80
78 80
4 39
4 6
4 77
4 33
4 85
4 80
45 58
4 45
21 76
21 75
21 79
21 29
19 21
0 21
21 46
21 89
21 48
21 45
18 85
18 56
18 30
18 49
18 21
1 18
21 23
1 45
4 7
4 23
4 32
25 39
25 68
25 31
25 64
25 70
25 65
11 25
9 78
9 28
9 11
9 40
9 25
14 46
14 28
14 86
9 14
5 14
1 14
8 17
8 59
8 12
8 10
8 52
8 89
8 51
50 79
6 50
50 77
50 62
50 78
50 65
50 57
19 82
62 82
78 82
82 89
30 82
50 82
25 82
23 82
8 50
34 58
34 50
20 34
34 61
8 25
8 61
56 70
61 70
27 70
27 80
27 57
63 78
63 88
51 63
40 63
27 63
37 43
33 43
43 46
24 56
24 86
24 43
7 24
43 86
43 63
22 43
27 43
27 66
66 80
54 80
1 80
44 54
49 54
5 54
32 54
49 81
22 81
16 71
16 20
5 11
5 7
42 48
13 55
29 55
37 55
10 55
42 55
2 55
55 58
55 71
55 61
12 38
38 62
46 87
38 87
38 65
38 51
38 55
38 66
20 38
42 65
28 48
40 48
48 57
23 48
28 73
61 73
2 28
2 20
20 66
64 78
61 64
32 64
32 85
32 56
32 58
30 88
30 66
37 66
37 77
37 61
61 86
29 66
29 77
12 29
29 65
51 77
65 77
46 77
33 77
33 65
33 89
33 86
33 51
33 66
52 86
57 86
7 52
52 85
1 69
51 69
69 89
10 62
10 56
7 62
0 62
0 57
35 57
57 65
35 71
65 71
7 71
26 31
31 85
31 78
51 75
13 51
51 68
51 56
7 51
13 26
7 13
26 68
7 26
26 89
23 26
68 78
41 79
23 41
39 41
23 39
39 46
39 65
46 59
0 46
46 66
23 46
56 59
12 56
23 56
23 47
23 36
6 23
6 89
66 72
72 85
7 72
36 53
17 53
17 85
17 65
7 17
65 76
12 76
15 83
12 15
15 36
7 15
15 79
36 67
36 79
12 79
12 36
0 12
