90 1201
4 44
43 44
4 26
26 43
30 44
26 30
4 58
43 58
44 67
26 67
58 67
31 44
26 31
31 58
4 31
31 43
31 67
30 31
3 44
3 26
3 58
3 31
25 44
4 25
25 43
25 30
25 67
3 25
44 52
26 52
52 58
31 52
25 52
13 43
4 13
13 67
13 30
13 52
3 13
44 68
26 68
58 68
31 68
25 68
13 68
43 81
4 81
30 81
67 81
3 81
52 81
68 81
27 44
26 27
27 58
27 31
25 27
13 27
27 81
44 80
31 80
43 80
4 80
67 80
30 80
3 80
52 80
68 80
27 80
10 44
10 26
10 58
10 31
10 25
10 13
10 81
10 80
18 43
4 18
18 30
18 67
18 52
3 18
18 68
10 18
18 27
44 86
26 86
58 86
31 86
25 86
13 86
81 86
80 86
18 86
4 12
12 43
12 67
12 30
12 52
3 12
12 68
44 83
25 83
81 83
12 83
34 44
13 34
34 80
12 34
4 34
34 43
34 67
30 34
3 34
34 52
34 68
34 42
43 64
4 64
30 64
64 67
3 64
52 64
74 81
44 60
12 60
43 60
4 60
30 60
60 67
52 60
3 60
60 68
16 44
16 31
16 80
16 60
16 34
16 64
16 37
44 84
26 84
58 84
31 84
25 84
13 84
81 84
18 84
34 84
43 84
4 84
67 84
30 84
52 84
3 84
5 84
78 80
60 78
78 84
44 50
26 50
31 50
25 50
50 81
12 50
34 50
43 50
4 50
30 50
50 67
3 50
50 52
20 44
20 26
20 58
20 31
20 25
13 20
20 80
18 20
20 84
20 50
23 44
23 25
23 81
12 23
23 34
23 50
23 43
4 23
23 67
23 30
23 52
3 23
23 41
14 41
66 81
60 66
66 84
66 78
23 66
77 81
77 80
4 79
43 79
67 79
30 79
52 79
3 79
28 80
28 60
28 79
28 78
28 37
14 28
28 66
60 62
50 62
56 80
18 56
34 56
56 84
4 56
43 56
30 56
56 67
44 89
26 89
31 89
25 89
13 89
12 89
84 89
64 89
56 89
14 89
23 33
33 43
4 33
30 33
33 67
33 74
10 33
11 33
29 44
29 31
29 80
12 29
29 34
29 64
29 33
29 77
29 62
11 38
44 82
26 82
58 82
31 82
25 82
13 82
80 82
60 82
79 82
50 82
23 82
14 82
11 82
38 82
34 54
50 54
37 54
33 54
54 66
38 54
44 69
60 69
69 84
64 69
23 69
33 69
13 36
36 80
34 36
36 78
36 37
33 36
36 43
4 36
0 36
44 53
13 53
53 81
18 53
53 60
53 78
23 53
36 53
53 62
38 53
2 44
2 25
2 13
2 12
2 84
2 78
2 56
2 33
2 66
2 57
39 66
39 57
20 39
44 87
26 87
58 87
31 87
25 87
13 87
81 87
60 87
34 87
64 87
33 87
14 87
36 87
57 87
39 87
5 87
44 70
18 70
34 70
50 70
56 70
70 77
66 70
57 70
54 70
70 74
67 70
16 70
70 87
13 17
17 18
17 60
17 50
17 37
17 77
17 66
17 38
2 17
44 71
31 71
71 81
71 80
71 84
50 71
56 71
71 77
11 71
38 71
39 71
45 56
14 45
45 66
45 57
39 45
45 71
45 69
0 45
48 69
40 81
12 40
40 84
40 78
23 40
40 77
11 40
40 41
39 40
40 74
40 69
55 66
38 55
54 55
55 71
4 55
40 55
9 11
9 57
9 41
9 71
9 67
0 9
32 80
32 60
32 84
32 64
23 32
32 33
11 32
32 38
2 32
5 32
32 67
0 32
9 32
32 53
35 56
35 36
11 35
35 38
35 54
35 71
35 67
0 35
9 35
4 72
70 72
22 79
22 78
22 23
22 77
22 66
22 62
22 39
22 71
4 22
0 22
3 22
22 28
59 84
50 59
56 59
59 77
59 62
38 59
2 59
54 59
59 67
22 59
9 59
59 72
21 44
21 26
21 58
21 31
21 80
12 21
21 84
21 64
21 23
14 21
11 21
21 38
2 21
5 21
21 69
0 21
37 88
33 88
36 88
62 88
41 88
71 88
4 88
70 88
22 88
10 88
42 88
21 88
16 88
17 88
27 88
24 44
24 26
24 31
24 25
24 81
24 80
24 84
24 50
24 37
24 77
24 36
24 57
24 41
5 24
4 24
22 24
24 88
24 72
24 35
34 47
47 64
47 56
36 47
47 66
38 47
2 47
5 47
47 69
47 70
47 48
44 49
25 49
13 49
12 49
49 79
49 78
23 49
14 49
11 49
38 49
39 49
49 71
4 49
49 70
48 49
49 89
43 49
16 49
1 79
1 64
1 56
1 14
1 62
1 41
1 54
1 74
1 67
1 40
1 48
1 49
1 35
1 55
44 75
58 75
31 75
25 75
75 80
12 75
34 75
50 75
37 75
36 75
11 75
57 75
54 75
74 75
69 75
40 75
9 75
53 75
7 13
7 12
7 34
7 78
7 37
7 77
7 11
7 41
7 39
7 74
7 67
7 70
7 9
7 72
7 16
7 10
51 66
51 57
51 54
51 71
4 51
51 70
9 51
51 88
7 51
35 51
51 75
51 86
44 76
26 76
31 76
25 76
76 81
18 76
60 76
50 76
56 76
36 76
66 76
38 76
2 76
74 76
69 76
40 76
9 76
49 76
21 76
47 76
76 89
76 86
30 76
65 69
65 70
48 65
65 72
16 65
35 65
65 89
30 65
65 76
20 65
3 65
44 85
25 85
13 85
12 85
84 85
78 85
56 85
33 85
66 85
57 85
54 85
74 85
69 85
40 85
85 88
49 85
21 85
35 85
47 85
85 86
68 85
20 85
56 73
73 77
36 73
57 73
2 73
71 73
67 73
70 73
22 73
53 73
21 73
55 73
27 73
73 86
73 76
29 73
44 63
12 63
60 63
63 64
56 63
63 77
63 66
57 63
54 63
63 71
63 69
0 63
48 63
63 72
7 63
47 63
63 75
1 63
15 84
15 78
15 37
15 77
15 62
15 41
2 15
5 15
15 69
15 70
15 48
15 53
7 15
15 43
15 89
15 30
16 46
43 46
46 89
1 46
15 46
10 46
3 46
6 44
6 58
6 31
6 25
6 13
6 60
6 34
6 64
6 56
6 77
6 62
6 41
6 39
6 54
4 6
6 40
6 48
6 53
6 7
6 55
6 75
6 86
6 15
6 42
6 73
6 17
6 52
6 32
6 46
6 87
46 59
46 82
2 8
5 8
8 67
0 8
8 22
8 49
8 21
8 35
8 47
1 8
8 68
8 20
8 73
8 59
8 51
8 46
8 28
8 24
46 83
15 20
15 59
44 61
26 61
58 61
31 61
25 61
13 61
61 81
18 61
61 79
61 78
23 61
33 61
36 61
41 61
39 61
5 61
61 69
22 61
61 88
53 61
7 61
55 61
27 61
1 61
15 61
10 61
3 61
61 87
61 65
45 61
19 44
19 26
19 58
19 31
19 25
13 19
19 80
19 60
19 79
19 50
19 56
19 77
11 19
19 57
2 19
19 74
19 69
19 40
9 19
19 53
7 19
19 43
19 75
19 86
19 68
10 19
3 19
19 59
19 61
19 28
19 32
19 45
61 83
15 28
15 17
15 63
20 63
63 73
63 82
24 63
51 63
32 63
45 63
73 85
17 73
52 73
59 85
45 85
24 85
65 85
51 85
17 65
45 65
32 65
76 82
51 76
52 76
32 76
29 76
42 51
17 51
24 51
51 52
7 43
7 86
7 27
7 75
47 75
20 75
3 75
1 75
75 86
75 82
32 75
1 87
1 59
1 32
1 3
1 10
10 49
20 49
49 68
30 49
47 49
49 86
21 47
47 55
24 47
45 47
28 47
30 47
47 68
24 27
24 86
24 68
10 24
17 24
24 52
52 88
82 88
87 88
21 72
21 52
3 21
21 45
21 59
21 68
21 29
20 21
55 59
59 89
29 59
20 59
59 82
22 42
22 27
22 53
20 22
22 72
22 29
42 72
3 72
35 72
72 83
53 72
55 72
29 72
16 35
35 42
32 35
35 68
35 83
35 86
32 55
20 32
32 82
32 83
9 68
9 55
3 9
9 82
9 89
9 53
16 55
17 55
42 55
20 55
10 55
30 40
40 48
40 43
20 40
16 40
40 83
17 40
40 86
45 48
48 83
30 48
43 48
48 87
48 86
28 48
45 53
45 89
30 45
29 45
42 45
45 52
43 71
28 71
17 71
71 83
16 71
5 71
27 71
17 70
17 53
16 17
17 27
17 86
10 17
17 52
3 70
70 82
0 70
0 87
16 87
43 87
27 87
68 87
42 87
3 87
82 87
28 87
83 87
39 68
2 39
0 39
39 52
39 86
39 74
39 67
5 39
2 28
2 42
2 4
2 53
2 16
2 3
2 27
53 74
53 67
52 53
27 53
28 53
36 42
36 83
30 36
36 67
5 36
10 36
36 69
57 69
54 69
69 74
30 69
68 69
52 69
54 83
54 82
29 54
30 54
43 54
54 89
54 86
5 82
67 82
16 82
43 82
82 86
10 82
28 82
27 38
38 41
38 83
30 38
29 38
10 38
29 74
4 29
0 29
29 43
27 29
29 30
10 29
29 83
29 42
28 29
3 33
14 33
27 33
33 68
11 14
11 43
4 11
11 67
0 11
11 62
11 83
3 11
11 89
62 89
5 89
4 89
0 89
16 89
43 89
10 89
68 89
42 89
28 89
56 62
56 83
52 56
14 62
62 74
42 62
52 62
43 62
27 62
57 62
4 62
16 62
30 62
62 67
57 86
28 57
52 57
20 57
0 57
28 67
16 28
27 28
20 28
28 83
74 79
77 79
68 79
79 86
10 79
64 77
23 77
43 77
4 77
30 77
67 77
66 77
74 77
5 77
43 66
4 66
66 86
20 66
66 68
41 66
41 68
41 74
41 42
41 43
4 41
5 41
16 41
3 41
10 41
14 23
20 23
23 68
14 20
5 20
20 67
20 30
27 50
50 78
10 50
50 83
43 78
4 78
67 78
30 78
3 78
52 78
5 78
68 78
78 86
14 78
5 37
4 5
5 74
5 10
3 5
5 42
14 84
14 43
4 14
14 67
14 30
14 86
10 14
14 52
14 16
16 30
16 83
60 74
27 60
64 74
52 74
0 74
68 74
30 74
67 74
42 64
37 42
42 67
27 42
42 68
3 42
42 52
34 83
27 34
4 83
27 83
30 83
10 83
3 83
10 12
12 86
37 86
4 86
4 10
0 10
27 37
4 27
27 43
27 52
0 68
30 68
3 68
0 52
43 52
30 52
3 37
3 43
37 67
43 67
4 67
30 58
30 37
30 43
37 43
4 37
0 4
0 37
