90 1201
43 70
70 79
43 45
70 78
45 78
0 78
6 70
6 45
0 6
6 43
44 70
44 45
0 44
6 44
2 43
2 44
2 79
2 78
38 70
38 45
0 38
6 38
2 38
30 43
30 44
30 78
30 79
70 75
45 75
0 75
6 75
2 75
30 75
43 72
72 78
72 79
44 72
38 72
72 75
60 70
45 60
0 60
6 60
2 60
30 60
60 72
31 70
6 31
31 72
31 43
31 44
31 79
31 78
31 38
31 75
31 60
51 70
45 51
0 51
6 51
2 51
30 51
51 72
31 51
20 43
20 79
20 44
20 78
20 38
20 75
20 51
20 60
54 70
45 54
6 54
30 54
31 54
20 54
26 70
6 26
26 30
31 41
41 43
41 44
41 78
41 79
38 41
41 75
72 74
41 74
1 30
1 31
1 43
1 78
1 79
1 44
1 75
1 38
1 60
56 70
6 56
30 56
20 56
1 56
43 84
78 84
44 84
79 84
38 84
75 84
1 13
13 84
13 79
13 75
18 43
18 44
6 40
30 40
40 72
31 40
40 41
40 84
70 80
45 80
0 80
6 80
2 80
30 80
72 80
20 80
41 80
4 70
4 45
4 6
2 4
4 30
4 31
1 4
4 43
4 78
4 44
4 79
31 48
20 48
26 48
4 48
48 80
5 70
5 45
5 6
2 5
5 30
5 72
5 31
5 20
1 5
4 5
5 80
5 75
5 43
5 44
5 78
77 80
5 77
18 77
46 72
20 46
41 46
4 46
46 80
46 79
43 50
44 50
50 78
15 30
15 41
15 26
4 15
15 79
15 75
15 50
15 51
33 79
21 43
21 44
21 78
70 89
45 89
6 89
2 89
30 89
31 89
41 89
26 89
79 89
21 89
18 89
33 89
6 87
2 87
31 87
20 87
41 87
4 87
80 87
75 87
33 87
51 87
43 87
17 70
17 45
0 17
6 17
2 17
17 30
17 72
17 31
1 17
17 26
17 80
17 79
17 50
17 51
17 87
17 40
42 70
42 45
6 42
2 42
42 72
20 42
41 42
26 42
42 79
21 42
42 50
42 51
42 73
40 42
3 41
3 26
3 80
3 21
3 18
3 33
45 55
6 55
30 55
20 55
41 55
55 84
4 55
55 75
18 55
33 55
43 55
30 88
41 88
26 88
84 88
79 88
5 88
50 88
51 88
55 88
40 88
88 89
32 80
32 75
32 33
32 46
32 73
24 70
24 45
0 24
6 24
2 24
24 30
24 72
20 24
24 41
4 24
24 79
5 24
18 24
24 33
24 87
24 52
24 89
70 71
45 71
6 71
2 71
71 72
31 71
1 71
4 71
71 79
21 71
50 71
46 71
71 73
23 70
23 45
6 23
2 23
23 72
23 41
1 23
23 26
23 79
5 23
18 23
23 33
23 55
23 73
23 43
23 48
25 70
6 25
25 72
20 25
1 25
4 25
25 80
25 75
25 50
25 51
25 55
23 25
25 42
25 88
3 25
34 79
21 34
5 34
34 46
34 55
34 52
34 42
34 88
34 44
81 87
40 81
81 89
12 42
68 70
6 68
31 68
20 68
1 68
26 68
68 79
21 68
50 68
51 68
68 73
40 68
68 89
12 68
13 68
43 68
1 29
26 29
4 29
29 75
29 33
29 51
29 87
29 40
6 66
2 66
66 72
20 66
26 66
4 66
66 79
21 66
18 66
46 66
55 66
23 66
29 66
32 66
3 66
58 80
58 75
5 58
51 58
58 73
52 58
42 58
12 58
13 58
58 66
58 67
5 9
9 33
9 87
9 40
9 42
9 12
9 13
9 34
9 67
18 65
46 65
65 87
23 65
29 65
32 65
65 71
65 66
65 67
9 65
59 67
9 59
54 59
59 78
79 86
75 86
18 86
51 86
55 86
40 86
86 89
32 86
3 86
43 86
81 86
56 86
59 86
38 86
74 86
28 46
23 28
28 42
28 32
28 71
28 34
28 67
4 85
5 85
18 85
51 85
73 85
52 85
85 89
12 85
34 85
43 85
49 55
40 49
42 49
12 49
3 49
17 49
48 49
35 73
35 40
29 35
35 88
13 35
35 66
35 49
9 35
35 59
35 78
35 38
5 83
46 83
73 83
52 83
29 83
32 83
71 83
17 83
49 83
7 50
7 33
7 73
7 52
7 89
7 12
7 13
7 66
7 81
6 62
2 62
30 62
20 62
1 62
62 84
62 79
5 62
50 62
46 62
55 62
52 62
62 89
62 88
13 62
43 62
49 62
7 62
48 62
38 62
5 37
37 51
37 55
37 40
32 37
37 88
37 71
37 43
37 49
9 37
37 48
15 37
37 86
16 17
9 16
16 85
57 70
45 57
6 57
2 57
30 57
57 72
31 57
41 57
1 57
57 84
4 57
57 79
5 57
51 57
57 87
40 57
29 57
12 57
57 71
34 57
17 57
56 57
48 57
6 47
31 47
1 47
26 47
47 79
21 47
33 47
47 51
47 55
47 73
47 89
47 88
13 47
43 47
47 67
7 47
47 59
47 57
37 47
47 58
10 42
10 32
3 10
10 43
10 81
10 56
10 85
10 78
10 37
10 65
27 31
27 41
1 27
26 27
27 80
27 75
18 27
27 33
27 87
27 73
27 42
27 32
3 27
27 66
27 49
7 27
27 85
15 27
27 86
27 58
10 27
27 47
24 27
64 70
6 64
64 72
31 64
26 64
4 64
64 80
21 64
50 64
46 64
55 64
23 64
64 89
32 64
3 64
17 64
64 81
7 64
64 78
57 64
53 87
52 53
29 53
53 71
13 53
53 66
17 53
53 56
53 85
53 78
38 53
24 53
14 50
14 51
14 73
14 23
14 89
12 14
13 14
14 43
14 17
14 56
14 59
14 15
14 53
14 58
22 89
22 88
3 22
22 43
22 81
22 85
22 59
15 22
22 38
22 83
22 54
70 82
6 82
31 82
41 82
26 82
4 82
80 82
75 82
5 82
46 82
55 82
23 82
52 82
12 82
3 82
66 82
67 82
56 82
59 82
57 82
37 82
82 83
22 82
5 63
46 63
55 63
23 63
29 63
63 71
13 63
63 66
49 63
7 63
48 63
63 78
63 86
63 83
10 63
63 82
50 76
33 76
76 87
40 76
29 76
12 76
71 76
43 76
49 76
7 76
76 78
15 76
76 86
65 76
36 70
36 45
6 36
2 36
36 72
31 36
36 41
4 36
36 79
5 36
36 50
36 51
36 46
36 52
29 36
36 88
3 36
36 66
36 81
36 56
36 48
36 38
36 86
36 65
5 19
19 51
19 73
19 52
19 89
12 19
13 19
17 19
19 67
7 19
19 48
15 19
19 86
19 36
10 19
19 22
19 63
19 44
1 69
69 84
69 80
69 79
33 69
51 69
55 69
23 69
29 69
69 88
13 69
43 69
69 81
7 69
69 78
15 69
69 86
69 83
25 69
63 69
19 69
28 69
44 69
69 77
69 76
27 69
19 60
14 19
19 28
24 36
8 70
6 8
8 72
8 31
1 8
8 26
4 8
8 21
5 8
8 46
8 87
8 40
8 42
8 32
8 71
8 17
8 49
8 9
8 85
8 15
8 53
8 36
8 25
8 47
8 24
8 64
39 42
39 88
34 39
39 66
39 67
39 56
39 78
39 57
37 39
39 83
25 39
39 47
24 39
39 60
61 73
23 61
42 61
61 88
13 61
61 66
61 81
7 61
61 85
57 61
38 61
61 83
10 61
47 61
24 61
28 61
39 61
35 61
61 74
8 61
14 39
27 39
8 39
8 14
8 77
36 74
36 60
28 36
36 76
16 36
63 76
24 76
64 76
76 82
54 76
76 77
16 63
14 63
63 74
68 82
60 82
54 82
77 82
44 82
14 22
22 74
22 62
22 24
22 68
14 60
14 35
14 16
25 53
53 58
53 64
53 60
53 65
44 53
64 65
10 64
62 64
24 64
64 77
27 64
64 74
16 27
27 54
10 77
10 68
10 47
47 60
35 47
28 47
24 57
11 70
6 11
11 72
11 41
1 11
11 26
11 80
11 79
5 11
11 46
11 55
11 40
11 29
11 32
11 71
11 43
11 49
9 11
11 48
11 57
11 37
11 65
11 25
11 62
11 68
11 28
11 44
11 35
11 16
11 54
54 57
57 83
16 57
57 68
16 37
16 58
16 68
16 60
16 74
37 62
37 54
37 68
58 62
25 62
44 62
62 74
62 77
54 62
7 24
7 60
7 83
7 77
59 83
83 86
60 83
68 83
35 83
25 35
35 68
28 35
35 74
25 49
49 85
49 60
49 81
9 85
28 85
15 85
48 85
38 85
24 85
28 48
28 38
28 86
28 58
28 44
44 59
59 65
58 59
15 65
65 77
25 65
58 65
54 65
9 58
9 44
9 38
9 56
9 54
15 58
58 77
44 58
44 66
66 77
66 78
66 74
29 67
29 77
15 29
29 44
29 54
29 78
29 32
67 88
3 67
34 67
67 74
67 68
15 67
38 67
67 77
56 68
68 78
54 68
68 77
12 15
12 17
12 13
12 38
12 44
12 81
34 81
43 81
44 81
54 81
24 81
15 81
25 81
15 34
34 77
17 34
24 34
34 60
34 43
34 48
25 34
25 48
25 38
25 44
24 25
23 60
23 77
23 56
23 78
23 89
23 71
42 71
32 71
24 71
43 71
48 71
71 78
54 71
3 71
3 24
43 52
44 52
15 52
38 52
32 52
3 52
48 52
32 74
3 32
32 56
32 77
32 88
48 88
78 88
60 88
54 88
13 55
3 55
40 55
55 74
3 42
3 43
3 17
3 56
42 60
42 43
42 89
17 42
17 38
17 54
15 17
17 56
17 78
77 87
73 87
48 87
87 89
60 87
54 87
38 87
44 87
13 89
56 89
38 89
74 89
21 33
18 33
33 43
33 51
33 73
33 40
33 48
33 60
33 74
51 73
43 73
73 78
15 73
56 73
15 74
48 50
50 60
50 56
46 50
43 46
46 54
38 46
46 56
46 77
46 78
13 46
77 78
38 77
5 48
48 56
48 60
48 74
4 75
4 38
4 80
4 74
43 80
78 80
44 80
79 80
56 80
51 80
75 80
60 80
40 80
40 75
18 40
40 43
13 40
40 54
40 74
13 18
18 74
18 54
18 38
18 78
13 74
13 60
13 38
54 84
51 84
56 84
56 75
43 56
56 78
56 74
1 74
1 51
26 74
74 75
44 74
41 60
26 41
41 51
26 43
26 44
26 78
26 79
26 38
26 75
26 54
26 60
54 79
54 75
54 60
51 75
43 51
44 51
60 75
38 60
75 79
43 75
44 75
75 78
38 75
30 38
38 79
44 79
44 78
6 78
6 79
78 79
45 79
0 79
43 79
0 43
