90 1602
34 41
34 40
41 77
40 77
41 69
40 69
34 69
69 77
41 70
40 70
69 70
41 81
40 81
69 81
34 81
77 81
70 81
41 78
40 78
69 78
78 81
40 42
42 69
42 81
34 42
42 77
42 78
42 70
41 80
40 80
69 80
80 81
42 80
27 69
27 81
27 42
27 34
27 77
27 70
27 78
27 80
41 62
40 62
62 69
62 81
42 62
27 62
44 69
44 81
34 44
44 77
44 70
44 78
44 80
36 41
36 40
36 69
36 81
36 42
27 36
36 44
15 34
15 77
15 78
15 70
15 80
15 36
15 62
32 41
32 40
32 69
32 81
32 42
27 32
32 44
15 32
28 69
28 81
28 34
28 77
28 78
28 70
28 62
28 36
28 80
41 43
40 43
43 69
43 81
42 43
27 43
43 44
15 43
28 43
34 43
43 77
43 78
43 70
43 80
43 62
36 43
41 53
40 53
53 69
53 81
42 53
27 53
44 53
15 53
28 53
43 53
7 34
7 77
7 70
7 78
7 80
7 62
7 36
7 32
7 53
41 64
40 64
64 69
64 81
42 64
27 64
44 64
15 64
28 64
43 64
7 64
41 49
40 49
49 69
49 81
42 49
27 49
44 49
28 49
43 49
34 49
49 77
49 70
49 78
36 49
49 80
49 62
32 49
49 53
41 71
40 71
69 71
71 81
42 71
27 71
44 71
15 71
28 71
43 71
7 71
49 71
20 69
20 28
20 43
20 49
20 34
20 77
20 78
20 70
20 62
20 80
20 36
20 53
20 32
20 64
41 61
40 61
61 69
61 81
42 61
27 61
44 61
15 61
28 61
43 61
7 61
49 61
20 61
46 69
46 81
42 46
28 46
43 46
20 46
34 46
46 77
46 70
46 78
46 62
36 46
46 80
32 46
46 53
41 48
40 48
48 69
48 81
42 48
27 48
44 48
15 48
28 48
43 48
7 48
48 49
20 48
46 48
11 34
11 77
11 78
11 70
11 62
11 80
11 36
40 50
50 69
50 81
44 50
49 50
46 50
11 50
17 34
17 77
17 78
17 70
17 80
17 36
17 62
17 57
39 41
39 40
39 69
39 81
39 42
27 39
39 44
15 39
28 39
39 43
7 39
39 46
13 34
13 77
13 70
13 78
13 36
13 80
13 62
13 32
13 53
58 69
28 58
7 58
13 58
11 58
69 89
15 89
49 89
46 89
13 89
11 89
34 89
77 89
70 89
78 89
80 89
36 89
62 89
41 68
40 68
68 69
68 81
42 68
27 68
44 68
15 68
28 68
43 68
7 68
20 68
13 29
29 34
29 77
29 70
29 78
29 80
29 62
29 36
29 32
29 53
18 40
18 69
18 81
18 42
18 27
18 28
7 18
18 49
18 29
17 18
41 59
40 59
59 69
59 81
42 59
27 59
44 59
15 59
28 59
43 59
49 59
20 59
11 59
17 59
34 59
59 77
59 78
59 70
59 62
12 69
12 81
12 43
12 20
11 12
12 59
30 41
30 40
30 69
30 81
30 42
30 44
7 30
20 30
29 30
17 30
30 34
30 77
30 78
30 70
21 41
21 40
21 69
21 81
21 42
21 27
21 44
15 21
7 21
21 46
13 21
21 89
21 30
22 41
22 40
22 69
22 81
22 42
22 27
22 44
15 22
7 22
22 46
13 22
22 89
22 59
22 30
22 34
22 77
30 63
22 63
57 63
69 85
81 85
42 85
28 85
43 85
20 85
29 85
11 85
19 34
19 77
19 78
19 70
54 69
44 54
43 54
20 54
11 54
54 89
19 54
22 54
54 78
54 85
69 88
46 88
29 88
17 88
59 88
22 88
78 88
85 88
34 88
1 30
7 14
14 46
11 14
14 17
14 30
14 34
14 77
14 78
14 70
41 82
40 82
69 82
81 82
42 82
27 82
44 82
28 82
43 82
46 82
13 82
17 82
59 82
14 82
57 82
18 82
82 88
59 73
30 73
21 73
73 85
7 9
9 49
9 13
9 17
9 59
9 14
9 78
9 18
9 34
9 77
9 36
8 43
8 20
8 29
8 11
8 19
8 14
8 21
8 78
8 9
8 73
7 75
20 75
29 75
75 89
30 75
22 75
57 75
75 78
75 88
41 47
40 47
47 69
47 81
42 47
27 47
44 47
28 47
47 49
20 47
13 47
47 89
19 47
22 47
21 47
47 85
9 47
34 47
47 71
41 84
40 84
69 84
81 84
27 84
15 84
49 84
20 84
29 84
84 89
59 84
14 84
21 84
78 84
9 84
47 84
48 84
2 43
2 49
2 13
2 89
2 30
2 22
2 21
2 18
2 85
2 77
2 75
40 67
67 69
67 81
42 67
27 67
44 67
43 67
49 67
13 67
11 67
19 67
22 67
57 67
67 78
9 67
67 77
67 75
67 82
67 70
5 21
5 18
5 88
5 77
5 67
2 5
66 69
46 66
13 66
17 66
30 66
22 66
57 66
66 78
66 88
66 73
66 75
66 67
41 76
40 76
69 76
76 81
27 76
15 76
43 76
49 76
29 76
76 89
19 76
30 76
57 76
18 76
9 76
47 76
48 76
67 76
76 82
43 86
46 86
29 86
11 86
59 86
22 86
21 86
18 86
9 86
47 86
75 86
7 56
49 56
13 56
17 56
30 56
14 56
56 78
56 85
56 88
47 56
48 56
23 43
23 46
23 29
23 89
19 23
14 23
21 23
18 23
23 88
23 77
23 48
23 56
23 76
16 49
16 20
16 29
16 89
16 30
14 16
16 78
16 85
16 88
16 47
16 48
16 56
16 76
16 32
6 19
6 22
6 78
6 18
6 9
6 77
6 75
6 56
6 16
6 86
6 63
6 36
6 54
6 70
6 58
51 69
51 81
42 51
28 51
43 51
46 51
29 51
17 51
30 51
14 51
21 51
51 85
51 88
47 51
48 51
51 56
51 66
51 82
51 86
12 51
51 61
51 70
51 58
41 83
40 83
69 83
81 83
42 83
27 83
44 83
15 83
28 83
43 83
7 83
20 83
29 83
83 89
19 83
22 83
57 83
83 85
9 83
47 83
48 83
67 83
76 83
83 86
63 83
12 83
54 83
5 83
51 83
23 83
33 73
33 77
33 48
33 67
33 76
33 82
1 33
12 33
33 61
33 50
33 58
33 51
59 72
30 72
21 72
72 78
72 88
72 77
72 75
67 72
2 72
16 72
1 72
25 29
25 89
19 25
14 25
25 57
18 25
25 85
25 47
25 75
25 56
2 25
16 25
25 63
25 53
25 36
35 57
18 35
35 73
35 47
35 48
35 67
2 35
16 35
35 63
25 35
35 61
35 70
40 74
69 74
74 81
42 74
27 74
44 74
49 74
46 74
13 74
74 89
59 74
30 74
74 78
18 74
74 88
47 74
74 75
56 74
74 76
74 82
74 86
12 74
36 74
50 74
57 79
78 79
79 88
77 79
48 79
56 79
2 79
79 86
1 79
25 79
36 79
5 79
74 79
34 79
53 79
31 63
12 31
31 54
31 50
31 70
23 31
31 53
31 79
31 80
45 76
45 86
45 63
36 45
45 61
45 70
45 58
34 45
45 53
45 79
3 59
3 22
3 78
3 85
3 73
3 47
3 77
3 67
3 66
3 16
3 63
3 36
3 61
3 70
3 74
3 23
3 53
3 83
41 87
40 87
69 87
81 87
42 87
27 87
44 87
15 87
28 87
43 87
7 87
49 87
20 87
46 87
29 87
17 87
19 87
22 87
21 87
85 87
9 87
73 87
75 87
56 87
66 87
82 87
86 87
25 87
54 87
50 87
74 87
23 87
33 87
72 87
3 87
45 87
39 87
32 87
84 87
48 65
56 65
65 66
65 86
1 65
25 65
61 65
50 65
65 74
51 65
65 83
65 72
3 65
65 80
7 60
46 60
13 60
11 60
59 60
14 60
21 60
60 85
60 88
60 73
60 77
60 67
60 76
60 86
1 60
12 60
54 60
50 60
60 74
51 60
53 60
60 83
3 60
60 80
24 69
24 81
24 27
24 28
24 43
24 49
24 29
24 89
19 24
22 24
24 57
24 78
24 88
24 77
24 48
24 56
24 66
24 82
24 63
24 25
24 54
24 70
24 58
24 34
24 33
24 79
24 72
24 80
24 60
49 52
13 52
29 52
52 89
52 59
22 52
21 52
52 78
52 85
52 73
52 75
52 56
52 76
16 52
1 52
36 52
52 54
5 52
51 52
23 52
52 53
52 72
6 52
45 52
39 52
37 69
37 81
37 43
37 46
11 37
37 89
37 59
30 37
37 57
18 37
37 85
37 73
37 48
2 37
37 66
37 82
37 86
36 37
37 61
5 37
37 58
34 37
33 37
37 72
6 37
37 45
37 52
26 30
14 26
21 26
18 26
9 26
26 47
26 48
26 56
26 76
26 82
26 63
12 26
26 50
5 26
26 74
23 26
26 53
26 83
6 26
26 80
26 39
26 52
26 37
8 26
41 55
40 55
55 69
55 81
42 55
27 55
44 55
15 55
28 55
43 55
49 55
46 55
13 55
55 89
55 59
22 55
21 55
18 55
55 88
55 73
48 55
55 67
2 55
16 55
55 63
12 55
55 61
55 70
55 74
34 55
55 83
55 79
3 55
45 55
55 60
26 55
37 55
55 68
0 55
55 62
4 40
4 69
4 81
4 28
4 43
4 20
4 13
4 17
4 59
4 30
4 78
4 85
4 9
4 47
4 48
2 4
4 66
4 86
1 4
4 36
4 54
4 50
4 58
4 51
4 53
4 83
3 4
4 80
4 39
4 52
4 32
4 31
38 41
38 40
38 69
38 81
38 42
27 38
38 44
15 38
38 43
20 38
13 38
38 89
19 38
14 38
38 57
18 38
38 88
38 73
38 77
2 38
38 66
16 38
1 38
36 38
38 50
5 38
38 58
38 51
33 38
38 79
6 38
10 88
10 47
10 75
10 56
10 76
10 82
10 63
10 25
10 61
5 10
10 74
10 34
10 33
10 83
10 80
10 45
10 35
0 10
10 62
10 68
10 38
10 71
10 31
10 32
38 60
32 38
37 38
31 38
8 38
4 38
24 38
38 71
4 62
4 55
4 35
55 64
26 68
26 31
0 26
37 62
8 37
35 37
0 37
52 71
35 52
24 52
52 65
24 84
24 65
24 62
24 35
8 24
60 64
35 60
60 84
60 68
60 65
32 65
31 65
65 87
65 68
62 65
0 87
71 87
8 87
64 87
3 68
3 45
3 39
3 32
3 35
39 45
8 45
31 45
32 45
31 84
31 35
31 64
72 79
64 79
0 79
79 80
35 79
62 79
72 74
64 74
74 80
62 74
0 74
35 74
23 35
33 35
0 35
8 35
25 71
25 64
25 61
25 72
5 25
0 25
25 62
25 34
23 25
54 72
70 72
51 72
33 72
6 72
32 72
72 84
71 72
0 72
33 83
33 84
0 33
33 39
8 33
62 83
68 83
39 83
8 83
34 51
39 51
6 51
23 51
51 62
6 34
6 84
6 71
6 80
6 8
6 62
6 64
16 62
16 84
0 16
16 34
12 16
16 54
16 23
16 80
16 63
16 82
23 86
23 61
23 50
23 70
23 32
23 64
23 53
0 23
23 80
36 56
56 61
56 86
39 56
56 68
12 56
53 56
8 56
76 86
53 86
8 86
1 86
58 86
50 86
5 86
0 86
50 76
34 76
76 84
12 76
66 76
58 76
54 76
64 76
66 70
1 66
5 66
66 71
39 66
66 80
63 66
0 66
8 66
62 66
36 66
5 82
5 36
5 39
5 70
5 58
5 32
5 53
0 5
5 80
5 84
53 67
63 67
2 67
67 80
1 67
58 67
50 67
34 67
32 67
2 84
2 82
2 64
2 62
2 54
2 70
0 2
2 71
2 53
2 68
2 61
1 84
12 84
54 84
70 84
34 84
80 84
32 84
71 84
64 84
68 84
32 47
47 61
47 70
47 64
47 75
47 63
47 62
75 77
0 75
8 75
61 75
34 75
48 75
32 75
75 80
64 75
62 75
36 75
8 63
8 12
8 54
8 50
8 58
8 34
8 39
8 68
9 58
9 80
9 61
9 32
9 68
0 9
9 70
9 71
9 48
9 73
34 73
73 77
64 73
63 73
58 73
48 73
50 73
73 80
0 73
73 82
36 73
39 73
32 82
61 82
64 82
50 82
71 82
39 82
70 82
36 82
68 82
14 58
14 48
14 18
1 14
14 36
14 64
14 57
14 80
14 53
14 68
14 61
1 21
1 18
1 88
1 77
1 48
1 80
1 34
1 39
1 58
1 71
1 61
1 68
1 12
1 63
50 88
53 88
54 88
62 88
12 88
39 88
54 77
48 54
54 63
12 54
54 61
54 62
50 54
54 70
54 68
19 32
19 68
19 85
19 58
19 50
19 71
22 85
57 85
34 85
77 85
70 85
36 85
32 85
71 85
62 85
58 85
63 85
63 77
63 70
62 63
32 63
63 64
22 78
22 71
22 32
22 50
12 22
21 22
22 39
21 34
21 77
21 48
21 62
21 68
21 32
21 50
12 21
21 78
21 61
30 48
30 39
30 36
12 30
30 62
30 80
12 78
12 77
12 48
12 68
12 39
12 32
12 50
12 36
12 70
59 80
36 59
53 59
57 59
59 64
59 61
18 59
18 57
18 34
18 77
18 50
18 39
18 48
18 53
18 68
18 80
18 61
29 61
29 68
29 57
68 89
68 77
48 68
50 68
58 68
34 68
53 68
68 71
0 68
48 89
58 89
57 58
58 77
36 58
58 61
32 58
34 58
53 58
39 58
13 64
13 39
13 71
17 39
39 57
39 77
39 61
0 39
39 62
39 71
17 32
17 61
17 53
17 64
17 50
48 50
50 53
50 62
50 71
11 32
11 53
11 48
11 71
46 64
46 61
46 71
61 80
34 61
32 61
20 71
20 57
57 71
71 77
36 71
70 71
34 71
53 71
62 71
64 71
49 64
57 64
64 78
36 64
64 70
34 64
64 80
32 64
0 64
7 57
53 57
53 77
36 53
53 80
32 53
32 43
28 32
28 57
32 62
36 78
36 80
0 36
44 62
44 57
57 62
27 57
57 80
42 57
34 78
77 78
70 78
0 78
57 81
57 70
34 70
57 69
57 77
34 77
40 57
34 57
41 57
0 57
