90 2002
14 69
14 88
54 69
54 88
14 54
28 69
28 88
28 54
80 88
14 80
28 80
35 69
35 88
35 54
35 80
69 87
87 88
54 87
80 87
14 87
28 87
35 87
60 69
60 88
54 60
60 80
60 87
65 88
65 80
65 87
14 65
28 65
35 65
60 65
30 69
30 88
30 54
30 80
30 87
30 65
14 30
21 69
21 88
21 54
21 80
21 87
14 21
21 28
21 35
21 30
21 60
44 69
44 88
44 54
44 80
44 87
44 65
14 44
21 44
17 69
17 88
17 54
17 80
17 87
17 65
14 17
17 28
17 35
17 30
17 60
69 75
75 88
54 75
75 80
75 87
65 75
14 75
21 75
17 75
23 69
23 88
23 54
23 80
23 87
23 65
14 23
21 23
17 23
23 28
23 35
23 30
23 60
23 44
20 69
20 88
20 54
20 80
20 87
20 65
14 20
20 21
17 20
20 23
62 69
62 88
54 62
62 80
62 87
62 65
14 62
21 62
17 62
23 62
28 62
35 62
60 62
30 62
44 62
20 62
62 75
69 77
77 88
54 77
77 80
77 87
65 77
14 77
21 77
17 77
23 77
62 77
11 69
11 88
11 54
11 80
11 87
11 65
11 14
11 21
11 17
11 23
11 62
11 28
11 35
11 60
11 30
11 44
11 20
11 75
39 69
39 88
39 54
39 80
39 87
39 65
14 39
21 39
17 39
23 39
39 62
11 39
55 88
55 65
14 55
17 55
11 55
28 55
35 55
30 55
55 60
44 55
55 75
20 55
55 77
39 55
18 69
18 88
18 54
18 80
18 87
18 65
14 18
18 21
17 18
18 23
18 62
11 18
18 55
53 69
53 88
53 54
53 80
53 87
53 65
14 53
21 53
17 53
23 53
53 62
11 53
53 55
28 53
35 53
30 53
53 60
20 53
44 53
53 75
39 53
53 77
50 69
50 88
50 54
50 80
50 87
50 65
14 50
21 50
17 50
23 50
50 62
11 50
50 55
50 53
46 88
46 87
14 46
21 46
46 62
46 53
28 46
35 46
30 46
46 60
20 46
44 46
46 75
39 46
46 77
18 46
46 50
31 69
31 88
31 54
31 80
31 87
31 65
14 31
21 31
17 31
23 31
31 62
11 31
31 55
31 53
31 46
16 28
16 35
16 30
16 60
16 75
16 44
16 20
16 39
16 77
59 69
59 88
54 59
59 80
59 87
59 65
14 59
21 59
17 59
23 59
59 62
11 59
55 59
53 59
46 59
16 59
64 69
64 88
54 64
64 80
64 87
14 64
21 64
17 64
11 64
53 64
46 64
28 64
35 64
30 64
60 64
44 64
64 75
20 64
64 77
39 64
18 64
31 64
50 64
69 72
72 88
54 72
72 80
72 87
65 72
14 72
21 72
17 72
23 72
62 72
11 72
55 72
53 72
46 72
16 72
64 72
9 28
9 35
9 30
9 60
9 75
9 20
9 44
9 39
9 77
9 50
9 31
9 72
9 18
9 59
3 69
3 88
3 54
3 80
3 87
3 65
3 14
3 21
3 17
3 23
3 11
3 55
3 16
3 9
32 69
32 88
32 54
32 80
32 87
32 65
14 32
21 32
17 32
23 32
32 62
11 32
32 55
32 53
32 46
16 32
32 64
38 69
38 88
38 54
38 80
38 87
38 65
14 38
21 38
17 38
23 38
38 62
11 38
38 55
38 53
16 38
31 38
28 38
35 38
30 38
38 60
38 75
20 38
38 44
38 39
38 77
38 50
18 38
69 73
73 88
54 73
73 80
73 87
65 73
14 73
17 73
62 73
53 73
46 73
38 73
32 73
8 28
8 35
8 60
8 30
8 44
8 75
8 20
14 67
23 67
11 67
53 67
16 67
9 67
32 67
8 67
33 69
33 88
33 54
33 80
33 87
33 65
14 33
21 33
17 33
23 33
33 62
11 33
33 55
33 53
33 64
33 38
57 88
54 57
57 87
57 65
14 57
21 57
57 62
53 57
57 64
38 57
28 57
35 57
57 60
30 57
57 75
20 57
44 57
57 77
39 57
42 69
42 88
42 54
42 80
42 87
42 65
14 42
21 42
17 42
23 42
11 42
42 53
42 46
9 42
42 57
8 42
33 42
69 74
74 88
54 74
74 80
74 87
65 74
14 74
21 74
17 74
23 74
11 74
53 74
46 74
9 74
38 74
32 74
33 74
28 74
35 74
30 74
60 74
74 75
20 74
51 88
51 54
51 87
14 51
21 51
23 51
11 51
51 55
51 64
31 51
38 51
8 51
51 74
14 43
31 43
43 57
47 69
47 88
47 54
47 80
47 87
47 65
14 47
21 47
17 47
23 47
11 47
47 55
47 64
31 47
38 47
32 47
28 47
35 47
30 47
47 60
47 75
20 47
44 47
39 47
47 77
37 88
37 54
37 80
37 87
14 37
17 37
11 37
37 53
16 37
9 37
37 57
37 47
33 37
37 43
0 37
28 37
35 37
37 60
37 50
14 66
23 66
62 66
55 66
64 66
9 66
57 66
47 66
36 88
36 54
36 87
14 36
21 36
17 36
36 62
36 53
36 46
31 36
36 38
36 47
28 36
35 36
36 60
30 36
36 75
20 36
36 44
61 88
61 87
14 61
17 61
11 61
46 61
16 61
31 61
32 61
47 61
36 61
61 74
57 85
47 85
36 85
28 85
35 85
30 85
60 85
14 19
9 19
19 32
19 47
19 36
19 85
33 58
43 58
0 58
28 58
35 58
30 58
19 58
58 60
4 88
4 54
4 87
4 65
4 14
4 23
4 62
4 53
4 46
4 9
4 32
4 8
4 36
4 43
4 58
4 37
4 50
4 28
69 78
78 88
54 78
78 80
78 87
65 78
14 78
17 78
11 78
53 78
46 78
31 78
57 78
32 78
33 78
74 78
78 85
37 78
50 78
28 78
72 78
6 88
6 14
6 11
6 53
6 46
6 64
6 38
6 8
6 33
6 43
0 6
6 37
14 15
9 15
15 38
15 47
15 33
15 43
15 85
15 58
15 28
15 35
3 15
52 69
52 88
52 54
52 80
52 87
52 65
14 52
21 52
17 52
23 52
52 62
11 52
52 55
52 53
46 52
16 52
52 64
9 52
38 52
8 52
36 52
43 52
52 85
15 52
50 52
14 27
27 31
27 32
8 27
27 33
27 43
0 27
27 58
15 27
27 28
29 57
29 47
29 33
29 43
29 85
29 37
27 29
28 29
29 78
13 88
13 80
13 87
13 65
13 14
13 17
13 62
13 55
13 16
9 13
13 32
8 13
13 36
13 43
0 13
13 37
13 50
13 28
13 72
34 69
34 88
34 54
34 80
34 87
14 34
21 34
23 34
11 34
34 53
34 46
31 34
34 57
8 34
33 34
34 43
34 85
34 58
34 50
27 34
34 78
24 32
24 47
24 36
24 85
0 24
24 58
15 24
24 28
24 72
24 34
24 29
14 83
23 83
62 83
55 83
46 83
31 83
57 83
8 83
36 83
43 83
83 85
37 83
50 83
27 83
28 83
13 83
7 75
76 88
76 87
14 76
23 76
62 76
55 76
64 76
31 76
57 76
47 76
36 76
43 76
0 76
58 76
15 76
27 76
76 78
34 76
7 76
76 83
67 76
60 76
14 25
25 55
25 46
9 25
25 38
25 47
25 36
25 74
0 25
25 58
15 25
25 27
25 72
13 25
14 41
17 41
41 62
41 53
41 46
41 64
32 41
8 41
36 41
41 43
0 41
37 41
41 50
27 41
41 72
34 41
7 41
41 52
30 41
39 41
14 48
48 55
48 64
31 48
48 57
47 48
36 48
48 74
48 85
37 48
27 48
28 48
48 72
34 48
41 48
48 83
48 67
69 84
84 88
54 84
80 84
84 87
65 84
14 84
21 84
17 84
23 84
11 84
53 84
46 84
31 84
57 84
32 84
33 84
43 84
84 85
58 84
15 84
28 84
78 84
34 84
41 84
83 84
60 84
48 84
20 84
51 84
69 79
79 88
54 79
79 80
79 87
65 79
14 79
21 79
17 79
23 79
62 79
11 79
55 79
53 79
46 79
16 79
64 79
9 79
38 79
47 79
36 79
43 79
79 85
37 79
50 79
27 79
72 79
34 79
41 79
29 79
67 79
60 79
20 79
51 79
19 79
39 79
63 88
54 63
63 87
63 65
14 63
23 63
62 63
55 63
63 64
31 63
38 63
32 63
33 63
43 63
0 63
58 63
15 63
28 63
63 78
34 63
7 63
29 63
14 22
21 22
11 22
22 55
22 64
22 31
22 32
22 47
8 22
22 74
22 85
22 58
15 22
22 27
22 72
22 34
13 22
22 83
14 45
31 45
38 45
8 45
36 45
45 74
0 45
37 45
15 45
28 45
45 78
13 45
7 45
45 67
22 45
45 48
46 70
9 70
57 70
32 70
33 70
70 74
0 70
58 70
50 70
27 70
70 78
34 70
41 70
70 83
22 70
60 70
49 88
49 54
49 87
14 49
21 49
23 49
11 49
49 55
46 49
31 49
49 57
8 49
36 49
43 49
0 49
15 49
49 50
28 49
49 72
13 49
7 49
49 83
49 67
49 70
25 49
49 51
10 88
10 14
10 62
10 53
10 64
9 10
10 57
10 47
10 36
10 74
0 10
10 37
10 15
10 28
10 78
10 34
7 10
10 83
10 67
10 70
10 20
10 25
82 85
58 82
15 82
28 82
72 82
13 82
29 82
82 83
22 82
48 82
20 82
79 82
10 82
38 89
32 89
33 89
74 89
0 89
37 89
15 89
27 89
72 89
78 89
41 89
83 89
67 89
48 89
70 89
25 89
10 89
30 89
56 69
56 88
54 56
56 80
56 87
14 56
21 56
17 56
56 62
53 56
56 64
38 56
32 56
8 56
33 56
56 74
0 56
56 58
15 56
28 56
56 78
13 56
41 56
56 83
56 60
48 56
20 56
25 56
56 89
30 56
52 56
56 66
56 77
12 38
12 32
12 33
12 74
12 85
12 37
12 50
12 28
12 72
12 13
7 12
12 29
12 22
12 48
12 70
12 79
10 12
12 89
3 12
12 66
15 26
26 27
26 28
13 26
7 26
26 29
22 26
26 60
26 70
26 51
26 89
26 30
68 88
65 68
14 68
21 68
11 68
53 68
46 68
31 68
38 68
32 68
33 68
68 74
68 85
58 68
15 68
27 68
68 78
34 68
41 68
29 68
22 68
48 68
68 70
25 68
10 68
3 68
52 68
26 68
14 71
53 71
64 71
31 71
32 71
47 71
36 71
71 85
0 71
37 71
15 71
28 71
71 78
34 71
41 71
29 71
67 71
60 71
20 71
25 71
10 71
3 71
68 71
49 71
71 77
19 71
40 57
32 40
33 40
40 74
40 85
40 58
40 50
27 40
40 72
13 40
29 40
40 83
22 40
40 60
20 40
25 40
40 79
30 40
40 52
40 66
40 49
19 40
6 40
40 56
40 71
26 40
40 61
24 40
40 75
39 40
18 40
40 84
5 69
5 88
5 54
5 80
5 87
5 65
5 14
5 21
5 17
5 23
5 62
5 11
5 55
5 53
5 46
5 16
5 64
5 9
5 38
5 8
5 36
5 74
0 5
5 58
5 50
5 28
5 72
5 34
5 7
5 29
5 22
5 48
5 70
5 51
5 79
5 30
5 52
5 66
5 49
5 63
5 40
5 59
5 44
5 61
5 6
5 45
5 73
86 88
54 86
86 87
14 86
21 86
62 86
11 86
55 86
46 86
31 86
57 86
32 86
33 86
74 86
0 86
58 86
15 86
28 86
72 86
34 86
13 86
67 86
22 86
60 86
25 86
51 86
79 86
86 89
52 86
66 86
49 86
12 86
63 86
4 86
44 86
82 86
5 86
26 86
76 86
75 86
84 86
73 86
42 86
35 86
5 56
5 35
5 76
5 42
40 59
1 14
1 55
1 64
1 31
1 57
1 47
1 8
1 43
1 58
1 37
1 15
1 28
1 78
1 13
1 7
1 83
1 67
1 48
1 70
1 25
1 10
1 30
1 52
1 66
1 77
1 63
1 71
1 4
1 44
7 81
29 81
22 81
70 81
20 81
51 81
10 81
81 89
68 81
66 81
77 81
12 81
63 81
4 81
44 81
81 82
6 81
35 81
76 81
45 81
24 81
1 81
75 81
18 81
1 45
2 88
2 54
2 87
2 65
2 14
2 23
2 62
2 55
2 64
2 31
2 38
2 47
2 36
2 74
2 85
2 37
2 15
2 28
2 72
2 13
2 41
2 29
2 60
2 48
2 25
2 51
2 79
2 3
2 68
2 66
2 77
2 63
2 71
2 59
2 4
2 82
2 45
2 73
2 84
2 6
2 24
2 42
1 2
2 18
1 76
1 42
1 56
1 73
1 35
1 39
35 71
4 71
44 71
56 71
59 71
71 76
45 71
71 75
39 71
44 68
66 68
68 77
68 84
63 68
68 73
68 82
18 68
68 75
39 68
45 68
26 49
12 26
19 26
26 59
26 61
26 82
26 45
26 56
26 75
26 39
26 76
18 26
6 26
12 61
12 84
12 63
12 39
12 59
12 56
12 76
12 82
6 12
12 44
12 35
56 61
56 82
56 76
56 75
56 73
24 56
18 56
4 89
3 89
45 89
77 89
82 89
24 89
44 89
35 89
52 89
75 89
6 89
52 82
77 82
63 82
59 82
61 82
73 82
42 82
82 84
39 82
10 39
10 19
6 10
10 61
10 75
10 63
10 35
10 49
10 66
10 77
10 76
30 49
3 49
49 66
4 49
19 49
35 49
42 49
45 49
49 73
49 76
44 49
49 75
18 70
70 75
3 70
24 70
35 70
59 70
70 73
52 70
45 70
20 70
4 70
25 45
30 45
45 52
19 45
45 63
44 45
39 45
24 45
45 84
35 45
22 51
18 22
22 66
22 59
22 24
20 22
22 61
4 22
22 77
22 25
22 63
22 73
48 63
20 63
63 79
30 63
3 63
19 63
18 63
42 63
44 63
63 73
63 76
61 79
73 79
52 79
18 79
24 79
42 79
59 79
79 84
44 79
30 84
52 84
19 84
59 84
61 84
75 84
42 84
35 84
18 84
6 84
24 48
35 48
4 48
48 73
48 77
6 48
44 48
48 66
3 48
48 51
41 66
41 67
41 42
19 41
41 60
6 41
41 44
41 77
20 41
25 41
41 59
25 29
25 60
20 25
25 76
25 30
25 51
25 59
6 25
4 25
25 75
24 25
51 76
30 76
3 76
66 76
44 76
24 76
35 76
39 76
7 73
7 83
4 7
7 18
7 51
3 7
7 61
7 29
29 83
18 83
67 83
39 83
35 83
19 83
61 83
30 83
59 83
75 83
24 83
3 24
24 66
24 77
19 24
24 59
4 24
24 75
24 42
24 73
6 24
34 66
20 34
13 34
34 35
18 34
34 39
34 60
34 61
34 59
4 34
34 77
13 67
6 13
13 42
13 19
13 30
13 29
13 52
13 51
13 73
13 44
3 13
29 35
3 29
29 42
4 29
29 52
20 29
29 44
29 73
6 29
27 73
27 75
27 35
27 42
27 44
27 39
18 27
27 30
27 66
19 27
27 67
27 52
52 78
52 67
52 60
51 52
52 77
39 52
52 59
42 52
52 61
18 52
52 75
15 20
15 19
6 15
15 72
15 66
6 28
6 78
6 60
6 20
3 6
6 66
6 77
6 59
6 44
6 75
6 39
6 35
66 78
77 78
30 78
4 78
44 78
73 78
35 78
39 78
61 78
75 78
4 30
3 4
4 77
4 19
4 42
4 35
4 73
4 44
4 75
4 61
58 77
51 58
58 75
58 72
58 59
58 61
19 37
19 72
19 67
19 60
19 20
19 30
3 19
19 77
19 42
19 75
19 39
19 73
19 61
42 85
3 85
59 85
61 85
72 85
44 85
66 85
75 85
39 85
50 61
28 61
60 61
20 61
3 61
61 66
59 61
35 61
42 61
61 75
18 61
36 39
18 36
0 36
36 43
36 73
36 66
66 74
37 66
66 67
20 66
51 66
3 66
59 66
44 66
37 42
18 37
37 73
37 44
37 39
30 37
37 67
47 59
3 47
33 47
43 47
0 47
28 43
35 43
30 43
43 60
0 43
43 50
43 51
43 44
43 77
43 75
43 72
39 43
20 43
0 51
50 51
28 51
51 72
51 67
51 73
42 51
30 51
51 77
3 51
35 51
18 51
44 51
44 74
18 74
42 74
59 74
67 74
73 74
3 74
42 50
42 72
42 67
42 60
20 42
30 42
42 77
42 73
18 42
50 57
0 57
33 57
18 57
57 59
32 57
57 72
28 33
33 35
33 60
30 33
33 75
33 44
20 33
3 33
33 59
33 77
33 67
33 50
33 72
0 67
50 67
67 72
67 77
60 67
39 67
30 67
35 67
67 75
44 67
8 50
8 73
8 39
8 77
8 72
8 18
0 73
28 73
30 73
3 73
59 73
18 73
32 38
38 59
38 72
28 32
32 35
32 60
30 32
32 75
32 44
20 32
32 39
32 77
3 32
3 50
3 28
3 72
3 60
3 30
3 59
3 35
31 72
28 72
18 72
20 72
60 72
72 75
59 72
59 64
0 64
31 59
50 59
28 59
59 60
59 77
18 59
16 50
16 31
16 18
28 31
31 35
31 60
30 31
31 44
20 31
31 75
31 39
31 77
31 50
18 31
0 31
0 50
28 50
35 50
39 50
44 50
30 50
18 50
50 60
50 77
20 50
18 53
0 18
18 20
18 30
18 77
18 44
18 39
0 55
39 60
20 39
30 39
39 44
39 75
35 39
11 77
0 77
28 77
20 77
35 77
0 62
0 20
20 28
20 60
20 44
23 75
0 23
28 75
60 75
17 44
0 30
30 60
0 65
14 60
0 60
28 60
0 87
14 35
0 35
28 35
14 28
0 28
0 54
0 14
69 88
0 88
