90 2002
76 85
32 83
83 85
46 76
46 83
3 46
3 32
3 85
42 76
42 83
3 42
24 85
24 46
24 32
24 42
59 76
59 83
3 59
24 59
76 86
83 86
3 86
24 86
32 86
46 86
85 86
49 76
49 83
3 49
24 49
49 86
28 76
28 83
3 28
24 28
28 86
28 85
28 46
28 32
28 59
28 42
28 49
22 76
22 83
3 22
22 24
22 86
22 28
17 85
17 32
17 46
17 49
17 59
17 42
17 22
38 76
38 83
3 38
24 38
38 86
28 38
17 38
32 78
78 85
46 78
59 78
49 78
42 78
22 78
64 76
64 83
3 64
24 64
64 86
28 64
17 64
64 78
21 85
21 32
21 46
21 42
21 59
21 49
21 22
21 64
21 38
72 76
72 83
3 72
24 72
72 86
28 72
17 72
72 78
21 72
32 72
67 76
67 83
3 67
24 67
67 86
28 67
17 67
67 78
21 67
32 67
46 67
67 85
42 67
59 67
49 67
22 67
38 67
67 72
64 67
58 76
58 83
3 58
24 58
58 86
28 58
17 58
58 78
21 58
32 58
58 67
80 86
78 80
32 80
80 85
46 80
59 80
42 80
49 80
22 80
64 80
38 80
72 80
5 76
5 83
3 5
5 24
5 86
5 28
5 17
5 78
5 21
5 32
5 67
5 80
71 85
46 71
42 71
59 71
49 71
22 71
64 71
71 72
38 71
58 71
76 81
81 83
3 81
24 81
81 86
28 81
17 81
78 81
21 81
32 81
67 81
80 81
71 81
3 20
20 24
20 86
20 28
17 20
20 78
20 32
20 67
20 46
20 85
20 42
20 59
20 49
20 22
20 72
20 64
20 38
5 20
20 58
20 81
52 76
52 83
3 52
24 52
52 86
28 52
17 52
52 78
21 52
32 52
52 67
52 80
52 71
20 52
11 76
11 83
3 11
11 24
11 86
11 28
11 17
11 78
11 32
11 67
11 71
11 46
11 85
11 42
11 59
11 49
11 22
11 64
11 72
11 38
11 81
11 58
5 11
1 76
1 83
1 3
1 24
1 86
1 28
1 17
1 78
1 21
1 32
1 67
1 80
1 71
1 20
1 11
69 76
69 83
3 69
24 69
69 86
28 69
17 69
69 78
21 69
32 69
67 69
69 80
20 69
11 69
69 85
46 69
42 69
49 69
59 69
22 69
69 72
38 69
64 69
58 69
69 81
5 69
1 69
52 69
3 53
21 53
32 53
53 80
20 53
53 69
70 76
70 83
3 70
24 70
70 86
28 70
17 70
70 78
32 70
70 80
20 70
69 70
14 20
11 14
14 46
14 85
14 42
14 49
14 59
14 22
14 64
14 38
14 72
1 14
14 52
14 58
5 14
14 81
3 51
51 86
28 51
17 51
51 78
21 51
32 51
51 67
51 71
32 88
67 88
80 88
85 88
46 88
59 88
42 88
49 88
22 88
72 88
38 88
64 88
52 88
81 88
58 88
1 88
5 88
16 86
16 28
16 32
16 80
16 71
16 88
14 16
3 44
44 86
28 44
44 78
32 44
44 67
44 71
11 44
44 70
44 85
44 46
44 59
42 44
44 49
22 44
44 72
38 44
44 64
65 86
28 65
32 65
65 80
65 71
65 88
14 65
44 65
46 56
56 85
42 56
56 59
49 56
22 56
57 70
3 82
82 86
28 82
78 82
32 82
80 82
20 82
69 82
82 88
82 85
46 82
42 82
49 82
59 82
22 82
38 82
64 82
72 82
3 77
28 77
32 77
67 77
71 77
11 77
70 77
77 82
14 27
27 82
27 44
27 85
27 46
27 42
27 49
27 59
22 27
27 38
27 64
27 72
3 50
24 50
50 86
28 50
17 50
50 78
32 50
50 67
50 71
50 88
14 50
50 82
27 50
46 89
85 89
49 89
59 89
42 89
22 89
52 89
13 76
3 13
13 24
13 86
13 28
13 17
13 78
13 21
13 32
13 67
13 71
13 88
13 14
13 82
13 89
3 9
9 86
9 28
9 17
9 32
9 80
9 20
9 88
9 14
9 44
9 56
9 89
9 46
9 85
9 49
9 42
9 59
9 22
23 76
23 83
3 23
23 24
23 86
23 28
17 23
23 78
21 23
23 32
23 67
23 80
23 71
20 23
11 23
23 88
23 70
23 44
23 89
9 23
8 32
8 80
8 20
8 88
8 14
8 82
8 27
8 9
8 85
8 46
8 42
8 59
8 49
55 76
3 55
24 55
55 86
28 55
17 55
55 78
21 55
32 55
55 67
20 55
55 69
14 55
55 82
55 89
8 55
3 37
37 86
28 37
17 37
37 78
21 37
32 37
37 67
20 37
37 69
14 37
37 44
27 37
9 37
8 37
37 85
37 46
37 59
37 49
37 42
37 50
37 65
4 86
4 28
4 32
4 67
4 20
4 11
4 14
4 44
4 27
4 9
4 37
4 46
4 85
4 49
4 42
4 59
27 33
9 33
33 37
4 33
20 29
11 29
14 29
29 70
29 56
29 89
29 77
4 29
29 85
29 46
2 3
2 24
2 86
2 28
2 17
2 78
2 32
2 67
2 71
2 11
2 14
2 82
2 27
2 89
2 77
2 29
2 85
2 46
2 5
2 53
2 64
2 58
73 86
28 73
32 73
73 80
11 73
69 73
73 88
44 73
27 73
9 73
73 77
4 73
73 85
2 73
48 83
3 48
24 48
48 86
28 48
17 48
48 78
21 48
32 48
48 80
48 71
48 69
14 48
48 82
27 48
9 48
8 48
29 48
48 85
19 76
19 83
3 19
19 24
19 86
19 28
17 19
19 78
19 21
19 32
19 67
19 80
19 71
11 19
19 70
19 44
19 27
19 89
8 19
19 77
19 85
19 46
63 76
63 83
3 63
24 63
63 86
28 63
17 63
63 78
21 63
32 63
63 67
63 80
63 71
20 63
11 63
63 69
63 70
44 63
56 63
63 89
8 63
4 63
19 63
48 63
58 63
16 63
52 63
18 88
18 82
18 27
8 18
18 37
18 77
18 85
2 18
18 51
18 58
20 45
45 88
14 45
44 45
45 56
9 45
37 45
45 77
45 85
19 45
45 51
45 58
45 46
25 45
25 55
40 46
66 85
2 66
48 66
58 66
52 66
18 66
40 66
5 66
49 66
42 66
43 76
3 43
24 43
43 86
28 43
17 43
43 78
21 43
32 43
43 80
11 43
43 88
14 43
43 82
27 43
43 89
37 43
29 43
43 85
19 43
43 51
43 58
43 45
43 55
32 35
35 67
20 35
35 69
35 88
35 82
35 56
35 89
8 35
4 35
35 85
2 35
35 48
16 35
35 52
35 55
35 46
35 38
3 41
41 86
28 41
17 41
32 41
41 67
20 41
41 69
41 88
41 44
41 56
41 89
8 41
29 41
41 85
19 41
41 48
16 41
41 52
41 55
35 41
32 79
67 79
71 79
11 79
70 79
44 79
27 79
79 89
77 79
4 79
79 85
2 79
48 79
16 79
52 79
18 79
40 79
46 79
62 86
28 62
32 62
62 67
11 62
62 69
62 70
44 62
27 62
8 62
62 77
4 62
62 85
19 62
48 62
16 62
45 62
55 62
62 79
5 62
49 62
50 62
43 62
33 62
12 80
12 88
12 14
12 44
12 56
9 12
12 77
12 29
12 85
2 12
12 48
12 52
12 45
12 55
12 35
5 12
12 49
12 50
12 63
6 32
6 80
6 20
6 69
6 88
6 44
6 56
6 89
6 8
6 77
6 29
6 19
6 48
6 16
6 45
6 18
6 35
6 79
6 42
6 50
6 43
56 87
87 89
77 87
29 87
85 87
2 87
51 87
16 87
45 87
55 87
35 87
79 87
38 87
42 87
6 87
33 87
66 87
72 87
3 30
24 30
30 86
28 30
17 30
30 78
30 32
30 67
11 30
30 69
14 30
30 82
30 56
8 30
30 37
4 30
29 30
2 30
30 48
16 30
30 45
30 55
30 40
5 30
30 38
30 42
30 63
6 30
30 66
30 81
0 30
30 46
30 59
30 57
68 80
68 69
68 88
68 82
27 68
9 68
37 68
29 68
19 68
2 68
51 68
58 68
45 68
55 68
35 68
49 68
38 68
63 68
43 68
6 68
12 68
68 72
30 68
3 36
24 36
36 86
28 36
17 36
36 78
32 36
36 67
20 36
11 36
36 70
36 44
36 56
9 36
8 36
36 77
29 36
2 36
36 51
16 36
36 45
36 55
36 40
5 36
36 49
36 50
36 43
6 36
36 66
36 81
0 36
36 65
36 57
61 86
28 61
32 61
61 67
61 80
11 61
61 70
44 61
27 61
61 89
61 77
4 61
29 61
19 61
51 61
58 61
52 61
55 61
40 61
61 79
38 61
50 61
61 63
6 61
12 61
61 81
30 61
36 61
31 32
31 80
31 71
31 88
31 70
31 44
27 31
9 31
8 31
31 77
31 85
19 31
31 51
31 58
31 52
31 55
31 35
5 31
31 49
31 42
31 43
31 33
31 66
31 72
30 31
31 36
13 31
31 61
23 31
25 31
31 73
31 41
39 76
39 83
3 39
24 39
39 86
28 39
17 39
39 78
21 39
32 39
39 67
39 80
39 71
20 39
11 39
39 69
14 39
39 82
27 39
9 39
37 39
39 77
39 85
2 39
39 51
39 58
39 45
18 39
39 40
5 39
38 39
39 50
39 43
33 39
39 66
39 72
0 39
10 76
10 83
3 10
10 24
10 86
10 28
10 17
10 78
10 21
10 32
10 67
10 80
10 71
10 69
10 88
10 82
10 56
9 10
10 37
10 29
10 85
10 19
10 51
10 16
10 52
10 55
10 40
5 10
10 38
10 50
10 63
6 10
10 12
10 81
0 10
60 86
28 60
32 60
60 67
11 60
60 69
60 70
60 82
27 60
9 60
37 60
4 60
60 85
19 60
48 60
58 60
52 60
18 60
40 60
5 60
49 60
42 60
43 60
33 60
12 60
60 72
10 60
36 60
31 60
3 47
47 86
28 47
17 47
47 78
21 47
32 47
47 80
20 47
47 88
47 70
47 82
47 56
47 89
8 47
47 77
29 47
19 47
47 48
16 47
45 47
47 55
35 47
47 79
38 47
47 50
6 47
12 47
47 66
47 81
30 47
10 47
11 34
34 69
34 70
34 82
34 56
9 34
34 37
4 34
34 85
19 34
34 48
16 34
34 52
34 55
34 40
34 79
34 42
34 50
34 43
33 34
12 34
34 81
30 34
34 36
32 75
75 80
20 75
11 75
70 75
75 82
56 75
9 75
8 75
29 75
75 85
19 75
51 75
16 75
52 75
18 75
40 75
49 75
38 75
42 75
43 75
33 75
66 75
72 75
0 75
10 75
34 75
54 76
54 83
3 54
24 54
54 86
28 54
17 54
54 78
21 54
32 54
54 67
54 80
54 71
20 54
11 54
54 69
54 70
44 54
27 54
54 89
8 54
54 77
54 85
48 54
51 54
16 54
45 54
54 55
40 54
54 79
49 54
50 54
54 63
33 54
12 54
54 81
30 54
10 54
34 54
25 54
54 64
15 27
9 15
15 37
15 77
15 85
15 19
15 48
15 16
15 52
15 18
15 35
5 15
15 38
15 42
15 63
15 33
12 15
15 81
0 15
10 15
15 34
15 54
15 62
15 41
84 86
28 84
32 84
67 84
20 84
69 84
84 88
44 84
56 84
84 89
8 84
4 84
29 84
48 84
51 84
58 84
45 84
18 84
40 84
79 84
49 84
42 84
63 84
12 84
72 84
81 84
0 84
36 84
34 84
47 84
57 84
59 84
15 84
3 7
7 86
7 28
7 17
7 21
7 67
7 71
7 69
7 14
7 82
7 89
7 9
7 37
7 29
7 19
2 7
7 48
7 58
7 45
7 55
7 35
5 7
7 38
7 42
7 43
6 7
7 66
7 72
0 7
7 10
7 34
7 54
7 62
7 41
7 84
7 15
7 39
7 46
7 60
20 74
69 74
14 74
74 82
56 74
9 74
8 74
4 74
74 85
2 74
48 74
58 74
45 74
18 74
35 74
49 74
38 74
50 74
63 74
6 74
66 74
72 74
30 74
36 74
34 74
47 74
62 74
41 74
61 74
39 74
74 75
23 74
7 74
22 74
53 74
65 74
26 70
26 44
26 27
26 89
26 37
4 26
19 26
2 26
26 58
16 26
26 52
18 26
26 40
26 79
26 49
26 42
26 43
6 26
26 66
26 72
26 30
10 26
26 31
26 47
26 57
26 59
26 61
26 84
23 26
26 46
25 26
22 26
26 68
26 74
26 87
26 64
64 74
1 7
7 65
7 64
7 87
25 84
1 84
39 84
13 84
22 84
64 84
73 84
15 22
15 68
15 73
15 65
13 15
15 75
15 60
15 23
53 54
54 68
23 54
54 65
54 75
39 54
47 54
41 54
54 61
62 75
59 75
61 75
65 75
46 75
25 75
60 75
75 87
64 75
1 75
34 68
34 47
34 53
34 46
34 57
34 87
34 64
13 34
1 47
47 62
46 47
47 73
47 57
47 60
47 87
22 47
47 59
57 60
59 60
60 61
23 60
22 60
53 60
60 87
60 64
13 60
10 25
10 87
10 39
10 53
10 64
10 62
10 41
10 59
31 39
39 57
39 59
39 53
1 39
25 39
39 87
39 46
39 64
22 39
1 31
31 62
31 65
31 59
22 31
61 62
41 61
61 65
61 68
53 61
23 61
46 61
61 87
13 36
22 36
36 73
1 36
23 36
36 68
36 46
62 68
41 68
23 68
68 73
46 68
22 68
53 68
13 68
1 68
30 65
30 73
30 64
30 87
62 87
41 87
23 87
25 87
65 87
13 87
6 33
6 59
6 81
6 12
0 6
6 46
6 25
6 65
6 57
12 22
12 81
12 53
12 41
12 62
12 73
12 23
12 59
12 13
62 81
0 62
59 62
25 62
23 62
62 73
46 62
49 79
72 79
43 79
23 79
53 79
25 79
79 81
41 79
50 79
59 79
38 79
0 79
33 79
38 41
41 42
41 63
33 41
41 81
0 41
41 57
41 73
25 41
41 59
23 41
41 53
33 35
35 81
35 63
35 59
35 43
35 64
5 35
23 35
35 73
13 35
35 57
35 65
38 43
43 63
43 53
43 57
43 66
25 43
13 43
23 43
43 59
43 73
43 81
33 66
1 66
46 66
64 66
66 72
25 66
0 66
65 66
57 66
1 40
40 50
22 40
0 40
38 40
40 42
40 53
25 40
25 49
25 50
25 81
0 25
25 46
25 53
22 25
13 25
25 65
1 45
22 45
45 55
45 57
45 53
45 72
45 50
45 59
0 45
18 45
18 55
18 46
18 42
18 57
18 49
18 81
18 23
18 64
18 63
18 59
18 72
13 18
18 73
0 18
18 65
5 63
49 63
42 63
33 63
63 81
1 63
0 63
63 65
22 63
63 72
63 64
46 63
1 19
19 81
19 58
16 19
19 57
19 52
19 42
19 48
19 33
19 38
0 19
46 48
48 49
1 48
22 48
48 58
48 50
5 48
23 48
48 73
48 81
0 48
16 73
52 73
5 73
38 73
50 73
33 73
72 73
23 73
53 73
22 73
1 73
64 73
13 73
46 73
2 51
2 65
2 50
2 13
2 55
2 72
2 23
2 22
2 81
2 59
29 53
29 59
29 49
1 29
16 29
29 42
29 38
29 51
5 29
29 33
29 72
23 29
33 51
33 58
33 52
33 55
33 38
1 33
22 33
33 72
13 33
33 53
23 33
33 64
4 22
4 58
4 13
4 5
4 81
4 50
4 38
4 57
4 72
4 65
4 51
0 4
16 37
5 37
37 64
37 81
22 37
37 72
37 52
37 53
13 37
37 55
55 77
55 85
51 55
55 58
46 55
53 55
5 55
50 55
22 55
1 55
8 72
8 16
8 22
8 57
8 64
8 77
8 23
8 38
0 8
23 77
23 58
23 52
23 49
23 42
23 81
0 23
23 53
13 23
9 13
9 38
0 9
1 9
9 52
9 65
13 85
13 51
13 58
13 52
5 13
13 42
13 50
13 72
0 13
13 57
13 59
13 53
1 13
5 89
53 89
50 89
58 89
81 89
77 89
51 89
50 85
50 58
49 50
50 57
50 53
1 50
50 65
50 64
46 50
50 59
27 77
27 53
27 81
77 85
46 77
59 77
49 77
42 77
57 77
58 77
1 77
51 77
64 77
52 77
58 82
52 82
5 82
53 82
57 82
56 57
57 85
51 57
16 57
5 57
49 57
57 81
57 64
57 65
53 57
1 57
46 57
22 57
56 72
0 56
16 56
56 64
38 56
1 56
56 58
56 65
65 85
58 65
16 65
52 65
5 65
49 65
65 81
59 65
46 65
53 65
1 65
16 44
1 44
44 81
44 51
5 44
16 85
16 51
16 46
16 22
16 64
1 16
16 38
16 42
16 72
16 49
51 88
0 88
14 51
51 70
46 51
51 64
1 51
42 51
38 51
51 59
51 52
49 51
51 72
51 53
14 70
70 85
46 70
59 70
42 70
49 70
22 70
64 70
70 72
38 70
70 81
58 70
52 70
1 70
5 70
53 70
0 70
53 85
53 58
38 53
53 81
0 53
1 5
1 42
1 72
0 1
1 59
1 22
1 64
11 52
0 11
52 85
52 58
46 52
5 52
42 52
52 81
49 52
52 64
38 52
58 81
38 81
59 81
5 71
0 71
5 58
5 46
5 49
5 42
5 72
5 64
5 22
58 80
46 58
0 58
58 59
0 67
38 72
42 72
22 72
46 72
64 72
0 72
32 64
64 85
38 64
59 64
46 64
38 78
32 38
38 49
22 38
0 38
22 32
22 85
22 42
0 22
22 59
32 49
49 85
46 49
49 59
42 49
59 86
42 86
32 59
59 85
32 42
42 85
42 46
0 42
32 46
46 85
32 85
0 85
32 76
0 32
