90 2002
28 80
46 80
28 46
51 80
46 51
10 28
10 51
80 82
46 82
10 82
30 80
30 46
10 30
28 30
30 51
30 82
38 80
38 46
10 38
30 38
48 80
46 48
28 48
48 51
38 48
48 82
4 80
4 46
4 10
4 30
4 48
20 28
20 51
20 38
20 82
4 20
50 80
46 50
10 50
30 50
48 50
20 50
69 80
46 69
10 69
30 69
48 69
20 69
28 69
51 69
38 69
69 82
4 69
50 69
58 80
46 58
10 58
30 58
48 58
20 58
58 69
36 80
36 46
10 36
30 36
36 48
20 36
36 69
28 36
36 51
36 38
36 82
4 36
36 50
40 80
40 46
10 40
30 40
40 48
20 40
40 69
36 40
40 50
65 80
46 65
10 65
30 65
65 69
36 65
50 65
28 65
51 65
38 65
65 82
4 65
58 65
80 89
46 89
10 89
30 89
48 89
20 89
69 89
36 89
50 89
65 89
25 28
25 51
25 82
25 38
4 25
25 89
25 58
25 40
56 80
46 56
10 56
30 56
48 56
20 56
56 69
36 56
50 56
56 65
25 56
44 80
44 46
10 44
30 44
44 48
20 44
44 69
36 44
44 50
28 44
44 51
44 82
38 44
4 44
44 58
44 89
40 44
44 56
53 80
46 53
10 53
30 53
48 53
20 53
53 69
36 53
50 53
53 65
25 53
44 53
22 80
22 46
10 22
22 30
22 48
20 22
22 69
22 36
22 50
22 65
22 25
22 44
22 28
22 51
22 82
22 38
4 22
22 89
22 58
22 40
22 56
22 53
80 88
46 88
10 88
30 88
48 88
20 88
69 88
36 88
50 88
65 88
25 88
44 88
22 88
49 80
46 49
10 49
30 49
48 49
20 49
49 69
36 49
49 50
44 49
22 49
28 49
49 51
49 82
38 49
4 49
49 58
40 49
49 89
49 56
79 80
46 79
10 79
30 79
48 79
20 79
69 79
36 79
50 79
65 79
25 79
44 79
22 79
49 79
17 80
17 46
17 30
17 48
17 20
17 36
17 50
17 44
17 22
17 28
17 51
17 82
17 38
4 17
17 89
17 40
17 58
17 56
17 53
17 79
17 88
59 80
46 59
10 59
30 59
48 59
20 59
59 69
36 59
50 59
59 65
25 59
44 59
22 59
49 59
17 59
9 80
9 46
9 10
9 30
9 48
9 20
9 69
9 36
9 50
9 25
9 49
9 28
9 51
9 82
9 38
4 9
9 40
9 58
9 89
9 56
9 88
9 53
9 79
9 59
31 80
31 46
10 31
30 31
31 48
20 31
31 69
31 36
31 50
31 65
25 31
31 44
22 31
31 49
17 31
9 31
4 31
47 80
46 47
10 47
30 47
47 48
36 47
47 65
25 47
22 47
9 47
28 47
47 51
38 47
47 82
40 47
47 89
47 58
47 56
47 53
47 79
47 88
31 47
47 59
17 72
4 72
47 72
64 80
46 64
30 64
36 64
64 65
44 64
17 64
9 64
68 80
46 68
10 68
30 68
48 68
20 68
68 69
36 68
50 68
65 68
25 68
44 68
22 68
49 68
17 68
4 68
47 68
28 68
51 68
68 82
38 68
58 68
68 89
40 68
56 68
68 79
68 88
53 68
59 68
3 80
3 46
3 10
3 30
3 48
3 20
3 69
3 36
3 50
3 44
3 49
3 4
3 68
46 74
30 74
69 74
36 74
65 74
44 74
49 74
9 74
68 74
28 74
51 74
38 74
74 82
74 89
40 74
58 74
56 74
53 74
74 88
74 79
62 80
46 62
10 62
30 62
48 62
62 69
50 62
62 65
49 62
4 62
62 64
62 74
7 80
7 46
7 10
7 30
7 48
7 20
7 69
7 36
7 50
7 65
7 25
7 44
7 22
7 9
7 47
7 64
7 28
7 51
7 38
7 82
7 89
7 40
7 58
7 56
46 86
30 86
20 86
69 86
50 86
44 86
22 86
9 86
4 86
74 86
7 86
47 83
73 80
46 73
10 73
30 73
20 73
69 73
50 73
44 73
17 73
4 73
64 73
73 74
28 73
51 73
38 73
73 82
58 73
40 73
73 89
56 73
41 80
41 46
30 41
41 48
41 69
36 41
41 50
25 41
17 41
4 41
41 68
41 73
80 81
46 81
10 81
30 81
48 81
20 81
69 81
36 81
50 81
65 81
25 81
44 81
22 81
49 81
17 81
9 81
68 81
74 81
28 81
51 81
81 82
38 81
81 89
58 81
40 81
56 81
14 81
70 80
46 70
10 70
30 70
48 70
20 70
69 70
36 70
50 70
65 70
25 70
22 70
17 70
9 70
68 70
64 70
70 81
28 70
51 70
38 70
70 82
58 70
70 89
40 70
70 88
61 80
46 61
30 61
48 61
20 61
36 61
50 61
61 65
22 61
4 61
61 64
61 73
61 70
19 80
19 46
10 19
19 30
19 48
19 20
19 69
19 36
19 50
19 25
19 22
4 19
19 47
19 64
19 70
19 83
19 28
19 51
19 82
19 38
19 58
19 89
19 40
30 39
39 69
39 65
25 39
22 39
9 39
4 39
39 74
7 39
19 39
39 61
0 39
39 86
39 41
57 65
25 57
22 57
4 57
57 64
57 74
57 81
57 70
57 61
43 80
43 46
30 43
43 69
43 50
25 43
43 49
4 43
43 47
43 73
43 81
19 43
55 80
46 55
10 55
30 55
48 55
20 55
55 69
36 55
55 65
25 55
17 55
4 55
47 55
55 64
7 55
55 70
28 55
51 55
55 82
38 55
55 89
55 58
40 55
55 88
53 55
16 17
4 16
16 47
16 73
7 16
16 83
16 55
16 43
0 16
33 80
33 46
33 48
33 36
33 50
25 33
33 49
9 33
33 64
33 73
7 33
33 83
33 55
28 37
37 51
37 82
37 38
17 29
4 29
29 47
29 64
29 70
29 83
19 29
29 37
0 29
29 41
29 57
29 62
29 59
77 80
46 77
10 77
30 77
48 77
20 77
69 77
36 77
50 77
65 77
25 77
44 77
22 77
49 77
17 77
9 77
47 77
73 77
77 81
70 77
19 77
0 77
77 86
49 78
9 78
47 78
73 78
7 78
78 83
61 78
37 78
33 78
28 78
51 78
78 82
38 78
49 71
4 71
68 71
64 71
71 73
70 71
19 71
37 71
71 86
71 78
41 71
30 87
50 87
65 87
44 87
17 87
4 87
68 87
74 87
7 87
19 87
61 87
43 87
0 87
78 87
41 87
28 87
51 87
82 87
38 87
22 54
9 54
47 54
54 73
54 81
19 54
54 61
37 54
54 86
54 78
27 68
27 73
27 81
19 27
27 61
27 43
27 86
27 78
27 57
27 28
27 51
27 82
27 38
7 66
66 70
55 66
0 66
66 86
41 66
27 66
66 87
59 66
50 63
22 63
49 63
17 63
63 68
63 73
63 81
63 70
19 63
61 63
33 63
63 78
27 63
63 87
59 63
28 63
52 80
46 52
10 52
30 52
48 52
20 52
52 69
36 52
50 52
52 65
25 52
44 52
22 52
49 52
17 52
4 52
47 52
52 73
7 52
52 83
52 55
0 52
52 86
33 52
52 57
52 62
52 63
45 80
30 45
45 69
36 45
45 65
44 45
17 45
9 45
45 47
45 74
45 81
45 83
45 55
37 45
0 45
33 45
41 45
45 59
23 50
23 65
22 23
4 23
23 68
23 64
7 23
23 83
19 23
23 37
0 23
23 33
23 41
23 87
23 28
23 51
2 17
2 9
2 47
2 74
2 81
2 19
2 55
2 37
2 86
2 33
2 27
2 59
2 23
2 63
2 45
2 28
2 29
55 76
43 76
76 86
41 76
57 76
76 87
59 76
76 77
2 76
26 80
26 46
26 30
26 69
26 50
25 26
22 26
4 26
26 68
26 64
7 26
19 26
26 61
26 43
26 33
26 78
26 27
26 62
26 59
26 63
2 26
26 28
26 88
21 46
21 30
20 21
21 36
21 50
21 44
21 22
9 21
21 47
21 73
21 81
21 83
21 55
21 37
0 21
21 78
21 57
21 87
21 23
21 77
21 26
21 28
24 80
24 46
10 24
24 30
24 48
20 24
24 69
24 36
24 65
22 24
24 49
9 24
24 64
24 74
24 81
19 24
24 61
24 43
24 86
24 41
24 27
24 62
23 24
24 77
24 26
21 24
24 52
24 89
24 82
34 80
34 46
30 34
34 69
34 50
34 44
17 34
9 34
34 68
34 73
34 81
34 70
34 55
34 43
0 34
33 34
34 57
34 62
23 34
34 63
34 45
8 80
8 46
8 10
8 30
8 48
8 20
8 69
8 36
8 50
8 65
8 25
8 44
8 17
8 9
8 68
8 64
7 8
8 70
8 61
8 43
0 8
8 78
8 27
8 87
8 59
8 45
2 8
8 28
8 54
8 53
30 60
60 69
50 60
44 60
49 60
4 60
47 60
60 74
7 60
19 60
60 61
37 60
33 60
60 78
57 60
60 87
23 60
60 77
45 60
8 60
60 88
60 89
15 17
9 15
15 64
15 74
15 81
15 83
15 19
15 43
15 86
15 33
15 57
15 62
15 23
15 63
15 45
15 21
15 52
15 88
15 82
15 28
17 35
9 35
35 68
35 73
7 35
35 83
35 55
0 35
35 86
35 41
27 35
35 87
23 35
35 63
2 35
21 35
35 52
30 84
36 84
65 84
22 84
49 84
4 84
64 84
73 84
81 84
83 84
55 84
43 84
33 84
41 84
57 84
84 87
63 84
77 84
2 84
8 84
21 84
28 84
13 50
13 25
13 49
4 13
13 68
13 73
13 81
13 70
13 61
13 43
13 86
13 41
13 27
13 87
13 59
13 63
2 13
8 13
13 21
13 84
13 15
13 34
13 72
13 14
13 76
13 54
13 16
13 29
5 80
5 46
5 30
5 69
5 50
5 65
5 49
4 5
5 68
5 74
5 7
5 19
5 55
5 43
0 5
5 33
5 57
5 62
5 59
5 77
5 45
5 26
5 88
5 89
5 82
11 50
11 25
11 22
9 11
11 47
11 74
7 11
11 83
11 55
11 37
11 86
11 41
11 27
11 62
11 59
11 77
2 11
11 21
11 52
11 88
11 15
11 34
11 28
11 51
11 31
11 79
18 30
18 69
18 50
18 44
18 49
4 18
18 64
18 74
7 18
18 83
18 55
18 43
18 86
18 78
18 57
18 62
18 59
18 45
2 18
8 18
18 21
18 89
18 82
11 18
18 72
12 49
4 12
12 47
12 73
12 81
12 70
12 19
12 37
12 33
12 78
12 27
12 62
12 59
12 77
2 12
8 12
12 21
12 84
12 82
12 34
6 80
6 46
6 10
6 30
6 48
6 36
6 50
6 44
6 22
4 6
6 47
6 64
6 7
6 19
6 61
6 37
6 33
6 78
6 41
6 59
6 23
6 63
2 6
6 21
6 52
6 88
6 89
6 11
6 35
6 12
6 58
6 29
6 53
30 32
32 69
32 50
25 32
22 32
4 32
32 64
32 73
32 81
32 70
32 61
32 37
32 86
32 41
32 57
32 87
32 63
32 77
26 32
21 32
32 88
32 89
15 32
11 32
6 32
14 32
32 76
13 32
41 85
85 87
59 85
77 85
2 85
8 85
52 85
84 85
15 85
11 85
6 85
14 85
76 85
13 85
29 85
38 85
40 85
58 85
71 85
79 85
4 42
42 64
7 42
42 83
42 61
42 43
42 86
42 78
27 42
42 62
42 59
42 77
26 42
8 42
42 88
42 84
42 89
34 42
6 42
12 42
28 42
13 42
42 85
22 75
4 75
68 75
74 75
75 81
70 75
61 75
37 75
33 75
41 75
27 75
75 87
59 75
45 75
2 75
21 75
52 75
75 88
75 82
15 75
72 75
14 75
75 76
28 75
29 75
60 75
18 75
16 75
75 79
38 75
51 75
3 75
71 75
42 75
56 75
24 75
42 66
16 42
24 42
38 42
50 67
25 67
17 67
4 67
67 68
67 74
67 81
67 70
61 67
43 67
0 67
67 78
57 67
62 67
59 67
67 77
26 67
8 67
21 67
67 89
15 67
34 67
11 67
12 67
28 67
13 67
67 85
35 67
66 67
51 67
39 67
42 67
67 79
1 80
1 46
1 10
1 30
1 48
1 20
1 69
1 50
1 65
1 44
1 49
1 4
1 68
1 74
1 7
1 83
1 19
1 43
1 86
1 78
1 27
1 62
1 23
1 63
1 45
1 26
1 88
1 89
1 82
1 15
1 11
1 12
1 76
1 54
1 29
1 35
1 53
1 16
1 39
1 79
1 56
1 18
1 38
1 32
1 67
1 60
18 67
38 67
40 67
56 67
32 42
42 79
31 42
3 42
42 58
39 85
51 85
32 85
31 85
32 35
32 66
32 51
32 39
32 79
32 38
3 32
31 32
32 58
5 6
6 39
6 24
6 28
6 54
3 6
6 56
6 38
12 60
12 29
5 12
12 53
12 16
12 71
12 35
12 58
12 40
12 79
12 18
12 31
18 76
18 28
18 29
18 66
18 51
18 39
18 24
5 18
18 56
3 18
18 60
11 35
11 56
11 16
5 11
11 71
11 66
5 28
5 13
5 29
5 35
5 53
5 16
5 39
5 24
5 71
5 40
5 58
5 31
5 56
13 40
13 79
13 58
3 13
13 53
84 89
72 84
35 84
79 84
3 84
76 84
38 84
29 84
82 84
40 84
31 84
39 84
66 84
54 84
15 35
14 35
35 54
29 35
35 39
35 66
35 40
24 35
35 53
35 58
35 56
15 51
15 54
15 60
15 66
15 34
14 15
15 40
15 72
34 60
60 72
60 76
54 60
29 60
53 60
51 60
24 60
60 79
60 71
58 60
40 60
38 60
8 14
8 56
8 88
8 34
8 29
8 39
8 51
3 8
8 71
8 66
21 34
34 88
28 34
24 34
34 53
34 66
34 39
3 34
34 58
34 54
29 34
34 38
34 76
14 24
24 76
24 54
24 29
16 24
24 31
24 71
24 58
24 56
21 40
16 21
21 58
21 89
21 79
21 39
21 54
26 40
3 26
26 58
26 54
26 51
26 52
26 31
26 82
26 38
26 76
26 79
26 72
76 88
76 89
72 76
14 76
31 76
58 76
66 76
76 79
28 76
29 76
2 71
2 89
2 72
2 14
2 38
2 82
2 52
23 39
14 23
23 56
23 53
16 23
23 72
23 58
23 79
23 40
23 88
23 89
23 45
23 82
45 63
28 45
14 45
3 45
45 89
45 58
45 52
31 45
16 45
45 56
45 53
45 79
45 66
39 45
28 52
52 66
51 52
52 72
40 52
52 56
52 71
52 58
52 53
14 52
52 89
16 52
3 52
3 63
63 71
63 77
51 63
56 63
63 72
63 88
16 63
63 66
39 63
14 66
54 66
29 66
53 66
66 71
16 66
3 66
40 66
38 66
27 79
27 77
27 54
27 56
27 89
27 31
27 88
27 62
54 87
54 59
54 77
14 54
28 54
38 54
54 56
3 54
31 54
51 54
39 54
53 54
16 87
77 87
40 87
71 87
59 87
87 89
56 87
71 77
71 89
71 82
71 72
14 71
28 71
16 71
71 79
3 71
40 71
58 71
31 71
78 79
77 78
56 78
31 78
72 78
41 78
62 78
3 78
28 77
53 77
51 77
77 79
40 77
77 82
31 77
29 77
38 77
29 88
29 89
29 56
16 29
29 31
31 37
37 88
33 37
37 79
3 37
37 59
37 62
37 56
0 33
28 33
33 51
33 82
33 38
33 79
33 41
33 40
33 89
33 53
33 88
16 33
33 58
16 57
16 88
16 82
16 72
16 28
16 40
16 56
16 39
16 79
55 79
55 72
43 55
55 61
41 55
55 56
55 59
28 43
43 51
43 82
38 43
41 43
14 43
43 57
0 43
43 53
43 58
40 43
43 86
43 89
0 57
41 57
28 57
51 57
57 82
38 57
40 57
39 57
3 57
53 57
57 58
14 57
57 88
57 59
39 59
39 82
14 39
28 39
39 53
39 40
3 39
39 56
19 41
19 61
19 56
19 31
28 61
51 61
61 82
38 61
61 89
0 61
61 62
14 61
61 86
3 61
40 61
58 61
56 70
31 70
14 70
70 72
70 79
70 83
0 70
14 86
14 41
14 62
14 88
14 82
14 72
14 51
14 28
14 38
3 14
41 81
0 81
81 83
79 81
28 41
41 51
38 41
41 82
41 59
41 72
41 62
53 73
73 88
73 79
73 83
59 73
28 83
51 83
38 83
82 83
58 83
83 89
40 83
59 83
83 86
53 83
62 83
31 83
3 83
83 88
28 86
51 86
38 86
82 86
72 86
59 86
58 86
62 86
31 86
7 62
7 53
7 72
3 7
28 62
51 62
58 62
62 82
38 62
53 62
31 62
62 72
62 79
3 62
59 74
3 74
0 74
31 74
0 3
3 82
3 72
3 51
3 31
3 38
3 40
31 68
64 68
28 64
51 64
38 64
64 82
40 64
58 64
64 89
56 64
53 64
64 88
64 79
64 72
0 72
72 89
28 72
40 72
56 72
72 79
38 72
31 72
51 72
0 47
31 59
31 88
31 82
31 53
31 51
31 56
31 38
4 59
28 59
51 59
38 59
4 79
79 82
53 79
51 79
40 79
49 53
49 88
4 88
0 88
28 88
38 88
82 88
51 88
53 88
0 22
4 53
0 53
53 89
28 53
51 53
38 53
53 58
0 44
4 56
0 56
56 89
56 82
28 56
56 58
4 89
0 89
28 89
58 89
38 89
40 65
4 40
0 40
40 82
28 40
40 58
36 58
0 36
50 58
4 58
58 82
51 58
0 69
28 50
50 51
50 82
38 50
4 50
0 50
4 28
4 51
4 38
4 82
0 4
0 38
38 51
0 30
0 82
28 82
0 10
0 51
28 51
0 46
0 28
0 80
