90 801
6 13
13 79
6 83
79 83
13 58
58 83
6 29
29 79
29 58
6 22
22 79
13 22
22 83
6 61
61 79
58 61
22 61
6 46
46 79
22 46
13 46
46 83
29 46
46 61
6 36
36 79
22 36
36 46
13 81
81 83
29 81
61 81
6 62
62 79
22 62
46 62
62 81
13 78
78 83
29 78
61 78
6 42
42 79
22 42
42 46
42 81
42 78
22 33
33 46
13 33
33 83
29 33
33 61
22 57
46 57
33 57
13 41
41 83
41 61
29 41
26 78
26 41
13 49
49 83
49 75
13 68
68 83
6 65
65 79
22 65
46 65
65 81
65 78
33 65
13 60
60 83
60 61
29 60
22 87
60 87
13 66
66 83
61 66
29 66
23 66
43 79
22 43
43 46
43 81
33 43
43 60
43 66
43 68
13 43
36 43
42 43
11 22
11 41
22 63
13 63
63 83
61 63
29 63
36 63
11 63
22 76
46 76
76 78
60 76
63 76
13 72
72 83
29 72
22 67
46 67
33 67
41 67
66 67
67 72
19 22
19 60
19 66
19 43
13 19
19 65
16 19
16 26
18 49
18 72
13 82
18 82
6 86
79 86
22 86
46 86
81 86
78 86
33 86
60 86
49 86
72 86
82 86
13 35
26 35
54 63
54 68
35 54
26 54
52 84
44 66
43 44
44 82
44 59
26 44
17 63
17 43
17 82
3 63
3 43
3 82
13 89
23 89
87 89
62 89
21 22
21 46
21 33
21 60
21 66
21 43
21 35
21 89
21 36
46 47
41 47
47 49
47 68
19 47
47 89
30 47
30 44
6 40
22 40
40 46
40 81
33 40
40 60
40 63
40 72
19 40
40 59
36 40
40 44
19 45
26 45
45 47
17 45
8 76
8 69
30 69
14 66
14 68
14 19
14 26
14 18
14 47
14 45
14 83
14 87
14 75
36 85
17 85
40 85
62 85
14 85
1 22
1 46
1 81
1 60
1 49
1 72
1 35
1 59
1 52
1 44
1 40
1 83
1 87
1 69
19 28
26 28
28 52
17 28
33 80
41 80
66 80
43 80
35 80
3 80
36 80
0 80
8 80
28 80
6 10
10 79
10 22
10 46
10 33
10 41
10 49
10 68
10 82
3 10
10 18
0 10
10 80
10 62
18 34
17 34
34 45
27 55
55 71
55 62
55 84
7 49
7 72
7 19
3 7
7 26
7 44
7 40
7 71
7 61
11 20
74 80
62 74
4 22
4 46
4 81
4 41
4 66
4 68
4 19
3 4
4 52
0 4
4 40
4 23
4 61
27 31
30 31
4 31
31 84
51 52
0 51
51 80
40 51
51 62
51 84
18 70
47 70
8 70
30 70
70 87
70 84
7 70
70 86
9 35
9 89
9 36
9 44
8 9
9 23
9 14
9 84
9 70
9 31
9 34
9 75
25 61
25 28
25 55
8 88
30 88
37 88
20 88
51 88
10 88
22 48
46 48
33 48
48 60
48 66
48 68
48 82
48 59
48 52
47 48
48 80
48 83
48 62
48 84
28 48
48 88
34 48
32 46
32 41
32 63
32 68
32 82
32 59
32 52
17 32
8 32
32 83
32 61
32 54
32 57
5 19
5 26
5 18
5 17
5 80
5 71
5 62
4 5
5 70
12 63
12 68
12 35
3 12
12 36
12 47
12 44
12 23
12 37
4 12
12 51
5 12
15 36
0 15
15 45
15 71
15 87
15 28
15 57
15 31
2 8
2 30
2 4
1 2
2 57
2 5
2 15
2 13
2 32
2 25
2 67
2 34
12 15
15 76
53 87
28 53
53 55
10 53
15 53
53 86
38 45
30 38
38 87
38 54
38 55
38 69
34 38
15 38
38 53
38 74
56 82
56 59
18 56
17 56
40 56
23 56
4 56
56 84
55 56
10 56
56 69
48 56
53 56
38 56
21 56
63 77
43 77
77 82
59 77
52 77
44 77
27 77
77 83
61 77
20 77
7 77
77 88
6 64
64 79
22 64
46 64
64 81
64 78
33 64
60 64
63 64
64 72
19 64
59 64
36 64
47 64
27 64
64 83
64 87
54 64
57 64
64 88
45 50
23 50
50 87
50 54
7 50
50 69
50 64
50 86
29 50
50 65
6 24
22 24
24 46
24 81
24 33
24 41
24 63
24 72
24 35
24 26
24 47
24 44
24 45
24 62
24 61
24 54
24 57
5 24
24 50
24 67
12 24
24 76
24 77
24 85
16 50
64 85
73 87
20 73
51 73
5 73
64 73
48 73
65 73
16 73
11 73
35 39
39 59
36 39
39 44
8 39
39 71
14 39
1 39
7 39
31 39
34 39
39 67
39 53
16 39
11 39
39 73
42 64
64 75
64 77
32 77
25 77
77 85
56 77
29 38
11 53
15 74
12 75
12 42
12 65
12 29
5 16
5 32
5 29
32 86
11 32
21 32
32 48
48 85
13 48
25 88
85 88
42 88
25 86
13 25
9 25
21 25
9 16
9 74
9 29
69 70
70 76
70 74
51 70
31 51
51 65
51 75
21 51
13 31
31 65
31 86
31 76
4 76
4 74
4 21
4 13
20 74
69 74
67 74
74 76
29 74
20 75
7 20
20 65
7 28
7 85
7 10
7 55
42 55
29 55
16 55
27 71
27 57
27 67
13 27
30 71
34 71
42 71
13 71
57 71
65 71
34 37
34 84
34 57
10 34
11 34
21 37
37 61
29 37
37 42
37 65
13 37
10 37
10 84
10 11
10 67
10 69
16 80
80 83
21 80
65 80
80 84
28 83
14 28
1 28
28 76
28 67
11 28
1 85
1 29
1 54
1 42
1 16
65 85
42 85
14 69
14 67
14 84
11 14
69 75
21 69
8 61
8 42
8 45
45 75
40 45
23 45
45 87
11 45
40 54
30 40
29 40
40 62
40 84
30 67
30 75
30 54
29 30
47 67
47 75
47 83
42 47
21 47
47 62
21 83
21 57
13 21
21 42
57 89
3 89
26 89
3 75
3 42
3 65
3 29
3 13
3 17
0 3
3 11
3 87
17 36
17 57
17 23
11 17
17 61
17 65
17 44
29 44
44 84
44 86
52 86
52 65
23 52
52 54
0 54
54 61
54 86
54 67
54 57
35 62
29 35
35 59
35 76
35 61
35 42
13 59
59 61
36 59
18 59
59 86
59 76
0 86
23 86
62 86
29 86
65 86
82 83
11 82
0 82
18 42
18 36
0 18
16 18
18 62
18 61
18 83
18 87
0 16
16 23
16 61
16 75
16 76
19 67
19 75
19 36
19 57
26 67
0 67
67 76
67 75
62 72
72 76
26 72
36 76
0 76
23 76
65 76
62 63
0 63
57 63
11 43
11 36
11 23
11 13
43 83
23 43
43 57
0 43
43 61
23 26
23 83
23 62
42 66
66 87
68 87
0 87
83 87
62 87
60 65
42 60
49 65
65 68
68 75
0 75
42 75
26 49
49 61
36 49
29 49
26 83
26 57
13 26
0 41
41 62
41 57
57 61
13 57
33 36
33 62
0 33
33 42
13 42
62 78
36 78
36 81
0 81
29 36
0 46
61 83
22 29
0 22
0 13
0 6
