90 1201
61 81
11 20
20 81
23 61
20 23
11 23
72 81
23 72
15 61
15 20
11 15
15 72
60 81
23 60
15 60
16 61
16 20
11 16
16 72
16 60
78 81
23 78
15 78
16 78
2 61
2 20
2 11
2 72
2 60
2 78
76 81
23 76
15 76
16 76
18 61
18 20
11 18
18 72
18 60
18 78
18 76
16 18
51 81
23 51
15 51
2 51
18 51
37 61
20 37
11 37
37 72
37 60
37 78
37 76
16 37
37 51
34 81
23 34
15 34
2 34
18 34
61 86
20 86
11 86
72 86
60 86
78 86
76 86
16 86
51 86
34 86
26 81
23 26
15 26
2 26
18 26
35 61
20 35
11 35
35 72
35 60
35 78
35 76
16 35
35 51
34 35
26 35
11 21
21 26
21 81
21 23
15 21
18 21
2 21
11 19
19 76
19 34
19 21
19 50
81 89
23 89
15 89
19 89
61 69
11 69
69 72
69 76
16 69
26 69
2 69
69 89
33 61
20 33
11 33
33 72
33 60
33 78
33 51
81 82
23 82
15 82
18 82
2 82
37 82
25 61
11 25
25 72
25 60
25 78
25 76
25 34
25 82
11 59
21 59
59 81
23 59
15 59
7 61
7 11
7 72
7 78
7 16
2 7
7 59
11 30
30 78
30 34
21 30
2 30
30 59
30 81
23 30
50 73
30 73
33 73
16 28
21 28
28 50
28 30
11 75
21 75
50 75
30 75
31 81
23 31
16 54
26 54
54 59
31 54
54 75
13 61
13 20
11 13
13 72
13 60
13 78
13 16
13 26
2 13
13 59
13 33
13 81
11 27
16 27
27 51
26 27
27 50
27 59
13 27
27 28
1 61
1 20
1 11
1 72
1 60
1 78
1 76
1 16
1 51
1 34
1 26
1 82
1 59
1 30
1 75
1 13
16 65
21 65
2 65
30 65
31 65
52 81
49 59
30 49
33 49
49 52
1 49
6 49
25 49
4 61
4 20
4 11
4 72
4 60
4 78
4 76
4 16
4 34
4 21
2 4
4 30
4 33
4 13
1 4
3 23
75 79
52 79
1 79
3 79
61 67
11 67
34 67
26 67
59 67
30 67
33 67
13 67
6 67
50 63
63 89
31 63
13 63
6 63
24 61
20 24
11 24
24 72
24 60
24 78
24 76
16 24
24 51
21 24
24 50
24 59
24 75
13 24
24 37
7 24
31 88
13 88
1 88
24 88
25 88
11 56
56 76
16 56
21 56
2 56
56 59
33 56
52 56
1 56
56 67
25 56
36 61
20 36
11 36
36 72
36 60
36 78
36 76
16 36
36 51
34 36
26 36
21 36
36 50
36 59
33 36
28 36
6 36
36 63
36 56
4 36
36 73
9 31
9 13
6 9
3 9
9 67
4 9
2 44
30 44
31 44
44 52
37 44
24 44
25 44
38 51
21 38
38 50
38 89
31 38
13 38
1 38
24 38
38 67
38 56
27 38
25 40
38 40
15 40
9 40
11 85
76 85
16 85
82 85
50 85
59 85
75 85
28 85
37 85
63 85
67 85
4 85
15 85
27 85
74 75
52 74
37 74
63 74
56 74
4 74
17 61
17 20
11 17
17 72
17 60
17 78
17 76
16 17
17 51
17 26
2 17
17 89
17 75
13 17
6 17
17 24
17 25
17 38
17 73
37 80
3 80
80 86
4 80
17 80
6 64
24 64
64 86
15 64
44 64
29 50
29 30
29 75
28 29
29 37
3 29
29 86
29 56
29 73
29 64
29 35
23 29
29 65
11 70
70 78
16 70
26 70
2 70
59 70
33 70
13 70
1 70
3 70
67 70
38 70
17 70
64 70
47 86
4 47
44 47
47 64
47 85
61 71
11 71
16 71
26 71
2 71
30 71
31 71
28 71
37 71
63 71
71 86
15 71
44 71
27 71
47 71
23 71
53 61
11 53
53 72
53 76
16 53
21 53
2 53
30 53
53 75
13 53
6 53
3 53
53 86
15 53
53 73
9 53
53 85
23 53
10 33
10 52
6 10
10 63
10 86
4 10
10 17
10 64
10 47
10 23
46 61
20 46
11 46
46 72
46 60
46 78
16 46
21 46
2 46
30 46
33 46
46 52
6 46
24 46
25 46
15 46
46 73
9 46
46 47
23 46
10 46
46 74
11 58
58 78
16 58
58 82
2 58
30 58
31 58
13 58
37 58
24 58
56 58
38 58
17 58
9 58
58 85
32 61
20 32
11 32
32 72
32 60
32 78
32 76
16 32
32 51
26 32
2 32
32 59
32 75
32 52
32 37
24 32
32 67
32 56
32 44
27 32
1 55
24 55
55 67
4 55
17 55
55 85
68 86
4 68
44 68
64 68
55 68
35 68
53 68
6 62
62 63
62 86
4 62
44 62
27 62
55 62
35 62
53 62
2 12
12 89
12 75
12 52
12 37
12 24
12 67
12 15
12 17
12 64
12 85
12 19
12 62
34 66
26 66
50 66
66 89
31 66
28 66
1 66
24 66
25 66
4 66
66 73
64 66
35 66
19 66
53 66
62 66
66 69
11 14
14 16
14 34
14 21
14 50
14 89
14 33
14 28
6 14
14 63
14 86
14 56
14 17
14 27
14 55
14 23
14 65
14 66
14 71
14 36
14 68
50 77
31 77
33 77
13 77
28 77
63 77
25 77
56 77
44 77
64 77
47 77
23 77
19 77
74 77
58 77
2 39
39 59
33 39
28 39
37 39
39 63
39 86
39 56
39 44
9 39
39 55
23 39
39 53
39 74
39 71
39 54
39 81
39 49
29 39
39 77
39 79
12 39
39 69
39 80
68 77
14 77
43 61
20 43
11 43
43 72
43 60
43 78
34 43
26 43
43 59
30 43
43 75
43 52
37 43
24 43
25 43
4 43
43 73
43 85
35 43
32 43
43 65
43 62
8 11
8 26
2 8
8 89
8 31
8 13
1 8
3 8
8 86
8 38
8 15
8 64
8 35
8 19
8 65
8 74
8 70
67 83
15 83
73 83
9 83
35 83
32 83
53 83
66 83
8 83
46 83
0 83
18 83
5 61
5 20
5 11
5 72
5 60
5 78
5 34
5 26
5 59
5 89
5 31
5 52
5 37
5 63
5 67
5 56
5 73
5 64
5 55
5 19
5 10
5 66
5 58
5 8
5 83
5 14
5 81
1 42
42 63
42 86
38 42
42 73
9 42
42 55
23 42
42 53
42 62
42 70
42 46
42 83
12 42
5 42
61 84
20 84
11 84
72 84
60 84
78 84
76 84
16 84
51 84
21 84
50 84
30 84
75 84
28 84
1 84
3 84
84 86
38 84
44 84
64 84
55 84
32 84
10 84
70 84
8 84
46 84
54 84
14 84
81 84
5 84
7 84
42 84
69 84
29 84
57 61
11 57
57 72
57 76
34 57
57 82
50 57
57 89
33 57
52 57
6 57
24 57
56 57
15 57
17 57
9 57
47 57
32 57
10 57
57 74
57 58
36 57
57 68
57 80
5 57
40 57
29 57
48 75
48 52
6 48
3 48
25 48
38 48
44 48
27 48
48 55
19 48
10 48
48 62
48 71
46 48
48 54
48 80
48 81
31 41
28 41
6 41
41 63
41 67
15 41
41 44
27 41
41 85
23 41
19 41
41 74
41 70
41 46
41 83
14 41
18 41
5 41
41 49
41 48
41 88
41 79
48 57
43 48
48 79
15 22
22 64
22 55
22 32
22 53
22 62
22 58
22 46
22 54
14 22
18 22
22 40
22 42
22 48
22 69
22 29
42 57
45 73
27 45
35 45
32 45
10 45
45 74
45 70
36 45
45 68
45 77
18 45
40 45
45 57
45 88
7 45
0 45
42 79
42 88
5 43
69 83
40 83
79 83
8 43
8 79
8 36
8 40
8 68
8 88
36 43
43 68
43 77
43 81
61 87
11 87
16 87
21 87
2 87
59 87
31 87
52 87
37 87
24 87
67 87
38 87
17 87
27 87
55 87
19 87
10 87
62 87
71 87
46 87
68 87
14 87
12 87
40 87
49 87
69 87
0 87
43 87
7 43
29 43
40 77
12 77
0 77
69 77
14 49
12 66
49 66
58 66
66 79
66 80
36 66
12 71
12 54
12 18
0 12
12 40
12 88
18 62
62 71
62 68
62 70
46 68
29 68
49 68
19 55
18 55
32 55
23 55
32 35
32 70
32 36
32 65
32 74
32 58
32 88
58 65
18 58
49 58
0 58
7 58
54 58
46 58
36 46
10 36
10 74
10 70
10 53
10 81
53 88
49 53
53 71
53 65
70 71
29 71
71 88
71 80
69 71
0 47
47 70
47 74
36 47
47 81
47 80
47 79
47 65
0 70
70 88
29 70
70 81
29 80
18 29
29 79
27 64
64 65
64 80
23 80
65 80
54 80
79 80
80 81
80 88
7 80
17 35
17 74
17 23
17 54
0 17
17 88
74 85
54 74
40 74
74 81
7 74
23 85
85 88
69 85
7 85
54 85
40 85
19 40
40 65
36 40
0 40
19 38
23 38
15 38
38 54
38 73
38 44
15 44
44 65
9 44
19 44
44 81
9 49
9 36
9 69
0 9
9 18
9 54
9 79
0 36
18 36
7 36
19 56
56 69
4 56
7 56
56 81
56 88
27 88
54 88
49 88
79 88
18 24
24 35
24 25
24 63
15 63
63 73
63 67
27 63
0 63
19 63
67 69
67 79
67 73
65 67
35 67
67 81
4 79
73 79
35 79
65 79
18 79
3 86
3 81
3 4
3 65
4 25
4 49
4 35
4 65
49 73
35 49
19 49
49 81
49 69
0 49
0 52
25 52
52 65
1 65
65 69
0 65
54 65
1 69
0 1
1 6
1 23
1 73
1 15
1 37
6 86
6 25
6 27
6 54
25 27
15 27
27 35
27 81
7 27
19 27
13 28
13 69
13 15
13 18
13 54
28 54
54 86
23 54
7 54
54 81
31 75
75 81
23 75
7 75
28 75
35 75
75 86
25 75
28 37
28 81
28 73
28 86
23 28
28 35
19 28
7 28
7 73
69 73
18 73
7 30
15 30
30 37
30 33
7 37
7 86
7 23
7 19
7 81
7 69
0 7
33 59
25 59
59 86
25 89
25 86
15 25
18 25
0 25
23 25
33 82
33 81
23 33
19 33
33 69
15 33
18 33
33 37
0 33
69 86
19 69
18 69
35 89
0 89
18 89
19 37
18 19
21 86
21 35
21 50
35 50
35 37
0 35
18 35
35 81
26 86
26 37
2 86
34 37
37 50
37 81
18 37
50 51
2 18
18 50
15 18
2 76
50 76
2 16
2 81
2 23
2 15
2 50
16 81
16 23
15 16
15 50
0 15
23 50
11 81
50 81
11 61
11 50
0 50
