90 1602
35 80
35 74
76 80
74 76
35 85
76 85
59 80
59 74
59 85
26 35
26 76
26 59
51 80
51 74
51 85
26 51
10 35
10 76
10 51
10 59
4 80
4 74
4 85
4 26
4 10
16 80
16 74
16 85
16 26
10 16
16 35
16 76
16 59
16 51
50 80
50 74
50 85
26 50
10 50
16 50
32 35
32 76
32 59
32 51
32 50
4 32
40 80
40 74
40 85
26 40
10 40
16 40
32 40
57 80
57 74
57 85
26 57
10 57
16 57
32 57
35 57
57 76
57 59
51 57
4 57
40 57
50 57
9 80
9 74
9 85
9 26
9 10
9 16
9 32
9 57
35 82
76 82
51 82
59 82
50 82
4 82
40 82
73 80
73 74
73 85
26 73
10 73
16 73
32 73
57 73
73 82
35 45
45 76
45 59
45 51
40 45
45 50
4 45
65 80
65 74
65 85
26 65
10 65
16 65
32 65
57 65
65 82
45 65
50 65
26 49
10 49
16 49
49 57
45 49
35 49
49 76
49 51
49 59
4 49
40 49
61 80
61 74
61 85
26 61
10 61
16 61
32 61
57 61
61 82
45 61
50 61
49 61
34 35
34 76
34 59
34 51
34 40
4 34
24 50
24 34
9 24
9 79
35 79
76 79
51 79
59 79
72 85
26 72
16 72
72 82
50 72
49 72
9 72
72 79
60 80
60 74
60 85
26 60
10 60
16 60
32 60
60 82
45 60
49 60
35 86
76 86
59 86
51 86
40 86
4 86
23 85
23 26
16 23
23 82
23 50
23 49
23 86
23 79
23 60
35 63
63 76
77 80
74 77
26 77
16 77
32 77
57 77
50 77
49 77
77 86
77 79
60 77
63 77
9 87
79 87
60 87
7 35
7 76
48 80
48 74
48 85
26 48
10 48
16 48
32 48
48 57
45 48
48 49
34 48
71 85
26 71
32 71
57 71
45 71
49 71
71 86
9 71
35 71
71 76
59 71
51 71
26 68
10 68
16 68
57 68
50 68
49 68
34 68
68 71
60 68
14 16
14 82
14 50
14 34
9 14
14 79
14 60
7 14
14 35
14 76
14 59
39 74
10 39
16 39
39 82
39 45
39 49
9 39
39 71
31 35
31 76
19 74
19 26
16 19
19 57
19 50
19 49
19 34
19 71
19 31
19 63
14 19
16 53
53 57
50 53
34 53
53 86
9 53
53 71
14 53
9 37
37 79
31 37
7 37
35 37
37 76
9 64
64 79
60 64
7 64
37 64
53 64
25 80
25 74
25 85
25 26
10 25
16 25
25 32
25 57
25 82
25 45
25 50
25 49
25 86
25 71
25 60
25 63
25 87
25 53
25 59
25 35
2 80
2 74
2 85
2 26
2 10
2 16
2 32
2 82
2 45
2 34
2 9
2 79
2 71
2 63
2 37
42 45
34 42
42 86
42 79
42 60
7 42
37 42
42 53
35 42
62 80
62 74
62 85
26 62
10 62
16 62
32 62
62 82
50 62
49 62
62 86
62 79
31 62
7 62
37 62
42 62
59 62
35 62
28 74
26 28
28 32
28 57
28 50
28 34
28 86
28 79
28 71
7 28
28 87
28 42
25 28
5 26
5 16
5 32
5 57
5 45
5 34
5 9
5 79
5 31
5 7
5 87
5 53
5 25
5 35
5 19
9 20
20 71
20 31
20 63
20 37
20 87
5 20
20 35
29 50
29 49
9 29
29 71
29 60
29 63
29 37
29 87
29 59
55 87
42 55
55 59
35 55
23 55
21 80
21 74
21 26
16 21
21 57
21 82
21 45
21 34
21 86
21 79
21 60
14 21
21 87
21 42
21 25
21 55
6 21
20 21
47 80
47 74
26 47
10 47
16 47
47 57
47 50
47 49
9 47
47 71
7 47
47 63
47 87
42 47
47 59
35 47
47 55
13 42
13 55
6 13
50 58
49 58
9 58
58 71
58 60
7 58
37 58
42 58
25 58
55 58
6 58
13 58
59 69
5 69
29 69
13 69
5 43
35 43
6 43
15 71
7 15
14 15
15 87
15 25
15 35
15 29
15 68
15 48
14 52
52 53
42 52
35 52
6 52
15 52
20 52
80 88
74 88
26 88
16 88
32 88
57 88
45 88
34 88
86 88
71 88
31 88
14 88
87 88
53 88
5 88
35 88
29 88
13 88
69 88
34 41
9 41
41 60
7 41
37 41
41 53
41 59
41 55
6 41
15 41
20 41
41 88
41 65
80 84
74 84
84 85
26 84
10 84
16 84
32 84
57 84
82 84
45 84
50 84
49 84
84 86
71 84
31 84
7 84
14 84
53 84
25 84
5 84
6 84
15 84
69 84
84 88
77 84
19 84
45 83
50 83
34 83
79 83
60 83
7 83
83 87
42 83
59 83
5 83
29 83
13 83
20 83
43 83
65 83
83 84
23 83
50 66
34 66
66 86
66 79
31 66
63 66
37 66
42 66
59 66
35 66
29 66
13 66
20 66
66 88
66 77
65 66
24 66
51 66
1 16
1 57
1 45
1 49
1 86
1 71
1 31
1 7
1 14
1 53
1 25
1 35
1 29
1 13
1 69
1 88
1 65
1 84
1 24
1 66
1 4
1 2
3 50
3 49
3 34
3 71
3 60
3 7
3 37
3 42
3 59
3 5
3 6
3 20
3 47
3 43
3 52
3 65
3 41
3 66
3 4
2 3
3 68
3 62
12 16
12 57
12 45
12 49
12 34
12 79
12 60
12 63
12 37
12 53
12 25
12 35
12 55
12 15
12 69
12 88
12 52
12 23
54 80
54 74
54 85
26 54
10 54
16 54
32 54
54 57
54 82
45 54
50 54
34 54
54 86
54 71
7 54
14 54
54 87
42 54
25 54
35 54
29 54
15 54
54 69
47 54
52 54
54 84
18 80
18 74
18 85
18 26
10 18
16 18
18 32
18 57
18 82
18 45
18 50
18 49
9 18
18 71
18 60
18 63
14 18
18 53
18 59
5 18
18 55
13 18
18 47
18 88
18 52
18 84
18 54
18 51
36 80
36 74
36 85
26 36
10 36
16 36
32 36
36 57
36 82
36 45
36 50
34 36
9 36
36 79
36 60
7 36
36 37
36 87
36 59
35 36
36 55
15 36
36 69
36 47
36 77
23 36
24 36
36 41
56 60
56 63
14 56
53 56
25 56
35 56
6 56
29 56
20 56
43 56
56 65
23 56
24 56
56 66
36 56
48 56
9 67
67 79
31 67
14 67
37 67
53 67
25 67
55 67
6 67
15 67
47 67
67 88
67 77
65 67
54 67
41 67
36 67
2 67
0 67
14 75
75 87
59 75
5 75
29 75
15 75
69 75
43 75
75 77
75 84
24 75
66 75
4 75
2 75
67 75
30 80
30 74
30 85
26 30
30 32
30 57
30 45
30 34
30 86
9 30
30 60
7 30
30 37
30 53
30 59
5 30
30 55
20 30
30 69
30 43
30 52
23 30
30 54
30 41
4 30
2 30
3 30
5 8
8 35
8 55
8 15
8 20
8 88
8 52
8 65
8 24
8 41
8 36
8 48
8 30
8 64
1 8
8 75
17 59
5 17
6 17
15 17
17 47
17 43
17 65
17 23
17 54
17 51
17 48
2 17
0 17
1 17
46 59
5 46
6 46
20 46
46 47
46 88
46 52
46 65
46 54
46 51
36 46
3 46
46 67
46 64
70 86
70 79
31 70
63 70
70 87
53 70
59 70
35 70
29 70
15 70
20 70
47 70
52 70
65 70
24 70
41 70
66 70
2 70
67 70
64 70
46 70
70 73
8 70
16 89
57 89
45 89
49 89
34 89
79 89
31 89
7 89
14 89
42 89
59 89
55 89
29 89
15 89
20 89
88 89
52 89
65 89
54 89
51 89
36 89
48 89
0 89
64 89
46 89
56 89
8 89
5 33
33 35
6 33
13 33
33 47
33 43
33 77
23 33
24 33
33 66
4 33
2 33
3 33
1 33
26 44
10 44
44 57
44 82
44 50
44 49
44 86
44 71
44 60
44 63
44 87
42 44
5 44
35 44
6 44
15 44
20 44
44 47
44 77
23 44
24 44
44 51
36 44
2 44
30 44
44 64
44 46
44 62
34 38
38 79
38 60
38 63
38 87
38 53
5 38
35 38
6 38
13 38
38 47
38 88
38 77
23 38
24 38
38 41
38 48
2 38
38 67
30 38
38 44
38 75
11 50
11 49
9 11
11 79
11 31
11 14
11 37
11 42
11 25
11 35
11 29
11 13
11 69
11 88
11 52
11 84
11 54
11 51
11 66
3 11
0 11
11 64
11 46
11 73
8 11
16 22
22 82
22 50
22 49
9 22
22 71
22 31
7 22
14 22
22 53
22 25
5 22
22 55
15 22
20 22
22 88
22 77
22 23
22 24
22 66
22 36
22 48
0 22
1 22
22 46
22 75
11 22
22 58
22 40
22 76
22 83
22 28
22 70
25 78
35 78
55 78
29 78
20 78
78 88
77 78
65 78
54 78
41 78
66 78
3 78
67 78
30 78
1 78
75 78
8 78
62 78
39 78
38 78
33 78
22 78
60 81
63 81
37 81
53 81
25 81
35 81
29 81
13 81
69 81
43 81
52 81
23 81
24 81
51 81
4 81
2 81
0 81
30 81
46 81
75 81
11 81
62 81
58 81
12 81
81 83
61 81
78 81
70 81
27 74
26 27
27 32
27 57
27 45
27 50
27 86
9 27
27 31
14 27
27 37
27 42
27 59
27 55
27 29
13 27
27 47
27 88
27 52
23 27
27 54
27 66
27 36
27 48
27 67
27 64
27 44
27 73
8 27
27 89
27 40
27 76
27 83
22 27
27 81
27 70
27 61
27 78
19 81
61 78
70 78
22 72
11 38
11 12
11 58
11 76
11 68
11 28
11 61
38 58
38 39
12 38
17 38
38 61
38 83
38 72
18 38
33 44
44 56
40 44
44 75
44 58
44 68
44 61
44 73
33 56
33 73
33 89
33 40
12 33
17 33
19 33
21 33
33 68
33 70
21 89
18 89
70 89
68 89
58 89
17 89
28 89
58 70
70 76
18 70
46 83
39 46
46 76
17 46
28 46
21 46
17 56
8 17
17 39
17 68
17 21
17 61
17 28
17 72
8 39
8 72
8 18
8 21
18 30
30 39
19 30
30 75
12 30
30 72
1 30
30 61
72 75
18 75
40 75
19 75
56 75
62 75
58 67
67 83
56 67
28 67
62 67
39 67
64 67
56 64
56 58
12 56
56 68
56 76
56 72
56 83
28 56
12 36
36 83
18 36
0 36
21 36
19 36
36 72
36 48
3 18
18 64
18 73
18 39
18 76
18 68
18 72
18 21
18 19
4 54
54 61
12 54
28 54
51 54
48 54
54 58
54 68
54 64
12 51
3 12
0 12
1 12
12 62
12 39
12 28
12 83
12 68
12 21
3 76
3 72
0 3
1 3
3 73
1 68
1 83
1 58
1 40
1 21
1 19
48 66
66 83
39 66
66 68
58 66
4 66
2 83
73 83
62 83
40 83
28 83
68 83
2 84
48 84
58 84
39 84
72 84
62 84
28 84
61 84
51 84
76 84
41 84
21 84
24 41
39 41
21 41
41 76
19 41
0 41
41 58
41 72
41 62
41 68
0 88
19 88
76 88
40 88
51 88
52 88
52 61
0 52
52 65
52 73
52 62
52 68
40 52
48 52
15 28
15 40
15 77
2 15
15 43
15 73
15 62
43 69
21 43
28 43
43 68
43 48
43 65
4 43
43 64
2 43
43 72
39 43
23 43
43 61
24 43
23 69
69 77
51 69
58 69
61 69
68 69
69 72
0 69
47 69
19 69
24 69
47 58
58 65
48 58
39 58
19 58
40 58
21 58
13 24
0 13
13 51
13 61
13 76
4 13
13 47
13 64
13 65
13 23
13 39
21 47
40 47
4 47
2 47
47 64
47 73
47 62
47 77
21 77
21 51
21 48
0 21
21 73
21 68
21 72
19 21
24 55
29 55
4 55
19 55
39 55
55 76
55 64
55 72
29 68
19 29
29 73
29 51
20 29
24 29
29 77
2 29
29 72
19 20
20 48
20 39
20 65
20 73
20 28
20 76
20 62
5 28
5 77
5 39
5 76
5 40
5 73
6 28
28 77
28 51
4 28
28 48
28 64
28 39
28 72
28 61
19 28
4 6
6 62
6 48
0 6
6 61
6 40
6 65
6 23
24 62
4 62
62 64
62 73
19 62
40 62
61 62
62 76
62 72
42 61
42 76
42 59
2 42
39 42
4 42
0 42
42 65
42 73
2 25
2 35
2 77
2 24
2 51
2 4
2 48
2 73
2 61
25 68
24 25
25 64
25 48
25 40
25 39
25 51
4 25
35 64
64 77
23 64
51 64
4 64
48 64
64 73
64 76
37 48
4 37
24 37
37 39
37 73
37 87
37 40
37 53
23 37
35 53
53 76
23 53
51 53
19 53
48 53
53 72
53 77
53 68
19 65
19 24
19 48
0 19
19 39
19 76
19 68
31 59
31 51
31 39
31 65
31 40
14 39
39 77
4 39
39 48
39 73
39 76
14 68
14 24
14 51
0 14
14 65
14 72
14 61
68 87
35 68
23 68
0 68
40 68
48 71
60 71
0 71
40 71
71 73
4 71
7 48
48 63
35 48
40 48
7 73
4 7
7 61
7 40
7 72
0 7
7 87
35 87
76 87
51 87
59 87
77 87
24 87
65 87
40 87
73 87
59 77
4 77
76 77
72 77
23 77
51 77
23 63
63 65
23 59
23 40
23 24
0 23
23 72
23 76
73 86
60 86
35 60
60 76
51 60
59 60
60 61
60 72
0 60
24 60
59 72
35 72
0 72
40 72
72 76
24 79
73 79
61 79
65 79
4 79
24 65
24 73
24 40
34 73
9 34
0 34
34 61
59 61
35 61
51 61
4 61
0 61
61 73
40 61
61 76
49 65
0 49
9 49
9 65
35 65
0 65
65 73
4 65
45 73
9 45
50 73
51 73
4 73
40 73
9 82
9 50
9 35
9 76
9 51
9 59
4 9
9 40
0 57
40 50
40 51
4 40
0 40
35 50
50 76
50 51
50 59
4 50
0 50
4 16
0 16
4 51
4 76
0 10
35 51
0 26
35 59
59 76
0 59
0 76
0 74
0 35
0 80
