90 801
6 20
6 25
20 89
25 89
6 47
47 89
20 52
25 52
47 52
6 52
52 89
20 77
25 77
47 77
52 77
6 46
46 89
19 20
19 25
19 47
19 52
19 46
6 54
54 89
54 77
20 27
25 27
27 47
27 52
27 46
27 54
27 63
6 49
49 89
12 52
12 54
12 49
20 81
52 81
54 81
6 81
81 89
8 20
8 47
8 52
8 46
8 49
8 81
16 52
16 46
16 63
10 16
6 16
16 89
52 83
54 83
63 83
10 83
16 83
6 83
83 89
82 83
6 9
9 12
5 83
5 9
67 83
6 48
35 48
54 86
10 86
83 86
9 86
16 71
71 86
20 50
50 52
50 63
50 81
16 50
6 18
61 83
18 61
3 63
3 81
3 16
3 9
3 28
3 89
3 77
3 8
0 3
55 81
48 55
24 81
24 86
24 55
24 64
20 75
25 75
52 75
46 75
63 75
75 81
75 83
18 75
24 75
40 75
75 77
15 78
28 39
39 89
15 39
20 21
21 25
21 52
21 46
21 63
10 21
21 83
21 48
21 67
21 61
21 77
37 49
10 37
37 83
37 86
24 37
37 89
37 55
16 70
70 86
50 70
40 70
37 70
35 70
58 63
58 81
58 83
18 58
24 58
58 61
8 58
35 58
15 41
15 22
80 83
9 80
50 80
67 80
77 80
22 80
58 80
32 80
20 66
52 66
63 66
10 66
48 66
66 86
28 66
66 67
8 66
21 66
58 66
32 66
4 50
4 89
50 88
38 88
37 88
21 88
16 68
48 68
24 68
67 68
68 77
22 68
1 81
1 48
1 28
1 89
1 15
1 22
17 50
17 38
17 77
8 17
1 17
0 59
59 71
20 56
25 56
52 56
46 56
56 63
10 56
56 83
9 56
56 67
56 61
37 56
56 78
0 56
56 59
56 66
64 72
20 87
25 87
52 87
46 87
49 87
10 87
16 87
9 87
24 87
67 87
37 87
35 87
58 87
45 63
10 45
45 81
45 86
24 45
45 61
8 45
22 45
45 68
45 59
45 87
1 62
45 62
62 88
16 65
65 86
65 67
61 65
65 77
21 65
65 78
32 65
11 58
11 71
7 63
7 81
7 16
7 18
7 50
7 40
7 38
7 8
7 68
7 71
7 11
20 44
25 44
44 52
44 46
44 49
10 44
44 83
9 44
44 50
40 44
44 77
22 44
44 68
44 55
7 44
13 81
13 86
13 24
13 67
13 15
13 35
13 68
13 59
11 13
30 77
21 30
30 78
30 55
11 30
30 53
53 87
5 53
8 34
34 78
1 34
34 45
34 88
34 56
42 48
18 42
24 42
42 61
8 42
35 42
1 42
32 42
42 88
30 42
42 65
43 52
43 46
43 54
43 81
16 43
18 43
28 43
43 61
37 43
35 43
0 43
32 43
11 43
43 65
42 43
23 83
23 48
23 24
23 61
23 37
23 78
0 23
23 71
23 88
23 87
23 42
23 70
2 7
2 87
2 65
2 23
2 41
20 74
47 74
52 74
46 74
49 74
10 74
16 74
74 86
50 74
74 89
38 74
35 74
58 74
59 74
74 88
65 74
37 85
78 85
0 85
55 85
66 85
13 85
75 85
74 85
41 85
31 81
18 31
31 50
31 89
31 38
31 78
0 31
31 71
11 31
31 72
31 85
31 34
63 73
10 73
73 83
73 86
50 73
61 73
37 73
22 73
58 73
55 73
73 88
30 73
73 85
34 73
26 37
21 26
26 58
26 59
11 26
26 56
24 76
76 89
15 76
22 76
1 76
71 76
45 76
76 87
14 28
14 89
8 14
14 21
14 58
14 32
7 14
14 72
14 76
14 62
3 14
14 44
14 80
14 19
12 14
6 14
17 76
4 76
38 51
35 51
0 51
32 51
11 51
51 56
51 76
51 75
48 60
60 86
50 60
60 61
15 60
21 60
60 68
55 60
60 88
13 60
60 85
51 60
60 73
26 60
17 60
60 64
29 68
29 45
29 66
29 87
29 65
29 34
29 80
29 74
52 79
54 79
63 79
49 79
16 79
79 86
28 79
61 79
37 79
22 79
0 79
59 79
66 79
30 79
42 79
16 33
18 33
33 50
33 61
33 77
22 33
33 58
33 59
33 66
33 72
33 65
23 33
33 62
33 79
33 41
50 57
38 57
37 57
22 57
57 78
32 57
57 66
30 57
5 57
33 57
57 73
43 57
57 79
53 57
44 57
12 57
33 75
6 33
27 79
43 79
29 79
53 79
52 69
46 69
49 69
10 69
69 83
18 69
50 69
40 69
38 69
35 69
1 69
32 69
11 69
56 69
42 69
34 69
19 69
26 69
69 79
53 69
2 69
6 69
29 60
29 70
3 29
60 70
51 64
20 84
52 84
49 84
10 84
81 84
18 84
24 84
84 89
15 84
22 84
78 84
55 84
7 84
84 87
5 84
51 84
19 84
62 84
17 84
2 84
31 84
12 84
26 51
17 51
36 45
13 36
36 42
36 51
36 41
36 43
4 36
36 75
12 36
36 39
12 76
26 76
70 76
76 82
26 73
26 70
26 64
26 39
31 73
73 74
70 73
31 43
31 75
31 64
31 44
19 85
3 85
23 74
62 74
2 74
53 74
4 74
2 3
2 6
23 43
23 27
4 23
43 80
12 43
42 64
34 42
34 53
34 39
34 82
19 53
39 53
5 30
6 30
13 30
4 30
13 65
3 13
13 39
5 13
13 44
5 44
41 44
44 80
44 82
44 64
7 41
7 19
7 70
7 12
7 82
11 65
6 11
65 75
62 65
27 62
17 62
62 82
62 75
45 70
4 45
45 75
3 45
87 88
72 87
12 87
80 87
56 72
72 82
19 72
56 70
17 56
41 56
27 56
17 59
59 75
19 59
17 66
17 19
17 75
17 82
1 27
1 64
1 6
1 55
1 68
1 39
68 88
19 68
12 68
68 71
68 75
55 88
39 88
64 88
38 77
4 38
27 38
38 71
6 38
5 38
4 78
0 4
4 66
4 19
3 4
4 64
4 39
27 66
66 80
5 80
41 80
6 80
3 80
19 22
22 41
41 58
41 71
27 41
41 64
58 70
5 58
70 82
39 70
32 37
12 37
21 32
0 32
12 32
32 55
21 35
21 39
21 27
21 55
0 21
39 55
5 39
27 39
15 82
35 78
75 78
64 78
6 75
40 71
40 64
8 40
8 64
64 71
24 82
24 67
6 24
55 67
3 55
5 55
3 19
3 12
8 28
28 61
27 28
28 35
28 77
61 67
19 61
12 61
18 50
12 50
50 71
8 71
71 82
6 71
27 71
35 86
77 86
19 86
6 86
35 67
35 77
35 82
6 35
12 48
19 48
48 89
48 67
8 48
0 48
0 67
19 67
67 89
5 67
5 89
5 8
5 27
5 6
9 82
9 89
9 27
82 89
0 82
27 82
6 82
16 77
8 16
0 16
8 77
8 12
12 81
19 81
27 81
12 27
10 49
6 10
10 89
0 10
10 27
10 77
27 89
19 54
54 63
19 63
19 77
46 77
46 63
63 77
0 77
52 63
63 89
6 89
0 89
25 63
6 63
20 63
0 63
