90 801
9 35
9 21
35 50
21 50
9 27
27 50
6 21
6 35
6 27
9 75
50 75
6 75
4 21
4 35
4 75
4 27
9 13
13 50
6 13
4 13
18 21
18 35
18 75
18 27
9 79
50 79
6 79
4 79
18 79
21 89
35 89
27 89
75 89
9 32
32 50
6 32
4 32
32 89
16 21
16 35
16 27
16 75
9 17
17 50
6 17
16 17
21 23
23 35
23 75
23 27
9 43
43 50
6 43
43 89
23 43
9 42
16 42
23 42
35 42
21 42
9 14
14 89
14 42
16 34
34 35
21 34
34 75
9 57
57 89
23 57
34 57
32 57
17 57
35 57
43 57
21 57
16 62
42 62
9 77
50 77
6 77
4 77
18 77
77 89
16 77
34 77
64 77
35 77
21 77
2 9
2 50
2 6
2 4
2 18
2 89
2 16
2 42
2 77
21 76
23 81
42 81
34 81
76 81
35 81
52 64
17 52
52 62
52 75
9 63
50 63
6 63
4 63
23 63
34 63
32 63
17 63
62 63
52 63
32 51
9 59
4 59
23 59
34 59
22 59
9 56
56 89
23 56
34 56
56 64
56 71
24 64
17 24
24 56
9 68
50 68
6 68
4 68
18 68
68 89
42 68
34 68
32 68
17 68
24 68
43 68
21 68
38 68
6 10
10 89
10 23
10 34
10 77
10 71
10 24
10 43
10 51
21 40
73 77
71 73
24 73
27 73
51 73
40 73
65 73
34 72
72 76
62 72
27 72
21 72
40 72
21 28
30 50
6 30
23 30
30 34
30 64
30 71
30 35
27 30
30 51
12 30
30 68
69 77
69 71
35 69
43 69
32 85
71 85
62 85
52 85
21 85
2 85
59 85
19 32
17 19
19 62
19 27
19 85
19 40
36 85
36 40
35 48
27 48
48 51
36 48
31 51
12 31
31 81
46 64
46 71
24 46
27 46
21 46
36 46
31 46
32 37
22 37
24 37
27 37
21 37
12 37
36 37
37 72
37 75
35 87
43 87
21 87
40 87
68 87
37 87
47 58
47 81
47 56
50 55
6 55
16 55
42 55
55 77
17 55
35 55
27 55
51 55
55 74
28 55
11 32
11 17
11 62
11 52
11 74
11 12
11 28
26 76
26 27
26 51
26 36
26 28
9 66
66 89
16 66
34 66
66 77
17 66
24 66
27 66
66 74
38 66
31 66
26 66
66 70
30 70
70 73
35 83
43 83
74 83
12 83
65 83
69 83
70 83
1 28
1 69
1 37
1 83
61 74
38 61
61 65
61 72
14 61
61 81
20 68
20 26
33 74
33 36
33 68
33 69
77 80
71 80
35 80
52 80
80 85
36 80
31 80
26 80
37 80
48 80
57 80
23 25
25 42
25 32
17 25
25 76
25 43
25 51
25 38
25 65
11 25
25 80
25 83
9 60
50 60
6 60
4 60
18 60
60 89
23 60
42 60
60 77
22 60
35 60
24 60
60 74
38 60
36 60
60 72
60 80
53 80
24 88
27 88
74 88
36 88
68 88
69 88
14 88
45 64
22 45
24 45
45 52
45 85
38 45
31 45
26 45
33 45
45 88
7 77
7 17
7 62
7 27
7 21
7 12
7 28
7 37
7 33
7 53
7 87
7 75
7 13
7 63
5 24
5 43
5 21
5 40
5 36
5 72
5 14
5 58
5 7
29 68
11 29
29 37
29 83
29 61
31 41
41 69
41 58
41 81
41 56
41 63
32 67
67 71
62 67
52 67
67 85
38 67
28 67
26 67
37 67
67 88
20 67
41 67
67 79
67 73
51 84
36 84
68 84
11 84
70 84
81 84
20 84
55 84
79 84
73 84
47 84
67 84
48 84
30 84
25 67
67 87
1 67
41 57
41 73
23 39
39 42
39 77
17 39
24 39
39 43
39 74
39 40
28 39
26 39
14 39
39 81
20 39
39 41
39 46
19 39
25 39
15 23
15 34
15 64
15 22
15 35
15 43
15 21
12 15
15 28
11 15
14 15
15 83
15 60
15 55
15 39
15 75
8 50
6 8
8 42
8 34
8 32
8 17
8 62
8 43
8 21
8 74
8 65
8 11
8 37
8 58
8 66
8 29
50 86
4 86
16 86
42 86
77 86
17 86
35 86
52 86
85 86
12 86
28 86
72 86
70 86
83 86
7 86
60 86
44 56
44 63
44 86
44 57
33 49
49 58
49 56
29 49
49 79
3 33
3 88
3 66
3 41
3 86
3 49
3 48
3 47
3 8
3 30
10 49
25 49
2 49
44 49
44 48
25 44
13 44
48 86
8 86
75 86
10 86
8 59
8 15
8 13
32 82
71 82
24 82
43 82
51 82
38 82
31 82
26 82
58 82
81 82
61 82
60 82
46 82
5 82
8 82
47 82
19 82
30 82
68 78
72 78
14 78
53 78
20 78
60 78
45 78
57 78
10 78
15 78
1 78
0 78
15 19
15 48
1 39
39 57
29 41
5 29
29 75
10 29
29 87
5 79
5 57
5 10
5 87
5 19
7 19
7 45
45 63
2 45
45 48
45 73
54 77
17 54
54 62
27 54
54 74
38 54
31 54
26 54
33 54
53 54
20 54
54 63
45 54
54 75
54 59
10 54
2 54
13 54
30 45
13 88
48 88
30 88
53 88
57 88
20 88
53 56
53 59
53 63
53 60
19 53
60 66
25 60
19 60
30 60
25 55
25 73
25 30
56 80
63 80
55 80
33 80
20 33
0 33
33 46
13 33
20 61
20 56
20 87
30 61
46 61
1 61
61 73
61 79
1 55
1 75
1 59
0 1
79 83
46 83
73 83
66 83
70 75
70 81
59 66
0 66
2 66
66 75
55 66
26 59
11 26
26 72
0 11
2 11
11 19
11 55
11 81
55 81
0 55
47 55
55 59
47 79
2 47
19 47
58 87
2 58
46 87
57 87
10 87
30 87
37 46
37 59
46 63
13 46
46 59
2 46
13 31
31 75
31 56
31 48
48 69
48 56
0 48
14 36
19 36
14 19
19 59
38 85
56 85
14 85
79 85
74 85
69 74
38 74
12 69
28 69
10 69
30 69
63 69
14 69
57 69
12 28
12 79
12 63
28 72
28 59
72 73
72 79
13 72
56 72
2 73
59 73
13 40
2 40
40 56
40 75
40 81
10 40
10 65
10 14
10 81
10 56
65 79
0 65
65 68
57 65
2 68
14 68
63 68
24 75
24 79
24 43
52 56
56 57
59 71
43 71
59 62
43 59
38 59
22 35
22 75
0 22
22 62
13 22
22 51
14 22
51 62
51 52
51 75
0 51
51 63
13 51
13 63
63 79
2 52
52 79
21 52
13 52
52 81
21 81
0 81
2 76
2 35
2 14
2 13
32 77
17 77
62 77
43 62
13 62
38 62
27 62
38 43
0 38
38 57
0 57
34 79
27 34
14 34
14 64
14 35
14 27
14 79
27 42
42 75
32 42
42 43
17 42
13 42
43 64
17 23
23 32
13 23
17 27
17 79
13 16
16 32
16 79
32 79
21 32
32 75
27 32
32 35
79 89
0 79
13 18
13 64
13 75
0 75
0 27
21 64
21 35
35 64
0 35
0 64
