90 1201
7 54
7 41
2 54
2 41
7 83
2 83
33 54
33 41
33 83
7 14
2 14
14 33
7 27
2 27
27 33
27 54
27 41
27 83
14 27
7 88
2 88
33 88
27 88
54 69
41 69
69 83
14 69
7 60
2 60
33 60
27 60
60 69
12 54
12 41
12 83
12 14
12 60
12 88
7 68
2 68
33 68
27 68
68 69
12 68
13 54
13 41
13 83
13 14
13 60
13 88
13 68
7 79
2 79
33 79
27 79
69 79
12 79
13 79
43 54
41 43
43 83
14 43
43 60
43 88
7 18
2 18
18 33
18 27
18 69
12 18
13 18
18 43
32 54
32 41
32 83
14 32
32 60
32 88
18 32
32 68
18 54
41 87
83 87
14 87
87 88
60 87
79 87
18 87
68 87
7 85
2 85
33 85
27 85
69 85
12 85
13 85
54 85
85 87
2 58
27 58
12 58
54 58
2 22
22 27
13 22
22 54
22 87
22 41
22 83
14 22
22 88
22 60
22 79
18 22
22 68
7 44
2 44
33 44
27 44
44 69
12 44
43 44
44 54
22 44
36 69
36 43
36 54
22 36
36 41
36 83
14 36
36 60
36 88
36 79
18 36
36 68
49 54
36 49
49 83
9 54
9 36
9 83
9 41
9 14
9 60
9 88
0 9
13 51
51 54
51 87
22 51
51 83
9 51
41 59
14 59
7 75
2 75
33 75
27 75
69 75
12 75
13 75
54 75
75 87
36 75
75 83
9 75
59 75
2 4
4 27
4 13
4 54
4 87
4 22
4 79
4 9
47 54
22 47
47 83
47 79
41 47
14 47
65 83
65 79
47 65
4 65
59 86
2 40
27 40
40 69
12 40
13 40
40 43
40 54
36 40
40 58
40 79
40 59
12 42
42 43
42 54
22 42
42 83
42 79
42 47
41 42
10 83
2 63
33 63
27 63
63 69
13 63
54 63
63 87
36 63
63 83
63 79
41 63
14 63
60 63
63 88
26 83
26 63
26 59
26 42
26 31
38 41
38 53
4 53
53 86
46 83
9 46
46 63
42 46
23 40
23 41
2 30
27 30
30 69
12 30
13 30
30 43
30 54
30 36
30 83
30 63
30 47
30 42
23 30
30 46
7 21
2 21
21 27
21 69
21 43
21 54
21 87
21 36
21 83
9 21
21 63
21 42
21 86
21 31
50 63
38 50
50 86
46 50
49 50
8 27
8 43
8 54
8 58
8 83
8 63
8 38
4 8
8 40
8 50
8 21
16 47
16 38
16 40
16 65
16 50
16 68
34 59
4 34
23 34
31 34
12 78
54 78
78 87
36 78
58 78
9 78
47 78
40 78
23 78
31 78
78 81
61 63
42 61
40 61
61 65
61 78
16 61
15 21
15 78
66 69
54 66
66 87
22 66
66 83
66 79
59 66
4 66
66 86
46 66
21 66
16 66
3 31
3 46
3 50
3 37
3 66
3 60
3 26
15 29
2 20
20 27
13 20
20 43
20 54
20 36
20 58
20 63
20 38
20 42
20 86
20 65
20 50
20 68
20 66
0 20
7 80
2 80
33 80
27 80
69 80
12 80
13 80
54 80
80 87
36 80
58 80
9 80
47 80
38 80
40 80
65 80
78 80
16 80
37 80
20 80
41 80
34 80
8 80
61 80
17 79
9 17
17 59
4 17
17 23
17 31
17 81
16 17
17 88
17 20
17 26
17 80
52 79
52 63
52 59
4 52
40 52
52 65
52 78
52 68
52 88
0 52
41 52
29 52
17 52
8 52
48 54
22 48
48 79
48 63
47 48
4 48
23 48
46 48
48 78
48 68
48 88
0 48
12 70
54 70
70 87
22 70
70 83
70 79
63 70
4 70
31 70
65 70
70 81
70 78
70 88
60 70
41 70
70 75
11 86
11 46
11 81
11 68
11 37
11 88
11 70
11 80
11 17
8 11
11 61
27 67
43 67
54 67
22 67
58 67
67 79
63 67
38 67
67 86
46 67
67 81
16 67
37 67
0 67
26 67
67 80
17 67
44 67
58 74
9 74
38 74
40 74
31 74
46 74
21 74
16 74
74 88
60 74
26 74
29 74
55 81
16 55
37 55
55 60
55 70
2 57
27 57
57 69
12 57
13 57
43 57
54 57
22 57
57 83
57 63
47 57
4 57
40 57
46 57
50 57
57 68
15 57
20 57
41 57
7 62
2 62
33 62
27 62
62 69
12 62
13 62
54 62
62 87
36 62
58 62
9 62
47 62
4 62
62 86
31 62
21 62
62 78
15 62
0 62
76 85
44 76
62 76
8 76
2 45
33 45
27 45
45 69
12 45
43 45
45 54
22 45
45 58
45 79
38 45
42 45
23 45
45 46
45 50
45 78
45 88
20 45
45 76
29 45
7 24
2 24
24 33
24 27
24 69
12 24
13 24
24 54
24 87
22 24
24 83
9 24
24 47
24 38
23 24
24 46
21 24
24 68
15 24
24 60
24 70
24 29
24 55
24 28
24 62
24 45
7 89
2 89
33 89
27 89
69 89
12 89
13 89
54 89
87 89
22 89
83 89
9 89
59 89
42 89
86 89
65 89
81 89
78 89
15 89
60 89
70 89
57 89
17 89
24 89
74 89
67 89
6 13
6 43
6 54
6 22
6 58
6 9
6 63
6 42
6 40
6 31
6 50
6 78
6 15
6 20
6 70
6 29
1 2
1 27
1 12
1 43
1 54
1 36
1 58
1 9
1 47
1 4
1 40
1 46
1 50
1 68
1 15
0 1
1 26
1 57
5 54
5 36
5 58
5 79
5 63
5 42
5 40
5 65
5 50
5 37
5 66
5 20
5 70
5 29
1 5
5 24
5 61
5 11
5 85
5 75
5 14
6 73
73 89
14 73
35 58
35 79
35 59
35 40
35 86
35 46
35 50
35 37
35 66
35 60
35 41
35 57
35 55
24 35
8 35
35 67
6 35
7 71
2 71
27 71
69 71
13 71
54 71
71 87
36 71
58 71
71 79
47 71
40 71
71 86
46 71
71 81
16 71
15 71
41 71
26 71
71 80
55 71
30 71
61 71
11 71
71 85
71 75
7 39
2 39
33 39
27 39
39 69
12 39
13 39
39 54
39 87
22 39
39 83
39 79
39 59
39 42
31 39
39 46
39 81
39 78
39 66
39 88
39 41
39 57
17 39
39 44
39 74
18 39
6 39
39 71
28 39
35 39
47 84
42 84
84 86
65 84
21 84
16 84
66 84
60 84
26 84
29 84
1 84
30 84
48 84
67 84
84 85
84 89
34 84
35 84
39 84
53 84
5 84
19 79
9 19
19 47
4 19
19 86
19 65
19 50
16 19
19 88
19 20
19 41
19 57
19 55
19 30
8 19
19 67
18 19
10 19
14 19
19 49
19 84
77 81
68 77
66 77
20 77
26 77
57 77
55 77
44 77
74 77
56 83
56 63
47 56
40 56
23 56
56 65
56 81
56 68
56 88
0 56
41 56
56 80
17 56
30 56
56 61
51 56
56 77
56 62
10 56
47 72
40 72
23 72
31 72
72 81
72 78
72 88
20 72
70 72
29 72
17 72
44 72
61 72
56 72
6 72
71 72
14 72
72 73
23 82
31 82
50 82
37 82
15 82
0 82
26 82
80 82
17 82
24 82
8 82
56 82
82 85
82 89
28 82
49 82
53 82
3 82
25 59
4 25
23 25
25 65
25 81
25 78
25 88
25 41
25 70
25 57
25 55
24 25
25 48
25 56
25 75
25 89
14 25
25 51
25 82
25 62
25 72
25 39
72 82
5 72
52 72
18 56
49 56
75 77
10 77
34 77
51 77
73 77
3 77
19 77
62 77
59 64
4 64
23 64
31 64
21 64
64 68
64 66
0 64
64 70
29 64
55 64
24 64
64 74
64 67
64 75
10 64
28 64
49 64
64 73
39 64
19 64
45 64
19 62
5 39
49 71
35 71
14 71
45 71
34 35
35 51
35 73
35 62
5 73
5 62
1 85
1 34
1 55
1 44
1 6
1 53
1 18
1 49
1 30
1 10
6 44
6 48
6 11
6 18
6 10
6 34
6 89
53 89
3 89
62 89
24 61
8 24
8 45
45 48
11 45
18 45
28 45
45 51
45 53
3 45
45 52
14 76
57 62
8 62
62 74
62 85
28 62
28 57
57 75
10 57
55 57
49 57
55 74
55 61
3 55
55 75
44 74
48 74
28 74
49 74
51 74
67 74
3 67
11 67
34 67
14 67
11 52
11 75
11 85
11 53
30 70
48 70
49 70
48 80
17 48
8 48
48 75
48 85
48 52
10 48
18 48
52 85
10 52
34 52
49 52
52 53
3 52
8 17
17 51
14 17
30 80
80 85
53 80
10 20
20 29
20 75
20 28
20 85
26 29
14 29
3 29
18 29
29 51
3 44
3 61
3 85
3 28
3 49
37 85
37 75
28 37
37 44
37 66
37 51
30 66
26 66
15 66
34 66
18 66
66 85
10 66
15 49
15 60
14 15
15 75
8 15
15 61
0 61
41 61
8 61
14 61
53 61
34 61
44 78
41 78
30 78
26 78
34 81
60 81
68 81
81 85
10 81
16 34
34 60
26 34
8 34
10 34
34 53
34 51
16 18
8 16
10 16
0 16
14 16
8 60
21 50
28 50
26 50
44 50
14 50
0 21
21 49
18 21
21 88
21 30
21 75
21 41
21 51
21 53
30 60
30 44
14 30
30 85
28 30
30 51
30 53
30 75
23 49
14 23
18 23
23 60
23 88
23 46
46 53
46 60
0 46
46 88
53 68
53 88
0 53
41 53
18 53
51 53
38 49
28 38
38 88
14 38
38 44
38 68
18 38
4 28
28 31
28 65
28 68
28 41
18 28
28 75
10 28
31 41
31 51
31 85
14 31
18 31
26 65
26 60
10 26
18 26
26 44
63 85
10 63
10 47
10 42
10 86
10 65
10 44
10 51
42 51
40 42
42 44
42 85
42 68
42 60
0 42
40 41
40 86
40 44
40 68
41 86
65 86
0 86
75 86
51 86
85 86
65 68
44 65
41 65
65 75
18 47
4 47
0 47
4 41
4 49
4 75
4 14
4 88
51 75
14 75
59 85
59 60
51 59
51 68
51 88
41 51
9 68
9 44
9 49
49 68
49 60
44 49
18 49
14 49
36 58
36 44
44 83
0 44
18 44
22 58
41 58
58 83
14 58
58 88
58 60
58 79
0 58
18 58
58 68
58 85
83 85
18 85
18 83
18 79
0 18
43 68
43 79
54 79
79 83
41 79
14 79
60 79
79 88
68 79
54 68
60 68
68 88
54 60
60 83
0 60
41 60
69 88
54 88
83 88
41 88
0 88
14 54
14 83
0 14
54 83
41 83
0 83
41 54
0 54
