90 2002
5 87
5 49
5 51
51 87
5 74
51 74
86 87
74 86
49 86
5 36
36 51
36 86
5 25
25 51
25 86
25 87
25 36
25 74
25 49
5 70
51 70
70 86
25 70
5 65
51 65
25 65
65 87
65 74
49 65
36 65
5 33
33 51
33 86
25 33
33 65
81 87
74 81
49 81
36 81
70 81
33 81
5 47
47 51
47 86
25 47
47 65
47 81
47 87
47 74
36 47
47 49
47 70
33 47
5 40
40 51
40 86
25 40
40 65
40 81
40 47
5 30
30 65
30 87
30 49
30 74
30 36
30 70
30 33
5 24
24 51
24 86
24 25
24 65
24 81
24 47
24 30
83 87
49 83
36 83
74 83
70 83
33 83
24 83
40 83
5 48
48 51
48 86
25 48
48 65
48 81
47 48
30 48
48 83
1 5
1 51
1 86
1 25
1 65
1 81
1 47
1 30
1 83
1 87
1 49
1 74
1 36
1 33
1 70
1 40
1 24
5 76
51 76
76 86
25 76
65 76
76 81
47 76
30 76
76 83
1 76
52 87
36 52
49 52
52 74
33 52
52 70
40 52
24 52
48 52
52 76
5 21
21 51
21 86
21 25
21 65
21 81
21 47
21 30
21 83
1 21
21 52
42 87
42 49
42 74
36 42
42 70
33 42
24 42
40 42
42 76
42 48
5 55
51 55
55 86
25 55
55 65
55 81
47 55
30 55
55 83
1 55
52 55
42 55
77 87
74 77
36 77
49 77
70 77
33 77
24 77
40 77
5 39
39 51
39 86
25 39
39 65
39 81
39 47
30 39
39 83
1 39
39 52
39 42
39 77
35 87
35 49
35 74
35 36
35 70
33 35
35 40
24 35
35 39
21 35
35 48
35 76
35 55
5 12
12 51
12 86
12 25
12 65
12 81
12 47
12 30
12 83
1 12
12 52
12 42
12 77
12 35
12 32
5 84
51 84
84 86
25 84
65 84
47 84
30 84
83 84
1 84
52 84
5 66
51 66
25 66
47 66
1 66
42 66
35 66
66 87
36 66
66 74
49 66
33 66
66 70
24 66
40 66
39 66
48 66
21 66
55 66
66 76
66 84
5 88
51 88
86 88
25 88
65 88
81 88
47 88
30 88
83 88
42 88
66 88
6 87
6 49
6 36
6 74
6 33
6 70
6 40
6 24
6 39
6 76
6 55
6 48
6 21
6 88
5 46
46 51
46 86
25 46
46 65
46 81
46 47
30 46
46 83
42 46
46 66
6 46
11 87
11 74
11 36
11 49
11 70
11 33
11 24
11 40
11 76
11 55
11 39
11 21
11 48
5 19
19 51
19 86
19 25
19 65
19 81
19 47
19 30
19 83
1 19
19 52
19 42
19 77
19 35
19 32
19 66
11 19
59 87
49 59
59 74
36 59
33 59
59 70
40 59
24 59
39 59
5 80
51 80
25 80
65 80
47 80
30 80
1 80
52 80
35 80
80 84
11 80
59 80
12 80
5 45
45 47
45 83
45 52
35 45
45 84
11 45
4 5
4 51
4 86
4 25
4 65
4 81
4 47
4 30
4 83
1 4
4 52
4 42
4 77
4 35
4 32
4 84
4 6
4 87
4 36
4 49
4 74
4 33
4 70
4 40
4 24
4 48
4 39
4 21
4 55
4 76
5 79
51 79
79 86
25 79
65 79
79 81
47 79
30 79
79 83
1 79
52 79
77 79
66 79
79 84
4 79
5 73
52 73
73 77
6 73
11 73
73 87
73 74
49 73
36 73
33 73
70 73
24 73
40 73
48 73
73 76
21 73
55 73
39 73
46 73
5 57
51 57
25 57
47 57
1 57
57 77
35 57
57 84
11 57
57 73
12 57
49 57
5 14
14 51
14 25
14 47
14 83
14 52
14 35
14 84
4 14
14 73
14 59
12 14
14 49
14 87
14 36
14 74
14 70
14 33
5 58
51 58
25 58
58 65
47 58
30 58
1 58
58 77
35 58
58 66
11 58
4 58
60 83
42 60
35 60
6 60
11 60
4 60
59 60
60 87
36 60
49 60
60 74
33 60
60 70
40 60
24 60
5 34
34 51
25 34
34 47
1 34
34 52
34 66
34 84
6 34
34 73
34 60
34 45
34 49
5 61
25 61
61 83
52 61
35 61
61 84
11 61
61 73
12 61
49 61
61 87
36 61
61 74
61 70
33 61
5 41
41 51
41 86
25 41
41 65
41 81
41 47
30 41
41 83
1 41
41 52
41 77
32 41
41 84
4 41
41 73
41 59
41 45
14 41
41 61
5 69
51 69
25 69
47 69
1 69
69 77
32 69
69 84
11 69
59 69
60 69
49 69
69 87
61 69
69 74
36 69
57 69
5 54
51 54
25 54
54 65
47 54
30 54
1 54
42 54
35 54
54 66
4 54
54 59
54 60
45 54
54 87
54 69
36 44
44 74
44 88
33 44
5 67
25 67
65 67
47 67
1 67
52 67
35 67
67 84
6 67
67 73
60 67
45 67
14 67
67 87
44 67
48 67
5 53
51 53
25 53
53 65
47 53
30 53
1 53
52 53
35 53
53 84
6 53
53 59
53 60
49 53
53 87
53 61
44 53
41 53
5 22
22 47
1 22
22 52
22 35
22 66
11 22
22 73
12 22
22 45
14 22
22 87
22 88
22 53
3 5
3 47
1 3
3 52
3 32
3 84
3 11
3 73
3 12
3 45
3 14
3 61
3 44
3 48
3 71
1 37
37 77
32 37
6 37
4 37
37 59
37 60
12 37
37 87
37 61
37 69
37 88
37 53
20 77
20 66
4 20
20 59
20 60
20 45
14 20
20 61
20 69
20 53
20 71
20 40
20 34
1 62
42 62
35 62
62 66
11 62
62 73
12 62
49 62
14 62
62 87
62 69
53 62
20 62
37 62
54 62
34 62
22 62
55 62
6 64
64 73
60 64
49 64
64 87
61 64
64 88
48 64
53 64
37 64
5 23
23 47
23 30
23 52
23 77
23 84
11 23
23 73
23 60
12 23
14 23
23 87
23 88
23 48
23 71
20 23
23 54
35 63
63 66
11 63
59 63
12 63
45 63
14 63
63 69
44 63
63 88
53 63
37 63
23 63
5 82
51 82
25 82
65 82
47 82
30 82
82 83
52 82
35 82
82 84
11 82
4 82
12 82
45 82
49 82
61 82
69 82
48 82
71 82
20 82
54 82
22 82
41 82
5 43
43 47
30 43
42 43
32 43
43 66
11 43
43 59
43 60
12 43
14 43
43 87
43 69
43 88
43 53
37 43
43 82
34 43
22 43
41 43
43 55
0 43
49 50
50 61
44 50
48 50
50 71
37 50
50 54
34 50
5 75
47 75
1 75
75 77
35 75
66 75
6 75
4 75
12 75
49 75
75 87
61 75
44 75
48 75
53 75
20 75
23 75
75 82
22 75
46 75
40 75
5 17
17 51
17 86
17 25
17 65
17 81
17 47
17 30
17 83
1 17
17 52
17 42
17 77
17 35
17 32
17 66
4 17
17 59
12 17
17 45
17 49
17 87
17 44
17 53
17 71
17 37
17 23
17 34
17 75
17 46
17 55
0 17
5 7
7 51
7 25
7 47
7 83
7 42
7 77
7 66
6 7
7 59
7 60
7 45
7 14
7 87
7 44
7 53
7 20
7 54
7 23
7 82
7 75
7 41
26 32
26 66
6 26
4 26
12 26
26 49
26 87
26 69
26 88
26 48
26 71
20 26
23 26
26 82
22 26
26 41
26 50
26 36
2 5
2 51
2 25
2 65
2 47
2 30
1 2
2 52
2 35
2 66
2 11
2 4
2 59
2 45
2 49
2 87
2 44
2 88
2 71
2 20
2 23
2 34
2 75
2 46
2 26
2 62
2 7
5 38
38 51
25 38
38 65
38 47
30 38
1 38
38 77
35 38
38 84
6 38
4 38
12 38
38 49
38 87
38 61
38 88
38 48
38 53
37 38
23 38
38 82
22 38
38 46
26 38
0 38
38 50
38 57
33 38
21 38
38 74
54 68
34 68
68 75
46 68
26 68
62 68
7 68
38 68
5 16
16 51
16 86
16 25
16 65
16 81
16 47
16 30
16 83
1 16
16 52
16 77
16 35
16 66
6 16
16 59
16 60
16 49
14 16
16 87
16 44
16 88
16 71
16 20
16 54
16 82
16 75
16 55
16 26
16 62
16 50
16 38
3 16
16 58
88 89
48 89
53 89
37 89
23 89
22 89
46 89
41 89
26 89
0 89
7 89
24 89
16 89
5 27
27 51
27 86
25 27
27 65
27 81
27 47
27 30
1 27
27 42
27 66
27 84
6 27
27 73
27 60
27 49
27 87
27 61
27 44
27 88
27 53
20 27
23 27
27 34
22 27
27 46
26 27
0 27
24 27
27 38
27 36
5 56
51 56
56 86
25 56
56 65
56 81
47 56
30 56
56 83
1 56
52 56
56 77
32 56
56 84
4 56
56 73
12 56
45 56
49 56
56 61
56 69
48 56
56 71
20 56
23 56
34 56
56 75
41 56
26 56
0 56
7 56
24 56
36 56
27 56
17 56
4 8
8 59
8 60
8 45
8 14
8 61
8 44
8 88
8 71
8 37
8 23
8 82
8 46
8 41
8 55
0 8
8 50
8 24
8 16
8 58
8 64
8 67
2 8
5 10
10 51
10 86
10 25
10 65
10 81
10 47
10 30
1 10
10 77
10 32
10 66
6 10
4 10
10 60
10 45
10 87
10 61
10 88
10 48
10 20
10 37
10 54
10 34
10 75
10 46
10 26
10 62
7 10
10 24
10 36
10 58
10 27
8 10
2 10
10 39
10 56
10 57
14 31
31 87
31 44
31 48
31 53
31 54
23 31
31 34
31 75
31 41
31 55
31 62
7 31
24 31
31 36
27 31
31 64
8 31
31 67
31 39
31 70
5 29
29 51
29 86
25 29
29 65
29 81
29 47
29 30
1 29
29 52
29 32
29 84
6 29
29 73
12 29
29 49
29 87
29 61
29 44
29 88
29 71
29 37
23 29
29 82
22 29
29 46
29 55
29 62
7 29
29 38
29 36
16 29
17 29
29 40
29 67
29 89
29 56
29 57
15 53
15 37
15 23
15 34
15 75
15 41
15 26
15 62
7 15
15 24
15 16
15 58
15 17
15 40
2 15
15 89
15 56
15 29
15 31
15 19
15 33
5 72
51 72
72 86
25 72
65 72
72 81
47 72
30 72
72 83
1 72
52 72
42 72
72 77
35 72
32 72
66 72
6 72
72 73
60 72
45 72
49 72
69 72
44 72
72 88
53 72
37 72
54 72
22 72
46 72
41 72
26 72
0 72
7 72
24 72
36 72
58 72
64 72
40 72
2 72
39 72
70 72
57 72
5 13
13 51
13 86
13 25
13 65
13 81
13 47
13 30
13 83
1 13
13 52
13 42
13 77
13 66
6 13
4 13
12 13
13 49
13 14
13 87
13 69
13 88
13 71
13 20
13 23
13 82
13 22
13 46
13 55
13 50
7 13
13 38
13 36
13 27
13 64
13 40
2 13
13 39
13 56
13 29
14 28
28 61
28 69
28 48
28 71
20 28
28 54
28 34
28 75
28 55
28 62
0 28
7 28
24 28
16 28
28 58
17 28
28 40
28 67
28 39
28 56
13 28
28 31
28 79
28 76
28 68
5 9
9 47
9 83
9 42
9 32
9 84
4 9
9 73
9 12
9 45
9 49
9 61
9 44
9 88
9 53
9 20
9 54
9 82
9 46
9 41
9 26
9 62
9 50
9 24
9 36
9 58
9 64
9 40
9 67
9 39
9 56
9 29
9 31
9 79
9 76
9 72
9 21
9 28
9 10
9 63
9 15
35 78
78 84
6 78
4 78
59 78
12 78
78 87
61 78
69 78
48 78
71 78
20 78
54 78
22 78
46 78
41 78
55 78
0 78
50 78
24 78
36 78
58 78
17 78
8 78
2 78
78 89
70 78
57 78
13 78
78 79
33 78
72 78
9 78
15 78
78 80
21 78
74 78
63 78
15 28
28 80
5 85
25 85
83 85
42 85
77 85
66 85
11 85
73 85
60 85
45 85
49 85
69 85
44 85
85 88
20 85
37 85
82 85
34 85
22 85
41 85
55 85
0 85
50 85
38 85
16 85
58 85
17 85
40 85
67 85
39 85
70 85
29 85
19 85
79 85
33 85
68 85
10 85
15 85
28 85
5 18
18 51
18 25
18 65
18 47
18 30
18 83
18 77
18 32
18 84
6 18
18 73
18 60
18 45
14 18
18 87
18 88
18 48
18 53
18 20
18 23
18 82
18 22
18 41
18 55
0 18
18 50
18 38
16 18
18 27
18 64
18 40
18 89
18 39
18 70
18 29
13 18
18 79
18 76
18 68
10 18
3 18
18 21
18 74
18 63
18 85
43 85
74 85
28 43
28 63
13 68
13 33
13 31
13 79
13 21
13 76
13 72
19 72
72 74
72 80
15 72
3 72
21 72
10 72
3 15
15 80
29 63
29 31
29 79
29 43
21 29
19 31
10 31
31 80
31 43
31 74
31 63
10 19
10 76
10 43
10 74
10 80
8 33
8 43
8 74
8 63
8 40
8 56
8 70
3 8
8 19
8 79
56 67
39 56
56 63
56 70
56 80
21 56
43 56
56 74
27 80
3 27
27 70
27 43
27 89
2 27
27 68
27 64
27 74
21 27
27 79
17 27
17 89
40 89
2 89
3 89
76 89
57 89
33 89
68 89
70 89
80 89
74 89
43 89
16 70
16 67
16 33
16 40
16 68
16 76
16 21
16 79
2 16
64 68
17 68
2 68
57 68
19 68
33 68
68 76
43 68
68 74
63 68
68 80
38 80
38 63
38 70
38 64
38 76
2 38
19 38
38 67
2 17
2 57
2 67
2 63
2 74
2 70
2 80
2 19
0 26
26 79
26 57
7 26
26 76
26 58
26 33
26 70
26 63
7 62
7 50
7 57
7 76
7 40
7 63
7 17
7 39
7 36
3 7
17 24
17 36
17 58
17 33
3 17
17 67
17 74
17 39
17 79
63 75
0 75
57 75
41 75
70 75
64 75
33 75
3 75
39 75
67 75
50 75
50 55
50 62
50 80
19 50
50 74
50 70
50 58
50 67
24 50
50 64
43 50
21 50
50 79
24 43
36 43
43 64
43 67
43 79
33 43
3 43
21 43
43 63
67 82
40 82
80 82
79 82
19 82
24 82
33 82
55 82
63 82
64 82
46 82
46 63
0 63
36 63
58 63
63 64
39 63
33 63
63 76
3 63
23 36
0 23
23 33
23 57
23 74
23 70
23 24
23 64
23 58
46 64
62 64
0 64
36 64
57 64
19 64
64 80
64 76
40 64
21 64
64 70
62 74
3 62
24 62
57 62
39 62
36 62
62 67
62 70
21 62
19 62
20 57
20 39
20 76
20 70
20 36
20 24
20 37
20 21
34 37
37 74
22 37
3 37
37 46
19 37
37 55
37 79
37 40
37 54
37 58
37 80
3 54
3 34
3 46
0 3
3 24
3 67
3 70
3 57
3 19
3 79
3 33
3 74
3 21
22 71
36 71
24 71
71 80
57 71
58 71
54 71
19 71
41 71
71 79
21 71
71 74
71 76
22 34
22 70
0 22
22 57
21 22
22 24
22 58
22 55
22 76
22 74
19 22
22 36
36 53
53 54
53 74
33 53
39 53
53 67
0 53
53 70
46 53
53 55
54 67
34 67
41 67
55 67
58 67
39 67
21 67
67 76
33 67
67 79
34 44
44 55
44 54
40 44
0 44
44 76
44 57
0 54
41 54
33 54
21 54
54 55
34 54
19 54
39 54
46 54
54 76
54 79
55 69
69 70
0 69
33 69
21 69
58 69
46 69
41 69
24 69
19 69
69 80
39 69
48 69
34 41
41 46
24 41
41 76
41 80
41 79
39 41
40 41
19 41
36 41
40 61
61 79
34 61
46 61
61 76
24 61
39 61
48 61
34 48
34 58
34 40
34 80
34 36
21 34
34 74
34 39
34 76
60 79
21 60
46 60
19 60
39 60
55 60
58 60
49 58
14 58
58 87
48 58
55 58
0 58
24 58
19 58
33 58
57 58
39 58
40 58
58 76
14 88
14 21
14 40
14 76
14 80
14 39
14 55
14 57
14 19
48 57
55 57
36 57
40 57
57 70
57 80
19 57
57 74
33 57
57 76
73 88
12 73
73 79
12 79
49 79
79 88
48 79
46 79
0 79
24 79
39 79
70 79
74 79
33 79
0 4
4 45
45 59
45 87
45 49
36 45
45 74
33 45
45 70
24 45
40 45
45 48
45 80
45 55
45 46
0 45
45 76
80 87
48 80
46 80
55 80
24 80
36 80
40 80
19 80
74 80
21 80
48 59
21 59
59 76
55 59
19 59
19 49
19 87
19 48
19 55
19 36
19 39
19 70
19 21
19 76
11 88
11 12
11 46
46 87
46 48
0 46
33 46
21 46
46 74
0 6
12 88
49 88
87 88
36 88
74 88
70 88
39 88
0 88
33 88
40 88
21 88
84 87
74 84
49 84
36 84
70 84
33 84
24 84
40 84
39 84
55 84
21 84
76 84
48 84
12 84
0 84
12 87
12 49
12 74
12 36
12 33
12 70
12 24
12 40
0 12
12 48
12 76
32 39
39 49
39 55
24 39
36 39
39 40
21 39
76 77
48 77
21 77
55 77
32 55
48 55
55 70
24 55
21 55
40 55
21 42
21 32
21 49
21 87
21 40
21 76
32 76
48 76
0 76
40 76
70 76
33 76
1 48
32 48
48 49
48 74
36 48
48 70
24 48
24 32
24 49
24 87
24 33
30 40
32 40
40 49
0 40
36 40
32 33
33 49
33 87
0 33
33 70
65 70
32 70
49 70
70 87
32 36
36 49
36 87
36 74
32 74
49 74
74 87
0 74
49 51
32 49
49 87
32 87
0 87
0 32
