90 2002
17 21
17 84
17 40
21 40
40 84
17 38
38 40
0 38
40 45
21 45
45 84
38 45
17 71
40 71
0 71
45 71
17 32
32 40
0 32
32 45
21 32
32 84
32 38
17 50
40 50
0 50
45 50
32 50
17 34
34 40
32 34
21 34
34 84
34 38
8 17
8 40
0 8
8 45
8 32
8 34
40 47
34 47
21 47
47 84
38 47
47 50
8 47
47 71
17 19
19 40
0 19
19 45
19 32
19 34
19 47
11 21
11 84
11 38
11 71
11 50
8 11
17 33
33 40
0 33
33 45
32 33
33 34
33 47
11 33
33 50
17 88
40 88
0 88
45 88
32 88
34 88
47 88
11 88
50 88
21 88
84 88
38 88
8 88
71 88
19 88
17 82
40 82
0 82
45 82
32 82
34 82
47 82
11 82
50 82
82 88
21 46
46 84
38 46
8 46
46 71
19 46
46 82
33 46
17 57
40 57
0 57
45 57
32 57
34 57
47 57
11 57
50 57
57 88
46 57
21 49
49 84
38 49
8 49
49 71
49 82
33 49
19 49
17 23
23 40
0 23
23 45
23 32
23 34
23 47
11 23
23 50
23 88
23 46
23 49
21 66
66 84
38 66
66 71
8 66
19 66
66 82
33 66
23 66
57 66
17 64
40 64
0 64
45 64
32 64
34 64
47 64
11 64
50 64
64 88
46 64
49 64
64 66
7 21
7 84
7 38
7 8
7 71
7 33
7 82
7 19
7 57
7 64
7 23
16 46
7 16
16 64
17 51
40 51
45 51
32 51
34 51
47 51
50 51
51 88
49 51
7 51
4 40
4 50
4 46
4 66
4 21
4 84
4 38
4 8
4 71
4 82
4 33
4 19
4 23
4 57
4 64
17 48
40 48
45 48
32 48
34 48
47 48
48 50
48 88
46 48
4 48
48 64
48 51
6 17
6 40
0 6
6 45
6 32
6 34
6 47
6 11
6 50
6 88
6 49
6 66
4 6
5 21
5 84
5 38
5 71
5 8
5 82
5 33
5 19
5 23
17 39
39 40
39 45
32 39
34 39
39 47
39 50
39 88
39 46
7 39
39 64
5 39
6 39
38 39
40 69
32 69
34 69
47 69
11 69
50 69
49 69
66 69
64 69
5 69
6 69
21 29
29 84
29 38
8 29
29 71
19 29
29 82
29 33
17 43
40 43
0 43
32 43
34 43
43 47
11 43
43 50
43 46
43 66
4 43
43 51
5 43
29 43
17 75
40 75
0 75
45 75
32 75
34 75
47 75
11 75
50 75
75 88
49 75
66 75
64 75
51 75
17 26
26 40
0 26
26 45
26 32
26 34
26 47
11 26
26 50
26 88
26 46
26 49
26 66
7 26
4 26
26 51
21 26
26 84
26 38
8 26
26 71
26 33
26 82
19 26
17 41
40 41
41 45
32 41
34 41
41 47
41 50
41 88
41 49
7 41
4 41
5 41
26 41
38 41
41 75
31 49
31 66
4 31
31 51
26 31
29 31
31 75
21 31
31 84
40 74
34 74
50 74
74 88
46 74
7 74
64 74
51 74
5 74
29 74
69 74
31 74
17 80
40 80
0 80
45 80
32 80
47 80
50 80
80 88
49 80
7 80
64 80
51 80
26 80
29 80
75 80
31 80
21 80
80 84
38 72
69 72
72 80
17 89
40 89
0 89
45 89
32 89
34 89
47 89
11 89
50 89
88 89
49 89
66 89
64 89
5 89
26 89
38 89
69 89
31 89
21 89
84 89
40 85
45 85
32 85
47 85
11 85
50 85
49 85
7 85
64 85
5 85
26 85
38 85
69 85
36 40
34 36
36 50
36 88
36 49
7 36
4 36
36 51
26 36
36 38
36 75
36 69
21 36
36 84
36 71
8 36
15 69
15 36
15 89
21 25
25 84
18 69
18 31
18 89
18 25
3 17
3 40
3 32
3 34
3 50
3 88
3 49
3 66
3 64
3 5
3 6
3 29
3 38
3 36
3 89
3 25
3 21
3 84
3 18
17 68
40 68
45 68
32 68
34 68
47 68
11 68
50 68
49 68
66 68
64 68
51 68
26 68
29 68
68 75
68 69
31 68
25 68
3 68
9 40
7 9
9 64
5 9
9 26
6 9
9 75
9 36
9 31
9 89
3 9
9 21
9 84
9 19
42 69
31 42
42 80
62 75
62 69
62 80
62 89
21 62
62 84
54 75
31 54
54 89
54 62
3 54
9 54
35 49
7 35
35 51
5 35
26 35
29 35
35 38
31 35
35 80
35 62
35 82
3 35
21 35
40 65
34 65
11 65
65 88
46 65
65 66
64 65
5 65
26 65
38 65
65 75
36 65
31 65
62 65
65 82
9 65
35 65
28 40
28 50
28 66
7 28
28 64
5 28
6 28
28 38
28 75
28 69
28 80
28 89
28 82
9 28
17 53
40 53
45 53
32 53
34 53
47 53
50 53
53 88
46 53
7 53
4 53
51 53
6 53
38 53
53 69
36 53
53 80
53 62
53 82
21 53
18 53
15 53
44 89
44 62
44 82
44 53
35 44
28 44
13 64
13 51
13 26
13 38
13 75
13 69
13 80
13 62
13 82
13 53
13 35
4 14
14 51
6 14
14 29
14 75
14 31
14 80
14 89
14 25
9 14
14 21
14 39
14 41
17 86
40 86
0 86
45 86
34 86
47 86
11 86
50 86
66 86
4 86
64 86
5 86
26 86
29 86
75 86
36 86
31 86
25 86
3 86
9 86
14 86
28 86
33 86
17 20
20 40
20 32
20 47
20 50
20 88
20 49
7 20
20 64
20 51
20 26
20 29
20 38
20 36
20 89
20 25
3 20
20 53
20 35
20 28
20 33
20 71
49 78
4 78
64 78
5 78
6 78
29 78
69 78
31 78
78 80
62 78
3 78
9 78
35 78
28 78
19 78
20 78
40 73
50 73
49 73
7 73
4 73
51 73
26 73
38 73
69 73
31 73
73 80
25 73
3 73
9 73
35 73
28 73
13 73
33 73
68 73
73 85
24 75
24 36
24 80
24 25
24 82
9 24
24 53
24 28
19 24
24 33
24 73
24 57
17 70
40 70
0 70
45 70
32 70
34 70
47 70
11 70
50 70
70 88
46 70
7 70
64 70
5 70
26 70
38 70
69 70
31 70
70 89
25 70
70 82
9 70
14 70
28 70
13 70
43 70
20 70
57 70
70 85
68 70
46 87
7 87
4 87
51 87
6 87
38 87
75 87
31 87
87 89
25 87
3 87
53 87
35 87
14 87
19 87
33 87
20 87
57 87
70 87
17 60
40 60
0 60
45 60
32 60
34 60
47 60
11 60
50 60
60 88
46 60
49 60
60 66
4 60
60 64
51 60
6 60
29 60
60 75
31 60
60 80
60 89
3 60
9 60
35 60
14 60
33 60
43 60
20 60
57 60
21 60
18 60
40 63
45 63
32 63
34 63
50 63
63 88
46 63
4 63
63 64
51 63
26 63
29 63
63 75
36 63
63 80
62 63
3 63
53 63
35 63
28 63
13 63
20 63
63 73
57 63
60 63
17 77
40 77
0 77
45 77
32 77
34 77
47 77
11 77
50 77
77 88
49 77
7 77
64 77
51 77
26 77
29 77
38 77
36 77
77 80
62 77
25 77
53 77
35 77
19 77
33 77
43 77
77 78
57 77
70 77
46 52
52 66
4 52
51 52
26 52
6 52
52 75
31 52
52 80
52 89
52 82
9 52
52 53
14 52
13 52
20 52
52 73
52 78
52 60
52 77
41 52
1 4
1 51
1 26
1 38
1 69
1 31
1 89
1 62
1 3
1 9
1 35
1 28
1 33
1 43
1 73
1 57
1 70
1 77
1 41
17 61
40 61
32 61
47 61
11 61
61 88
49 61
4 61
61 64
5 61
6 61
38 61
61 69
36 61
61 80
61 62
61 82
53 61
35 61
28 61
13 61
20 61
61 73
21 61
60 61
61 77
1 61
61 68
54 61
2 17
2 40
2 45
2 32
2 34
2 47
2 50
2 88
2 46
2 7
2 4
2 51
2 6
2 38
2 75
2 36
2 31
2 89
2 82
2 9
2 14
2 28
2 13
2 33
2 20
2 57
2 70
2 77
2 41
2 87
2 52
17 58
40 58
0 58
45 58
32 58
34 58
11 58
50 58
46 58
7 58
4 58
51 58
26 58
6 58
58 69
36 58
58 89
58 62
58 82
9 58
14 58
28 58
13 58
43 58
58 78
21 58
58 70
26 37
37 38
37 75
37 69
37 89
25 37
37 82
3 37
14 37
19 37
13 37
37 43
37 73
37 78
21 37
37 60
37 54
37 86
37 58
37 71
37 85
30 40
30 45
30 32
30 34
30 50
30 88
30 66
7 30
4 30
5 30
6 30
30 38
30 75
30 36
30 89
25 30
30 82
30 53
14 30
19 30
13 30
20 30
30 78
30 57
30 60
30 37
1 30
30 68
30 87
30 54
8 30
30 85
17 55
40 55
0 55
45 55
32 55
34 55
47 55
11 55
50 55
55 88
46 55
49 55
55 66
7 55
4 55
5 55
6 55
38 55
55 69
36 55
55 89
55 62
55 82
53 55
35 55
19 55
13 55
33 55
55 78
55 57
55 70
55 60
37 55
1 55
52 55
55 58
8 55
30 55
15 55
55 84
22 82
9 22
22 53
14 22
13 22
22 43
22 78
22 57
21 22
22 77
22 37
1 22
22 52
22 58
22 44
8 22
15 22
22 63
53 76
14 76
13 76
43 76
73 76
21 76
70 76
60 76
37 76
68 76
52 76
58 76
44 76
30 76
16 76
76 86
22 76
17 27
27 40
0 27
27 45
27 32
27 34
27 47
11 27
27 50
27 88
27 49
27 66
27 64
5 27
26 27
27 38
27 75
27 36
27 80
27 89
3 27
9 27
27 53
27 28
13 27
27 43
27 73
27 78
21 27
27 37
27 41
1 27
27 54
27 58
2 27
8 27
16 27
27 86
27 63
18 27
17 56
40 56
0 56
32 56
34 56
47 56
50 56
56 88
49 56
56 66
4 56
5 56
6 56
38 56
56 69
31 56
56 89
56 62
56 82
9 56
14 56
19 56
33 56
43 56
20 56
56 57
56 70
56 77
1 56
56 68
52 56
54 56
2 56
30 56
15 56
56 86
27 56
18 56
56 61
17 59
40 59
0 59
45 59
32 59
34 59
47 59
11 59
50 59
59 88
49 59
7 59
59 64
51 59
6 59
38 59
59 75
36 59
59 80
59 62
59 82
53 59
14 59
28 59
13 59
43 59
20 59
57 59
59 70
59 60
41 59
59 68
59 87
54 59
44 59
30 59
59 86
59 84
27 59
18 59
59 61
40 81
50 81
81 88
66 81
51 81
5 81
6 81
38 81
69 81
36 81
80 81
25 81
3 81
9 81
14 81
28 81
13 81
33 81
20 81
21 81
70 81
77 81
37 81
68 81
52 81
2 81
44 81
30 81
15 81
81 84
22 81
27 81
59 81
48 81
40 83
45 83
32 83
47 83
50 83
83 88
46 83
7 83
4 83
5 83
6 83
38 83
69 83
31 83
80 83
62 83
25 83
3 83
35 83
14 83
13 83
20 83
73 83
21 83
70 83
60 83
41 83
68 83
52 83
58 83
2 83
8 83
83 86
83 84
22 83
27 83
55 83
48 83
74 83
42 83
81 83
56 83
23 83
24 83
17 79
40 79
32 79
34 79
50 79
79 88
66 79
7 79
64 79
5 79
26 79
6 79
75 79
36 79
79 80
62 79
25 79
53 79
14 79
19 79
33 79
20 79
78 79
21 79
70 79
60 79
41 79
79 87
52 79
2 79
44 79
8 79
15 79
79 86
22 79
27 79
55 79
59 79
79 83
76 79
23 79
79 81
42 79
71 79
56 79
12 17
12 40
12 32
12 47
12 50
12 88
12 66
4 12
12 64
12 51
12 26
6 12
12 69
12 36
12 80
12 25
12 82
9 12
12 35
12 19
12 13
12 33
12 73
12 57
12 21
12 60
12 41
1 12
12 52
12 54
8 12
12 16
12 15
12 84
12 22
12 55
12 61
12 48
12 76
12 72
12 39
12 81
12 24
12 79
12 56
12 85
39 83
17 67
40 67
0 67
45 67
32 67
47 67
11 67
67 88
46 67
66 67
64 67
5 67
6 67
29 67
67 75
36 67
67 80
62 67
67 82
9 67
14 67
19 67
33 67
20 67
67 73
67 78
60 67
67 77
41 67
67 68
52 67
58 67
44 67
8 67
16 67
67 86
63 67
27 67
59 67
48 67
67 76
67 72
67 81
39 67
67 71
10 40
10 47
10 50
10 88
10 49
4 10
10 64
5 10
10 26
10 38
10 69
10 31
10 89
10 62
10 82
10 53
10 14
10 28
10 19
10 43
10 78
10 57
10 70
10 60
10 37
1 10
10 87
10 54
2 10
10 30
10 15
10 86
10 22
10 18
10 61
10 48
10 74
10 76
10 67
10 39
10 24
10 42
10 71
10 85
23 67
56 67
23 81
39 81
42 81
56 81
24 59
59 65
56 59
59 76
48 59
59 74
56 76
56 65
56 71
27 71
27 76
27 85
27 65
61 76
71 76
72 76
65 76
22 65
22 72
22 71
22 55
22 42
22 48
18 55
48 55
55 65
23 55
39 55
55 85
55 61
55 74
24 30
30 39
30 65
30 71
30 74
30 63
30 48
23 30
24 37
18 37
8 37
23 37
37 63
15 37
37 68
16 37
41 58
58 68
58 87
54 58
23 58
58 86
2 58
18 58
58 74
24 58
16 58
58 84
15 58
48 58
2 65
2 72
2 61
2 44
2 85
2 24
2 74
2 84
2 18
2 48
44 61
16 61
15 61
61 86
61 63
18 61
61 72
48 61
42 61
61 71
1 84
1 74
1 44
1 87
1 71
1 85
1 63
1 72
1 16
1 52
1 23
52 71
24 52
52 84
15 52
44 52
52 85
18 52
39 52
65 77
15 77
63 77
42 77
72 77
23 77
39 77
68 77
48 77
74 77
41 77
16 77
44 77
63 87
54 63
44 63
15 63
63 84
48 63
18 63
63 71
63 74
24 63
63 85
39 63
23 63
39 60
23 60
54 60
60 86
60 65
60 84
60 87
84 87
71 87
48 87
18 87
65 87
8 87
74 87
23 87
16 87
86 87
42 87
54 87
16 70
70 74
24 70
15 70
70 72
42 70
8 70
24 41
24 68
24 86
24 84
18 24
24 74
24 72
24 39
24 85
24 71
24 65
48 73
73 84
57 73
71 73
72 73
18 73
73 78
41 73
39 73
15 73
21 73
42 78
8 78
16 78
54 78
74 78
78 86
57 78
39 78
68 78
71 78
15 78
65 78
20 86
20 42
20 84
20 48
18 20
20 39
20 65
20 23
20 44
57 86
41 86
68 86
44 86
16 86
18 86
84 86
72 86
74 86
14 48
14 15
14 57
14 33
13 14
14 19
14 68
8 13
13 21
13 68
13 65
13 33
13 39
13 43
13 44
13 74
43 44
44 57
21 44
44 68
23 44
8 44
15 44
16 44
44 72
42 44
39 44
33 53
8 53
48 53
53 85
39 53
53 84
53 71
42 53
28 53
21 28
18 28
28 71
28 42
28 72
23 28
16 28
28 65
28 57
28 84
28 54
33 65
41 65
54 65
8 65
16 65
65 84
65 74
23 65
42 65
65 71
65 85
35 43
35 72
18 35
35 74
16 35
35 54
35 85
35 84
35 68
19 35
8 35
23 35
19 54
43 54
21 54
41 54
54 68
54 72
48 54
39 54
42 54
8 54
54 71
54 85
48 62
23 62
41 62
43 62
57 62
42 62
8 62
33 62
62 85
42 82
9 42
19 42
21 42
41 42
42 68
8 42
15 42
42 84
18 42
42 74
42 72
39 42
42 85
9 43
9 72
9 23
9 68
9 57
43 68
68 74
68 85
39 68
15 68
8 68
3 43
3 57
3 48
3 39
3 33
3 8
3 72
3 71
3 41
3 74
3 16
18 19
18 57
18 41
16 18
18 72
18 23
18 74
18 39
25 82
15 25
16 25
25 39
25 71
23 25
19 25
15 82
15 19
15 33
15 43
8 15
15 16
15 72
15 23
15 84
36 48
33 36
36 57
36 43
16 36
36 82
36 85
85 89
82 85
19 85
33 85
43 85
57 85
16 85
84 85
48 85
74 85
72 85
23 85
48 89
8 89
82 89
72 89
74 89
19 89
33 72
43 72
21 72
41 72
8 72
48 72
71 72
23 72
33 80
16 80
74 80
71 80
23 80
39 80
41 80
74 82
19 74
43 74
21 74
16 74
23 74
71 74
8 31
31 41
23 31
31 71
31 39
19 31
31 43
31 57
41 82
19 41
33 41
41 43
41 57
21 41
8 41
39 41
41 48
26 75
23 26
6 26
6 75
21 75
75 84
8 75
71 75
16 75
33 75
43 75
23 75
19 75
19 43
43 57
8 43
23 43
21 43
16 43
29 69
29 57
29 48
21 69
69 84
69 71
8 69
48 69
39 69
69 82
19 69
19 39
16 39
39 84
39 48
23 39
5 6
5 57
6 21
6 84
6 38
6 71
6 8
6 33
6 82
6 19
6 57
6 16
6 48
19 48
33 48
48 57
21 48
16 48
4 51
21 51
51 84
38 51
51 71
8 51
51 82
33 51
19 51
51 57
23 51
16 51
16 38
16 82
16 33
16 21
8 16
16 71
21 64
64 84
38 64
8 64
64 71
19 64
33 64
64 82
57 64
23 64
23 38
23 33
21 23
23 84
49 57
38 57
19 57
57 84
38 82
21 82
82 84
71 82
33 88
33 38
19 33
33 84
33 71
11 19
19 50
19 38
8 19
19 21
8 50
8 38
8 21
8 71
8 84
34 71
34 50
21 50
50 84
38 50
50 71
32 71
38 71
21 71
21 38
38 84
0 84
21 84
0 21
