90 1602
46 64
18 64
29 46
18 29
64 85
29 85
46 72
18 72
72 85
1 64
1 29
1 72
45 64
29 45
45 72
45 46
18 45
45 85
1 45
64 89
29 89
72 89
45 89
75 89
46 57
18 57
57 85
1 57
57 89
64 87
29 87
72 87
45 87
75 87
57 87
20 64
20 29
20 72
20 45
20 75
20 57
20 46
18 20
20 85
1 20
20 89
20 87
64 81
29 81
72 81
45 81
75 81
57 81
20 81
7 64
7 29
7 72
7 45
7 75
7 57
7 20
7 46
7 18
7 85
1 7
7 89
64 82
29 82
72 82
45 82
75 82
57 82
20 82
7 82
46 47
18 47
47 85
1 47
47 89
47 82
47 81
60 64
29 60
60 72
45 60
60 75
57 60
20 60
7 60
47 60
4 46
4 18
4 85
4 89
1 4
4 81
4 87
4 60
4 82
19 64
19 29
19 72
19 45
19 75
19 57
19 20
7 19
19 47
4 19
0 19
53 64
29 53
53 72
45 53
53 75
53 57
20 53
7 53
47 53
4 53
0 53
46 53
18 53
53 85
1 53
53 89
53 82
53 60
53 81
53 87
6 64
6 29
6 72
6 45
6 75
6 57
6 20
6 7
6 47
4 6
0 6
6 53
64 78
72 78
75 78
7 78
47 78
46 78
18 78
78 85
1 78
78 89
78 82
78 87
60 78
78 81
2 64
2 29
2 72
2 45
2 75
2 57
2 20
2 7
2 47
2 4
0 2
2 53
2 78
64 83
29 83
72 83
45 83
75 83
57 83
20 83
7 83
47 83
4 83
0 83
53 83
78 83
46 83
18 83
83 85
83 89
1 83
82 83
60 83
81 83
83 87
50 64
29 50
50 72
45 50
50 75
50 57
20 50
7 50
47 50
4 50
0 50
50 53
50 78
50 83
5 46
5 18
5 85
1 5
5 89
5 82
5 87
5 81
5 60
5 50
17 72
17 45
17 20
7 17
4 17
17 53
5 17
46 71
18 71
71 85
1 71
71 89
71 87
71 81
71 82
60 71
10 64
10 29
10 72
10 45
10 75
10 57
10 20
7 10
10 47
4 10
0 10
10 53
10 78
10 83
5 10
10 71
46 79
18 79
79 85
79 89
1 79
42 83
28 46
18 28
28 85
28 89
1 28
28 60
28 82
28 81
28 87
31 64
29 31
31 72
31 45
31 75
31 57
20 31
7 31
31 47
4 31
0 31
31 53
31 78
28 31
76 83
45 69
20 69
0 69
53 69
69 83
46 69
18 69
69 85
69 89
1 69
45 61
47 61
0 61
53 61
61 83
61 69
61 79
66 72
20 66
4 66
66 78
66 83
66 71
66 76
21 79
21 76
21 46
18 21
21 85
9 64
9 29
9 72
9 45
9 75
7 9
9 47
9 53
9 78
9 28
9 79
9 21
9 66
54 64
29 54
54 72
45 54
20 54
7 54
4 54
53 54
54 78
54 69
47 56
0 56
56 83
56 71
46 56
18 56
56 85
56 89
1 56
33 64
29 33
33 72
33 45
33 75
7 33
4 33
0 33
33 78
33 71
33 56
33 66
33 54
46 68
18 68
68 85
3 46
3 18
3 85
3 81
20 62
7 62
4 62
53 62
62 83
62 69
62 79
62 66
3 62
54 62
40 46
18 40
40 85
40 87
2 40
52 64
29 52
52 72
45 52
20 52
7 52
47 52
52 53
52 83
52 69
52 79
21 52
3 52
38 66
38 68
38 46
18 38
38 85
38 50
23 72
23 45
20 23
7 23
23 47
0 23
23 83
23 69
23 76
21 23
23 66
23 38
54 55
38 55
40 55
46 55
18 55
4 24
24 78
24 83
24 69
24 79
21 24
3 24
24 54
24 55
24 61
47 86
0 86
78 86
71 86
56 86
76 86
3 86
38 86
40 86
61 86
1 86
46 86
62 86
9 86
12 64
12 29
12 72
12 45
12 75
12 57
12 20
7 12
4 12
12 53
12 78
5 12
12 56
12 76
12 66
12 68
12 40
12 61
12 86
16 78
16 28
16 79
16 76
16 66
16 68
16 40
32 64
29 32
32 72
32 45
32 75
7 32
32 47
0 32
32 83
32 69
32 56
32 76
32 54
32 38
32 55
32 46
18 32
3 39
39 54
39 40
32 39
39 86
17 39
2 39
39 89
25 54
25 38
25 55
25 61
1 25
22 78
5 22
22 56
21 22
22 54
22 68
22 55
72 84
20 84
47 84
53 84
83 84
28 84
56 84
76 84
66 84
38 84
55 84
46 84
18 84
33 84
35 78
28 35
35 56
35 76
3 35
35 38
35 84
32 35
1 35
16 35
22 35
35 62
23 35
51 83
51 69
51 56
51 76
3 51
38 51
51 55
32 51
1 51
16 51
51 85
51 62
6 51
56 70
21 70
66 70
68 70
70 84
32 70
17 70
16 70
2 70
62 70
25 70
51 70
70 82
58 64
58 72
45 58
58 75
20 58
7 58
47 58
0 58
58 78
5 58
56 58
21 58
54 58
58 68
55 58
32 58
1 58
17 58
58 85
58 89
6 58
12 58
65 86
22 65
65 85
65 89
25 65
51 65
11 66
11 68
11 55
11 84
11 86
11 16
11 22
11 62
11 25
11 65
11 82
34 47
0 34
5 34
34 69
34 56
21 34
3 34
34 38
34 55
34 84
34 61
17 34
2 34
34 89
23 34
34 51
15 72
15 45
15 20
7 15
15 47
0 15
15 83
5 15
15 56
15 76
3 15
15 68
15 55
15 84
15 61
15 16
15 85
15 25
6 15
15 51
15 65
15 34
15 87
15 50
15 81
78 88
5 88
56 88
21 88
66 88
38 88
55 88
32 88
1 88
22 88
85 88
88 89
6 88
51 88
15 88
58 88
19 88
30 72
30 45
20 30
7 30
0 30
30 53
30 83
30 69
30 76
21 30
30 66
30 68
30 40
30 61
30 86
17 30
22 30
30 89
6 30
23 30
30 65
14 64
14 29
14 72
14 45
14 75
14 57
14 20
7 14
14 47
4 14
0 14
14 53
14 78
14 69
14 79
14 66
14 54
14 68
14 84
14 61
1 14
14 17
14 85
14 25
6 14
12 14
14 82
14 58
14 30
2 63
62 63
6 63
12 63
63 65
14 63
37 47
37 53
37 78
37 69
37 56
37 76
37 54
37 68
37 55
32 37
1 37
16 37
22 37
37 62
23 37
37 51
37 65
34 37
14 37
8 66
8 38
8 40
8 61
1 8
8 16
2 8
8 89
8 25
8 12
8 82
8 58
8 37
8 52
45 49
7 49
4 49
0 49
49 78
49 69
49 56
21 49
3 49
49 54
49 55
49 61
49 86
17 49
49 85
49 62
6 49
23 49
15 49
49 58
19 49
49 52
45 73
7 73
47 73
53 73
73 78
69 73
56 73
21 73
66 73
68 73
73 84
32 73
73 86
17 73
22 73
73 89
6 73
51 73
15 73
73 82
19 73
52 73
70 73
73 88
49 73
48 86
22 48
2 48
25 48
23 48
12 48
48 65
48 58
19 48
48 52
48 73
1 43
16 43
43 85
25 43
6 43
12 43
15 43
34 43
14 43
30 43
43 48
33 43
43 63
74 83
69 74
56 74
74 76
54 74
68 74
74 84
32 74
1 74
17 74
2 74
74 89
25 74
12 74
74 82
58 74
37 74
52 74
73 74
27 64
27 29
27 72
27 45
20 27
27 47
0 27
27 53
5 27
27 28
27 56
27 76
3 27
27 54
27 84
27 32
1 27
17 27
2 27
27 62
6 27
23 27
15 27
27 58
14 27
27 30
27 73
27 33
27 35
36 84
32 36
36 86
16 36
36 85
36 62
6 36
12 36
36 65
34 36
14 36
30 36
36 48
27 36
67 79
67 76
54 67
67 68
55 67
32 67
67 86
17 67
67 85
67 89
6 67
51 67
15 67
67 82
19 67
37 67
48 67
49 67
31 67
42 67
39 67
8 67
24 67
41 67
60 67
18 67
25 26
12 26
26 82
26 34
19 26
26 30
26 48
26 33
26 67
18 26
59 64
29 59
59 72
45 59
20 59
7 59
47 59
0 59
5 59
59 69
59 79
59 76
54 59
59 68
40 59
32 59
1 59
17 59
2 59
59 89
23 59
12 59
59 82
58 59
19 59
30 59
48 59
49 59
59 63
18 59
26 59
35 59
59 87
11 59
42 59
9 59
41 59
64 77
29 77
72 77
45 77
75 77
57 77
20 77
7 77
4 77
53 77
77 83
71 77
56 77
76 77
3 77
68 77
40 77
61 77
1 77
17 77
22 77
62 77
25 77
12 77
15 77
77 82
14 77
30 77
49 77
27 77
67 77
20 44
7 44
4 44
44 78
44 83
44 69
44 56
21 44
3 44
38 44
44 84
32 44
1 44
17 44
2 44
44 62
23 44
44 51
44 65
34 44
19 44
44 52
44 73
44 49
44 63
44 74
44 87
44 50
44 77
35 44
43 44
0 13
13 53
5 13
13 69
13 79
13 21
13 66
13 38
13 40
13 32
1 13
13 22
2 13
13 89
13 23
12 13
13 65
13 58
13 19
13 30
13 73
13 49
13 63
13 18
13 44
13 35
13 31
13 36
13 46
9 13
13 77
13 81
13 50
13 24
42 44
39 44
44 81
31 44
26 77
35 77
77 87
11 77
77 88
77 81
59 77
60 77
39 77
50 59
24 59
45 80
7 80
4 80
53 80
80 83
69 80
56 80
76 80
54 80
38 80
55 80
32 80
80 86
16 80
22 80
80 89
23 80
12 80
65 80
34 80
14 80
37 80
48 80
33 80
63 80
18 80
26 80
70 80
11 80
39 80
42 80
9 80
80 87
31 80
80 88
46 80
26 36
24 26
26 70
8 26
26 50
26 35
9 26
36 67
67 74
36 74
35 36
36 87
36 60
36 88
36 39
36 50
24 36
36 46
27 41
18 27
27 46
8 27
27 88
27 74
27 81
10 27
27 87
11 74
31 74
39 74
60 74
46 74
43 74
74 88
42 74
74 81
11 43
43 87
43 60
43 46
41 43
10 43
43 88
43 81
43 50
24 48
42 48
31 48
33 48
48 60
10 48
48 50
9 73
73 87
39 73
63 73
41 73
35 73
49 81
11 49
18 49
8 49
46 49
49 60
49 63
31 49
8 18
8 35
8 10
8 31
8 42
8 88
8 81
8 41
8 50
8 24
31 37
11 37
37 63
37 42
33 37
10 37
35 37
24 37
37 39
37 87
9 37
52 63
46 63
63 70
63 81
35 63
50 63
63 88
9 63
14 19
14 24
14 41
14 87
14 81
14 50
14 60
14 46
19 30
30 81
11 30
30 50
30 35
30 33
30 52
30 88
30 31
10 88
46 88
9 88
39 88
41 88
9 15
15 18
15 19
10 15
15 35
15 60
34 82
34 81
10 34
34 60
24 34
18 34
34 35
31 34
34 42
11 34
34 39
11 33
11 18
11 87
9 11
11 41
11 81
11 46
11 70
39 65
46 65
58 65
41 65
42 65
24 65
31 65
65 82
58 82
50 58
52 58
41 58
33 58
58 70
46 58
19 58
19 70
52 70
33 70
18 70
10 70
31 70
9 70
70 81
50 70
60 70
41 70
51 60
46 51
51 87
35 51
50 51
9 51
41 51
51 81
10 51
31 51
35 60
24 35
35 41
10 35
84 87
82 84
19 84
31 84
17 84
42 84
41 84
60 84
61 84
23 84
22 84
1 22
17 22
22 46
22 25
9 22
22 42
6 22
22 85
22 33
22 31
22 23
22 41
2 22
25 85
25 62
25 81
9 25
12 25
25 82
25 46
25 60
25 39
6 25
18 25
39 82
19 39
33 39
31 39
39 46
39 81
39 60
24 39
16 32
32 87
1 32
6 32
32 82
32 52
10 32
16 61
16 17
16 46
16 50
16 52
16 19
16 18
12 16
16 41
10 16
16 62
16 82
16 60
16 81
2 12
12 23
12 33
12 19
12 82
12 24
12 18
12 52
2 86
18 86
85 86
10 86
24 86
82 86
50 86
81 86
86 89
17 24
24 85
24 62
23 24
24 33
18 24
24 87
24 46
24 41
55 81
55 89
50 55
55 85
17 55
10 55
41 55
23 55
1 23
23 85
23 62
23 52
23 50
10 23
23 82
23 87
19 23
23 42
31 38
38 52
38 42
1 38
10 38
2 38
38 61
38 89
40 52
52 61
2 52
52 89
52 82
19 52
41 52
52 60
10 52
42 52
18 52
46 52
9 40
40 42
40 60
40 62
1 40
6 40
31 40
40 61
61 62
2 62
62 89
62 87
31 62
46 62
6 62
33 62
42 62
3 50
3 89
3 54
3 6
3 41
41 68
1 41
41 89
6 41
18 41
10 41
41 46
33 68
19 68
17 68
6 68
68 82
60 68
33 61
1 33
33 85
6 33
33 82
33 50
9 33
10 33
33 87
33 42
54 56
56 81
56 87
17 56
21 54
46 54
18 54
54 85
54 60
42 54
54 61
19 54
54 87
54 81
9 54
9 61
2 9
6 9
9 82
9 19
9 18
9 10
9 42
9 60
21 60
6 21
1 21
21 81
21 50
21 31
21 66
17 21
21 82
21 42
46 66
18 66
66 85
61 66
66 87
66 89
1 66
66 82
2 66
17 66
31 66
10 66
46 61
50 61
19 61
61 81
61 85
61 89
2 61
18 61
69 81
50 69
69 76
2 69
69 82
69 87
60 69
46 76
18 76
76 85
31 76
1 76
6 76
76 89
60 76
2 76
19 76
10 76
17 31
2 31
6 31
10 31
31 50
31 81
31 42
6 28
28 42
19 28
42 79
17 42
42 85
6 42
42 87
42 81
42 60
42 50
79 82
50 79
10 79
19 79
2 79
2 10
10 89
10 18
10 60
10 87
17 71
17 46
17 19
17 87
2 17
17 89
5 6
5 19
2 5
2 50
50 89
50 60
6 83
2 83
19 83
2 46
2 87
2 18
19 78
6 78
1 6
6 85
6 81
19 53
19 85
19 89
18 19
0 4
0 60
1 60
60 85
60 89
47 87
0 82
82 85
82 87
7 81
7 87
0 81
81 85
0 20
0 87
1 87
46 87
0 89
85 89
18 89
1 75
0 1
1 46
75 85
0 85
46 85
18 75
0 18
46 75
0 46
0 75
