90 801
22 50
22 57
57 85
22 53
53 85
35 53
50 53
18 22
18 85
18 35
18 50
18 56
53 73
57 73
18 73
22 31
31 85
31 35
31 50
31 56
31 73
57 79
18 79
53 79
31 79
22 65
35 65
50 65
65 79
13 50
13 56
13 53
13 57
13 18
13 31
6 50
6 56
6 13
43 53
43 57
40 43
8 50
8 73
8 18
8 43
36 85
35 36
36 50
36 73
18 36
31 36
36 52
52 57
14 18
14 43
23 50
23 73
23 79
23 43
57 86
53 86
69 86
57 69
32 55
13 82
18 82
31 82
46 50
46 79
13 46
31 46
23 46
33 46
46 55
14 54
54 82
46 54
18 81
31 81
36 81
33 81
14 81
54 81
18 58
31 58
23 58
33 58
14 58
0 58
3 58
3 64
7 36
13 26
18 26
23 26
16 26
14 26
0 26
24 26
13 59
18 59
31 59
57 59
40 59
0 59
11 14
22 77
77 85
35 77
50 77
56 77
73 77
13 77
43 77
23 77
33 77
40 77
0 77
6 77
50 61
56 61
13 61
18 61
36 61
16 61
14 61
61 77
62 86
57 62
55 62
62 82
38 62
2 62
75 86
16 75
55 75
0 75
38 75
64 75
61 75
75 81
22 76
76 85
35 76
50 76
56 76
76 79
18 76
43 76
36 76
16 76
14 76
76 77
24 76
53 70
1 50
1 18
1 36
1 57
1 55
0 1
1 38
1 70
1 3
1 76
17 62
22 29
29 85
29 50
29 73
18 29
29 31
29 86
29 57
14 29
0 29
29 38
2 29
29 75
18 27
27 43
23 27
27 57
27 55
0 27
24 27
27 70
47 50
47 73
13 47
43 47
31 47
47 57
40 47
47 54
47 58
5 50
5 73
5 13
5 43
5 23
5 57
5 40
0 5
5 24
19 50
19 73
18 19
19 31
19 23
19 33
14 19
19 54
19 58
5 19
19 75
19 27
19 28
10 36
10 16
10 14
10 82
10 54
10 80
10 61
10 52
10 48
20 85
20 35
20 50
20 79
18 20
20 31
20 36
16 20
20 55
20 77
20 24
2 20
3 20
20 76
20 29
20 26
23 89
16 89
0 89
82 89
58 89
64 89
75 89
52 89
40 83
82 83
24 83
64 83
3 83
52 83
83 89
12 50
12 56
12 13
12 18
12 36
12 57
12 55
12 82
12 54
12 64
3 12
12 76
12 83
12 20
10 12
1 12
19 67
12 67
62 67
25 86
23 25
25 40
25 77
25 38
25 70
25 75
25 46
25 29
11 25
36 66
23 66
40 66
54 66
58 66
66 70
3 66
27 66
66 83
66 78
25 66
66 69
32 66
9 55
9 82
9 54
5 9
9 61
9 76
9 29
9 20
9 66
9 12
7 9
39 85
35 39
39 50
39 56
13 39
39 43
36 39
39 57
39 40
39 77
24 39
39 64
40 44
44 82
24 44
5 44
44 61
44 84
27 84
28 84
36 45
45 57
40 45
45 82
24 45
45 80
45 47
45 52
28 45
45 62
45 84
6 45
18 21
21 31
21 23
16 21
21 40
0 21
21 38
21 80
21 61
21 44
21 76
21 45
19 21
1 21
21 62
40 74
54 74
38 74
5 74
3 74
44 74
74 83
26 74
11 74
74 81
21 74
22 41
41 85
35 41
41 50
41 56
41 73
18 41
31 41
36 41
41 57
41 55
41 82
41 80
41 64
41 44
41 52
29 41
41 48
10 41
41 59
41 62
71 85
35 71
50 71
71 73
13 71
31 71
36 71
57 71
40 71
0 71
24 71
70 71
47 71
44 71
28 71
71 78
19 71
59 71
53 71
41 71
71 74
32 71
8 71
71 89
14 63
63 82
24 63
63 70
47 63
52 63
28 63
45 63
11 63
19 63
63 84
41 63
10 72
34 55
34 82
34 38
34 80
3 34
34 52
28 34
34 78
42 58
5 42
42 75
42 46
17 42
26 42
34 42
7 42
47 51
51 76
51 83
20 51
42 51
51 81
49 85
35 49
49 50
49 56
13 49
31 49
23 49
16 49
14 49
49 82
49 54
5 49
3 49
49 76
17 49
49 78
10 49
49 81
49 53
32 49
49 89
49 62
49 84
49 51
21 51
51 74
32 51
58 68
2 68
61 68
27 68
17 68
11 68
66 68
59 68
68 84
39 68
68 74
4 13
4 31
4 86
4 33
4 55
4 77
4 58
4 5
4 47
4 52
4 17
4 20
4 66
1 4
4 53
4 25
14 60
0 60
38 60
60 64
60 61
52 60
48 60
26 60
11 60
60 81
60 84
41 60
4 60
38 88
5 88
75 88
46 88
83 88
26 88
66 88
12 88
62 88
15 44
15 76
15 48
11 15
15 19
15 34
15 84
15 39
15 32
15 88
15 25
15 72
60 88
4 88
65 88
75 87
46 87
48 87
26 87
10 87
59 87
7 87
41 87
9 87
63 87
87 88
51 87
60 89
36 37
23 37
14 37
0 37
37 54
5 37
3 37
37 46
37 76
37 48
37 42
1 37
7 37
37 39
37 60
4 37
6 37
37 69
4 68
51 68
68 69
30 85
30 35
30 50
30 79
18 30
30 43
23 30
16 30
30 55
30 77
30 58
30 64
30 47
30 46
30 83
30 45
30 42
30 81
30 84
21 30
9 30
30 32
30 65
8 30
42 65
1 42
39 42
34 81
34 72
34 84
34 39
25 34
34 89
62 72
63 72
65 72
8 72
6 72
63 67
63 69
41 74
67 74
8 21
21 89
45 59
45 53
45 65
10 84
39 44
44 46
44 62
44 53
44 76
39 46
29 39
39 78
39 53
9 39
39 65
9 69
9 32
66 89
7 25
6 25
25 67
25 69
6 67
67 89
12 62
7 12
6 12
11 83
81 83
26 83
20 89
8 89
1 20
10 20
7 20
6 10
10 53
48 65
48 78
26 78
32 78
69 78
19 78
11 19
19 59
8 19
5 6
5 8
5 52
5 47
47 61
47 59
46 47
26 47
27 47
47 69
27 46
7 27
27 81
27 32
26 27
27 29
6 27
17 29
29 59
29 32
29 69
29 53
6 17
17 28
8 28
1 28
7 28
1 59
1 32
1 53
32 70
46 70
65 70
11 70
70 76
75 76
69 76
62 75
53 75
11 62
38 61
32 38
2 61
61 64
61 65
52 61
32 61
11 77
7 77
53 77
65 77
52 77
69 77
11 80
11 64
11 46
11 81
59 80
80 81
2 59
52 59
8 59
59 65
2 26
2 69
8 26
26 81
16 53
7 16
0 7
7 58
7 64
3 7
7 69
7 65
3 6
3 8
58 69
6 58
24 58
46 58
24 81
24 53
69 81
54 65
8 54
52 54
46 65
33 82
33 57
33 40
8 33
55 82
8 82
32 82
53 55
55 69
65 86
23 86
14 23
23 40
6 23
14 57
6 14
14 52
8 52
36 53
8 36
36 57
8 40
8 53
43 65
31 43
6 43
6 31
6 53
6 65
13 40
13 65
57 65
40 65
18 31
31 57
31 53
18 57
18 53
53 56
56 57
40 56
35 50
35 57
35 40
50 57
50 85
40 50
40 85
0 40
