90 1602
21 71
21 72
21 47
47 72
47 84
71 84
20 21
20 72
20 84
21 45
45 72
45 84
45 47
45 71
20 45
21 63
63 72
63 84
45 63
21 52
52 72
52 84
45 52
52 71
47 52
20 52
0 52
52 63
21 66
66 72
66 84
45 66
52 66
47 74
71 74
20 74
63 74
0 74
66 74
21 38
38 72
38 84
38 45
38 52
38 74
47 54
54 71
20 54
0 54
54 63
8 21
8 72
8 84
8 45
8 52
8 74
8 54
47 50
50 71
20 50
50 63
0 50
38 50
50 66
8 50
21 61
61 72
61 84
45 61
52 61
61 74
54 61
50 61
18 21
18 72
18 84
18 45
18 52
18 71
18 47
18 20
0 18
18 63
18 38
8 18
18 66
21 29
29 72
29 84
29 45
29 52
29 74
29 54
29 50
18 29
1 74
1 47
1 71
1 20
1 63
0 1
1 8
1 66
1 38
21 40
40 72
40 84
40 45
40 52
40 74
40 54
40 50
18 40
1 40
32 71
32 47
20 32
0 32
32 63
32 66
32 38
8 32
32 40
32 61
29 32
21 65
65 72
65 84
45 65
52 65
65 74
54 65
50 65
18 65
1 65
32 65
21 67
67 72
67 84
45 67
18 67
67 71
47 67
20 67
63 67
0 67
8 67
38 67
66 67
54 87
67 87
61 87
8 87
21 64
64 72
64 84
45 64
52 64
64 74
54 64
64 67
10 71
10 47
10 20
0 10
10 63
8 10
10 66
10 38
21 62
62 72
62 84
45 62
52 62
62 74
54 62
50 62
18 62
1 62
10 62
8 62
27 62
2 21
2 45
2 54
1 2
2 10
47 86
71 86
20 86
0 86
63 86
66 86
38 86
8 86
21 85
72 85
52 85
1 85
61 85
85 86
64 85
30 71
30 47
20 30
67 81
8 81
64 81
30 81
47 60
60 71
20 60
3 21
3 72
3 45
3 52
3 74
1 3
3 61
3 10
3 64
3 60
28 60
28 47
28 71
3 28
28 29
48 74
18 48
48 61
10 48
27 48
30 48
28 48
48 71
47 48
38 48
28 39
39 48
0 39
23 72
23 45
23 52
1 23
23 67
8 23
23 64
23 30
23 60
23 48
21 80
72 80
80 84
45 80
52 80
74 80
54 80
50 80
18 80
67 80
10 80
8 80
27 80
2 80
60 80
19 21
19 72
19 84
19 45
19 52
19 74
18 19
1 19
19 61
19 86
19 27
2 19
6 52
6 18
6 67
6 10
6 64
2 6
6 47
6 71
6 20
4 6
4 19
4 80
0 4
11 21
11 72
11 84
11 45
11 52
11 74
11 54
11 50
11 18
1 11
11 67
8 11
11 64
11 60
6 11
11 19
0 11
5 28
5 19
5 80
5 71
5 47
27 34
2 34
34 60
34 48
34 80
5 34
11 34
17 54
17 32
17 61
8 17
17 64
2 17
17 28
17 48
0 17
5 17
11 17
27 56
30 56
6 56
19 56
56 80
23 56
9 21
9 72
9 84
9 45
9 54
9 32
9 10
8 9
9 64
9 30
6 9
9 19
24 72
24 45
24 52
24 32
10 24
8 24
24 27
24 30
24 28
19 24
24 71
24 47
24 81
43 64
2 43
6 43
24 43
43 80
23 43
3 43
17 43
21 51
51 72
51 84
45 51
51 52
51 74
51 54
50 51
18 51
32 51
10 51
51 86
27 51
51 60
28 51
19 51
51 80
5 51
11 51
51 56
38 51
51 85
54 77
32 77
61 77
10 77
2 77
30 77
28 77
48 77
0 77
5 77
3 77
56 77
51 77
34 77
61 70
10 70
64 70
2 70
28 70
19 70
70 80
5 70
3 70
56 70
29 70
21 59
59 72
59 84
45 59
18 59
32 59
59 67
8 59
2 59
30 59
6 59
19 59
59 80
3 59
11 59
56 59
51 59
25 64
25 30
6 25
19 25
24 25
5 25
9 25
25 56
25 59
25 47
25 70
25 63
21 35
35 72
35 84
35 45
35 54
32 35
35 61
35 86
35 64
2 35
6 35
35 48
24 35
23 35
9 35
17 35
29 35
35 47
60 69
19 69
0 69
23 69
3 69
56 69
51 69
47 69
21 76
72 76
76 84
45 76
52 76
74 76
54 76
32 76
67 76
76 86
64 76
30 76
60 76
48 76
0 76
3 76
9 76
11 76
51 76
47 76
69 76
63 76
13 18
13 32
13 67
8 13
13 64
2 13
13 28
13 19
13 80
5 13
9 13
13 56
13 29
13 34
13 69
13 63
13 76
13 81
29 58
47 58
34 58
58 63
58 76
13 58
55 70
21 53
53 72
53 84
45 53
18 53
1 53
53 67
8 53
27 53
30 53
6 53
28 53
53 80
23 53
3 53
53 56
51 53
34 53
53 69
21 78
72 78
45 78
52 78
18 78
1 78
67 78
8 78
2 78
60 78
28 78
48 78
0 78
5 78
9 78
56 78
29 78
47 78
69 78
53 78
35 78
55 78
16 21
16 72
16 84
16 45
16 52
16 74
16 18
1 16
16 67
10 16
16 27
2 16
16 28
16 19
16 24
16 23
3 16
11 16
16 51
16 34
16 70
16 63
16 76
13 16
72 79
45 79
52 79
32 79
61 79
8 79
64 79
30 79
60 79
19 79
0 79
23 79
9 79
17 79
29 79
59 79
34 79
70 79
76 79
79 81
16 79
39 79
72 73
45 73
54 73
1 73
61 73
10 73
64 73
60 73
6 73
19 73
24 73
23 73
9 73
17 73
59 73
47 73
70 73
53 73
35 73
13 73
67 89
86 89
2 89
30 89
28 89
48 89
80 89
5 89
9 89
11 89
29 89
47 89
69 89
35 89
66 89
55 89
7 28
7 19
7 24
5 7
7 9
7 17
7 51
7 59
7 70
7 53
7 35
7 81
7 89
7 65
7 77
7 43
21 33
33 45
33 52
1 33
33 67
8 33
33 64
30 33
6 33
33 48
24 33
5 33
3 33
17 33
33 51
33 34
33 69
33 35
33 76
13 33
33 89
33 65
21 26
26 72
26 84
26 45
26 52
26 74
26 54
26 50
18 26
26 32
26 61
8 26
26 27
26 30
26 60
26 48
0 26
5 26
11 26
26 56
26 29
26 59
26 69
26 63
26 66
26 81
26 89
26 65
24 41
23 41
3 41
11 41
17 41
34 41
41 70
41 53
41 76
41 81
41 89
26 41
41 73
41 77
33 41
41 78
57 72
45 57
18 57
1 57
57 61
8 57
57 64
57 60
6 57
48 57
24 57
0 57
11 57
56 57
51 57
47 57
57 69
35 57
57 66
13 57
55 57
26 57
57 73
34 36
36 53
36 76
13 36
16 36
36 65
36 77
21 46
46 72
46 84
45 46
46 52
46 74
46 54
18 46
1 46
32 46
46 61
10 46
27 46
46 60
6 46
46 48
24 46
0 46
9 46
46 56
29 46
46 47
46 70
46 63
46 76
46 81
16 46
39 46
26 46
36 46
21 31
31 72
31 84
31 45
31 52
31 74
31 54
31 50
18 31
31 67
31 61
8 31
27 31
2 31
28 31
19 31
24 31
23 31
11 31
31 56
17 31
31 59
31 70
31 35
31 76
31 55
31 89
31 39
31 73
31 43
14 54
1 14
14 61
8 14
14 27
2 14
14 28
14 19
14 80
14 23
9 14
14 56
14 51
14 47
14 70
14 53
14 66
13 14
14 55
14 65
14 26
14 31
14 33
21 68
68 72
68 84
45 68
52 68
1 68
61 68
10 68
64 68
30 68
6 68
24 68
68 80
5 68
3 68
17 68
51 68
59 68
34 68
63 68
68 76
68 81
55 68
39 68
68 77
36 68
41 68
40 68
72 82
45 82
18 82
1 82
67 82
10 82
64 82
30 82
6 82
28 82
24 82
0 82
3 82
11 82
29 82
47 82
34 82
63 82
66 82
13 82
16 82
39 82
77 82
36 82
41 82
68 82
7 82
22 61
22 86
22 27
22 30
6 22
19 22
22 80
5 22
9 22
22 56
22 29
22 59
22 69
22 53
22 66
22 55
16 22
22 26
22 77
22 36
22 41
22 68
67 83
83 86
64 83
60 83
6 83
48 83
24 83
23 83
11 83
17 83
51 83
34 83
70 83
53 83
35 83
13 83
16 83
26 83
73 83
43 83
31 83
68 83
25 83
21 44
44 72
44 84
44 45
44 52
44 74
44 54
44 50
18 44
1 44
44 61
10 44
27 44
30 44
6 44
44 48
24 44
5 44
9 44
17 44
29 44
44 59
34 44
35 44
44 66
44 81
16 44
44 65
44 73
44 77
31 44
44 83
7 44
44 46
21 37
37 72
37 84
37 45
37 52
37 74
37 54
37 50
18 37
1 37
37 67
8 37
27 37
2 37
37 60
37 48
0 37
23 37
3 37
17 37
29 37
34 37
37 69
37 53
37 66
37 81
16 37
37 65
26 37
31 37
37 41
37 40
28 49
19 49
24 49
23 49
9 49
11 49
49 51
47 49
34 49
49 53
49 76
13 49
49 55
49 89
49 73
36 49
33 49
40 49
37 49
20 49
4 49
15 80
15 23
11 15
15 17
15 29
15 59
15 69
15 63
15 76
15 81
15 55
15 39
15 77
15 31
15 33
15 40
15 49
15 46
15 37
15 82
4 15
15 38
15 44
15 57
15 85
12 18
12 67
12 61
8 12
12 64
2 12
6 12
12 48
0 12
12 23
9 12
11 12
12 29
12 59
12 70
12 63
12 76
12 81
12 89
12 39
12 26
12 43
12 41
12 68
12 83
12 46
42 54
1 42
42 67
10 42
27 42
2 42
6 42
19 42
42 80
23 42
9 42
17 42
29 42
42 59
42 69
42 63
42 66
42 81
42 89
42 65
42 73
42 43
31 42
40 42
42 83
22 42
27 75
2 75
60 75
48 75
0 75
5 75
3 75
56 75
51 75
34 75
70 75
63 75
35 75
13 75
16 75
75 89
75 77
36 75
33 75
41 75
7 75
22 75
75 82
42 75
52 88
1 88
61 88
8 88
2 88
60 88
28 88
19 88
80 88
3 88
11 88
56 88
51 88
59 88
69 88
35 88
76 88
55 88
88 89
65 88
26 88
77 88
31 88
40 88
7 88
46 88
75 88
82 88
14 88
58 88
44 88
71 88
85 88
25 88
75 85
75 78
4 75
58 75
75 79
25 42
12 42
42 87
42 85
42 82
42 44
42 62
12 82
12 14
12 58
12 78
12 57
12 15
12 25
49 87
49 57
49 79
46 49
14 49
49 58
22 37
14 37
37 71
37 44
37 62
37 57
37 38
20 37
14 44
38 44
44 62
44 79
4 83
58 83
38 83
71 83
83 85
22 83
22 57
22 78
22 82
22 58
22 79
20 22
71 82
57 82
20 82
14 68
68 87
68 78
68 71
20 68
68 85
7 14
14 87
14 85
14 79
14 57
31 87
31 79
31 46
4 31
31 85
40 46
46 87
38 46
46 62
25 46
46 85
36 40
33 36
36 71
36 43
36 38
36 57
4 36
41 57
40 57
20 57
57 62
57 79
38 41
25 41
41 79
26 73
26 38
25 26
26 33
26 78
33 58
33 62
33 87
7 33
33 40
33 71
20 33
7 40
7 62
7 78
7 25
4 7
7 71
62 89
20 89
85 89
73 89
25 89
77 89
39 73
40 73
73 87
4 73
71 73
73 79
58 73
43 79
79 87
20 79
71 79
79 85
16 87
16 40
16 78
16 65
16 38
4 16
16 43
39 78
43 78
78 87
4 78
38 78
78 85
71 78
62 78
39 53
53 62
40 53
53 85
53 55
20 53
53 87
53 66
53 77
55 66
55 81
38 55
25 55
55 87
55 58
39 55
55 71
58 65
43 58
58 87
4 58
38 58
25 58
58 71
13 62
13 39
13 65
13 43
4 13
4 76
71 76
38 76
66 76
40 69
39 69
69 85
43 69
65 69
62 69
35 69
35 63
35 81
35 71
20 35
25 35
35 85
35 77
35 43
25 39
25 43
25 87
25 38
25 62
25 71
59 63
59 87
59 81
40 59
59 65
43 59
47 59
59 70
70 87
20 70
66 70
4 70
70 77
70 71
63 70
66 77
39 77
20 77
77 85
43 77
62 77
51 87
43 51
34 51
40 51
51 62
43 63
43 65
20 43
43 85
43 62
20 24
24 63
3 24
24 62
24 65
24 66
9 24
9 23
3 9
9 65
9 39
9 56
9 85
9 47
9 87
9 20
39 56
38 56
56 62
20 56
47 56
17 56
17 65
4 17
17 85
17 40
17 34
17 66
17 39
17 47
34 85
34 66
34 81
34 63
34 38
5 66
5 81
5 63
5 40
5 11
3 5
5 85
11 62
4 11
11 63
11 87
11 29
11 71
11 81
4 29
4 47
4 63
4 65
4 87
4 71
4 20
4 62
6 19
6 63
6 85
6 65
6 87
19 71
19 47
19 40
19 85
19 80
47 80
71 80
20 80
38 80
0 80
63 80
40 80
29 80
23 80
0 23
23 38
23 71
23 29
23 39
23 62
23 47
39 47
39 66
38 39
20 39
39 71
39 87
48 62
48 87
48 65
29 48
0 48
48 66
20 28
28 66
28 62
0 28
0 3
3 87
3 38
3 66
3 29
3 71
3 40
3 81
3 63
0 60
38 60
40 60
60 81
0 81
29 81
66 81
20 81
40 81
81 85
71 81
30 85
30 65
30 40
30 66
30 63
30 87
0 85
65 85
20 85
40 86
2 86
2 64
2 71
2 47
2 20
2 63
0 2
2 29
2 38
2 62
47 62
62 66
62 65
40 62
20 62
10 64
10 65
8 64
64 71
47 64
20 64
0 64
63 64
27 64
29 64
27 71
27 47
20 27
0 27
27 63
27 40
27 66
27 65
27 87
27 38
0 87
66 87
38 87
65 67
29 67
61 67
40 67
61 65
0 65
29 65
63 65
65 66
40 65
40 61
40 66
38 40
1 61
1 29
29 61
8 29
29 66
29 71
20 29
18 61
47 61
61 71
20 61
61 63
0 61
61 66
38 61
8 61
8 71
8 47
8 20
0 8
8 63
8 38
8 66
38 54
54 66
38 47
38 63
20 38
47 63
0 45
0 20
20 47
0 84
0 47
47 71
71 72
0 72
0 71
0 21
