90 1602
0 56
0 53
53 56
0 72
53 72
15 56
15 72
0 80
53 80
15 80
56 58
58 72
0 30
30 53
15 30
30 58
24 56
24 72
24 80
24 30
0 40
40 53
15 40
40 58
24 40
0 13
13 53
13 15
13 58
13 24
13 56
13 72
13 80
13 30
13 40
0 26
26 53
15 26
26 58
24 26
13 26
55 56
55 72
30 55
55 80
40 55
0 29
29 53
15 29
29 58
24 29
13 29
29 55
27 56
27 72
27 30
27 80
27 40
27 29
0 43
43 53
15 43
43 58
24 43
13 43
43 55
27 43
0 31
31 53
24 31
13 31
31 56
31 72
31 80
30 31
31 40
26 31
29 31
31 43
0 74
53 74
15 74
58 74
24 74
13 74
55 74
27 74
31 74
0 2
2 53
2 15
2 58
2 24
2 13
2 31
2 56
2 72
2 80
2 30
2 40
2 29
2 26
2 43
0 61
53 61
15 61
58 61
24 61
13 61
55 61
27 61
31 61
2 61
29 61
2 16
16 29
16 56
16 72
16 30
16 80
16 40
16 26
16 43
0 33
33 53
15 33
33 58
24 33
13 33
33 55
27 33
31 33
2 33
29 33
16 33
1 24
1 13
1 31
1 29
1 56
1 72
1 30
1 80
1 40
1 43
1 26
1 33
1 61
1 74
1 36
16 18
18 56
18 72
18 80
18 30
18 40
18 26
18 43
18 61
18 74
18 33
3 24
3 13
3 31
3 29
1 3
3 18
0 82
53 82
58 82
24 82
13 82
55 82
31 82
2 82
1 82
18 82
56 82
72 82
30 82
80 82
40 82
43 82
26 82
0 54
53 54
15 54
54 58
24 54
13 54
54 55
27 54
31 54
29 54
16 54
18 54
54 82
43 54
40 54
24 87
55 87
31 87
29 87
16 87
18 87
82 87
53 73
55 73
31 73
2 73
16 73
18 73
73 82
27 41
2 41
16 41
1 41
24 49
13 49
31 49
2 49
1 49
18 49
49 56
49 72
49 80
30 49
40 49
26 49
43 49
33 49
49 61
49 74
0 64
53 64
15 64
58 64
13 64
55 64
31 64
29 64
1 64
49 64
0 81
53 81
15 81
58 81
24 81
13 81
55 81
27 81
31 81
2 81
29 81
18 81
56 81
72 81
80 81
30 81
40 81
43 81
26 81
74 81
61 81
33 81
0 25
25 53
15 25
25 58
24 25
13 25
25 55
25 27
25 31
25 29
16 25
18 25
25 81
25 73
0 71
53 71
15 71
58 71
24 71
55 71
31 71
2 71
1 71
49 71
71 82
41 71
56 71
71 72
30 71
71 80
40 71
5 71
5 87
40 45
45 87
29 48
18 48
48 81
48 73
48 71
48 87
48 56
48 72
48 80
1 52
49 52
52 82
52 73
40 52
30 52
48 52
52 56
52 72
52 80
0 47
47 53
15 47
47 58
24 47
13 47
47 55
27 47
31 47
29 47
1 47
47 49
47 82
47 73
43 47
30 47
45 47
47 52
47 72
0 46
46 53
15 46
46 58
24 46
13 46
46 55
27 46
2 46
29 46
1 46
46 49
46 81
46 73
43 46
40 46
46 48
17 56
17 72
7 81
7 41
7 43
7 40
7 30
7 17
7 25
12 81
12 41
12 71
12 30
12 45
12 52
12 72
12 56
50 71
30 50
48 50
50 52
25 50
12 50
1 79
49 79
79 81
41 79
40 79
79 87
48 79
11 56
11 72
11 79
16 89
18 89
81 89
41 89
71 89
40 89
48 89
11 89
72 89
46 89
79 89
61 89
45 60
52 60
60 72
46 60
60 79
42 48
42 52
42 72
42 46
0 9
9 53
9 15
9 58
9 24
9 13
9 55
9 27
9 31
2 9
9 29
9 16
1 9
9 18
9 81
9 73
9 71
9 40
9 45
9 52
9 11
9 12
9 56
10 24
10 13
10 27
10 29
10 16
1 10
10 82
10 41
10 71
10 87
10 48
10 52
10 72
10 25
9 10
10 61
23 81
23 73
23 43
23 87
23 48
23 52
11 23
12 23
23 79
0 84
53 84
58 84
24 84
13 84
55 84
31 84
2 84
16 84
49 84
82 84
73 84
43 84
40 84
45 84
17 84
72 84
12 84
56 84
11 19
12 19
19 84
19 42
56 76
0 66
53 66
15 66
58 66
13 66
55 66
27 66
29 66
16 66
49 66
66 82
66 73
66 71
66 87
30 66
45 66
11 66
12 66
9 66
66 84
66 76
23 66
0 37
37 53
15 37
37 58
24 37
13 37
37 55
27 37
31 37
2 37
29 37
16 37
1 37
37 49
37 82
37 43
37 71
37 40
37 45
11 37
37 72
37 46
37 79
37 84
37 60
28 71
28 87
28 45
28 52
25 28
12 28
28 79
28 42
28 60
28 56
0 6
6 53
6 24
6 13
6 31
6 29
6 16
6 18
6 82
6 41
6 43
6 40
6 30
6 17
6 72
6 12
6 9
6 42
6 60
6 28
6 37
0 14
14 53
14 15
14 58
13 14
14 55
2 14
14 29
1 14
14 49
14 82
14 41
14 43
14 87
14 45
14 17
14 25
14 46
14 79
14 84
14 42
14 28
14 37
25 75
46 75
9 75
42 75
75 76
75 89
13 68
55 68
31 68
2 68
16 68
49 68
68 81
68 73
43 68
30 68
48 68
52 68
68 72
46 68
68 79
42 68
23 68
68 89
31 83
2 83
1 83
49 83
82 83
43 83
71 83
40 83
30 83
17 83
25 83
12 83
9 83
42 83
76 83
23 83
0 44
44 53
15 44
44 58
24 44
13 44
44 55
27 44
31 44
2 44
29 44
16 44
1 44
18 44
44 81
44 73
44 71
30 44
44 48
17 44
11 44
12 44
44 84
44 61
23 44
44 89
44 83
14 44
44 47
44 54
30 77
52 77
72 77
12 77
77 79
61 77
60 77
28 77
68 77
14 77
47 77
19 77
0 51
51 53
15 51
51 58
24 51
13 51
2 51
29 51
16 51
18 51
51 81
41 51
40 51
51 87
48 51
17 51
51 72
46 51
51 84
51 61
51 60
23 51
51 83
14 51
0 39
39 53
15 39
39 58
13 39
39 55
2 39
29 39
16 39
18 39
39 81
39 73
39 71
39 40
30 39
17 39
25 39
12 39
39 84
39 61
23 39
39 89
39 83
4 30
4 52
4 72
4 46
4 79
4 84
4 60
4 37
4 68
0 8
8 53
8 24
8 55
8 31
8 29
8 16
8 49
8 81
8 73
8 40
8 87
8 30
8 17
8 25
8 46
8 79
8 61
8 76
8 28
8 68
4 8
8 39
37 63
4 63
39 63
48 62
17 62
62 72
25 62
62 84
61 62
23 62
62 89
37 62
62 68
39 62
62 63
62 77
62 75
57 79
57 61
57 76
28 57
57 83
14 57
0 85
53 85
13 85
55 85
27 85
29 85
1 85
49 85
81 85
41 85
43 85
85 87
30 85
17 85
11 85
46 85
9 85
61 85
23 85
37 85
83 85
68 85
54 85
32 53
13 32
27 32
29 32
16 32
18 32
32 81
32 41
32 40
30 32
32 45
17 32
32 72
12 32
32 79
32 42
32 60
23 32
32 37
32 85
32 39
32 54
0 20
20 53
13 20
20 55
20 27
2 20
16 20
18 20
20 82
20 41
20 43
20 87
20 30
20 52
20 72
12 20
9 20
20 84
20 60
20 28
20 83
14 20
20 39
20 63
71 78
40 78
30 78
52 78
11 78
12 78
9 78
78 84
60 78
78 89
78 83
4 78
47 78
63 78
20 78
56 78
2 35
29 35
1 35
18 35
35 49
35 73
35 43
35 87
30 35
35 45
25 35
35 46
9 35
35 84
23 35
28 35
35 68
4 35
35 47
35 54
20 35
1 21
18 21
21 82
21 41
21 40
21 87
21 45
17 21
11 21
21 46
21 79
21 84
21 23
21 89
21 83
4 21
21 47
21 54
21 56
7 21
41 65
65 73
65 71
65 87
45 65
52 65
11 65
25 65
9 65
42 65
60 65
65 89
65 83
4 65
65 85
63 65
20 65
21 65
35 65
19 65
65 74
10 65
29 69
49 69
69 82
41 69
40 69
69 87
48 69
17 69
11 69
46 69
69 79
61 69
42 69
69 89
69 83
14 69
69 85
54 69
69 77
21 69
0 86
53 86
15 86
58 86
24 86
13 86
55 86
27 86
31 86
2 86
16 86
49 86
81 86
43 86
71 86
40 86
48 86
52 86
72 86
12 86
79 86
61 86
60 86
86 89
83 86
85 86
47 86
63 86
56 86
75 86
64 86
27 38
29 38
16 38
18 38
38 82
38 41
38 43
30 38
38 48
17 38
25 38
38 46
38 79
38 42
38 60
38 89
38 83
4 38
38 47
38 63
38 56
38 86
35 38
32 38
36 38
33 38
26 38
13 59
55 59
31 59
2 59
29 59
49 59
59 82
41 59
59 71
59 87
48 59
17 59
11 59
25 59
12 59
59 61
59 76
28 59
59 83
14 59
59 85
54 59
59 77
21 59
57 59
32 59
8 59
33 59
34 43
34 87
34 45
34 52
11 34
12 34
34 84
34 61
34 76
28 34
34 83
34 85
34 47
34 77
34 56
34 86
34 57
32 34
34 36
10 34
34 69
1 88
49 88
82 88
73 88
71 88
30 88
48 88
17 88
72 88
46 88
79 88
84 88
76 88
28 88
37 88
4 88
85 88
54 88
77 88
21 88
57 88
36 88
74 88
33 88
34 88
64 88
50 88
44 88
78 88
38 88
67 81
41 67
67 71
40 67
48 67
52 67
11 67
25 67
9 67
42 67
60 67
67 89
37 67
4 67
47 67
63 67
56 67
21 67
67 86
35 67
8 67
10 67
34 67
64 67
7 67
67 88
67 78
67 80
6 67
38 67
66 88
34 59
34 51
6 34
34 64
22 30
17 22
22 72
22 46
9 22
22 61
22 60
22 89
22 68
4 22
22 39
22 54
20 22
21 22
22 35
19 22
8 22
22 33
22 69
22 34
22 50
22 65
5 22
3 22
22 62
27 70
2 70
29 70
1 70
70 81
70 73
43 70
40 70
45 70
52 70
70 72
46 70
70 79
42 70
70 76
28 70
70 83
14 70
70 85
63 70
56 70
70 75
57 70
19 70
8 70
33 70
69 70
59 70
7 70
22 70
5 70
62 70
70 80
6 70
38 59
59 62
59 66
51 59
6 59
59 80
7 38
38 44
38 80
3 38
50 86
66 86
10 86
36 86
80 86
3 86
69 86
8 86
32 69
69 74
10 69
5 69
44 69
65 69
7 69
3 69
64 65
51 65
5 65
3 65
6 65
65 80
3 21
21 35
21 57
21 26
21 44
8 21
6 35
35 50
19 35
35 78
35 44
35 51
5 35
26 35
32 78
8 78
10 78
26 78
64 78
7 78
66 78
3 78
6 78
20 50
20 51
7 20
20 74
20 80
8 20
20 32
20 75
5 20
20 33
32 75
32 57
32 44
19 32
32 36
32 33
32 62
32 50
6 85
75 85
57 85
66 85
80 85
39 85
19 85
54 57
56 57
26 57
57 74
57 64
57 62
5 57
33 57
7 57
62 74
10 62
26 62
50 62
5 62
62 66
3 62
63 66
63 64
3 63
36 63
10 63
8 63
33 63
8 19
8 33
8 44
6 8
8 26
8 51
3 4
4 26
4 10
4 47
4 7
4 74
4 39
5 39
39 50
26 39
33 39
3 39
39 64
39 47
39 51
39 74
51 77
51 75
36 51
51 74
5 51
3 51
44 51
51 66
7 51
75 77
5 77
44 77
3 77
66 77
56 77
10 77
36 77
44 74
44 64
5 44
6 44
44 66
74 83
68 83
36 83
68 75
5 68
3 68
10 68
7 68
68 80
56 68
64 68
66 68
33 68
14 75
66 75
10 75
33 75
6 75
75 80
74 75
36 75
19 75
14 19
6 14
14 56
14 36
14 80
14 64
5 14
14 50
6 54
6 56
6 36
6 33
6 50
26 28
28 37
28 33
28 54
28 80
10 28
28 47
7 37
37 56
37 50
37 66
26 37
37 54
37 47
33 37
19 37
36 66
66 74
33 66
26 66
66 80
74 76
19 76
26 76
3 76
5 76
54 76
19 89
19 56
3 19
19 64
19 74
10 19
19 80
7 19
54 84
33 84
7 84
42 84
23 84
64 84
23 60
23 56
23 80
7 23
23 64
23 47
10 23
23 74
5 23
10 47
10 36
10 26
3 10
10 50
9 61
5 9
9 47
3 9
9 42
9 36
9 74
9 80
9 26
42 56
42 60
33 42
42 54
5 42
42 80
42 74
56 60
36 60
60 89
50 60
33 60
56 89
64 89
36 89
50 89
3 89
11 74
11 26
11 54
11 61
11 33
3 11
72 79
25 79
56 79
7 79
64 79
50 79
50 61
50 54
50 74
26 50
50 64
7 50
50 80
12 26
12 80
7 12
12 33
7 47
7 54
7 36
7 26
7 64
17 80
17 46
17 25
17 61
46 72
46 56
3 46
46 47
46 64
46 74
47 61
47 56
47 54
36 47
47 80
5 52
3 52
36 52
45 48
48 74
25 48
33 48
48 64
45 56
45 72
45 80
5 45
3 45
45 54
36 45
45 61
45 64
33 45
5 72
5 25
5 56
5 74
5 26
3 5
26 71
3 71
64 71
25 71
25 87
25 72
25 56
25 26
25 74
25 54
25 36
25 61
64 81
64 73
30 64
64 72
56 64
36 64
33 64
41 49
41 56
41 72
30 41
41 80
40 41
41 43
26 41
41 61
41 73
41 74
36 41
56 73
72 73
73 80
30 73
40 73
43 73
26 73
73 87
61 73
33 73
40 87
56 87
72 87
30 87
80 87
61 87
54 87
26 87
54 72
54 56
26 54
54 74
33 82
3 82
36 82
74 82
3 43
3 30
3 61
3 74
18 36
36 43
36 40
36 72
36 61
36 80
33 43
33 40
33 80
16 74
16 61
43 61
56 61
26 61
2 74
29 74
43 74
30 74
29 43
43 56
43 72
30 43
43 80
40 43
26 43
26 27
29 56
29 72
29 80
29 30
29 40
26 29
26 55
26 30
26 56
26 80
40 56
40 72
30 40
40 80
30 56
30 72
30 80
58 80
72 80
56 72
