90 2002
0 30
30 68
30 65
0 65
65 68
8 30
8 65
0 20
20 68
8 20
30 72
65 72
20 72
0 70
68 70
8 70
23 30
23 65
20 23
23 70
12 30
12 65
12 20
12 70
0 12
12 68
8 12
12 23
12 72
22 30
22 65
20 22
22 70
12 22
0 51
51 68
8 51
23 51
51 72
22 51
30 57
57 65
20 57
57 70
12 57
51 57
54 65
12 54
0 54
54 68
8 54
54 72
23 54
22 54
30 33
33 65
20 33
33 70
12 33
33 51
33 54
0 40
40 68
8 40
23 40
40 72
22 40
40 57
33 40
30 86
65 86
20 86
70 86
12 86
51 86
54 86
40 86
65 69
0 69
68 69
8 69
23 69
69 72
22 69
69 86
57 69
33 69
30 50
50 65
20 50
50 70
12 50
50 51
50 54
40 50
50 69
30 76
65 76
20 76
12 76
54 76
69 76
0 76
68 76
8 76
72 76
23 76
22 76
33 76
57 76
76 86
50 76
30 62
62 65
20 62
62 70
12 62
51 62
54 62
40 62
62 69
62 76
30 46
46 65
20 46
46 70
12 46
46 51
46 54
40 46
46 69
46 76
0 46
46 68
8 46
23 46
46 72
22 46
33 46
46 57
46 86
46 50
30 39
39 65
20 39
39 70
12 39
39 51
39 54
39 40
39 69
39 76
39 46
0 71
68 71
8 71
71 72
23 71
22 71
33 71
57 71
71 86
50 71
62 71
39 71
7 30
7 65
7 20
7 70
7 12
7 51
7 54
7 40
7 69
7 76
7 46
7 71
30 32
32 65
20 32
32 70
12 32
32 51
32 54
32 69
32 76
32 46
0 32
32 68
8 32
23 32
32 72
22 32
32 57
32 86
32 33
32 50
32 39
32 62
30 41
41 65
20 41
41 70
12 41
41 51
41 54
40 41
41 69
41 76
41 46
41 71
32 41
12 56
54 56
56 76
46 56
56 71
0 56
56 68
8 56
56 72
23 56
22 56
33 56
56 86
56 57
50 56
39 56
56 62
41 56
7 56
30 37
37 65
20 37
37 70
12 37
37 51
37 54
37 40
37 69
37 76
37 46
37 71
32 37
37 56
32 35
0 35
35 68
8 35
23 35
35 72
22 35
35 86
33 35
35 57
35 50
35 62
35 39
35 37
7 35
35 41
73 76
46 73
32 73
35 73
16 65
16 70
12 16
16 69
16 76
16 46
16 32
16 35
0 16
16 68
8 16
16 23
16 72
16 22
16 33
16 86
16 57
16 50
16 39
16 62
30 36
36 65
20 36
12 36
36 54
36 40
36 76
36 46
36 71
36 56
16 36
0 77
68 77
8 77
72 77
23 77
22 77
57 77
33 77
77 86
50 77
39 77
14 30
14 65
14 20
14 70
12 14
14 51
14 54
14 69
14 76
14 46
14 32
14 56
0 87
68 87
8 87
72 87
23 87
22 87
57 87
86 87
33 87
50 87
62 87
39 87
7 87
37 87
41 87
38 87
38 77
0 58
58 68
8 58
23 58
58 72
22 58
58 86
57 58
33 58
50 58
30 49
49 65
20 49
49 70
12 49
49 51
49 54
40 49
49 69
49 76
46 49
49 71
49 56
35 49
49 87
49 62
49 58
17 65
12 17
17 54
17 69
17 76
17 46
17 32
17 35
16 17
17 62
24 87
24 62
0 24
24 68
8 24
23 24
24 72
22 24
24 86
24 33
24 57
24 50
24 37
24 73
69 89
46 89
32 89
35 89
87 89
77 89
24 89
6 30
6 65
6 20
6 70
6 12
6 54
6 40
6 69
6 76
6 46
6 56
6 35
6 62
6 77
6 58
0 6
6 68
6 8
6 23
6 72
6 22
6 57
6 33
6 86
6 50
30 34
34 65
20 34
34 70
12 34
34 54
34 69
34 46
32 34
34 56
16 34
34 77
24 34
6 34
17 34
30 67
65 67
20 67
67 70
12 67
51 67
54 67
40 67
67 69
67 76
46 67
67 71
32 67
56 67
67 87
62 67
0 19
19 68
8 19
19 23
19 72
19 22
19 57
19 33
19 86
19 50
63 65
63 70
12 63
54 63
63 76
46 63
32 63
35 63
62 63
19 63
24 63
58 63
17 63
63 67
63 86
0 63
63 68
8 63
63 72
23 63
22 63
30 43
43 65
20 43
43 70
12 43
43 51
43 54
40 43
43 76
43 71
32 43
35 43
16 43
43 62
24 43
43 58
17 43
11 30
11 65
11 70
11 12
11 54
11 69
11 76
11 71
11 32
11 56
11 87
11 77
11 19
6 11
0 11
11 68
8 11
11 72
11 23
11 22
11 33
11 57
11 86
11 38
25 65
25 40
25 76
25 46
25 32
25 35
16 25
25 62
19 25
25 58
11 25
25 67
19 44
44 58
12 74
54 74
69 74
71 74
32 74
56 74
35 74
62 74
24 74
6 74
17 74
0 74
68 74
8 74
72 74
23 74
22 74
74 86
33 74
57 74
50 74
19 28
6 28
28 74
11 28
28 44
28 38
28 43
0 53
53 68
8 53
23 53
53 72
30 80
65 80
20 80
12 80
54 80
40 80
76 80
46 80
56 80
35 80
16 80
62 80
58 80
6 80
74 80
67 80
44 80
38 80
53 80
57 80
27 30
27 65
12 27
27 54
27 69
27 46
27 56
27 35
16 27
27 62
27 58
6 27
17 27
27 67
27 44
27 63
27 43
27 53
0 27
27 68
8 27
27 72
23 27
16 88
77 88
24 88
17 88
74 88
67 88
86 88
38 88
43 88
53 88
27 88
0 88
68 88
8 88
2 74
2 11
2 44
2 38
2 43
2 57
2 88
74 83
11 83
83 86
63 83
3 65
3 12
3 69
3 46
3 56
3 35
3 16
3 62
3 19
3 58
3 11
3 67
3 44
3 63
3 43
0 3
3 68
3 8
3 72
3 23
3 57
47 65
40 47
47 69
47 71
32 47
47 56
16 47
47 77
19 47
17 47
11 47
47 67
47 86
38 47
3 47
47 57
27 47
39 47
13 65
13 54
13 69
13 46
13 32
13 56
13 87
13 62
13 24
6 13
13 17
13 67
13 86
13 63
13 43
13 53
13 27
13 39
13 83
0 13
13 68
13 36
30 55
55 65
55 70
12 55
54 55
40 55
55 76
46 55
32 55
55 56
55 87
55 62
19 55
6 55
55 74
11 55
55 86
38 55
43 55
53 55
65 84
12 84
54 84
69 84
76 84
46 84
32 84
56 84
16 84
62 84
24 84
6 84
74 84
11 84
44 84
43 84
3 84
53 84
27 84
0 84
68 84
8 84
72 84
29 84
29 88
13 29
2 29
1 44
1 38
1 3
1 57
1 27
1 88
1 83
31 76
31 46
31 71
31 35
31 87
31 77
24 31
31 58
31 74
31 44
31 86
31 63
31 43
31 53
27 31
31 39
0 31
31 68
31 73
31 33
16 82
62 82
24 82
58 82
74 82
11 82
44 82
38 82
43 82
57 82
27 82
39 82
13 82
31 82
16 21
21 62
21 24
6 21
17 21
11 21
21 86
21 63
3 21
21 57
21 84
21 88
13 21
2 21
0 21
21 68
48 83
31 48
21 48
1 48
42 83
31 42
21 42
15 32
15 35
15 16
15 19
15 24
6 15
15 74
11 15
15 44
15 38
15 43
15 53
15 27
15 88
15 83
2 15
15 21
0 15
15 34
79 84
39 79
79 83
31 79
1 79
15 79
18 30
18 65
18 20
18 70
12 18
18 51
18 54
18 40
18 69
18 76
18 46
18 71
18 32
18 35
18 62
18 77
18 58
17 18
18 74
11 18
18 86
18 63
3 18
18 57
18 27
18 88
13 18
2 18
18 21
15 18
18 42
0 18
18 82
18 89
18 68
5 86
5 38
3 5
5 53
5 84
5 88
5 13
5 31
1 5
5 15
5 18
26 30
26 65
20 26
26 70
12 26
26 51
26 54
26 40
26 69
26 76
26 46
26 71
26 32
26 56
16 26
26 62
24 26
26 58
17 26
26 67
26 86
26 38
26 43
26 57
26 27
26 88
26 83
2 26
21 26
15 26
26 42
0 26
30 66
65 66
20 66
12 66
54 66
66 69
66 76
46 66
66 71
35 66
16 66
62 66
24 66
6 66
11 66
44 66
66 86
38 66
3 66
57 66
27 66
39 66
13 66
2 66
21 66
15 66
18 66
26 66
49 66
66 79
4 69
4 71
4 32
4 35
4 87
4 77
4 19
4 58
4 74
4 11
4 44
4 63
3 4
4 53
4 57
4 88
4 83
2 4
1 4
4 36
4 18
30 45
45 65
20 45
45 70
12 45
45 51
45 54
40 45
45 69
45 76
45 46
45 71
45 56
35 45
16 45
45 77
19 45
6 45
17 45
45 67
45 86
45 63
43 45
45 57
45 84
39 45
13 45
2 45
21 45
36 45
42 45
18 45
0 45
78 87
77 78
19 78
6 78
74 78
67 78
44 78
38 78
3 78
53 78
78 84
78 88
13 78
2 78
21 78
36 78
18 78
45 78
49 78
4 78
25 78
30 64
64 65
20 64
64 70
12 64
51 64
54 64
40 64
64 69
64 76
46 64
64 71
56 64
35 64
16 64
19 64
24 64
58 64
17 64
64 67
64 86
63 64
3 64
57 64
27 64
64 88
13 64
2 64
21 64
36 64
18 64
45 64
9 86
9 63
9 43
9 57
9 27
9 88
9 83
9 31
1 9
9 36
9 42
9 26
9 49
9 89
9 14
9 64
5 9
9 29
59 86
59 63
43 59
57 59
27 59
39 59
13 59
31 59
1 59
15 59
42 59
26 59
9 59
4 59
59 78
23 59
10 30
10 65
10 20
10 70
10 12
10 51
10 54
10 69
10 76
10 46
10 56
10 35
10 16
10 19
10 24
6 10
10 17
10 67
10 63
10 43
3 10
10 53
10 84
10 39
10 83
2 10
10 21
10 36
10 42
10 26
10 49
10 79
10 78
10 23
10 48
10 33
10 22
10 55
7 10
65 81
12 81
54 81
40 81
76 81
46 81
32 81
56 81
16 81
62 81
24 81
6 81
17 81
11 81
81 86
63 81
3 81
57 81
27 81
81 88
81 83
2 81
1 81
36 81
42 81
45 81
9 81
4 81
25 81
10 81
56 61
35 61
61 87
61 62
24 61
58 61
17 61
61 67
61 63
38 61
3 61
53 61
27 61
39 61
61 83
2 61
21 61
36 61
15 61
45 61
49 61
61 79
25 61
61 78
61 64
28 61
22 61
61 89
61 68
33 61
61 81
60 65
40 60
60 69
60 71
32 60
35 60
16 60
60 62
58 60
17 60
60 74
60 67
44 60
60 63
3 60
57 60
60 84
39 60
60 83
31 60
1 60
15 60
42 60
18 60
26 60
9 60
4 60
23 60
60 64
60 61
7 60
60 80
60 66
12 85
54 85
69 85
71 85
32 85
56 85
16 85
62 85
19 85
58 85
17 85
67 85
85 86
38 85
43 85
53 85
27 85
85 88
83 85
2 85
21 85
36 85
15 85
26 85
49 85
4 85
25 85
23 85
10 85
37 85
48 85
80 85
82 85
59 85
41 85
72 85
85 89
5 85
56 75
35 75
62 75
75 77
24 75
58 75
17 75
11 75
44 75
38 75
43 75
53 75
27 75
39 75
13 75
2 75
21 75
36 75
42 75
18 75
9 75
4 75
25 75
23 75
64 75
37 75
7 75
75 80
66 75
75 85
33 75
8 75
29 75
28 75
0 75
68 75
14 75
41 75
75 81
34 75
47 85
14 85
60 85
68 85
29 85
60 89
5 60
59 60
29 60
60 72
47 60
0 60
60 68
55 60
41 60
7 61
61 82
48 61
14 61
61 80
0 61
61 66
59 61
48 81
7 81
80 81
81 82
33 81
30 52
52 65
20 52
52 70
12 52
52 54
40 52
52 69
52 76
46 52
32 52
52 56
16 52
52 62
24 52
52 58
17 52
52 67
44 52
52 63
3 52
52 53
52 84
39 52
52 83
2 52
1 52
36 52
18 52
26 52
49 52
4 52
25 52
23 52
10 52
37 52
48 52
52 80
52 82
33 52
52 89
50 52
52 81
22 52
0 52
52 68
34 52
29 52
14 52
41 52
5 81
59 81
22 81
14 81
0 81
34 81
55 81
41 81
0 10
10 68
10 37
10 47
10 41
10 14
10 50
10 59
7 59
59 73
59 82
59 89
8 59
50 59
55 59
14 59
41 59
0 59
28 59
9 80
9 25
9 47
9 73
4 9
0 9
9 55
9 50
7 9
9 22
64 79
64 78
23 64
34 64
64 80
5 64
7 64
8 64
55 64
29 64
64 66
64 73
48 64
64 72
64 82
0 64
14 78
0 78
29 78
55 78
48 78
78 89
28 78
66 78
73 78
78 82
34 78
41 78
50 78
7 45
45 50
4 45
45 48
28 45
45 72
25 45
45 82
34 45
23 45
45 89
37 45
45 73
45 68
33 45
0 4
4 14
4 48
4 89
4 47
4 25
4 50
4 66
4 22
4 41
4 68
4 37
48 66
66 73
14 66
33 66
66 68
55 66
47 66
50 66
41 66
22 66
66 72
34 66
26 80
26 41
8 26
14 26
26 55
22 26
26 47
5 26
26 79
26 49
26 29
26 48
26 68
5 79
5 25
5 23
5 37
5 48
5 73
5 82
5 89
5 29
5 55
5 8
5 28
5 22
5 34
5 68
18 37
18 29
8 18
18 79
18 50
18 80
18 28
18 47
49 79
72 79
79 82
37 79
29 79
55 79
23 79
8 79
28 79
79 80
68 79
41 79
33 79
34 79
73 79
15 68
15 42
15 41
7 15
15 89
15 50
15 23
15 29
15 25
15 49
8 15
14 15
0 42
42 72
34 42
42 48
7 42
42 73
25 42
22 42
33 42
42 55
23 42
41 42
42 49
34 48
41 48
48 73
48 80
8 48
0 48
48 55
48 82
14 48
21 25
21 89
21 50
21 37
21 47
21 82
21 49
21 34
8 21
36 82
49 82
25 82
73 82
8 82
82 89
28 82
0 82
29 82
50 82
55 82
14 31
31 49
31 89
31 37
31 50
31 72
31 55
31 36
31 41
31 47
22 31
31 80
25 31
1 31
0 1
1 33
1 29
1 36
1 41
1 28
1 80
1 68
1 73
1 55
1 72
1 23
1 14
1 7
1 22
23 29
29 37
7 29
29 80
8 29
22 29
29 72
29 34
29 47
0 29
55 84
7 84
22 84
84 89
50 84
25 84
37 84
33 84
83 84
41 84
49 84
39 84
23 84
34 84
55 88
13 55
36 55
37 55
55 73
55 89
22 55
28 55
47 55
55 68
50 55
13 47
13 14
2 13
13 49
13 34
13 23
13 72
13 22
13 50
8 13
36 47
25 47
23 47
37 47
47 73
47 80
47 89
8 47
22 47
28 47
47 72
34 47
0 47
3 25
3 36
3 41
3 89
3 37
3 73
3 83
3 22
53 83
39 83
0 83
68 83
2 83
8 83
37 83
41 83
80 83
28 83
7 83
25 83
83 89
0 2
2 68
2 28
2 34
2 73
2 7
2 33
2 8
2 23
41 88
49 88
28 88
7 88
39 88
25 88
23 88
88 89
50 88
27 80
14 27
27 36
27 73
27 28
39 80
36 80
25 80
23 80
73 80
34 80
80 89
68 80
22 80
14 80
50 53
22 53
39 53
41 53
36 53
37 53
28 53
25 53
28 36
28 49
23 28
28 37
7 28
28 73
28 33
28 89
22 28
28 68
28 34
14 28
44 74
73 74
37 74
41 74
39 74
36 74
49 74
14 74
67 74
44 67
0 44
44 68
8 44
23 44
44 72
22 44
36 44
44 57
44 86
33 44
34 44
44 73
44 50
25 44
41 44
37 44
25 38
25 73
7 25
23 25
25 50
25 33
8 25
25 72
25 34
11 43
11 39
11 41
11 67
11 49
11 73
11 89
7 11
43 63
38 43
0 43
43 68
8 43
23 43
43 72
22 43
39 43
43 49
7 43
34 43
33 43
14 43
36 63
49 63
50 63
7 63
41 63
14 63
33 63
19 39
19 37
19 67
19 36
14 19
6 67
0 67
67 68
8 67
23 67
67 72
22 67
67 86
57 67
33 67
34 67
38 67
14 67
50 67
37 67
34 38
34 57
34 39
34 49
7 34
33 34
34 72
34 50
34 41
6 14
6 39
6 17
6 41
6 89
6 7
6 38
6 36
17 89
86 89
38 89
57 89
23 89
37 89
7 89
33 89
8 89
14 89
17 24
24 41
7 24
24 39
0 17
17 68
8 17
17 72
17 23
17 22
17 33
17 57
17 86
17 49
17 37
17 50
7 17
49 86
49 57
0 49
23 49
41 49
37 49
49 72
33 49
8 49
22 49
7 49
38 58
58 73
38 86
0 38
38 68
8 38
23 38
38 72
22 38
38 39
36 38
38 57
38 73
37 38
14 87
14 77
14 86
14 57
14 39
14 36
14 23
14 72
14 50
14 68
14 41
73 77
36 77
41 77
36 39
0 36
36 37
33 36
36 73
22 36
36 72
16 73
7 16
16 37
57 73
39 73
33 73
50 73
41 73
8 73
0 73
72 73
37 39
23 37
33 37
8 37
22 37
37 72
37 68
37 50
41 62
7 41
33 41
22 41
41 68
7 32
7 62
7 86
7 57
7 33
7 22
7 68
7 50
7 72
39 62
39 86
0 39
39 68
8 39
22 39
33 39
39 72
46 62
0 62
62 68
8 62
62 72
23 62
22 62
57 62
62 86
33 62
50 62
50 57
8 50
22 50
50 72
0 50
50 68
0 86
68 86
8 86
72 86
23 86
22 86
33 86
57 86
33 57
22 33
8 33
0 33
33 72
54 57
0 57
57 68
8 57
57 72
23 57
22 72
8 23
23 72
70 72
8 72
0 72
0 8
8 68
