90 400
36 54
33 36
54 58
33 58
22 58
54 75
33 75
36 84
75 84
22 75
47 58
12 54
12 33
12 47
58 79
12 79
50 54
50 79
8 50
14 75
17 30
2 17
29 54
29 33
29 47
25 58
25 29
8 29
29 69
29 60
39 83
44 49
49 55
32 55
20 22
8 20
5 51
51 69
14 51
51 64
16 54
16 22
16 47
16 79
16 17
30 73
5 24
24 73
14 24
24 32
20 24
16 65
24 65
2 65
11 39
6 60
60 82
6 82
82 83
7 15
7 24
29 72
60 85
64 85
20 85
24 85
72 85
78 85
30 85
5 19
19 69
19 44
19 64
19 20
30 41
9 22
9 79
9 17
9 69
9 41
49 88
38 88
20 88
58 88
24 88
31 60
31 32
31 83
54 68
33 68
22 68
68 79
17 68
68 73
44 68
49 68
38 68
31 68
18 41
18 32
16 18
18 68
18 37
18 31
18 30
61 82
21 38
21 58
48 75
8 57
57 73
57 60
49 57
57 83
0 57
48 57
5 80
17 80
44 80
64 80
15 80
0 80
72 80
24 28
28 80
28 29
19 28
12 28
13 55
39 43
6 43
42 43
30 42
42 50
1 42
0 1
1 81
1 80
16 46
23 46
46 82
38 74
24 74
37 74
3 82
3 74
55 67
13 76
67 76
21 76
75 76
12 76
48 70
70 76
46 70
70 88
60 71
6 71
71 83
0 71
71 82
71 74
67 71
70 71
3 26
26 56
11 56
45 77
26 77
26 71
71 75
66 83
58 66
2 66
31 66
3 66
66 70
36 66
53 86
66 86
44 62
6 62
20 62
62 68
62 82
22 27
8 27
5 27
27 73
27 39
27 64
4 34
4 68
4 81
4 78
4 53
4 11
4 65
4 45
2 34
23 34
27 34
34 58
34 89
68 89
13 89
21 89
51 89
1 40
40 61
40 89
51 63
40 63
63 88
36 63
85 89
7 89
27 58
27 81
27 35
27 67
19 27
60 87
6 87
38 87
24 87
55 87
80 87
27 87
30 87
50 87
65 87
27 75
35 51
9 35
35 62
46 62
18 62
62 86
12 62
2 52
52 74
29 52
50 52
52 86
36 52
3 67
11 67
3 65
46 74
54 59
33 59
47 59
59 79
17 59
59 73
41 59
59 64
16 59
0 59
37 59
59 74
51 59
11 59
59 65
59 75
36 46
1 46
1 43
1 12
23 43
13 43
43 80
43 88
7 43
43 57
13 45
9 13
45 78
29 45
28 45
57 80
19 57
57 88
57 85
48 81
30 81
21 81
21 29
21 61
7 21
29 61
61 75
18 61
7 18
29 68
2 68
31 72
11 31
31 88
30 31
9 38
38 75
16 38
9 83
9 58
9 53
9 50
9 12
7 9
36 41
23 41
23 64
19 23
23 55
23 51
23 53
23 36
19 72
10 19
10 50
19 85
7 72
15 82
11 15
51 82
6 16
6 11
0 6
6 36
11 83
11 37
37 78
36 37
53 78
65 78
20 73
60 73
36 73
16 73
14 16
0 16
16 29
16 51
50 51
5 58
5 20
5 75
20 44
20 49
12 20
20 55
20 36
36 55
12 55
2 55
12 49
49 58
49 50
49 83
53 83
39 50
39 53
32 53
2 53
30 53
32 75
30 32
29 32
2 69
58 69
2 60
2 64
2 50
17 64
12 17
17 36
14 64
44 64
12 64
12 14
14 50
14 58
50 58
36 79
0 12
30 47
47 75
36 47
8 75
44 75
58 75
22 36
30 33
30 54
8 30
0 30
8 60
44 60
0 44
