90 400
8 12
20 76
55 85
61 85
61 66
85 86
66 86
38 86
5 38
5 79
83 85
66 83
38 83
7 83
8 83
28 88
37 88
34 64
75 86
37 75
31 66
31 79
31 75
31 37
26 66
26 79
8 26
26 28
10 26
8 59
37 59
1 68
26 68
32 68
32 64
20 32
14 76
34 53
53 62
1 21
50 66
50 79
8 50
37 50
34 50
40 50
26 50
1 42
11 76
11 62
8 47
37 47
47 76
11 47
55 87
34 71
40 71
71 87
71 86
8 35
35 37
1 35
35 67
67 83
4 84
45 74
9 45
21 45
1 19
11 19
19 20
19 25
19 24
8 33
33 76
33 34
26 33
27 59
27 42
27 86
27 33
23 27
12 23
34 82
9 82
82 87
82 86
80 82
43 80
26 73
26 51
41 51
51 64
51 83
47 51
15 73
85 89
7 89
8 89
28 89
1 89
74 89
21 89
86 89
15 89
14 89
29 87
12 29
29 89
31 63
33 63
18 76
18 54
18 20
2 18
44 66
44 79
28 44
37 44
34 44
44 74
20 44
2 44
15 44
3 7
3 28
3 76
3 11
3 84
3 25
3 35
3 42
24 70
3 70
52 85
52 66
30 52
52 79
8 52
28 52
10 52
52 54
20 52
52 86
52 64
24 46
46 88
21 49
41 49
16 42
16 68
16 49
16 43
46 49
24 77
77 89
50 77
2 36
36 63
36 77
36 80
23 36
22 71
22 47
22 36
57 89
33 57
34 81
54 81
26 81
25 81
15 81
51 81
57 81
81 83
50 81
65 81
29 57
19 57
57 65
39 85
39 79
7 39
37 39
1 39
39 74
26 39
56 61
39 56
43 56
24 56
31 39
33 39
39 73
39 80
39 65
39 88
22 65
14 77
49 77
49 55
47 49
0 49
46 50
34 48
48 62
20 48
48 69
31 48
46 48
18 48
29 48
6 24
6 42
6 14
6 48
6 78
6 53
23 48
46 52
52 70
52 61
52 55
23 52
13 70
13 80
13 68
58 87
12 58
58 82
3 58
19 58
58 61
44 58
13 58
61 70
59 70
3 44
3 59
44 73
29 44
44 88
2 88
2 64
20 60
41 60
2 60
60 89
19 60
29 60
53 60
55 60
18 31
18 63
5 18
4 18
18 78
29 63
5 63
15 78
15 61
51 78
59 78
45 78
43 51
41 59
41 73
41 88
43 73
45 73
73 80
59 82
24 82
45 82
23 82
17 68
4 17
17 71
17 23
23 71
5 27
33 86
33 35
19 33
33 53
5 19
14 25
25 55
25 45
42 45
45 47
45 53
43 74
12 74
11 43
43 84
43 61
0 43
31 84
35 84
5 84
35 86
35 71
35 55
35 53
35 50
71 88
53 71
24 87
83 87
47 87
47 69
47 64
47 68
11 20
4 11
11 42
11 88
42 69
14 42
42 55
64 69
68 69
50 69
50 83
0 50
21 40
5 40
21 26
12 21
21 61
21 53
21 88
12 53
14 62
31 62
62 86
14 32
14 68
14 83
5 68
1 24
1 59
1 5
54 59
0 59
59 83
54 55
26 54
10 83
10 55
10 20
10 31
12 31
0 31
4 31
24 75
24 37
9 24
9 61
9 12
9 64
64 83
5 64
34 88
55 88
28 55
28 86
28 61
28 83
12 83
7 55
7 61
4 7
5 7
5 37
4 5
79 86
4 79
37 79
76 86
0 86
38 61
8 61
61 72
4 72
4 61
55 66
37 66
30 55
37 55
37 85
30 37
4 30
4 76
4 12
0 4
12 76
8 20
0 20
