90 400
0 2
18 38
64 89
40 89
44 89
22 44
51 71
8 51
71 74
8 74
9 51
9 33
51 85
68 85
33 85
51 82
12 82
68 82
5 82
5 85
74 78
78 83
33 88
9 59
59 82
59 78
59 88
59 68
38 57
40 57
9 81
81 82
81 85
22 81
68 81
57 81
5 15
15 59
15 81
10 48
10 40
10 61
17 51
17 26
12 17
17 68
35 71
35 82
17 35
32 35
52 71
52 82
52 78
32 52
48 52
40 52
52 61
59 84
15 53
53 84
33 43
43 53
41 43
18 27
1 38
1 70
60 73
10 73
39 48
39 70
42 56
20 56
16 55
17 66
22 66
72 80
17 46
22 46
46 68
24 46
42 46
46 51
34 46
19 71
19 82
19 78
19 88
19 48
19 57
18 19
19 84
19 34
19 83
19 26
19 77
2 47
47 77
12 47
7 35
7 47
42 63
63 84
63 75
65 85
32 65
0 65
65 70
60 65
20 65
63 65
65 66
23 68
23 70
23 24
71 87
82 87
85 87
22 87
48 87
24 87
55 87
5 87
23 87
71 79
8 79
9 79
79 82
17 79
79 88
68 79
40 79
35 37
33 37
37 69
1 69
16 69
31 63
31 66
25 32
25 57
25 37
25 51
25 34
25 31
25 54
25 74
61 67
10 67
39 67
53 67
16 45
45 83
41 45
45 52
45 67
45 73
25 67
67 74
44 67
25 56
50 55
50 51
17 58
22 58
0 58
24 58
18 58
51 58
52 58
56 58
50 58
11 58
17 62
32 62
62 68
57 62
42 62
62 87
58 62
53 62
18 21
1 21
21 63
21 62
21 35
21 59
16 76
72 76
33 76
69 76
21 76
56 76
18 86
84 86
34 86
66 86
2 86
59 86
21 86
81 86
62 73
44 62
14 58
14 62
14 65
14 73
14 23
6 51
6 87
6 64
6 83
6 33
6 14
30 80
30 70
30 60
10 30
30 64
11 28
28 72
28 30
28 75
28 81
28 46
30 54
30 50
12 30
6 30
6 52
31 50
50 65
50 73
50 52
31 69
31 59
2 69
3 78
3 32
3 80
3 70
3 18
3 10
3 64
3 83
3 69
3 59
26 29
29 73
3 29
29 81
3 77
46 69
37 79
37 64
79 87
11 79
66 79
56 79
12 79
59 79
0 13
13 40
13 24
10 13
13 16
13 53
13 79
13 41
4 23
4 13
13 56
39 87
74 87
23 39
23 27
23 65
23 75
33 65
59 63
5 63
26 75
7 75
52 75
5 7
74 77
5 19
19 74
34 54
34 74
46 54
44 46
5 46
24 72
60 72
1 72
39 72
53 72
35 72
54 72
66 80
40 66
55 66
1 66
64 66
27 66
16 20
12 16
2 16
20 44
11 20
12 20
35 56
42 51
39 42
39 44
39 73
27 39
1 60
60 83
1 27
1 35
1 81
26 27
2 27
27 41
41 44
41 81
43 81
53 74
52 84
52 83
32 68
26 32
32 64
32 33
35 68
35 57
35 64
12 35
22 26
26 40
26 61
26 51
26 64
2 26
61 74
2 61
10 51
10 33
48 74
11 48
5 48
11 36
11 15
11 83
11 33
5 11
12 15
54 81
33 57
5 57
57 59
5 88
83 88
64 88
74 88
68 83
36 83
49 54
49 83
2 49
49 64
33 78
5 78
5 12
74 82
12 85
12 22
12 68
12 40
33 44
9 74
36 74
8 68
51 89
22 51
38 51
40 51
68 71
44 68
36 44
18 44
22 40
38 40
64 70
18 70
18 54
38 54
36 54
2 36
