90 1201
1 27
27 62
1 62
27 70
62 70
1 18
27 45
45 62
18 45
1 43
27 32
32 62
18 32
32 43
1 38
16 27
16 62
16 18
16 43
16 38
27 58
58 62
18 58
43 58
1 58
45 58
32 58
27 49
49 62
18 49
43 49
38 49
49 58
1 79
27 44
44 62
18 44
43 44
38 44
44 58
44 79
36 58
1 36
8 27
8 62
8 18
8 43
8 38
8 58
8 79
8 36
62 66
18 66
43 66
38 66
58 66
36 66
1 66
45 66
8 66
66 70
44 66
49 66
32 66
27 60
60 62
18 60
43 60
38 60
58 60
60 79
36 60
60 66
1 12
8 12
12 60
12 44
12 16
12 32
12 70
12 49
12 45
27 61
61 62
18 61
43 61
38 61
58 61
61 79
36 61
61 66
12 61
50 62
18 50
43 50
50 66
1 50
32 50
16 50
44 50
49 50
8 50
50 60
50 70
45 50
50 61
27 57
57 62
18 57
43 57
38 57
57 58
36 57
57 66
12 57
50 57
66 85
1 85
44 85
8 85
70 85
32 85
49 85
60 85
45 85
16 85
61 85
39 62
18 39
38 39
36 39
39 85
27 42
42 62
18 42
42 43
38 42
42 58
42 79
36 42
42 66
12 42
42 50
1 42
16 42
8 42
42 44
42 45
42 49
42 70
42 60
32 42
42 61
41 85
41 42
15 62
15 18
15 58
15 36
15 66
15 85
1 15
8 15
15 70
15 44
15 16
15 60
15 45
15 32
15 49
15 41
54 85
39 54
15 54
1 54
4 50
4 39
4 54
1 88
66 77
42 77
58 64
36 64
50 64
39 64
15 64
1 64
45 64
60 64
64 70
16 64
32 64
8 64
44 64
49 64
3 64
1 14
3 14
27 56
56 62
18 56
43 56
38 56
56 58
36 56
56 66
56 85
42 56
15 56
6 15
6 88
1 6
23 54
6 23
14 23
23 41
17 49
12 71
39 71
64 71
54 71
14 71
12 48
39 48
15 48
48 54
48 71
32 48
41 48
50 65
65 85
15 65
6 65
14 65
41 65
65 74
48 65
4 65
2 12
2 42
2 54
2 6
2 8
2 41
2 49
2 65
62 81
18 81
38 81
58 81
81 85
39 81
54 81
81 88
8 81
32 81
41 81
14 86
71 86
41 86
81 86
49 78
65 78
53 68
68 78
24 27
24 62
18 24
24 43
24 38
24 58
24 36
24 66
24 50
24 39
24 64
6 24
8 24
24 71
17 24
24 74
24 81
63 82
27 84
62 84
18 84
43 84
38 84
66 84
50 84
42 84
15 84
6 84
8 84
41 84
49 84
81 84
14 73
71 73
73 74
73 81
41 52
52 65
52 73
52 78
31 53
31 78
31 89
31 61
15 72
72 88
14 72
32 72
72 74
72 81
53 72
45 69
69 77
60 69
59 62
43 59
38 59
58 59
50 59
42 59
59 64
6 59
8 59
59 71
17 59
59 74
53 59
59 69
59 89
59 61
59 68
59 70
17 83
81 83
73 83
3 83
11 50
11 39
11 15
6 11
11 71
11 32
11 49
11 65
11 73
11 69
8 47
32 47
47 49
47 65
47 73
47 63
11 47
47 61
49 51
51 65
51 73
3 51
51 89
45 51
53 55
3 55
35 55
55 61
55 68
9 71
9 32
9 17
9 65
9 53
3 9
9 89
9 45
9 55
9 82
9 83
1 9
2 9
20 62
20 36
20 50
20 42
20 64
20 88
8 20
20 41
20 49
20 74
20 53
3 20
20 89
20 45
20 68
20 82
5 62
5 18
5 43
5 38
5 58
5 36
5 50
5 85
5 54
5 6
5 14
5 41
5 17
13 62
13 18
13 58
13 36
13 85
13 42
13 15
13 88
13 14
13 41
13 74
13 65
10 27
10 62
10 18
10 43
10 38
10 58
10 79
10 36
10 66
10 12
10 50
10 39
10 15
10 88
10 14
10 32
10 49
10 13
10 81
10 69
10 35
10 61
10 68
10 51
7 64
7 88
7 14
7 32
7 49
7 13
7 53
3 7
17 22
13 22
22 53
22 78
22 89
22 72
29 49
13 29
29 73
29 63
22 29
29 77
29 72
29 47
5 29
62 80
36 80
50 80
39 80
54 80
80 88
8 80
32 80
17 80
65 80
80 81
63 80
11 80
77 80
55 80
51 80
5 80
1 80
57 80
52 80
37 38
36 37
37 85
37 42
15 37
6 37
8 37
37 71
17 37
37 65
37 81
37 69
37 89
37 61
37 55
37 51
5 37
37 80
2 37
19 62
19 43
19 38
19 58
19 50
19 85
19 64
19 88
8 19
19 71
19 49
13 19
19 53
19 69
19 35
19 77
19 72
19 82
5 19
19 80
17 34
13 34
34 78
3 34
11 34
22 34
34 68
34 47
34 70
7 34
34 60
34 52
34 59
46 62
18 46
43 46
38 46
46 58
36 46
46 85
42 46
46 64
46 54
46 71
41 46
46 74
13 46
46 81
46 78
46 89
46 77
46 72
46 47
46 83
1 46
34 46
46 60
14 33
32 33
33 74
33 65
33 78
33 69
33 35
22 33
33 61
33 70
33 83
1 33
27 28
28 62
18 28
28 43
28 38
28 58
28 36
28 66
28 50
28 39
28 64
6 28
8 28
28 32
28 74
28 81
28 73
28 69
28 63
28 45
28 55
28 82
5 28
23 28
2 28
28 48
28 56
21 62
18 21
21 38
21 66
21 50
21 42
21 54
6 21
21 71
21 32
17 21
21 65
21 73
21 69
21 35
21 77
21 72
21 51
21 70
7 21
21 28
26 62
26 43
26 58
26 36
26 66
26 42
26 54
6 26
8 26
26 71
26 74
26 81
26 53
26 69
26 35
26 45
26 55
26 82
26 83
7 26
2 26
24 26
26 31
26 57
19 26
21 26
66 67
42 67
15 67
6 67
8 67
41 67
17 67
67 81
67 73
3 67
63 67
22 67
67 68
47 67
67 83
67 80
2 67
26 67
48 67
31 67
67 86
73 76
63 76
11 76
22 76
72 76
76 82
5 76
76 80
28 76
20 76
48 76
31 76
57 76
9 76
67 76
25 64
25 88
8 25
25 41
25 49
13 25
25 53
25 63
25 35
25 45
25 72
25 82
25 83
23 25
25 28
19 25
24 25
25 31
25 56
25 76
40 85
39 40
40 64
40 54
8 40
32 40
17 40
40 74
40 78
40 63
40 89
40 45
40 55
40 51
40 70
7 40
2 40
26 40
40 48
40 86
4 40
40 76
16 40
25 40
30 49
30 74
30 73
30 69
11 30
30 45
30 55
30 47
5 30
23 30
28 30
26 30
30 60
30 31
30 86
30 57
30 40
30 52
25 30
0 30
29 40
66 87
85 87
15 87
87 88
71 87
41 87
74 87
13 87
73 87
3 87
35 87
77 87
55 87
70 87
7 87
23 87
34 87
19 87
24 87
59 87
4 87
57 87
9 87
46 87
44 87
25 87
0 25
76 84
67 84
44 67
29 67
10 67
26 84
21 60
21 33
21 56
21 37
21 46
10 21
21 44
12 75
39 75
64 75
75 88
8 75
71 75
74 75
13 75
75 78
63 75
75 89
61 75
72 75
47 75
7 75
1 75
2 75
60 75
24 75
59 75
57 75
21 75
75 84
46 75
52 75
10 75
28 84
28 44
28 33
19 33
16 33
33 59
10 33
33 46
4 33
29 33
9 33
31 46
4 46
46 84
0 46
34 86
4 34
10 34
0 34
19 34
0 19
16 19
19 86
19 44
19 37
24 37
37 59
37 56
37 57
37 52
29 37
0 37
60 80
16 80
24 80
29 80
2 29
29 60
29 48
29 86
16 29
29 52
2 22
22 61
7 22
22 70
22 48
22 24
22 77
22 82
22 45
7 45
7 61
7 82
7 70
7 10
0 7
7 44
2 7
7 31
10 23
10 20
10 59
4 10
9 10
10 44
13 23
0 13
1 13
13 60
13 82
13 61
5 13
13 77
5 78
3 5
5 11
5 77
5 61
5 47
5 60
5 24
5 20
1 5
5 23
20 23
2 20
20 52
20 31
20 48
9 20
20 56
4 20
20 59
9 24
4 9
9 16
0 9
51 55
24 55
1 55
55 72
44 55
47 51
0 51
51 57
44 51
2 51
48 51
31 51
51 83
47 52
1 47
16 47
47 56
24 47
47 70
11 84
11 23
11 82
11 45
11 57
11 56
0 11
11 16
11 83
1 11
77 83
68 83
59 83
57 83
83 86
4 83
83 84
52 83
23 59
56 59
52 59
16 59
57 69
69 72
1 69
72 77
70 72
72 86
31 72
4 72
60 72
23 72
31 70
24 31
31 44
31 57
48 89
52 89
4 89
60 89
44 89
70 89
52 77
52 68
48 52
52 56
52 84
23 73
57 73
60 73
73 84
45 73
56 73
63 84
61 84
68 84
82 84
23 84
48 84
84 86
56 84
24 63
4 63
0 63
24 35
24 60
24 56
24 44
35 77
35 68
35 86
45 68
57 68
2 68
68 82
56 68
48 68
53 77
53 61
53 78
44 53
78 86
16 78
48 78
4 78
78 82
70 78
44 78
3 86
61 86
82 86
1 86
60 86
0 86
44 86
57 81
1 81
3 81
70 81
2 81
0 81
2 3
2 45
1 2
2 16
3 65
45 65
44 65
16 65
56 65
3 48
48 70
1 48
48 57
0 48
71 77
3 71
60 71
71 82
16 71
56 71
49 71
41 82
17 82
0 82
23 82
60 82
17 45
16 17
3 17
17 23
17 57
17 44
3 23
23 45
0 23
4 23
1 23
6 61
6 74
6 49
6 32
6 8
6 44
6 56
6 45
14 56
49 56
3 56
56 61
56 70
1 56
0 56
14 16
4 14
14 32
14 41
14 74
14 57
3 41
3 16
3 61
64 77
61 64
77 88
41 77
49 77
16 77
57 77
0 77
4 77
70 88
57 88
4 88
60 88
41 88
16 88
4 41
4 74
4 70
4 60
4 16
54 74
54 70
8 54
45 54
32 54
49 54
54 60
44 54
16 54
54 57
32 41
41 45
42 57
39 42
1 39
16 39
39 44
39 45
39 60
8 39
32 39
39 70
39 49
39 74
39 61
57 85
32 57
57 60
16 57
8 61
32 61
61 74
60 61
16 61
12 74
32 60
49 60
16 66
66 74
8 49
8 45
8 44
8 70
1 8
36 45
16 36
36 44
36 49
32 36
36 70
32 44
44 45
1 44
16 44
49 79
70 79
16 79
32 79
45 79
49 74
1 49
49 70
58 70
16 58
58 74
16 70
38 70
38 45
32 38
32 74
32 70
1 32
43 45
43 70
43 74
1 45
18 70
18 74
70 74
62 74
27 74
0 74
