90 2002
3 47
3 73
1 47
1 73
40 47
40 73
3 40
47 56
56 73
40 56
47 61
61 73
40 61
3 61
56 61
1 61
47 77
73 77
40 77
61 77
35 47
35 73
35 40
35 61
3 35
35 56
1 35
47 49
49 73
40 49
49 61
35 49
3 48
48 56
1 48
48 49
48 77
0 48
42 47
42 73
40 42
42 61
35 42
42 48
40 51
3 51
1 51
51 56
51 77
49 51
0 51
47 86
73 86
40 86
61 86
35 86
48 86
51 86
3 36
1 36
36 56
36 49
36 77
0 36
36 42
36 86
10 47
10 73
10 40
10 61
10 35
10 48
10 51
10 36
3 20
1 20
20 56
20 49
20 77
0 20
20 86
20 42
44 47
44 73
40 44
44 61
35 44
44 48
44 51
36 44
20 44
47 54
54 73
40 54
54 61
35 54
48 54
51 54
36 54
20 54
3 54
54 56
1 54
54 77
49 54
0 54
54 86
42 54
44 54
10 54
11 47
11 73
11 40
11 61
11 35
11 48
11 51
11 36
11 20
11 54
11 86
3 63
1 63
56 63
63 77
49 63
0 63
42 63
10 63
44 63
11 63
47 50
50 73
40 50
50 61
35 50
48 50
50 51
36 50
20 50
50 54
50 86
50 63
3 67
1 67
56 67
49 67
67 77
0 67
42 67
10 67
44 67
11 67
50 67
47 78
73 78
40 78
61 78
35 78
48 78
51 78
36 78
20 78
54 78
78 86
63 78
67 78
47 71
40 71
61 71
48 71
20 71
63 71
3 71
56 71
1 71
49 71
71 77
0 71
42 71
10 71
44 71
11 71
29 47
29 73
29 40
29 61
29 35
29 48
29 51
29 36
20 29
29 54
29 86
29 63
29 67
29 71
29 78
58 73
40 58
35 58
48 58
54 58
58 86
58 71
3 58
56 58
1 58
49 58
58 77
0 58
42 58
44 58
10 58
11 58
18 78
18 58
3 65
1 65
56 65
65 77
49 65
0 65
42 65
44 65
10 65
68 73
40 68
61 68
51 68
54 68
68 86
68 78
26 40
26 51
20 26
26 86
26 78
3 26
1 26
26 56
26 77
26 49
0 26
26 42
10 26
26 44
11 26
7 67
7 26
16 40
16 35
16 86
16 63
16 78
16 26
3 16
1 16
16 56
16 49
16 77
0 16
16 42
10 16
16 44
11 16
54 69
69 86
69 71
58 69
16 69
40 55
55 61
35 55
48 55
54 55
55 86
55 78
55 58
26 55
3 55
1 55
55 56
55 77
49 55
0 55
42 55
44 55
10 55
11 55
38 40
38 51
38 86
38 63
38 67
38 78
16 38
38 55
40 57
51 57
54 57
57 63
57 78
57 58
16 57
55 57
3 57
1 57
56 57
49 57
57 77
0 57
42 57
40 80
51 80
54 80
63 80
71 80
58 80
65 80
55 80
57 80
3 25
25 56
1 25
25 77
25 49
0 25
25 42
37 47
37 40
37 61
35 37
37 54
37 86
37 71
37 78
26 37
13 47
13 40
13 35
13 48
13 20
13 86
13 67
13 58
13 26
13 55
3 13
1 13
13 56
13 49
13 77
0 13
13 42
10 13
13 44
39 47
39 73
39 40
39 61
35 39
39 48
39 51
20 39
39 54
39 86
39 71
39 78
39 65
13 39
41 47
41 73
40 41
41 61
35 41
41 51
41 54
41 86
41 71
26 41
16 41
13 41
3 41
1 41
41 56
41 49
41 77
0 41
41 42
10 41
41 44
9 47
9 73
9 40
9 61
9 35
9 48
9 51
9 36
9 20
9 54
9 86
9 63
9 67
9 71
9 78
9 26
9 16
9 13
9 41
9 25
22 47
22 73
22 40
22 61
22 35
22 48
22 51
20 22
22 54
22 63
22 67
22 58
22 65
22 55
22 41
3 14
1 14
14 56
14 77
14 49
0 14
12 73
12 40
12 61
12 51
12 54
12 86
12 78
12 26
12 65
12 13
12 57
12 14
12 22
47 60
60 73
40 60
60 61
35 60
48 60
51 60
36 60
20 60
54 60
60 86
60 63
60 78
58 60
60 65
55 60
57 60
27 47
27 73
27 40
27 61
27 35
27 51
27 54
27 86
27 78
26 27
16 27
27 55
13 27
3 27
27 56
1 27
27 77
27 49
0 27
27 42
17 47
17 73
17 40
17 61
17 35
17 48
17 51
17 36
17 20
17 54
17 86
17 63
17 78
17 58
17 65
13 17
17 57
17 27
17 42
17 39
17 80
17 69
47 72
72 73
40 72
61 72
35 72
51 72
54 72
63 72
71 72
72 78
65 72
13 72
41 72
14 72
22 72
60 72
40 83
35 83
54 83
63 83
78 83
26 83
16 83
55 83
41 83
27 83
14 83
39 83
80 83
3 83
1 83
56 83
49 83
77 83
40 59
59 61
35 59
48 59
20 59
59 63
59 78
26 59
59 65
55 59
41 59
25 59
14 59
39 59
59 83
59 69
12 59
34 41
34 57
22 34
34 42
34 60
34 69
46 71
26 46
16 46
13 46
41 46
27 46
42 46
46 60
46 80
46 83
3 46
46 56
1 46
46 77
38 46
47 76
73 76
40 76
61 76
35 76
48 76
51 76
20 76
76 86
63 76
76 78
26 76
65 76
55 76
41 76
27 76
22 76
39 76
76 83
46 76
12 76
34 76
8 47
8 73
8 40
8 61
8 35
8 48
8 51
8 36
8 20
8 54
8 86
8 63
8 71
8 58
8 16
8 55
8 41
8 27
8 42
8 39
8 80
8 46
8 72
8 34
3 8
20 66
66 86
66 78
58 66
26 66
55 66
13 66
57 66
22 66
42 66
66 80
66 69
12 66
34 66
8 66
44 66
37 66
23 57
23 25
23 42
23 60
23 80
23 69
23 46
10 23
23 44
23 37
47 52
52 73
40 52
52 61
35 52
51 52
52 86
52 67
52 71
52 58
26 52
13 52
41 52
52 57
42 52
39 52
52 60
46 52
12 52
10 52
8 52
37 52
0 52
9 52
23 52
45 47
45 73
40 45
45 61
35 45
20 45
45 54
45 86
45 71
45 58
26 45
45 55
41 45
14 45
42 45
39 45
45 80
45 69
45 72
34 45
8 45
37 45
45 52
45 77
54 64
64 86
64 71
26 64
16 64
64 65
57 64
14 64
42 64
39 64
64 83
64 69
12 64
34 64
44 64
37 64
0 64
64 66
70 71
26 70
16 70
55 70
57 70
14 70
22 70
42 70
70 80
46 70
70 72
34 70
44 70
30 47
30 73
30 40
30 61
30 35
30 51
30 54
30 86
30 71
30 58
16 30
30 65
30 41
27 30
14 30
30 39
30 83
30 46
12 30
30 34
30 44
3 30
47 79
73 79
40 79
61 79
35 79
20 79
79 86
63 79
71 79
26 79
16 79
65 79
13 79
57 79
22 79
60 79
79 80
69 79
72 79
34 79
44 79
30 79
52 79
77 79
64 79
76 79
47 62
62 73
40 62
61 62
35 62
48 62
51 62
20 62
54 62
62 67
62 78
58 62
16 62
55 62
57 62
27 62
14 62
42 62
62 83
62 69
12 62
34 62
44 62
30 62
52 62
62 77
40 85
35 85
54 85
67 85
78 85
26 85
16 85
13 85
41 85
27 85
14 85
60 85
80 85
83 85
12 85
10 85
8 85
30 85
52 85
66 85
64 85
6 40
6 61
6 35
6 20
6 86
6 63
6 71
6 58
6 16
6 65
6 41
6 57
6 14
6 39
6 60
6 46
6 12
6 10
6 44
6 37
6 52
6 66
6 85
6 79
57 88
27 88
22 88
42 88
83 88
69 88
72 88
34 88
8 88
37 88
52 88
66 88
77 88
76 88
3 88
54 82
63 82
78 82
26 82
16 82
65 82
57 82
27 82
22 82
39 82
60 82
46 82
72 82
10 82
8 82
44 82
0 82
77 82
64 82
79 82
82 88
33 40
33 61
33 35
33 51
20 33
33 63
33 67
33 58
16 33
33 65
33 41
27 33
22 33
33 42
33 83
33 46
33 72
33 34
8 33
33 37
0 33
33 66
33 85
33 76
33 88
47 53
53 73
40 53
53 61
35 53
48 53
51 53
36 53
20 53
53 54
53 86
53 63
53 71
53 78
16 53
13 53
53 57
27 53
22 53
53 60
53 83
53 69
12 53
10 53
8 53
37 53
0 53
52 53
53 64
53 76
3 53
33 53
10 24
24 30
0 24
24 52
24 64
24 76
3 24
24 33
47 87
73 87
40 87
61 87
35 87
48 87
20 87
86 87
71 87
78 87
16 87
55 87
13 87
25 87
22 87
39 87
80 87
46 87
12 87
72 87
8 87
37 87
0 87
66 87
85 87
76 87
3 87
47 74
73 74
40 74
61 74
35 74
48 74
51 74
36 74
20 74
54 74
74 86
63 74
67 74
71 74
74 78
58 74
16 74
55 74
41 74
57 74
14 74
39 74
60 74
74 83
12 74
72 74
8 74
37 74
52 74
66 74
64 74
74 79
3 74
74 88
62 74
70 74
7 74
47 81
73 81
40 81
61 81
35 81
48 81
81 86
63 81
71 81
58 81
16 81
13 81
57 81
27 81
14 81
39 81
81 83
46 81
12 81
34 81
8 81
37 81
52 81
66 81
81 85
79 81
81 88
74 81
49 81
70 81
47 75
73 75
40 75
61 75
35 75
48 75
51 75
20 75
54 75
75 86
67 75
58 75
26 75
65 75
13 75
25 75
14 75
42 75
60 75
69 75
46 75
10 75
44 75
30 75
0 75
75 77
64 75
75 85
3 75
33 75
24 75
49 75
11 75
53 75
75 81
28 71
26 28
28 65
28 55
28 57
27 28
22 28
28 60
28 80
28 46
12 28
10 28
28 44
28 30
0 28
28 77
28 85
28 76
28 88
28 74
24 28
28 70
28 75
32 67
32 58
32 65
32 55
32 57
25 32
32 42
32 39
32 80
32 46
12 32
10 32
8 32
30 32
0 32
32 66
32 85
32 76
3 32
32 33
32 74
14 89
60 89
83 89
46 89
72 89
34 89
44 89
37 89
52 89
77 89
85 89
79 89
3 89
33 89
24 89
19 80
19 83
12 19
10 19
8 19
19 37
19 52
19 77
19 85
19 79
19 88
19 74
19 49
19 89
19 75
19 32
19 23
21 86
21 67
21 71
21 58
21 65
21 55
21 41
21 27
21 22
21 39
21 80
21 69
12 21
21 34
8 21
21 30
21 37
21 77
21 85
21 76
21 79
21 33
21 24
21 89
11 21
4 12
4 34
4 44
4 30
0 4
4 66
4 64
4 76
3 4
4 88
4 24
4 89
4 70
2 73
2 40
2 35
2 48
2 54
2 86
2 78
2 58
2 65
2 55
2 41
2 27
2 22
2 39
2 80
2 83
2 72
2 10
2 44
2 37
0 2
2 66
2 64
2 85
2 79
2 88
2 24
2 70
2 75
2 4
2 23
47 84
73 84
40 84
61 84
35 84
51 84
20 84
63 84
71 84
58 84
26 84
13 84
57 84
27 84
42 84
60 84
80 84
46 84
12 84
10 84
8 84
30 84
0 84
66 84
64 84
76 84
84 88
33 84
24 84
84 89
75 84
32 84
23 84
53 84
62 84
21 84
82 84
45 84
6 84
17 84
2 84
68 84
7 84
29 84
50 84
18 84
2 68
2 87
5 22
5 42
5 83
5 69
5 72
5 34
5 8
5 30
5 52
5 77
5 64
5 79
3 5
5 33
5 24
5 49
5 70
4 5
5 23
5 81
5 68
2 5
15 47
15 73
15 40
15 61
15 35
15 48
15 51
15 36
15 20
15 54
15 86
15 63
15 71
15 58
15 16
13 15
15 41
14 15
15 22
15 39
15 83
15 69
15 72
10 15
15 44
15 30
15 52
15 77
15 85
15 76
3 15
15 33
15 24
15 89
11 15
15 75
15 32
15 21
15 81
15 68
6 15
5 15
15 53
15 19
15 45
43 47
40 43
43 61
43 48
43 54
43 86
43 67
26 43
16 43
13 43
41 43
27 43
14 43
39 43
43 60
43 69
12 43
34 43
43 44
30 43
43 52
43 77
43 64
43 76
3 43
33 43
43 49
43 70
43 75
4 43
32 43
43 81
18 43
29 43
15 43
5 43
19 43
43 82
43 56
7 43
17 43
6 43
43 87
1 43
15 82
15 56
9 15
31 40
31 51
31 54
31 86
31 67
31 58
31 65
13 31
31 41
27 31
14 31
31 60
31 83
31 69
31 72
31 34
8 31
31 37
0 31
31 66
31 64
31 76
31 79
31 74
31 49
31 89
11 31
4 31
23 31
21 31
31 81
31 68
15 31
31 59
19 31
31 56
7 31
31 82
1 31
17 31
31 45
28 31
5 59
5 45
5 50
1 5
5 28
5 56
5 87
5 82
2 19
2 50
2 62
2 28
2 59
2 38
2 17
2 7
1 2
4 53
4 87
4 45
4 21
4 6
4 82
4 9
4 7
4 18
4 23
4 81
17 21
19 21
21 59
21 56
21 62
9 21
21 28
21 38
21 45
21 81
21 87
18 19
6 19
19 53
19 38
19 62
19 28
19 50
19 45
82 89
50 89
29 89
56 89
17 89
62 89
6 89
59 89
32 89
70 89
68 89
32 75
32 59
32 38
28 32
32 62
29 32
17 32
32 50
32 81
7 32
9 32
1 32
23 28
18 28
28 29
28 38
28 53
28 50
28 87
28 45
1 28
17 75
18 75
6 75
1 75
68 75
56 75
81 82
53 81
1 81
6 81
17 81
56 81
68 81
29 81
1 74
68 74
74 87
50 74
49 74
38 74
18 74
23 74
9 74
45 74
24 87
49 87
11 87
23 87
18 87
59 87
38 87
6 87
53 87
45 87
17 87
50 87
6 24
24 62
24 53
18 24
24 38
17 24
24 49
11 24
53 70
18 53
53 68
53 59
7 53
53 82
6 53
9 53
17 53
33 56
33 82
23 33
6 33
33 45
33 59
17 33
9 33
11 33
49 82
11 82
18 82
68 82
56 82
62 82
50 82
17 82
9 82
62 88
38 88
45 88
68 88
56 88
9 88
17 88
6 88
23 88
29 88
6 68
6 29
6 56
6 7
1 6
6 45
6 17
17 85
9 85
76 85
7 85
23 85
62 85
38 85
56 85
29 85
62 79
11 62
18 62
29 62
59 62
38 62
7 62
1 62
50 62
17 62
9 62
49 79
7 79
18 79
50 79
1 79
59 79
38 79
23 79
29 79
30 77
18 30
9 30
17 30
30 50
30 59
1 30
30 38
30 37
30 56
30 70
52 70
70 77
64 70
70 76
3 70
49 70
7 70
23 70
11 70
9 70
1 70
38 70
45 70
56 70
68 70
56 64
45 64
29 64
49 64
50 64
18 64
3 64
64 68
45 76
11 45
18 45
29 45
7 45
1 45
45 50
52 77
52 76
38 52
49 52
29 52
23 66
11 23
23 56
18 23
23 50
23 38
23 29
23 59
23 68
1 66
29 66
59 66
66 76
11 66
38 66
56 66
49 66
17 66
8 9
8 37
8 49
8 38
8 18
8 29
8 77
8 76
37 76
17 76
9 76
11 76
68 76
3 76
29 46
0 46
46 49
18 46
46 72
7 46
34 46
3 34
1 34
34 56
0 34
34 68
34 37
34 59
34 49
18 34
10 59
0 59
59 77
3 59
49 59
11 59
59 68
29 59
38 59
17 59
9 59
7 59
37 83
12 83
9 83
72 83
11 83
10 83
12 72
3 72
1 72
56 72
29 72
11 72
17 72
38 72
10 72
50 72
9 72
18 72
44 72
37 72
10 17
17 44
0 17
17 68
17 38
27 44
27 69
7 27
27 29
27 60
27 38
18 27
42 60
39 60
3 60
56 60
1 60
49 60
60 77
0 60
37 60
12 60
60 68
29 60
60 69
50 60
44 60
12 69
3 12
12 56
1 12
0 12
12 49
12 77
12 68
14 68
14 42
14 39
14 22
10 14
14 80
14 18
14 37
3 22
22 56
1 22
22 77
22 49
0 22
22 42
9 22
22 69
22 50
11 22
22 39
22 38
22 68
7 22
9 39
9 69
9 10
9 77
9 11
9 18
9 29
9 38
9 56
7 9
1 9
9 50
7 41
41 50
29 41
39 41
3 39
39 56
1 39
39 49
39 77
0 39
39 44
39 50
7 39
10 39
13 37
13 29
13 50
11 13
13 18
37 57
25 37
37 69
7 37
11 37
3 37
37 68
0 37
29 37
10 25
25 50
11 25
25 80
42 80
3 80
1 80
56 80
49 80
77 80
68 80
18 80
10 80
11 80
38 80
29 80
7 80
0 80
10 57
57 68
57 69
38 57
44 57
38 42
10 38
11 38
18 38
29 38
38 50
38 56
55 69
7 55
18 55
55 68
42 69
3 69
56 69
1 69
69 77
49 69
50 69
44 69
68 69
7 69
16 29
7 16
7 10
7 44
0 7
7 77
3 7
7 49
7 11
7 18
7 29
7 56
26 50
26 68
65 68
44 68
0 68
68 77
49 68
1 68
50 68
11 65
50 65
18 65
18 42
0 18
18 77
3 18
18 49
18 50
29 58
29 42
10 29
29 49
11 29
29 56
1 29
71 78
50 71
3 78
1 78
56 78
77 78
49 78
0 78
42 78
10 78
44 78
11 78
50 78
10 50
44 50
0 50
50 77
3 50
49 50
11 50
11 42
10 11
11 44
0 11
11 77
3 11
1 11
44 86
42 44
10 44
3 44
44 56
0 44
1 44
44 49
10 20
10 86
3 10
10 77
10 56
1 10
3 86
56 86
1 86
77 86
49 86
0 86
42 86
42 51
3 42
1 42
42 56
42 77
42 49
0 42
3 49
1 49
49 56
35 77
0 35
3 77
1 77
0 61
0 56
1 56
1 40
0 40
0 1
1 3
0 73
0 3
0 47
