90 2002
68 83
17 68
17 83
68 71
17 71
56 71
76 83
59 68
17 59
56 59
59 76
17 65
56 65
65 83
59 65
65 71
68 84
17 84
56 84
76 84
65 84
83 84
71 84
59 84
68 69
17 69
56 69
69 76
65 69
69 84
41 56
41 84
41 83
41 59
41 71
41 69
64 68
17 64
56 64
64 76
64 65
64 84
41 64
22 68
17 22
22 56
22 65
22 84
22 41
22 83
22 59
22 71
22 69
22 64
39 68
17 39
39 56
39 76
39 65
39 84
39 41
22 39
9 84
9 83
9 59
9 71
9 69
9 39
9 64
24 68
17 24
24 56
24 76
24 65
24 84
24 41
22 24
9 24
43 56
43 84
22 43
43 83
43 71
43 59
43 69
39 43
43 64
34 68
17 34
34 56
34 76
34 65
34 84
34 41
22 34
9 34
34 43
34 83
14 68
14 17
14 56
14 76
14 65
14 84
14 41
14 22
9 14
14 43
14 83
14 71
14 59
14 69
14 64
14 39
14 34
42 68
17 42
42 56
42 76
42 65
42 84
41 42
22 42
9 42
42 43
42 83
14 42
56 74
74 84
43 74
74 83
14 74
59 74
71 74
69 74
39 74
64 74
24 74
34 74
42 74
4 68
4 17
4 56
4 76
4 65
4 84
4 41
4 22
4 9
4 43
4 83
4 14
4 74
53 56
53 84
53 83
53 74
53 71
53 59
53 69
39 53
53 64
42 53
24 53
34 53
10 68
10 17
10 56
10 76
10 65
10 84
10 41
10 22
9 10
10 43
10 83
10 14
10 74
10 53
44 71
44 59
44 69
44 64
39 44
24 44
34 44
42 44
4 44
10 44
16 68
16 17
16 56
16 76
16 65
16 84
16 41
16 22
9 16
16 43
16 83
14 16
16 74
16 53
16 44
11 83
11 14
11 44
11 71
11 59
11 69
11 64
11 39
11 24
11 34
11 42
10 11
11 16
15 68
15 17
15 56
15 76
15 65
15 84
15 41
15 22
9 15
15 43
15 83
14 15
15 74
15 53
15 44
11 15
51 68
17 51
51 56
51 76
51 65
51 84
41 51
22 51
9 51
51 83
14 51
51 74
51 53
51 71
51 59
51 69
39 51
51 64
42 51
24 51
34 51
4 51
16 51
15 51
10 51
6 68
6 17
6 56
6 76
6 65
6 84
6 41
6 22
6 9
6 43
6 83
6 14
6 74
6 53
6 44
6 11
6 51
6 59
68 82
17 82
56 82
76 82
65 82
82 84
41 82
22 82
9 82
43 82
82 83
14 82
74 82
53 82
11 82
51 82
71 82
69 82
64 82
39 82
42 82
34 82
24 82
16 82
15 82
10 82
4 82
6 82
68 85
17 85
56 85
76 85
65 85
84 85
41 85
22 85
9 85
43 85
83 85
14 85
74 85
53 85
44 85
11 85
51 85
59 85
82 85
48 68
17 48
48 56
48 76
48 65
48 84
41 48
22 48
9 48
43 48
48 83
48 53
11 48
48 59
48 71
48 69
39 48
48 64
34 48
24 48
42 48
15 48
4 48
16 48
10 48
48 85
6 48
68 87
17 87
56 87
76 87
65 87
84 87
41 87
22 87
9 87
43 87
83 87
14 87
74 87
53 87
51 87
59 87
48 87
83 89
74 89
51 89
59 89
82 89
71 89
69 89
39 89
64 89
34 89
42 89
24 89
10 89
16 89
15 89
4 89
6 89
29 84
29 83
11 29
29 51
29 89
29 69
30 68
17 30
30 56
30 65
30 84
22 30
9 30
30 43
30 83
30 53
11 30
30 51
30 82
30 89
10 30
30 71
30 64
30 39
30 34
24 30
30 42
33 68
17 33
33 56
33 65
33 84
33 41
9 33
33 83
14 33
33 53
33 44
33 59
33 48
33 69
30 33
18 56
18 84
18 22
18 43
18 83
14 18
18 44
18 59
18 89
18 69
18 30
56 75
75 83
44 75
59 75
75 82
69 75
2 71
2 39
2 64
2 24
2 34
2 42
2 16
2 15
2 4
2 10
23 56
23 83
11 23
23 51
23 82
2 23
10 23
23 30
38 82
38 69
30 38
38 75
18 38
38 71
38 64
38 39
38 42
34 38
24 38
50 68
17 50
50 56
50 76
50 65
50 84
41 50
22 50
9 50
43 50
50 83
14 50
50 74
50 53
44 50
50 51
48 50
50 69
10 50
30 50
38 50
50 71
39 50
50 64
29 50
12 51
12 59
12 89
12 69
2 12
12 18
12 50
12 71
12 64
12 39
3 68
3 17
3 56
3 76
3 65
3 84
3 41
3 22
3 9
3 43
3 83
3 14
3 74
3 53
3 11
3 59
3 48
3 69
2 3
3 75
3 38
3 12
44 79
59 79
79 82
69 79
2 79
30 79
50 79
8 44
8 51
8 82
8 69
8 10
8 30
8 38
8 71
8 39
8 64
8 15
82 86
69 86
2 86
75 86
38 86
8 86
79 86
17 19
19 56
19 65
19 84
19 41
19 22
19 43
19 83
14 19
19 53
11 19
19 59
19 82
2 19
10 19
18 19
19 38
8 19
56 57
57 84
57 83
14 57
44 57
57 59
57 82
57 89
2 57
57 75
50 57
12 57
57 71
17 46
46 56
46 65
46 84
9 46
43 46
46 83
14 46
44 46
46 51
46 48
46 89
10 46
46 75
38 46
12 46
46 57
19 46
11 67
59 67
67 82
67 69
10 67
18 67
38 67
12 67
67 79
19 67
67 71
28 68
17 28
28 56
28 76
28 65
28 84
28 41
22 28
9 28
28 43
28 83
14 28
28 74
28 53
11 28
28 59
28 48
28 89
28 30
28 75
18 28
8 28
28 57
19 28
28 67
23 28
17 21
21 56
21 65
21 84
21 41
21 22
9 21
21 43
21 83
21 53
11 21
21 59
21 82
21 69
21 30
18 21
21 50
8 21
21 79
25 71
44 81
59 81
48 81
81 89
2 81
75 81
18 81
8 81
57 81
25 81
67 81
24 81
21 81
29 81
64 81
17 26
26 56
26 65
26 84
26 41
22 26
26 43
26 83
14 26
26 53
26 51
26 59
26 82
26 69
2 26
26 30
26 38
8 26
26 79
19 26
23 26
24 26
26 29
26 64
26 28
26 42
31 57
25 31
10 20
20 30
18 20
20 50
20 79
20 25
20 71
3 20
58 68
17 58
56 58
58 76
58 65
58 84
41 58
22 58
9 58
43 58
58 83
58 74
51 58
58 59
58 82
58 89
10 58
58 75
18 58
12 58
8 58
20 58
58 67
23 58
58 71
46 58
48 60
60 69
2 60
30 60
50 60
12 60
60 79
25 60
60 67
24 60
60 71
29 60
15 60
58 60
17 37
37 56
37 65
37 84
9 37
37 83
14 37
37 74
37 44
37 59
37 89
37 69
10 37
37 75
37 38
12 37
37 79
20 37
37 67
24 37
37 71
29 37
37 60
49 68
17 49
49 56
49 65
49 84
41 49
22 49
43 49
49 83
49 74
44 49
49 59
49 89
49 69
10 49
49 75
38 49
12 49
49 57
25 49
20 49
49 71
21 49
46 49
49 60
49 86
55 56
55 84
9 55
43 55
55 83
55 74
44 55
51 55
48 55
55 89
10 55
18 55
50 55
8 55
55 57
19 55
20 55
23 55
29 55
46 55
55 60
49 55
54 68
17 54
54 56
54 76
54 65
54 84
41 54
22 54
9 54
43 54
54 83
14 54
54 74
53 54
44 54
11 54
51 54
54 59
48 54
54 69
2 54
54 75
18 54
8 54
54 79
20 54
54 67
24 54
54 71
46 54
54 64
26 54
49 54
54 58
27 56
27 84
27 83
27 53
11 27
27 51
27 82
27 89
2 27
27 30
27 38
27 50
27 79
19 27
27 67
24 27
27 29
27 64
27 60
27 86
27 54
27 34
27 39
13 17
13 56
13 65
13 84
13 43
13 83
13 14
13 74
11 13
13 59
13 48
13 69
2 13
13 18
13 50
8 13
13 57
13 25
13 67
13 71
13 21
13 46
13 64
13 49
13 34
3 13
0 13
5 83
5 51
5 48
5 69
5 30
5 75
5 38
5 8
5 57
5 25
5 23
5 24
5 71
5 46
5 64
5 26
5 54
5 34
5 39
5 13
17 36
36 56
36 84
36 41
36 43
36 83
14 36
36 74
36 44
36 51
36 48
36 69
10 36
36 75
18 36
12 36
36 57
19 36
23 36
36 71
21 36
36 46
36 64
26 36
36 49
3 36
36 39
13 36
36 87
56 78
78 84
22 78
78 83
14 78
74 78
51 78
59 78
78 82
78 89
10 78
18 78
38 78
8 78
78 79
20 78
67 78
24 78
29 78
64 78
60 78
49 78
34 78
38 66
8 66
57 66
19 66
66 67
24 66
66 71
46 66
64 66
66 86
54 66
3 66
33 66
6 66
55 66
39 66
66 81
66 87
56 61
61 84
61 83
14 61
11 61
59 61
48 61
61 69
10 61
30 61
38 61
12 61
61 79
19 61
23 61
61 71
21 61
29 61
26 61
61 86
34 61
61 66
0 61
13 61
36 61
5 61
11 80
59 80
80 89
69 80
10 80
75 80
18 80
50 80
79 80
19 80
23 80
24 80
71 80
64 80
60 80
80 86
49 80
3 80
0 80
13 80
5 80
42 80
10 63
63 75
38 63
8 63
63 79
25 63
63 67
23 63
63 71
46 63
63 64
26 63
54 63
3 63
0 63
52 68
17 52
52 56
52 76
52 65
52 84
41 52
22 52
9 52
43 52
52 83
14 52
52 74
52 53
44 52
11 52
51 52
52 59
52 82
52 69
2 52
18 52
50 52
12 52
8 52
25 52
20 52
23 52
21 52
29 52
52 64
52 86
34 52
3 52
39 52
13 52
52 55
7 57
7 19
7 67
7 24
7 21
7 64
7 60
7 86
7 54
3 7
7 66
7 52
5 7
7 42
7 37
7 81
7 87
1 68
1 17
1 56
1 76
1 65
1 84
1 41
1 22
1 9
1 43
1 83
1 14
1 74
1 53
1 44
1 59
1 48
1 69
1 10
1 30
1 50
1 12
1 79
1 20
1 67
1 23
1 21
1 46
1 64
1 26
1 49
1 3
1 66
1 13
1 5
1 42
1 80
1 81
1 16
1 78
40 79
25 40
40 67
24 40
40 71
29 40
40 64
26 40
40 54
40 66
0 40
40 52
36 40
17 45
45 56
45 76
45 65
45 84
41 45
22 45
45 83
14 45
45 74
45 51
45 59
45 48
2 45
10 45
45 75
45 50
12 45
45 79
19 45
20 45
24 45
21 45
45 46
26 45
45 86
45 54
3 45
39 45
45 52
36 45
45 63
15 45
6 45
45 55
27 45
17 77
56 77
77 84
41 77
22 77
77 83
14 77
74 77
11 77
59 77
77 82
77 89
2 77
75 77
50 77
12 77
77 79
20 77
23 77
24 77
21 77
29 77
64 77
77 86
54 77
34 77
0 77
13 77
36 77
45 77
37 77
77 81
16 77
77 78
40 77
4 77
17 62
56 62
62 84
41 62
9 62
62 83
14 62
53 62
11 62
59 62
62 82
62 89
10 62
30 62
38 62
12 62
57 62
25 62
20 62
23 62
21 62
29 62
60 62
26 62
49 62
62 66
0 62
52 62
36 62
42 62
62 80
62 81
62 87
62 78
40 62
4 62
47 56
47 84
47 83
47 74
47 53
47 59
47 48
47 89
30 47
47 75
47 50
12 47
47 57
19 47
20 47
23 47
29 47
46 47
26 47
47 86
47 49
47 66
39 47
13 47
47 52
45 47
47 80
47 81
16 47
47 78
40 47
47 62
47 85
6 47
35 68
17 35
35 56
35 76
35 65
35 84
35 41
22 35
9 35
35 43
35 83
14 35
35 74
35 53
35 44
11 35
35 51
35 59
35 48
35 69
10 35
30 35
35 50
8 35
35 79
25 35
20 35
24 35
21 35
29 35
35 64
35 49
35 54
3 35
35 39
13 35
35 36
35 45
35 80
35 55
16 35
35 78
56 73
73 84
73 83
53 73
44 73
59 73
73 82
2 73
10 73
73 75
18 73
8 73
73 79
25 73
20 73
24 73
71 73
29 73
60 73
73 86
34 73
3 73
0 73
13 73
5 73
42 73
37 73
73 80
73 87
1 73
63 73
35 73
56 88
84 88
9 88
43 88
83 88
14 88
11 88
59 88
48 88
88 89
10 88
75 88
38 88
12 88
57 88
19 88
67 88
23 88
21 88
29 88
60 88
26 88
54 88
34 88
66 88
52 88
36 88
45 88
37 88
81 88
87 88
78 88
73 88
62 88
85 88
6 88
7 88
15 88
27 88
68 72
17 72
56 72
65 72
72 84
41 72
22 72
72 83
14 72
72 74
53 72
59 72
72 82
69 72
10 72
30 72
50 72
8 72
57 72
19 72
67 72
24 72
71 72
46 72
60 72
26 72
49 72
34 72
66 72
13 72
5 72
45 72
37 72
72 81
16 72
72 78
40 72
32 50
12 32
32 57
19 32
32 67
23 32
21 32
32 46
32 60
26 32
32 49
32 34
32 39
13 32
32 36
5 32
32 37
32 55
16 32
1 32
32 73
4 32
17 70
56 70
65 70
70 84
41 70
22 70
9 70
70 83
14 70
53 70
44 70
59 70
48 70
69 70
2 70
18 70
50 70
12 70
57 70
25 70
67 70
23 70
70 71
46 70
64 70
70 86
54 70
34 70
0 70
52 70
5 70
42 70
70 80
70 81
16 70
1 70
40 70
32 70
62 70
63 70
61 70
58 70
33 70
15 70
70 72
70 77
32 61
32 35
32 58
32 85
31 32
32 33
32 72
72 85
63 72
61 72
72 88
33 72
47 72
72 77
77 88
58 88
15 73
27 73
7 73
28 73
31 73
6 73
35 62
35 63
7 35
35 47
35 58
28 35
31 35
27 35
15 47
28 47
27 47
31 47
28 62
27 62
61 62
62 77
63 77
7 77
31 77
58 77
45 58
40 45
45 87
4 45
16 45
37 40
40 81
40 87
1 40
28 40
40 85
33 40
4 40
40 58
1 31
1 15
1 63
1 61
1 27
1 7
4 7
7 63
6 7
7 61
7 27
7 28
31 52
15 52
52 63
52 78
4 52
16 52
52 85
6 52
36 63
63 80
63 81
63 87
4 63
58 63
31 63
28 63
31 80
16 80
80 87
80 81
6 80
61 80
28 80
55 61
16 61
4 61
58 61
15 61
33 61
31 61
16 66
66 78
37 66
66 85
39 78
36 78
42 78
37 78
55 78
78 87
4 78
6 78
33 78
58 78
36 58
31 36
5 36
33 36
36 81
5 28
5 37
4 5
5 15
5 55
5 42
5 27
13 27
13 58
13 87
13 33
13 16
27 37
27 55
16 27
27 85
6 27
27 33
27 58
37 54
6 54
16 54
34 54
39 54
54 55
54 81
39 55
37 55
55 81
15 55
6 55
33 55
4 55
55 87
16 55
31 55
37 49
15 49
0 49
49 58
31 49
33 49
3 49
4 49
34 37
37 39
37 42
28 37
33 37
37 85
37 58
4 60
60 85
33 60
6 60
3 60
34 60
39 60
0 60
3 58
0 58
58 81
16 58
28 58
20 86
20 24
20 87
20 31
20 39
15 20
20 34
20 21
20 23
20 33
24 31
31 71
29 31
26 31
31 86
3 31
31 39
31 42
31 87
6 31
28 31
31 33
26 86
26 87
26 39
26 85
26 81
26 33
0 81
39 81
42 81
81 85
25 64
25 85
21 25
4 25
6 25
16 25
25 42
21 24
21 64
0 21
21 86
3 21
21 34
16 21
21 33
21 87
21 42
21 28
28 46
28 86
28 34
3 28
0 28
28 39
28 42
28 87
28 85
15 28
64 67
3 67
42 67
0 67
46 67
6 67
4 67
23 46
29 46
6 46
3 46
34 46
46 86
46 85
16 46
15 46
42 57
6 57
19 57
57 64
23 57
0 57
39 57
57 87
16 57
33 57
19 71
0 19
19 24
19 86
19 33
19 39
19 87
19 34
19 29
19 23
15 19
71 86
16 86
4 86
3 86
6 86
34 86
86 87
42 86
8 85
8 87
6 8
8 79
8 33
0 8
4 8
71 79
64 79
39 79
3 79
15 79
24 79
79 85
29 79
34 79
3 23
3 85
0 3
3 15
3 4
3 42
12 42
12 29
4 12
12 16
12 34
12 24
12 23
34 50
24 50
16 50
33 50
50 85
42 50
6 38
38 87
15 38
23 38
4 38
23 71
23 29
16 23
23 85
23 87
6 23
2 87
2 6
2 85
2 75
71 75
39 75
64 75
34 75
24 75
42 75
75 87
75 85
18 75
0 75
4 75
18 71
18 39
18 64
18 42
18 34
18 24
18 33
16 18
18 29
6 18
15 18
0 18
33 71
33 64
0 33
33 42
33 87
33 85
6 33
15 33
29 30
4 30
0 30
15 30
16 30
29 71
15 29
29 85
29 42
4 29
29 87
29 64
85 89
87 89
34 87
0 87
85 87
15 87
0 48
69 85
71 85
34 85
39 85
42 85
4 85
15 85
6 85
6 69
6 71
0 6
6 39
6 16
4 6
6 15
15 59
15 69
10 15
15 24
15 34
15 39
15 42
4 15
4 11
0 11
16 59
16 69
10 16
16 71
16 64
0 16
4 16
10 59
10 69
10 71
10 64
10 39
10 42
10 34
10 24
4 10
4 53
4 59
4 69
4 24
4 71
0 4
4 42
42 59
42 69
24 42
34 42
0 42
39 42
14 24
34 59
34 69
24 34
0 34
24 43
24 83
24 59
24 69
24 71
24 39
39 83
39 59
39 69
39 71
39 64
64 83
59 64
64 69
64 71
0 64
69 83
59 69
69 71
0 69
59 83
59 71
0 59
71 76
71 83
0 71
17 56
56 83
0 83
56 68
0 56
