90 801
21 78
78 81
26 81
81 89
21 89
29 78
26 29
29 89
26 67
21 67
67 81
29 67
52 78
26 52
52 89
52 67
28 81
21 28
28 29
28 52
5 78
5 26
5 89
5 67
5 28
5 47
26 61
61 67
61 81
21 61
52 61
29 61
78 82
26 82
82 89
67 82
28 82
47 82
61 82
61 75
75 81
21 75
29 75
52 75
57 78
26 57
57 67
28 57
57 61
57 75
70 78
26 70
70 89
67 70
28 70
47 70
61 70
70 75
7 78
7 26
7 67
7 28
7 47
7 75
7 21
7 81
7 69
32 78
26 32
32 67
28 32
32 61
32 55
7 32
3 81
3 21
3 32
3 29
47 63
55 63
63 70
3 63
1 81
4 61
4 75
4 70
1 4
20 47
62 81
21 62
52 62
29 62
12 47
12 62
12 70
3 12
12 53
1 88
12 88
61 74
74 75
7 74
1 74
68 74
49 70
3 49
49 53
49 63
49 74
68 84
49 84
56 78
26 56
56 67
28 56
56 61
56 62
56 70
1 56
56 68
70 87
32 87
34 87
31 53
31 87
17 70
17 32
17 53
17 31
61 65
65 75
55 65
33 81
21 33
0 33
5 33
26 60
60 67
47 60
60 75
55 60
33 60
53 60
49 60
31 60
2 61
2 75
2 70
2 3
1 2
2 87
2 56
2 60
2 88
2 17
2 69
53 79
49 79
56 79
21 79
22 81
22 43
7 42
3 42
1 42
42 87
42 74
21 42
42 88
64 65
21 64
63 64
19 74
16 68
16 49
16 31
16 60
16 17
0 16
16 88
16 69
1 41
41 87
31 41
16 41
41 64
17 41
65 71
60 71
50 61
50 55
7 50
32 50
50 53
12 50
50 65
50 60
40 47
40 55
7 40
33 40
40 68
40 87
40 74
40 56
40 50
40 42
40 81
13 34
13 87
13 65
13 60
13 64
1 58
12 58
58 74
58 60
58 88
6 58
58 69
11 26
11 67
11 47
11 75
11 55
11 32
11 68
11 12
11 31
11 88
11 22
6 11
11 69
11 58
34 66
49 66
65 66
16 66
50 66
17 66
48 50
17 48
13 48
18 65
18 21
18 50
14 22
0 14
53 85
68 85
65 85
60 85
22 85
14 85
81 85
8 26
8 67
8 47
8 75
8 55
8 32
8 68
8 49
8 74
8 21
8 29
8 17
23 53
12 23
23 56
21 23
22 23
14 23
23 81
8 23
34 80
80 87
56 80
16 80
29 80
17 80
23 80
13 80
56 83
60 83
50 83
71 83
48 83
8 83
36 78
26 36
36 67
28 36
36 47
36 75
36 70
3 36
1 36
36 87
36 74
21 36
29 36
36 71
23 36
13 36
36 83
0 36
5 36
26 59
59 67
59 61
59 62
55 59
33 59
34 59
49 59
31 59
59 88
22 59
14 59
23 59
8 59
59 83
0 59
36 59
59 85
37 78
26 37
37 67
28 37
37 47
37 55
7 37
32 37
1 37
37 49
31 37
21 37
37 64
37 71
37 69
13 37
1 30
30 31
30 65
30 88
30 50
14 30
30 71
2 30
30 52
26 46
46 67
28 46
46 62
7 46
32 46
46 68
46 87
46 74
21 46
29 46
14 46
46 69
30 46
29 73
6 73
69 73
30 73
46 73
58 73
20 73
40 73
7 27
3 27
27 34
12 27
27 74
27 88
27 50
6 27
23 27
2 27
4 27
38 71
13 38
38 66
0 38
38 41
38 80
18 38
10 31
10 21
10 64
10 17
10 48
2 10
4 10
10 38
26 44
44 67
44 47
44 62
7 44
32 44
34 44
12 44
44 65
16 44
29 44
6 44
44 81
11 44
4 51
25 29
6 25
25 81
2 25
25 51
0 25
25 37
25 82
25 52
68 76
49 76
56 76
21 76
50 76
42 76
23 76
8 76
76 83
25 76
36 76
46 54
38 54
54 79
27 54
10 54
52 54
54 76
54 85
27 76
57 76
61 77
75 77
7 77
33 77
68 77
49 77
65 77
60 77
64 77
14 77
48 77
2 77
46 77
58 77
5 77
41 77
39 61
39 55
39 70
32 39
34 39
39 87
31 39
39 88
39 64
39 71
39 81
2 39
39 51
19 39
5 39
39 40
39 43
18 39
39 77
10 39
9 56
9 60
9 22
6 9
9 48
9 13
9 66
9 19
9 79
9 41
9 27
9 77
9 82
9 59
76 77
15 77
76 84
15 25
25 43
51 79
44 51
40 51
51 84
20 51
44 58
37 44
44 82
44 80
28 35
35 61
35 70
32 35
34 35
12 35
31 35
21 35
29 35
35 42
35 81
2 35
35 46
35 58
35 44
35 85
10 35
35 80
35 82
15 35
44 84
10 44
10 18
10 52
27 38
27 41
27 73
66 86
0 86
36 86
63 86
27 86
18 86
45 47
45 75
7 45
32 45
34 45
45 87
45 74
16 45
29 45
6 45
45 69
8 45
45 46
19 45
45 79
40 45
37 45
45 86
45 52
45 84
43 86
57 73
52 73
59 73
15 46
46 85
18 46
15 30
30 43
4 30
30 37
69 72
11 72
30 72
58 72
5 72
63 72
72 82
37 72
72 80
24 47
24 55
7 24
24 33
24 68
12 24
24 56
24 60
24 50
6 24
23 24
13 24
4 24
19 24
24 79
24 41
24 72
24 57
24 43
15 24
37 63
37 59
37 84
59 80
36 40
36 52
83 84
43 83
52 83
80 83
58 83
63 80
52 80
23 52
0 23
8 57
8 82
5 8
8 85
8 84
0 85
79 85
15 85
84 85
14 79
14 69
14 18
5 14
18 48
11 18
18 20
18 82
18 43
48 84
43 48
48 66
48 63
11 66
57 66
0 66
41 66
5 66
19 66
11 19
11 57
11 82
11 41
19 58
58 63
6 13
0 13
13 63
13 40
4 40
40 82
40 41
50 82
5 50
50 71
17 71
5 71
69 71
41 71
71 79
20 41
16 82
16 84
16 19
19 64
19 42
19 81
19 57
19 79
15 64
64 69
57 64
64 84
15 42
15 69
15 20
15 57
42 63
4 42
42 43
42 52
42 57
42 84
5 43
43 84
22 79
20 22
2 79
20 79
2 20
5 60
20 60
33 65
34 65
12 65
63 65
52 65
17 65
5 65
17 29
17 20
17 81
17 82
21 31
31 81
20 31
82 87
56 87
21 87
4 87
56 84
56 69
56 57
56 63
4 56
49 52
49 69
49 81
74 82
4 74
0 74
29 74
74 88
29 88
52 88
81 88
4 88
0 12
12 57
12 20
12 29
5 12
20 62
7 20
1 20
20 53
20 81
4 20
20 63
52 53
34 53
21 53
5 53
34 81
29 34
4 34
34 69
4 81
4 82
4 63
1 21
1 68
0 1
68 82
63 68
57 68
57 63
3 57
32 81
21 32
32 69
32 82
32 52
7 70
7 29
70 81
21 70
52 70
70 82
5 70
57 70
21 57
5 57
75 82
55 75
5 61
5 55
0 5
28 47
47 52
52 55
29 52
47 67
29 47
29 55
0 29
47 89
47 81
55 81
21 26
26 47
21 47
21 55
47 78
47 55
0 55
