90 1201
54 66
66 88
54 74
74 88
32 66
32 74
32 61
6 54
6 88
66 67
67 74
61 67
6 67
38 67
54 58
58 88
58 67
60 66
60 74
60 61
6 60
38 60
58 60
54 65
65 88
32 65
60 65
65 67
63 66
63 74
61 63
6 63
38 63
58 63
63 65
4 66
4 74
4 61
4 6
4 65
4 54
4 88
4 60
4 32
4 67
31 66
31 74
31 61
6 31
31 38
31 58
31 65
4 31
47 54
47 88
47 67
47 60
32 47
47 63
52 66
52 74
52 61
6 52
38 52
52 58
52 65
4 52
47 52
54 55
55 88
55 60
55 67
32 55
66 86
74 86
61 86
6 86
38 86
58 86
65 86
55 86
27 66
27 74
27 61
6 27
27 38
27 58
27 65
4 27
27 47
27 55
27 54
27 88
27 60
27 32
27 67
66 76
74 76
61 76
6 76
38 76
58 76
65 76
4 76
27 76
30 54
30 88
30 76
36 71
30 36
48 54
46 48
51 54
74 89
61 89
6 89
38 89
58 89
55 89
27 89
59 74
59 61
59 65
47 59
59 71
54 59
59 88
59 60
32 59
59 67
12 27
12 59
12 30
12 51
16 71
19 74
19 38
4 19
19 47
19 27
19 59
19 54
19 88
8 66
8 74
8 61
6 8
8 38
8 58
4 8
8 55
8 27
8 19
33 66
33 74
33 61
33 38
4 33
33 47
27 33
19 33
33 54
33 88
23 66
23 74
23 61
6 23
23 38
23 58
23 65
4 23
23 47
23 55
23 27
19 23
23 33
26 54
29 71
29 59
29 33
26 29
29 52
7 61
6 7
7 58
7 55
7 27
7 19
7 48
48 83
1 83
42 71
42 59
33 42
26 42
42 85
61 78
6 78
38 78
55 78
27 78
59 78
33 78
1 78
16 78
7 78
31 78
12 78
66 81
74 81
61 81
38 81
4 81
47 81
27 81
59 81
48 81
1 81
16 81
78 81
81 83
76 81
68 74
6 68
58 68
55 68
68 71
19 68
48 68
1 68
16 68
68 85
68 83
32 68
17 74
17 38
17 58
4 17
17 27
17 19
17 33
17 26
17 52
17 78
17 50
17 76
17 68
17 81
14 58
14 47
14 27
14 19
14 48
14 51
14 52
7 14
14 85
14 32
49 52
7 49
49 85
32 49
4 18
18 55
18 71
18 19
18 30
18 26
16 18
7 18
18 83
18 76
18 49
22 74
22 61
6 22
22 38
22 58
4 22
22 71
19 22
22 48
1 22
22 42
22 52
22 83
22 32
15 49
0 15
30 84
26 84
42 84
52 84
83 84
76 84
15 84
8 84
38 73
4 73
27 73
59 73
48 73
26 73
16 73
52 73
54 73
73 76
68 73
22 73
17 73
27 40
40 59
33 40
1 40
40 52
40 78
40 50
40 76
40 49
14 40
40 73
2 74
2 38
2 65
2 4
2 71
2 59
2 48
2 51
2 16
2 78
2 85
2 54
2 49
2 22
2 17
33 70
1 70
52 70
7 70
70 85
32 70
68 70
8 70
2 70
52 53
7 53
53 85
53 54
49 53
22 53
17 53
23 53
33 87
1 87
16 87
78 87
83 87
76 87
49 87
22 87
14 87
53 87
60 87
68 75
8 75
73 75
53 75
42 44
44 52
44 85
44 54
44 68
14 44
44 73
2 44
42 79
78 79
50 79
54 79
49 79
22 79
2 79
39 83
39 76
15 39
39 81
14 39
41 74
41 61
38 41
41 55
27 41
41 59
33 41
41 51
41 42
41 78
41 85
32 41
15 41
8 41
41 73
39 41
41 60
29 41
12 41
9 66
9 74
9 61
6 9
9 38
9 58
9 65
9 55
9 27
9 59
9 33
9 51
9 16
7 9
9 85
9 76
9 68
9 81
9 17
2 9
9 79
9 29
9 84
9 18
16 45
7 45
45 50
32 45
45 49
45 81
14 45
39 45
45 60
3 74
3 6
3 65
3 47
3 55
3 59
3 33
3 26
3 52
3 7
3 50
3 76
3 15
3 8
3 14
25 71
19 25
25 48
1 25
16 25
25 78
25 85
25 32
25 49
22 25
17 25
25 39
25 63
12 25
62 65
47 62
27 62
19 62
30 62
26 62
42 62
62 85
50 62
32 62
15 62
62 81
17 62
25 62
60 62
3 62
12 62
13 49
13 81
2 13
13 53
13 60
13 29
12 13
13 31
15 28
8 28
17 28
25 28
28 79
28 75
0 28
13 28
58 80
4 80
71 80
59 80
30 80
1 80
42 80
52 80
80 83
54 80
68 80
80 81
2 80
53 80
44 80
75 80
0 80
40 80
36 80
63 80
18 80
28 80
70 80
64 71
19 64
30 64
26 64
16 64
64 78
50 64
54 64
15 64
22 64
64 73
53 64
44 64
3 64
64 84
40 64
64 80
37 66
37 74
37 61
6 37
37 38
37 58
37 65
4 37
27 37
19 37
30 37
1 37
37 42
37 78
37 83
37 54
37 49
8 37
17 37
37 39
37 79
3 37
37 86
9 37
37 80
10 60
10 29
10 12
9 10
10 36
10 37
58 72
4 72
27 72
59 72
33 72
1 72
16 72
72 78
72 83
72 76
15 72
72 81
17 72
39 72
44 72
3 72
0 72
9 72
72 80
72 89
11 16
7 11
11 85
11 54
11 68
8 11
11 73
2 11
11 25
11 29
0 11
9 11
11 36
11 89
11 72
21 65
4 21
21 55
21 59
21 48
21 51
21 42
7 21
21 50
21 76
21 68
8 21
14 21
21 53
21 60
21 75
12 21
21 86
18 21
21 89
21 64
48 69
1 69
42 69
52 69
69 85
32 69
68 69
69 81
69 73
39 69
69 79
3 69
69 84
40 69
13 69
69 87
69 72
21 69
35 58
35 55
35 71
19 35
35 48
26 35
35 52
35 85
35 83
32 35
35 68
22 35
14 35
2 35
35 44
0 35
35 84
35 40
18 35
35 89
35 41
35 69
31 35
35 46
35 63
28 35
23 35
2 5
5 39
5 25
5 75
5 84
5 40
5 18
5 37
5 64
55 56
56 59
30 56
51 56
42 56
52 56
50 56
54 56
49 56
8 56
17 56
2 56
56 60
44 56
12 56
56 86
36 56
37 56
56 72
24 71
24 59
24 48
24 26
24 42
7 24
24 50
24 54
24 68
22 24
24 73
24 39
24 60
24 75
12 24
24 40
24 80
24 89
24 41
24 56
43 61
38 43
43 58
4 43
43 55
43 71
33 43
43 48
16 43
43 78
43 83
43 76
43 68
43 81
14 43
39 43
25 43
29 43
12 43
13 43
36 43
43 87
43 72
43 56
43 45
23 43
5 43
74 77
38 77
58 77
47 77
71 77
19 77
33 77
51 77
42 77
77 85
77 83
54 77
15 77
8 77
73 77
2 77
77 79
3 77
0 77
77 86
36 77
77 87
64 77
56 77
43 77
46 77
20 85
20 76
20 49
20 22
2 20
20 53
20 25
20 44
12 20
13 20
18 20
20 37
20 87
20 69
20 45
20 77
20 24
20 62
42 82
7 82
50 82
76 82
15 82
81 82
2 82
39 82
25 82
44 82
82 84
82 86
18 82
82 89
41 82
69 82
45 82
70 82
20 82
11 82
82 88
62 82
11 20
23 77
34 81
8 34
17 34
25 34
34 44
34 75
0 34
34 86
34 36
34 87
34 64
34 69
31 34
34 70
34 77
38 57
4 57
57 71
57 59
48 57
1 57
52 57
57 85
50 57
54 57
57 81
22 57
17 57
53 57
44 57
57 75
57 86
40 57
13 57
37 57
41 57
31 57
45 57
10 57
57 77
23 57
28 57
34 57
34 67
34 62
24 43
28 43
24 46
5 24
23 24
24 28
5 56
23 56
28 56
56 62
5 46
5 35
5 62
5 88
10 69
69 88
21 67
21 63
21 45
21 70
21 46
11 21
11 31
11 70
11 63
11 67
41 72
62 72
23 72
10 72
10 45
10 88
10 46
10 62
10 67
37 63
37 70
37 41
37 64
64 70
28 64
46 64
64 88
46 80
28 89
28 46
28 67
13 62
13 41
13 45
13 23
13 87
36 62
18 62
45 62
18 25
3 25
25 89
25 67
3 79
3 29
3 45
3 23
3 84
3 67
3 88
3 18
0 45
9 45
45 89
41 45
9 41
9 63
9 46
9 89
9 36
41 63
31 41
39 88
39 79
39 67
39 86
36 39
79 86
18 79
70 79
23 79
63 79
29 79
0 79
44 79
44 89
44 88
44 75
44 46
29 75
12 75
75 86
75 87
36 75
70 75
0 87
40 87
87 88
31 87
23 87
67 87
29 53
53 84
53 60
46 53
53 70
31 53
70 84
70 86
31 70
63 70
70 88
0 2
2 40
40 60
29 40
40 84
40 86
40 67
40 88
73 89
18 73
23 73
73 88
73 84
31 73
60 84
84 88
31 84
18 84
46 84
15 22
15 63
15 31
15 23
15 89
15 88
22 46
22 67
18 22
22 86
22 31
22 23
18 88
18 89
18 67
49 67
49 60
14 49
8 49
29 49
8 14
14 60
14 86
14 17
14 36
14 67
0 14
12 14
17 46
17 29
17 63
68 81
12 68
68 86
36 68
46 68
81 89
12 81
29 81
36 81
23 78
78 85
60 78
78 86
8 78
50 78
46 85
63 85
29 85
23 42
42 54
7 42
42 76
36 42
42 89
42 83
7 83
50 83
83 88
23 83
76 83
31 83
83 86
46 83
1 76
1 54
1 8
1 86
1 88
1 7
7 76
7 89
7 67
7 63
7 29
7 32
7 36
29 54
29 89
29 31
0 29
29 46
26 52
26 31
23 26
26 32
26 50
16 26
23 76
12 23
23 86
23 88
33 76
33 67
33 63
33 60
8 33
31 33
33 52
33 89
8 16
8 54
8 76
0 8
8 63
8 60
8 88
19 50
19 32
19 60
19 63
19 67
16 19
19 52
16 48
12 16
16 46
16 60
16 88
16 63
16 86
16 32
12 50
12 54
12 60
12 36
12 63
59 89
31 59
51 89
50 89
32 89
0 89
46 89
51 67
51 60
36 51
46 51
46 76
32 48
48 86
48 50
48 88
36 48
48 63
36 54
32 36
36 60
31 36
36 67
32 76
27 63
27 86
71 86
32 86
0 86
67 86
31 55
55 63
52 55
52 71
52 67
31 52
50 52
52 88
52 54
31 47
31 71
31 32
31 60
31 63
31 67
4 63
4 71
32 63
0 63
63 67
63 88
60 71
50 60
54 60
32 58
67 71
50 67
32 67
6 32
32 38
32 71
32 50
32 88
61 88
38 88
71 88
54 61
38 54
54 71
50 54
0 54
38 61
38 71
50 71
0 50
