90 1201
58 63
39 58
6 63
6 39
30 58
6 30
49 63
39 49
30 49
58 59
6 59
49 59
42 59
7 58
6 7
7 49
7 42
7 63
7 30
7 39
11 58
6 11
11 49
11 42
7 11
63 72
39 72
30 72
58 73
6 73
49 73
42 73
7 73
72 73
13 58
6 13
13 49
13 42
7 13
13 72
13 63
13 39
13 30
58 89
6 89
49 89
42 89
7 89
72 89
13 89
18 63
18 39
18 30
18 59
11 18
18 73
18 89
40 58
6 40
40 49
40 42
7 40
40 72
13 40
18 40
44 58
6 44
42 44
7 44
44 72
13 44
44 63
30 44
39 44
44 73
11 44
44 59
44 89
7 37
13 37
37 44
56 63
30 56
39 56
11 56
56 59
56 89
56 73
58 68
6 68
42 68
7 68
68 72
13 68
18 68
56 68
63 69
39 69
30 69
11 69
59 69
69 73
69 89
7 64
44 64
64 69
42 82
7 82
13 82
44 82
69 82
63 82
39 82
30 82
73 82
59 82
11 82
82 89
29 58
6 29
29 42
7 29
13 29
29 56
29 82
26 82
26 63
26 39
26 30
26 73
26 89
26 59
11 26
20 58
6 20
20 42
7 20
13 20
20 56
20 82
20 26
20 74
54 63
39 54
30 54
56 78
13 67
44 67
67 82
26 67
63 67
30 67
39 67
59 67
67 89
11 67
67 73
3 58
3 6
3 49
3 42
3 7
3 13
3 44
3 56
3 69
3 67
21 82
21 26
35 63
30 35
35 39
35 73
35 89
35 59
11 35
35 36
4 63
4 30
4 39
4 11
7 38
38 44
38 82
38 67
38 74
4 38
31 58
7 31
13 31
31 56
31 82
31 67
21 31
4 31
31 32
31 63
57 58
6 57
49 57
42 57
7 57
57 72
13 57
44 57
57 69
57 82
57 74
4 57
31 57
0 57
46 58
6 46
42 46
7 46
46 72
13 46
44 46
46 56
46 82
26 46
46 67
4 46
32 46
63 86
7 45
45 72
44 45
45 56
45 69
26 45
35 45
45 54
60 63
39 60
45 60
58 85
6 85
42 85
7 85
72 85
13 85
18 85
44 85
82 85
67 85
35 85
4 85
60 85
40 85
64 85
13 24
24 44
24 82
24 26
24 74
4 24
24 31
24 86
24 46
35 51
4 51
51 60
51 86
46 51
24 51
11 51
42 87
7 87
13 87
44 87
69 87
67 87
35 87
74 87
32 87
40 87
46 87
63 87
29 87
19 58
7 19
18 19
19 56
19 69
19 26
19 35
19 54
19 31
19 40
19 64
19 24
19 87
58 88
6 88
49 88
42 88
7 88
72 88
13 88
18 88
44 88
56 88
69 88
26 88
21 88
32 88
60 88
0 88
46 88
11 88
12 13
12 44
12 56
12 67
12 21
12 54
12 31
12 40
12 64
11 12
21 79
54 79
32 79
40 79
64 79
63 79
12 79
79 88
45 79
20 79
65 79
53 58
6 53
42 53
7 53
53 72
13 53
18 53
44 53
53 56
53 67
53 74
32 53
53 60
53 86
53 64
24 53
29 53
53 88
53 78
64 71
63 71
11 71
45 71
53 71
30 71
65 71
8 31
8 86
8 46
8 11
8 29
69 81
67 81
35 81
54 81
31 81
81 86
46 81
63 81
12 81
64 75
24 75
29 75
75 81
41 82
26 41
41 74
4 41
41 60
41 86
0 41
24 41
12 41
41 81
41 45
47 60
40 47
47 64
11 47
12 47
47 88
41 47
20 47
5 29
5 87
5 53
5 36
5 19
21 23
23 54
23 32
23 40
23 46
11 23
23 87
23 88
16 58
6 16
16 42
7 16
13 16
16 56
16 69
16 26
16 21
16 54
16 60
16 40
16 64
16 63
16 29
16 88
16 45
16 23
16 19
10 13
10 44
10 69
10 26
10 67
10 32
10 31
10 40
10 64
10 24
10 29
10 81
10 16
10 20
5 10
10 25
14 53
0 50
24 50
12 50
50 88
41 50
52 60
52 86
0 52
52 63
12 52
52 88
41 52
50 52
36 52
1 12
1 45
1 53
1 36
1 65
1 8
1 52
1 89
7 77
72 77
13 77
56 77
69 77
26 77
21 77
54 77
32 77
77 86
0 77
63 77
29 77
77 88
41 77
30 77
65 77
1 77
34 58
6 34
34 49
34 42
7 34
13 34
34 44
34 56
34 82
26 34
34 35
34 74
34 60
34 40
0 34
11 34
29 34
34 45
34 53
34 50
34 36
34 65
64 84
24 84
84 87
45 84
53 84
20 84
12 27
27 81
16 27
27 30
27 48
48 65
34 48
2 12
2 81
2 41
2 50
2 36
1 2
2 84
2 37
2 71
2 19
62 82
62 67
21 62
4 62
31 62
60 62
62 64
24 62
12 62
62 88
41 62
20 62
5 62
62 65
34 62
2 62
62 79
55 82
26 55
21 55
55 74
32 55
55 86
46 55
55 63
11 55
55 88
41 55
20 55
27 55
8 55
14 55
19 55
36 66
25 66
66 84
5 83
1 83
34 83
0 22
22 63
22 29
22 45
16 22
22 50
22 27
8 22
22 83
22 79
22 66
22 23
22 39
22 48
22 57
3 22
58 80
6 80
7 80
72 80
13 80
44 80
69 80
80 82
74 80
32 80
31 80
40 80
64 80
24 80
80 87
45 80
16 80
30 80
5 80
65 80
34 80
19 80
17 58
6 17
17 42
7 17
17 72
13 17
17 18
17 44
17 69
17 26
17 21
17 74
17 31
0 17
17 46
17 24
17 87
17 81
16 17
17 50
5 17
17 25
14 17
17 83
17 75
17 52
17 80
17 59
17 23
3 17
9 12
9 87
9 41
9 50
9 27
9 25
9 84
9 19
9 17
9 62
9 57
15 35
15 74
15 32
15 40
15 46
15 63
15 87
15 81
15 41
15 50
15 36
15 25
14 15
15 19
15 79
15 23
15 52
15 57
15 73
43 69
43 67
21 43
43 54
32 43
43 86
0 43
43 63
12 43
43 88
41 43
30 43
27 43
25 43
1 43
19 43
43 75
23 43
22 43
15 43
43 47
43 59
37 43
43 89
43 51
3 43
15 78
3 15
15 38
9 15
9 73
9 89
9 59
9 10
21 61
54 61
32 61
40 61
0 61
11 61
29 61
61 88
45 61
30 61
5 61
25 61
61 83
2 61
61 75
61 62
22 61
39 61
61 73
9 61
37 61
61 68
61 80
10 61
9 51
17 37
17 78
7 70
44 70
56 70
67 70
35 70
54 70
60 70
70 86
46 70
24 70
70 87
45 70
41 70
20 70
5 70
1 70
14 70
70 83
17 70
70 71
57 70
70 77
69 76
26 76
21 76
54 76
31 76
0 76
64 76
11 76
29 76
76 81
16 76
20 76
36 76
1 76
34 76
76 79
66 76
71 76
33 46
24 33
11 33
33 88
16 33
30 33
27 33
8 33
33 34
2 33
33 66
33 71
22 33
33 89
33 73
10 33
33 47
33 76
33 38
33 51
76 77
55 76
37 76
68 76
47 76
70 76
76 80
59 70
48 70
51 70
70 89
37 70
62 80
22 80
77 80
38 80
37 80
3 80
78 80
83 85
52 83
66 83
78 83
77 83
38 83
79 83
66 75
55 66
66 85
28 35
4 28
28 31
28 40
28 46
11 28
12 28
28 81
28 53
28 30
27 28
8 28
28 84
19 28
28 66
23 28
28 52
28 39
28 73
28 59
28 85
28 68
3 28
28 55
66 68
39 66
66 73
55 62
52 55
39 55
38 55
55 85
51 55
10 55
62 68
38 62
62 71
51 62
62 85
2 10
2 57
2 73
2 48
2 23
48 79
48 52
39 48
47 48
38 48
48 89
10 48
48 68
27 75
27 51
25 27
27 65
27 38
27 57
27 84
65 84
38 84
52 84
79 84
57 84
34 84
37 84
75 84
84 85
34 89
34 39
34 78
34 77
3 34
75 77
23 77
52 77
37 77
10 77
77 89
47 77
1 39
1 57
1 23
1 19
52 71
37 52
52 68
52 59
38 50
14 50
50 57
39 50
50 85
3 50
50 78
25 50
5 14
14 25
14 23
14 71
14 47
14 73
10 14
14 51
14 59
14 68
10 75
10 71
10 47
3 10
16 68
16 57
16 85
16 30
16 65
16 59
23 30
5 23
23 71
23 73
23 78
23 59
5 47
5 89
5 78
5 39
8 47
47 79
47 75
47 71
47 78
47 51
41 75
38 41
3 41
41 89
20 75
25 75
75 79
57 75
75 89
51 75
68 81
57 81
65 81
45 81
8 81
81 85
36 81
38 81
8 53
8 20
8 36
8 65
8 73
8 38
8 59
3 8
8 71
8 51
37 71
71 89
51 53
39 53
36 53
20 53
25 53
53 73
37 53
25 68
25 85
25 79
25 37
59 79
68 79
38 79
12 30
12 36
12 88
12 68
12 78
19 88
20 88
88 89
3 88
19 20
19 65
19 39
3 19
19 51
19 89
20 87
85 87
87 89
57 87
73 87
65 87
51 87
78 87
30 51
39 51
51 68
24 85
24 65
24 89
11 24
24 59
24 29
36 85
57 85
39 85
73 85
38 85
78 85
68 85
60 64
59 60
30 60
3 60
38 60
20 60
45 86
45 46
11 45
29 45
30 45
37 45
45 73
39 45
45 59
86 89
30 86
78 86
46 86
73 86
39 86
29 86
46 63
46 57
46 64
46 65
30 46
37 46
11 57
57 78
3 57
39 57
57 59
31 89
31 68
31 78
11 31
31 40
31 73
31 38
29 31
0 38
38 63
29 38
38 73
3 38
4 36
4 64
4 73
4 32
32 36
36 40
36 64
11 36
30 36
36 37
36 73
36 59
36 68
35 37
35 68
29 35
21 35
21 63
21 30
21 39
11 21
21 59
21 73
21 89
21 64
3 21
21 74
3 54
3 40
0 3
3 63
3 29
3 65
3 73
37 67
67 78
67 74
67 68
74 78
54 78
0 78
63 78
65 78
59 78
37 78
78 89
29 54
54 89
40 54
20 54
54 59
20 32
0 20
20 63
20 30
20 59
20 65
20 89
26 29
26 40
0 29
29 59
29 39
29 37
37 82
64 82
40 64
11 64
64 89
64 68
64 73
68 69
40 69
69 74
32 68
40 68
63 68
30 68
39 68
56 74
37 56
40 56
37 74
32 37
37 40
37 63
30 37
40 44
40 74
40 63
11 40
74 89
59 89
13 73
11 13
13 59
13 74
73 74
11 73
30 73
11 72
59 72
11 74
11 39
7 59
7 74
59 74
0 59
59 63
30 42
30 74
30 32
30 63
39 42
39 74
32 39
0 39
42 63
63 74
32 63
42 74
32 74
32 65
0 65
