90 400
60 74
22 60
25 74
22 25
25 32
18 22
18 74
3 25
3 18
3 74
43 75
26 60
25 26
26 74
26 75
3 5
60 89
25 89
74 89
16 89
5 89
22 47
39 47
47 48
39 48
40 60
18 40
22 84
20 60
20 25
20 84
20 75
21 38
21 39
21 40
5 13
36 70
30 84
16 30
30 38
30 36
14 56
56 73
5 63
28 32
60 77
25 77
74 77
75 77
47 77
28 77
40 77
77 83
14 76
73 76
13 76
76 83
66 88
62 74
62 75
5 62
62 70
32 62
4 62
4 8
4 11
16 54
54 70
79 85
26 79
27 60
25 27
27 74
27 75
27 47
27 28
27 79
64 79
27 64
40 53
8 53
53 64
21 53
42 85
26 42
29 74
16 29
14 29
29 39
29 79
26 29
22 29
19 74
19 75
16 19
19 70
19 63
8 19
19 29
40 71
5 35
35 39
35 79
50 66
13 44
44 50
11 44
63 81
55 74
16 55
38 55
36 55
13 55
55 69
10 55
10 35
5 31
31 73
31 66
31 55
5 58
28 58
58 85
26 58
31 58
58 71
58 82
30 86
58 86
42 86
46 57
30 57
57 82
47 87
28 87
62 87
27 87
30 87
32 87
25 52
18 52
52 74
52 75
14 52
52 73
40 52
27 52
46 52
21 52
59 85
50 59
45 64
45 59
14 68
39 68
40 68
27 68
45 68
30 68
42 68
1 31
1 10
1 68
1 20
1 53
7 47
7 39
7 66
7 27
7 31
7 71
37 47
37 39
13 37
37 55
37 46
37 81
7 37
9 64
9 21
9 37
9 57
9 89
9 59
3 37
63 80
26 80
45 80
44 80
37 80
34 78
4 34
34 48
34 80
14 51
51 70
51 62
8 51
29 51
51 81
51 56
51 80
7 51
61 66
27 61
46 61
10 61
61 78
61 86
51 61
66 72
35 72
38 41
41 70
41 63
35 41
41 69
11 41
41 71
49 63
26 49
41 49
49 58
13 17
17 83
17 46
10 17
17 82
17 20
4 17
17 49
6 49
3 6
49 59
2 63
2 8
2 31
2 32
2 52
2 86
2 49
2 4
41 77
41 72
19 72
54 72
72 87
3 72
61 72
24 62
24 55
11 24
19 24
0 24
24 80
23 69
19 23
23 76
22 23
67 77
23 67
23 24
12 82
12 20
12 53
12 24
1 7
7 88
22 68
68 89
20 45
45 48
21 59
59 78
59 87
52 78
52 87
52 89
57 87
57 86
20 58
31 43
10 31
10 71
3 10
3 55
55 89
50 69
69 81
20 69
69 89
30 69
15 82
15 46
15 81
15 56
44 81
32 81
81 88
22 44
42 44
0 44
46 50
32 50
30 50
35 50
35 54
35 43
35 71
19 71
48 71
19 56
29 88
29 42
29 32
0 42
42 53
4 53
21 64
0 64
3 64
11 27
54 79
3 79
11 54
30 54
4 54
54 76
22 54
8 62
13 62
0 62
8 88
8 48
56 88
48 88
43 88
20 66
11 66
11 76
0 76
43 76
33 76
22 33
33 77
33 43
0 83
32 77
77 82
48 77
28 63
63 85
56 63
26 56
0 56
48 56
14 85
14 40
70 85
43 85
30 85
46 85
36 43
13 70
0 70
40 70
13 89
13 82
65 82
21 65
21 89
38 43
20 38
20 39
20 43
40 84
40 75
22 40
40 48
3 39
46 47
32 47
46 73
73 89
26 73
22 73
3 89
5 26
0 5
22 26
22 75
16 43
32 43
16 32
3 16
0 16
18 32
32 74
22 74
0 74
