90 801
79 89
23 89
32 79
23 32
32 89
79 83
23 83
83 89
32 83
28 79
23 28
28 89
28 83
32 46
28 46
74 79
23 74
74 89
74 83
46 74
47 79
47 89
47 83
46 47
32 47
47 74
28 47
65 79
23 65
65 89
65 83
46 65
47 65
31 32
31 74
28 31
10 79
10 23
10 89
10 83
10 46
10 47
10 31
32 55
28 55
55 74
62 89
62 83
47 62
55 62
32 34
34 74
28 34
36 79
23 36
36 89
36 83
36 47
34 36
32 66
61 79
23 61
61 89
61 83
46 61
55 61
61 66
32 57
22 89
22 83
22 46
22 31
75 89
55 75
32 75
28 75
74 75
11 75
11 66
11 62
19 62
13 89
13 55
13 75
14 89
14 32
10 14
14 62
50 75
14 50
50 62
6 26
30 89
30 55
30 34
30 57
30 80
6 30
8 30
45 89
56 79
23 56
56 89
56 83
46 56
31 56
56 75
56 76
56 86
19 56
40 80
19 40
8 40
33 89
33 83
33 46
33 47
33 75
14 33
33 62
19 33
33 40
27 89
27 47
27 75
27 57
27 62
19 27
8 27
44 62
44 80
48 89
31 48
48 66
48 76
48 80
0 12
12 61
82 89
82 83
47 82
31 82
75 82
76 82
82 86
12 82
6 82
44 82
22 82
37 74
40 84
61 84
39 62
12 39
39 84
39 45
8 77
44 77
5 86
5 19
5 40
5 44
5 77
8 15
48 85
36 85
75 88
14 88
26 88
6 88
40 88
85 88
10 88
69 88
16 79
16 23
16 89
16 83
16 47
16 34
16 75
16 57
16 86
12 16
6 16
16 27
35 86
12 35
35 48
35 44
22 35
26 49
12 49
49 84
45 49
35 49
49 69
1 89
1 83
1 46
1 31
1 75
1 76
1 86
1 80
1 84
1 45
1 35
1 74
1 49
7 89
7 47
7 66
7 57
7 86
7 12
7 84
7 85
7 35
7 37
7 61
7 33
68 79
23 68
68 89
68 83
47 68
31 68
68 75
68 76
26 68
19 68
8 68
45 68
68 77
28 68
61 68
7 68
68 73
81 89
81 83
47 81
31 81
75 81
14 81
62 81
6 81
48 81
44 81
77 81
37 81
49 81
50 81
73 81
43 62
6 43
40 43
43 44
10 43
40 64
64 85
64 77
4 64
2 34
2 14
2 26
2 6
2 84
2 85
2 74
2 15
2 61
41 89
41 47
34 41
14 41
26 41
19 41
40 41
41 85
10 41
41 69
2 41
7 41
8 78
27 78
22 78
69 78
49 78
50 78
30 78
1 78
41 78
21 77
21 74
21 56
29 75
14 29
29 86
19 29
8 29
29 45
22 29
15 29
16 29
29 50
21 29
8 18
18 84
18 74
15 18
18 28
18 29
22 53
37 53
28 53
50 53
29 53
6 9
9 44
9 10
4 9
9 49
7 9
9 53
38 89
38 47
38 66
14 38
38 86
19 38
38 48
38 45
38 77
4 38
16 38
33 38
21 38
11 38
32 38
18 38
9 38
40 54
54 85
22 54
54 69
2 54
7 54
54 78
38 54
30 54
11 54
32 54
67 89
57 67
62 67
67 80
67 84
45 67
10 67
37 67
61 67
29 67
53 67
39 67
54 67
41 67
67 82
30 67
0 67
8 87
85 87
35 87
69 87
16 87
26 51
12 51
8 51
44 51
51 77
15 51
2 51
60 66
14 60
26 60
6 60
48 60
27 60
22 60
4 60
16 60
51 60
60 82
10 72
28 72
2 72
7 72
60 72
0 72
64 72
72 88
13 72
24 74
24 69
24 61
24 56
24 60
24 72
52 86
19 52
48 52
44 52
10 52
15 52
2 52
7 52
52 73
24 52
17 74
4 17
17 49
17 51
17 29
17 24
17 64
17 65
17 52
59 79
23 59
59 89
59 83
47 59
31 59
59 66
57 59
59 86
12 59
8 59
27 59
22 59
15 59
59 61
33 59
53 59
39 59
17 59
66 70
57 70
26 70
19 70
48 70
45 70
10 70
4 70
61 70
51 70
70 73
21 70
13 70
3 79
3 23
3 89
3 83
3 47
3 55
3 66
3 57
3 62
3 80
3 40
3 27
3 35
3 28
3 56
3 50
3 73
3 38
3 54
63 74
4 63
49 63
50 63
53 63
24 63
25 66
25 76
25 86
6 25
25 40
25 85
25 77
15 25
25 61
25 51
25 73
25 39
25 81
20 79
20 89
20 46
20 47
20 66
14 20
20 26
12 20
20 48
20 44
20 22
20 37
20 28
20 51
20 78
20 39
20 25
20 36
20 43
20 65
40 42
42 45
35 42
4 42
42 56
33 42
42 73
24 42
42 81
9 42
20 42
42 87
41 42
5 42
20 88
25 63
1 25
58 79
23 58
58 89
58 83
46 58
55 58
58 75
57 58
26 58
12 58
48 58
45 58
35 58
15 58
16 58
33 58
29 58
58 81
25 58
9 58
11 58
58 68
58 82
5 58
25 87
3 63
63 64
52 63
30 63
0 63
3 64
3 70
3 68
3 65
59 70
70 88
60 71
21 71
71 81
70 71
32 71
36 71
43 71
0 71
32 70
59 64
59 88
59 82
5 59
17 88
17 41
9 52
11 52
41 52
43 52
24 41
24 30
1 72
39 72
43 60
0 60
60 87
39 60
5 51
36 51
51 88
51 87
81 87
67 87
65 87
36 87
43 87
18 54
38 65
1 9
9 11
9 18
18 53
36 53
5 53
18 65
0 18
5 18
18 82
29 32
29 65
21 78
11 21
21 64
21 36
21 82
78 88
13 78
32 41
41 68
2 82
2 64
2 33
2 13
50 64
11 64
32 64
4 43
4 11
43 56
7 43
43 81
1 43
13 43
13 81
32 73
39 68
1 68
65 68
36 68
1 7
1 82
1 5
49 50
30 49
39 49
32 49
35 61
0 35
16 35
15 35
16 69
16 28
16 88
0 16
16 56
16 36
0 88
30 88
15 85
65 85
61 85
74 85
5 15
0 15
15 30
5 61
5 39
5 13
30 77
32 77
13 77
39 77
28 39
39 50
36 84
69 84
32 84
50 84
11 84
44 69
69 74
61 69
37 69
32 69
36 37
37 50
28 37
13 37
37 82
56 82
30 82
12 22
12 48
13 48
28 48
44 48
48 74
10 48
27 44
13 44
27 33
22 27
27 32
27 30
10 27
27 28
11 27
10 33
33 74
33 56
0 33
11 33
30 33
40 56
40 65
45 56
56 74
28 56
11 56
56 65
45 76
32 76
45 86
6 45
8 45
0 45
45 50
0 8
30 32
10 80
36 80
6 80
32 80
65 80
6 10
6 50
6 22
10 50
13 50
14 74
13 14
14 65
14 26
13 26
13 19
13 36
0 13
19 74
11 19
19 28
11 74
11 36
22 75
22 57
22 62
22 65
22 36
10 22
28 57
57 61
36 57
26 61
61 65
28 66
66 74
65 66
10 66
26 66
36 66
36 62
34 65
34 62
62 86
28 62
62 74
26 55
10 55
10 28
26 31
31 65
26 65
28 65
26 47
26 46
26 83
26 32
23 26
26 89
26 79
26 86
0 86
