90 400
35 39
39 71
4 35
39 53
4 53
53 83
35 83
71 83
4 7
7 83
7 8
8 86
50 86
55 83
17 39
4 17
8 60
47 60
29 47
5 83
5 73
8 59
59 73
5 59
13 86
2 15
13 15
41 77
19 83
19 50
52 83
50 52
19 52
52 55
56 71
13 56
52 56
47 56
19 26
5 31
27 39
4 27
27 60
27 71
2 27
27 31
35 65
27 65
19 62
39 44
44 83
8 44
44 71
19 44
44 55
44 62
39 66
4 66
60 66
29 66
5 66
44 66
56 64
9 64
9 41
21 64
15 21
19 88
5 48
48 87
28 83
28 29
2 28
28 31
28 48
1 64
2 72
55 72
34 78
77 78
21 78
32 88
32 78
9 32
30 55
30 31
30 41
23 48
23 66
23 47
65 74
23 74
40 71
40 55
40 64
15 40
40 74
16 49
16 35
16 74
16 76
37 71
31 37
37 64
35 37
21 37
37 76
16 37
37 47
6 74
5 25
25 55
25 48
14 25
3 26
3 25
2 46
46 55
46 49
14 46
3 46
46 62
40 46
46 53
0 46
57 88
32 57
46 57
27 57
34 70
1 70
70 74
52 61
36 71
36 87
36 49
35 36
36 74
36 61
26 36
36 72
48 75
75 77
21 75
60 84
71 84
19 84
44 84
34 84
41 84
7 84
39 81
4 81
60 81
50 81
5 81
55 81
49 81
41 81
56 82
1 82
18 82
62 82
18 22
22 62
22 26
17 22
49 51
35 51
18 51
51 86
22 51
60 63
50 63
2 63
44 63
56 63
8 43
43 71
19 43
31 43
43 64
43 77
43 63
20 49
20 43
20 88
20 86
20 82
16 20
27 38
38 59
38 79
79 84
5 54
44 54
48 54
15 54
38 54
54 59
54 78
54 79
30 54
54 68
68 79
27 68
56 89
77 89
18 89
86 89
52 89
63 89
28 89
68 89
49 58
35 58
58 88
25 58
26 58
58 79
51 67
58 67
67 75
30 67
28 58
72 79
38 80
38 62
32 80
9 80
20 80
78 80
11 52
3 85
62 85
7 24
24 86
5 10
10 31
10 48
1 10
10 88
10 24
9 10
10 66
10 81
10 36
24 26
24 81
24 85
17 85
11 85
69 71
44 69
69 87
15 69
33 69
59 69
51 69
69 85
45 69
45 53
27 69
11 80
11 70
12 56
12 23
7 12
12 76
12 52
12 20
12 81
12 40
43 53
43 72
43 47
30 43
7 63
59 63
51 63
63 78
63 81
22 82
28 82
27 82
18 81
18 52
81 84
27 84
75 84
28 84
9 75
16 75
36 75
53 61
61 70
9 70
57 70
37 42
16 42
0 42
42 70
40 57
6 25
17 25
0 25
25 72
6 37
6 66
6 28
6 40
40 76
7 74
23 86
23 33
23 30
30 32
17 30
0 30
47 78
34 72
1 72
52 72
53 72
1 62
1 59
1 28
28 33
48 88
14 48
35 87
87 88
86 87
17 87
7 87
14 88
21 88
9 21
21 33
64 66
33 66
59 66
26 66
0 66
44 49
14 44
62 65
59 62
53 65
59 65
15 27
26 31
7 31
31 47
26 56
14 26
14 52
14 19
2 19
19 35
14 35
14 77
7 77
53 77
15 41
15 35
15 17
13 17
13 59
13 53
5 47
5 7
47 86
17 47
47 53
53 60
60 71
35 60
17 60
2 60
17 29
2 17
7 17
29 71
29 55
2 55
55 86
33 86
50 53
35 50
7 50
8 53
53 71
4 71
8 71
8 35
2 8
2 49
33 49
0 33
