90 400
9 40
22 40
21 22
9 89
22 89
40 68
21 68
68 89
9 79
22 79
23 40
23 79
9 48
12 40
12 79
12 48
9 73
22 73
4 40
4 79
4 73
4 7
4 42
42 76
76 85
7 52
57 61
6 73
9 27
23 27
34 79
27 34
7 34
34 63
14 42
14 61
14 22
61 82
63 82
14 82
43 85
43 69
45 59
26 39
37 52
37 69
29 37
12 44
44 82
29 81
44 81
19 81
36 50
9 35
34 35
35 76
15 35
50 60
35 60
29 60
28 85
66 79
27 66
42 66
63 66
14 66
66 70
1 79
1 27
1 42
1 61
1 52
1 70
1 68
14 32
1 32
13 62
13 37
53 59
13 53
9 53
15 53
67 73
27 67
42 67
61 67
14 67
50 67
59 67
0 24
10 59
10 24
9 10
38 39
54 68
24 54
36 54
38 54
10 54
43 71
17 52
17 70
17 62
17 25
17 22
17 71
49 68
45 49
56 85
56 70
56 62
44 56
22 56
49 56
56 88
36 88
28 88
51 88
6 51
28 51
68 84
25 84
56 84
0 18
18 37
18 81
17 18
18 84
12 18
2 52
2 69
2 59
2 37
2 56
2 18
2 10
2 34
2 84
2 32
18 76
20 84
54 84
51 84
34 88
41 88
31 41
31 71
31 49
12 31
41 71
12 41
32 56
17 49
49 67
55 62
24 55
43 55
68 87
30 52
1 30
30 59
30 86
13 30
30 64
15 64
55 64
64 65
8 79
8 73
7 8
8 63
8 14
8 69
0 8
8 86
8 36
4 72
8 72
16 85
16 70
1 16
16 29
9 16
16 72
16 32
16 82
5 9
5 16
5 23
58 81
5 58
33 42
33 63
33 85
1 33
29 33
33 45
13 33
17 33
33 58
26 83
37 83
7 77
61 77
14 77
70 77
0 77
77 86
67 77
28 77
34 77
77 83
77 87
76 77
15 83
33 83
71 83
49 83
22 78
60 78
58 78
43 75
75 87
33 75
75 78
53 75
75 82
32 78
78 83
11 74
36 74
11 13
11 30
11 60
11 33
11 57
3 11
43 80
60 80
55 80
65 80
10 46
19 46
28 46
46 80
3 80
11 39
19 58
43 47
47 72
47 58
19 47
47 53
8 47
5 32
5 57
16 34
8 67
8 64
8 23
23 64
22 30
20 30
23 30
32 86
34 86
86 87
17 87
67 87
20 87
55 87
55 65
55 66
49 65
54 71
34 54
38 66
10 38
10 67
24 76
23 24
15 24
24 67
53 67
4 53
12 13
4 13
0 62
9 62
23 62
32 62
32 82
1 22
1 6
1 66
45 66
66 81
23 66
6 66
4 66
57 70
28 70
28 68
25 28
28 60
28 76
4 25
9 25
25 60
60 81
6 60
35 36
36 45
22 36
36 57
6 36
15 50
6 50
23 50
0 50
4 50
0 15
15 43
15 19
15 57
12 19
9 81
37 44
22 44
37 39
37 57
22 39
20 39
39 57
23 39
20 26
26 34
20 45
20 82
20 76
6 45
43 45
4 59
29 59
6 29
29 43
12 69
69 82
68 82
9 82
4 82
4 14
14 34
0 14
12 34
6 27
7 27
6 7
6 63
6 76
4 6
57 63
9 63
0 63
63 68
57 85
57 68
57 76
22 61
52 61
12 61
23 61
9 52
23 52
52 68
12 52
52 76
0 76
4 85
68 73
7 73
7 42
7 22
7 9
7 12
7 68
7 23
12 42
12 68
23 48
42 48
68 79
42 68
42 89
22 42
0 22
9 21
9 42
21 42
0 42
