90 2002
41 61
41 73
60 73
60 61
17 41
17 60
31 61
31 73
15 41
15 60
15 31
52 61
52 73
15 52
17 52
41 65
60 65
31 65
52 65
73 75
61 75
15 75
17 75
65 75
35 41
35 60
31 35
35 52
35 75
48 60
31 48
48 73
48 61
15 48
17 48
35 48
48 65
23 41
23 60
23 31
23 52
23 75
23 48
41 50
50 60
31 50
50 52
50 75
48 50
50 73
50 61
15 50
17 50
35 50
50 65
23 50
38 41
38 60
31 38
38 52
38 75
38 48
38 50
36 38
38 65
41 77
60 77
31 77
52 77
75 77
48 77
50 77
36 77
65 77
61 77
73 77
15 77
17 77
35 77
23 77
41 85
60 85
31 85
52 85
75 85
48 85
50 85
36 85
65 85
77 85
61 85
73 85
15 85
17 85
35 85
41 51
51 60
31 51
51 52
51 75
48 51
50 51
36 51
51 65
51 77
51 85
23 51
23 39
39 73
39 61
17 39
15 39
35 39
41 59
59 60
31 59
52 59
59 75
48 59
50 59
36 59
59 65
59 77
59 85
23 59
39 59
73 84
61 84
15 84
17 84
35 84
38 84
59 84
51 84
34 41
34 60
31 34
34 52
34 75
34 48
34 50
34 36
34 65
34 77
34 85
23 34
34 39
34 84
28 60
28 50
28 65
28 77
28 85
23 28
28 61
28 73
15 28
17 28
28 35
28 59
28 38
28 51
41 83
60 83
31 83
52 83
75 83
48 83
50 83
36 83
65 83
77 83
83 85
23 83
39 83
83 84
28 83
37 84
37 73
37 61
15 37
17 37
35 37
37 38
37 59
37 51
37 83
34 37
74 77
39 74
37 74
55 84
37 55
55 73
55 61
17 55
15 55
35 55
38 55
51 55
55 59
55 83
34 55
7 41
7 60
7 31
7 52
7 75
7 48
7 50
7 36
7 65
7 77
7 85
7 23
7 39
7 84
7 28
7 55
32 41
32 60
31 32
32 52
32 75
32 48
32 50
32 36
32 65
32 77
32 85
23 32
32 39
32 84
28 32
32 37
32 51
32 61
32 73
17 32
15 32
32 35
32 38
32 59
60 76
48 76
65 76
76 77
76 85
39 76
28 76
55 76
32 76
73 76
59 76
17 76
48 54
50 54
54 65
54 77
54 85
39 54
28 54
37 54
51 54
54 73
54 59
41 88
60 88
31 88
52 88
75 88
48 88
50 88
36 88
65 88
77 88
85 88
23 88
39 88
84 88
37 88
55 88
51 88
2 65
2 77
2 85
2 39
2 37
2 55
2 32
2 61
2 73
2 17
2 15
2 35
2 38
2 59
2 83
9 28
9 55
2 9
9 73
9 59
9 34
17 25
25 88
25 61
15 25
25 35
48 64
50 64
36 64
64 65
64 85
39 64
28 64
55 64
51 64
64 73
59 64
17 64
25 64
33 41
33 60
31 33
33 52
33 75
33 48
33 50
33 36
33 65
33 77
33 85
23 33
33 39
33 84
28 33
33 37
33 51
2 33
33 73
17 33
33 54
33 61
15 33
10 41
10 60
10 31
10 52
10 75
10 48
10 50
10 36
10 65
10 77
10 85
10 23
10 39
10 84
10 28
10 55
10 32
10 73
10 17
10 34
10 88
10 33
43 65
43 77
43 85
23 43
43 84
37 43
43 51
43 73
43 59
34 43
25 43
33 43
43 61
15 43
41 78
60 78
31 78
52 78
75 78
48 78
65 78
77 78
78 85
23 78
28 78
55 78
32 78
2 78
59 78
34 78
54 78
41 89
60 89
31 89
52 89
48 89
50 89
36 89
65 89
85 89
23 89
28 89
37 89
51 89
73 89
59 89
34 89
25 89
54 89
61 89
15 89
12 41
12 60
12 31
12 52
12 75
12 48
12 50
12 36
12 65
12 77
12 85
12 23
12 39
12 84
12 28
12 37
12 51
2 12
12 17
12 34
12 54
12 89
12 43
60 69
31 69
52 69
69 75
48 69
50 69
65 69
69 77
23 69
39 69
69 84
37 69
51 69
69 73
17 69
34 69
54 69
69 89
43 69
61 69
11 60
11 31
11 52
11 75
11 48
11 50
11 36
11 65
11 85
11 39
11 28
11 37
11 51
2 11
11 59
11 34
11 88
11 33
47 54
47 89
43 47
47 61
41 53
53 60
31 53
52 53
53 75
48 53
50 53
36 53
53 65
53 77
53 85
23 53
39 53
53 84
37 53
51 53
32 53
53 73
53 59
53 88
25 53
33 53
47 53
53 69
3 85
3 23
3 84
3 37
3 32
2 3
3 17
3 88
3 54
3 89
3 47
3 61
28 58
55 58
32 58
58 73
17 58
34 58
54 58
58 89
33 58
3 58
61 87
8 60
8 31
8 52
8 75
8 48
8 50
8 65
8 77
8 85
8 23
8 84
8 55
8 32
8 73
8 17
8 88
8 25
8 54
8 43
8 47
8 87
26 77
23 26
26 39
26 37
26 32
2 26
26 59
26 88
26 54
26 33
26 43
26 69
5 60
5 50
5 36
5 65
5 85
5 23
5 28
5 55
5 32
2 5
5 59
5 34
5 88
5 33
5 47
3 5
5 87
13 60
13 31
13 48
13 50
13 65
13 77
13 85
13 23
13 84
13 55
13 32
13 73
13 59
13 88
13 25
13 89
13 47
13 69
5 13
13 26
9 13
36 49
49 65
49 85
23 49
28 49
37 49
49 51
2 49
17 49
34 49
49 88
49 89
43 49
49 69
49 87
26 49
21 60
21 52
21 48
21 50
21 36
21 65
21 85
21 39
21 84
21 55
21 32
2 21
17 21
21 88
21 25
21 89
21 47
3 21
21 87
21 26
21 35
60 71
48 71
65 71
71 77
71 85
39 71
71 84
55 71
32 71
71 73
17 71
71 88
54 71
71 89
43 71
69 71
71 87
5 71
21 71
49 71
11 71
23 40
39 40
40 84
40 55
40 51
40 73
17 40
34 40
25 40
40 54
40 47
40 69
40 87
26 40
18 48
18 50
18 36
18 65
18 85
18 39
18 84
18 37
18 51
2 18
18 59
18 34
18 25
18 89
18 33
18 69
18 87
18 26
18 61
24 51
2 24
24 59
17 24
24 25
24 89
24 47
24 69
3 24
18 24
21 24
29 41
29 60
29 31
29 52
29 48
29 50
29 65
29 77
23 29
29 39
28 29
29 55
29 51
2 29
17 29
29 34
29 88
29 89
29 47
29 69
5 29
26 29
9 29
29 49
8 29
60 67
50 67
65 67
67 77
23 67
39 67
28 67
55 67
51 67
67 73
17 67
34 67
25 67
67 89
47 67
67 69
5 67
18 67
9 67
29 67
51 79
73 79
59 79
79 88
54 79
33 79
43 79
69 79
3 79
5 79
21 79
9 79
29 79
40 79
16 23
16 39
16 28
16 55
16 51
2 16
16 17
16 88
16 25
16 33
16 47
16 69
16 87
16 26
16 21
9 16
16 79
16 40
32 66
2 66
59 66
17 66
66 88
33 66
43 66
47 66
66 87
18 66
21 66
49 66
66 79
1 37
1 55
1 51
1 73
1 59
1 34
1 25
1 33
1 47
1 3
1 5
1 26
1 9
1 49
1 79
32 56
56 73
17 56
34 56
25 56
33 56
43 56
56 69
5 56
26 56
21 56
49 56
11 56
1 56
56 66
56 64
10 56
45 48
45 50
36 45
45 65
45 85
23 45
45 84
37 45
45 51
45 73
45 59
45 88
25 45
33 45
43 45
3 45
5 45
18 45
21 45
29 45
11 45
40 45
14 41
14 60
14 31
14 52
14 75
14 48
14 50
14 36
14 65
14 77
14 85
14 23
14 84
14 37
14 32
2 14
14 73
14 17
14 88
14 54
14 43
14 69
5 14
14 26
9 14
14 49
11 14
1 14
14 66
7 14
14 78
14 76
14 45
41 70
60 70
31 70
52 70
70 75
48 70
50 70
36 70
65 70
70 77
70 85
23 70
39 70
70 84
28 70
55 70
51 70
2 70
70 73
34 70
54 70
70 89
43 70
69 70
5 70
26 70
9 70
29 70
11 70
40 70
14 70
36 72
65 72
72 77
23 72
72 84
55 72
32 72
72 73
59 72
17 72
72 88
54 72
33 72
47 72
3 72
18 72
9 72
49 72
11 72
40 72
66 72
64 72
7 72
35 72
4 85
4 39
4 28
4 37
4 51
2 4
4 59
4 17
4 88
4 89
4 33
3 4
4 5
4 26
4 21
4 29
4 11
1 4
4 66
4 72
41 68
60 68
31 68
52 68
68 75
48 68
50 68
36 68
65 68
68 77
68 85
23 68
39 68
68 84
28 68
37 68
51 68
2 68
59 68
34 68
54 68
68 89
43 68
68 69
3 68
26 68
9 68
49 68
11 68
1 68
66 68
14 68
10 68
68 78
22 60
22 50
22 36
22 77
22 85
22 39
22 28
22 37
22 32
2 22
22 59
17 22
22 25
22 89
22 33
3 22
22 87
18 22
9 22
22 29
11 22
22 40
22 66
22 72
22 68
22 45
62 65
62 77
62 85
23 62
62 84
55 62
51 62
2 62
59 62
62 88
25 62
62 89
43 62
3 62
62 87
26 62
18 62
29 62
62 79
1 62
14 62
62 72
62 68
56 62
62 76
53 62
20 60
20 52
20 48
20 50
20 36
20 65
20 85
20 23
20 28
20 37
20 32
20 73
20 59
20 88
20 25
20 89
20 47
20 69
5 20
20 26
18 20
20 49
20 79
20 40
20 66
20 72
20 68
20 56
20 62
20 61
8 20
60 63
52 63
48 63
50 63
36 63
63 77
63 85
23 63
28 63
55 63
32 63
63 73
59 63
34 63
54 63
63 89
47 63
63 69
63 87
26 63
21 63
9 63
29 63
40 63
14 63
63 64
10 63
45 63
63 71
61 63
13 63
19 87
5 19
18 19
19 49
19 29
1 19
14 19
19 64
19 68
19 56
19 71
19 61
8 19
13 19
12 19
57 88
57 89
47 57
3 57
5 57
18 57
21 57
29 57
11 57
40 57
57 66
57 72
57 68
45 57
57 62
57 61
8 57
19 57
27 85
23 27
27 28
27 55
27 51
27 73
17 27
27 88
27 54
27 33
27 43
3 27
27 87
26 27
9 27
27 29
11 27
27 40
14 27
27 72
10 27
27 56
27 62
27 78
27 61
19 27
12 27
42 60
31 42
42 52
42 75
42 48
42 50
36 42
42 77
23 42
39 42
42 84
37 42
32 42
2 42
17 42
34 42
25 42
42 54
42 43
42 47
3 42
18 42
21 42
42 49
42 79
1 42
14 42
42 72
42 68
10 42
42 62
42 78
13 42
42 63
27 42
0 42
35 42
42 67
4 42
32 82
2 82
59 82
34 82
25 82
54 82
33 82
69 82
5 82
26 82
21 82
49 82
11 82
40 82
14 82
64 82
68 82
56 82
71 82
78 82
8 82
63 82
12 82
16 82
35 82
15 82
53 82
32 46
2 46
46 73
17 46
46 54
46 89
33 46
3 46
46 87
5 46
21 46
46 49
29 46
40 46
46 66
14 46
10 46
45 46
46 71
46 78
13 46
46 63
27 46
16 46
35 46
15 46
4 46
46 82
6 73
6 88
6 54
6 89
6 47
3 6
6 87
6 26
6 18
6 49
6 11
6 79
6 66
6 14
6 68
6 56
6 62
6 78
6 13
6 63
6 12
6 16
6 35
6 15
6 53
6 58
6 74
51 80
73 80
17 80
34 80
80 88
54 80
33 80
69 80
80 87
18 80
21 80
29 80
11 80
79 80
40 80
72 80
10 80
45 80
71 80
78 80
13 80
19 80
12 80
0 80
24 80
15 80
4 80
58 80
6 80
41 81
60 81
31 81
52 81
75 81
48 81
36 81
65 81
77 81
39 81
28 81
37 81
51 81
73 81
17 81
34 81
25 81
81 89
47 81
3 81
81 87
5 81
21 81
29 81
79 81
1 81
40 81
64 81
68 81
45 81
71 81
61 81
8 81
19 81
27 81
16 81
35 81
67 81
53 81
81 82
6 81
42 81
25 44
44 54
33 44
44 47
44 87
26 44
21 44
29 44
44 79
1 44
44 66
44 64
44 72
44 56
44 71
44 78
13 44
19 44
12 44
24 44
35 44
44 67
44 53
44 58
44 82
44 81
44 57
44 76
38 44
22 44
20 44
60 86
50 86
65 86
77 86
85 86
39 86
28 86
51 86
32 86
73 86
17 86
86 88
25 86
86 89
43 86
47 86
3 86
26 86
18 86
49 86
11 86
1 86
14 86
72 86
68 86
45 86
62 86
78 86
61 86
19 86
12 86
0 86
24 86
15 86
53 86
58 86
6 86
81 86
46 86
44 86
30 41
30 60
30 31
30 75
30 48
30 50
30 36
30 65
30 77
23 30
28 30
30 37
30 51
30 73
17 30
30 88
30 54
30 33
30 43
30 69
3 30
26 30
21 30
9 30
11 30
1 30
14 30
30 72
30 68
30 56
30 71
30 78
8 30
30 63
12 30
16 30
30 35
30 67
4 30
30 82
30 74
30 81
30 80
30 57
7 30
30 86
30 76
20 30
20 86
83 86
38 86
22 81
80 81
46 81
46 80
7 80
76 80
22 80
70 80
6 83
6 42
6 46
6 70
38 46
46 57
20 46
46 83
82 83
42 82
20 82
57 82
7 82
42 83
42 76
42 57
38 42
7 42
20 42
27 70
24 27
27 58
20 27
22 27
27 57
4 27
27 83
27 67
27 53
0 57
24 57
57 67
4 57
57 74
57 70
57 83
7 57
19 22
19 76
19 74
19 24
19 38
19 67
19 63
0 63
16 63
35 63
63 83
63 70
4 63
53 63
7 63
20 63
20 24
20 35
20 67
4 20
20 74
20 83
20 76
13 62
7 62
0 62
62 67
22 62
62 70
16 62
24 62
15 62
4 62
22 61
13 22
16 22
22 24
22 67
22 53
22 58
22 74
7 22
22 76
22 70
22 83
68 70
68 74
15 68
7 68
4 68
68 83
24 68
4 45
4 61
4 8
0 4
4 24
4 15
4 83
4 74
4 7
4 70
71 72
13 72
53 72
70 72
58 72
72 83
67 72
56 70
70 78
8 70
16 70
35 70
67 70
58 70
70 74
7 70
70 83
38 70
14 58
14 67
13 14
14 38
12 14
45 64
10 45
7 45
16 45
45 83
35 45
45 76
0 45
12 45
45 56
45 58
24 45
45 71
56 78
53 56
56 61
15 56
13 56
38 56
8 56
56 67
56 74
1 83
1 12
1 58
1 74
1 24
1 15
1 78
1 66
1 10
1 38
1 53
1 67
66 71
64 66
61 66
53 66
16 66
35 66
24 66
8 66
66 83
10 66
0 66
16 64
10 16
16 78
13 16
12 16
0 16
16 67
16 53
16 74
16 38
16 35
15 79
67 79
58 79
74 79
0 79
53 79
35 79
24 79
8 79
64 79
78 79
61 79
64 67
67 78
8 67
24 67
67 74
7 67
53 67
29 35
12 29
24 29
0 29
7 29
29 76
29 38
11 29
24 64
24 78
8 24
0 24
24 38
7 24
24 76
15 24
18 35
12 18
18 58
18 76
11 18
7 18
18 83
0 18
9 18
15 18
18 40
40 49
8 40
35 40
40 71
13 40
40 64
40 76
0 40
7 40
40 74
15 40
10 71
61 71
71 74
8 71
71 78
71 83
12 71
58 71
38 71
35 71
53 71
21 78
21 58
8 21
15 21
21 38
21 49
10 21
11 21
49 64
49 74
49 58
13 49
49 53
49 78
10 49
49 61
49 83
11 13
10 13
13 61
13 53
13 83
13 74
13 38
7 13
13 58
13 15
5 26
5 10
5 38
5 74
5 35
5 9
5 61
0 5
5 78
5 64
8 26
26 38
26 74
10 26
26 53
8 64
8 10
8 61
8 76
8 12
8 58
8 15
8 35
0 8
58 87
76 87
78 87
7 87
11 87
15 87
10 58
58 61
0 58
35 58
15 58
53 58
38 58
58 76
58 74
3 15
3 74
3 9
3 7
3 12
3 64
3 53
3 83
9 53
10 53
35 53
53 76
38 53
7 53
15 47
9 47
11 47
35 47
38 47
0 47
11 69
9 11
10 11
7 11
11 83
11 12
11 76
11 61
69 78
64 69
69 83
12 69
69 76
10 69
9 12
12 64
10 12
12 61
7 12
12 38
12 76
12 35
0 12
12 15
83 89
78 89
35 89
43 78
64 78
35 78
7 78
74 78
78 83
38 43
43 64
7 43
10 43
35 43
43 76
0 43
43 74
10 64
10 76
10 38
10 61
0 10
10 35
33 64
33 76
33 38
0 33
7 33
33 83
9 64
38 64
64 76
64 74
15 64
0 64
61 64
0 25
25 38
25 83
25 74
9 25
7 25
9 54
9 61
7 9
9 83
0 9
9 74
9 76
9 15
9 38
2 88
2 7
2 74
59 88
34 88
61 88
15 88
35 88
54 88
54 61
15 54
54 76
35 54
54 74
61 76
0 76
15 76
74 76
38 76
32 74
7 32
0 32
32 34
7 73
7 34
0 7
7 38
0 55
55 74
59 74
34 74
0 74
15 74
38 74
51 83
73 83
59 83
17 83
0 83
35 83
15 83
28 34
34 51
34 73
34 59
17 34
34 61
15 34
34 35
34 38
0 34
0 84
51 59
59 73
59 61
15 59
17 59
35 59
38 59
39 51
38 39
51 61
51 73
17 51
15 51
35 51
38 51
38 85
23 85
38 77
0 77
23 38
38 73
17 38
38 61
15 38
23 36
23 65
23 61
23 73
17 23
15 23
23 35
0 23
35 36
35 65
35 73
17 35
36 65
61 65
65 73
17 65
15 65
0 65
15 36
15 73
15 17
15 61
0 15
17 31
17 36
17 73
17 61
0 17
36 73
61 73
0 73
36 61
0 61
0 36
