90 1602
33 36
5 33
6 36
5 6
6 89
6 33
13 36
5 13
13 89
6 13
33 41
13 41
36 75
5 75
75 89
6 75
41 75
13 73
33 73
73 75
9 36
5 9
9 89
6 9
9 41
9 73
6 64
33 64
13 64
64 75
9 64
36 67
5 67
67 89
6 67
41 67
67 73
64 67
13 84
33 84
75 84
9 84
67 84
36 63
5 63
63 89
6 63
41 63
63 73
63 64
63 84
33 82
13 82
75 82
9 82
67 82
63 82
36 46
5 46
46 89
6 46
41 46
46 73
46 64
46 84
46 82
1 5
1 89
1 6
1 82
1 33
1 13
1 75
1 67
1 9
1 63
1 46
36 60
5 60
60 89
6 60
41 60
60 73
60 64
60 84
60 82
1 60
22 33
13 22
22 75
9 22
22 67
22 63
22 46
36 37
5 37
37 89
6 37
37 41
37 73
37 64
37 84
37 82
1 37
22 37
5 43
43 89
6 43
41 43
43 73
43 64
1 43
13 43
33 43
43 75
9 43
43 67
43 46
43 63
36 70
5 70
70 89
6 70
41 70
70 73
64 70
70 84
70 82
1 70
22 70
43 70
5 39
6 39
39 43
13 39
33 39
39 75
39 67
9 39
39 46
39 63
39 70
39 60
37 39
5 8
6 8
8 22
8 39
8 37
5 24
24 89
6 24
24 41
24 64
1 24
22 24
24 43
24 37
13 24
24 33
24 75
24 67
9 24
24 63
24 46
6 86
64 86
22 86
43 86
2 36
2 5
2 89
2 6
2 41
2 73
2 64
2 84
2 22
2 43
2 33
2 13
2 75
2 9
2 67
2 46
2 63
5 85
6 85
1 85
43 85
2 85
13 69
33 69
69 75
67 69
9 69
46 69
63 69
36 58
5 58
58 89
6 58
41 58
58 73
58 64
58 84
58 82
1 58
22 58
39 58
37 58
58 69
10 36
5 10
10 89
6 10
10 41
10 73
10 64
10 82
1 10
10 39
10 37
10 69
10 33
10 13
10 75
9 10
10 67
2 19
10 19
11 36
5 11
11 89
6 11
11 41
11 73
11 64
11 84
11 82
1 11
11 43
11 39
11 37
11 69
10 11
11 13
11 33
11 75
9 11
11 67
36 83
5 83
83 89
6 83
41 83
73 83
64 83
83 84
1 83
39 83
37 83
24 83
11 83
19 83
10 74
19 74
33 74
13 74
74 75
74 83
36 49
5 49
49 89
6 49
41 49
49 73
49 64
49 82
22 49
39 49
2 49
10 49
19 49
6 50
50 64
1 50
39 50
2 50
50 69
11 50
33 50
13 50
50 75
50 67
9 50
6 25
25 39
25 37
25 69
11 25
25 50
11 59
50 59
59 74
13 59
33 59
59 75
25 59
59 60
5 56
56 89
6 56
41 56
56 64
56 82
22 56
43 56
37 56
56 69
10 56
50 56
56 59
6 35
35 82
1 35
35 39
35 37
24 35
19 35
35 50
5 45
45 89
6 45
41 45
45 73
45 82
1 45
39 45
37 45
24 45
10 45
19 45
13 45
33 45
45 75
5 77
6 77
1 77
43 77
2 77
24 77
11 77
19 77
45 77
35 77
2 7
7 24
7 10
7 50
7 74
7 59
5 80
6 80
73 80
64 80
1 80
43 80
2 80
69 80
11 80
19 80
74 80
35 80
33 80
13 80
75 80
67 80
11 14
14 50
14 45
14 80
14 75
32 33
13 32
5 18
6 18
18 22
18 43
18 37
18 24
10 18
18 19
18 74
18 59
18 75
18 32
36 61
5 61
61 89
6 61
41 61
61 73
61 64
61 82
1 61
43 61
2 61
24 61
10 61
50 61
61 74
35 61
61 80
32 61
33 61
13 61
25 61
18 61
0 61
22 57
43 57
37 57
57 69
10 57
19 57
57 74
57 59
7 57
5 53
6 53
1 53
43 53
37 53
24 53
10 53
13 71
33 71
71 75
20 36
5 20
20 89
6 20
20 41
20 73
20 64
20 84
20 82
1 20
20 22
20 43
20 37
20 24
10 20
20 71
20 45
20 35
7 20
20 53
2 12
12 69
11 12
12 50
12 74
12 59
12 80
12 53
12 46
6 40
40 43
2 40
40 69
11 40
40 71
40 74
35 40
7 40
32 40
12 40
66 74
59 66
7 66
66 75
5 47
47 89
6 47
41 47
47 64
47 84
1 47
39 47
37 47
47 69
19 47
47 50
45 47
47 80
7 47
47 53
47 66
27 36
5 27
27 89
6 27
27 41
27 73
27 64
27 82
1 27
27 39
2 27
27 69
19 27
27 50
27 45
27 35
7 27
27 75
12 27
36 81
5 81
81 89
6 81
41 81
73 81
64 81
81 82
22 81
43 81
2 81
24 81
19 81
50 81
45 81
59 81
7 81
32 81
12 81
27 81
66 72
27 72
0 72
67 72
1 51
39 51
2 51
24 51
10 51
50 51
45 51
35 51
7 51
51 53
51 61
51 66
51 72
8 51
2 62
10 62
11 62
50 62
45 62
59 62
7 62
62 75
12 62
27 62
3 62
12 29
27 29
3 29
5 21
21 89
6 21
21 41
21 64
1 21
21 22
21 43
2 21
21 24
10 21
21 71
21 59
21 80
7 21
21 75
12 21
21 66
21 72
17 36
5 17
17 89
6 17
17 41
17 73
17 64
17 84
17 82
1 17
17 43
17 39
17 37
17 69
10 17
17 71
17 45
17 59
17 80
17 32
17 61
17 27
3 17
17 21
17 62
13 17
5 52
6 52
1 52
39 52
37 52
52 69
11 52
52 71
52 74
52 59
52 75
52 53
12 52
27 52
52 72
21 52
29 52
47 52
52 67
5 87
87 89
6 87
41 87
73 87
84 87
43 87
39 87
37 87
69 87
19 87
50 87
45 87
80 87
75 87
53 87
61 87
66 87
3 87
8 87
62 87
47 87
52 87
20 76
57 76
37 79
24 79
11 79
50 79
74 79
35 79
75 79
53 79
61 79
66 79
33 79
21 79
29 79
47 79
79 83
76 79
42 74
35 42
42 75
32 42
12 42
42 66
33 42
8 42
42 62
42 47
37 55
55 69
11 55
55 71
45 55
55 59
55 80
53 55
55 61
33 55
55 72
21 55
55 62
55 65
52 55
55 85
6 28
28 39
28 37
24 28
10 28
28 50
28 74
28 35
28 75
28 32
28 61
28 66
28 72
3 28
28 29
28 47
28 55
28 76
28 40
0 28
28 86
6 78
43 78
2 78
69 78
19 78
50 78
45 78
35 78
7 78
75 78
66 78
27 78
3 78
21 78
62 78
65 78
78 83
5 44
44 89
6 44
44 64
1 44
43 44
2 44
24 44
11 44
44 71
44 45
44 59
7 44
44 53
12 44
44 66
33 44
8 44
13 44
44 65
44 52
37 38
24 38
11 38
38 71
38 74
38 80
38 75
38 53
38 61
38 66
33 38
8 38
29 38
13 38
38 83
38 44
38 57
0 38
5 23
6 23
23 73
23 64
22 23
23 43
2 23
23 24
11 23
19 23
23 45
23 35
7 23
23 53
12 23
23 33
23 72
21 23
23 29
23 47
23 52
23 44
23 79
23 57
9 23
23 60
19 31
31 50
31 45
31 35
31 75
31 53
31 61
27 31
3 31
21 31
29 31
31 65
31 83
31 55
31 40
31 57
23 31
31 86
16 33
16 21
16 62
13 16
16 83
16 44
16 79
0 16
16 67
16 85
16 17
16 51
16 46
16 38
16 28
16 70
19 48
48 71
48 74
35 48
48 75
48 53
48 61
48 66
33 48
8 48
48 62
48 65
48 83
48 76
40 48
48 57
48 67
48 85
16 48
6 88
39 88
2 88
24 88
19 88
71 88
74 88
35 88
7 88
53 88
12 88
27 88
72 88
8 88
29 88
65 88
52 88
44 88
76 88
20 88
67 88
86 88
51 88
7 30
30 53
12 30
30 66
3 30
8 30
29 30
13 30
30 83
30 44
30 79
30 57
20 30
30 78
30 88
30 81
30 31
15 36
5 15
15 89
6 15
15 41
15 73
15 64
15 82
1 15
15 39
2 15
15 69
10 15
15 50
15 45
15 35
15 80
15 32
12 15
15 27
15 72
3 15
15 29
13 15
15 55
15 44
15 57
15 20
15 86
15 85
15 16
15 81
15 17
15 31
15 30
34 62
13 34
34 83
34 44
34 57
20 34
34 86
34 85
16 34
34 88
34 38
15 34
34 48
34 58
18 34
14 34
34 49
34 60
30 34
25 34
15 42
15 25
4 6
4 82
4 22
4 39
4 37
4 69
4 11
4 71
4 45
4 59
4 75
4 53
4 12
4 33
4 72
4 21
4 29
4 13
4 83
4 44
4 79
0 4
4 67
4 86
4 51
4 87
4 38
4 15
4 56
6 26
26 82
22 26
26 39
2 26
24 26
10 26
19 26
26 74
26 35
7 26
26 75
26 61
26 66
26 72
8 26
26 29
13 26
26 83
26 44
26 76
0 26
23 26
26 86
26 51
26 81
26 38
26 31
15 26
14 26
26 70
4 26
19 68
68 71
45 68
59 68
68 80
32 68
61 68
27 68
68 72
21 68
29 68
47 68
52 68
55 68
68 76
57 68
23 68
68 78
68 85
68 81
17 68
28 68
48 68
26 68
18 68
68 70
49 68
4 68
63 68
5 54
54 89
6 54
41 54
54 73
54 64
43 54
39 54
37 54
24 54
10 54
50 54
54 74
35 54
54 80
53 54
54 61
54 66
54 72
3 54
54 62
47 54
54 83
54 55
54 79
0 54
54 67
54 85
51 54
54 88
17 54
28 54
54 56
42 54
54 58
14 54
54 60
4 54
54 68
25 54
26 30
25 26
9 26
4 46
4 70
4 49
4 77
15 46
15 56
30 48
30 58
30 46
9 30
30 63
30 77
77 88
60 88
25 88
56 88
18 88
70 88
9 88
48 88
38 48
31 48
25 48
9 48
42 48
48 60
18 48
16 58
16 87
16 31
31 87
17 31
14 31
31 60
9 31
31 49
31 70
23 38
23 70
23 81
23 78
23 63
23 67
23 49
18 23
23 86
38 85
38 81
17 38
38 49
9 38
38 56
18 38
38 42
44 78
14 44
0 44
44 60
44 70
44 77
44 85
44 56
40 78
20 78
78 85
14 78
51 78
28 78
9 78
60 78
25 78
46 78
49 78
77 78
78 87
28 81
17 28
28 58
28 77
18 28
14 28
28 56
28 63
28 60
55 77
9 55
51 55
17 55
55 58
55 67
25 55
18 55
46 55
42 55
55 81
63 65
51 65
65 70
57 65
9 65
65 83
42 65
56 65
42 79
0 42
42 67
42 85
42 51
42 87
42 77
42 46
42 70
42 63
42 49
14 42
57 79
79 87
60 79
58 79
79 86
67 79
18 79
51 79
63 79
40 79
76 86
76 87
40 76
63 76
49 76
14 76
57 87
67 87
81 87
14 87
60 87
49 87
63 87
77 87
46 87
25 87
52 60
18 52
52 70
20 52
51 52
52 86
52 58
25 52
46 52
40 52
17 52
17 57
17 20
17 67
17 86
17 81
17 63
17 70
17 58
17 77
21 77
21 60
21 63
14 21
18 21
21 47
21 57
21 29
21 86
21 49
13 21
29 70
18 29
29 77
29 56
29 57
29 58
29 83
0 29
3 58
3 8
3 13
3 70
3 9
3 77
3 49
3 20
3 46
3 81
8 62
62 85
46 62
40 62
14 62
62 81
51 62
62 67
25 62
60 62
62 63
20 62
0 51
51 86
51 56
49 51
51 81
9 51
18 51
14 51
57 72
18 72
56 72
63 72
72 81
49 72
40 72
60 72
13 81
81 83
40 81
0 81
81 85
46 81
58 81
25 81
14 27
27 47
27 60
27 56
27 33
27 67
27 70
0 27
27 46
18 27
27 86
27 77
33 47
13 47
47 60
46 47
47 58
47 85
0 47
47 86
47 56
40 47
9 47
14 47
18 47
66 77
66 70
40 66
66 85
25 66
57 66
20 66
8 66
66 83
8 40
40 49
40 77
0 40
40 70
40 56
40 46
20 40
9 40
25 40
40 85
12 63
12 83
12 58
12 67
12 13
12 33
9 12
12 20
8 12
20 33
13 20
0 20
20 63
9 20
20 86
20 25
20 46
20 85
18 20
14 20
9 71
67 71
70 71
71 86
53 71
53 74
53 59
53 80
33 53
13 53
8 53
53 57
53 60
53 56
46 53
25 53
57 61
57 83
57 58
57 77
57 70
57 60
0 57
60 61
49 61
61 85
14 61
61 86
56 61
18 86
18 58
18 60
18 77
18 46
9 18
32 85
32 58
32 63
32 70
9 32
32 77
32 67
14 32
32 86
14 33
14 83
0 14
14 46
14 70
14 60
14 63
60 80
46 80
56 80
8 80
80 85
7 80
9 80
49 80
80 83
7 13
7 33
7 75
7 58
7 77
7 70
7 63
7 60
0 7
13 77
77 86
56 77
70 77
9 77
25 77
45 58
0 45
45 63
9 45
45 70
45 86
35 45
13 35
33 35
35 75
35 56
35 58
0 35
35 63
35 70
25 35
8 56
0 56
56 67
56 86
56 58
56 63
49 56
46 56
8 59
59 83
9 59
49 59
59 85
59 86
25 75
25 33
8 25
13 25
25 67
25 46
25 49
9 25
8 50
46 50
49 50
50 85
49 74
49 75
33 49
13 49
49 83
0 49
49 58
49 60
67 74
8 74
46 74
74 85
75 83
33 83
8 83
13 83
63 83
0 83
11 85
0 11
11 46
8 11
11 19
11 70
11 63
13 19
19 33
19 75
9 19
19 67
19 60
19 63
0 19
19 58
10 63
10 46
10 60
10 86
10 58
33 58
8 58
58 67
58 85
58 60
58 70
0 69
69 85
33 85
8 85
67 85
70 85
63 85
0 2
2 60
2 70
2 86
24 86
75 86
33 86
13 86
63 86
24 60
8 24
24 70
8 70
8 9
8 67
0 8
8 13
0 39
37 70
9 70
37 43
43 60
13 37
33 37
37 75
37 67
9 37
37 46
37 63
37 60
22 60
0 22
60 63
0 1
46 75
33 46
46 67
46 63
33 63
9 63
67 75
13 67
0 67
9 33
9 13
13 75
33 75
0 75
13 33
0 6
33 89
0 89
5 36
0 5
