90 1201
0 46
46 82
0 7
7 82
46 66
7 66
0 47
47 82
47 66
45 46
7 45
45 47
0 75
75 82
66 75
45 75
46 63
7 63
47 63
63 75
0 25
25 82
25 66
25 45
25 63
46 81
7 81
47 81
75 81
0 6
6 82
6 66
6 45
6 63
6 81
6 7
33 46
33 47
33 75
6 33
25 33
50 66
45 50
7 50
33 50
46 48
47 48
48 75
25 48
6 48
36 63
7 36
36 48
66 73
7 73
48 73
46 86
47 86
75 86
6 86
25 86
45 67
7 67
48 67
67 86
67 73
0 16
16 66
16 45
7 16
16 48
46 65
47 65
65 75
25 65
6 65
7 31
31 65
31 73
7 14
46 72
47 72
72 75
25 72
6 72
0 39
39 82
39 66
39 45
39 63
7 39
39 72
39 65
63 74
7 74
46 55
47 55
55 75
25 55
6 55
78 81
7 78
55 78
72 78
74 78
19 46
19 47
18 73
18 19
35 55
35 65
35 74
14 35
35 46
35 47
16 88
14 88
35 88
18 88
24 48
24 65
24 74
14 24
22 66
7 22
22 72
22 65
22 73
14 22
22 35
22 46
22 47
22 60
74 76
14 76
19 76
17 81
7 17
17 55
17 65
17 73
16 17
17 35
17 46
17 47
17 78
0 40
40 82
40 66
40 45
40 63
40 81
7 40
33 40
40 48
40 65
40 74
19 40
22 40
17 40
35 38
18 38
38 46
34 38
0 62
62 66
62 81
7 62
33 62
62 72
62 74
16 62
35 62
18 62
24 62
46 62
55 58
58 65
58 74
16 58
22 58
18 58
24 58
58 62
16 56
19 56
22 56
17 56
56 76
48 64
64 72
64 73
19 64
35 64
17 64
64 76
62 64
46 64
56 64
0 2
2 66
2 7
2 33
2 55
2 65
2 73
2 16
2 19
2 22
2 24
2 64
7 79
72 79
74 79
14 79
22 79
18 79
76 79
71 79
23 79
7 61
61 86
61 74
16 61
35 61
18 61
24 61
61 64
4 48
4 72
4 16
4 14
4 35
4 22
4 76
4 64
4 23
7 26
26 65
26 73
14 26
22 26
17 26
26 38
26 62
4 26
26 36
23 49
36 49
2 49
0 42
42 82
42 66
42 45
42 63
7 42
33 42
42 86
42 73
16 42
19 42
17 42
42 76
42 64
42 71
36 42
42 49
0 37
37 82
37 66
37 45
7 37
33 37
37 48
37 72
37 74
19 37
35 37
18 37
24 37
37 62
4 37
37 50
37 61
37 39
37 42
37 88
9 23
9 50
4 85
50 85
2 85
7 59
33 59
55 59
59 86
59 73
16 59
35 59
17 59
38 59
59 62
59 71
50 59
59 85
39 59
59 78
63 77
7 77
48 77
72 77
74 77
14 77
35 77
18 77
38 77
62 77
4 77
61 77
49 77
66 70
45 70
70 81
7 70
70 72
65 70
70 74
14 70
22 70
70 76
38 70
24 70
70 71
61 70
2 70
70 85
0 43
43 82
43 66
43 45
43 63
43 81
7 43
33 43
43 48
43 72
43 73
16 43
22 43
18 43
24 43
43 64
43 71
36 43
2 43
43 70
11 71
11 36
11 85
11 70
45 80
7 80
55 80
80 86
73 80
14 80
35 80
18 80
38 80
24 80
23 80
50 80
2 80
39 80
37 80
0 1
1 66
1 81
1 7
1 48
1 86
1 73
1 19
1 22
1 18
1 38
1 24
1 23
1 61
1 49
1 39
1 80
15 45
7 15
15 33
15 86
15 73
15 16
15 22
15 17
15 38
15 62
15 23
15 36
15 49
15 70
15 80
15 79
15 75
29 38
29 64
4 29
29 61
29 85
29 39
29 80
15 29
0 54
54 66
45 54
7 54
54 72
54 86
16 54
19 54
22 54
17 54
24 54
54 64
23 54
36 54
2 54
54 85
54 78
2 83
39 83
78 83
54 83
67 83
5 74
5 16
5 22
5 17
5 76
5 24
5 71
5 36
2 5
5 85
5 80
5 83
5 54
5 9
5 31
0 41
41 66
41 45
7 41
41 55
41 72
16 41
19 41
35 41
17 41
38 41
41 64
4 41
41 50
41 61
39 41
37 41
11 41
41 88
35 89
76 89
38 89
62 89
71 89
50 89
85 89
70 89
80 89
83 89
88 89
1 89
6 89
41 89
61 84
39 84
11 84
83 84
54 84
84 89
43 84
53 80
53 77
53 54
25 53
41 53
5 53
53 59
11 21
21 77
21 88
7 68
68 72
68 74
14 68
35 68
18 68
68 76
62 68
23 68
36 68
49 68
68 70
68 78
68 77
54 68
19 69
17 69
38 69
62 69
69 71
36 69
49 69
39 69
69 80
69 83
68 69
69 89
25 69
58 69
69 79
21 69
26 69
30 85
30 70
30 78
30 77
30 68
9 30
30 43
30 58
28 33
28 72
28 73
14 28
19 28
18 28
28 76
28 64
23 28
28 61
28 49
28 70
28 78
28 77
15 28
28 89
28 31
28 53
28 42
28 40
32 81
7 32
32 48
32 72
32 73
14 32
32 35
17 32
32 76
32 62
23 32
32 50
32 49
32 70
32 78
32 83
15 32
9 32
31 32
32 53
28 32
32 40
26 32
3 41
3 58
3 79
3 59
27 74
16 27
19 27
17 27
27 76
27 62
4 27
27 50
2 27
27 39
11 27
27 77
27 88
9 27
27 31
27 53
21 27
27 40
27 47
57 76
57 62
4 57
36 57
2 57
57 70
11 57
57 83
15 57
25 57
43 57
41 57
21 57
0 87
82 87
66 87
45 87
63 87
81 87
7 87
33 87
48 87
72 87
74 87
14 87
19 87
76 87
24 87
62 87
71 87
61 87
49 87
70 87
37 87
77 87
87 88
25 87
31 87
5 87
46 87
6 87
67 87
34 87
57 87
13 63
7 13
13 55
13 72
13 74
13 19
13 35
13 76
13 38
13 62
13 71
13 61
13 85
13 37
11 13
13 83
13 88
13 68
13 43
13 58
13 46
13 87
13 30
13 57
16 44
14 44
35 44
17 44
24 44
44 64
4 44
44 61
2 44
39 44
44 78
15 44
44 54
25 44
31 44
44 53
44 79
44 87
27 44
6 44
13 44
0 51
51 82
51 66
45 51
51 63
51 81
7 51
33 51
51 72
51 65
51 73
16 51
22 51
18 51
38 51
51 64
23 51
51 61
51 85
37 51
51 78
51 83
51 88
25 51
41 51
51 79
46 51
51 59
27 51
3 51
13 51
44 51
51 69
51 67
1 51
8 43
5 8
8 28
8 21
8 26
6 8
8 57
8 51
8 44
20 54
20 25
20 31
5 20
20 79
20 40
20 59
6 20
13 20
20 84
8 20
20 47
20 42
1 20
10 19
10 17
10 38
10 62
10 71
10 50
2 10
10 39
10 37
10 83
10 68
10 89
10 41
10 58
10 79
10 40
10 59
6 10
10 57
10 84
8 10
0 12
12 82
12 66
12 45
7 12
12 33
12 55
12 65
12 73
12 14
12 22
12 18
12 76
12 24
4 12
12 50
12 49
12 85
12 78
12 77
12 54
9 12
12 43
12 58
12 46
12 59
12 30
12 57
4 52
52 61
2 52
37 52
52 78
52 83
52 68
9 52
41 52
5 52
28 52
40 52
27 52
52 57
52 69
52 60
42 52
29 52
12 52
52 84
12 67
8 12
12 56
12 75
10 12
10 56
10 32
44 75
42 44
29 44
13 56
13 32
13 34
56 87
84 87
60 87
27 57
30 57
56 57
3 27
27 34
1 27
3 47
3 67
3 29
3 84
1 3
3 32
32 84
32 60
32 42
32 69
28 56
28 30
28 34
28 84
21 28
21 30
29 30
30 60
30 42
30 69
6 30
60 69
29 69
69 75
26 68
34 68
60 68
68 75
67 68
42 68
9 68
21 68
21 31
21 53
21 67
6 21
21 29
21 26
53 56
53 84
53 75
53 79
26 84
75 84
60 84
46 89
58 89
67 89
40 89
47 89
59 89
1 41
41 46
26 41
41 59
41 75
5 41
5 26
5 29
5 67
5 47
5 40
83 88
47 83
40 83
25 54
31 54
54 79
54 59
54 58
29 54
6 54
9 29
29 43
29 46
29 67
1 29
29 47
15 31
1 15
15 25
9 15
15 34
6 15
15 46
15 43
1 88
1 58
1 46
1 40
1 34
1 60
1 56
11 80
75 80
26 80
77 80
56 80
78 80
79 80
34 80
9 11
11 67
11 88
11 25
11 60
11 43
6 11
11 77
11 58
43 77
9 43
6 43
43 58
40 43
43 47
43 67
58 70
40 70
6 70
34 70
70 77
56 70
60 77
59 77
56 77
26 77
42 77
46 59
40 59
47 59
59 75
6 59
40 85
79 85
46 85
9 85
39 85
75 85
9 37
9 88
9 31
9 79
9 60
9 25
25 37
26 37
31 37
37 60
37 47
37 58
42 78
42 88
25 42
42 58
40 42
26 42
34 42
42 47
49 56
49 75
34 49
26 49
49 88
6 49
49 78
25 26
26 79
26 56
26 60
26 67
4 47
4 60
4 46
4 36
4 88
4 61
4 40
4 25
36 61
61 79
47 61
61 88
60 61
61 67
39 79
31 79
6 79
46 79
60 79
36 71
31 71
46 71
71 75
6 71
2 71
34 71
39 71
2 36
2 60
2 47
2 31
2 58
2 25
60 64
6 64
64 67
40 64
50 64
64 88
39 64
23 56
36 56
56 88
25 56
31 56
56 67
56 75
23 78
23 31
23 58
23 67
23 50
50 58
58 60
46 58
34 58
62 75
62 78
25 62
34 62
34 36
25 34
31 34
6 34
34 67
34 75
34 47
38 50
31 38
38 40
36 38
38 75
24 38
36 40
40 78
40 88
40 75
17 31
17 67
17 76
17 39
17 18
46 76
6 76
60 76
25 76
47 76
67 76
24 60
31 60
47 60
22 75
22 78
6 22
22 67
22 24
18 24
24 46
24 78
24 39
24 88
6 24
24 47
46 88
47 88
35 36
35 50
35 39
18 35
18 46
18 36
18 75
18 25
18 50
18 47
19 75
19 36
19 78
19 25
19 31
50 78
39 78
31 78
46 78
55 74
72 74
73 74
46 74
47 74
74 75
25 74
39 74
6 74
36 74
16 74
14 39
36 39
39 46
39 47
39 67
14 72
14 73
14 16
14 46
14 47
14 75
6 14
14 50
14 31
31 50
16 65
50 65
16 46
16 47
16 75
16 50
16 67
16 25
50 67
47 67
73 86
46 73
47 73
73 75
25 73
36 73
6 73
36 50
6 36
48 50
25 50
50 75
46 50
6 75
25 81
7 25
25 75
7 75
46 75
7 47
46 47
7 46
