90 801
27 40
40 53
25 40
25 53
40 84
53 84
27 84
3 84
25 84
40 50
50 53
50 84
27 56
3 56
25 56
50 56
38 40
38 53
38 84
38 56
3 85
25 85
27 85
50 85
40 62
53 62
62 84
56 62
62 85
57 62
53 88
84 88
57 88
25 88
3 88
27 88
50 88
33 40
33 53
33 84
33 56
33 85
33 57
33 88
83 85
83 88
3 83
27 83
25 83
50 83
17 53
17 84
17 57
17 83
40 64
53 64
64 85
64 83
27 64
3 64
25 64
50 64
62 64
9 64
9 50
18 33
64 75
3 15
15 25
15 27
15 50
40 63
53 63
63 84
56 63
63 85
57 63
63 88
63 83
15 63
50 63
2 85
27 52
25 52
3 52
50 52
2 52
36 85
36 52
3 70
27 70
25 70
50 70
38 70
42 53
42 84
42 56
42 83
42 70
15 42
25 34
3 34
27 34
34 51
51 63
3 51
22 51
19 57
19 52
19 70
15 19
19 34
40 67
53 67
57 67
67 88
67 70
15 48
25 48
3 48
27 48
48 62
33 48
11 85
11 88
11 70
11 48
11 18
11 67
8 40
8 53
8 84
8 56
8 85
8 57
8 88
25 37
3 37
27 37
37 50
5 85
5 37
5 64
5 15
5 34
5 11
10 60
19 60
36 60
53 65
65 84
57 65
52 65
64 65
50 65
2 65
63 65
10 65
19 65
41 53
41 84
41 57
41 88
41 52
41 50
2 41
41 67
6 8
6 39
32 40
32 53
32 84
32 56
32 57
32 83
32 70
32 50
18 32
32 67
10 32
25 32
7 48
7 67
6 7
7 32
26 57
26 88
26 70
26 50
26 63
11 26
72 79
19 72
29 51
10 69
51 82
69 82
29 82
56 59
59 83
59 64
15 59
2 59
11 59
6 59
38 59
26 59
21 59
39 78
78 82
41 78
2 68
63 68
10 68
38 68
26 68
62 68
68 78
49 51
38 49
49 65
40 81
81 84
81 88
81 83
64 81
48 81
34 81
11 81
6 81
32 81
36 81
43 81
43 62
55 64
48 55
34 55
55 67
11 55
19 55
29 55
55 81
21 55
43 55
45 79
32 45
45 69
45 81
45 55
45 49
5 45
21 73
35 69
35 62
40 89
53 89
84 89
56 89
88 89
83 89
70 89
50 89
18 89
63 89
51 89
32 89
26 89
74 89
5 89
72 89
8 89
24 57
24 88
24 64
24 48
24 34
24 67
24 51
24 32
24 26
24 81
24 89
24 35
5 24
24 45
5 66
24 66
43 66
66 68
9 66
40 58
53 58
58 84
56 58
58 85
58 83
52 58
50 58
34 58
58 67
10 58
58 69
29 58
58 74
10 86
38 86
29 86
74 86
86 89
42 86
54 85
54 83
54 64
15 54
18 54
54 63
10 54
38 54
36 54
14 52
14 50
2 14
14 63
14 51
14 69
14 29
14 62
14 17
14 25
4 53
4 84
4 85
4 83
4 52
4 48
2 4
4 63
4 79
4 6
4 26
4 14
4 55
6 77
38 77
65 77
77 81
77 78
22 77
23 29
23 62
0 23
23 77
23 42
17 23
23 27
23 75
23 54
20 51
20 38
20 36
20 21
20 55
20 23
20 45
20 24
20 54
20 68
17 20
3 20
12 55
12 77
2 47
11 47
47 79
19 47
29 47
21 47
47 86
35 47
9 47
22 47
42 47
47 82
12 47
65 87
81 87
0 87
39 87
47 87
24 87
80 86
39 80
45 80
80 82
80 87
22 80
25 80
40 61
53 61
61 84
56 61
61 85
52 61
61 70
50 61
34 61
61 63
61 79
19 61
36 61
21 61
0 61
35 61
60 61
13 64
13 50
13 18
13 63
13 79
13 32
13 26
13 74
13 55
13 77
13 60
18 71
63 71
10 71
32 71
36 71
21 71
0 71
49 71
30 40
30 84
30 85
30 83
30 64
30 48
18 30
11 30
30 79
6 30
30 65
14 30
30 55
30 77
30 41
30 59
1 15
1 48
1 2
1 67
1 11
1 19
1 29
1 74
1 55
1 35
1 30
1 75
1 33
1 9
1 42
1 7
1 59
1 41
30 71
5 30
4 30
30 58
28 51
28 69
28 36
14 28
28 55
28 39
28 30
28 82
16 89
16 49
16 45
16 75
16 54
16 42
16 28
3 16
16 61
40 76
53 76
76 84
56 76
57 76
76 88
70 76
48 76
2 76
63 76
10 76
69 76
26 76
74 76
76 89
35 76
60 76
76 82
16 76
68 76
8 76
72 76
59 76
44 79
19 44
26 44
44 62
44 86
44 77
44 47
44 71
43 44
44 76
3 44
9 44
31 69
31 62
0 31
31 35
5 31
13 31
31 43
20 31
3 31
4 31
31 44
7 31
41 44
28 42
28 73
23 46
46 75
46 54
28 46
33 46
46 73
46 72
7 46
7 28
27 28
13 71
58 71
59 71
17 71
22 71
68 71
13 61
13 33
7 13
13 27
3 13
61 80
27 61
22 61
17 61
8 61
58 80
33 80
8 87
73 87
25 87
72 87
12 87
47 54
12 75
12 20
12 33
12 73
12 25
12 42
23 43
9 77
4 77
43 77
4 75
4 54
4 68
4 27
3 4
4 9
14 54
14 75
14 42
0 14
5 14
54 86
17 54
27 54
41 54
58 86
25 86
17 86
33 86
49 58
43 58
58 66
8 58
7 58
42 58
66 72
8 66
24 25
24 73
24 75
60 89
3 89
35 89
35 39
35 72
35 73
45 73
59 73
17 73
27 45
7 45
43 82
22 43
43 68
8 81
49 81
41 81
3 81
74 81
0 49
49 82
49 60
41 49
49 68
8 49
60 68
9 68
75 78
59 78
7 78
39 59
17 59
42 59
41 59
21 82
8 82
72 82
41 82
27 69
17 69
29 69
33 69
39 69
29 72
29 75
3 29
29 36
62 72
60 72
22 72
8 72
0 79
26 79
42 79
36 79
27 79
62 79
19 26
26 65
0 26
26 42
7 26
7 74
7 39
7 33
19 32
32 39
32 38
32 41
8 32
39 62
25 39
3 39
5 39
6 19
6 38
6 41
6 36
41 65
22 41
17 41
5 65
65 74
17 65
33 65
25 65
62 65
22 74
27 74
60 74
17 60
3 60
33 60
5 10
10 17
5 38
5 8
5 75
5 25
8 37
8 64
8 50
2 8
8 11
8 36
11 38
11 17
11 33
11 62
3 11
0 48
2 48
48 67
34 67
42 67
19 67
36 67
27 67
9 67
25 67
0 67
19 22
19 42
19 75
22 36
0 22
22 27
33 51
25 51
9 51
51 75
34 42
2 34
25 42
36 70
2 70
15 36
36 63
27 36
9 36
52 62
2 17
2 38
2 63
2 3
0 2
62 63
63 75
0 15
15 33
15 75
18 75
9 75
18 25
18 27
9 18
9 38
9 62
0 9
9 25
17 64
17 50
38 83
33 83
33 62
0 33
25 33
62 88
38 88
0 88
38 62
38 85
38 57
38 50
3 38
0 38
50 57
3 50
27 50
25 50
25 57
3 53
27 53
27 57
0 27
3 27
3 40
3 57
0 57
