90 801
14 86
15 86
6 15
7 14
7 15
27 86
6 27
7 27
14 29
15 29
74 86
6 74
7 74
29 74
14 61
15 61
11 86
6 11
7 11
11 29
11 61
14 77
15 77
27 77
74 77
23 86
6 23
7 23
23 29
23 61
23 77
14 79
15 79
6 82
61 82
79 82
14 83
15 83
51 86
6 51
7 51
51 61
51 76
51 83
7 54
54 61
54 79
14 55
15 55
6 62
61 62
62 76
55 62
14 62
15 62
75 77
75 83
62 75
54 75
52 62
14 47
27 47
47 52
6 21
21 61
21 76
21 83
21 62
21 47
21 52
6 10
7 10
10 29
10 61
10 79
10 76
10 54
10 47
86 89
6 89
7 89
29 89
61 89
77 89
79 89
76 89
62 89
47 89
6 35
7 35
35 61
35 77
35 76
14 84
15 84
35 84
43 76
43 84
43 62
43 47
43 89
27 81
6 88
7 88
29 88
61 88
76 88
83 88
54 88
47 88
88 89
81 88
6 9
9 61
9 79
9 76
9 62
9 47
9 52
9 81
4 14
4 11
59 79
59 76
54 59
4 59
52 59
59 65
10 59
12 52
12 81
12 41
6 58
7 58
29 58
58 61
58 76
58 83
55 58
54 58
4 58
58 65
9 58
14 58
58 75
12 58
55 67
54 67
67 89
67 81
9 67
58 67
54 64
4 64
64 89
64 81
9 64
41 64
27 64
6 69
61 69
69 76
69 84
62 69
47 69
52 69
69 81
41 69
58 69
64 69
8 17
2 4
2 65
2 48
2 41
2 75
2 8
26 48
26 58
26 75
19 41
14 19
19 27
19 64
48 72
14 72
72 75
19 72
13 76
13 83
13 54
13 47
13 89
13 65
13 48
13 14
13 75
18 48
18 58
42 74
23 42
20 62
20 47
20 89
9 20
20 48
20 58
20 42
20 35
20 26
37 89
37 65
10 37
37 58
37 75
37 80
26 37
62 68
4 68
52 68
68 89
48 68
58 68
42 68
35 68
13 68
17 68
22 79
22 76
22 62
4 22
22 52
22 81
10 22
12 22
22 64
19 22
22 26
22 68
50 64
50 80
50 74
50 68
48 78
14 78
27 78
8 78
13 78
68 78
50 78
11 78
45 78
48 63
41 63
12 63
19 63
26 63
63 68
27 46
19 46
13 46
37 46
46 53
23 46
46 69
5 10
5 14
5 27
5 19
5 26
5 82
27 85
64 85
51 85
73 75
35 73
26 73
30 73
50 73
11 73
46 73
34 75
34 35
18 28
28 59
28 67
28 34
34 51
34 50
11 34
34 46
10 44
14 44
27 44
8 44
35 44
44 68
7 32
32 61
32 79
32 83
32 62
32 54
32 52
32 65
10 32
12 32
27 32
32 35
13 32
32 51
32 85
12 24
8 24
24 35
24 51
24 32
11 24
71 77
55 71
62 71
4 71
71 89
71 81
10 71
14 71
42 71
71 80
13 71
71 82
32 71
23 71
3 52
3 9
3 48
3 41
3 12
3 64
3 74
3 68
3 32
0 3
31 54
31 47
31 89
9 31
31 48
14 31
12 31
31 35
26 31
31 37
31 50
16 89
9 16
16 41
16 58
16 75
16 35
13 16
16 51
16 30
16 17
16 18
16 72
16 67
2 16
16 31
16 43
36 62
4 36
36 89
36 81
10 36
14 36
36 42
35 36
36 74
36 82
36 53
16 36
3 36
22 36
2 36
30 87
23 87
69 87
34 87
18 87
72 87
41 56
56 58
27 56
19 56
56 74
37 56
50 56
0 56
56 69
56 63
56 87
56 88
20 56
49 86
6 49
7 49
49 61
49 76
49 84
49 62
47 49
49 52
9 49
48 49
14 49
27 49
49 64
13 49
30 49
49 50
0 49
45 49
34 49
70 86
6 70
7 70
61 70
70 76
70 83
54 70
47 70
70 89
70 81
9 70
58 70
12 70
8 70
70 74
70 82
53 70
16 70
45 70
22 70
10 25
14 25
25 42
8 25
25 74
25 37
25 85
25 32
25 71
25 78
2 25
40 74
40 82
40 53
11 40
40 45
34 40
25 40
39 51
39 82
39 85
23 39
39 71
39 44
39 87
39 40
39 67
30 33
11 33
3 33
33 34
2 33
33 88
26 57
57 82
32 57
23 57
57 69
57 63
57 70
43 57
33 57
49 57
60 74
37 60
53 60
60 69
46 60
60 78
60 70
60 87
57 60
15 60
33 60
24 60
21 57
33 39
66 85
23 66
3 66
34 66
2 66
66 88
20 66
59 66
33 66
66 72
39 73
39 49
38 42
38 64
35 38
38 68
38 53
0 38
38 46
22 38
38 78
38 40
20 38
5 38
24 38
15 38
40 72
40 73
36 40
17 25
25 43
25 70
20 25
67 70
59 70
49 70
17 49
49 56
5 49
1 18
1 43
1 67
1 59
1 73
1 56
21 56
36 87
21 36
36 59
36 72
3 31
31 63
18 31
31 43
31 67
15 31
5 31
24 31
3 63
3 20
3 71
3 44
18 71
21 71
15 71
24 71
17 71
24 78
18 24
17 24
15 24
2 32
32 44
32 88
11 32
11 44
34 44
21 44
44 63
17 44
2 44
15 44
34 73
18 73
17 73
72 73
30 85
30 88
15 30
5 85
43 85
45 85
21 85
69 85
72 85
0 5
5 46
5 22
5 78
5 88
5 21
46 72
46 88
53 59
53 63
23 53
20 53
23 63
63 78
18 63
43 63
72 78
17 50
50 67
18 50
22 50
22 23
22 69
20 22
22 59
22 67
68 72
21 68
37 68
15 37
37 69
20 37
2 37
11 37
20 23
20 88
20 72
18 42
27 42
18 80
18 51
18 88
43 80
13 80
45 80
23 80
13 74
13 82
13 72
13 69
13 21
19 88
15 19
19 21
19 26
19 82
19 59
26 35
26 43
15 26
2 26
2 69
2 21
2 15
8 69
0 69
21 69
17 64
64 67
51 64
64 74
11 64
35 67
67 82
45 67
43 67
59 67
58 82
43 58
12 51
12 35
12 21
12 45
12 59
12 27
12 88
59 75
59 82
0 59
45 59
17 59
4 51
4 17
4 74
4 41
9 41
41 48
41 75
41 82
21 41
17 41
23 41
41 74
9 51
9 11
9 88
9 10
9 35
9 15
14 88
51 88
11 88
45 88
43 81
75 81
81 82
23 81
35 81
43 48
27 43
43 51
43 45
15 43
23 84
27 84
35 62
35 54
35 89
35 75
27 89
14 89
10 89
82 89
10 65
10 51
10 11
10 23
10 27
10 74
10 14
21 65
15 65
65 74
14 65
17 65
21 27
17 21
15 47
23 47
47 82
14 52
52 74
11 52
52 75
15 52
51 52
17 52
23 52
75 82
51 75
15 75
45 75
11 62
54 62
27 62
54 55
17 55
14 54
15 54
54 82
23 54
17 54
54 74
51 54
51 74
45 51
11 51
82 83
11 83
45 82
23 82
76 79
74 79
27 79
23 79
23 74
11 77
11 76
11 14
11 27
11 15
61 74
27 61
61 76
74 76
17 74
27 29
15 76
14 15
6 14
14 76
6 76
17 76
17 48
45 48
0 45
