90 1201
32 88
6 32
6 44
37 88
37 56
6 37
32 86
44 86
37 86
78 88
6 78
56 78
78 86
32 74
44 74
37 74
74 78
6 35
35 88
35 86
35 56
35 74
32 33
33 44
33 37
33 78
33 35
32 45
44 45
37 45
45 78
35 45
45 88
45 56
6 45
45 86
45 74
3 32
3 44
3 37
3 78
3 35
3 45
56 76
76 86
6 76
76 88
74 76
33 76
3 76
32 67
44 67
37 67
67 78
35 67
45 67
67 76
42 44
42 45
42 88
42 56
42 86
6 42
42 74
33 42
3 42
32 54
44 54
37 54
54 78
35 54
45 54
54 76
42 54
44 68
45 68
56 68
68 86
6 68
68 88
68 74
33 68
3 68
20 68
20 88
19 56
6 19
19 86
19 74
3 19
19 33
19 20
12 44
12 45
12 42
12 68
12 19
6 12
12 86
12 56
32 57
44 57
45 57
57 76
42 57
57 88
10 44
10 45
10 76
10 68
10 88
10 86
10 56
6 10
10 74
3 10
10 33
52 68
52 88
10 52
26 86
6 26
26 56
26 74
26 54
32 48
44 48
37 48
48 78
45 48
48 76
42 48
48 88
10 48
26 48
12 48
25 88
25 26
0 25
25 73
35 46
45 46
42 46
46 68
19 46
13 56
6 13
13 86
13 74
7 68
7 88
7 10
7 13
7 12
14 32
14 44
14 37
14 78
14 45
14 76
14 42
14 68
14 19
13 14
12 14
14 86
6 14
14 56
44 49
37 49
35 49
45 49
42 49
49 88
10 49
13 49
14 49
32 50
44 50
35 50
50 76
42 50
50 68
10 50
26 50
0 50
50 53
46 50
80 88
26 80
12 80
73 80
46 80
32 39
39 44
37 39
39 78
39 45
39 76
39 42
39 68
39 88
26 39
14 39
56 58
58 86
6 58
5 37
5 45
5 76
5 68
5 10
5 26
5 14
5 58
5 54
5 39
32 47
44 47
37 47
47 78
35 47
45 47
47 76
47 88
19 47
26 47
12 47
47 53
47 54
47 80
47 86
23 76
23 68
10 23
6 34
34 56
34 86
34 74
3 34
33 34
27 44
27 76
27 42
27 88
19 27
27 34
0 27
14 27
27 46
3 27
27 86
47 72
31 42
31 68
31 88
26 31
0 31
31 73
31 54
31 80
31 47
31 72
1 32
1 44
1 37
1 78
1 35
1 45
1 76
1 42
1 68
1 88
1 10
1 26
0 1
1 53
1 3
1 80
1 47
12 24
24 73
24 54
3 24
16 76
16 88
10 16
13 16
12 16
14 16
16 46
16 39
3 75
16 75
75 86
72 75
0 4
4 14
4 54
3 4
4 47
1 4
28 45
28 76
28 42
28 68
28 88
26 28
14 28
28 53
3 28
28 80
28 47
12 62
62 73
54 62
39 62
62 86
14 85
58 85
54 85
80 85
85 86
62 85
8 12
8 58
8 46
8 80
8 47
8 62
8 41
3 77
39 77
77 86
62 77
28 77
32 87
44 87
45 87
76 87
42 87
68 87
10 87
26 87
0 87
73 87
46 87
3 87
86 87
72 87
28 87
77 87
25 87
50 87
33 87
47 82
72 82
28 82
18 32
18 44
18 37
18 78
18 35
18 45
18 76
18 42
18 68
18 88
18 19
12 18
14 18
18 58
18 46
18 80
16 18
18 62
18 28
4 18
18 57
5 18
18 67
10 22
12 22
14 22
22 53
22 54
22 80
22 86
22 62
1 22
18 22
15 44
15 37
15 45
15 76
15 42
15 88
10 15
15 34
0 15
15 73
15 46
15 39
15 47
15 72
15 28
79 88
13 79
12 79
14 79
54 79
79 80
47 79
1 79
28 79
21 46
3 21
21 86
21 72
1 21
21 79
15 21
8 81
79 81
16 70
70 72
8 70
4 70
41 70
0 17
17 73
17 54
17 39
17 86
17 72
8 17
17 79
17 70
16 51
47 51
1 51
51 79
51 87
32 89
44 89
37 89
45 89
68 89
88 89
10 89
19 89
0 89
14 89
46 89
3 89
16 89
72 89
28 89
79 89
15 89
51 89
27 89
9 20
2 28
2 79
2 15
2 51
2 27
2 9
2 82
2 56
2 33
11 44
11 37
11 35
11 45
11 42
11 68
11 19
11 26
0 11
11 73
11 46
11 80
11 16
1 11
4 11
11 18
11 87
11 51
11 27
44 71
37 71
45 71
71 76
42 71
71 88
19 71
26 71
12 71
53 71
54 71
39 71
16 71
1 71
4 71
71 79
15 71
31 71
10 61
19 61
14 61
53 61
3 61
61 80
16 61
61 62
4 61
61 77
61 70
51 61
27 61
12 64
53 64
54 64
64 80
16 64
1 64
4 64
64 77
64 87
31 64
61 64
20 64
49 64
56 64
33 64
43 46
16 43
43 47
1 43
8 43
43 79
15 43
31 43
43 61
43 71
43 82
43 50
43 64
6 43
29 76
29 88
19 29
26 29
12 29
29 73
3 29
29 80
29 47
29 72
8 29
29 77
29 87
29 81
27 29
20 29
29 49
29 50
17 29
11 29
29 48
29 43
25 29
7 29
10 40
13 40
14 40
40 53
3 40
40 80
40 86
40 72
28 40
40 79
40 87
40 81
42 69
68 69
69 88
26 69
12 69
53 69
3 69
39 69
69 86
1 69
8 69
69 77
69 87
51 69
27 69
22 69
46 66
3 66
47 66
62 66
1 66
66 77
66 87
66 81
66 69
49 66
44 63
45 63
63 76
63 88
10 63
34 63
0 63
63 73
54 63
39 63
47 63
63 72
8 63
63 79
63 87
31 63
61 63
63 71
8 55
18 55
15 55
31 55
55 61
49 55
6 55
55 82
11 55
41 55
17 55
3 59
39 59
16 59
59 62
28 59
59 79
15 59
59 81
59 69
59 71
55 59
0 30
30 58
30 54
30 80
30 86
30 62
8 30
18 30
30 70
30 31
30 61
30 71
30 63
25 30
5 30
30 59
24 30
30 74
30 48
17 30
4 83
18 83
77 83
81 83
61 83
9 83
63 83
30 83
33 83
6 83
48 83
75 83
10 60
26 60
0 60
53 60
46 60
3 60
60 86
60 62
8 60
60 77
15 60
51 60
27 60
9 60
60 63
50 60
17 60
1 38
38 77
38 70
38 81
27 38
20 38
38 82
38 56
33 38
5 38
21 38
11 38
38 75
38 41
0 65
53 65
46 65
65 80
65 86
62 65
4 65
65 77
65 87
31 65
27 65
65 71
65 82
50 65
33 65
38 65
2 65
29 65
59 65
43 65
25 65
41 65
40 65
7 65
38 66
22 38
38 60
48 60
29 60
60 75
23 60
60 66
24 60
59 60
60 83
83 89
22 83
24 83
5 83
7 83
23 30
30 40
28 84
79 84
70 84
81 84
61 84
49 84
63 84
30 84
64 84
35 36
36 45
36 42
36 88
19 36
26 36
0 36
36 53
36 73
3 36
36 47
36 62
28 36
36 79
15 36
36 81
27 36
36 49
36 55
36 50
17 36
7 36
36 59
23 36
36 84
36 40
36 67
11 36
36 48
36 74
11 84
75 84
67 84
40 84
41 84
24 84
66 84
7 84
17 59
48 59
59 74
57 59
59 89
5 59
59 85
33 55
55 85
55 63
40 55
55 75
63 74
63 66
50 63
21 63
25 63
63 89
63 85
50 66
33 66
2 66
66 74
66 89
57 66
25 66
66 85
69 85
57 69
40 69
21 69
69 74
50 69
17 69
6 69
5 69
20 69
9 40
40 64
29 40
21 40
40 67
5 40
7 40
40 57
29 85
21 43
43 89
22 43
25 43
5 43
43 85
64 85
23 64
17 64
64 74
22 64
64 89
41 61
61 71
56 61
61 82
61 67
25 61
9 71
48 71
67 71
41 71
23 71
22 71
11 71
24 71
11 56
5 11
2 11
11 75
11 22
11 23
11 21
2 67
2 52
2 74
2 24
2 75
2 89
9 17
9 89
9 85
9 52
9 25
9 33
6 9
9 75
82 89
6 89
21 89
23 89
22 89
6 51
24 51
17 51
51 82
51 57
51 75
41 51
20 51
48 51
17 57
17 48
17 25
7 17
6 17
70 81
31 70
52 70
67 70
70 75
23 70
70 85
7 70
48 70
20 70
52 81
7 81
49 81
22 81
81 85
21 81
23 81
20 21
21 56
6 21
21 74
7 21
21 67
21 41
74 79
75 79
15 79
48 79
15 77
6 15
15 57
15 49
15 24
15 74
15 22
22 49
22 56
22 75
22 67
22 41
22 25
18 25
18 27
18 24
18 82
18 20
6 18
18 50
18 52
82 87
49 82
23 82
24 82
56 82
52 82
48 82
5 82
5 87
56 87
27 87
56 77
41 77
7 77
23 77
33 77
31 77
41 56
33 41
41 48
23 41
5 41
7 41
8 57
8 85
8 56
8 74
8 49
8 25
5 8
4 85
6 85
48 85
23 85
57 85
52 85
50 62
5 62
28 62
25 62
33 62
20 62
52 62
1 28
28 48
28 52
28 33
28 67
4 28
4 24
4 50
4 23
4 27
4 7
4 75
4 6
4 49
27 75
50 75
25 75
57 75
67 75
16 50
16 25
16 24
16 67
16 52
16 48
16 57
16 74
16 86
1 24
24 27
24 33
6 24
24 74
24 67
24 57
7 24
1 23
1 74
1 67
1 20
1 31
31 50
5 31
31 67
25 31
31 74
27 31
31 33
31 56
56 72
49 72
7 72
27 72
48 72
6 72
57 72
7 27
27 33
23 34
14 23
23 73
23 54
23 80
23 47
20 23
23 74
23 25
23 52
47 49
5 47
33 47
5 20
5 48
5 74
5 52
33 58
39 58
39 46
3 39
33 39
39 86
39 74
39 52
25 39
39 56
39 57
39 49
39 80
7 39
6 80
50 80
48 80
49 50
50 56
50 52
33 50
6 50
3 53
53 57
53 86
53 56
6 53
46 53
49 53
20 53
53 74
46 49
20 49
49 74
7 49
49 67
49 57
14 52
14 57
14 46
14 20
7 14
7 54
7 86
7 20
7 56
3 13
13 46
3 46
25 46
46 74
46 57
46 67
6 25
25 52
67 73
48 73
52 73
54 73
56 73
48 54
20 48
48 57
20 26
26 52
52 54
20 52
33 52
6 52
52 74
52 67
52 57
10 57
10 54
12 57
20 57
56 57
6 57
12 67
12 74
12 33
3 12
12 54
19 67
20 54
3 20
20 86
20 56
67 68
54 68
54 88
6 54
33 54
54 86
42 67
67 88
0 67
3 67
56 67
33 67
3 88
33 45
33 88
0 33
74 88
0 74
86 88
0 86
56 86
6 86
6 88
0 6
44 88
44 56
56 88
32 56
0 56
