90 2002
13 34
13 74
33 34
33 74
13 89
33 89
34 82
74 82
82 89
34 38
38 74
38 89
13 38
33 38
38 82
34 40
40 74
40 89
38 40
13 19
19 33
19 82
19 40
34 61
61 74
61 89
38 61
19 61
34 83
74 83
83 89
38 83
19 83
13 83
33 83
82 83
40 83
34 49
49 74
49 89
38 49
19 49
49 83
38 63
63 83
13 63
33 63
63 82
40 63
34 44
44 74
44 89
38 44
19 44
44 83
44 63
26 34
26 74
26 89
26 38
19 26
26 83
26 63
13 26
26 33
26 82
26 40
26 61
26 44
26 49
4 34
4 74
4 89
4 38
4 19
4 83
4 63
4 26
13 51
33 51
51 82
40 51
44 51
49 51
51 61
15 34
15 74
15 89
15 38
15 19
15 83
15 63
15 26
15 51
17 34
17 74
17 89
17 38
17 19
17 83
17 26
17 51
13 17
17 33
17 82
17 40
17 61
17 44
17 49
15 17
4 17
34 56
56 74
56 89
38 56
19 56
56 83
56 63
26 56
51 56
17 56
17 47
13 47
33 47
47 82
40 47
44 47
47 61
47 49
15 47
47 56
4 47
34 72
72 74
72 89
38 72
19 72
72 83
63 72
26 72
51 72
17 72
47 72
13 79
33 79
79 82
40 79
61 79
49 79
44 79
4 79
56 79
15 79
6 34
6 74
6 89
6 38
6 19
6 83
6 63
6 26
6 51
6 17
6 47
6 79
13 18
18 33
18 82
18 40
18 44
18 61
18 49
18 56
15 18
4 18
6 18
18 72
0 18
21 34
21 74
21 89
21 38
19 21
21 83
21 63
21 26
21 51
17 21
21 47
21 79
18 21
13 41
33 41
41 82
40 41
41 44
41 61
41 49
15 41
41 56
4 41
41 72
6 41
21 41
34 50
50 74
50 89
38 50
19 50
50 83
50 63
26 50
50 51
17 50
47 50
50 79
18 50
41 50
38 69
17 69
47 69
41 69
13 84
33 84
82 84
40 84
44 84
61 84
49 84
4 84
56 84
15 84
72 84
6 84
2 34
2 74
2 89
2 38
2 83
2 63
2 26
2 51
2 47
2 79
2 84
2 69
2 4
34 62
62 74
38 62
62 83
26 62
51 62
17 62
18 62
62 69
13 77
33 77
77 82
40 77
44 77
61 77
49 77
56 77
4 77
15 77
72 77
6 77
24 34
24 74
24 38
19 24
24 83
24 63
24 26
17 24
24 79
24 41
24 69
24 77
7 34
7 74
7 38
7 63
7 26
7 51
7 47
7 79
7 84
7 77
7 56
7 13
7 33
7 82
7 40
7 49
7 44
7 61
7 15
4 7
34 66
66 74
66 89
38 66
19 66
66 83
63 66
26 66
51 66
17 66
47 66
18 66
66 69
56 66
7 66
62 66
34 39
39 74
39 89
38 39
19 39
39 83
39 63
26 39
39 51
17 39
39 47
39 79
18 39
39 41
39 84
39 56
7 39
39 62
13 39
33 39
39 82
39 40
39 44
39 49
39 61
38 42
42 83
42 63
17 42
42 47
18 42
42 84
42 56
4 42
17 22
22 79
22 69
22 77
4 22
13 22
22 33
22 82
22 40
22 49
22 61
22 44
11 38
11 51
11 47
11 18
11 84
11 56
7 11
11 22
34 46
46 74
46 89
38 46
19 46
46 83
46 63
26 46
46 51
17 46
46 47
41 46
46 84
46 56
7 46
4 46
22 46
13 46
33 46
46 82
40 46
44 46
46 61
46 49
38 76
17 76
47 76
18 76
76 84
56 76
4 76
22 76
46 76
12 34
12 74
12 38
12 19
12 83
12 63
12 26
12 51
12 79
12 18
12 69
12 56
7 12
12 62
12 22
12 46
12 13
12 33
12 82
12 40
12 44
12 49
12 61
0 12
47 81
79 81
41 81
56 81
7 81
62 81
39 81
12 81
34 36
36 74
36 89
36 38
19 36
36 83
36 63
26 36
36 51
17 36
36 79
18 36
36 69
36 77
4 36
22 36
36 39
13 80
33 80
80 82
40 80
17 25
18 25
25 84
25 56
7 25
22 25
25 39
25 80
38 59
59 63
26 59
17 59
47 59
18 59
59 84
56 59
4 59
22 59
39 59
46 59
13 59
33 59
59 82
40 59
15 59
4 71
62 71
39 71
12 71
59 71
36 71
25 71
36 48
25 48
48 66
15 48
13 48
33 48
48 82
22 53
53 80
53 59
38 60
51 60
47 60
41 60
60 69
60 77
7 60
22 60
46 60
12 60
60 80
13 60
33 60
60 82
40 60
34 87
74 87
38 87
19 87
83 87
63 87
26 87
51 87
17 87
18 87
41 87
56 87
4 87
22 87
46 87
12 87
36 87
60 87
25 87
15 87
9 80
9 60
9 24
9 48
9 13
9 33
9 82
9 42
34 68
68 74
68 89
38 68
19 68
68 83
63 68
26 68
51 68
17 68
47 68
68 79
68 84
56 68
7 68
4 68
39 68
68 80
36 68
25 68
24 68
15 68
9 68
46 64
12 64
59 64
25 64
24 64
64 66
40 64
13 64
33 64
64 82
40 73
64 73
49 73
8 36
8 60
8 24
8 15
8 40
8 9
8 76
8 13
8 33
38 55
26 55
17 55
41 55
55 69
55 77
7 55
22 55
46 55
12 55
36 55
55 60
24 55
15 55
40 55
13 52
33 52
52 82
44 52
52 53
4 88
62 88
39 88
46 88
59 88
25 88
24 88
48 88
40 88
52 88
49 88
8 88
61 88
28 38
28 51
28 47
28 79
28 84
28 77
28 56
22 28
28 46
12 28
28 36
28 60
24 28
28 66
28 48
28 52
28 76
8 28
28 61
30 38
30 83
30 63
30 51
30 79
18 30
30 69
30 56
7 30
4 30
30 39
30 46
30 80
25 30
24 30
30 48
30 40
9 30
30 76
8 30
0 30
13 30
30 33
57 84
57 77
56 57
57 62
39 57
46 57
57 59
36 57
57 66
15 57
9 57
52 57
49 57
38 70
51 70
70 79
41 70
69 70
56 70
7 70
4 70
39 70
70 80
36 70
25 70
24 70
66 70
40 70
9 70
70 76
13 70
33 70
70 82
43 46
12 43
43 59
36 43
24 43
43 48
40 43
43 64
43 76
43 70
43 61
30 43
43 50
13 43
22 32
32 46
32 59
25 32
32 66
32 48
32 40
32 64
32 76
32 70
0 32
30 32
27 34
27 74
27 89
27 38
19 27
27 83
27 63
26 27
27 79
18 27
27 69
27 56
4 27
27 62
22 27
27 80
27 59
27 60
24 27
15 27
27 40
27 52
27 64
27 70
8 27
27 30
13 27
27 33
27 82
74 85
38 85
19 85
83 85
63 85
26 85
17 85
18 85
84 85
69 85
7 85
62 85
46 85
80 85
59 85
36 85
25 85
66 85
48 85
9 85
49 85
8 85
0 85
28 85
27 85
13 85
32 85
43 85
34 58
58 74
38 58
58 63
26 58
51 58
58 79
41 58
58 69
56 58
7 58
58 62
39 58
12 58
58 80
58 60
58 66
15 58
40 58
52 58
49 58
8 58
58 61
30 58
27 58
13 58
1 74
1 38
1 83
1 63
1 26
1 51
1 79
1 41
1 69
1 56
1 4
1 62
1 39
1 46
1 80
1 60
1 24
1 15
1 48
1 52
1 49
1 70
1 61
1 28
1 50
1 13
1 32
1 33
20 50
13 20
1 20
20 87
20 58
45 74
38 45
19 45
45 83
45 63
26 45
17 45
18 45
45 69
45 77
7 45
4 45
39 45
45 80
45 59
36 45
45 66
45 48
9 45
45 64
45 49
45 70
45 61
30 45
27 45
45 50
43 45
11 45
34 78
74 78
38 78
19 78
78 83
63 78
26 78
51 78
47 78
18 78
69 78
56 78
7 78
62 78
39 78
78 80
36 78
60 78
24 78
48 78
40 78
64 78
76 78
49 78
61 78
30 78
27 78
50 78
1 78
43 78
33 78
21 78
45 78
2 78
57 78
44 78
38 54
54 83
54 63
26 54
17 54
41 54
54 84
54 77
7 54
54 62
22 54
54 80
36 54
25 54
54 66
15 54
48 54
54 64
49 54
54 70
0 54
28 54
27 54
13 54
1 54
43 54
54 78
45 54
10 34
10 74
10 38
10 19
10 83
10 63
10 26
10 17
10 79
10 18
10 69
10 77
7 10
4 10
10 22
10 12
10 59
10 60
10 25
10 15
10 40
10 52
10 49
8 10
0 10
10 28
10 27
10 13
1 10
10 87
10 58
10 45
63 75
17 75
75 79
18 75
69 75
75 77
7 75
22 75
39 75
12 75
59 75
60 75
24 75
15 75
9 75
64 75
75 76
70 75
0 75
30 75
50 75
13 75
32 75
43 75
11 75
10 75
75 81
75 88
74 86
38 86
19 86
83 86
26 86
51 86
47 86
41 86
69 86
56 86
4 86
62 86
46 86
80 86
59 86
60 86
24 86
15 86
9 86
64 86
76 86
70 86
0 86
28 86
27 86
13 86
1 86
86 87
58 86
45 86
10 86
86 88
57 86
68 86
29 38
29 83
29 63
17 29
29 47
29 41
29 84
29 77
29 56
22 29
29 46
12 29
29 59
25 29
29 66
15 29
9 29
29 52
29 76
8 29
29 61
0 29
29 50
13 29
29 43
29 87
29 58
29 78
29 81
29 88
29 86
14 26
14 51
14 17
14 41
14 84
14 56
7 14
14 62
14 39
14 46
14 80
14 25
14 24
14 48
14 40
14 52
14 49
8 14
0 14
14 30
14 27
14 32
14 43
14 87
14 58
14 45
14 81
14 88
14 57
14 20
14 55
14 53
14 75
14 29
37 38
37 51
37 47
18 37
37 69
37 77
7 37
4 37
37 46
37 80
36 37
37 60
24 37
15 37
37 40
37 52
37 76
37 49
37 61
30 37
37 50
32 37
37 43
37 87
37 58
37 78
37 81
37 88
37 72
14 37
5 34
5 74
5 38
5 19
5 83
5 63
5 26
5 51
5 47
5 18
5 69
5 77
4 5
5 62
5 22
5 46
5 36
5 25
5 66
5 48
5 40
5 64
5 76
5 70
5 61
5 28
5 27
5 13
5 32
5 43
5 11
5 45
23 34
23 74
23 38
19 23
23 83
23 63
23 26
23 51
23 79
18 23
23 84
23 77
4 23
22 23
23 39
12 23
23 80
23 36
23 66
23 48
9 23
23 52
23 49
8 23
23 61
0 23
23 27
13 23
1 23
23 43
23 58
23 78
23 42
47 65
41 65
65 84
65 77
7 65
62 65
22 65
46 65
36 65
25 65
24 65
65 66
40 65
64 65
49 65
65 70
61 65
28 65
27 65
13 65
43 65
11 65
58 65
45 65
23 65
65 88
65 72
65 86
5 65
33 65
54 65
42 65
65 68
6 65
65 73
55 65
31 34
31 38
19 31
31 83
26 31
17 31
31 47
18 31
31 84
31 56
7 31
31 62
31 39
31 80
31 59
31 36
24 31
31 48
9 31
31 64
31 49
31 70
0 31
30 31
31 50
13 31
31 32
31 87
31 58
31 45
31 81
31 88
31 72
31 86
5 31
31 53
31 65
31 73
31 55
29 31
31 85
31 42
31 54
31 68
2 31
31 82
16 63
16 51
16 47
16 79
16 84
16 56
7 16
16 62
16 22
12 16
16 59
16 60
16 25
15 16
9 16
16 52
16 76
8 16
0 16
16 30
16 28
13 16
16 32
11 16
16 58
16 78
16 81
16 23
16 72
14 16
5 16
16 33
16 65
16 20
16 68
16 82
16 54
16 29
6 16
16 44
16 71
34 67
38 67
19 67
67 83
26 67
17 67
47 67
67 79
67 84
67 77
4 67
22 67
46 67
12 67
59 67
60 67
24 67
15 67
40 67
52 67
67 76
67 70
8 67
28 67
50 67
32 67
1 67
67 87
11 67
45 67
23 67
67 72
57 67
67 86
5 67
53 67
37 67
67 73
16 67
29 67
3 79
3 41
3 84
3 77
3 4
3 62
3 22
3 12
3 80
3 60
3 25
3 48
3 9
3 64
3 76
3 70
0 3
3 28
3 27
3 13
1 3
3 43
3 11
3 78
3 10
3 23
3 57
3 14
35 47
18 35
35 69
35 77
4 35
22 35
35 39
12 35
35 59
25 35
24 35
15 35
9 35
35 64
35 76
35 70
35 61
0 35
35 50
13 35
1 35
35 43
11 35
35 45
35 81
23 35
35 72
35 86
35 44
5 35
35 71
20 35
35 54
21 35
35 68
6 35
35 85
33 35
2 35
3 35
3 33
3 37
3 73
3 20
3 29
3 44
2 3
3 42
3 85
3 67
3 71
54 67
2 67
67 68
6 67
67 71
21 65
65 85
5 23
23 57
23 53
23 71
23 68
6 23
21 23
23 73
2 23
23 33
5 72
5 57
5 37
5 73
5 55
5 82
5 44
5 53
5 42
5 29
33 37
37 82
37 75
29 37
37 44
2 37
20 37
37 71
37 85
14 68
2 14
14 82
14 85
14 21
29 53
20 29
29 75
29 68
21 29
6 29
75 86
6 86
73 86
33 86
54 86
42 86
71 86
33 75
53 75
73 75
55 75
75 85
42 75
68 75
21 75
6 75
75 82
10 85
10 33
10 55
10 73
10 82
2 10
10 54
10 68
10 71
10 21
10 20
6 10
10 53
54 88
54 72
33 54
54 73
54 55
54 71
21 54
54 68
44 54
71 78
42 78
68 78
72 78
6 78
53 78
33 45
45 88
44 45
21 45
2 45
45 81
20 45
45 57
20 88
20 72
20 53
20 21
6 20
20 82
2 20
20 55
20 42
1 88
1 58
1 11
1 68
1 57
1 87
1 55
1 82
1 42
43 58
33 58
58 88
58 68
58 82
55 58
58 85
6 58
58 73
81 85
85 88
57 85
33 85
55 85
21 85
44 85
6 85
82 85
27 44
27 57
27 73
27 72
2 27
27 88
27 32
13 32
32 33
32 68
32 82
32 44
32 53
2 32
21 32
32 43
32 72
6 32
32 81
33 43
43 73
43 71
43 55
43 68
50 70
6 70
70 72
57 70
70 87
11 70
61 70
70 71
57 61
30 57
13 57
11 57
57 81
57 72
44 57
55 57
53 57
33 57
57 73
57 82
2 57
30 71
30 81
30 53
11 30
28 30
30 55
30 82
30 44
30 73
13 28
28 33
28 72
28 87
28 42
28 68
6 28
28 88
2 28
21 28
28 50
28 53
13 88
11 88
81 88
72 88
42 88
44 88
82 88
55 88
2 52
52 55
6 52
52 72
50 52
52 76
0 52
52 81
49 55
8 55
55 61
50 55
13 55
55 81
33 55
21 55
2 55
55 82
55 71
8 81
8 68
8 82
8 42
8 21
8 44
8 73
0 8
8 53
2 8
61 73
13 73
11 73
73 81
53 73
71 73
42 73
68 73
44 73
61 64
42 64
64 68
11 64
21 64
64 87
64 71
0 64
64 72
64 81
49 68
61 68
50 68
53 68
42 68
68 71
9 71
9 21
9 44
9 87
9 76
9 53
6 9
9 50
9 49
49 87
0 87
50 87
13 87
33 87
81 87
6 87
21 87
11 87
2 87
44 87
71 87
42 87
53 87
72 87
42 60
15 60
11 60
60 81
25 60
60 61
53 60
50 60
60 72
49 60
21 60
53 66
48 53
53 76
0 53
13 53
11 53
53 82
2 53
44 53
6 53
2 48
40 48
48 49
48 72
48 71
6 48
48 76
48 61
71 76
0 71
50 71
13 71
11 71
71 72
33 71
21 71
71 82
11 59
6 59
59 66
21 59
0 59
59 61
44 59
36 59
25 59
13 25
25 33
25 82
25 40
0 25
6 25
25 66
24 25
25 76
25 61
25 49
6 80
36 80
66 80
44 80
61 80
49 80
2 80
72 80
13 36
33 36
36 82
36 40
36 42
36 76
36 81
36 50
36 49
24 36
36 44
2 36
66 81
15 81
40 81
0 81
50 81
13 81
11 81
33 81
44 81
81 82
72 81
2 12
11 12
12 21
12 50
12 72
12 15
12 76
24 76
13 76
33 76
76 82
49 76
21 76
61 76
11 76
44 76
11 46
46 72
24 46
42 46
11 24
11 66
11 40
11 61
11 50
11 13
11 33
11 82
11 42
11 72
15 22
22 42
22 50
39 42
42 66
15 42
42 49
42 61
42 50
13 42
42 72
33 42
6 42
2 42
42 44
0 39
2 39
15 39
24 39
21 39
6 39
39 66
24 66
13 66
33 66
66 82
40 66
66 72
21 66
50 66
0 66
44 66
2 66
15 66
0 7
7 24
24 62
13 24
24 33
24 82
24 40
6 24
15 24
62 77
50 77
4 62
13 62
33 62
62 82
40 62
49 62
44 62
61 62
15 62
50 62
2 62
21 62
62 72
0 62
6 62
2 40
2 49
0 2
2 13
2 21
2 82
2 6
69 84
21 84
13 69
33 69
69 82
40 69
61 69
44 69
49 69
56 69
4 69
15 69
6 69
69 72
50 69
0 69
4 50
15 50
49 50
50 61
13 50
33 50
21 50
6 50
0 41
21 56
4 21
15 21
0 21
13 21
21 72
21 33
21 44
6 56
4 6
6 49
6 61
6 13
6 72
6 44
72 79
0 79
56 72
4 72
40 72
0 72
13 72
0 47
13 56
33 56
56 82
40 56
56 61
49 56
44 56
15 56
4 56
0 56
0 17
4 15
13 15
15 33
15 82
15 40
15 44
0 15
4 51
0 51
4 13
4 33
4 82
4 40
4 44
4 49
4 61
0 26
44 61
13 44
44 82
61 63
49 63
0 63
40 49
13 49
33 49
49 82
61 83
0 83
40 61
13 61
33 61
0 19
13 40
33 40
40 82
0 40
0 38
0 82
0 89
0 33
13 33
0 74
0 13
0 34
