90 400
56 68
56 60
44 68
44 60
56 81
44 81
45 68
45 60
23 45
23 75
68 88
60 88
18 75
18 88
37 75
37 68
37 60
18 37
22 45
22 75
22 88
22 37
68 86
60 86
10 86
42 68
57 75
57 88
42 57
22 57
11 75
11 37
50 68
50 60
50 74
18 74
50 55
55 59
15 50
15 42
15 67
36 75
36 37
36 42
18 36
11 36
82 86
22 82
36 82
31 86
31 42
11 31
2 31
13 75
13 37
13 86
13 22
13 67
11 71
23 71
61 86
18 61
50 51
22 51
7 51
2 51
13 51
53 59
53 89
34 75
34 37
47 68
47 60
34 47
47 70
18 70
11 70
70 71
38 82
4 38
2 32
1 32
42 79
22 79
7 79
79 89
68 79
57 79
32 79
58 75
12 68
12 60
12 58
12 18
50 58
18 58
11 58
58 71
55 58
56 83
44 83
45 83
75 83
83 88
37 83
50 83
59 83
11 83
83 89
68 83
69 83
38 84
23 84
54 68
1 54
54 84
11 40
36 40
38 40
40 57
48 64
57 64
43 64
55 85
69 85
84 85
60 85
64 85
51 85
29 55
6 29
29 84
29 85
25 67
3 25
21 42
21 22
21 59
3 21
17 55
15 17
17 61
17 21
10 17
63 75
37 63
63 86
18 63
11 63
3 63
17 63
23 63
8 63
5 11
5 36
2 5
5 69
58 72
5 72
2 39
39 69
39 72
68 80
73 80
57 73
39 80
58 80
5 80
51 80
76 80
43 49
49 63
49 78
7 28
28 36
13 28
1 28
31 62
62 82
28 62
50 87
18 87
67 87
71 87
68 87
23 87
62 87
58 87
13 24
23 24
24 30
21 24
24 35
35 60
31 35
15 35
35 70
35 51
24 61
24 51
15 24
30 87
2 65
6 65
60 65
65 85
65 82
0 65
34 65
30 65
30 82
4 30
30 81
15 87
70 87
61 87
28 78
46 55
23 46
39 46
46 63
46 79
46 61
28 46
20 32
20 63
20 80
20 46
20 81
20 53
28 49
28 74
0 28
49 82
49 76
25 76
29 77
77 82
27 31
15 27
27 54
27 77
76 77
4 39
39 81
16 39
16 40
16 29
16 61
41 43
40 41
41 79
5 41
16 41
0 41
14 16
14 81
43 72
5 63
5 74
5 10
25 63
9 60
9 74
9 21
9 81
32 33
21 33
33 78
33 64
33 83
33 53
10 21
21 83
21 31
21 82
3 68
25 55
1 25
25 84
25 29
25 51
4 25
29 70
34 64
61 64
64 83
43 48
43 69
40 43
43 74
40 53
4 40
40 54
34 52
10 52
52 53
52 54
51 54
26 74
26 54
53 84
83 84
78 83
70 83
58 69
58 81
58 79
0 58
15 79
31 79
10 32
32 60
32 34
1 82
1 4
4 34
4 15
38 70
34 38
23 66
15 66
66 70
34 66
8 70
10 70
22 34
34 36
34 89
34 60
53 68
6 53
0 53
6 51
7 60
7 10
7 61
61 71
57 61
10 61
55 71
13 71
57 71
10 71
13 55
13 57
13 78
13 31
13 60
23 31
31 81
2 74
2 82
15 36
36 81
36 60
36 78
23 67
67 78
67 81
55 67
23 55
59 74
59 68
68 74
60 74
74 78
11 50
11 22
11 57
57 78
10 57
42 60
18 42
10 42
23 86
78 86
22 86
81 86
22 68
22 23
22 81
37 78
37 81
23 37
19 68
18 19
18 68
18 60
18 78
23 88
81 88
45 81
75 81
68 81
60 75
68 75
75 78
8 78
0 8
