90 1201
10 30
10 40
10 52
5 30
5 40
5 52
5 55
10 55
30 35
35 40
35 52
35 55
10 70
5 70
35 70
27 30
27 40
27 52
27 55
27 70
5 46
10 46
27 46
35 46
20 30
20 40
20 52
20 55
20 70
20 46
20 35
5 77
10 77
27 77
30 88
40 88
52 88
55 88
70 88
46 88
35 88
77 88
4 5
4 10
4 27
30 81
40 81
52 81
55 81
70 81
46 81
35 81
77 81
4 81
37 40
35 37
4 37
5 37
10 37
27 37
20 37
37 81
37 88
30 59
40 59
52 59
55 59
59 70
46 59
35 59
59 77
4 59
37 59
5 62
10 62
27 62
59 62
20 62
62 81
62 88
30 41
40 41
41 52
41 55
41 70
41 46
35 41
41 77
4 41
37 41
41 62
5 84
10 84
27 84
81 84
84 88
20 84
59 84
30 61
40 61
52 61
55 61
61 70
46 61
35 61
61 77
4 61
37 61
61 62
61 84
5 45
10 45
27 45
45 59
45 81
20 45
45 88
12 30
12 40
12 52
12 55
12 70
12 46
12 35
12 77
4 12
12 37
12 62
12 84
12 45
5 64
10 64
27 64
20 64
64 88
59 64
64 81
30 50
40 50
50 52
50 55
46 50
35 50
50 77
50 64
13 50
41 50
5 21
10 21
21 50
14 40
14 52
14 70
14 35
14 77
14 62
13 14
10 65
5 65
27 65
32 37
32 45
32 65
32 81
21 32
5 38
10 38
32 38
31 70
31 35
31 37
31 84
31 64
31 65
31 41
31 38
6 46
6 35
4 6
6 45
6 13
6 81
6 21
30 79
40 79
52 79
55 79
70 79
35 79
62 79
45 79
5 76
10 76
27 76
76 88
59 76
20 76
76 81
73 76
65 73
8 77
8 64
8 13
8 65
5 8
8 10
2 30
2 40
2 52
2 55
2 46
2 35
2 37
2 84
2 65
2 41
2 8
5 29
10 29
30 71
40 71
52 71
55 71
46 71
35 71
4 71
45 71
71 76
65 71
8 71
29 71
26 30
26 40
26 55
26 35
26 37
26 84
13 26
26 65
26 41
26 79
21 63
16 30
16 40
16 52
16 55
16 70
16 35
16 37
16 84
13 16
16 81
8 16
10 16
5 16
64 87
81 87
21 87
16 87
38 87
0 87
8 28
28 29
6 28
12 28
0 28
13 57
57 81
8 57
29 57
6 57
12 57
28 57
38 44
0 44
20 44
30 53
40 53
52 53
53 55
53 70
46 53
35 53
53 77
4 53
37 53
53 62
45 53
13 53
53 65
21 53
16 53
6 53
41 51
51 79
6 51
7 51
28 51
51 53
17 28
30 66
40 66
46 66
35 66
37 66
62 66
65 66
66 81
8 66
66 79
26 66
12 66
8 15
15 79
15 38
12 15
15 20
15 61
36 77
36 45
36 64
36 81
36 41
36 79
26 36
7 36
15 36
36 44
17 36
19 40
19 55
19 35
19 77
4 19
19 84
19 76
19 41
19 21
19 79
19 38
12 19
19 28
19 53
19 87
14 19
19 71
19 32
23 40
23 52
23 70
23 35
23 77
23 84
13 23
23 41
8 23
23 79
23 38
12 23
0 23
23 66
17 23
19 23
20 74
53 74
74 87
1 40
1 35
1 77
1 84
1 13
1 81
1 21
1 79
1 6
1 12
1 20
1 53
1 87
68 70
35 68
62 68
64 68
13 68
41 68
21 68
16 68
6 68
7 68
0 68
53 68
1 68
30 39
39 40
39 52
39 55
39 46
39 77
4 39
39 84
39 76
39 81
8 39
39 79
26 39
0 39
20 39
39 66
17 39
14 39
39 51
17 83
39 83
21 60
16 60
38 60
12 60
15 60
60 66
50 60
1 60
19 60
33 64
33 65
33 41
16 33
26 33
12 33
0 33
33 66
33 87
14 33
33 60
18 30
18 40
18 55
18 35
18 62
18 84
13 18
18 41
18 21
16 18
6 18
7 18
18 20
18 66
17 18
1 18
18 33
24 40
24 35
24 37
24 62
13 24
24 81
24 41
24 29
24 38
7 24
24 28
24 66
24 50
1 24
24 74
30 34
34 40
34 52
34 55
34 35
34 77
34 37
34 45
13 34
34 41
8 34
34 79
26 34
12 34
20 34
34 44
34 50
34 39
33 34
40 75
35 75
37 75
62 75
75 76
65 75
8 75
16 75
6 75
7 75
20 75
53 75
75 87
1 75
74 75
30 89
40 89
52 89
55 89
70 89
46 89
35 89
77 89
37 89
45 89
10 86
5 86
27 86
81 86
20 86
86 88
59 86
41 86
67 86
65 67
21 67
16 67
6 67
7 67
28 67
66 67
50 67
14 67
60 67
67 75
36 67
67 71
10 67
67 68
18 67
30 42
40 42
42 52
42 55
42 70
42 46
35 42
42 77
4 42
37 42
42 62
42 64
42 86
42 81
21 42
16 42
6 42
12 42
20 42
42 53
42 87
1 42
42 60
24 42
36 42
42 59
33 80
24 80
51 80
59 80
32 80
26 78
12 78
15 78
44 78
17 78
14 78
33 78
34 78
37 48
45 48
48 64
48 65
8 48
48 79
38 48
0 48
28 48
44 48
48 87
39 48
48 74
48 51
36 48
31 48
40 49
35 49
49 77
45 49
49 64
49 81
41 49
16 49
38 49
12 49
20 49
44 49
1 49
19 49
33 49
34 49
48 49
49 71
49 80
49 68
1 72
14 72
72 74
72 75
71 72
10 72
72 80
63 72
25 40
25 35
25 77
25 84
25 65
25 41
8 25
25 29
6 25
0 25
20 25
25 53
17 25
14 25
25 60
25 34
25 48
25 61
40 69
55 69
46 69
69 77
37 69
69 84
13 69
69 81
8 69
16 69
26 69
12 69
20 69
44 69
50 69
14 69
60 69
51 69
36 69
59 69
4 43
43 45
43 86
43 81
8 43
16 43
38 43
12 43
15 43
43 44
43 50
1 43
33 43
43 74
36 43
10 43
43 69
43 68
43 72
8 54
29 54
38 54
0 54
28 54
44 54
17 54
14 54
54 74
24 54
48 54
54 61
28 56
44 56
56 87
1 56
19 56
24 56
51 56
56 59
56 69
6 85
0 85
15 85
66 85
17 85
19 85
74 85
75 85
36 85
10 85
56 85
5 85
72 85
42 85
85 88
9 26
0 9
9 28
9 53
9 50
9 39
9 74
9 34
9 36
9 59
9 69
5 9
41 82
29 82
38 82
0 82
20 82
66 82
50 82
1 82
60 82
34 82
51 82
61 82
69 82
68 82
25 82
9 82
40 58
58 77
4 58
58 84
58 86
58 81
8 58
58 79
38 58
6 58
28 58
44 58
50 58
1 58
33 58
34 58
48 58
10 58
56 58
58 63
58 82
58 83
27 58
54 58
58 88
32 58
58 89
23 58
78 82
20 47
47 53
47 50
14 47
47 60
24 47
47 48
10 47
47 80
5 47
25 47
47 82
2 47
32 47
47 78
31 47
47 57
47 89
57 82
73 82
3 30
3 40
3 52
3 55
3 46
3 35
3 37
3 62
3 76
3 65
3 21
3 79
3 6
3 7
3 15
3 44
3 87
3 39
3 60
3 75
3 36
3 61
3 10
3 63
3 72
3 82
3 88
3 67
3 57
3 32
3 85
3 49
9 54
9 73
9 83
9 49
9 43
9 85
6 22
7 22
22 28
22 53
22 87
19 22
22 33
22 51
22 48
22 71
10 22
5 22
22 25
22 54
22 73
9 22
22 57
22 27
22 83
22 32
85 89
11 15
11 53
11 87
11 39
11 33
11 75
11 51
11 71
11 69
11 56
11 18
11 54
11 42
11 67
11 85
11 31
11 78
11 27
23 85
56 89
56 68
56 63
56 88
54 56
27 56
54 63
18 54
42 54
43 54
31 54
43 73
43 89
43 49
23 43
43 83
25 69
31 69
69 73
2 69
23 69
25 63
25 72
25 31
25 73
25 78
25 89
27 72
49 72
42 72
57 72
42 49
2 49
49 89
27 49
48 83
48 78
48 71
5 48
71 78
78 80
63 78
2 78
78 89
31 78
78 83
27 80
18 80
80 83
5 80
42 80
5 42
2 42
42 67
27 42
67 88
27 67
67 83
23 67
86 89
61 86
81 89
41 89
16 89
26 89
12 89
28 89
44 89
87 89
39 89
33 89
75 89
36 89
59 89
5 89
73 89
23 75
73 75
10 75
68 75
34 75
36 75
27 75
5 34
2 34
34 59
34 61
31 34
24 34
24 83
24 88
24 32
24 63
18 24
24 71
24 57
18 36
10 18
5 18
18 83
18 32
2 18
18 23
18 88
33 63
33 51
33 36
2 60
5 60
59 60
60 83
27 60
71 83
63 83
31 83
31 39
39 61
39 68
5 39
27 39
2 39
19 68
68 71
61 68
63 68
68 88
31 68
32 68
68 73
1 59
1 2
1 74
10 74
32 74
23 74
57 74
71 74
73 74
23 36
23 61
5 23
23 73
23 57
23 32
19 73
19 36
19 61
19 88
19 31
32 36
15 73
2 15
15 63
15 50
15 32
15 66
10 15
15 53
15 31
27 66
5 66
63 66
17 66
10 66
50 66
66 88
61 66
5 17
17 51
17 57
17 71
17 50
17 27
17 87
51 63
2 51
27 51
51 61
51 57
51 59
7 27
7 53
7 88
7 71
7 59
5 7
7 50
53 73
53 71
53 59
53 87
44 53
44 57
32 44
14 44
2 44
14 57
57 61
10 57
5 57
57 88
31 57
28 71
27 28
28 87
28 31
10 87
14 87
73 87
16 59
16 63
16 20
16 88
0 16
12 16
26 63
0 63
50 63
14 63
61 63
2 63
26 73
2 26
26 71
26 27
26 88
10 26
5 26
20 26
0 26
12 26
71 73
10 71
71 88
29 79
2 29
29 73
0 2
2 61
2 31
2 73
2 88
8 27
8 12
8 73
0 73
59 73
76 79
12 76
13 76
79 81
21 79
5 79
10 79
6 79
14 79
27 79
61 79
50 79
6 38
6 14
6 32
6 50
6 31
12 31
31 50
31 59
38 61
38 59
0 32
32 50
10 32
32 88
27 32
20 65
41 65
14 65
61 65
14 21
0 14
14 20
14 88
14 59
10 14
21 59
21 61
0 21
21 88
50 61
50 88
41 64
61 64
12 64
12 81
12 61
10 12
45 61
41 45
13 45
59 61
27 61
41 84
10 41
5 41
27 41
41 59
20 41
13 59
20 59
5 59
59 88
13 81
5 81
10 81
27 81
0 81
81 88
4 20
4 88
4 13
13 88
20 88
20 77
13 20
0 20
5 20
27 35
13 27
5 35
10 35
13 35
5 13
10 13
30 40
13 40
0 13
