90 1602
6 40
6 7
7 40
6 58
7 58
6 78
40 78
58 78
6 29
7 29
29 78
2 6
2 40
2 58
6 24
7 24
24 78
2 24
6 30
30 40
30 58
24 30
29 30
6 51
7 51
51 78
2 51
30 51
6 16
7 16
16 78
16 30
16 40
16 51
16 24
16 29
16 58
5 6
5 7
5 78
2 5
5 30
5 16
6 35
7 35
35 78
2 35
30 35
16 35
35 40
35 51
24 35
29 35
35 58
6 55
7 55
55 78
2 55
30 55
16 55
35 55
10 40
10 51
10 58
10 29
10 24
10 55
5 10
6 21
7 21
21 78
2 21
21 30
16 21
21 35
10 21
40 42
24 42
42 51
42 58
29 42
42 55
21 42
5 42
6 34
7 34
34 78
2 34
30 34
16 34
34 35
10 34
34 42
6 33
2 33
10 33
33 40
24 33
33 58
29 33
33 51
33 55
21 33
5 33
33 34
6 77
7 77
77 78
2 77
30 77
16 77
35 77
10 77
42 77
33 77
11 40
11 58
11 29
11 24
11 51
11 21
5 11
11 55
11 77
11 34
6 18
7 18
18 78
2 18
18 30
16 18
18 35
10 18
18 42
18 33
11 18
3 6
3 7
2 3
3 16
3 35
3 33
3 40
3 51
3 24
3 58
3 29
3 21
3 55
3 5
3 34
3 77
4 6
4 7
4 78
2 4
4 30
4 16
4 35
4 10
4 42
4 33
4 11
3 4
40 76
51 76
58 76
29 76
24 76
21 76
55 76
5 76
34 76
76 77
6 52
16 52
35 52
33 52
52 76
40 52
51 52
29 52
52 58
24 52
5 52
52 55
21 52
34 52
52 77
76 82
52 82
15 40
15 58
15 29
15 51
15 24
15 21
15 55
5 15
15 49
18 49
6 14
7 14
14 78
2 14
14 30
14 16
14 35
10 14
14 42
14 33
3 14
14 52
40 63
24 63
29 63
58 63
51 63
21 63
5 63
55 63
63 77
34 63
39 63
39 52
39 86
6 72
33 72
3 72
4 72
15 72
40 72
51 72
29 72
24 72
58 72
6 67
7 67
67 78
2 67
30 67
16 67
42 67
33 67
67 76
52 67
67 86
67 72
6 22
22 30
22 35
11 22
22 76
4 22
15 22
40 79
51 79
24 79
29 79
58 79
21 79
6 23
7 23
23 78
2 23
23 30
16 23
23 35
10 23
23 42
23 33
11 23
3 23
23 76
4 23
15 23
23 79
26 40
24 26
26 29
26 51
26 58
6 81
76 81
4 81
72 81
26 81
14 81
6 50
7 50
50 78
35 50
42 50
11 50
3 50
50 52
15 50
50 72
22 50
6 25
7 25
25 78
2 25
25 30
16 25
25 35
10 25
25 42
25 33
11 25
3 25
25 76
25 52
4 25
25 72
25 79
25 40
26 62
25 62
50 62
6 88
7 88
78 88
2 88
30 88
16 88
35 88
10 88
42 88
33 88
11 88
3 88
63 88
76 88
15 88
18 88
26 88
14 88
6 19
7 19
2 19
16 19
10 19
11 19
19 63
19 52
19 86
19 72
19 26
19 40
6 87
42 87
3 87
4 87
86 87
72 87
14 87
19 87
50 87
6 73
7 73
73 78
2 73
30 73
16 73
35 73
33 73
3 73
52 73
73 86
18 73
22 73
25 73
1 6
1 7
1 78
1 2
1 30
1 16
1 42
1 33
1 3
1 52
1 15
1 18
1 26
1 14
1 50
1 40
6 8
8 78
2 8
8 16
8 35
8 11
8 76
8 52
4 8
8 18
8 22
8 25
1 8
6 44
7 44
44 78
2 44
30 44
16 44
35 44
10 44
42 44
33 44
11 44
3 44
44 63
4 44
15 44
18 44
22 44
19 44
44 50
40 44
6 85
16 85
10 85
11 85
3 85
76 85
18 85
79 85
22 85
14 85
19 85
44 85
77 85
18 41
41 72
26 41
25 41
1 41
41 44
41 67
34 41
41 85
9 15
9 79
9 14
9 25
1 9
9 44
9 77
9 41
9 61
6 12
7 12
2 12
12 35
10 12
12 33
12 76
4 12
12 86
12 79
12 14
12 25
1 12
12 44
12 67
12 77
37 81
6 54
33 54
54 63
52 54
15 54
54 72
14 54
25 54
1 54
54 73
54 88
54 77
37 54
4 32
32 79
26 32
19 32
32 50
32 88
32 67
32 34
32 37
15 36
18 36
14 36
25 36
1 36
36 73
36 67
34 36
36 61
32 36
36 85
24 36
36 40
36 49
36 39
36 51
6 53
7 53
53 78
30 53
35 53
33 53
3 53
52 53
53 86
18 53
22 53
19 53
50 53
53 73
53 67
53 77
41 53
32 53
22 75
14 75
19 75
75 88
75 77
34 75
61 75
32 75
19 60
44 60
60 67
60 77
60 61
60 75
60 85
0 60
6 20
7 20
2 20
20 30
10 20
20 33
3 20
20 76
20 86
20 72
14 20
19 20
20 50
1 20
20 88
20 34
20 37
12 20
20 85
6 59
35 59
10 59
33 59
59 76
4 59
15 59
59 72
14 59
19 59
50 59
59 73
59 88
59 77
37 59
12 59
59 75
6 31
30 31
31 35
31 42
3 31
31 52
15 31
18 31
26 31
19 31
31 50
31 44
31 88
31 34
31 41
12 31
31 85
31 59
24 31
31 49
31 39
23 31
31 82
31 54
31 36
50 83
73 83
77 83
41 83
37 83
12 83
75 83
59 83
40 83
81 83
6 80
33 80
76 80
4 80
15 80
72 80
22 80
14 80
1 80
73 80
80 88
41 80
61 80
75 80
6 28
7 28
28 78
2 28
28 30
16 28
28 35
28 33
28 63
28 76
15 28
28 72
22 28
25 28
1 28
28 44
28 67
28 41
28 37
28 32
28 87
28 55
28 80
9 28
48 61
48 75
28 48
0 48
40 48
20 48
23 48
6 38
7 38
38 78
2 38
30 38
16 38
35 38
10 38
38 42
33 38
11 38
3 38
38 63
38 52
38 86
38 79
14 38
25 38
19 38
38 44
38 77
34 38
37 38
12 38
38 85
28 38
20 38
38 49
23 38
5 38
29 38
43 86
18 43
26 43
14 43
43 50
43 73
43 88
43 77
41 43
32 43
28 43
0 43
24 43
43 81
43 80
38 43
43 53
43 60
43 87
8 43
6 17
7 17
17 78
16 17
10 17
17 33
3 17
4 17
17 86
17 79
14 17
17 25
1 17
17 44
17 67
17 34
17 61
17 75
17 85
17 59
17 40
17 49
17 39
17 51
17 82
17 62
17 87
6 64
7 64
64 78
16 64
35 64
42 64
3 64
4 64
18 64
64 79
22 64
19 64
1 64
64 73
64 88
34 64
61 64
12 64
64 85
59 64
20 64
64 81
39 64
51 64
54 64
60 64
64 87
6 57
11 57
57 63
52 57
57 86
57 72
22 57
19 57
1 57
57 73
57 88
34 57
57 61
32 57
57 85
0 57
40 57
57 81
39 57
23 57
53 57
54 57
31 57
57 64
6 68
7 68
68 78
2 68
30 68
16 68
35 68
10 68
42 68
11 68
68 76
52 68
68 86
68 72
26 68
25 68
50 68
1 68
68 77
41 68
37 68
68 75
68 85
59 68
40 68
49 68
68 80
23 68
68 82
62 68
6 56
7 56
56 78
16 56
35 56
11 56
3 56
4 56
15 56
18 56
22 56
25 56
50 56
56 73
56 77
34 56
56 61
12 56
28 56
56 59
24 56
49 56
23 56
38 56
54 56
56 62
56 87
6 74
7 74
74 78
2 74
30 74
16 74
35 74
10 74
42 74
11 74
74 76
52 74
4 74
72 74
22 74
25 74
19 74
44 74
74 88
74 77
61 74
12 74
74 85
59 74
20 74
49 74
74 80
38 74
51 74
62 74
56 74
8 74
68 74
55 74
9 74
36 74
43 74
15 69
69 72
14 69
25 69
50 69
69 73
67 69
34 69
12 69
32 69
28 69
0 69
24 69
69 81
69 80
51 69
69 82
60 69
31 69
56 69
17 69
6 27
11 27
27 76
27 52
27 86
18 27
22 27
19 27
1 27
27 44
27 67
27 77
27 61
12 27
27 28
0 27
20 27
27 81
27 39
27 51
27 54
27 62
27 31
27 56
27 68
45 67
41 45
37 45
12 45
45 75
45 59
40 45
20 45
45 80
45 51
45 53
45 54
31 45
45 56
27 45
45 55
29 45
45 58
45 74
71 87
8 71
68 71
55 71
57 71
58 71
6 84
78 84
2 84
30 84
10 84
11 84
76 84
4 84
15 84
18 84
26 84
25 84
1 84
73 84
84 88
77 84
61 84
75 84
28 84
0 84
40 84
49 84
23 84
38 84
82 84
62 84
56 84
64 84
17 84
55 84
36 84
83 84
6 89
7 89
78 89
30 89
35 89
3 89
76 89
4 89
86 89
18 89
22 89
14 89
1 89
73 89
67 89
34 89
41 89
12 89
85 89
0 89
20 89
49 89
39 89
51 89
53 89
62 89
56 89
64 89
68 89
9 89
57 89
83 89
84 89
41 47
32 47
47 85
0 47
40 47
20 47
47 80
38 47
47 54
47 62
47 87
47 64
47 68
47 55
47 57
47 83
47 58
5 47
47 89
6 13
4 13
13 15
13 18
13 14
13 25
13 50
13 44
13 88
13 34
13 61
12 13
13 75
0 13
13 40
13 20
13 80
13 38
13 53
13 60
13 31
8 13
13 27
9 13
13 29
13 36
13 84
13 47
15 46
46 72
22 46
25 46
19 46
46 73
46 67
34 46
37 46
32 46
28 46
24 46
40 46
20 46
39 46
23 46
46 82
46 54
31 46
8 46
17 46
27 46
29 46
46 83
46 58
46 71
43 46
21 46
13 46
66 86
66 72
26 66
25 66
50 66
66 73
66 77
41 66
37 66
66 75
66 85
0 66
24 66
66 81
66 80
51 66
53 66
60 66
66 87
64 66
66 68
27 66
29 66
66 83
66 84
66 71
5 66
46 66
66 69
50 65
65 73
65 88
65 77
37 65
32 65
28 65
24 65
40 65
65 81
65 80
23 65
65 82
54 65
31 65
64 65
17 65
55 65
29 65
36 65
65 74
47 65
5 65
45 65
65 66
48 65
13 89
13 21
13 69
21 47
43 89
48 89
69 89
71 84
6 70
7 70
70 78
2 70
30 70
35 70
42 70
33 70
3 70
52 70
70 86
70 72
22 70
19 70
1 70
44 70
70 88
34 70
61 70
12 70
70 85
28 70
40 70
70 81
23 70
38 70
53 70
62 70
70 87
56 70
27 70
9 70
57 70
36 70
58 70
70 84
43 70
45 70
21 70
48 70
48 84
43 71
45 71
69 71
43 45
21 45
27 36
5 27
27 69
27 57
57 69
36 69
69 74
5 69
48 74
21 74
56 68
8 56
21 56
29 56
64 68
57 68
68 83
9 68
21 68
36 57
48 57
21 57
17 64
55 64
36 64
48 64
8 17
17 43
17 48
5 17
17 29
17 58
43 55
29 43
43 83
38 55
38 53
38 48
8 38
21 38
38 60
48 82
48 60
31 48
9 48
48 83
5 48
21 28
28 51
28 81
28 54
28 58
28 39
0 80
20 80
80 81
39 80
80 87
62 80
8 80
80 83
29 80
23 80
51 83
53 83
62 83
31 83
8 83
55 83
29 83
21 31
29 31
59 62
54 59
9 59
53 59
49 59
29 59
59 82
20 59
58 59
24 59
23 59
20 40
20 29
20 21
20 60
20 49
20 54
20 53
49 60
39 60
53 60
54 60
60 87
60 62
21 60
8 60
29 60
5 60
75 87
62 75
5 75
29 75
0 75
24 75
53 75
8 75
75 82
24 53
39 53
53 82
5 53
36 53
53 87
53 62
36 54
9 36
5 36
24 32
32 82
32 55
32 81
32 51
21 32
32 58
0 32
32 40
32 85
32 54
49 54
39 54
23 54
54 82
29 54
54 58
37 85
37 58
23 37
29 37
12 37
5 37
37 62
12 55
12 23
12 29
8 12
9 12
12 39
12 49
9 40
9 81
9 39
9 51
9 82
9 62
9 87
8 9
9 21
9 29
5 9
8 41
29 41
41 55
5 41
21 41
41 58
41 51
41 82
41 49
23 85
40 85
62 85
49 85
5 85
39 85
44 61
23 44
21 44
44 77
39 44
44 81
44 73
8 44
44 51
44 88
44 67
8 88
8 61
0 8
8 24
8 49
8 82
8 58
5 8
8 55
1 67
1 5
1 49
1 39
1 73
1 77
1 24
55 73
34 73
58 73
73 82
73 87
29 73
49 73
40 73
87 88
34 87
61 87
0 87
24 87
49 87
51 87
58 87
5 87
55 87
19 82
19 51
19 67
19 49
19 23
19 88
19 61
19 24
19 58
62 88
5 88
61 88
40 88
58 88
81 88
49 88
62 67
62 77
24 62
49 62
51 62
55 62
25 77
25 29
24 25
21 25
25 50
5 25
25 34
40 50
50 51
21 50
23 50
34 50
50 81
29 50
50 55
50 82
77 81
0 81
24 81
81 82
23 81
21 81
51 81
5 81
39 81
26 82
26 61
23 26
23 67
23 77
23 24
23 82
23 51
5 23
23 58
22 79
22 40
22 58
5 22
22 55
22 39
22 67
14 22
22 29
22 77
22 24
22 51
51 67
67 82
21 67
55 67
29 67
67 77
39 67
5 67
24 67
72 77
34 72
55 72
5 72
39 72
14 39
34 39
39 61
39 40
21 39
39 58
39 55
18 63
63 86
52 86
4 86
40 86
51 86
24 86
58 86
29 86
5 86
21 86
55 86
77 86
14 86
61 86
34 86
14 18
14 40
14 21
14 34
14 49
14 55
14 58
14 61
34 49
49 55
49 58
29 49
15 82
15 18
18 82
34 82
40 82
51 82
55 82
58 82
52 61
4 76
61 76
4 40
4 29
4 58
4 51
4 24
4 21
4 55
4 5
4 34
4 18
4 77
3 18
18 40
18 51
18 29
18 24
18 58
18 55
18 21
5 18
18 61
34 77
61 77
34 40
34 51
24 34
42 61
21 61
0 21
21 51
21 58
24 55
40 55
55 58
5 35
35 61
0 5
5 24
5 58
16 61
0 51
24 51
24 61
24 58
2 29
29 58
40 61
0 40
6 61
0 61
