90 1602
38 85
38 62
51 85
51 62
38 71
51 71
85 87
62 87
71 87
54 85
38 54
51 54
46 85
46 62
46 71
46 54
37 38
37 51
37 46
37 87
19 85
19 62
19 71
19 54
19 37
38 49
49 51
46 49
49 87
0 49
19 49
8 85
8 62
8 71
8 54
8 37
8 49
38 86
51 86
46 86
86 87
0 86
19 86
40 85
40 62
40 71
40 54
37 40
40 49
40 86
27 85
27 62
27 71
27 54
27 37
27 49
27 86
27 38
27 51
27 87
27 46
19 27
0 27
27 40
8 27
65 85
62 65
65 71
54 65
37 65
49 65
65 86
27 65
38 63
51 63
63 87
46 63
19 63
0 63
40 63
8 63
6 85
6 62
6 71
6 54
6 37
6 49
6 86
6 27
6 63
41 85
41 54
41 49
41 86
38 41
41 51
41 87
41 46
0 41
19 41
41 65
40 41
8 41
6 41
5 85
5 62
5 71
5 54
5 37
5 49
5 86
5 27
5 63
5 41
80 85
54 80
37 80
49 80
80 86
27 80
63 80
38 80
51 80
80 87
46 80
0 80
19 80
40 80
8 80
6 80
65 80
10 85
10 62
10 71
10 54
10 37
10 49
10 86
10 27
10 63
10 41
10 80
35 85
35 54
35 37
35 63
35 41
35 38
35 51
35 46
35 87
0 35
19 35
35 65
8 35
6 35
35 40
5 35
85 89
54 89
49 89
86 89
63 89
35 89
25 85
25 62
25 71
25 54
25 37
25 49
25 86
25 27
25 63
25 80
2 86
2 27
2 63
2 35
2 38
2 51
2 46
2 87
2 19
0 2
2 8
2 40
2 65
2 6
78 86
27 78
63 78
35 78
2 78
51 78
65 78
0 78
39 85
39 54
39 86
27 39
39 41
39 80
25 39
39 51
39 65
0 39
38 39
39 87
39 46
69 85
54 69
37 69
27 69
41 69
35 69
25 69
51 69
2 50
50 51
38 50
50 87
46 50
0 50
19 50
6 50
2 31
31 65
31 50
25 64
51 64
50 64
38 64
46 64
64 87
0 64
19 64
44 54
44 63
41 44
35 44
2 44
44 65
44 64
0 44
39 44
18 39
17 85
17 62
17 71
17 54
17 37
17 49
17 86
17 27
17 63
17 41
17 80
17 35
17 25
17 65
17 50
17 64
28 38
28 46
28 87
15 85
15 54
15 49
15 27
15 63
15 35
2 15
15 51
15 65
0 15
15 28
30 37
27 30
30 63
30 80
25 30
30 51
30 64
12 30
30 39
30 38
22 65
12 22
22 30
18 22
11 35
11 51
11 64
0 11
11 28
11 18
11 38
83 85
27 83
80 83
35 83
25 83
51 83
64 83
0 83
39 83
17 83
11 83
28 84
30 84
11 84
38 84
28 36
30 36
36 84
36 69
29 49
27 29
29 41
29 80
2 29
29 51
29 50
0 29
29 39
18 29
11 29
29 69
41 77
35 77
2 77
65 77
50 77
0 77
39 77
18 77
77 84
69 77
38 77
60 65
60 64
39 60
30 60
11 60
60 77
29 60
2 43
43 51
43 64
12 43
28 43
17 43
25 67
65 67
50 67
0 67
39 67
18 67
38 67
26 64
12 26
26 39
18 26
26 67
26 77
30 56
18 56
56 67
56 84
56 77
38 56
23 54
23 27
23 63
23 35
2 23
23 51
23 64
12 23
23 28
23 30
23 67
23 84
23 56
37 57
57 86
41 57
57 80
25 57
51 57
50 57
12 57
30 57
17 57
18 57
57 84
56 57
38 57
9 85
9 62
9 71
9 54
9 37
9 49
9 86
9 27
9 41
9 80
9 25
9 51
9 50
0 9
9 39
9 17
9 67
9 69
9 77
9 57
33 85
33 86
33 41
33 35
25 33
33 51
33 64
12 33
28 33
18 33
11 33
33 77
29 33
33 38
50 88
12 88
30 88
17 88
67 88
69 88
56 88
33 88
14 85
14 62
14 71
14 54
14 37
14 49
14 86
14 27
14 41
14 80
2 14
14 65
14 64
12 14
14 39
14 30
14 67
14 84
14 29
14 43
14 33
14 38
74 85
27 74
63 74
35 74
25 74
65 74
64 74
12 74
28 74
17 74
67 74
74 84
56 74
57 74
14 74
24 85
24 54
24 49
24 27
24 41
24 80
2 24
24 65
24 64
0 24
24 39
18 24
24 67
24 84
24 29
24 57
2 81
65 81
64 81
12 81
28 81
30 81
67 81
81 84
29 81
57 81
38 81
46 81
60 81
37 55
27 55
55 63
35 55
25 55
51 55
55 64
12 55
30 55
18 55
55 67
55 69
55 77
43 55
55 81
24 55
73 85
54 73
37 73
73 86
41 73
73 80
35 73
51 73
64 73
0 73
28 73
30 73
11 73
69 73
56 73
57 73
14 73
39 52
18 52
52 67
52 84
29 52
33 52
14 52
38 52
52 88
14 16
16 52
28 61
18 61
61 84
61 69
29 61
43 61
14 61
52 61
61 73
21 85
21 62
21 71
21 54
21 37
21 49
21 86
21 27
21 41
21 80
2 21
21 65
21 50
0 21
21 39
17 21
11 21
21 84
21 77
21 57
21 81
21 52
21 61
45 64
0 45
30 45
17 45
11 45
45 69
29 45
45 57
45 81
24 45
45 73
19 45
45 74
41 59
59 80
35 59
51 59
50 59
0 59
28 59
18 59
11 59
59 84
56 59
43 59
59 81
52 59
47 63
35 47
25 47
47 65
47 50
0 47
28 47
18 47
47 67
47 69
29 47
33 47
14 47
24 47
22 47
29 34
33 34
14 34
34 73
34 47
73 75
32 85
32 54
32 86
27 32
32 41
32 35
2 32
25 32
32 65
12 32
32 39
17 32
11 32
32 84
32 77
32 43
32 33
32 52
32 61
32 75
39 68
17 68
67 68
68 69
29 68
33 68
14 68
24 68
47 68
45 68
19 68
48 85
48 62
48 71
48 54
37 48
48 49
48 86
27 48
48 63
48 80
25 48
48 51
48 64
12 48
28 48
17 48
18 48
48 77
48 56
43 48
48 81
24 48
48 61
48 75
48 68
48 89
4 37
4 27
4 63
4 80
2 4
4 65
4 50
4 64
4 28
4 17
4 11
4 69
4 77
4 57
4 33
4 52
4 47
4 75
4 88
4 89
4 83
4 87
58 85
58 62
58 71
54 58
37 58
49 58
58 86
27 58
58 63
58 80
2 58
51 58
50 58
12 58
39 58
18 58
11 58
58 77
56 58
43 58
58 81
24 58
58 73
58 75
58 88
58 89
4 58
22 58
7 85
7 54
7 37
7 49
7 86
7 63
7 41
7 35
2 7
7 51
7 50
7 64
0 7
7 17
7 67
7 69
7 29
7 43
7 14
7 24
7 61
7 75
20 41
20 35
20 25
20 65
20 64
0 20
20 30
18 20
11 20
20 69
20 56
20 57
20 81
20 73
20 61
20 45
35 72
51 72
50 72
12 72
0 72
17 72
67 72
69 72
72 77
43 72
33 72
52 72
47 72
20 72
72 88
59 72
21 72
23 72
13 54
13 27
13 41
13 80
2 13
13 51
13 65
0 13
13 30
13 18
11 13
13 69
13 29
13 57
13 14
13 52
13 47
13 45
13 68
13 59
13 21
13 22
13 26
8 13
13 32
13 60
13 78
13 40
13 31
13 36
13 72
2 42
42 51
42 50
0 42
30 42
17 42
42 67
42 84
29 42
42 43
33 42
42 52
42 61
42 45
42 88
42 59
4 42
22 42
13 42
42 46
56 66
57 66
14 66
24 66
66 73
66 75
66 88
59 66
21 66
4 66
7 66
10 66
16 66
9 66
42 66
66 72
8 66
15 66
32 66
58 66
55 66
36 66
44 66
66 83
79 85
62 79
71 79
54 79
37 79
49 79
79 86
63 79
41 79
79 80
2 79
51 79
50 79
0 79
28 79
30 79
67 79
69 79
29 79
43 79
79 81
52 79
47 79
20 79
79 88
59 79
39 53
18 53
11 53
53 69
53 77
43 53
14 53
24 53
47 53
45 53
20 53
53 89
44 53
53 55
9 53
38 53
5 53
16 53
53 60
19 53
40 53
8 53
7 53
53 79
53 74
70 85
62 70
70 71
54 70
37 70
49 70
70 86
27 70
63 70
70 80
25 70
65 70
50 70
0 70
39 70
30 70
67 70
70 84
56 70
33 70
14 70
24 70
70 73
45 70
68 70
59 70
53 70
23 70
7 70
40 70
16 70
70 79
15 70
32 70
44 70
58 70
70 87
70 74
70 78
70 72
6 70
9 70
36 53
21 53
22 79
7 79
13 79
46 79
48 79
36 79
38 79
60 79
74 79
78 79
9 79
58 79
41 76
76 80
25 76
65 76
64 76
0 76
39 76
17 76
11 76
69 76
56 76
43 76
33 76
14 76
47 76
45 76
20 76
76 89
21 76
22 76
7 76
46 76
16 76
76 79
44 76
19 76
31 76
48 76
32 76
74 76
76 78
34 76
72 76
76 87
42 79
36 42
19 42
42 60
1 56
1 29
1 81
1 24
1 47
1 20
1 68
1 59
1 4
1 23
1 26
1 10
1 46
1 5
1 44
1 19
3 77
3 57
3 81
3 52
3 61
3 20
3 88
3 89
3 21
3 4
3 7
3 10
3 16
3 5
3 44
3 83
3 31
82 85
54 82
37 82
49 82
82 86
27 82
41 82
80 82
2 82
51 82
50 82
12 82
28 82
17 82
11 82
82 84
77 82
33 82
14 82
24 82
73 82
45 82
82 88
68 82
4 82
22 82
26 82
13 82
16 82
5 82
36 82
82 83
3 82
1 82
32 82
34 82
74 82
6 82
78 82
9 82
3 15
3 74
3 32
3 58
3 72
1 3
1 48
1 42
1 6
1 58
1 72
1 9
32 42
9 42
8 42
42 72
42 55
6 42
10 13
13 38
10 72
5 72
36 72
38 72
9 72
8 72
55 72
20 40
20 31
20 23
20 22
6 20
16 20
5 20
20 74
20 46
20 21
20 83
7 20
7 68
7 23
7 83
7 9
7 44
7 19
6 7
7 87
7 74
7 58
7 16
40 58
31 58
38 58
15 58
32 58
55 58
58 87
58 78
4 38
4 23
4 22
4 48
4 34
4 78
4 15
4 40
23 48
26 48
40 48
46 48
36 48
48 83
48 60
48 87
6 48
48 78
8 48
32 48
8 68
55 68
59 68
68 89
68 78
60 68
32 68
34 68
16 68
26 68
31 68
32 89
21 32
22 32
32 40
32 44
32 83
32 74
8 32
16 75
15 75
26 75
38 75
44 75
34 75
75 88
9 75
22 75
36 75
75 89
6 75
23 75
34 59
23 34
26 34
34 40
16 34
5 34
34 36
19 34
34 60
34 38
9 34
34 78
34 55
15 34
47 83
47 60
26 47
44 47
8 47
36 47
23 47
47 59
47 89
46 47
45 59
59 74
59 83
6 59
59 60
59 89
15 59
40 59
46 59
23 59
10 45
45 78
45 55
45 46
5 45
45 60
21 45
45 87
21 89
10 21
21 26
15 21
6 21
21 46
21 55
21 31
9 21
21 44
38 61
40 61
16 61
6 61
10 61
61 78
5 61
9 61
61 88
31 61
61 83
8 61
16 22
16 40
16 60
16 38
16 87
16 19
16 31
16 83
6 52
44 52
8 52
22 52
31 52
46 52
52 89
52 73
5 73
73 78
38 73
26 73
9 73
23 73
73 74
73 87
15 73
19 73
55 73
22 55
26 55
40 55
5 55
44 55
55 83
55 60
38 55
55 74
8 55
40 81
81 87
81 83
78 81
36 81
10 81
24 81
6 81
31 81
24 38
15 24
24 83
24 87
24 36
19 24
10 24
24 74
24 40
26 74
10 74
46 74
19 74
38 74
74 87
8 74
14 89
14 88
14 26
5 14
14 60
36 88
31 88
9 88
87 88
38 88
26 88
40 88
44 88
15 88
10 88
33 78
33 36
9 33
15 33
33 44
8 33
22 33
19 33
23 33
9 23
9 10
9 19
9 31
9 38
9 15
43 57
57 89
6 57
8 57
31 57
19 57
46 57
57 83
5 57
23 57
22 23
6 23
23 44
10 23
23 46
23 38
23 26
8 23
31 56
26 56
15 56
6 56
56 87
46 56
44 56
56 78
56 89
26 43
19 26
26 60
26 78
5 26
26 46
15 26
26 38
44 67
6 67
67 69
67 87
43 67
46 67
40 67
43 69
29 43
38 43
43 60
15 43
40 43
43 44
22 43
10 43
43 87
10 60
36 60
60 83
31 60
8 60
6 60
38 60
40 77
6 77
44 77
10 77
8 77
29 77
77 83
19 77
29 38
10 29
29 36
29 40
22 29
5 29
36 89
22 36
10 36
8 36
31 36
36 83
36 78
84 89
8 84
84 87
46 84
5 84
15 84
83 84
22 83
40 83
44 83
38 83
31 83
11 78
8 11
11 31
5 11
11 22
11 89
11 15
10 11
22 69
22 89
22 31
22 87
5 22
5 30
6 30
30 89
30 87
30 46
30 40
15 30
10 30
15 46
15 44
15 19
15 38
15 78
6 15
15 87
10 28
17 28
17 38
17 89
17 78
5 17
17 40
6 17
17 87
17 19
17 18
17 69
18 38
18 46
8 18
18 31
18 44
18 19
10 44
44 46
38 44
19 44
10 64
12 64
12 38
12 46
12 87
0 12
12 19
5 12
12 89
12 69
12 31
10 12
12 40
6 12
31 39
31 69
31 40
5 31
6 31
31 78
31 87
8 50
40 50
5 50
50 69
39 69
38 69
69 78
19 69
19 39
8 39
39 78
78 89
40 78
46 78
78 87
2 25
25 38
25 51
25 46
25 87
19 25
0 25
25 65
6 25
8 25
25 40
25 89
10 25
5 25
51 89
65 89
5 89
10 89
8 89
87 89
19 89
10 35
10 51
10 40
6 10
8 10
5 10
5 80
5 51
5 46
5 8
5 6
5 87
5 19
6 51
6 65
6 46
6 8
6 87
63 65
51 65
38 65
46 65
65 87
0 65
19 65
8 65
40 65
40 51
40 46
40 87
8 86
8 51
0 8
8 19
19 51
0 19
19 46
19 87
0 37
46 51
0 46
54 87
0 54
51 87
0 87
0 71
38 51
0 51
0 62
0 38
0 85
