90 1602
29 34
1 29
34 40
1 40
29 70
40 70
34 57
1 57
57 70
22 34
1 22
22 70
22 29
22 40
22 57
34 50
1 50
50 70
22 50
22 24
24 29
24 40
24 57
24 50
34 72
1 72
70 72
22 72
24 72
34 87
1 87
70 87
22 87
24 87
29 87
40 87
50 87
57 87
72 87
9 34
1 9
9 70
9 22
9 24
9 87
2 29
2 40
2 50
2 57
2 9
34 78
1 78
70 78
22 78
24 78
78 87
2 78
29 74
40 74
50 74
57 74
74 78
31 34
1 31
31 70
22 31
24 31
31 87
2 31
31 74
31 57
28 29
28 40
28 50
28 72
9 28
28 78
28 31
34 85
1 85
70 85
22 85
24 85
85 87
2 85
74 85
57 85
28 85
22 71
71 87
57 71
29 71
40 71
50 71
71 78
71 72
9 71
31 71
34 62
1 62
62 70
22 62
24 62
62 87
2 62
62 74
57 62
28 62
62 71
5 34
5 70
5 22
5 24
5 87
5 74
5 28
5 29
5 40
5 50
5 31
5 9
5 78
5 72
5 58
5 85
5 62
34 37
1 37
37 70
22 37
24 37
37 87
2 37
37 74
37 57
28 37
37 71
5 37
31 37
37 62
16 29
16 40
16 50
9 16
16 78
16 72
6 34
1 6
6 70
6 22
6 24
6 87
2 6
6 74
6 57
6 28
6 71
5 6
6 31
6 62
6 16
31 32
32 62
29 32
32 40
32 50
32 72
9 32
32 78
25 34
1 25
25 70
22 25
24 25
25 87
2 25
25 74
25 57
25 28
25 71
5 25
25 62
25 32
25 78
31 73
62 73
73 78
29 79
40 79
50 79
9 79
72 79
5 83
32 83
15 34
1 15
15 70
15 22
15 24
15 87
2 15
15 74
15 57
15 28
15 71
5 15
15 31
15 32
15 78
15 29
15 40
15 50
9 15
15 72
15 83
27 34
1 27
27 70
22 27
24 27
27 87
2 27
27 74
27 57
27 28
27 71
5 27
27 31
27 62
15 27
27 73
57 66
66 71
31 66
16 66
66 78
15 66
29 66
40 66
50 66
78 81
15 81
66 81
11 34
1 11
11 70
11 22
11 24
11 87
2 11
11 74
11 57
11 71
11 31
11 16
11 78
11 79
34 46
1 46
46 70
22 46
24 46
46 87
2 46
46 74
46 57
46 71
31 46
46 62
15 46
46 73
29 46
40 46
46 50
34 80
1 80
70 80
22 80
24 80
80 87
57 80
28 80
62 80
32 80
15 80
79 80
46 80
11 80
14 34
14 87
14 28
14 71
14 31
14 62
14 78
14 15
14 46
11 14
14 58
14 29
14 40
34 39
22 39
24 39
39 74
39 57
39 71
39 62
16 39
39 78
39 79
39 46
11 39
14 39
19 29
18 57
5 18
18 62
16 18
15 18
18 73
18 46
11 18
18 19
18 80
58 77
77 80
22 89
87 89
57 89
71 89
62 89
32 89
78 89
73 89
46 89
9 89
58 89
22 41
41 74
28 41
5 41
31 41
32 41
15 41
41 73
41 66
41 58
19 41
29 41
34 75
1 75
70 75
22 75
24 75
74 75
57 75
28 75
31 75
32 75
75 78
75 79
46 75
11 75
58 75
41 75
17 57
5 17
17 62
16 17
17 32
17 73
17 66
9 17
17 58
17 41
17 80
17 29
45 57
45 71
31 45
45 62
32 45
45 79
45 66
11 45
14 45
19 45
17 45
4 45
18 45
45 81
6 45
46 68
11 68
14 68
19 68
68 80
25 68
18 68
15 88
79 88
46 88
9 88
14 88
41 88
77 88
31 64
16 64
64 78
15 64
9 64
58 64
19 64
41 64
17 64
4 64
24 52
52 74
52 57
5 52
52 62
16 52
52 78
52 73
46 52
9 52
14 52
19 52
17 52
52 64
34 84
1 84
70 84
22 84
24 84
84 87
2 84
74 84
28 84
5 84
62 84
16 84
32 84
73 84
46 84
11 84
58 84
41 84
17 84
25 84
34 55
1 55
55 70
22 55
24 55
55 87
2 55
55 74
28 55
55 71
5 55
32 55
55 78
55 73
46 55
9 55
14 55
41 55
55 80
4 55
55 84
6 55
34 49
49 70
22 49
24 49
49 87
2 49
49 57
49 71
31 49
16 49
49 78
49 79
46 49
11 49
49 58
41 49
17 49
25 49
18 49
49 81
6 49
49 83
56 77
25 56
56 84
56 81
49 56
0 56
5 36
36 62
36 78
36 73
36 66
11 36
14 36
36 80
36 77
36 64
18 36
6 36
47 58
19 47
47 77
4 47
47 64
47 81
13 34
1 13
13 70
13 22
13 24
2 13
13 57
13 71
13 62
13 32
13 78
13 73
13 46
9 13
13 58
13 41
13 17
13 25
13 18
13 88
13 47
13 68
0 13
30 34
30 70
22 30
30 87
30 57
30 71
30 31
16 30
30 32
30 79
30 66
9 30
19 30
30 41
30 77
25 30
30 64
6 30
30 49
30 68
30 36
57 82
28 82
31 82
16 82
15 82
73 82
66 82
9 82
58 82
80 82
77 82
25 82
18 82
6 82
49 82
75 82
0 82
24 65
2 65
57 65
5 65
62 65
16 65
65 78
65 73
65 66
11 65
14 65
41 65
65 77
64 65
65 84
65 81
47 65
65 68
5 8
8 32
8 78
8 73
8 66
8 9
8 19
8 41
8 17
8 25
8 18
8 84
6 8
8 75
8 65
8 82
35 66
11 35
14 35
35 80
4 35
35 64
18 35
35 81
6 35
35 49
35 36
8 35
20 34
1 20
20 70
20 22
20 24
2 20
20 57
20 71
5 20
20 62
20 32
20 73
20 66
9 20
20 58
20 80
17 20
20 64
20 84
6 20
20 47
20 75
20 65
20 30
20 50
20 37
34 53
1 53
53 70
22 53
24 53
53 87
53 57
53 71
31 53
16 53
15 53
53 73
46 53
9 53
19 53
41 53
53 77
53 64
53 84
53 88
47 53
0 53
36 53
53 82
20 53
47 48
48 75
0 48
48 82
8 48
35 48
23 34
23 70
22 23
23 74
23 57
23 71
23 62
16 23
15 23
23 79
23 46
9 23
14 23
23 80
23 77
4 23
23 64
23 88
23 47
23 75
23 36
23 65
22 51
51 87
51 57
5 51
31 51
51 62
51 78
15 51
51 66
9 51
19 51
41 51
4 51
25 51
51 84
51 81
6 51
51 68
0 51
51 82
51 52
19 38
38 80
38 77
4 38
18 38
38 88
6 38
0 38
36 38
30 38
38 51
38 83
22 26
2 26
26 57
5 26
26 62
16 26
26 78
15 26
26 66
11 26
19 26
26 41
26 77
25 26
18 26
26 81
26 47
26 68
26 36
26 65
20 26
26 83
69 78
69 79
66 69
9 69
14 69
41 69
69 77
4 69
69 84
69 81
6 69
69 75
65 69
30 69
20 69
48 69
26 69
23 69
10 14
10 80
10 17
10 25
10 84
10 88
6 10
10 68
10 65
10 82
10 51
10 35
10 27
10 23
10 69
3 22
3 87
3 57
3 28
3 31
3 32
3 78
3 73
3 66
3 11
3 14
3 41
3 17
3 25
3 18
3 81
3 47
3 68
0 3
3 30
3 51
3 35
3 83
3 45
3 69
34 86
70 86
22 86
86 87
28 86
71 86
31 86
62 86
15 86
73 86
66 86
11 86
58 86
80 86
4 86
25 86
64 86
86 88
49 86
68 86
0 86
82 86
51 86
48 86
83 86
45 86
3 86
86 89
34 42
42 70
22 42
24 42
42 87
2 42
42 57
5 42
31 42
16 42
15 42
42 79
42 46
11 42
42 58
41 42
17 42
4 42
18 42
42 88
42 47
42 68
0 42
42 82
8 42
42 48
27 42
23 42
33 84
33 88
33 49
33 75
33 65
8 33
20 33
33 35
27 33
33 45
29 33
34 60
1 60
60 70
22 60
24 60
60 87
57 60
60 71
31 60
16 60
32 60
15 60
46 60
11 60
58 60
60 80
17 60
25 60
18 60
60 81
47 60
60 68
60 65
60 82
8 60
35 60
26 60
33 60
60 69
60 85
44 46
11 44
14 44
44 80
17 44
44 64
44 84
6 44
44 49
44 75
36 44
30 44
8 44
44 48
26 44
44 45
44 69
44 89
42 44
44 60
31 61
16 61
15 61
61 79
61 66
9 61
58 61
61 80
61 77
25 61
18 61
61 81
49 61
61 68
0 61
61 65
20 61
35 61
61 83
45 61
61 69
61 85
44 61
4 59
59 64
59 84
59 88
47 59
59 75
36 59
30 59
51 59
48 59
26 59
23 59
59 69
59 85
42 59
59 72
59 86
56 59
29 59
28 43
5 43
31 43
32 43
43 78
43 73
43 66
9 43
43 58
41 43
17 43
4 43
43 84
43 81
43 47
0 43
36 43
43 82
8 43
43 48
26 43
23 43
33 43
43 85
42 43
43 59
7 58
7 80
7 17
4 7
7 18
7 88
7 49
7 75
7 65
7 82
7 51
7 83
7 26
7 45
65 76
8 76
20 76
35 76
26 76
23 76
33 76
76 85
13 76
7 76
39 76
12 34
1 12
12 70
12 22
12 24
12 87
2 12
12 74
12 57
12 28
12 71
5 12
12 31
12 62
12 16
12 32
12 78
12 73
12 66
11 12
12 14
12 19
4 12
12 64
12 84
12 88
6 12
12 75
12 36
12 82
12 20
12 51
12 83
12 33
12 76
12 85
8 63
35 63
27 63
33 63
63 69
63 89
13 63
21 66
9 21
21 58
21 80
21 77
21 64
18 21
21 88
21 49
21 68
21 36
21 65
8 21
21 35
21 83
21 26
21 69
21 85
21 63
21 44
21 86
5 67
32 67
15 67
67 79
46 67
9 67
14 67
67 80
67 77
25 67
67 84
67 88
49 67
67 68
0 67
30 67
20 67
48 67
27 67
45 67
67 76
3 67
67 89
67 72
67 86
37 67
43 67
55 67
21 67
10 67
13 67
52 67
21 50
21 56
21 55
21 40
21 61
21 43
50 63
38 63
63 72
34 54
1 54
54 70
22 54
24 54
54 87
2 54
54 74
54 57
28 54
54 71
5 54
31 54
16 54
15 54
54 73
46 54
11 54
14 54
19 54
54 77
25 54
54 84
54 88
6 54
49 54
36 54
54 65
20 54
35 54
26 54
23 54
54 76
54 89
54 63
44 54
54 86
53 54
54 56
54 61
52 54
43 54
39 54
12 54
12 63
7 63
39 63
53 63
12 72
12 86
12 38
12 50
12 29
12 13
12 52
12 43
50 76
29 76
56 76
55 76
3 7
7 44
7 59
7 43
7 39
7 37
7 52
7 40
7 53
7 55
43 50
43 55
40 43
39 59
59 61
10 59
53 61
38 61
37 61
39 61
13 61
40 61
40 44
13 44
10 44
38 44
60 72
60 86
38 60
37 60
56 60
10 60
39 60
55 60
29 60
33 52
33 85
33 40
33 42
33 89
33 37
42 89
42 86
42 52
29 42
42 55
10 42
42 56
40 42
50 86
38 86
56 86
3 10
3 89
3 56
3 53
3 85
3 50
3 13
3 40
10 50
10 56
10 13
10 55
10 39
52 69
69 72
53 69
38 69
26 39
26 56
26 38
26 40
26 50
23 38
38 85
38 53
38 56
29 38
38 40
13 51
51 83
23 51
51 72
40 51
51 55
29 51
51 56
23 48
23 27
23 45
23 72
13 23
23 53
23 37
13 48
48 52
39 48
37 48
48 53
48 72
27 53
53 72
29 53
13 53
50 53
39 53
20 35
20 89
20 85
20 29
20 40
35 83
35 50
27 35
35 89
35 45
8 40
8 27
8 55
8 56
8 45
8 39
27 65
50 65
55 65
65 82
45 65
56 82
55 82
82 89
30 82
52 82
30 72
30 83
13 30
30 85
30 50
30 37
29 30
27 30
30 39
13 27
13 37
13 39
13 29
29 47
47 89
0 47
47 68
40 47
47 75
27 47
36 47
36 49
29 36
36 56
36 52
36 85
36 39
36 83
45 56
29 56
40 56
37 49
49 52
49 50
49 72
49 55
55 68
27 55
45 55
55 89
55 72
37 55
52 55
84 88
52 84
72 84
6 84
27 84
75 84
52 81
52 68
52 83
52 85
52 72
50 52
40 52
29 52
40 64
18 64
64 88
64 72
64 85
64 83
37 64
50 64
6 88
81 88
85 88
50 88
88 89
68 88
39 88
68 89
39 68
45 68
27 68
0 45
27 45
39 45
40 45
45 89
17 81
17 39
0 17
17 40
17 25
17 75
17 27
25 75
6 75
75 83
0 75
29 75
50 75
40 75
37 75
75 85
72 75
41 89
25 41
41 85
37 41
41 80
0 41
77 89
4 89
18 89
0 89
27 89
29 89
72 89
37 89
77 85
4 77
37 77
72 77
29 77
77 83
50 77
4 6
4 18
4 85
0 4
4 50
4 27
4 29
18 81
18 29
0 18
18 39
18 40
19 81
19 40
19 83
19 72
19 39
19 27
25 39
6 39
39 85
37 39
14 85
14 25
14 80
14 50
14 37
14 83
29 80
50 80
40 80
6 80
80 81
11 46
37 46
9 46
46 72
46 58
11 29
11 40
6 11
11 50
11 25
11 81
11 37
25 81
37 81
81 83
0 81
40 81
27 81
72 81
6 66
66 85
27 66
66 83
25 66
9 27
27 58
27 83
27 29
27 85
6 15
15 37
79 83
9 83
25 83
83 85
50 83
37 83
72 83
73 79
58 79
6 79
29 73
40 73
50 73
25 73
73 85
72 73
9 73
25 37
6 25
32 85
32 58
6 32
32 37
6 58
6 29
6 85
16 85
16 37
16 58
37 78
0 37
37 85
37 72
29 37
31 62
29 62
40 62
50 62
62 78
62 72
9 62
58 62
62 85
58 71
71 85
31 85
78 85
9 85
28 58
29 31
31 40
31 50
31 72
9 31
31 78
31 58
72 74
9 74
58 74
57 78
29 78
40 78
50 78
72 78
9 78
58 78
2 72
2 58
9 57
9 29
9 40
9 50
9 58
9 72
58 87
57 72
58 72
0 72
50 72
24 58
50 57
40 50
22 58
29 57
40 57
57 58
58 70
40 58
0 40
1 58
29 58
34 58
0 58
