90 1602
18 81
18 60
47 60
61 81
60 61
18 33
33 47
33 61
20 81
20 60
20 33
18 41
41 47
41 61
20 41
20 76
76 81
60 76
33 76
41 76
18 34
34 47
34 61
20 34
34 76
18 62
47 62
61 62
20 62
62 76
62 81
60 62
33 62
41 62
34 62
18 28
28 47
28 61
20 28
28 76
28 62
36 81
36 60
33 36
36 41
28 36
7 18
7 47
7 61
7 20
7 76
7 62
7 36
38 81
38 60
33 38
38 41
28 38
7 38
34 38
18 70
47 70
61 70
20 70
70 76
62 70
36 70
38 70
74 81
60 74
33 74
41 74
34 74
7 74
28 74
70 74
18 46
46 47
46 61
20 46
46 76
46 62
36 46
38 46
46 74
28 46
46 60
2 74
2 60
2 81
2 33
2 41
2 34
2 7
2 70
18 59
47 59
59 61
20 59
59 76
59 62
36 59
38 59
59 74
28 59
59 60
2 59
59 70
20 39
39 76
39 62
36 39
39 74
28 39
39 70
39 81
33 39
39 41
7 39
34 39
39 46
39 59
51 62
36 51
51 74
28 51
51 70
39 51
51 81
20 56
38 56
28 56
56 60
2 56
47 73
61 73
20 73
73 76
62 73
36 73
28 73
60 73
2 73
73 81
33 73
41 73
7 73
34 73
46 73
59 73
18 32
32 47
32 61
20 32
32 76
32 62
32 36
32 38
28 32
32 60
32 70
32 73
32 81
18 71
47 71
61 71
20 71
71 76
62 71
36 71
38 71
71 74
60 71
2 71
70 71
71 73
33 71
41 71
34 71
7 71
49 62
36 49
28 49
49 60
2 49
39 49
49 81
49 71
22 81
22 71
20 77
76 77
62 77
36 77
74 77
60 77
70 77
39 77
73 77
56 77
20 23
23 62
23 28
23 60
23 70
23 39
23 81
23 56
23 33
23 41
7 23
23 34
43 74
28 43
43 70
39 43
43 81
23 43
43 77
25 33
25 41
25 34
7 25
22 52
25 52
28 50
50 60
2 50
50 70
50 81
50 71
23 50
25 50
16 47
16 61
16 20
16 76
16 62
16 38
16 74
16 60
2 16
16 70
16 81
16 71
16 22
16 33
16 41
62 75
38 75
74 75
28 75
60 75
73 75
75 81
56 75
75 77
16 75
50 75
20 24
24 76
24 62
24 36
24 74
24 28
24 60
24 39
24 81
23 24
22 24
16 24
24 50
11 33
11 41
47 87
61 87
20 87
76 87
62 87
36 87
38 87
74 87
28 87
60 87
70 87
73 87
81 87
71 87
77 87
22 87
16 87
11 87
35 47
35 61
20 35
35 76
35 62
35 38
35 74
28 35
35 60
35 39
35 81
35 71
35 77
33 72
41 72
34 72
7 72
2 6
6 39
6 81
6 56
6 77
6 72
6 50
6 24
6 51
3 23
3 72
30 81
23 30
22 30
25 30
16 30
30 33
30 41
12 20
12 76
12 62
12 36
12 74
12 28
2 12
12 70
12 81
12 56
12 22
12 72
12 30
11 12
12 51
12 46
20 88
76 88
62 88
36 88
28 88
60 88
70 88
39 88
73 88
56 88
77 88
22 88
30 88
24 88
35 88
12 88
2 19
19 73
19 81
19 71
19 23
19 72
16 19
15 50
11 15
15 33
60 85
39 85
73 85
71 85
23 85
22 85
50 85
15 85
24 85
12 85
28 66
60 66
66 70
39 66
66 81
66 71
23 66
22 66
16 66
15 66
51 66
43 66
8 70
8 39
8 73
8 71
8 77
8 25
8 30
8 15
8 35
3 8
8 66
55 74
55 60
2 55
55 73
55 81
55 71
22 55
55 72
50 55
15 55
51 55
12 55
55 66
23 53
53 72
50 53
11 53
35 53
3 53
43 53
53 55
28 83
60 83
2 83
73 83
81 83
71 83
77 83
72 83
16 83
30 83
24 83
51 83
66 83
32 83
24 84
12 84
43 84
83 84
79 81
56 79
23 79
22 79
16 79
11 79
51 79
3 79
19 79
32 79
79 83
29 38
29 60
29 70
29 39
29 81
29 56
23 29
25 29
29 50
29 30
29 35
12 29
29 43
29 55
29 79
20 40
40 62
28 40
40 60
40 70
39 40
40 81
40 56
40 77
40 72
16 40
30 40
40 51
12 40
40 43
40 55
40 79
58 66
32 58
58 83
40 58
53 58
34 58
23 63
25 63
16 63
24 63
51 63
12 63
63 66
55 63
63 79
68 81
68 71
23 68
25 68
16 68
15 68
35 68
51 68
43 68
19 68
68 79
46 68
53 68
18 69
47 69
61 69
20 69
69 76
62 69
36 69
38 69
69 74
28 69
60 69
2 69
69 70
69 73
69 81
23 69
69 77
69 72
50 69
11 69
35 69
12 69
66 69
55 69
69 83
68 69
53 69
18 44
44 47
44 61
20 44
44 76
44 62
36 44
38 44
28 44
44 60
44 70
44 73
44 81
44 56
44 77
44 72
30 44
11 44
44 51
12 44
44 66
19 44
44 79
40 44
18 45
45 47
45 61
20 45
45 76
45 62
36 45
38 45
28 45
45 60
2 45
45 73
45 81
45 56
23 45
25 45
16 45
15 45
24 45
45 51
45 66
32 45
10 38
10 60
2 10
10 39
10 81
10 71
10 23
10 25
10 30
10 11
10 35
3 10
10 43
10 32
10 83
10 33
26 76
26 62
26 28
26 60
26 70
26 39
26 73
26 56
23 26
25 26
16 26
15 26
26 35
3 26
26 66
26 55
10 26
26 68
43 48
48 55
10 48
40 48
4 60
4 39
4 81
4 56
4 77
4 72
4 50
4 11
4 51
4 12
4 43
4 19
4 83
4 48
4 45
4 44
4 33
4 59
4 75
22 89
25 89
50 89
11 89
35 89
12 89
66 89
32 89
79 89
40 89
53 89
26 89
63 89
59 89
84 89
5 18
5 47
5 61
5 20
5 76
5 62
5 36
5 38
5 74
5 28
5 60
2 5
5 70
5 39
5 81
5 71
5 22
5 25
5 30
5 15
5 35
5 12
5 66
5 32
5 83
5 68
5 45
5 26
5 33
24 64
3 64
19 64
32 64
64 83
40 64
48 64
26 64
34 64
54 77
25 54
16 54
30 54
35 54
51 54
19 54
54 55
54 83
40 54
53 54
26 54
54 63
54 64
46 54
54 89
1 20
1 76
1 62
1 36
1 28
1 60
1 2
1 70
1 73
1 56
1 77
1 25
1 50
1 15
1 24
1 12
1 43
1 32
1 83
1 68
1 53
1 44
1 33
1 59
1 46
1 89
1 54
1 7
27 43
27 55
10 27
27 40
27 48
26 27
27 63
27 59
27 84
6 27
17 18
17 47
17 61
17 20
17 76
17 62
17 36
17 38
17 74
17 28
17 60
2 17
17 70
17 39
17 73
17 56
17 77
17 22
16 17
11 17
17 24
12 17
17 43
17 19
17 83
10 17
17 53
17 26
17 34
17 64
17 46
17 88
47 82
61 82
20 82
76 82
62 82
36 82
28 82
60 82
70 82
39 82
56 82
71 82
77 82
16 82
30 82
15 82
35 82
3 82
43 82
32 82
79 82
40 82
45 82
44 82
63 82
75 82
82 84
17 82
54 82
57 62
38 57
28 57
57 60
2 57
39 57
57 81
56 57
57 77
25 57
16 57
15 57
35 57
3 57
43 57
55 57
57 79
40 57
53 57
44 57
33 57
57 75
57 84
17 57
57 88
57 58
30 86
15 86
35 86
3 86
43 86
19 86
10 86
48 86
45 86
26 86
33 86
59 86
84 86
17 86
86 88
57 86
42 60
42 70
42 73
42 56
23 42
22 42
16 42
30 42
42 51
3 42
19 42
32 42
10 42
42 68
42 45
26 42
34 42
33 42
42 84
42 89
42 54
7 42
42 69
8 42
18 78
47 78
61 78
20 78
76 78
62 78
36 78
38 78
28 78
60 78
2 78
70 78
73 78
71 78
77 78
25 78
50 78
15 78
35 78
12 78
66 78
19 78
10 78
40 78
45 78
26 78
33 78
59 78
78 84
6 78
78 88
58 78
42 78
5 78
41 78
4 78
8 78
78 86
49 78
14 18
14 47
14 61
14 20
14 76
14 62
14 36
14 38
14 28
14 60
2 14
14 39
14 73
14 71
14 23
14 72
14 16
14 15
14 51
3 14
14 19
14 55
14 83
10 14
14 48
14 26
14 33
14 64
14 46
6 14
14 17
7 14
14 69
14 27
14 29
13 47
13 61
13 20
13 76
13 62
13 38
13 74
13 60
13 70
13 73
13 81
13 71
13 77
13 72
13 50
13 15
13 24
3 13
13 43
13 55
10 13
13 68
13 48
13 26
13 33
13 64
13 84
6 13
13 88
7 13
13 69
5 13
13 82
4 13
13 87
31 60
31 73
31 81
31 56
23 31
25 31
31 50
15 31
31 35
3 31
31 66
31 32
31 79
10 31
31 45
31 53
31 34
31 75
31 84
31 89
17 31
31 58
31 69
0 31
29 31
13 31
31 52
31 86
37 81
37 56
23 37
22 37
30 37
11 37
37 51
12 37
37 66
37 55
37 83
37 68
37 48
37 53
37 63
37 64
37 75
6 37
37 54
7 37
37 42
5 37
29 37
37 41
8 37
2 21
21 70
21 81
21 71
21 23
21 22
21 50
21 24
21 35
3 21
21 43
21 55
21 79
21 68
21 53
21 44
21 33
21 59
21 84
6 21
21 58
21 57
21 69
0 21
21 82
21 41
21 52
21 87
1 21
21 49
21 37
67 74
60 67
67 70
67 73
67 81
67 71
67 77
22 67
50 67
11 67
51 67
12 67
66 67
32 67
10 67
48 67
45 67
26 67
63 67
64 67
46 67
67 89
54 67
57 67
42 67
0 67
41 67
4 67
47 80
61 80
20 80
76 80
62 80
36 80
38 80
74 80
28 80
60 80
2 80
39 80
80 81
56 80
77 80
25 80
30 80
11 80
51 80
12 80
19 80
80 83
10 80
40 80
48 80
26 80
63 80
59 80
46 80
17 80
80 88
58 80
27 80
5 80
29 80
4 80
67 80
49 80
14 80
80 85
9 30
9 15
9 24
9 43
9 66
9 19
9 79
9 68
9 53
9 44
9 34
9 75
9 46
6 9
9 88
9 58
9 69
0 9
9 29
9 13
9 52
9 80
9 49
9 85
62 65
36 65
28 65
60 65
2 65
39 65
65 81
56 65
65 77
65 72
30 65
11 65
24 65
51 65
43 65
32 65
65 79
10 65
45 65
44 65
63 65
64 65
65 75
65 89
65 88
7 65
42 65
0 65
65 82
4 65
8 65
65 86
9 65
65 87
65 85
1 65
9 14
80 86
21 67
37 67
14 67
67 78
1 67
37 49
31 37
1 37
14 31
31 85
31 78
13 85
13 14
13 86
14 86
14 78
42 82
5 42
42 86
27 42
5 86
82 86
52 86
5 57
29 57
57 82
41 57
27 57
57 69
52 57
5 82
82 87
82 85
52 82
8 82
17 52
17 87
17 69
7 17
0 17
17 27
0 27
1 27
4 27
8 27
27 85
27 87
27 41
0 1
1 29
1 41
1 8
1 87
54 87
41 54
4 54
8 54
5 54
7 54
52 54
64 84
58 64
0 64
49 64
5 64
41 64
59 64
64 87
5 89
5 6
5 49
4 5
0 5
85 89
41 89
0 89
8 89
4 89
6 89
4 58
4 41
4 8
4 49
48 52
33 48
8 48
26 48
48 59
45 48
48 75
48 53
48 88
26 49
26 52
26 41
0 26
10 88
10 49
10 45
10 34
10 41
40 45
34 45
7 45
44 45
45 87
45 85
0 45
41 45
45 49
7 44
44 85
44 46
44 87
44 69
44 75
44 59
34 44
6 44
44 88
33 69
59 69
46 69
69 88
29 69
52 69
69 87
41 69
33 68
6 68
68 87
7 68
0 68
63 68
68 75
34 68
53 63
34 63
52 63
33 63
29 63
58 63
8 63
59 63
63 87
46 63
46 58
6 58
58 88
58 85
58 87
7 58
49 58
40 84
40 85
8 40
40 88
40 59
40 49
29 40
29 53
29 34
29 59
29 75
6 29
29 88
0 29
29 49
29 41
7 79
59 79
6 79
79 85
41 79
0 79
79 84
53 84
34 84
33 84
75 84
8 84
7 84
49 84
52 83
75 83
8 83
53 83
83 87
46 83
6 53
46 53
52 53
55 87
0 55
55 75
46 55
8 55
55 85
55 88
8 34
8 75
7 8
8 87
8 52
66 85
59 66
7 66
0 66
6 66
49 66
33 85
75 85
6 85
85 88
7 85
52 85
85 87
15 32
7 15
15 49
15 46
15 19
15 41
19 24
19 51
19 43
19 87
19 52
19 32
19 34
19 33
19 88
19 75
19 59
33 88
59 88
46 88
49 88
12 34
12 33
12 52
7 12
30 49
0 30
3 30
30 34
30 52
30 35
3 11
3 24
3 51
3 59
3 6
3 43
0 3
3 75
3 87
3 32
3 49
6 32
6 34
6 59
6 46
6 49
32 72
59 72
46 72
35 72
35 50
33 35
35 87
35 75
7 35
35 43
35 49
0 35
46 87
49 87
11 51
11 59
11 24
11 43
24 33
24 75
0 24
24 32
24 46
24 52
24 34
24 41
34 75
59 75
52 75
7 75
0 75
16 34
7 16
16 59
16 46
16 51
16 50
33 50
41 50
34 50
50 52
43 50
7 50
32 50
32 52
46 52
0 52
41 52
25 43
25 51
25 49
0 25
43 46
41 43
23 77
23 46
33 77
41 77
7 77
34 77
22 77
22 33
22 41
22 34
7 22
22 59
22 32
22 51
22 49
0 22
32 49
33 49
7 49
59 71
32 71
0 71
46 71
32 41
32 33
7 32
32 34
56 73
56 81
33 56
41 56
7 56
34 56
56 59
46 56
51 56
33 51
51 59
41 51
59 81
46 59
2 46
0 2
46 70
46 81
41 46
0 74
28 70
60 70
70 81
33 70
41 70
34 70
7 70
0 70
0 38
7 28
7 60
7 81
7 34
0 7
34 36
28 81
28 60
28 33
28 41
28 34
0 28
0 62
34 60
34 81
33 34
0 34
34 41
0 76
41 60
41 81
0 20
33 60
33 81
0 61
60 81
47 81
0 81
0 47
