100 990
56 65
26 56
27 65
26 27
30 56
27 30
23 65
23 30
23 26
56 99
27 99
23 99
21 99
14 21
14 65
14 30
14 26
56 61
27 61
23 61
21 61
14 61
65 69
26 69
30 69
69 99
48 56
27 48
23 48
21 48
14 48
48 69
58 65
26 58
30 58
48 58
58 99
58 61
28 69
28 58
28 94
67 94
65 67
26 67
30 67
65 73
30 73
26 73
43 56
23 43
21 43
14 43
43 69
43 73
43 94
15 65
15 30
15 26
15 19
19 67
56 63
21 63
63 69
58 63
63 94
55 65
55 63
23 85
21 85
14 85
58 85
15 85
55 85
53 85
55 96
56 89
21 89
14 89
58 89
89 94
15 89
53 89
89 96
3 56
3 27
3 23
3 21
3 14
3 58
3 94
3 67
3 72
3 43
14 50
50 58
50 73
50 67
50 72
3 50
8 72
3 8
8 65
54 56
27 54
23 54
21 54
14 54
54 69
54 94
54 67
54 55
54 96
8 54
39 54
12 56
12 27
12 21
12 14
12 69
12 58
12 94
12 15
12 72
12 96
3 12
21 46
46 69
46 73
46 67
46 53
46 96
8 46
46 83
46 89
0 46
51 53
13 94
34 65
13 34
15 42
34 42
42 72
42 96
42 76
25 56
25 27
21 25
14 25
25 69
25 73
15 25
25 34
25 53
25 96
25 76
25 39
25 89
25 61
4 14
4 58
4 15
4 67
4 55
4 32
3 4
23 70
21 70
14 70
58 70
70 73
34 70
53 70
70 96
3 70
29 70
9 76
9 29
9 20
0 9
8 57
29 57
48 57
8 52
52 76
48 52
28 52
2 89
2 52
2 57
52 74
12 75
61 75
57 75
19 75
75 82
31 56
21 31
14 31
31 58
15 31
31 67
31 72
3 31
8 31
31 39
31 89
0 31
31 46
31 75
62 89
43 62
46 62
31 62
23 91
21 91
14 91
58 91
15 91
67 91
53 91
91 96
60 80
39 80
48 80
43 80
4 80
51 80
3 95
76 95
61 95
52 95
4 95
74 95
38 95
38 62
25 38
15 71
67 71
53 71
32 71
60 71
39 71
20 71
61 71
7 72
7 96
7 8
7 83
7 12
7 52
7 40
7 51
7 95
16 48
0 16
4 16
16 75
86 89
61 86
46 86
31 86
71 86
85 86
70 86
44 72
44 96
8 44
44 76
12 44
43 44
4 44
31 44
44 86
44 65
44 63
44 70
12 66
61 66
4 66
66 91
66 80
10 82
10 54
56 97
27 97
23 97
21 97
14 97
69 97
94 97
55 97
72 97
32 97
8 97
76 97
89 97
61 97
4 97
51 97
49 97
10 97
93 95
65 93
62 93
47 72
32 47
47 76
47 83
12 47
47 61
40 47
47 51
47 91
47 65
47 93
42 47
24 56
24 27
23 24
21 24
14 24
24 58
24 94
24 67
24 72
24 32
3 24
24 76
12 24
24 43
24 52
24 51
24 86
24 65
24 25
13 24
21 77
14 77
69 77
58 77
77 94
67 77
72 77
32 77
3 77
39 77
12 77
52 77
4 77
75 77
49 77
16 77
3 37
29 37
37 48
0 37
37 57
37 75
37 80
16 37
73 79
67 79
53 79
79 96
8 79
39 79
20 79
52 79
40 79
31 79
79 91
65 79
37 79
17 60
17 76
12 17
17 61
17 46
17 51
17 95
17 30
17 37
17 50
60 87
39 87
87 89
43 87
57 87
87 91
86 87
30 87
17 87
13 87
36 87
4 6
6 75
6 49
6 16
6 25
6 36
6 24
14 90
69 90
90 94
34 90
55 90
90 96
8 90
76 90
12 90
43 90
57 90
51 90
49 90
30 90
37 90
13 90
7 90
6 90
45 69
45 58
45 73
45 67
45 53
45 96
8 45
29 45
45 48
0 45
40 45
45 75
45 86
30 45
45 93
45 71
24 45
60 84
76 84
12 84
61 84
57 84
74 84
84 86
30 84
62 84
71 84
24 84
50 84
48 64
61 64
4 64
31 64
64 80
64 65
37 64
64 71
7 64
64 84
6 64
19 64
57 98
31 98
49 98
65 98
63 98
42 98
66 98
12 18
18 43
18 40
18 51
18 80
10 18
18 93
17 18
7 18
18 28
15 33
33 67
33 72
32 33
8 33
29 33
33 48
33 61
4 33
33 51
33 80
33 65
25 33
17 33
7 33
18 33
6 33
3 41
39 41
20 41
41 52
4 41
41 74
41 49
41 62
41 93
17 41
41 54
41 84
41 45
22 46
22 74
22 80
22 62
22 25
22 42
22 66
6 22
22 41
21 88
58 88
88 94
15 88
55 88
32 88
3 88
83 88
48 88
61 88
57 88
51 88
88 91
16 88
37 88
13 88
66 88
28 88
1 57
1 75
1 49
1 30
1 63
1 42
1 7
1 18
1 88
1 44
1 38
68 73
55 68
68 72
32 68
68 76
39 68
48 68
0 68
40 68
68 75
68 80
16 68
63 68
68 71
66 68
6 68
1 68
68 88
68 77
78 93
13 78
66 78
18 78
2 78
78 82
72 92
92 96
8 92
76 92
12 92
0 92
40 92
74 92
92 95
30 92
25 92
70 92
54 92
18 92
1 92
3 5
5 83
5 20
0 5
5 46
5 51
5 80
5 16
5 62
5 70
5 54
5 99
2 5
5 82
5 92
48 81
43 81
46 81
31 81
80 81
65 81
25 81
71 81
36 81
81 84
2 81
5 81
14 59
58 59
59 94
55 59
53 59
59 96
3 59
39 59
20 59
52 59
46 59
59 74
59 95
30 59
59 93
13 59
7 59
28 59
59 85
59 79
50 59
59 97
35 60
35 76
12 35
35 52
35 40
35 74
35 80
30 35
35 62
35 70
35 54
35 99
35 59
5 35
35 64
35 87
35 98
35 50
11 59
11 82
11 90
11 81
11 92
11 87
78 81
47 81
79 81
5 98
78 92
38 92
90 92
78 97
68 78
22 68
50 68
1 77
19 88
87 88
47 88
22 88
22 77
9 22
22 90
33 41
26 41
41 90
41 97
9 33
33 85
33 79
33 44
18 79
18 98
45 98
64 98
9 98
90 98
38 64
47 64
77 84
19 84
45 84
45 90
45 87
26 45
9 45
6 87
6 26
50 87
85 87
17 66
17 19
17 79
17 54
54 79
19 79
38 79
44 79
37 82
37 85
25 37
37 77
7 37
36 77
54 77
26 77
77 97
50 77
36 82
24 36
36 38
19 36
9 24
24 26
2 24
24 47
47 99
2 47
47 97
47 85
93 97
71 93
28 93
70 97
66 97
97 99
38 97
10 85
2 10
10 99
10 63
10 66
10 71
66 71
28 66
44 66
28 44
19 44
9 44
44 85
16 86
50 86
86 99
42 86
16 25
16 26
7 16
13 16
16 19
7 70
7 54
7 99
40 71
26 40
40 85
40 70
40 54
4 40
71 74
13 71
38 71
71 99
28 38
26 38
19 95
28 95
80 95
9 95
26 95
42 95
13 80
30 60
48 60
43 60
13 60
26 60
60 61
28 60
60 91
49 60
60 63
29 91
12 91
43 91
46 91
91 99
42 91
19 91
25 91
28 91
62 91
54 91
65 91
30 62
28 62
62 70
9 62
9 31
31 54
31 63
31 85
31 82
49 82
42 82
28 82
2 82
19 82
9 82
70 75
74 75
49 75
2 74
65 74
50 74
13 74
2 49
2 63
2 42
2 99
2 19
51 52
52 57
52 65
50 52
28 57
49 57
42 57
9 57
57 63
9 63
9 13
9 99
20 30
20 70
20 48
19 20
43 70
63 70
50 70
42 70
26 70
4 29
29 49
29 43
13 29
29 63
4 89
4 43
4 99
4 25
25 49
25 42
25 26
76 89
42 83
42 89
42 43
42 85
19 42
26 34
34 61
13 55
13 32
13 48
0 13
13 46
13 63
13 28
32 63
32 39
30 32
28 32
19 32
32 51
26 32
32 49
3 51
39 51
12 51
46 51
26 51
30 51
30 46
46 65
46 50
30 83
83 99
83 85
12 83
65 83
48 83
12 54
43 54
54 63
50 54
8 99
8 19
8 50
8 85
39 50
50 89
50 65
26 50
3 65
3 39
3 89
43 89
26 89
28 89
65 89
89 99
61 96
48 96
96 99
85 96
48 85
43 85
28 85
85 99
26 85
30 55
26 55
48 55
55 61
53 63
61 63
0 63
49 63
63 99
28 53
53 65
43 53
19 53
19 39
19 43
15 48
15 72
15 43
73 99
61 73
48 73
73 94
39 73
39 67
39 72
39 61
28 39
26 39
28 67
67 99
48 67
48 49
48 61
61 69
69 94
61 94
26 61
14 99
94 99
72 99
0 99
21 30
30 94
30 72
0 30
30 49
30 65
21 26
26 94
21 65
65 94
65 72
21 94
72 94
49 72
0 49
