100 1485
2 93
21 93
2 21
87 93
21 87
74 87
2 42
42 87
32 93
21 32
32 74
32 42
16 93
16 21
16 74
16 42
2 16
16 87
16 32
52 93
21 52
52 74
42 52
16 52
68 87
2 68
32 68
72 93
21 72
72 74
42 72
16 72
68 72
32 72
26 87
2 26
26 52
26 72
5 93
5 21
5 74
5 42
5 16
5 68
5 32
5 26
33 93
21 33
33 74
33 42
16 33
33 68
32 33
33 87
2 33
33 52
33 72
34 93
21 34
34 74
34 42
16 34
34 68
32 34
26 34
33 34
2 99
87 99
72 99
52 99
59 93
21 59
59 74
42 59
16 59
59 68
32 59
26 59
33 59
59 99
68 90
32 90
2 90
87 90
52 90
72 90
59 90
5 90
34 90
4 93
4 21
4 74
4 42
4 16
4 68
4 32
4 26
4 33
4 99
4 90
66 93
66 74
42 66
16 66
32 66
26 66
66 99
2 66
66 87
52 66
66 72
5 66
34 66
59 66
4 66
92 93
21 92
74 92
42 92
16 92
68 92
32 92
26 92
33 92
92 99
90 92
66 92
77 90
2 77
77 87
52 77
72 77
59 77
34 77
5 77
4 77
77 92
30 93
21 30
30 42
16 30
30 32
30 33
30 99
30 77
53 90
53 77
22 66
22 77
22 87
2 22
22 72
22 52
5 22
22 59
22 34
6 22
5 6
70 93
21 70
70 74
42 70
16 70
68 70
32 70
33 70
70 99
70 77
53 70
41 93
21 41
41 42
16 41
32 41
26 41
41 66
41 77
41 53
41 87
2 41
41 52
41 72
12 68
12 32
12 99
12 77
12 41
69 93
21 69
16 69
68 69
32 69
33 69
69 99
2 8
8 87
8 52
8 72
8 59
5 8
8 34
7 99
7 8
7 22
5 7
70 83
83 87
2 83
52 83
7 83
72 83
78 93
21 78
74 78
42 78
16 78
68 78
32 78
26 78
66 78
77 78
53 78
5 78
78 83
33 91
8 91
22 91
69 91
2 60
60 87
52 60
60 72
60 76
32 89
26 89
66 89
77 89
22 89
41 89
69 89
2 89
87 89
13 93
13 21
13 74
13 42
13 16
13 68
13 32
13 33
13 99
8 13
13 22
13 41
13 69
13 89
60 61
61 83
16 62
26 62
62 99
62 77
53 62
41 62
62 70
62 89
62 87
2 62
15 99
15 77
15 41
5 15
29 87
2 29
29 52
29 72
20 93
20 21
20 74
20 42
16 20
20 68
20 32
20 26
20 90
20 66
20 22
20 69
20 29
20 91
20 62
25 74
16 25
25 32
25 33
25 90
8 25
25 53
5 25
25 70
25 91
25 62
24 25
35 93
21 35
35 74
16 35
32 35
33 35
35 90
8 35
22 35
5 35
35 83
35 91
35 62
13 35
25 35
57 93
21 57
42 57
16 57
32 57
33 57
57 90
57 66
22 57
5 57
57 70
57 89
57 61
24 57
25 57
12 57
37 61
37 78
37 85
37 57
32 88
33 88
88 90
8 88
53 88
5 88
29 88
83 88
61 88
34 88
25 88
57 88
87 88
22 50
50 69
50 83
50 91
50 87
2 50
43 90
43 66
22 43
5 43
43 70
43 50
13 43
24 43
43 85
25 43
43 88
0 43
44 93
21 44
44 74
16 44
44 68
33 44
44 66
44 77
44 53
5 44
44 70
44 89
13 44
44 78
25 44
27 93
21 27
27 42
16 27
27 68
27 32
27 99
27 77
27 53
27 69
27 29
27 89
27 62
24 27
25 27
40 93
21 40
40 74
40 42
16 40
40 68
32 40
26 40
33 40
40 99
40 90
8 40
22 40
40 69
29 40
40 89
40 50
24 40
25 40
51 93
21 51
51 74
42 51
16 51
51 68
32 51
33 51
51 99
8 51
22 51
5 51
29 51
51 89
51 62
51 78
48 83
48 50
48 61
34 48
48 78
65 90
65 77
53 65
41 65
65 70
65 83
61 65
13 65
48 65
27 65
30 65
23 53
5 23
23 29
23 89
23 50
13 23
23 48
23 57
23 88
7 23
48 97
27 97
87 97
23 97
56 74
16 56
32 56
26 56
33 56
8 56
53 56
5 56
56 70
56 91
50 56
34 56
25 56
40 56
56 88
7 56
62 94
78 94
85 94
40 94
87 94
0 94
20 94
51 94
35 94
22 47
41 47
29 47
47 83
47 50
34 47
47 85
25 47
27 47
23 47
47 94
47 51
20 47
84 93
21 84
74 84
16 84
32 84
26 84
66 84
77 84
41 84
5 84
29 84
84 91
61 84
34 84
25 84
40 84
30 84
7 84
44 84
48 67
40 67
67 88
0 67
67 94
35 67
78 79
25 79
79 87
7 79
44 79
67 79
20 79
28 74
16 28
28 32
26 28
28 90
28 77
28 41
28 69
28 70
28 91
28 61
28 34
28 85
28 57
28 88
23 28
28 94
28 51
28 92
54 83
54 91
54 61
54 78
54 85
40 54
30 54
0 54
44 54
51 54
3 41
3 69
3 60
3 89
3 50
3 34
3 48
3 57
3 27
3 7
70 95
89 95
62 95
13 95
85 95
57 95
27 95
0 95
94 95
74 96
16 96
32 96
26 96
90 96
66 96
22 96
69 96
60 96
91 96
61 96
34 96
48 96
25 96
87 96
0 96
95 96
56 96
3 96
84 96
19 87
7 19
19 94
19 67
32 49
33 49
49 99
49 66
41 49
49 69
49 60
49 91
49 61
24 49
49 85
25 49
30 49
0 49
44 49
49 51
43 49
29 71
71 83
13 71
34 71
71 78
25 71
71 87
23 71
71 95
56 71
49 71
28 71
6 71
32 38
26 38
38 90
8 38
38 41
38 69
38 60
38 83
38 50
38 78
38 85
38 40
38 88
7 38
38 95
35 38
20 38
3 38
38 54
12 38
50 63
63 78
48 63
40 63
63 87
63 88
63 94
63 67
20 63
3 63
32 39
33 39
39 90
39 77
8 39
5 39
29 39
39 83
39 50
39 78
39 85
39 57
30 39
23 39
39 56
39 67
39 49
39 84
10 44
10 51
10 49
10 28
10 19
70 98
91 98
50 98
34 98
25 98
40 98
87 98
7 98
56 98
35 98
49 98
3 98
10 98
36 93
21 36
36 74
16 36
32 36
26 36
36 90
36 66
36 41
5 36
29 36
36 91
36 61
34 36
36 48
36 40
30 36
36 88
36 94
35 36
36 49
28 36
10 36
36 79
4 36
18 49
18 28
6 18
18 36
55 99
55 66
22 55
55 69
29 55
55 89
55 62
34 55
55 78
25 55
27 55
7 55
44 55
55 67
55 92
55 84
54 55
55 59
29 82
82 89
61 82
13 82
78 82
57 82
82 87
0 82
44 82
56 82
82 92
3 82
19 82
59 82
55 82
79 82
71 82
21 64
64 74
42 64
16 64
64 68
26 64
64 90
64 66
53 64
64 69
29 64
64 89
62 64
24 64
64 85
40 64
30 64
23 64
64 95
64 67
20 64
3 64
39 64
59 64
64 82
64 79
37 64
9 16
9 32
9 90
9 77
9 53
5 9
9 29
9 89
9 62
9 34
9 48
9 57
9 30
7 9
9 95
9 56
9 49
9 84
9 10
9 54
9 55
9 79
58 85
27 58
58 87
23 58
58 94
35 58
49 58
28 58
6 58
54 58
55 58
58 98
58 65
45 67
28 45
39 45
38 45
45 52
45 65
45 58
18 45
17 50
17 24
17 78
17 27
17 30
7 17
17 44
17 35
17 92
17 28
17 19
17 38
17 52
17 98
17 65
17 18
17 45
16 75
68 75
32 75
33 75
75 99
75 77
8 75
69 75
70 75
75 91
62 75
34 75
75 78
57 75
30 75
23 75
44 75
35 75
75 92
3 75
10 75
36 75
52 75
75 97
2 75
18 75
17 75
70 86
86 91
62 86
34 86
48 86
57 86
86 88
23 86
86 94
67 86
86 92
84 86
39 86
54 86
59 86
86 97
58 86
31 93
21 31
31 74
31 42
16 31
31 68
31 32
26 31
31 99
31 66
22 31
5 31
31 83
31 89
31 61
31 78
31 85
31 40
30 31
0 31
31 95
31 56
20 31
6 31
19 31
31 38
31 55
31 97
31 65
31 80
31 43
31 63
81 93
21 81
74 81
42 81
16 81
68 81
32 81
26 81
33 81
81 99
66 81
8 81
53 81
69 81
29 81
81 91
13 81
34 81
81 85
40 81
27 81
23 81
56 81
51 81
49 81
3 81
19 81
36 81
55 81
65 81
2 81
31 81
80 81
81 86
15 81
44 73
35 73
20 73
6 73
39 73
59 73
73 82
73 79
37 73
31 73
12 73
73 81
14 93
14 21
14 42
14 16
14 32
14 33
14 99
14 66
14 22
14 69
14 70
14 91
14 61
14 34
14 48
14 27
14 30
14 23
14 44
14 51
14 92
3 14
14 39
14 38
14 55
14 79
14 37
14 64
14 17
14 81
14 43
9 14
14 15
14 73
73 75
73 96
15 73
4 81
31 96
31 86
12 86
76 86
75 86
72 86
45 86
75 76
63 75
45 75
17 47
1 50
1 13
1 85
1 25
1 30
0 1
1 95
1 35
1 67
1 84
1 39
1 54
1 82
1 97
1 58
1 64
1 17
11 60
11 50
11 61
11 13
11 25
11 57
11 88
0 11
11 95
11 51
11 20
11 84
10 11
11 54
11 82
11 97
11 37
2 11
1 11
11 12
11 72
11 47
11 63
11 45
1 15
46 93
21 46
46 74
42 46
16 46
46 68
32 46
26 46
33 46
46 99
46 90
8 46
46 53
41 46
46 70
46 91
46 62
13 46
46 48
27 46
46 87
46 88
46 95
46 51
20 46
28 46
39 46
36 46
46 52
46 98
37 46
2 46
1 46
4 46
46 72
43 46
15 46
46 71
1 63
1 12
17 72
45 76
45 96
58 72
9 58
58 96
15 58
9 64
9 80
9 72
9 43
9 63
9 71
64 71
18 64
47 64
64 72
37 82
82 97
82 96
18 55
15 55
55 76
2 55
18 98
18 37
4 18
15 18
12 18
36 97
15 36
36 98
36 37
36 47
52 98
37 98
4 98
63 98
97 98
72 98
10 52
10 39
10 76
10 43
4 10
10 37
39 54
39 59
39 63
39 65
38 63
59 63
2 63
4 63
63 71
38 76
38 72
38 71
38 80
38 52
71 79
2 71
71 80
4 71
71 72
49 72
2 49
49 76
19 49
3 19
6 19
19 97
19 80
19 96
2 19
12 19
19 72
59 96
79 96
80 96
4 96
76 96
47 96
76 95
2 95
65 95
3 95
6 95
44 95
3 51
3 92
3 54
3 4
3 84
28 54
54 79
2 54
43 54
54 59
28 65
28 80
28 79
28 76
2 79
15 79
47 79
67 84
67 92
12 67
37 67
6 67
84 92
52 84
15 84
2 84
47 84
37 84
6 47
47 59
47 65
12 47
47 76
43 47
59 94
12 94
72 94
56 94
56 97
52 56
56 80
4 56
56 72
56 76
56 65
51 97
20 97
6 97
80 97
43 97
76 97
23 51
23 44
23 35
23 65
23 37
20 65
59 65
52 65
12 65
65 76
43 65
48 87
6 48
2 48
48 51
4 48
12 48
15 48
40 51
51 87
43 51
4 51
51 52
15 51
40 87
0 40
40 76
40 80
40 52
27 40
27 92
27 44
27 59
4 27
15 27
6 27
27 35
30 44
44 92
37 44
15 44
43 44
6 43
43 52
43 80
15 43
15 50
50 78
4 50
50 92
12 50
50 80
13 80
78 80
80 88
0 80
35 80
80 92
52 80
2 80
4 80
76 88
72 88
6 88
37 88
15 88
35 37
12 37
4 37
2 57
30 57
20 57
35 57
7 57
57 72
6 35
2 35
20 35
35 59
25 52
25 76
7 24
20 24
24 87
24 92
2 24
24 30
20 85
20 30
7 20
20 92
4 20
15 20
4 29
15 29
15 62
15 34
7 15
6 15
6 62
59 62
61 62
34 62
62 76
62 72
2 61
61 87
52 61
61 85
13 61
7 61
2 13
13 30
13 87
13 52
13 85
4 13
13 78
12 13
89 92
12 89
4 89
72 89
76 89
85 89
34 76
0 76
2 76
12 76
59 60
60 70
30 60
60 85
60 91
83 91
2 91
87 91
52 91
78 91
7 91
6 78
59 78
78 92
34 83
30 83
59 83
6 83
7 85
7 30
4 7
7 59
7 92
7 72
8 69
8 92
4 8
22 69
41 69
2 69
69 87
69 72
52 69
4 69
69 92
12 69
12 70
12 87
0 12
12 92
6 12
12 52
41 59
34 41
5 41
41 92
30 41
41 70
70 87
2 70
70 72
52 70
34 70
70 92
6 70
0 6
6 59
6 72
22 53
53 87
2 53
53 72
52 53
34 53
53 59
5 53
4 53
30 53
53 85
30 85
4 30
2 30
87 92
52 92
59 92
66 85
4 52
85 90
5 59
34 59
59 87
59 72
5 99
34 99
5 34
34 72
5 33
33 85
5 87
2 5
5 52
5 72
5 85
72 85
52 68
68 85
32 52
52 87
0 52
16 85
32 87
2 32
0 87
21 74
2 74
0 2
74 93
74 85
0 85
