100 2475
35 48
35 85
48 85
8 35
8 85
35 61
61 85
48 61
9 35
9 85
9 61
20 48
8 20
9 20
35 58
58 85
58 61
20 58
35 87
85 87
61 87
48 87
8 87
9 87
24 35
24 85
24 61
20 24
24 87
48 89
8 89
9 89
58 89
24 89
35 51
51 85
51 61
20 51
51 87
51 89
48 60
8 60
9 60
58 60
24 60
51 60
21 35
21 85
21 61
20 21
21 87
21 89
21 60
28 48
8 28
9 28
24 28
28 58
28 51
35 37
37 85
37 61
20 37
37 87
37 89
37 60
28 37
38 48
9 38
8 38
38 58
24 38
21 38
38 51
37 38
35 82
82 85
61 82
20 82
82 87
82 89
60 82
28 82
38 82
35 46
46 85
46 61
46 48
9 46
8 46
24 46
46 58
21 46
46 82
37 46
46 51
35 75
75 85
61 75
20 75
75 87
75 89
60 75
28 75
38 75
46 75
1 48
1 9
1 8
1 58
1 24
1 21
1 82
1 37
1 51
13 35
13 85
13 61
13 20
13 87
13 89
13 60
13 28
13 38
13 46
1 13
13 58
13 75
14 48
9 14
8 14
14 24
14 51
14 37
14 21
14 82
35 67
67 85
61 67
20 67
67 87
67 89
60 67
28 67
38 67
46 67
1 67
58 67
67 75
14 67
48 59
9 59
8 59
24 59
37 59
21 59
59 82
51 59
13 59
59 67
35 54
54 85
54 61
20 54
54 87
54 89
54 60
28 54
38 54
46 54
1 54
54 58
54 75
14 54
54 59
35 97
85 97
61 97
20 97
87 97
89 97
60 97
28 97
38 97
46 97
1 97
58 97
75 97
14 97
48 97
9 97
8 97
24 97
21 97
37 97
51 97
82 97
67 97
54 97
13 97
17 35
17 85
17 61
17 20
17 87
17 89
17 60
17 28
17 38
17 46
1 17
17 58
17 75
14 17
17 59
17 97
2 35
2 85
2 61
2 20
2 87
2 38
1 2
2 75
2 14
2 48
2 9
2 8
2 24
2 51
2 82
2 37
2 21
2 13
2 54
2 67
2 17
35 71
71 85
61 71
20 71
71 87
71 89
60 71
28 71
38 71
46 71
1 71
58 71
71 75
14 71
59 71
71 97
2 71
48 74
9 74
8 74
24 74
74 82
51 74
37 74
21 74
67 74
13 74
54 74
17 74
29 35
29 85
29 61
20 29
29 87
29 89
29 60
28 29
29 38
29 46
1 29
29 58
29 75
14 29
29 59
29 97
2 29
29 74
26 48
8 26
9 26
24 26
26 82
21 26
26 37
26 51
13 26
26 54
26 67
26 71
26 29
17 26
35 63
63 85
61 63
20 63
63 87
63 89
60 63
28 63
38 63
46 63
1 63
58 63
63 75
14 63
59 63
63 97
2 63
63 74
26 63
94 97
2 94
48 94
8 94
9 94
24 94
51 94
37 94
82 94
21 94
13 94
54 94
67 94
71 94
29 94
17 94
63 94
35 49
49 85
49 61
38 49
49 58
49 75
49 97
26 49
49 94
1 73
58 73
59 73
26 73
6 48
6 9
6 8
6 24
6 37
6 51
6 21
6 82
6 67
6 54
6 13
6 71
6 17
6 29
12 35
12 85
12 61
12 20
12 87
12 89
12 60
12 28
12 38
12 46
1 12
12 58
12 75
12 14
12 59
2 12
6 12
12 73
35 56
56 85
56 61
20 56
56 87
56 89
56 60
28 56
38 56
46 56
1 56
56 58
56 75
14 56
56 59
56 97
2 56
56 74
6 56
24 56
48 56
9 56
8 56
21 56
56 82
37 56
51 56
54 56
13 56
56 67
17 56
35 42
42 85
42 61
42 87
42 89
42 46
42 58
42 75
42 97
42 74
42 94
42 56
35 65
65 85
61 65
20 65
65 87
65 89
60 65
28 65
38 65
46 65
1 65
58 65
65 97
26 65
6 65
24 65
48 65
8 65
9 65
65 82
21 65
37 65
51 65
13 65
65 67
54 65
34 85
34 46
34 58
34 75
34 59
26 34
6 34
24 34
34 65
52 58
52 75
52 59
52 74
6 52
24 52
52 56
35 66
66 85
61 66
20 66
66 87
66 89
60 66
28 66
38 66
46 66
1 66
58 66
66 75
14 66
59 66
66 97
2 66
66 74
6 66
66 73
48 66
8 66
9 66
51 66
66 82
37 66
21 66
66 67
13 66
54 66
35 86
85 86
61 86
20 86
86 87
86 89
60 86
28 86
38 86
46 86
58 86
75 86
14 86
2 86
6 86
73 86
66 86
52 86
14 93
26 93
6 93
24 93
56 93
66 93
48 93
9 93
8 93
37 93
82 93
51 93
21 93
1 31
31 58
2 31
31 74
24 31
31 73
31 56
31 93
35 36
36 85
36 61
36 87
36 89
36 46
1 36
36 75
36 97
2 36
6 36
36 73
36 56
36 52
36 48
8 36
9 36
36 37
36 82
36 51
21 36
35 96
85 96
61 96
20 96
87 96
89 96
60 96
46 96
1 96
58 96
59 96
74 96
24 96
56 96
65 96
93 96
36 96
12 96
43 48
9 43
8 43
37 43
35 41
41 85
41 61
20 41
41 87
41 89
41 60
38 41
1 41
41 58
14 41
41 74
6 41
24 41
41 65
41 52
41 63
59 79
26 79
6 79
73 79
65 79
79 93
36 79
48 79
8 79
9 79
51 79
37 79
21 79
79 82
12 79
67 79
15 35
15 85
15 61
15 20
15 87
15 89
15 60
15 28
15 38
15 46
1 15
15 58
2 15
15 74
15 94
15 24
15 56
15 52
15 36
15 79
15 43
19 35
19 85
19 61
19 20
19 87
19 89
19 60
19 28
19 38
19 46
1 19
19 58
19 75
14 19
19 59
19 97
2 19
19 74
19 94
19 73
19 56
19 52
19 36
19 63
12 19
19 48
9 19
8 19
69 85
46 69
1 69
69 75
69 97
26 69
69 94
24 69
56 69
52 69
69 93
69 79
69 71
19 69
49 69
69 82
59 99
26 99
6 99
56 99
65 99
93 99
36 99
79 99
71 99
49 99
35 76
76 85
61 76
20 76
76 87
76 89
60 76
28 76
38 76
46 76
1 76
58 76
75 76
14 76
59 76
2 76
76 94
56 76
66 76
52 76
76 93
12 76
43 76
19 76
48 76
9 76
8 76
23 58
23 75
23 97
2 23
23 94
23 24
23 65
23 52
23 63
12 23
23 71
19 23
23 76
23 41
23 99
9 23
23 34
47 58
47 75
47 97
47 74
24 47
47 56
47 65
47 52
47 93
47 63
12 47
47 49
47 84
41 47
47 82
9 47
13 47
47 48
6 50
50 73
50 56
50 66
50 63
50 79
43 50
50 71
49 50
41 50
22 35
22 85
22 61
20 22
22 87
22 38
22 58
22 75
22 97
2 22
22 94
22 56
22 66
22 52
22 36
22 63
22 71
22 49
22 84
22 82
22 48
9 22
8 22
22 96
63 78
78 79
71 78
49 78
76 78
78 82
22 78
9 78
13 78
47 78
48 78
21 78
14 64
2 64
64 94
24 64
64 65
64 93
36 64
63 64
64 71
19 64
64 84
64 82
22 64
9 64
13 64
47 64
35 80
80 85
61 80
60 80
58 80
75 80
2 80
26 80
24 80
56 80
65 80
80 93
36 80
12 80
71 80
19 80
76 80
41 80
80 99
9 80
80 96
35 39
39 85
39 61
20 39
39 87
39 89
39 60
28 39
38 39
39 46
1 39
39 58
39 75
14 39
39 59
39 97
2 39
39 74
24 39
39 73
39 56
39 66
39 63
12 39
39 43
39 49
39 76
39 82
22 39
34 39
39 96
39 80
39 48
33 59
33 74
33 94
24 33
33 66
33 52
33 36
33 63
33 71
33 49
33 76
33 41
22 33
33 34
33 96
33 80
33 48
3 35
3 85
3 61
3 87
3 89
3 60
1 3
3 58
3 59
3 26
3 94
3 73
3 66
3 52
3 93
3 79
3 71
3 19
3 84
3 82
3 99
3 9
3 13
3 47
32 35
32 85
32 61
20 32
32 87
32 89
32 60
28 32
32 38
32 46
32 58
32 75
32 97
2 32
32 94
32 73
32 65
32 66
32 93
32 79
32 43
32 49
32 84
32 82
32 99
32 34
32 96
32 47
27 85
27 38
27 58
27 75
27 97
27 74
26 27
27 73
27 65
27 66
27 63
27 79
27 71
19 27
27 84
27 82
27 99
27 34
27 96
13 27
27 32
21 27
35 44
44 85
44 61
44 46
44 58
44 75
44 97
44 74
6 44
24 44
44 66
44 52
44 93
12 44
44 71
44 49
44 76
41 44
22 44
34 44
44 96
44 47
44 48
33 44
62 96
62 80
32 62
33 62
44 62
0 62
2 53
26 53
53 94
24 53
53 56
53 66
36 53
53 79
43 53
49 53
53 84
53 82
53 99
34 53
53 96
47 53
32 53
48 53
21 53
39 53
53 67
50 53
35 40
40 85
40 61
40 87
40 89
38 40
1 40
40 75
40 97
26 40
40 94
24 40
40 65
40 52
40 63
12 40
40 43
40 49
40 84
40 41
40 99
34 40
13 40
40 47
32 40
33 40
40 64
0 40
40 53
2 91
26 91
24 91
73 91
65 91
66 91
36 91
12 91
43 91
19 91
84 91
82 91
91 99
9 91
13 91
47 91
80 91
33 91
44 91
0 91
86 91
40 91
54 91
7 46
7 58
2 7
7 26
7 94
7 73
7 65
7 93
7 36
7 79
7 71
7 49
7 84
7 41
7 99
7 34
7 96
7 80
7 32
7 21
7 44
7 39
7 53
7 54
4 35
4 85
4 61
4 20
4 87
4 89
4 60
4 28
4 38
4 46
1 4
4 75
4 97
2 4
4 24
4 73
4 66
4 93
4 63
4 12
4 71
4 19
4 84
4 76
4 22
4 34
4 13
4 80
4 32
4 33
4 44
4 64
0 4
4 54
4 31
35 95
85 95
61 95
87 95
89 95
38 95
58 95
75 95
95 97
26 95
94 95
24 95
56 95
93 95
63 95
79 95
71 95
49 95
76 95
82 95
95 99
9 95
95 96
47 95
48 95
21 95
44 95
39 95
86 95
40 95
4 95
7 95
37 95
8 95
46 68
68 75
14 68
68 74
68 94
68 73
65 68
66 68
68 93
12 68
43 68
19 68
68 84
68 76
68 99
22 68
34 68
47 68
32 68
33 68
64 68
0 68
68 86
40 68
68 69
7 68
35 77
77 85
61 77
20 77
77 87
46 77
1 77
58 77
14 77
74 77
24 77
73 77
65 77
77 93
63 77
12 77
43 77
71 77
76 77
41 77
22 77
9 77
13 77
47 77
32 77
48 77
64 77
39 77
53 77
40 77
54 77
35 45
45 85
45 61
45 46
45 58
45 75
45 59
45 74
6 45
24 45
45 66
45 93
36 45
45 79
12 45
45 49
45 84
41 45
22 45
34 45
13 45
45 80
32 45
45 48
45 64
0 45
45 53
40 45
4 45
45 77
37 45
46 98
58 98
2 98
74 98
94 98
24 98
56 98
52 98
63 98
79 98
43 98
19 98
84 98
41 98
22 98
9 98
96 98
47 98
48 98
21 98
44 98
0 98
86 98
54 98
69 98
7 98
37 98
45 98
50 98
91 98
42 98
67 98
18 35
18 85
18 61
18 87
18 89
18 60
18 58
18 75
18 59
2 18
6 18
18 24
18 65
18 52
18 36
18 63
18 71
18 19
18 84
18 76
18 99
9 18
13 18
18 47
18 32
18 21
18 64
18 39
0 18
18 40
4 18
7 18
25 35
25 85
25 61
25 46
1 25
25 58
25 97
2 25
25 94
24 25
25 56
25 52
25 36
12 25
25 43
19 25
25 76
25 82
25 99
9 25
25 34
25 47
25 32
25 33
25 64
25 39
25 53
25 40
4 25
7 25
25 37
18 25
36 70
12 70
70 71
19 70
70 84
70 82
22 70
9 70
70 96
70 80
48 70
21 70
44 70
39 70
53 70
40 70
54 70
69 70
25 70
70 98
68 70
45 70
10 35
10 85
10 61
10 87
10 60
10 28
10 46
10 58
10 97
10 74
6 10
10 73
10 65
10 66
10 36
10 79
10 12
10 49
10 76
10 82
10 99
10 34
10 96
10 47
10 48
10 21
10 44
0 10
10 86
10 40
10 54
10 77
10 25
8 10
10 68
10 45
3 10
10 51
30 56
30 52
30 36
12 30
30 43
19 30
30 49
30 82
30 99
30 34
30 96
30 80
30 32
30 33
21 30
30 64
30 86
30 40
30 69
30 77
30 37
30 98
8 30
10 30
35 83
83 85
61 83
20 83
83 87
83 89
60 83
38 83
1 83
75 83
59 83
26 83
83 94
73 83
65 83
66 83
83 93
63 83
71 83
19 83
76 83
82 83
22 83
34 83
13 83
80 83
48 83
21 83
44 83
39 83
53 83
40 83
69 83
7 83
77 83
83 98
8 83
17 83
51 83
16 93
16 79
16 43
16 19
16 84
16 41
16 22
16 34
16 96
16 80
16 32
16 21
16 44
16 39
16 86
16 54
16 69
7 16
16 77
8 16
16 17
16 45
16 83
16 95
16 23
16 27
16 31
35 55
55 85
55 61
38 55
1 55
55 75
55 59
26 55
6 55
24 55
55 65
55 66
36 55
55 79
43 55
49 55
55 84
55 82
22 55
9 55
34 55
55 80
48 55
21 55
44 55
0 55
53 55
55 86
4 55
55 69
37 55
55 98
8 55
17 55
55 83
55 95
35 90
85 90
61 90
46 90
58 90
75 90
90 97
26 90
90 94
24 90
66 90
52 90
90 93
12 90
43 90
49 90
84 90
82 90
22 90
9 90
90 96
47 90
32 90
33 90
21 90
0 90
53 90
54 90
4 90
7 90
77 90
25 90
8 90
45 90
10 90
15 90
31 90
90 91
42 90
57 84
57 82
57 99
34 57
13 57
57 80
32 57
33 57
44 57
39 57
57 86
40 57
54 57
57 77
37 57
25 57
8 57
45 57
10 57
15 57
57 90
27 57
18 57
55 57
50 57
57 78
16 57
42 57
57 91
57 70
11 35
11 85
11 61
11 20
11 87
11 60
11 58
11 75
11 59
11 74
11 94
11 73
11 56
11 93
11 36
11 12
11 43
11 19
11 76
11 41
11 99
9 11
11 13
11 47
11 48
11 33
11 64
0 11
11 86
11 40
11 54
11 69
11 37
11 25
11 17
11 45
11 83
11 15
11 90
3 11
11 31
11 30
11 50
11 29
11 16
11 51
11 62
11 57
35 81
61 81
1 81
75 81
81 97
74 81
81 94
73 81
56 81
66 81
63 81
79 81
12 81
71 81
76 81
41 81
22 81
34 81
81 96
80 81
48 81
21 81
44 81
64 81
53 81
54 81
4 81
77 81
37 81
25 81
8 81
45 81
81 83
81 95
81 90
3 81
18 81
55 81
50 81
78 81
5 85
5 61
1 5
5 58
5 97
5 74
5 24
5 73
5 66
5 52
5 63
5 79
5 71
5 19
5 76
5 41
5 99
5 9
5 13
5 80
5 32
5 21
5 64
5 39
0 5
5 54
4 5
5 7
5 77
5 98
5 68
5 10
5 83
5 95
5 90
5 18
5 31
5 50
35 72
60 72
58 72
72 75
14 72
2 72
6 72
24 72
66 72
72 93
63 72
12 72
43 72
19 72
49 72
41 72
22 72
9 72
72 96
47 72
48 72
33 72
64 72
39 72
72 86
40 72
69 72
7 72
72 77
25 72
68 72
17 72
72 83
72 95
23 72
3 72
18 72
50 72
5 72
42 72
72 78
35 92
85 92
61 92
20 92
87 92
89 92
60 92
28 92
38 92
46 92
1 92
58 92
75 92
14 92
59 92
92 97
2 92
74 92
92 94
73 92
65 92
92 93
36 92
12 92
43 92
19 92
76 92
41 92
22 92
34 92
13 92
80 92
48 92
33 92
44 92
39 92
53 92
86 92
54 92
69 92
77 92
25 92
68 92
45 92
10 92
15 92
90 92
3 92
30 92
55 92
72 92
29 92
5 92
42 92
51 92
91 92
70 92
11 92
72 91
62 72
51 72
58 88
75 88
88 97
26 88
88 94
24 88
65 88
52 88
63 88
12 88
43 88
19 88
84 88
41 88
88 99
9 88
13 88
47 88
32 88
21 88
44 88
0 88
86 88
54 88
69 88
77 88
37 88
88 98
68 88
17 88
10 88
15 88
23 88
3 88
31 88
30 88
72 88
16 88
5 88
62 88
70 88
42 88
67 88
51 88
5 16
5 81
5 42
5 70
5 67
42 81
62 81
57 81
11 81
67 81
62 90
70 90
55 90
30 90
27 55
18 55
30 55
16 55
29 55
51 55
55 62
55 67
16 50
16 29
16 91
16 51
23 83
50 83
62 83
42 83
18 83
30 83
29 83
30 95
27 30
30 31
30 42
30 91
30 50
30 78
30 70
10 91
10 15
10 78
10 95
10 70
10 31
70 95
3 70
18 70
50 70
70 78
51 70
67 70
25 67
25 42
25 78
15 25
25 62
17 25
25 68
25 29
18 98
8 18
17 18
15 18
18 23
3 18
18 50
18 42
18 67
18 51
31 98
8 98
27 98
51 98
23 98
45 68
27 45
42 45
45 78
45 67
15 45
23 45
45 50
42 77
23 77
68 77
77 91
31 77
27 77
3 77
8 68
15 68
42 68
23 68
29 68
68 95
3 68
51 68
27 68
17 95
27 95
67 95
3 95
51 95
23 95
50 95
4 7
4 8
4 15
4 37
4 29
4 50
3 4
4 17
4 23
4 62
4 78
7 50
7 23
7 27
7 31
3 7
7 8
7 17
7 51
7 91
8 91
17 91
23 91
27 91
31 91
29 91
42 91
62 91
67 91
37 40
40 50
40 42
29 40
40 51
23 40
8 40
37 53
53 69
23 53
53 78
53 62
17 53
3 53
15 53
27 53
54 62
62 69
37 62
8 62
17 62
15 62
27 62
31 62
62 78
51 62
62 67
23 44
44 69
44 86
44 50
15 44
27 44
44 51
37 44
17 44
27 39
27 54
27 69
15 27
23 27
27 29
3 27
27 78
27 51
27 42
32 86
31 32
32 37
3 32
32 42
21 32
32 69
32 48
32 51
3 33
3 64
0 3
3 86
3 8
3 15
3 23
3 31
3 29
3 67
8 33
33 64
15 33
23 33
33 86
33 50
33 51
33 69
33 39
29 33
21 33
21 39
39 69
0 39
39 86
39 54
8 39
39 78
31 39
23 39
29 39
21 80
42 80
80 86
54 80
29 80
51 80
69 80
48 80
0 80
23 80
64 80
54 64
31 64
29 64
42 64
0 64
64 78
8 64
64 67
37 64
51 64
50 64
78 86
69 78
37 78
17 78
15 78
23 78
31 78
67 78
51 78
29 78
21 22
22 31
22 54
13 22
22 34
15 22
22 50
22 69
9 50
50 96
47 50
48 50
37 50
17 50
23 50
31 50
29 50
17 47
37 47
8 47
23 47
0 47
31 47
23 67
23 51
23 31
76 99
76 82
41 76
29 76
67 76
76 86
37 76
42 76
31 76
51 76
15 76
41 99
48 99
9 99
8 99
69 99
37 99
86 99
29 99
17 99
51 99
0 99
42 99
69 96
54 69
51 69
42 69
67 69
37 69
29 69
15 69
19 37
19 96
15 19
19 49
19 86
19 41
19 34
19 21
15 84
9 15
15 96
13 15
15 48
0 15
15 86
15 37
15 29
15 67
15 42
17 79
13 79
29 79
31 79
79 86
41 79
79 84
54 79
41 43
41 48
8 41
9 41
41 67
41 54
41 82
41 51
41 42
17 41
13 41
21 41
31 41
43 67
43 96
43 51
17 43
34 43
43 54
43 71
84 96
82 96
34 96
48 96
13 96
37 96
0 96
42 96
67 96
17 96
31 36
29 36
13 36
36 71
34 36
36 84
36 42
36 63
31 71
31 49
9 31
13 31
21 31
31 86
31 54
8 31
17 31
29 31
54 93
13 93
67 93
86 93
12 93
71 86
82 86
9 86
13 86
0 86
42 86
54 86
8 86
67 86
66 71
52 66
66 84
42 66
29 66
48 52
8 52
9 52
21 52
37 52
51 52
52 82
52 54
13 52
52 67
17 52
34 52
49 52
12 52
52 63
12 34
34 84
34 82
34 48
34 42
34 51
29 34
34 54
8 34
34 37
65 84
49 65
42 65
29 65
65 71
17 65
42 63
42 71
42 49
21 42
0 42
29 42
56 71
29 56
56 63
12 56
12 48
9 12
8 12
12 21
12 82
12 49
12 37
12 51
12 84
6 84
6 73
6 63
24 73
48 73
8 73
9 73
21 73
37 73
51 73
73 82
13 73
54 73
67 73
17 73
71 73
29 73
49 73
73 84
49 63
49 71
48 49
9 49
8 49
13 49
29 49
49 84
17 49
49 54
49 82
49 51
24 63
48 63
9 63
8 63
51 63
21 63
37 63
63 82
54 63
17 63
63 67
63 71
26 84
24 29
29 71
29 82
13 29
29 48
0 29
29 37
17 29
29 67
71 74
24 71
48 71
8 71
9 71
21 71
13 71
71 82
67 71
2 84
17 24
17 84
9 17
17 48
17 21
0 17
17 54
17 37
8 17
17 67
84 97
24 54
54 84
13 54
48 54
21 54
54 67
59 84
24 67
67 82
9 67
13 67
48 67
21 67
0 67
13 14
14 84
13 24
13 84
9 13
13 48
13 51
8 13
13 21
1 75
1 84
58 75
48 75
8 75
9 75
24 75
75 82
21 75
51 75
37 75
75 84
46 84
58 82
24 82
48 82
9 82
8 82
37 82
0 82
38 84
37 58
24 37
21 37
37 51
8 37
21 28
28 84
21 58
21 24
21 84
9 21
60 84
51 58
24 51
0 51
84 89
24 58
24 48
8 24
9 24
58 87
84 87
48 58
8 58
9 58
58 84
20 84
9 84
9 48
8 9
0 9
8 61
61 84
8 84
8 48
84 85
48 84
0 48
35 84
0 84
