100 495
44 74
14 74
14 44
53 74
14 53
7 44
55 74
14 55
7 55
44 76
55 76
53 76
74 98
14 98
7 98
76 98
44 85
55 85
85 98
1 85
3 44
7 35
3 35
35 79
31 85
7 9
16 74
14 16
16 68
16 44
68 88
16 88
68 87
62 87
64 74
14 64
44 67
53 67
55 67
27 74
14 27
7 27
27 76
27 67
16 27
27 31
11 27
74 89
14 89
67 89
16 89
31 89
26 68
26 62
26 39
26 64
26 63
31 48
68 75
16 75
42 75
40 67
16 40
40 42
1 40
20 40
31 34
34 84
20 34
34 44
29 74
14 29
29 67
9 29
5 44
5 29
37 85
37 62
5 37
37 64
20 37
37 44
28 80
51 79
11 51
28 51
0 51
62 72
2 88
36 85
9 36
36 62
2 36
36 50
36 44
8 74
8 14
8 85
8 16
8 64
1 8
60 79
2 60
20 60
62 73
73 84
60 73
18 62
1 18
70 76
3 70
31 70
59 98
58 74
7 58
58 68
16 58
5 58
58 59
58 63
58 75
55 58
64 77
59 77
60 77
23 74
14 23
7 23
23 76
23 68
9 23
23 39
11 23
23 63
23 89
17 72
17 23
12 79
1 12
12 30
12 89
12 80
42 46
1 46
46 63
23 46
12 46
46 53
8 46
46 73
46 51
60 61
61 75
55 61
21 28
21 23
10 95
67 78
3 78
78 79
2 78
78 90
78 88
62 99
84 99
78 99
44 99
15 99
90 99
35 99
97 99
34 99
45 78
45 48
45 80
45 99
4 79
4 59
4 78
4 48
24 63
23 24
24 55
24 40
4 24
24 54
24 73
24 87
77 94
4 94
19 64
19 50
14 92
7 92
38 44
38 53
38 92
71 74
14 71
68 71
38 71
42 71
1 71
63 71
0 71
71 95
21 71
20 33
33 75
33 54
79 82
50 82
72 82
75 82
65 82
82 98
33 82
41 55
41 82
37 41
41 88
10 41
17 41
17 82
49 55
49 82
27 49
47 67
3 47
5 47
1 47
47 78
0 47
21 47
47 90
47 87
47 61
47 49
36 47
17 49
49 88
42 66
64 66
30 66
0 66
66 95
66 98
6 65
6 92
6 17
6 26
6 66
6 61
13 66
27 69
13 69
19 69
40 69
13 58
13 34
43 66
85 86
16 86
64 86
11 86
28 86
0 86
21 86
5 57
2 57
28 57
48 57
12 57
57 77
57 86
56 72
56 89
56 65
56 57
20 93
0 93
21 93
93 98
31 81
2 81
30 81
18 81
80 81
81 90
57 81
81 93
37 81
40 81
56 93
51 93
26 93
56 71
22 65
22 77
22 27
22 56
17 22
76 96
9 96
31 96
1 96
60 96
48 96
29 96
32 73
32 96
8 32
27 32
8 96
26 96
4 96
22 96
35 56
57 73
86 87
8 25
25 86
25 40
74 91
14 91
7 91
76 91
85 91
9 91
39 91
11 91
30 91
18 91
15 91
91 94
45 91
71 91
25 91
43 91
43 86
52 87
52 86
36 52
52 61
4 43
33 66
33 34
33 35
33 71
4 71
3 92
39 92
59 92
83 92
89 92
29 92
88 92
92 98
26 92
53 92
19 83
55 83
83 89
83 98
83 87
19 48
19 54
19 94
19 87
19 58
19 34
4 45
45 58
45 97
48 78
78 87
44 90
80 90
37 90
10 90
10 27
10 51
10 97
21 95
21 61
46 61
12 27
12 70
12 17
23 77
23 55
29 77
70 77
58 77
34 58
59 70
30 70
70 89
8 70
26 70
36 70
40 70
18 30
18 48
18 80
18 88
18 27
18 73
73 97
51 73
53 60
35 60
8 60
8 44
8 15
15 53
15 65
15 29
36 65
36 53
36 37
2 44
2 72
44 72
72 98
29 72
0 72
54 72
54 89
54 97
54 98
51 54
51 98
28 97
37 80
35 80
37 88
29 84
29 44
29 88
29 34
40 75
40 53
42 53
75 84
50 75
53 75
35 75
48 84
1 84
53 84
26 48
26 55
31 39
39 97
50 97
0 97
35 97
50 89
63 89
27 63
64 67
3 64
31 64
1 64
64 87
11 87
53 87
44 62
62 88
35 88
16 55
9 16
9 44
9 98
9 53
9 31
9 79
11 31
11 55
11 35
0 11
1 3
79 98
68 76
55 68
55 79
7 53
7 68
53 68
14 68
44 68
68 74
68 79
0 79
