100 990
15 37
37 42
15 99
42 99
37 80
80 99
18 80
9 15
9 42
9 80
16 37
16 99
16 18
9 16
15 85
42 85
80 85
16 85
37 45
18 45
9 45
45 85
0 45
37 92
18 92
9 92
85 92
0 92
15 92
42 92
16 92
80 92
37 97
18 97
9 97
85 97
0 97
92 97
15 23
23 42
23 80
16 23
23 45
23 97
12 37
12 18
9 12
12 85
0 12
12 92
12 23
15 48
42 48
48 80
16 48
37 59
18 59
0 59
48 59
15 56
42 56
18 65
9 65
0 65
65 92
56 65
15 58
42 58
34 85
34 92
34 58
14 15
14 42
14 16
48 66
14 66
15 31
31 42
31 34
0 22
22 92
4 15
4 42
4 80
4 16
18 79
79 85
0 79
79 92
4 79
14 79
15 51
28 51
15 21
6 31
6 21
4 26
14 26
26 31
2 18
2 9
2 85
2 92
2 48
2 58
2 15
2 36
36 43
19 37
18 19
9 19
19 85
0 19
19 23
4 19
19 58
2 19
19 43
40 85
0 40
40 56
14 40
40 51
40 43
30 40
27 30
51 70
43 70
30 70
27 70
56 88
58 88
2 88
21 88
56 87
14 87
31 87
84 87
30 87
20 34
20 87
0 55
55 92
55 56
14 55
31 55
2 55
55 84
20 55
55 88
51 57
43 57
30 57
78 95
20 78
78 89
37 60
60 99
18 60
9 60
60 85
0 60
60 92
23 60
4 60
14 60
31 60
21 60
60 84
27 60
46 81
27 81
26 81
81 97
37 71
71 99
18 71
9 71
71 85
0 71
71 92
23 71
4 71
58 71
51 71
2 71
71 84
27 71
71 81
71 94
34 71
18 53
9 53
0 53
53 92
4 53
14 53
31 53
21 53
46 53
6 90
53 90
90 97
3 18
3 85
0 3
3 92
3 4
3 58
2 3
3 43
3 84
3 90
3 89
0 96
23 96
4 96
58 96
31 96
43 96
30 96
95 96
20 96
36 96
51 83
43 83
30 83
27 83
81 83
83 96
53 83
18 54
54 85
0 54
54 92
48 54
14 54
2 54
43 54
54 84
54 90
54 89
54 94
32 54
8 54
7 48
7 58
7 51
7 43
7 46
7 27
7 88
7 94
7 34
7 8
7 97
82 85
82 92
4 82
14 82
31 82
2 82
46 82
27 82
82 89
34 82
53 82
82 91
7 82
78 82
36 82
7 47
47 78
47 65
47 83
88 98
96 98
51 61
2 61
30 61
61 95
20 61
61 94
12 61
29 51
21 29
29 46
27 29
29 88
29 96
29 61
26 75
29 75
19 75
37 50
9 50
50 85
23 50
4 50
14 50
31 50
2 50
50 84
50 95
20 50
50 60
50 53
50 75
26 50
50 78
5 12
5 61
5 26
5 65
5 83
5 54
5 50
5 55
1 31
1 21
1 84
1 90
1 88
1 96
1 34
1 29
1 26
1 78
1 5
1 87
1 15
1 42
26 52
46 86
20 86
86 88
86 96
61 86
86 91
26 86
71 86
66 86
52 86
45 86
7 64
64 86
54 64
64 87
28 64
42 64
7 24
24 78
5 24
24 82
24 28
25 81
25 94
25 32
25 61
25 26
31 74
2 74
30 74
27 74
74 88
74 96
34 74
8 74
7 74
40 74
2 38
21 38
38 84
38 95
38 89
34 38
12 38
8 38
29 38
38 74
36 38
10 31
10 21
10 30
10 90
10 81
10 60
10 12
10 91
10 97
10 86
10 36
37 62
18 62
9 62
62 85
0 62
62 92
58 62
14 62
51 62
43 62
30 62
20 62
62 81
62 94
34 62
29 62
72 79
17 37
17 18
9 17
17 85
0 17
17 92
17 56
17 58
17 31
17 21
17 30
17 27
17 81
17 96
17 34
17 75
17 72
32 77
77 91
77 97
17 77
77 83
54 77
15 77
42 77
4 69
58 69
51 69
43 69
69 84
20 69
69 81
34 69
12 69
8 69
29 69
17 69
47 69
69 82
28 69
42 69
52 69
66 69
40 69
69 80
22 69
69 77
40 77
32 33
33 75
33 97
33 78
33 83
10 33
11 54
11 73
11 28
11 13
11 19
11 80
6 11
11 40
11 22
11 33
33 98
16 33
85 93
92 93
4 93
58 93
51 93
84 93
46 93
93 95
20 93
60 93
32 93
61 93
29 93
17 93
54 93
10 93
41 83
41 62
41 57
15 41
41 71
41 98
12 67
67 91
67 72
67 78
5 67
62 67
41 67
38 67
24 67
67 71
13 67
57 67
37 39
18 39
9 39
39 85
0 39
39 92
4 39
39 58
39 51
2 39
39 84
27 39
39 88
39 60
12 39
39 61
39 72
39 74
39 83
39 82
15 39
25 39
39 52
39 71
15 35
3 35
35 45
44 84
20 44
44 88
44 94
12 44
44 75
26 44
44 78
36 44
44 82
68 89
68 96
32 68
29 68
68 97
68 74
68 83
68 87
68 79
52 68
45 68
44 68
59 68
49 89
49 94
49 53
8 49
7 49
49 74
47 49
49 62
49 68
49 98
16 49
40 49
49 93
49 66
1 49
49 59
66 68
50 68
42 44
44 52
40 44
44 57
44 80
35 44
13 44
35 39
22 35
63 84
27 63
63 89
60 63
34 63
63 75
63 72
63 86
63 65
62 63
41 63
38 63
24 63
63 93
35 63
57 63
63 66
63 80
35 80
39 77
39 50
39 67
1 67
41 93
25 41
93 98
16 93
70 93
33 93
50 93
33 79
33 77
13 33
19 33
77 79
64 77
3 17
17 54
17 59
17 36
13 17
15 17
17 70
17 98
42 72
72 83
28 72
62 72
53 76
75 76
72 76
65 76
47 76
76 87
76 82
38 76
45 76
55 76
13 76
19 76
76 80
64 76
57 72
65 72
62 78
36 62
10 62
55 62
25 62
15 62
13 62
10 80
10 73
10 38
10 59
10 57
10 40
15 38
25 38
38 71
38 57
38 66
57 74
74 80
74 79
25 74
6 74
19 74
25 65
25 42
25 40
13 25
24 25
25 59
24 64
6 24
16 24
24 59
64 70
22 64
6 64
28 86
83 86
16 86
65 86
36 52
52 82
28 52
52 71
19 52
1 52
1 70
1 79
1 50
5 16
3 5
5 6
50 82
50 98
16 50
40 50
50 57
3 75
70 75
75 87
6 29
29 42
29 80
29 59
29 40
19 29
61 98
26 61
61 78
28 61
36 61
61 65
22 61
8 98
97 98
47 98
87 98
3 98
6 98
70 98
15 47
47 73
47 57
40 47
16 73
70 73
73 79
3 73
42 73
73 82
71 73
70 82
7 54
6 7
7 87
7 55
7 80
54 87
54 66
42 54
45 54
6 54
32 59
32 87
16 32
19 32
6 32
13 32
32 45
32 80
13 91
13 97
13 65
13 45
6 13
40 91
79 91
66 91
83 91
15 91
59 91
19 83
70 83
28 83
65 96
70 96
96 97
59 96
3 96
53 96
3 53
3 97
3 15
3 22
3 16
3 55
3 45
3 19
80 90
45 90
22 90
88 90
42 90
19 90
16 90
53 81
53 78
53 65
53 66
15 53
8 53
53 70
42 53
22 53
8 55
8 16
8 57
8 97
8 45
8 71
71 97
36 71
22 71
71 79
66 71
81 87
40 81
36 81
60 81
19 81
28 81
42 60
26 60
12 60
34 60
15 60
60 94
60 79
28 60
60 78
6 60
26 78
22 78
55 78
57 95
15 95
12 95
28 95
65 95
79 95
57 89
34 57
12 57
45 57
22 57
6 89
15 89
59 89
34 89
42 89
89 94
87 89
22 94
55 94
80 94
40 94
45 94
19 94
34 55
28 55
45 55
55 70
6 55
40 55
19 55
20 45
20 80
65 87
19 87
22 87
28 87
66 87
80 84
84 88
65 84
84 97
70 88
79 88
66 88
22 88
16 88
12 88
65 88
70 97
45 70
59 70
27 40
26 27
27 36
27 66
27 59
12 40
28 30
30 36
19 30
12 30
6 19
19 59
15 43
22 43
12 43
43 59
34 43
43 65
12 36
36 97
36 45
36 59
22 36
2 97
2 80
2 42
2 26
2 79
2 16
26 46
15 26
22 26
26 45
26 66
16 46
45 46
42 46
46 66
46 59
22 46
46 79
15 46
6 46
34 46
6 59
21 28
21 66
21 45
21 42
21 80
21 97
12 28
28 42
28 80
51 65
12 51
51 79
51 59
12 79
65 79
42 79
16 79
79 80
4 12
4 97
4 22
14 22
22 31
22 66
16 31
31 45
31 66
34 66
59 66
14 59
14 97
14 34
14 80
16 34
45 58
12 58
58 65
42 65
65 80
56 59
16 56
45 56
56 80
12 48
45 48
48 97
12 97
16 97
45 92
0 85
0 16
15 16
0 80
18 42
0 42
15 18
0 15
0 18
