100 990
13 84
8 84
84 86
8 86
77 84
77 86
13 32
8 32
32 77
76 84
76 86
32 76
8 30
13 30
30 77
30 76
15 84
15 86
15 32
15 30
77 98
13 98
8 98
76 98
26 84
26 86
26 32
26 30
26 98
13 53
53 77
8 53
53 76
38 84
38 86
32 38
30 38
38 98
38 53
8 52
52 77
13 52
52 76
10 84
10 86
10 32
10 98
10 52
16 77
13 16
8 16
15 16
82 86
32 82
16 82
51 84
51 86
32 51
51 98
35 77
8 35
13 35
35 76
67 86
67 98
35 67
16 67
13 85
8 85
77 85
80 84
80 86
32 80
80 98
35 80
51 80
80 85
61 86
53 61
35 61
51 61
86 94
32 94
52 94
51 94
13 94
77 94
8 94
79 86
79 98
52 79
16 79
79 94
61 79
38 79
74 94
61 74
84 88
86 88
32 88
30 88
88 98
53 88
35 88
51 88
88 94
17 88
42 88
5 84
5 86
5 32
5 30
5 98
5 53
5 52
5 51
5 85
5 61
5 42
5 80
48 84
48 86
32 48
48 53
48 52
48 51
48 94
48 61
42 48
5 48
42 64
5 64
64 88
64 89
23 84
23 86
23 32
23 30
23 98
23 53
23 35
16 23
23 85
23 61
23 42
5 23
23 64
42 43
43 74
38 72
0 72
42 55
55 74
55 72
6 8
70 88
6 70
59 86
51 59
59 94
59 61
42 59
59 74
59 72
59 64
59 63
59 67
52 73
51 73
73 94
61 73
38 73
73 74
73 88
4 38
4 5
4 88
4 54
0 1
1 23
1 4
25 72
23 25
1 25
56 63
4 81
93 94
61 93
38 93
74 93
88 93
64 93
1 93
81 93
73 93
45 93
47 67
17 78
74 78
72 78
54 78
78 80
42 95
74 95
72 95
54 95
78 95
12 86
12 32
12 35
12 51
12 85
12 61
12 17
12 42
12 64
6 12
12 54
12 62
29 72
23 29
29 63
29 56
33 84
33 86
32 33
33 98
33 53
33 51
33 94
33 61
33 38
33 42
33 88
23 33
33 63
33 56
29 33
1 91
62 91
73 91
29 50
50 91
50 79
8 50
50 76
20 79
0 97
54 97
80 97
78 97
77 97
58 97
1 57
56 57
29 57
57 58
43 57
40 53
16 40
40 85
40 61
17 40
40 74
40 64
40 54
40 80
40 62
40 73
40 91
40 57
40 48
4 40
28 85
28 94
28 38
28 74
28 64
23 28
28 80
28 62
28 73
28 58
28 79
8 28
11 73
11 77
19 72
19 23
19 63
19 62
19 73
19 77
19 43
19 59
19 95
22 86
22 30
22 35
22 51
22 85
17 22
22 38
22 74
0 22
22 54
22 78
22 56
22 29
71 88
6 71
71 80
62 71
71 93
71 77
75 88
54 75
63 75
75 78
73 75
71 75
75 91
75 97
4 75
20 75
63 99
56 99
73 99
58 99
79 99
21 72
6 21
21 80
21 81
21 77
21 47
19 21
21 87
11 21
21 28
79 90
48 90
4 90
26 90
2 29
2 58
2 91
2 97
2 11
2 70
2 90
68 86
32 68
52 68
16 68
68 85
68 94
38 68
68 74
68 88
6 68
63 68
68 81
68 93
68 71
19 68
48 68
44 72
44 54
44 63
44 78
44 77
44 47
43 44
44 97
44 95
22 44
37 38
5 37
37 88
37 64
37 80
37 62
29 37
37 47
8 37
37 87
37 44
49 86
30 49
35 49
49 51
49 85
49 94
38 49
42 49
0 49
49 54
49 80
49 56
49 67
49 77
8 49
48 49
25 49
26 49
43 60
15 60
60 76
49 60
34 42
34 74
34 88
6 34
34 63
34 56
34 73
34 58
34 43
34 87
25 34
20 34
34 99
34 59
34 68
34 60
31 38
31 74
0 31
31 64
1 31
31 67
31 93
31 71
19 31
31 87
25 31
31 76
31 34
52 66
16 66
66 85
61 66
38 66
5 66
66 88
6 66
63 66
66 78
66 67
47 66
43 66
66 97
66 76
28 66
66 99
10 66
46 72
23 46
46 54
46 78
46 93
46 58
46 57
46 48
4 46
28 46
46 99
46 66
37 46
45 46
46 60
51 65
17 65
42 65
5 65
65 88
23 65
1 65
56 65
65 93
65 91
57 65
48 65
4 65
65 76
37 69
50 69
3 42
3 5
3 64
3 23
1 3
3 81
3 29
3 91
3 79
3 8
3 25
3 49
3 69
3 31
92 93
71 92
79 92
92 97
4 92
26 92
90 92
27 72
27 64
27 63
27 78
27 67
27 77
27 57
8 27
27 44
26 27
27 99
27 66
27 33
41 51
41 94
38 41
41 74
41 72
41 54
41 80
41 78
41 73
41 71
19 41
15 41
4 41
26 41
41 99
27 41
22 41
41 60
33 41
41 59
37 41
3 18
44 83
49 83
69 83
68 83
50 83
10 83
7 17
5 7
7 88
7 23
7 63
7 81
7 67
7 47
7 57
7 97
7 11
7 28
7 70
7 68
7 95
7 83
7 89
7 59
7 21
7 55
18 83
45 83
83 89
29 96
91 96
43 96
48 96
4 96
49 96
34 96
68 96
22 96
65 96
0 24
23 24
1 24
24 81
24 67
24 71
19 24
8 24
24 25
24 76
24 70
24 31
22 24
24 60
24 89
24 59
24 82
24 96
13 96
18 96
37 96
1 14
14 56
14 93
14 71
14 19
14 15
14 44
14 28
14 90
14 31
14 92
14 60
14 45
14 59
14 18
14 75
36 86
32 36
36 52
16 36
36 85
36 94
17 36
5 36
36 64
23 36
1 36
36 81
29 36
36 91
36 43
8 36
25 36
28 36
36 90
36 68
36 50
36 65
36 45
36 75
21 36
18 36
18 41
27 95
27 40
27 55
27 92
2 92
12 92
37 92
75 92
3 92
3 82
3 33
3 60
3 22
69 89
65 69
46 65
65 95
60 65
37 65
65 82
22 46
9 86
9 51
9 85
9 61
9 38
5 9
9 88
6 9
9 80
9 56
9 73
9 47
9 43
9 15
9 76
9 20
9 70
9 46
9 50
9 12
9 45
9 13
9 40
2 9
59 66
21 66
31 66
66 82
13 31
31 50
31 75
12 34
34 95
12 60
49 68
12 49
37 49
49 59
37 89
39 82
37 39
20 44
44 82
4 44
44 68
12 68
2 68
68 89
2 22
2 33
2 40
2 55
21 90
82 90
22 90
33 90
21 95
10 21
21 33
21 75
4 87
87 99
87 89
22 87
25 99
28 99
45 99
75 99
13 99
10 75
75 89
55 71
71 89
15 71
25 71
22 71
19 22
22 28
22 59
11 19
19 82
11 15
11 76
11 70
11 33
11 89
11 59
11 28
11 13
28 40
40 70
40 95
12 40
40 45
40 82
57 97
33 57
15 57
48 57
10 57
25 57
15 97
20 97
70 97
82 97
55 97
20 95
20 89
20 70
20 33
20 26
20 50
50 55
45 50
50 89
33 91
8 91
48 91
76 91
55 91
8 33
12 33
33 55
8 29
12 29
29 70
29 48
29 76
12 47
12 79
12 15
12 25
12 55
62 67
62 95
26 62
67 95
47 95
15 95
13 95
10 95
58 78
70 78
76 78
77 78
8 78
48 78
58 67
58 77
58 70
13 58
58 82
26 58
4 58
47 58
47 79
10 47
43 47
45 47
43 45
15 45
25 45
45 70
55 93
82 93
79 93
43 93
4 93
43 81
79 81
56 81
55 81
56 73
25 56
15 56
56 89
25 77
25 48
25 26
1 10
1 26
1 48
1 77
1 79
4 43
4 55
54 67
54 73
54 76
15 54
73 80
26 73
10 73
59 73
59 77
15 59
10 59
55 63
43 63
63 70
70 79
55 70
10 70
6 26
6 80
6 55
6 48
6 15
55 76
13 55
72 82
26 72
72 79
43 72
10 72
67 72
23 43
43 89
10 23
23 82
23 77
23 89
80 89
77 89
48 64
8 64
64 79
13 64
64 76
8 48
10 48
13 48
5 67
5 10
5 88
5 74
5 77
5 82
5 8
80 88
15 88
13 88
8 17
13 17
17 77
17 42
10 17
17 26
8 42
42 67
42 74
42 76
74 76
74 79
26 74
15 74
26 79
13 79
8 79
61 94
82 94
10 94
15 94
76 94
67 94
8 61
61 77
13 61
61 80
26 61
38 61
61 82
10 61
38 80
8 80
13 80
80 82
67 80
38 85
26 85
76 85
15 85
67 85
67 82
13 67
10 67
15 67
35 51
26 35
16 51
51 77
13 51
8 51
51 82
15 51
51 76
26 51
38 82
26 82
13 82
16 76
16 38
10 16
10 76
10 26
10 13
38 52
15 38
13 38
38 77
15 53
26 53
8 26
13 26
15 98
15 76
0 76
76 77
0 77
13 77
13 86
0 13
