100 2475
32 79
19 79
32 57
19 57
26 79
26 57
32 83
19 83
26 83
17 32
17 19
17 26
17 79
17 57
17 83
32 44
19 44
26 44
17 44
79 89
57 89
83 89
44 89
32 93
19 93
26 93
17 93
89 93
14 32
14 19
14 26
14 17
14 89
14 79
14 57
14 83
14 44
32 33
19 33
26 33
17 33
33 89
14 33
56 79
56 57
56 83
33 56
56 93
44 56
32 62
19 62
26 62
17 62
62 89
14 62
56 62
72 79
57 72
72 83
62 72
44 72
33 72
72 93
12 32
12 19
12 26
12 17
12 89
12 14
12 56
12 72
32 98
17 98
14 98
79 98
57 98
83 98
44 98
62 98
33 98
93 98
12 98
21 32
19 21
21 26
17 21
21 89
14 21
21 56
21 72
21 98
42 79
42 57
42 83
12 42
33 42
42 44
42 62
42 93
32 73
19 73
26 73
17 73
73 89
14 73
56 73
72 73
73 98
42 73
32 97
26 97
17 97
14 97
56 97
97 98
79 97
57 97
83 97
44 97
33 97
62 97
12 97
93 97
8 32
8 19
8 26
8 17
8 89
8 14
8 56
8 72
8 98
8 42
8 97
1 79
1 57
1 83
1 62
1 12
1 44
1 93
1 33
32 84
19 84
26 84
17 84
84 89
14 84
56 84
72 84
84 98
42 84
84 97
1 84
14 34
34 72
34 42
34 97
34 79
34 57
34 83
12 34
34 62
34 44
33 34
34 93
8 34
34 73
21 34
34 84
25 32
19 25
25 26
17 25
25 89
14 25
25 56
25 72
25 98
25 42
25 97
1 25
25 34
0 25
40 79
40 57
40 83
40 93
33 40
40 62
40 44
12 40
21 40
40 84
8 40
40 73
32 55
19 55
26 55
17 55
55 89
14 55
55 56
55 72
55 98
42 55
55 97
1 55
34 55
0 55
40 55
55 57
79 81
81 83
33 81
44 81
81 93
12 81
62 81
21 81
73 81
81 84
8 81
32 36
19 36
26 36
17 36
36 89
14 36
36 56
36 72
36 98
36 42
36 97
1 36
34 36
0 36
36 40
36 57
36 81
24 79
24 83
24 44
24 93
12 24
24 62
24 33
8 24
21 24
24 73
24 84
24 25
32 59
19 59
26 59
17 59
59 89
14 59
56 59
59 72
59 98
42 59
59 97
1 59
34 59
0 59
40 59
57 59
59 81
24 59
76 97
1 76
0 76
57 76
76 81
76 79
76 83
62 76
44 76
12 76
76 93
33 76
76 84
8 76
21 76
73 76
10 76
3 32
3 19
3 26
3 17
3 89
3 14
3 56
3 72
3 98
3 42
3 97
3 34
0 3
3 57
3 81
3 76
3 79
3 83
3 12
3 33
3 44
3 93
3 62
3 84
3 21
3 8
3 73
26 38
17 38
14 38
38 72
38 42
38 97
38 40
38 57
38 76
3 38
34 82
40 82
81 82
76 82
79 82
82 83
12 82
62 82
33 82
82 93
44 82
73 82
21 82
8 82
82 84
36 82
17 51
14 51
51 56
51 72
51 98
1 51
34 51
51 57
24 51
51 82
10 51
14 60
60 72
42 60
60 97
0 60
57 60
60 76
60 82
60 73
10 60
60 79
60 83
12 60
33 60
60 62
44 60
60 93
26 92
17 92
14 92
72 92
92 98
1 92
34 92
57 92
81 92
3 92
73 92
60 92
21 92
33 92
32 61
19 61
26 61
17 61
61 89
14 61
56 61
61 72
61 98
42 61
61 97
1 61
34 61
0 61
40 61
57 61
61 81
3 61
61 82
10 61
61 93
33 61
13 79
13 83
78 98
1 78
0 78
57 78
78 81
78 82
73 78
10 78
21 78
13 78
61 78
12 78
32 71
19 71
26 71
17 71
71 89
14 71
56 71
71 72
71 98
42 71
71 97
1 71
34 71
0 71
40 71
57 71
24 71
71 76
71 82
60 71
71 93
27 79
27 83
12 27
32 49
19 49
26 49
17 49
49 89
14 49
49 56
49 72
49 98
42 49
49 97
1 49
34 49
0 49
40 49
49 57
49 81
24 49
49 76
3 49
49 82
49 60
33 49
27 49
13 49
49 79
49 55
56 88
88 98
88 97
34 88
40 88
57 88
81 88
3 88
73 88
10 88
88 93
33 88
49 88
12 88
71 88
83 88
23 42
23 97
23 34
23 57
23 81
23 76
23 82
23 93
21 23
23 27
23 49
12 23
79 87
32 69
26 69
17 69
14 69
56 69
69 72
42 69
1 69
0 69
57 69
24 69
3 69
69 82
69 93
21 69
33 69
13 69
49 69
69 87
69 88
8 69
17 46
46 72
42 46
1 46
34 46
46 57
46 81
46 76
46 73
46 60
33 46
27 46
13 46
12 46
46 71
46 79
8 46
32 68
19 68
26 68
17 68
68 89
14 68
56 68
68 72
68 98
42 68
68 97
1 68
0 68
57 68
68 81
3 68
10 68
60 68
68 93
33 68
13 68
12 68
68 87
68 88
8 68
46 68
32 39
19 39
26 39
17 39
39 89
14 39
39 56
39 98
39 97
34 39
0 39
39 57
39 76
3 39
10 39
39 93
21 39
33 39
39 61
12 39
39 87
39 79
39 55
56 70
70 72
42 70
1 70
40 70
57 70
24 70
3 70
70 73
10 70
21 70
27 70
61 70
70 71
70 79
70 88
8 70
20 24
20 82
20 73
10 20
20 93
20 27
20 61
20 49
20 87
20 88
20 55
20 70
20 39
86 98
1 86
0 86
40 86
24 86
76 86
73 86
10 86
33 86
27 86
61 86
49 86
71 86
86 88
8 86
70 86
36 86
81 94
3 94
73 94
60 94
93 94
33 94
61 94
49 94
71 94
88 94
8 94
46 94
39 94
32 67
19 67
26 67
17 67
67 89
14 67
56 67
67 72
67 98
42 67
67 97
1 67
34 67
0 67
40 67
57 67
67 81
67 76
67 73
60 67
67 93
27 67
61 67
49 67
67 71
67 79
8 67
46 67
36 67
67 94
11 42
11 34
0 11
11 57
11 81
11 76
11 73
11 60
11 21
11 33
11 49
11 12
11 71
11 79
8 11
11 70
11 36
11 94
5 42
1 5
0 5
5 40
5 24
3 5
5 82
5 10
5 21
5 27
5 13
5 71
5 87
5 79
5 8
5 70
5 36
5 94
5 11
18 33
18 27
13 18
18 49
18 71
18 88
18 55
18 46
18 39
18 94
32 37
17 37
14 37
37 72
37 42
34 37
37 40
37 57
24 37
3 37
37 73
10 37
37 93
27 37
37 61
12 37
37 71
37 88
37 55
37 70
37 39
37 86
14 66
66 98
66 97
34 66
40 66
57 66
66 81
3 66
66 73
66 93
21 66
27 66
61 66
12 66
66 71
66 79
8 66
66 70
36 66
66 86
37 66
11 66
15 42
1 15
15 40
15 57
15 81
3 15
15 82
15 60
15 93
15 27
13 15
12 15
15 79
15 88
15 55
15 46
15 39
15 86
15 37
15 59
15 18
15 69
4 32
4 19
4 26
4 17
4 89
4 14
4 56
4 72
4 98
4 42
4 97
4 34
0 4
4 57
4 76
4 82
4 73
4 60
4 21
4 27
4 61
4 12
4 87
4 79
4 8
4 70
4 39
4 86
4 37
4 59
4 15
77 82
77 93
21 77
27 77
13 77
12 77
77 87
77 88
55 77
70 77
39 77
77 86
37 77
11 77
34 47
47 57
24 47
47 76
10 47
47 60
21 47
13 47
47 61
47 71
47 87
47 88
47 55
46 47
39 47
47 86
37 47
11 47
81 91
76 91
10 91
60 91
91 93
33 91
13 91
49 91
71 91
79 91
55 91
70 91
39 91
91 94
37 91
18 91
47 91
23 91
16 32
16 19
16 26
16 17
16 89
14 16
16 56
16 72
16 98
16 42
16 97
1 16
16 34
0 16
16 40
16 57
16 81
16 82
10 16
16 60
16 33
16 27
13 16
12 16
16 71
16 79
8 16
16 46
16 39
16 36
11 16
16 59
16 47
16 77
16 23
17 85
72 85
85 97
34 85
0 85
40 85
24 85
76 85
82 85
60 85
85 93
27 85
61 85
12 85
71 85
79 85
8 85
70 85
36 85
85 94
37 85
18 85
47 85
77 85
16 85
52 81
52 76
52 73
52 93
21 52
27 52
13 52
12 52
52 87
52 88
8 52
46 52
36 52
52 94
37 52
52 59
47 52
23 52
35 61
35 49
35 87
35 79
8 35
35 70
35 36
35 94
35 86
35 59
35 47
15 35
4 35
2 14
2 72
2 42
2 34
2 40
2 57
2 76
2 3
2 73
2 10
2 93
2 13
2 61
2 12
2 71
2 79
2 8
2 70
2 36
2 94
2 11
2 59
2 47
2 15
2 35
2 51
2 68
2 20
2 38
9 87
9 79
8 9
9 70
9 36
9 94
9 37
9 11
9 18
9 23
9 16
9 52
9 68
9 20
24 64
3 64
64 82
60 64
64 93
33 64
61 64
49 64
64 87
64 79
55 64
46 64
64 70
64 94
37 64
59 64
18 64
23 64
35 64
16 64
64 68
32 48
26 48
17 48
14 48
48 56
48 98
42 48
48 97
34 48
48 57
48 81
3 48
48 73
48 60
21 48
33 48
48 61
48 49
48 79
48 88
8 48
48 70
36 48
48 94
37 48
18 48
15 48
23 48
16 48
48 52
48 51
48 62
48 66
48 78
7 79
7 88
7 55
7 70
7 36
7 94
7 86
7 59
7 18
7 77
7 35
7 52
7 48
7 20
7 64
7 66
6 32
6 19
6 26
6 17
6 14
6 98
6 97
1 6
0 6
6 57
6 24
3 6
6 82
6 10
6 93
6 33
6 61
6 12
6 87
6 79
6 55
6 46
6 36
6 94
6 11
6 59
6 15
6 77
6 35
6 16
6 68
6 20
6 66
6 9
21 96
33 96
61 96
49 96
87 96
79 96
8 96
70 96
39 96
86 96
37 96
59 96
18 96
15 96
16 96
51 96
48 96
20 96
64 96
9 96
32 75
19 75
26 75
17 75
75 89
14 75
56 75
72 75
42 75
1 75
34 75
57 75
24 75
3 75
75 82
10 75
75 93
27 75
13 75
12 75
75 87
75 88
55 75
46 75
70 75
75 86
37 75
11 75
47 75
75 77
35 75
52 75
51 75
38 75
66 75
75 96
6 75
28 32
19 28
26 28
17 28
28 89
14 28
28 72
28 98
28 97
28 34
0 28
28 57
24 28
28 76
10 28
28 93
28 33
27 28
28 49
12 28
28 71
28 88
28 55
28 46
28 39
28 36
28 37
18 28
28 47
28 77
16 28
28 52
28 51
28 38
28 64
28 66
30 55
30 70
30 39
30 94
30 86
18 30
30 47
30 77
23 30
30 52
30 51
20 30
30 66
9 30
29 32
19 29
26 29
17 29
29 89
14 29
29 56
29 72
29 98
29 42
29 97
1 29
29 34
0 29
29 40
29 57
29 81
3 29
10 29
29 60
21 29
27 29
13 29
29 49
29 71
29 79
29 55
29 70
29 39
29 86
11 29
29 59
15 29
23 29
29 35
16 29
29 51
29 38
29 64
9 29
29 30
28 29
17 53
53 89
14 53
53 98
42 53
53 97
0 53
53 57
53 76
53 82
10 53
53 60
53 93
33 53
13 53
49 53
53 71
53 88
53 55
46 53
36 53
53 94
37 53
18 53
15 53
53 77
16 53
52 53
53 68
38 53
53 64
53 66
30 53
53 67
53 85
32 63
19 63
26 63
17 63
63 89
14 63
56 63
63 72
63 98
42 63
63 97
1 63
40 63
57 63
63 81
3 63
63 73
60 63
21 63
33 63
61 63
49 63
63 87
63 79
55 63
46 63
39 63
63 94
11 63
59 63
15 63
63 77
35 63
51 63
63 68
48 63
63 64
63 66
6 63
63 67
53 63
7 63
32 95
19 95
26 95
17 95
89 95
14 95
56 95
72 95
42 95
95 97
40 95
57 95
24 95
76 95
73 95
10 95
21 95
33 95
61 95
12 95
87 95
88 95
8 95
46 95
39 95
86 95
37 95
59 95
18 95
77 95
35 95
51 95
48 95
38 95
64 95
9 95
6 95
67 95
7 95
10 80
60 80
80 93
27 80
61 80
71 80
80 87
79 80
55 80
70 80
36 80
80 94
11 80
59 80
47 80
23 80
35 80
16 80
68 80
38 80
64 80
80 96
6 80
28 80
67 80
7 80
32 54
19 54
26 54
17 54
54 89
14 54
54 56
54 72
54 98
42 54
54 97
1 54
34 54
0 54
40 54
54 57
24 54
3 54
54 82
10 54
54 93
33 54
49 54
12 54
54 79
54 88
54 55
54 70
39 54
54 86
37 54
54 59
47 54
23 54
16 54
52 54
51 54
48 54
38 54
9 54
54 96
30 54
54 67
54 80
43 81
3 43
43 82
43 60
21 43
33 43
13 43
43 49
43 71
43 88
43 55
43 46
36 43
43 94
11 43
18 43
43 47
23 43
35 43
43 51
43 68
20 43
38 43
9 43
43 96
28 43
43 53
43 95
43 92
43 69
14 31
31 98
31 97
1 31
31 40
31 57
31 81
3 31
31 73
31 93
21 31
31 33
31 49
12 31
31 71
31 88
31 55
31 46
31 39
31 94
31 37
31 59
31 47
15 31
16 31
31 52
31 68
31 38
31 64
9 31
31 96
31 67
31 53
31 95
31 43
17 45
14 45
45 56
45 98
45 97
34 45
0 45
45 57
45 81
45 76
45 73
10 45
21 45
33 45
45 61
12 45
45 79
45 88
45 55
45 70
36 45
45 86
11 45
18 45
15 45
45 77
23 45
45 52
45 48
38 45
45 64
45 66
30 45
28 45
45 67
45 95
45 92
45 63
45 85
32 65
19 65
26 65
17 65
65 89
14 65
56 65
65 98
42 65
1 65
0 65
40 65
24 65
65 82
65 73
60 65
21 65
33 65
61 65
12 65
65 87
65 88
55 65
46 65
39 65
65 86
37 65
59 65
15 65
65 77
35 65
51 65
65 68
20 65
38 65
9 65
30 65
28 65
53 65
7 65
43 65
45 65
65 75
32 74
19 74
26 74
17 74
74 89
14 74
56 74
72 74
74 98
1 74
0 74
57 74
74 76
74 82
73 74
74 93
21 74
27 74
13 74
49 74
74 87
74 88
55 74
70 74
36 74
74 94
11 74
18 74
47 74
74 77
35 74
52 74
68 74
20 74
64 74
66 74
30 74
28 74
53 74
74 80
43 74
45 74
74 78
74 75
22 32
19 22
22 26
17 22
22 89
14 22
22 56
22 72
22 98
22 42
22 97
1 22
0 22
22 57
22 81
22 76
10 22
22 60
21 22
22 27
22 61
22 49
22 71
22 79
22 55
22 70
22 39
22 86
22 37
18 22
22 47
22 77
22 35
22 51
22 68
22 48
22 66
9 22
22 96
22 30
22 53
22 80
22 92
22 43
22 75
22 74
22 44
5 22
22 91
22 84
22 25
22 85
73 99
60 99
21 99
27 99
61 99
12 99
87 99
88 99
55 99
70 99
36 99
94 99
37 99
59 99
15 99
77 99
16 99
52 99
68 99
48 99
38 99
66 99
96 99
30 99
67 99
95 99
92 99
45 99
78 99
65 99
44 99
5 99
84 99
63 99
22 99
4 99
83 99
85 99
29 99
54 99
22 83
22 29
22 54
2 74
63 74
73 90
10 90
90 93
33 90
61 90
49 90
71 90
79 90
8 90
46 90
39 90
86 90
11 90
18 90
47 90
23 90
35 90
51 90
68 90
20 90
64 90
66 90
90 96
30 90
67 90
80 90
90 92
43 90
62 90
74 90
65 90
2 90
84 90
32 41
26 41
17 41
14 41
41 56
41 98
41 97
34 41
40 41
41 57
41 76
3 41
41 73
41 93
21 41
33 41
41 61
41 49
41 87
41 79
8 41
41 46
39 41
41 86
11 41
18 41
15 41
41 77
23 41
41 52
41 48
38 41
41 64
41 96
6 41
30 41
7 41
41 80
41 92
41 62
41 78
41 74
41 69
5 41
41 91
41 63
17 58
14 58
56 58
58 72
58 98
58 97
0 58
40 58
58 81
3 58
58 82
58 93
21 58
27 58
13 58
12 58
58 87
58 79
8 58
58 70
36 58
58 94
37 58
58 59
47 58
23 58
16 58
52 58
48 58
20 58
58 66
9 58
6 58
28 58
53 58
7 58
58 95
43 58
58 62
58 74
44 58
2 58
58 84
41 58
25 58
58 83
58 90
29 58
31 58
24 50
3 50
50 73
50 60
21 50
13 50
50 61
12 50
50 87
50 88
8 50
50 70
36 50
50 94
50 86
18 50
15 50
23 50
16 50
50 52
50 68
20 50
38 50
50 96
6 50
28 50
50 53
7 50
50 95
45 50
50 78
50 75
44 50
5 50
50 91
41 50
50 63
4 50
50 83
50 90
50 58
29 50
41 90
41 54
25 41
29 41
25 90
4 90
85 90
54 90
25 74
5 74
69 74
65 74
65 84
54 65
31 65
65 83
65 85
65 91
44 65
65 69
45 84
4 45
45 54
5 45
45 62
31 45
2 45
31 75
31 44
5 31
31 91
31 63
25 31
4 31
31 83
31 85
31 54
43 54
43 84
43 85
25 43
43 75
43 78
54 75
54 69
2 54
5 54
54 63
54 85
75 80
80 83
80 95
80 84
80 85
29 80
62 80
78 80
25 80
44 95
69 95
5 95
92 95
4 95
62 95
63 95
78 95
63 75
44 63
63 69
63 84
4 63
63 85
53 69
4 53
5 53
2 53
29 53
53 91
7 53
29 92
29 62
29 78
29 75
29 44
29 69
29 91
25 29
29 83
30 62
30 85
30 67
30 78
28 30
30 91
30 83
5 30
28 62
25 28
4 28
28 84
28 92
28 85
28 75
28 44
28 67
67 75
75 92
62 75
5 75
69 75
4 75
62 96
69 96
44 96
91 96
67 96
5 96
6 96
83 96
4 6
2 6
5 6
6 92
6 25
6 44
6 84
6 7
6 69
6 91
7 67
7 44
7 92
7 62
7 25
7 78
7 91
4 7
2 7
48 84
44 48
48 83
48 92
48 67
48 85
48 64
38 48
64 78
62 64
44 64
9 64
64 66
64 83
5 64
9 25
2 9
9 83
9 84
4 9
9 92
9 85
9 78
2 67
2 92
2 78
2 69
2 91
2 4
2 25
2 84
2 85
2 5
25 35
35 52
35 92
35 83
35 69
35 44
35 51
35 38
35 84
52 84
52 83
52 91
52 85
20 52
52 67
52 66
52 92
68 85
66 85
62 85
44 85
85 91
4 85
16 62
16 68
16 91
16 20
16 66
5 16
16 78
16 38
51 91
20 91
38 91
91 92
62 91
78 91
69 91
84 91
83 91
20 47
47 83
25 47
23 47
47 77
47 78
47 62
38 47
47 68
66 77
4 77
23 77
38 77
44 77
5 77
77 92
67 77
77 78
4 51
4 68
4 20
4 66
4 78
4 69
4 5
4 25
15 92
15 44
15 84
15 67
5 15
15 51
15 66
15 68
15 83
38 66
25 66
66 69
66 84
66 92
37 92
37 83
37 38
37 84
23 37
18 37
18 59
18 51
18 23
18 44
5 18
18 67
18 68
18 69
5 51
5 68
5 20
5 92
5 44
5 83
11 51
11 62
11 25
11 59
11 44
11 69
11 20
11 67
11 68
11 78
11 84
23 67
67 68
38 67
67 69
67 78
67 83
67 84
86 94
44 94
84 94
92 94
38 94
20 86
51 86
69 86
83 86
59 86
62 86
68 86
25 86
20 59
20 23
20 68
20 92
20 69
20 84
20 83
20 25
20 62
62 70
39 70
70 84
23 39
39 84
39 68
39 62
39 83
25 39
39 78
38 39
51 68
25 68
68 69
46 69
46 92
44 46
46 78
36 46
25 46
46 83
46 51
23 46
38 46
46 59
36 69
23 69
51 69
62 69
69 84
69 83
44 87
83 87
23 87
25 87
87 92
23 88
8 23
23 36
23 62
23 25
23 51
23 84
23 78
59 88
84 88
62 88
88 92
51 88
49 83
44 49
49 92
38 49
12 49
49 62
49 84
36 49
25 27
27 55
27 71
8 27
27 44
27 51
27 62
27 59
61 71
12 71
71 79
25 71
51 71
55 71
62 71
8 71
36 71
38 71
71 78
59 71
78 79
55 78
36 78
59 78
38 78
62 78
78 83
44 78
25 78
12 13
13 84
13 62
13 61
13 51
13 25
8 13
61 79
61 83
59 61
61 92
38 61
36 61
8 92
36 92
59 92
83 92
44 92
25 92
60 84
36 60
38 60
8 60
21 60
51 60
33 51
51 79
8 51
36 51
51 62
25 51
44 51
38 51
25 82
59 82
38 82
55 82
21 38
33 38
38 79
38 55
38 59
38 44
3 55
3 10
10 73
10 79
10 83
10 44
10 62
10 12
10 93
10 33
8 10
10 21
10 84
10 59
10 25
55 76
25 76
36 76
59 76
59 73
59 93
12 59
8 59
36 59
25 59
59 62
59 83
24 36
24 55
36 73
36 93
33 36
36 79
36 55
36 44
55 81
25 81
55 93
21 55
12 55
55 79
8 55
55 84
55 83
25 40
25 57
25 73
21 25
25 79
8 25
25 44
25 84
0 34
0 84
57 84
73 84
84 93
33 84
79 84
62 84
83 84
1 21
1 73
1 8
0 1
0 8
8 57
8 73
8 21
8 12
8 79
8 62
8 44
73 97
21 97
0 73
57 73
73 79
73 83
62 73
73 93
12 73
44 73
33 73
21 73
21 42
0 42
0 21
21 57
21 79
21 83
12 21
21 33
21 62
21 44
0 98
0 12
12 57
12 93
12 33
12 79
12 83
12 44
0 62
57 62
62 93
33 62
62 83
44 62
0 33
33 57
33 93
33 79
33 83
33 44
14 93
0 14
0 93
57 93
79 93
83 93
44 93
0 44
44 57
44 79
0 17
0 83
57 83
0 26
0 57
57 79
0 19
0 79
0 32
