100 1980
55 60
1 60
32 55
1 32
25 60
25 32
9 55
1 9
60 77
32 77
9 77
55 81
1 81
25 81
11 60
11 32
9 11
11 81
55 94
1 94
33 60
32 33
9 33
33 81
33 94
11 33
20 55
1 20
20 77
20 25
20 33
17 60
17 32
9 17
17 81
17 94
11 17
17 20
17 43
53 55
1 53
53 77
33 53
25 53
17 53
60 80
32 80
9 80
80 81
80 94
11 80
20 80
43 80
53 80
55 69
1 69
25 69
69 77
33 69
60 84
32 84
9 84
81 84
84 94
11 84
20 84
43 84
53 84
69 84
44 60
32 44
9 44
44 94
11 44
20 44
44 53
44 55
1 44
25 44
44 77
33 44
17 44
60 76
32 76
9 76
76 81
76 94
11 76
20 76
43 76
53 76
69 76
44 76
38 60
32 38
9 38
38 94
11 38
20 38
38 53
38 44
38 55
1 38
38 77
33 38
25 38
38 80
38 76
17 38
38 84
32 70
9 70
11 70
20 70
53 70
38 70
46 60
32 46
46 94
11 46
46 53
46 69
38 46
46 55
1 46
25 46
33 46
46 77
46 84
17 46
46 80
46 76
46 56
55 56
1 56
56 77
33 56
25 56
56 80
56 76
56 84
17 56
55 83
1 83
33 83
25 83
77 83
76 83
17 83
83 84
80 83
22 60
22 32
9 22
22 81
22 94
11 22
20 22
22 43
22 53
22 69
22 44
22 38
22 83
22 56
45 60
32 45
9 45
45 94
11 45
20 45
45 53
45 69
45 46
10 55
1 10
10 33
10 25
10 77
4 60
4 32
4 9
4 81
4 94
4 11
4 69
4 38
4 46
4 10
4 45
50 55
1 50
8 38
8 56
8 45
8 50
31 53
31 44
31 46
10 31
31 45
60 85
32 85
9 85
81 85
85 94
11 85
20 85
43 85
53 85
69 85
38 85
56 85
45 85
55 85
1 85
23 60
23 32
9 23
23 94
11 23
20 23
23 53
23 69
23 38
23 56
23 85
23 50
23 31
45 57
57 76
43 96
44 96
83 96
56 96
85 96
76 96
55 96
1 96
38 41
10 41
41 45
41 85
41 96
51 94
11 51
43 51
38 51
46 51
10 51
45 51
50 51
31 51
51 55
1 51
32 65
9 65
65 94
11 65
20 65
44 65
38 65
65 83
45 65
50 65
51 65
57 65
3 85
3 76
3 96
3 57
3 55
1 3
85 99
76 99
51 99
3 99
42 60
32 42
9 42
42 81
42 94
11 42
20 42
42 43
42 53
42 69
38 42
42 83
42 45
42 76
42 96
42 57
3 42
42 55
1 42
31 90
51 90
42 90
90 99
24 55
1 24
22 24
60 95
32 95
9 95
94 95
11 95
20 95
43 95
44 95
46 95
56 95
19 55
1 19
19 33
19 25
19 77
19 95
74 94
11 74
53 74
44 74
46 74
74 83
19 74
50 74
31 74
57 74
42 74
74 99
11 16
16 20
16 43
16 44
16 38
10 16
16 85
16 76
16 96
16 51
7 85
7 76
7 96
7 51
7 42
7 55
1 7
7 16
6 60
6 32
6 9
6 94
6 11
6 20
6 43
6 69
6 38
6 83
6 85
6 50
6 96
6 51
6 7
6 55
1 6
6 97
3 88
6 88
16 88
64 83
56 64
64 85
64 76
64 96
57 64
3 64
6 64
60 66
32 66
9 66
66 81
66 94
11 66
20 66
43 66
53 66
44 66
38 66
10 66
66 85
66 76
50 66
51 66
42 66
6 66
24 66
55 66
1 66
66 70
4 66
15 53
15 44
15 83
15 56
15 85
15 50
15 96
3 15
15 42
15 99
15 66
15 64
60 63
32 63
9 63
63 81
63 94
11 63
20 63
43 63
63 69
44 63
46 63
10 63
19 63
63 85
63 96
3 63
7 63
6 63
24 63
26 53
26 69
26 46
26 56
26 85
26 76
26 31
26 57
26 42
26 99
24 26
16 26
26 55
1 26
26 74
48 60
32 48
9 48
48 81
48 94
11 48
20 48
43 48
48 53
38 48
48 83
48 56
45 48
48 50
48 96
48 51
3 48
6 48
24 48
26 48
13 60
13 32
9 13
13 20
13 43
13 44
13 83
13 56
13 85
13 76
13 50
13 57
3 13
13 99
13 66
13 26
13 63
13 55
9 39
11 39
20 39
38 39
39 46
39 56
39 85
39 76
31 39
39 51
7 39
6 39
24 39
26 39
13 39
39 70
39 41
39 97
2 53
2 38
2 46
2 56
2 85
2 76
2 31
2 57
2 7
2 99
2 66
2 16
2 63
71 94
11 71
53 71
44 71
46 71
10 71
45 71
50 71
31 71
57 71
42 71
6 71
24 71
16 71
63 71
55 71
25 71
9 72
11 72
53 72
38 72
46 72
10 72
19 72
72 76
51 72
57 72
3 72
7 72
24 72
26 72
31 54
51 54
3 54
54 99
54 66
54 64
54 55
18 19
18 76
18 96
18 57
7 18
6 18
18 66
16 18
18 54
13 18
18 41
9 79
11 79
53 79
44 79
38 79
56 79
45 79
76 79
79 96
57 79
42 79
79 99
66 79
16 79
54 79
13 79
27 96
27 51
27 42
6 27
16 27
26 27
27 63
27 71
27 55
27 52
41 52
45 61
61 76
31 61
51 61
3 61
6 61
61 66
61 64
13 61
61 70
27 61
61 79
16 40
40 64
13 40
40 70
73 83
10 73
73 85
50 73
73 96
51 73
42 73
7 73
66 73
64 73
54 73
70 73
27 73
55 73
40 73
1 73
48 73
16 67
26 67
54 67
67 71
67 73
67 79
61 67
65 67
0 67
32 58
11 58
43 58
44 58
38 58
10 58
19 58
50 58
58 96
51 58
7 58
58 99
16 58
26 58
58 63
13 58
27 58
58 97
2 58
5 60
5 32
5 11
5 20
5 53
5 44
5 83
5 10
5 19
5 50
5 96
3 5
5 7
5 99
5 24
5 64
5 54
5 71
5 41
5 97
2 5
36 38
36 83
36 45
36 76
31 36
3 36
36 42
6 36
36 66
26 36
36 63
36 71
36 41
36 79
5 36
36 65
0 36
36 90
8 36
36 58
36 88
36 52
36 48
23 36
1 36
17 36
36 77
60 78
32 78
9 78
78 81
78 94
11 78
20 78
43 78
53 78
44 78
78 83
56 78
19 78
50 78
31 78
57 78
42 78
6 78
24 78
26 78
13 78
71 78
41 78
78 97
2 78
5 78
55 78
36 78
24 68
26 68
63 68
13 68
27 68
68 97
61 68
15 68
0 68
36 68
58 68
21 60
21 32
9 21
21 81
11 21
20 21
21 69
21 44
21 83
21 56
21 45
21 76
21 31
21 57
21 42
6 21
16 21
21 26
21 63
21 70
21 73
21 97
21 61
5 21
21 55
29 60
29 32
9 29
29 81
29 94
11 29
20 29
29 43
29 53
29 69
29 46
29 56
29 45
29 76
29 96
29 57
7 29
6 29
24 29
26 29
29 63
29 70
29 73
29 41
29 61
15 29
29 55
29 77
34 83
34 56
34 85
34 76
31 34
34 51
3 34
34 99
24 34
34 64
34 54
13 34
34 41
34 97
34 61
15 34
0 34
29 34
34 68
1 34
34 39
4 34
35 60
32 35
9 35
35 81
35 94
11 35
20 35
35 43
35 53
35 69
35 44
35 38
35 46
35 83
35 85
35 76
35 96
35 57
35 42
35 99
35 66
26 35
35 54
35 71
27 35
35 79
35 61
5 35
0 35
35 36
13 82
71 82
73 82
2 82
61 82
5 82
0 82
36 82
60 87
32 87
9 87
81 87
87 94
11 87
20 87
43 87
53 87
69 87
44 87
38 87
46 87
10 87
45 87
50 87
87 96
51 87
7 87
6 87
24 87
26 87
13 87
71 87
27 87
87 97
2 87
15 87
55 87
29 87
82 87
1 87
39 87
13 89
70 89
27 89
79 89
5 89
15 89
0 89
36 89
68 89
40 89
39 89
88 89
21 89
35 89
18 89
60 93
32 93
9 93
81 93
93 94
11 93
69 93
44 93
46 93
56 93
85 93
76 93
93 96
3 93
7 93
6 93
16 93
64 93
13 93
70 93
41 93
93 97
2 93
65 93
55 93
58 93
82 93
1 93
14 60
14 32
14 94
11 14
14 69
14 44
14 46
14 83
14 85
14 76
14 31
14 57
14 42
7 14
14 66
14 64
14 54
13 14
14 73
14 79
14 61
5 14
0 14
14 58
14 68
14 40
30 60
30 32
9 30
30 81
30 94
11 30
20 30
30 43
30 53
30 69
30 46
10 30
30 45
30 76
30 31
30 51
3 30
30 99
30 66
30 64
30 54
30 71
30 73
30 97
2 30
15 30
0 30
29 30
30 68
22 30
14 30
30 88
30 35
30 87
9 75
11 75
43 75
44 75
38 75
10 75
45 75
75 76
31 75
57 75
3 75
7 75
24 75
63 75
13 75
70 75
27 75
75 79
61 75
65 75
55 75
58 75
68 75
22 75
14 75
4 75
35 75
37 83
37 56
37 45
37 85
31 37
3 37
7 37
6 37
37 66
37 64
37 63
37 70
37 73
37 79
37 61
15 37
0 37
36 37
37 58
37 40
14 37
4 37
37 89
37 87
28 83
10 28
28 45
28 50
28 31
28 51
28 42
28 99
28 66
28 64
28 63
28 70
28 73
28 41
2 28
28 65
28 55
28 58
28 82
28 40
28 39
28 88
28 89
28 37
49 60
32 49
9 49
49 81
49 94
11 49
20 49
43 49
49 53
49 69
44 49
38 49
49 83
10 49
45 49
49 50
31 49
49 51
7 49
49 99
49 66
16 49
49 54
49 71
27 49
41 49
2 49
15 49
0 49
49 58
49 68
1 49
14 49
49 88
49 89
37 49
21 49
42 98
98 99
24 98
64 98
54 98
71 98
73 98
97 98
5 98
15 98
55 98
58 98
68 98
1 98
14 98
4 98
48 98
87 98
49 98
86 94
11 86
53 86
44 86
83 86
56 86
45 86
50 86
86 96
57 86
7 86
86 99
24 86
64 86
63 86
71 86
41 86
79 86
5 86
65 86
0 86
36 86
68 86
1 86
39 86
4 86
48 86
59 60
32 59
59 94
20 59
43 59
44 59
46 59
56 59
59 85
50 59
31 59
57 59
42 59
59 99
16 59
59 64
59 63
59 70
59 73
2 59
5 59
59 65
55 59
58 59
40 59
22 59
39 59
59 88
59 89
37 59
52 59
59 86
31 91
57 91
7 91
91 99
66 91
26 91
54 91
70 91
27 91
79 91
5 91
65 91
55 91
29 91
40 91
1 91
22 91
4 91
35 91
59 91
30 91
86 91
80 91
52 91
91 95
17 91
75 91
91 93
67 91
28 91
23 91
74 91
43 47
44 47
46 47
47 83
45 47
47 76
31 47
47 51
7 47
47 99
24 47
26 47
47 54
47 71
47 73
47 79
47 61
47 65
0 47
47 58
47 82
1 47
39 47
4 47
35 47
47 59
30 47
47 86
21 47
47 52
34 47
12 60
12 32
12 94
12 20
12 53
12 69
12 46
12 56
12 45
12 76
12 96
12 51
3 12
6 12
12 16
12 26
12 54
12 71
12 73
12 41
5 12
12 15
12 55
12 58
12 68
1 12
12 14
4 12
12 35
12 87
12 30
12 86
12 78
12 90
12 98
12 18
12 47
8 12
12 74
32 92
9 92
11 92
20 92
43 92
69 92
46 92
56 92
19 92
76 92
92 96
3 92
7 92
92 99
24 92
63 92
13 92
70 92
27 92
92 97
61 92
65 92
0 92
58 92
68 92
22 92
14 92
88 92
48 92
87 92
59 92
33 92
78 92
52 92
92 98
12 92
75 92
92 93
74 92
23 92
67 92
84 92
12 28
12 84
18 47
28 47
47 77
8 47
47 84
25 47
60 62
32 62
9 62
62 81
62 94
11 62
20 62
43 62
53 62
62 69
44 62
38 62
46 62
56 62
45 62
50 62
62 96
57 62
7 62
6 62
62 66
62 64
54 62
62 71
41 62
62 97
2 62
15 62
55 62
29 62
62 82
22 62
14 62
62 88
48 62
59 62
49 62
62 86
21 62
62 90
62 95
17 62
62 75
62 93
8 62
62 77
62 84
62 67
59 84
33 59
23 59
8 59
59 78
59 90
49 86
84 86
17 86
86 98
77 86
8 86
25 86
23 86
80 98
90 98
8 98
77 98
25 98
18 98
93 98
17 98
17 49
49 77
49 67
28 49
49 52
49 93
18 49
49 72
28 33
21 28
28 90
28 34
18 28
28 77
8 28
28 84
21 37
37 80
37 67
25 37
23 37
34 37
18 37
37 75
17 37
30 75
33 75
75 78
75 95
34 75
17 75
18 75
75 84
74 75
30 84
30 74
25 30
30 34
30 95
30 80
30 93
30 90
14 78
14 93
14 21
14 74
14 90
14 67
14 88
14 77
89 93
48 93
87 93
78 93
93 95
34 93
72 93
23 93
25 93
84 89
72 89
80 89
87 89
89 90
8 89
48 87
74 87
87 95
72 87
87 90
78 87
33 87
77 87
52 82
4 82
82 95
39 82
35 82
82 90
8 82
22 82
67 82
23 82
72 82
33 82
82 88
35 40
35 39
35 67
35 78
17 35
25 35
35 80
35 84
34 35
33 35
35 77
33 34
34 78
34 80
34 95
23 34
17 34
34 67
29 39
4 29
18 29
29 84
29 80
1 29
23 29
25 29
8 29
21 29
29 33
22 29
29 90
21 68
21 40
21 48
21 33
21 78
21 72
21 77
21 67
21 25
21 80
21 23
1 68
25 68
68 80
17 68
48 68
68 78
40 78
78 88
72 78
52 78
8 78
78 90
78 95
36 40
36 95
5 18
0 5
5 48
5 25
5 8
5 84
5 58
5 39
5 23
58 88
58 72
58 74
52 58
58 67
17 58
48 58
22 67
4 67
33 67
67 90
67 72
18 67
25 67
8 67
73 80
73 88
22 73
0 73
73 84
72 73
41 73
40 79
40 61
40 65
40 55
40 84
18 40
40 77
40 74
33 40
22 40
40 88
40 72
23 40
61 74
55 61
61 95
61 84
61 77
17 61
52 61
8 61
61 88
15 52
1 52
39 52
52 88
48 52
33 52
52 95
25 52
52 72
52 90
52 74
52 84
27 97
27 33
27 77
23 27
27 74
27 79
27 95
25 27
15 27
27 90
27 65
41 79
4 79
72 79
48 79
79 90
79 88
2 79
25 79
8 79
18 79
79 84
18 65
18 55
1 18
4 18
18 48
18 33
18 80
18 90
18 72
18 25
1 54
54 72
54 77
17 54
54 90
25 54
54 65
4 54
54 95
54 84
71 72
2 72
15 72
0 72
22 72
48 72
72 95
17 72
23 72
8 72
72 77
1 71
48 71
2 71
71 97
71 90
15 71
0 71
2 41
2 23
2 15
2 22
1 2
2 4
2 65
2 80
2 33
2 90
2 39
0 39
1 39
17 39
23 39
8 39
39 84
39 95
25 39
39 48
13 22
13 48
13 97
13 41
13 65
13 80
13 33
13 74
48 65
22 48
48 88
48 74
23 48
48 95
8 48
26 65
26 80
26 63
26 97
26 33
26 64
55 63
1 63
0 63
63 74
63 80
23 63
63 88
33 63
15 63
63 70
8 63
15 97
15 65
15 80
1 15
15 74
15 17
4 15
15 90
15 33
16 66
8 66
17 66
66 97
66 80
64 66
55 64
1 64
64 88
64 95
64 70
17 64
22 64
23 64
0 64
64 90
70 88
65 88
8 88
33 88
25 88
77 88
74 88
6 33
6 80
6 17
6 65
6 16
6 70
4 6
7 80
7 41
7 23
0 7
7 8
16 55
1 16
16 33
16 74
0 16
16 65
16 77
16 25
8 16
4 16
16 84
16 41
41 74
55 74
1 74
33 74
74 80
74 95
74 77
23 74
74 84
19 97
17 19
50 95
31 95
51 95
42 95
95 99
24 95
70 95
95 97
65 95
55 95
22 95
4 95
33 95
84 95
23 24
24 90
24 41
24 77
24 84
24 25
22 90
4 90
17 90
8 90
42 70
42 84
4 42
22 42
25 42
23 42
42 97
42 99
55 99
1 99
25 99
84 99
77 99
22 99
41 99
3 25
3 70
3 77
3 17
0 3
3 65
3 8
3 33
65 97
65 77
0 65
25 65
22 65
55 65
51 77
41 51
51 80
4 51
8 51
17 51
41 70
41 55
8 41
4 41
17 41
41 77
0 41
70 96
17 96
0 96
80 96
57 96
96 97
55 57
1 57
23 57
57 77
33 57
57 84
22 57
0 57
57 97
23 70
23 97
4 23
23 80
23 77
23 25
76 85
33 85
25 85
77 85
84 85
0 85
31 85
70 85
31 55
1 31
25 31
4 31
8 31
31 84
31 33
22 31
8 70
1 8
8 25
25 50
50 97
50 77
4 50
0 50
50 80
50 84
17 50
4 70
0 4
1 4
4 22
4 80
4 17
10 76
10 84
10 45
10 80
10 17
0 10
45 55
1 45
45 77
33 45
25 45
22 45
45 70
45 80
22 76
22 70
22 97
22 55
22 80
17 22
22 77
22 33
83 97
70 83
56 97
17 97
80 97
1 97
55 97
33 97
0 46
46 70
55 70
70 77
17 70
70 84
0 38
55 76
1 76
33 76
44 80
44 84
0 84
1 84
80 84
69 80
17 69
0 80
33 80
17 80
77 80
17 25
17 77
33 43
33 55
11 94
25 94
77 94
11 55
1 11
11 77
11 25
77 81
43 77
9 25
25 43
25 55
1 25
1 43
43 55
0 55
0 43
