100 1485
9 82
9 51
78 82
51 78
9 91
78 91
8 82
8 51
8 91
9 17
17 78
8 17
17 25
17 82
82 93
51 93
91 93
17 93
9 69
69 78
8 69
25 69
69 82
69 93
51 69
69 91
17 69
9 32
32 78
8 32
25 32
32 82
32 93
32 69
51 75
75 91
17 75
9 12
12 78
8 12
12 25
12 82
12 93
12 69
12 75
9 10
10 78
8 10
10 25
10 82
10 93
10 69
10 75
10 51
10 91
10 17
10 12
9 71
71 78
8 71
25 71
71 82
71 93
69 71
71 75
10 71
51 71
71 91
17 71
32 71
9 41
41 78
8 41
25 41
41 82
41 93
41 69
41 75
10 41
41 71
17 41
6 51
6 91
6 12
6 32
6 41
9 44
44 78
8 44
25 44
44 82
44 93
44 69
44 75
10 44
44 71
17 44
6 44
4 82
4 71
4 51
4 91
4 32
4 12
4 41
82 88
17 88
4 88
51 90
90 91
32 90
12 90
41 90
55 82
17 55
6 55
55 90
21 82
21 75
21 71
17 21
6 21
21 90
67 82
67 69
10 67
17 67
6 67
51 67
67 91
12 67
41 67
82 99
93 99
69 99
75 99
10 99
71 99
4 99
67 99
97 99
8 89
82 89
89 93
69 89
10 89
71 89
6 89
67 89
89 97
51 89
89 91
39 78
8 39
25 39
39 82
39 93
39 69
39 71
17 39
4 39
29 78
8 29
25 29
29 82
29 93
29 69
29 75
10 29
29 71
17 29
6 29
29 51
29 91
29 41
12 29
29 32
9 58
58 78
8 58
25 58
58 82
58 93
58 69
58 75
10 58
58 71
17 58
6 58
29 58
58 90
21 58
58 97
48 58
58 65
60 78
8 60
60 82
60 93
60 69
60 75
10 60
60 71
6 60
60 67
21 60
60 89
2 25
2 82
2 69
2 75
2 10
2 17
2 4
2 90
2 67
24 82
24 71
4 24
24 29
24 67
24 89
24 51
24 91
25 54
54 82
54 93
54 75
10 54
17 54
4 54
29 54
54 97
24 54
48 54
2 54
12 54
47 54
26 82
26 69
26 71
17 26
6 26
26 29
21 26
24 26
26 51
26 91
17 45
45 90
45 67
26 45
2 45
21 61
61 89
26 61
2 61
51 61
21 28
24 28
26 28
28 61
28 54
28 92
33 54
33 60
6 18
18 29
18 21
18 97
2 18
19 82
19 69
10 19
17 19
6 19
19 29
19 97
19 24
19 48
19 51
19 91
78 86
8 86
25 86
82 86
86 93
69 86
75 86
10 86
71 86
17 86
4 86
86 90
67 86
24 86
26 86
19 86
54 86
60 86
33 86
33 38
4 43
29 43
43 67
24 43
2 43
43 61
43 65
43 92
4 7
7 29
7 67
7 89
7 26
7 61
7 54
7 92
7 43
20 81
81 99
64 71
17 64
4 64
64 90
21 64
64 89
48 64
64 65
12 64
60 64
26 72
19 72
54 72
60 72
43 72
31 82
31 69
10 31
31 71
4 31
31 90
31 97
31 89
2 31
19 31
12 31
31 60
31 72
31 81
31 51
25 95
82 95
93 95
69 95
10 95
71 95
6 95
29 95
21 95
89 95
48 95
61 95
54 95
60 95
72 95
38 95
25 94
82 94
93 94
69 94
71 94
17 94
4 94
29 94
21 94
89 94
26 94
19 94
12 94
92 94
43 94
81 94
44 94
80 82
69 80
10 80
71 80
4 80
80 90
21 80
24 80
2 80
61 80
12 80
60 80
20 80
59 78
8 59
59 82
59 93
59 69
59 75
10 59
17 59
6 59
29 59
21 59
26 59
48 59
2 59
1 26
1 65
8 96
82 96
93 96
69 96
10 96
71 96
6 96
67 96
21 96
24 96
26 96
19 96
1 96
92 96
20 96
81 96
51 96
50 65
50 92
20 50
50 81
50 96
28 50
3 97
3 89
2 3
3 19
3 65
3 60
3 72
3 38
3 94
3 96
4 34
29 34
34 67
24 34
26 34
19 34
34 54
34 92
33 34
34 38
34 51
3 34
42 78
8 42
25 42
42 82
42 93
42 69
10 42
17 42
4 42
42 90
21 42
42 97
26 42
19 42
12 42
42 60
20 42
42 72
42 44
42 95
3 42
42 99
42 57
39 42
42 45
22 82
22 69
10 22
22 71
17 22
22 29
21 22
22 89
22 48
19 22
12 22
1 22
20 22
22 38
22 44
22 28
22 42
22 80
22 32
42 49
17 79
29 79
21 79
24 79
48 79
61 79
12 79
60 79
33 79
79 98
44 79
79 96
23 82
23 75
10 23
23 71
4 23
23 90
23 67
23 89
23 48
23 61
12 23
23 60
20 23
23 72
23 94
23 96
14 78
8 14
14 25
14 82
14 93
14 69
14 75
10 14
14 71
14 17
14 29
14 90
14 21
14 97
14 48
14 65
12 14
1 14
14 33
14 72
14 94
14 28
14 23
14 79
14 32
14 49
5 67
5 24
2 5
5 19
5 54
1 5
5 72
5 81
5 98
5 28
5 80
5 91
5 32
4 74
74 90
67 74
24 74
2 74
61 74
65 74
1 74
33 74
38 74
44 74
74 95
23 74
9 30
30 78
8 30
25 30
30 82
30 93
30 69
30 75
10 30
17 30
4 30
29 30
30 97
24 30
26 30
30 65
12 30
30 92
30 43
30 98
30 51
28 30
30 42
30 80
76 78
8 76
25 76
76 82
76 93
69 76
71 76
17 76
4 76
76 90
76 97
24 76
48 76
19 76
12 76
60 76
43 76
38 76
44 76
76 95
42 76
30 76
4 68
29 68
21 68
68 97
2 68
19 68
54 68
60 68
43 68
68 98
68 94
68 96
23 68
7 68
34 68
68 99
57 68
13 78
8 13
13 25
13 82
13 93
13 69
13 75
10 13
13 71
13 17
13 29
13 67
13 97
13 89
2 13
13 19
13 65
1 13
13 72
13 38
13 44
13 96
3 13
13 79
13 68
16 33
16 98
16 51
16 96
16 23
16 30
1 52
52 92
43 52
38 52
52 94
52 96
23 52
52 91
47 52
7 52
52 59
45 52
16 52
6 53
53 90
53 67
53 89
48 53
53 61
1 53
53 60
43 53
53 81
53 94
53 95
23 53
30 53
52 53
13 53
22 53
10 77
17 77
6 77
29 77
77 97
24 77
2 77
61 77
65 77
60 77
43 77
72 77
51 77
77 96
42 77
77 80
68 77
52 77
22 77
14 77
53 77
16 77
77 86
77 88
59 77
55 77
63 65
1 63
33 63
63 81
51 63
28 63
23 63
63 91
32 63
13 63
5 63
63 77
37 65
37 92
37 43
37 38
37 44
28 37
3 37
37 79
37 68
37 49
5 37
14 37
37 63
21 36
36 89
36 48
2 36
12 36
36 92
20 36
36 72
36 98
28 36
23 36
36 80
36 68
13 36
36 41
14 36
36 37
36 88
36 45
36 55
11 67
11 24
11 48
11 19
11 54
11 60
11 72
11 81
11 44
11 96
11 42
11 91
11 32
11 74
11 22
11 77
11 37
11 45
11 16
11 55
48 56
19 56
54 56
56 92
43 56
56 81
44 56
3 56
56 80
56 91
52 56
49 56
41 56
50 56
37 56
21 87
24 87
26 87
19 87
65 87
1 87
43 87
81 87
87 94
28 87
42 87
30 87
32 87
49 87
5 87
7 87
37 87
33 73
38 73
51 73
73 96
42 73
73 91
47 73
52 73
7 73
50 73
78 83
8 83
25 83
82 83
83 93
69 83
75 83
10 83
71 83
17 83
4 83
29 83
83 97
83 89
26 83
61 83
12 83
83 92
33 83
38 83
51 83
28 83
23 83
30 83
47 83
49 83
41 83
7 83
59 83
0 83
55 83
54 84
84 92
20 84
84 98
44 84
84 95
3 84
79 84
32 84
74 84
5 84
77 84
83 84
58 84
31 84
53 84
63 84
84 86
57 84
34 84
9 85
78 85
8 85
25 85
82 85
85 93
69 85
75 85
10 85
71 85
17 85
6 85
4 85
85 90
85 97
24 85
2 85
61 85
65 85
85 92
20 85
85 98
51 85
85 95
23 85
85 91
68 85
49 85
22 85
7 85
58 85
85 88
84 85
35 72
35 81
35 51
28 35
23 35
30 35
35 47
13 35
5 35
35 50
35 39
35 88
66 67
66 89
48 66
61 66
12 66
20 66
43 66
38 66
66 98
28 66
23 66
66 91
47 66
52 66
7 66
14 66
39 66
66 88
16 66
66 76
26 62
61 62
12 62
62 92
43 62
38 62
62 94
62 96
3 62
30 62
47 62
62 74
5 62
14 62
37 62
62 88
62 66
62 84
56 62
62 86
70 82
70 71
17 70
70 90
70 97
70 89
26 70
61 70
65 70
70 92
33 70
70 72
44 70
3 70
23 70
70 91
68 70
70 74
5 70
50 70
58 70
70 87
66 70
35 70
36 70
59 70
57 70
70 73
70 99
62 70
53 62
3 15
15 30
15 47
15 74
15 41
15 50
15 37
15 88
15 16
15 56
11 15
27 94
3 27
27 80
27 79
27 32
27 49
22 27
27 77
27 83
27 88
27 45
27 55
27 56
15 27
27 99
27 53
27 73
27 63
15 99
25 40
40 82
40 93
40 69
10 40
40 71
6 40
29 40
40 67
40 89
26 40
19 40
40 54
1 40
20 40
40 81
40 44
28 40
3 40
30 40
40 47
40 74
40 41
7 40
39 40
40 45
16 40
35 40
40 85
40 86
18 40
40 63
15 40
40 64
46 48
19 46
12 46
1 46
33 46
38 46
46 98
46 95
46 80
46 79
46 68
13 46
41 46
46 50
46 83
46 87
45 46
46 76
46 85
46 57
18 46
0 46
46 73
15 46
15 62
31 62
66 73
55 66
35 66
18 66
35 64
35 85
18 35
35 57
35 73
59 85
63 85
73 85
85 86
57 83
73 83
64 83
53 83
73 87
0 73
64 73
0 87
76 87
57 87
59 87
56 87
34 87
16 56
55 56
0 56
18 56
11 56
0 11
11 34
11 36
11 31
36 99
36 64
36 53
36 57
37 58
37 39
37 86
58 63
63 76
18 63
0 63
34 63
53 58
53 76
53 99
18 53
31 53
41 52
52 64
52 55
18 52
13 16
16 41
16 39
16 88
16 99
16 59
16 64
0 13
13 88
13 99
13 57
13 86
13 49
13 74
55 68
64 68
68 76
47 68
49 76
7 76
50 76
39 76
55 76
59 76
34 76
76 99
30 57
30 74
30 88
30 31
30 99
47 74
45 74
58 74
5 74
34 74
39 74
59 74
5 57
5 31
5 18
5 50
5 14
14 50
14 39
14 64
14 34
14 57
14 58
23 59
7 23
23 79
50 79
18 79
45 79
49 79
55 79
41 79
47 79
58 79
79 86
32 49
49 50
31 49
22 49
7 49
22 59
22 41
22 34
22 55
22 58
0 22
7 22
42 80
42 55
34 42
34 91
34 58
34 59
34 57
31 34
34 64
3 64
3 41
3 58
3 86
3 50
47 50
0 50
18 50
45 50
86 96
18 96
59 96
7 96
88 96
1 59
1 39
1 51
1 32
1 41
1 60
1 99
1 92
1 45
0 1
59 60
33 59
59 98
59 94
59 91
59 86
0 59
31 59
45 98
80 98
44 98
18 98
0 98
51 98
39 98
80 94
28 80
32 80
80 91
31 80
0 80
47 80
18 80
80 88
86 94
94 95
7 94
18 94
57 94
58 94
31 95
47 95
64 95
95 99
0 95
45 95
39 95
55 95
91 95
41 95
31 47
7 31
31 39
31 58
31 55
31 57
55 72
64 72
45 72
72 88
39 72
32 72
64 81
51 64
64 91
7 64
45 64
64 86
64 99
7 81
28 81
58 81
55 81
41 81
7 39
7 99
39 43
43 57
32 43
43 91
0 43
43 47
38 57
28 57
0 57
38 51
38 91
38 86
38 47
32 86
41 86
45 86
55 86
18 86
18 19
19 99
12 19
12 18
18 20
18 33
18 32
18 58
18 88
20 58
20 99
20 33
28 33
33 51
33 44
33 88
33 41
28 51
28 32
28 58
44 61
55 61
39 61
0 61
32 61
45 61
45 65
44 45
41 45
39 45
45 99
0 45
26 44
26 39
12 26
26 92
2 92
12 92
44 92
47 92
58 92
44 47
47 58
41 47
54 60
54 88
41 54
54 99
32 54
44 54
54 91
24 32
2 24
12 24
24 44
2 48
2 51
2 91
2 99
2 32
2 60
2 41
60 65
55 60
60 91
60 88
51 65
65 88
0 65
55 65
12 58
55 58
29 39
21 39
39 89
12 39
39 91
32 39
39 88
39 99
88 89
89 99
48 89
55 89
51 99
41 99
32 67
44 67
67 97
21 67
21 51
21 91
21 41
21 55
21 32
48 55
44 55
90 97
88 90
88 97
48 88
51 88
32 88
41 88
4 44
44 97
41 44
0 44
6 97
41 97
41 48
12 71
10 32
10 97
12 17
12 97
12 51
32 75
17 32
32 51
32 91
0 32
69 97
93 97
17 51
17 91
17 97
25 91
82 91
91 97
48 91
51 91
0 91
25 51
51 82
51 97
48 51
25 82
82 97
25 97
48 97
0 48
