100 1485
80 87
57 80
57 87
21 80
21 57
20 57
20 87
20 21
3 80
3 57
3 20
61 87
3 61
21 61
39 80
39 57
20 39
39 61
48 57
48 87
21 48
3 48
15 80
15 57
15 20
15 61
15 48
78 87
21 78
3 78
2 80
2 57
2 20
2 61
2 48
2 78
87 91
21 91
3 91
39 91
2 91
15 91
4 80
4 57
4 20
4 61
4 48
4 78
4 91
69 87
3 69
21 69
39 69
2 69
15 69
4 69
42 80
42 57
20 42
42 61
42 48
42 78
42 91
42 69
25 87
21 25
3 25
15 25
25 39
2 25
4 25
25 42
80 83
57 83
20 83
61 83
48 83
78 83
83 91
69 83
25 83
50 57
50 61
50 91
50 87
21 50
3 50
39 50
15 50
2 50
42 50
4 50
80 89
57 89
20 89
61 89
48 89
78 89
89 91
69 89
25 89
50 89
20 65
61 65
65 91
65 87
3 65
21 65
15 65
39 65
2 65
4 65
42 65
65 89
65 83
79 91
65 79
12 80
12 57
12 20
12 48
12 69
12 65
7 80
7 57
7 20
7 61
7 48
7 78
7 25
7 87
7 21
3 7
7 39
7 15
2 7
7 42
4 7
37 80
37 57
20 37
37 61
37 48
37 78
25 37
7 37
25 75
65 75
12 75
75 87
3 75
21 75
2 75
15 75
39 75
4 75
42 75
75 88
17 80
17 57
17 20
17 48
17 91
17 65
12 17
22 50
22 65
7 22
22 87
3 22
21 22
22 39
15 22
2 22
22 42
4 22
12 97
22 97
24 87
21 24
3 24
24 79
55 80
55 57
20 55
55 61
48 55
55 91
25 55
55 65
55 75
22 55
24 55
3 55
30 55
54 87
50 92
65 92
75 92
17 92
24 92
32 80
32 57
20 32
32 61
32 48
32 78
32 91
32 69
32 50
7 32
12 32
32 75
35 87
3 35
21 35
35 39
2 35
15 35
32 35
35 99
3 99
62 91
62 65
62 75
17 62
35 62
3 62
30 62
62 87
21 62
35 44
3 44
44 62
80 98
57 98
61 98
78 98
91 98
65 98
7 98
22 98
87 98
3 98
21 98
15 98
2 98
39 98
83 98
76 80
57 76
20 76
48 76
25 76
50 76
7 76
76 98
35 76
3 76
62 76
80 85
57 85
20 85
61 85
48 85
78 85
50 85
65 85
12 85
22 85
35 85
32 85
37 85
85 87
34 80
34 57
20 34
34 61
34 48
34 78
34 91
34 69
34 50
7 34
34 75
17 34
24 34
32 34
34 85
34 54
10 34
51 62
51 85
51 99
51 79
20 31
31 91
25 31
7 31
12 31
17 31
24 31
3 31
31 62
31 85
31 51
9 57
9 61
9 91
9 50
9 12
9 22
9 35
3 9
9 62
11 87
11 15
80 93
57 93
20 93
48 93
25 93
65 93
75 93
22 93
93 98
32 93
30 93
11 93
93 99
80 86
57 86
20 86
61 86
48 86
78 86
86 91
69 86
25 86
50 86
75 86
17 86
86 98
3 86
37 86
54 86
10 86
24 70
37 70
62 70
11 70
70 99
70 86
70 97
66 98
3 66
62 66
11 66
81 92
39 81
3 36
32 36
36 37
36 85
36 81
36 86
9 36
36 70
91 94
50 94
12 94
17 94
94 98
32 94
37 94
54 94
81 94
51 94
94 97
29 50
7 29
12 29
17 29
24 29
29 37
29 30
29 85
29 99
14 35
3 14
14 62
11 14
14 51
14 86
7 27
27 75
24 27
3 27
27 30
11 27
27 99
14 27
25 64
64 65
7 64
22 64
64 98
3 64
37 64
54 64
10 64
9 64
64 87
47 62
11 47
47 51
47 86
47 64
47 70
47 94
47 83
47 89
12 40
22 40
40 98
3 40
30 40
11 40
40 81
9 40
40 64
58 85
54 58
10 58
14 58
58 64
20 68
61 68
68 69
7 68
12 68
17 68
24 68
32 68
30 68
68 85
68 81
14 68
58 68
68 76
60 80
57 60
60 61
48 60
25 60
50 60
7 60
17 60
35 60
37 60
30 60
54 60
60 99
60 86
60 64
60 68
60 70
36 60
60 89
41 75
17 41
24 41
32 41
30 41
41 85
41 81
9 41
41 58
41 68
50 96
65 96
75 96
17 96
35 96
32 96
37 96
85 96
81 96
86 96
96 97
70 96
41 96
45 58
45 68
45 96
13 80
13 48
13 25
13 50
7 13
13 17
13 98
3 13
13 62
13 54
10 13
9 13
13 58
13 68
13 94
13 36
13 44
94 95
13 95
89 95
74 80
57 74
20 74
61 74
48 74
74 78
74 91
69 74
50 74
65 74
12 74
22 74
74 98
32 74
37 74
54 74
74 81
14 74
64 74
29 74
74 94
36 74
74 76
63 99
14 63
63 64
29 63
36 63
13 63
63 76
63 74
63 79
42 63
49 58
29 49
49 94
49 83
26 91
26 65
7 26
17 26
26 98
26 32
26 30
26 85
10 26
26 51
26 58
26 68
26 36
26 83
16 80
16 57
16 20
16 48
16 25
16 50
12 16
16 75
16 24
16 32
16 30
16 85
16 99
14 16
9 16
16 58
16 36
16 83
16 26
16 41
16 95
16 42
16 49
16 21
19 90
19 44
2 19
7 53
17 53
24 53
3 53
30 53
11 53
53 99
51 53
53 97
29 53
53 96
18 80
18 57
18 20
18 48
18 91
7 18
12 18
18 22
18 98
3 18
18 37
18 85
18 51
9 18
18 58
18 70
18 96
13 18
18 21
23 80
23 57
20 23
23 48
23 25
23 50
23 75
22 23
23 98
3 23
23 62
23 85
23 99
14 23
9 23
23 29
23 94
18 23
23 89
23 41
23 79
23 93
23 49
8 75
8 17
8 24
8 32
8 62
8 11
8 99
8 86
8 58
8 68
8 70
8 13
8 26
8 74
8 95
8 42
26 52
52 74
4 52
71 80
57 71
20 71
61 71
48 71
71 78
71 91
69 71
25 71
65 71
7 71
22 71
71 98
3 71
62 71
71 85
71 81
51 71
71 97
68 71
71 94
36 71
71 89
41 71
71 79
39 71
44 71
33 69
33 50
7 33
22 33
33 35
32 33
33 37
33 85
33 81
33 51
33 97
29 33
33 70
33 36
33 89
33 40
33 71
10 67
67 86
67 97
58 67
67 94
67 83
67 89
67 79
4 67
42 67
44 67
5 91
5 65
5 12
5 22
5 98
3 5
5 62
5 54
5 99
5 86
5 97
5 58
5 96
5 83
5 89
5 41
4 5
5 67
5 49
5 21
5 63
5 92
5 27
5 87
35 43
3 43
37 43
43 54
43 51
14 43
9 43
29 43
43 96
13 43
43 89
43 74
43 71
43 67
43 52
31 43
56 96
18 56
56 89
56 74
4 56
56 67
49 56
21 56
6 35
6 32
6 37
6 85
6 10
6 51
6 58
6 29
6 94
6 13
6 26
6 40
6 71
6 93
28 62
28 54
10 28
28 86
28 97
28 68
28 36
13 28
26 28
28 79
4 28
28 42
37 59
54 59
59 99
14 59
9 59
29 59
36 59
18 59
26 59
59 79
59 95
42 59
28 59
8 59
59 63
59 92
45 59
59 87
59 90
53 59
39 59
23 59
16 59
57 72
48 72
69 72
65 72
72 75
17 72
72 98
37 72
30 72
72 85
51 72
14 72
64 72
29 72
72 96
18 72
26 72
40 72
4 72
67 72
28 72
8 72
56 72
72 88
72 92
72 87
43 72
59 72
39 72
44 72
16 72
55 72
28 34
27 28
15 28
28 87
21 28
6 28
46 80
46 57
20 46
46 48
46 91
46 65
46 75
22 46
46 98
3 46
30 46
10 46
46 81
14 46
46 58
46 70
46 96
13 46
46 76
40 46
46 95
46 93
28 46
8 46
46 56
15 46
27 46
37 77
54 77
10 77
77 86
77 97
68 77
77 94
77 83
76 77
74 77
77 79
42 77
52 77
31 77
25 84
50 84
12 84
22 84
24 84
32 84
62 84
54 84
84 99
14 84
84 97
58 84
84 94
13 84
84 89
40 84
79 84
42 84
52 84
31 84
56 84
55 84
35 73
32 73
30 73
10 73
73 99
51 73
9 73
68 73
70 73
18 73
73 76
40 73
73 95
73 93
49 73
31 73
73 84
15 73
60 73
39 73
38 62
38 85
10 38
9 38
38 97
29 38
38 96
18 38
38 76
38 41
38 95
38 93
38 52
38 56
38 63
1 99
1 9
1 97
1 68
1 96
1 36
1 26
1 41
1 71
1 93
1 49
1 21
1 63
1 88
1 33
1 23
1 77
1 60
1 47
1 27
1 34
1 38
38 73
82 95
67 82
28 82
56 82
82 84
82 88
45 82
43 82
39 82
38 82
44 82
53 82
16 82
66 82
38 90
34 38
38 55
38 66
38 44
0 38
73 90
23 73
53 73
73 77
66 73
47 84
66 84
23 84
33 84
84 92
77 84
23 77
0 77
47 77
46 77
77 87
6 77
55 77
46 47
2 46
6 46
33 46
5 46
46 60
28 33
28 90
6 56
6 63
6 15
6 92
6 47
6 55
6 16
5 6
6 60
15 56
39 56
43 56
56 87
43 88
27 43
16 43
43 53
43 55
33 43
5 43
5 34
5 55
2 5
2 67
67 93
21 67
66 67
45 67
33 67
31 33
33 45
27 33
33 44
33 34
33 60
16 33
71 88
60 71
71 92
15 71
52 71
49 71
71 87
52 93
8 52
52 66
52 92
44 52
47 52
0 52
52 60
8 39
2 8
8 23
0 8
8 88
8 55
8 21
8 47
23 90
23 39
23 44
23 53
23 60
18 27
18 53
18 90
18 88
18 42
15 18
18 89
4 18
18 39
53 76
40 53
4 53
42 53
49 53
31 53
19 53
53 92
0 53
34 53
53 60
19 34
16 19
16 88
16 92
16 66
26 41
26 93
0 26
26 66
26 40
26 79
26 49
26 34
41 49
4 49
45 49
49 88
49 55
31 49
49 63
31 63
15 63
27 63
45 63
60 63
0 63
21 74
55 74
74 92
42 74
74 88
66 74
74 95
74 87
34 74
27 95
2 95
93 95
55 95
21 95
45 95
34 95
13 87
13 66
13 83
13 31
13 76
13 45
45 89
41 45
21 45
45 88
44 45
27 45
2 45
45 55
34 45
76 96
79 96
90 96
40 96
83 96
0 96
42 96
41 83
31 41
41 60
41 44
40 41
39 41
15 41
41 79
60 79
31 60
60 87
47 60
68 88
68 87
15 68
44 68
55 68
68 83
0 68
29 58
58 90
40 58
34 58
58 89
40 83
40 90
40 47
27 40
2 40
4 40
31 40
0 40
4 47
47 93
27 47
2 47
34 47
39 47
64 97
27 64
15 64
64 90
2 64
64 76
34 64
31 64
64 79
21 64
39 64
64 92
27 29
27 36
27 89
27 42
21 27
0 27
27 34
14 76
14 42
14 29
14 89
14 44
14 83
14 66
9 14
29 39
29 31
2 29
4 29
29 94
21 29
29 93
4 94
92 94
66 94
89 94
34 94
36 94
44 94
36 55
36 88
36 93
34 36
0 36
81 89
0 81
66 81
44 81
66 97
66 70
4 66
21 66
15 66
66 90
0 66
44 66
2 66
70 79
42 70
70 92
2 70
31 70
21 70
39 70
15 70
70 87
86 93
4 86
2 86
86 90
39 86
15 86
86 97
86 88
86 92
86 87
93 97
83 93
79 93
0 93
90 93
31 93
39 93
11 83
9 11
0 11
11 88
11 97
9 99
9 55
9 31
9 79
0 9
9 88
4 9
9 89
4 31
2 31
31 87
31 34
15 51
51 83
51 90
4 51
0 51
21 51
34 51
34 42
34 39
21 85
76 85
39 85
85 99
10 76
76 89
15 76
4 76
76 92
76 87
55 76
21 76
2 76
76 90
30 98
4 98
90 98
3 90
30 90
10 90
79 90
21 90
15 90
87 90
0 90
44 90
10 44
10 21
10 87
10 42
10 99
10 55
10 97
44 97
44 89
21 44
44 88
15 62
2 62
62 99
4 62
87 99
21 99
88 99
2 99
32 87
21 32
4 32
32 42
32 83
32 88
15 32
32 92
32 89
37 92
54 92
83 92
4 92
21 92
88 92
39 92
87 92
54 55
4 54
54 89
42 54
54 79
2 54
55 97
55 83
42 55
15 55
2 55
24 42
24 88
2 24
24 89
24 37
24 83
24 97
24 39
15 24
37 97
30 97
42 97
83 97
22 79
17 22
22 37
17 87
17 21
3 17
17 39
15 17
2 17
17 89
17 42
17 88
4 17
30 88
83 88
79 88
2 88
15 88
37 75
75 83
30 75
3 37
37 87
21 37
30 37
37 83
37 89
7 89
7 83
7 12
12 87
12 21
3 12
12 15
12 39
2 12
4 12
12 42
12 79
12 30
12 89
3 79
30 79
79 83
42 79
15 79
42 89
50 83
30 50
2 83
39 83
25 30
30 42
39 42
30 69
4 87
0 4
30 91
2 3
2 87
0 2
15 78
39 78
30 78
15 87
0 15
39 48
30 48
3 39
30 39
0 39
30 61
3 87
3 21
20 30
21 30
30 57
30 87
30 80
0 30
