100 2475
6 47
34 47
6 10
10 34
6 24
24 34
24 47
10 24
6 44
34 44
24 44
6 21
21 34
21 24
21 47
10 21
21 44
6 55
34 55
24 55
21 55
40 47
10 40
40 44
40 55
6 56
34 56
24 56
21 56
40 56
6 68
34 68
24 68
21 68
40 68
47 68
10 68
44 68
56 68
55 68
6 11
11 34
11 24
11 21
11 40
11 68
6 26
26 34
24 26
21 26
26 40
26 68
26 47
10 26
26 44
26 56
26 55
6 12
12 34
12 24
12 21
12 40
12 68
12 26
6 14
14 34
14 24
14 21
14 40
14 68
14 26
14 47
10 14
14 44
14 56
14 55
11 14
6 99
34 99
24 99
21 99
40 99
68 99
26 99
14 99
18 47
10 18
18 44
18 56
18 55
11 18
6 94
34 94
24 94
21 94
40 94
68 94
26 94
14 94
18 94
6 30
21 30
14 30
30 47
10 30
30 44
30 56
30 55
12 30
11 30
30 99
30 94
6 92
34 92
24 92
21 92
40 92
68 92
26 92
14 92
18 92
30 92
6 65
34 65
24 65
21 65
40 65
65 68
26 65
14 65
18 65
30 65
47 65
10 65
44 65
56 65
55 65
65 92
65 94
65 99
11 65
12 65
6 76
34 76
24 76
21 76
40 76
68 76
26 76
14 76
18 76
30 76
65 76
6 17
17 34
17 24
17 21
17 40
17 68
17 26
14 17
17 18
17 47
10 17
17 44
17 56
17 55
17 92
11 17
17 99
17 94
12 17
6 52
34 52
24 52
21 52
40 52
52 68
26 52
14 52
18 52
30 52
52 65
17 52
6 46
24 46
21 46
40 46
46 68
26 46
14 46
17 46
46 47
10 46
44 46
46 56
46 55
46 99
12 46
46 94
46 92
11 46
46 52
6 61
34 61
24 61
21 61
40 61
61 68
26 61
14 61
18 61
30 61
61 65
17 61
46 61
47 98
10 98
44 98
56 98
55 98
94 98
12 98
11 98
98 99
92 98
76 98
6 82
34 82
24 82
21 82
40 82
68 82
26 82
14 82
18 82
30 82
65 82
17 82
46 82
82 98
11 82
6 85
34 85
24 85
21 85
40 85
68 85
26 85
14 85
18 85
30 85
65 85
17 85
85 98
47 85
10 85
44 85
55 85
56 85
12 85
85 99
85 92
85 94
52 85
61 85
76 85
82 85
6 93
34 93
24 93
21 93
40 93
68 93
26 93
14 93
18 93
30 93
65 93
17 93
46 93
93 98
11 93
85 93
47 95
10 95
44 95
55 95
56 95
92 95
95 99
94 95
12 95
61 95
76 95
82 95
52 95
93 95
6 79
34 79
24 79
21 79
40 79
68 79
26 79
14 79
18 79
30 79
65 79
17 79
46 79
79 98
11 79
79 85
79 95
6 66
34 66
24 66
21 66
40 66
66 68
26 66
14 66
18 66
30 66
65 66
17 66
46 66
66 98
66 85
66 95
47 66
10 66
44 66
56 66
55 66
12 66
66 94
66 99
66 92
52 66
66 76
61 66
66 82
65 71
17 71
11 71
66 71
47 71
6 75
34 75
24 75
21 75
40 75
68 75
26 75
14 75
18 75
30 75
65 75
17 75
46 75
75 98
75 85
75 95
52 75
47 75
10 75
44 75
55 75
56 75
75 99
75 92
75 94
12 75
6 50
34 50
24 50
21 50
40 50
50 68
26 50
14 50
50 65
17 50
11 50
50 85
50 52
50 75
72 85
72 95
47 72
4 10
4 44
4 55
4 56
4 94
4 12
4 99
4 92
4 76
4 61
4 82
14 73
65 73
11 73
66 73
47 73
4 73
1 6
1 34
1 24
1 21
1 68
1 14
1 30
1 65
1 11
1 95
1 52
1 75
1 72
1 10
1 44
1 55
1 56
1 99
1 92
1 94
1 12
6 62
34 62
24 62
21 62
40 62
62 68
26 62
14 62
18 62
30 62
62 65
17 62
46 62
62 98
11 62
62 85
52 62
47 62
1 62
12 62
41 62
10 69
44 69
50 69
18 36
36 46
11 36
36 95
36 47
4 36
1 36
36 73
65 74
46 74
11 74
66 74
52 74
47 74
72 74
12 74
41 74
10 74
44 74
55 74
56 74
6 80
34 80
24 80
21 80
40 80
68 80
26 80
14 80
18 80
30 80
65 80
17 80
46 80
80 98
11 80
80 85
80 95
66 80
47 80
4 80
75 80
12 80
74 80
80 94
69 80
21 58
26 58
30 58
58 65
11 58
58 66
52 58
47 58
58 75
12 58
41 58
58 94
6 28
28 34
24 28
21 28
28 68
26 28
18 28
17 28
11 28
28 85
28 52
28 47
28 72
28 73
28 74
28 69
10 28
28 44
21 89
68 89
30 89
46 89
11 89
66 89
52 89
47 89
1 89
12 89
73 89
74 89
28 89
10 89
44 89
89 99
47 64
4 64
64 75
64 73
41 64
64 69
49 75
1 49
41 49
49 69
10 49
44 49
49 62
6 90
34 90
24 90
21 90
40 90
68 90
26 90
14 90
18 90
30 90
65 90
17 90
46 90
90 98
11 90
90 95
52 90
4 90
1 90
12 90
41 90
69 90
49 90
89 90
15 66
15 75
15 72
15 73
15 41
15 94
15 49
15 58
10 15
6 63
34 63
24 63
21 63
40 63
63 68
26 63
14 63
18 63
30 63
63 65
17 63
46 63
63 98
11 63
63 85
63 95
63 66
52 63
47 63
63 75
1 63
41 63
63 94
49 63
63 89
15 63
11 88
85 88
47 88
4 88
72 88
73 88
74 88
88 94
28 88
58 88
15 88
10 88
55 88
6 67
34 67
24 67
21 67
40 67
67 68
26 67
14 67
18 67
30 67
65 67
17 67
11 67
67 95
47 67
67 75
67 72
12 67
41 67
67 94
67 69
58 67
67 88
67 79
21 53
26 53
18 53
53 65
53 98
53 95
47 53
4 53
53 72
53 73
53 74
53 94
49 53
53 89
53 58
53 79
53 63
28 86
86 89
15 86
18 51
51 65
11 51
51 95
51 52
47 51
51 72
12 51
41 51
51 74
28 51
51 89
51 88
10 51
44 51
6 22
22 34
22 24
21 22
22 40
22 68
22 26
14 22
18 22
22 30
22 65
17 22
22 46
22 98
11 22
22 85
22 47
4 22
22 72
1 22
22 74
22 69
22 49
22 89
15 22
22 51
22 79
6 7
7 24
7 21
7 68
7 26
7 14
7 30
7 65
7 98
7 85
7 52
7 75
1 7
7 73
7 41
7 94
7 49
7 89
7 15
7 88
7 53
75 78
1 78
41 78
78 94
49 78
28 78
78 88
78 79
53 78
7 78
6 43
34 43
24 43
21 43
40 43
43 68
26 43
14 43
18 43
30 43
43 65
17 43
43 46
43 98
11 43
43 85
43 95
43 66
43 47
4 43
43 72
12 43
41 43
43 74
43 49
43 89
43 88
43 79
43 63
7 43
43 82
14 16
16 46
11 16
16 66
16 47
4 16
16 75
16 73
16 74
16 94
16 28
16 58
15 16
16 51
16 53
16 43
6 19
19 24
19 21
19 68
19 26
14 19
19 65
17 19
19 98
19 66
19 52
19 75
1 19
12 19
19 41
19 69
19 49
19 89
15 19
19 51
19 63
19 43
37 72
12 37
37 73
37 69
37 49
28 37
37 88
37 51
37 79
7 37
19 37
6 59
24 59
21 59
14 59
30 59
17 59
59 85
59 95
47 59
59 75
59 72
12 59
59 73
59 69
28 59
59 89
15 59
51 59
53 59
7 59
43 59
6 77
34 77
24 77
21 77
40 77
68 77
26 77
14 77
18 77
30 77
65 77
17 77
11 77
77 85
52 77
47 77
72 77
12 77
74 77
77 94
49 77
77 89
15 77
77 79
53 77
43 77
19 77
59 77
77 80
36 77
77 78
6 35
24 35
21 35
26 35
30 35
17 35
11 35
35 85
35 52
35 47
1 35
35 73
35 74
35 94
28 35
35 89
35 58
35 88
35 79
7 35
35 71
10 35
2 6
2 34
2 24
2 21
2 40
2 68
2 26
2 14
2 18
2 30
2 65
2 46
2 85
2 95
2 66
2 47
2 72
1 2
2 74
2 69
2 28
2 89
2 58
2 51
2 79
2 7
2 71
2 59
2 80
0 2
19 83
71 83
2 83
6 9
9 21
9 18
9 17
9 46
9 66
9 52
9 47
1 9
9 12
9 74
9 69
9 28
9 89
9 15
9 51
9 79
7 9
9 19
9 59
9 80
9 36
9 37
9 55
9 78
23 24
14 23
23 30
23 46
23 98
23 66
23 47
23 75
23 72
23 73
23 41
23 94
23 69
23 58
23 88
23 51
23 63
23 43
23 71
10 23
23 80
9 23
14 87
46 87
87 98
85 87
47 87
4 87
75 87
1 87
41 87
87 94
49 87
87 89
58 87
79 87
53 87
43 87
71 87
59 87
80 87
36 87
23 87
77 87
6 20
20 24
20 21
20 26
14 20
20 46
11 20
20 66
20 47
20 75
1 20
12 20
20 74
20 94
20 28
20 58
15 20
20 51
20 63
20 53
19 20
20 59
20 80
9 20
20 78
20 77
6 8
8 24
8 21
8 68
8 26
8 14
8 65
8 46
8 11
8 95
8 52
8 47
8 75
8 12
8 73
8 69
8 49
8 58
8 15
8 88
8 53
8 43
8 19
8 10
2 8
8 9
8 78
8 20
8 61
6 60
34 60
24 60
21 60
40 60
60 68
26 60
14 60
18 60
30 60
60 65
17 60
46 60
60 98
60 85
60 66
52 60
4 60
1 60
12 60
60 73
60 74
28 60
58 60
15 60
51 60
53 60
43 60
60 71
59 60
60 80
9 60
60 78
60 82
60 61
47 84
4 84
1 84
73 84
74 84
84 94
49 84
84 89
84 88
79 84
63 84
7 84
71 84
10 84
80 84
36 84
78 84
77 84
61 84
29 47
29 75
29 72
29 73
29 41
29 69
29 49
29 89
15 29
29 51
29 53
29 43
19 29
29 59
29 80
29 36
29 78
29 82
29 84
29 60
29 87
29 50
29 83
70 85
66 70
52 70
47 70
70 72
70 73
70 74
69 70
28 70
58 70
15 70
70 88
53 70
7 70
70 71
59 70
2 70
9 70
70 78
70 77
20 70
6 81
24 81
21 81
26 81
65 81
46 81
81 85
81 95
47 81
4 81
75 81
73 81
41 81
74 81
28 81
81 89
58 81
79 81
63 81
53 81
19 81
71 81
80 81
9 81
23 81
77 81
61 81
81 84
5 11
5 66
5 52
4 5
1 5
5 73
5 74
5 69
5 49
5 28
5 15
5 51
5 63
5 43
5 71
5 59
2 5
5 9
5 23
5 77
5 61
5 81
5 87
5 22
6 13
13 24
13 21
13 68
13 26
13 14
13 30
13 17
13 85
13 95
13 52
13 47
13 72
13 73
13 74
13 94
13 49
13 58
13 88
13 79
13 63
7 13
13 71
10 13
2 13
9 13
13 23
13 82
13 20
13 60
13 87
13 50
13 16
6 27
27 34
24 27
21 27
27 40
27 68
26 27
14 27
27 30
27 65
11 27
27 95
27 52
27 47
1 27
12 27
27 74
27 69
27 28
27 58
15 27
27 79
27 53
27 43
19 27
10 27
27 80
27 36
27 78
27 82
27 61
27 60
22 27
16 27
13 27
27 83
6 25
24 25
21 25
25 68
25 65
17 25
11 25
25 66
25 52
4 25
25 75
12 25
25 73
25 69
25 28
25 58
15 25
25 79
25 63
25 43
25 71
25 59
25 80
9 25
23 25
25 77
20 25
25 60
25 81
22 25
25 83
6 91
34 91
24 91
21 91
68 91
14 91
18 91
65 91
85 91
66 91
47 91
4 91
72 91
1 91
41 91
91 94
28 91
89 91
15 91
51 91
63 91
7 91
19 91
10 91
2 91
36 91
78 91
82 91
20 91
60 91
81 91
16 91
13 91
6 33
33 34
24 33
21 33
33 40
33 68
26 33
14 33
33 65
17 33
11 33
33 85
33 47
4 33
33 72
12 33
33 74
33 94
33 49
33 89
33 88
33 51
33 63
7 33
33 71
33 59
2 33
33 36
23 33
33 82
33 61
33 60
33 87
33 50
16 33
33 91
25 33
33 64
33 55
33 99
33 37
5 33
33 93
19 42
10 42
42 80
9 42
23 42
42 82
42 61
42 84
42 81
16 42
13 42
42 83
25 42
45 46
45 66
45 47
4 45
45 72
12 45
41 45
45 94
45 49
45 58
15 45
45 79
45 63
43 45
19 45
10 45
45 80
36 45
45 78
45 77
20 45
45 60
45 81
45 50
16 45
45 70
25 45
6 96
24 96
21 96
68 96
18 96
17 96
11 96
66 96
52 96
4 96
72 96
12 96
74 96
94 96
69 96
58 96
15 96
51 96
53 96
43 96
19 96
10 96
2 96
9 96
23 96
77 96
20 96
60 96
87 96
22 96
13 96
70 96
3 14
3 46
3 11
3 66
3 52
3 4
3 72
3 73
3 74
3 69
3 28
3 89
3 88
3 79
3 63
3 53
3 71
3 10
2 3
3 9
3 78
3 77
3 20
3 84
3 87
3 50
3 13
3 91
3 70
3 76
3 92
3 35
6 39
34 39
24 39
21 39
39 40
39 68
26 39
14 39
18 39
30 39
39 65
39 46
11 39
39 66
39 52
39 47
1 39
12 39
39 73
39 94
39 49
28 39
39 58
39 79
39 63
39 53
39 71
39 59
39 80
36 39
23 39
20 39
39 61
39 84
39 81
22 39
13 39
39 70
3 39
39 45
39 55
37 39
6 57
34 57
24 57
21 57
40 57
57 68
26 57
14 57
18 57
30 57
57 65
17 57
11 57
57 85
52 57
47 57
1 57
12 57
41 57
57 94
28 57
57 89
57 58
51 57
53 57
7 57
43 57
10 57
57 80
36 57
23 57
57 82
20 57
57 84
57 87
22 57
13 57
57 83
25 57
45 57
57 64
38 75
38 73
38 41
38 69
28 38
38 89
38 88
38 51
38 53
7 38
38 43
38 59
38 80
2 38
38 78
38 77
20 38
38 60
22 38
38 50
13 38
38 70
25 38
3 38
38 55
38 90
35 38
38 56
37 38
5 38
38 62
8 38
38 92
6 32
24 32
21 32
14 32
30 32
17 32
32 85
32 66
32 52
32 47
1 32
32 73
32 74
32 94
32 49
32 89
15 32
32 51
32 63
32 43
32 71
10 32
32 80
32 36
23 32
32 82
32 61
32 84
32 81
32 50
16 32
32 70
25 32
32 45
32 64
32 38
0 32
53 97
7 97
19 97
59 97
2 97
36 97
23 97
82 97
61 97
84 97
81 97
22 97
16 97
91 97
25 97
45 97
55 97
97 99
39 97
67 97
29 97
56 97
27 97
35 97
42 97
32 97
96 97
90 97
44 97
86 97
29 32
27 32
32 56
32 62
32 90
32 33
8 32
32 96
32 67
32 76
6 54
34 54
24 54
21 54
40 54
54 68
26 54
14 54
18 54
30 54
54 65
17 54
46 54
54 98
54 85
54 95
47 54
54 75
54 72
12 54
41 54
54 74
28 54
54 58
15 54
51 54
54 79
7 54
54 71
10 54
2 54
9 54
23 54
54 77
54 61
54 81
54 87
50 54
16 54
54 91
3 54
45 54
54 55
38 54
0 54
5 54
54 93
27 54
31 58
31 79
31 63
7 31
19 31
31 59
2 31
31 36
31 78
31 82
20 31
31 84
31 87
22 31
13 31
31 83
31 70
31 64
31 55
31 37
31 39
0 31
31 93
31 42
14 48
46 48
11 48
48 95
48 52
48 75
48 72
12 48
48 73
48 94
48 49
48 89
48 88
48 79
48 63
7 48
19 48
10 48
48 80
36 48
23 48
48 77
48 61
48 84
48 87
48 50
48 83
48 70
3 48
45 48
48 55
48 99
0 48
5 48
48 93
27 48
31 48
48 62
48 90
48 57
44 48
48 96
8 48
48 54
31 86
31 90
31 33
31 96
31 67
31 54
31 56
54 56
54 86
54 57
44 54
54 67
54 96
38 93
27 38
38 57
39 57
5 57
57 93
27 57
56 57
35 57
57 86
33 57
57 76
57 67
8 39
39 86
39 62
39 90
39 76
39 92
39 93
39 96
39 42
3 29
0 3
3 67
3 96
3 93
3 44
3 5
3 56
45 96
55 96
37 96
5 96
27 96
35 96
90 96
33 96
76 96
29 45
45 86
45 55
45 62
35 45
27 45
45 90
42 45
42 64
42 99
5 42
29 42
33 42
42 86
42 67
42 56
8 42
35 42
42 92
33 62
33 90
33 44
8 33
91 99
25 91
64 91
37 91
55 91
0 91
91 93
91 92
90 91
67 91
56 91
35 91
76 91
25 70
25 86
25 44
25 55
25 64
8 25
25 27
25 99
5 25
27 64
27 37
27 93
27 92
27 35
27 90
27 76
13 67
13 44
13 76
8 13
13 70
5 13
13 62
13 90
5 83
5 37
0 5
5 8
5 92
5 76
5 44
5 29
70 81
81 92
55 81
35 81
16 81
81 90
81 83
44 81
37 81
0 81
76 81
70 87
16 70
70 83
70 86
29 70
62 70
37 70
70 93
70 90
56 70
29 64
29 99
0 29
29 56
29 35
29 92
29 86
8 29
29 44
29 62
67 84
50 84
62 84
22 84
60 84
44 84
55 84
37 84
35 84
84 99
83 84
56 60
60 64
60 76
60 87
60 67
60 90
16 60
0 60
8 60
60 93
60 86
8 87
8 22
8 83
8 64
8 99
8 56
8 62
8 86
8 44
8 92
20 37
0 20
20 50
20 55
20 99
16 20
20 56
20 83
20 87
20 22
87 93
62 87
64 87
87 92
86 87
50 87
87 99
22 87
23 56
0 23
23 76
23 37
23 35
23 61
23 44
23 93
23 86
23 55
9 67
9 62
9 99
9 61
9 82
9 83
9 35
9 16
78 83
77 83
50 83
16 83
83 99
37 83
0 83
64 83
35 83
62 83
44 83
2 56
2 90
2 64
2 78
2 37
2 99
2 92
2 44
2 35
2 62
2 86
35 77
35 61
22 35
35 99
0 35
35 67
35 62
35 76
35 86
35 44
61 77
56 77
77 82
37 77
62 77
16 77
77 86
77 90
59 76
59 78
37 59
36 59
59 64
44 59
0 59
59 92
59 61
59 82
50 59
59 93
37 50
37 64
37 99
37 86
37 76
37 56
37 90
37 44
0 37
19 99
19 61
10 19
19 80
16 19
0 19
19 44
19 92
19 67
19 50
19 90
19 36
10 16
16 80
16 78
16 22
16 44
0 16
16 56
16 55
16 92
16 93
16 86
43 44
43 62
43 50
43 56
43 99
43 90
43 55
43 71
43 64
43 78
78 90
50 78
67 78
64 78
62 78
78 92
78 82
22 78
78 99
7 76
7 64
7 67
7 93
7 92
7 80
7 86
0 7
7 61
7 22
7 71
22 71
10 22
22 80
22 36
22 82
22 67
22 56
22 64
22 55
22 90
22 93
22 50
36 51
51 86
51 76
51 55
51 71
51 92
51 82
51 79
51 61
51 64
53 86
71 86
10 86
80 86
61 86
50 86
64 86
76 86
67 86
86 92
53 93
53 67
44 53
53 76
53 99
50 53
53 61
36 53
10 53
10 67
67 80
67 82
50 67
64 67
55 67
67 99
0 67
67 93
67 92
67 76
44 88
36 88
88 99
88 92
62 88
71 88
64 88
50 88
61 88
0 88
56 88
63 88
80 88
63 79
63 80
36 63
62 63
10 63
0 63
55 63
56 63
63 71
63 90
63 92
63 82
15 90
15 80
15 93
15 82
15 76
15 79
15 56
0 15
79 90
71 90
36 90
61 90
90 93
62 90
44 90
90 92
0 49
49 55
49 79
36 49
49 71
49 64
49 56
49 92
49 50
64 89
64 79
36 64
64 82
61 64
64 92
64 76
0 64
64 99
56 89
82 89
76 89
50 89
28 58
28 61
28 82
28 99
28 93
28 76
28 92
28 79
10 58
55 58
58 80
58 61
58 62
44 58
58 71
0 58
58 93
36 58
10 80
76 80
36 80
55 80
74 94
74 99
36 74
74 93
0 74
36 69
36 50
36 92
36 76
36 56
36 44
0 36
36 93
55 69
62 69
69 76
56 69
62 79
62 71
10 62
61 62
50 62
62 99
0 62
62 93
56 62
62 92
1 76
1 41
1 73
1 61
1 71
1 79
12 73
10 73
44 73
56 73
55 73
73 99
73 92
61 73
41 73
73 94
4 93
4 72
4 41
4 79
72 75
10 72
44 72
56 72
55 72
72 92
12 72
72 94
72 99
72 79
71 72
72 82
50 72
12 50
41 50
50 79
10 50
50 82
50 56
50 92
50 99
50 76
75 76
71 75
61 75
75 82
75 93
41 71
71 94
56 71
71 82
55 71
71 93
71 76
61 71
66 79
66 93
47 79
41 79
79 94
79 93
79 99
10 79
41 95
47 93
12 93
41 93
10 93
82 93
61 93
55 93
0 93
76 93
52 82
47 82
12 82
41 82
82 94
10 82
0 82
55 82
76 82
44 82
82 92
82 99
61 98
52 98
11 61
52 61
47 61
41 61
61 94
61 92
61 76
44 61
46 76
41 46
11 52
47 52
10 52
44 52
52 55
52 56
52 92
52 99
52 94
12 52
52 76
41 52
17 76
11 76
47 76
12 76
41 76
55 76
56 76
76 92
11 92
47 92
12 92
41 92
92 94
92 99
44 92
11 94
47 94
12 94
10 94
44 94
55 94
56 94
94 99
18 99
12 18
18 41
11 99
47 99
12 99
10 99
55 99
0 99
44 99
12 14
14 41
11 12
12 47
10 12
12 44
12 55
12 56
11 26
26 41
11 47
10 11
11 44
11 56
11 55
11 41
41 68
47 56
41 56
10 56
0 56
44 56
40 41
47 55
41 55
10 55
44 55
0 55
21 41
44 47
41 44
24 41
10 47
10 41
34 41
6 41
0 41
