100 990
39 61
14 39
21 39
30 61
14 30
21 30
48 61
14 48
39 48
61 72
14 72
21 72
48 72
39 41
30 41
36 61
14 36
21 36
36 48
36 41
39 70
30 70
36 70
70 72
49 61
14 49
21 49
48 49
41 49
49 70
42 49
47 49
12 39
12 30
12 72
12 36
12 49
12 45
48 69
69 70
47 96
39 96
36 96
72 96
30 96
61 64
14 64
21 64
48 64
41 64
42 64
64 96
8 39
24 61
14 24
21 24
24 48
24 41
24 70
24 96
8 24
46 47
46 69
39 46
46 72
51 61
14 51
21 51
48 51
41 51
51 70
42 51
47 51
51 96
46 51
39 50
79 96
8 79
50 79
25 39
25 72
26 50
25 26
26 79
38 96
8 38
38 46
38 39
37 38
55 61
14 55
48 55
42 55
55 96
55 69
38 55
25 55
0 55
57 83
25 57
57 79
37 57
24 57
47 80
69 80
80 83
58 61
14 58
48 58
58 70
58 96
46 58
58 83
25 58
58 80
29 50
29 58
62 63
71 96
69 71
50 71
38 71
58 71
56 71
26 71
47 93
8 93
83 93
38 93
79 93
37 93
36 68
61 91
14 91
48 91
70 91
47 91
8 91
46 91
38 91
62 91
56 91
68 91
26 91
15 46
15 25
15 79
15 57
15 66
66 75
15 75
61 97
14 97
48 97
42 97
47 97
69 97
46 97
38 97
79 97
37 97
66 97
71 97
14 73
48 73
12 73
69 73
46 73
38 73
0 73
37 73
68 73
26 73
73 87
61 92
14 92
21 92
48 92
41 92
70 92
42 92
69 92
83 92
38 92
79 92
57 92
36 92
63 92
10 61
10 14
10 48
10 42
10 47
10 12
10 46
10 58
10 62
10 37
10 66
10 63
35 96
12 35
35 46
25 35
35 79
35 37
35 36
35 63
11 61
11 14
11 48
11 42
11 47
11 69
11 83
11 38
11 62
11 57
6 39
62 85
6 85
66 85
71 85
35 85
60 61
14 60
21 60
48 60
41 60
60 70
47 60
46 60
60 83
38 60
60 62
56 60
60 68
26 60
60 97
24 60
32 68
15 32
32 97
32 60
59 97
24 59
0 74
37 74
68 74
63 74
35 74
24 74
59 74
13 68
13 71
10 13
13 60
20 79
20 57
20 68
20 63
20 87
20 92
13 20
48 76
42 76
76 96
69 76
46 76
58 76
0 76
56 76
36 76
71 76
10 76
60 76
59 76
13 76
20 76
45 76
22 66
22 26
22 87
22 60
10 82
72 82
36 99
71 99
10 99
60 99
30 99
10 27
27 60
27 99
15 98
60 98
98 99
49 98
77 79
56 77
6 77
71 77
77 90
77 92
13 77
77 98
61 94
14 94
21 94
48 94
41 94
70 94
42 94
47 94
94 96
69 94
50 94
25 94
62 94
56 94
68 94
63 94
94 97
60 94
13 94
61 86
14 86
21 86
48 86
41 86
70 86
42 86
47 86
86 96
69 86
83 86
58 86
79 86
37 86
36 86
71 86
86 90
72 86
82 86
9 42
9 69
9 46
9 58
9 79
9 37
9 68
9 63
9 97
9 24
9 59
9 86
2 9
61 81
14 81
48 81
42 81
47 81
69 81
81 83
38 81
62 81
57 81
68 81
63 81
35 81
81 90
72 81
81 98
80 81
30 81
39 81
22 81
15 95
93 95
59 95
80 95
75 95
81 95
73 95
47 89
8 89
50 89
58 89
62 89
56 89
6 89
15 89
89 97
89 92
82 89
89 98
11 89
34 61
14 34
34 48
34 42
34 96
34 69
34 83
34 38
34 79
34 57
34 36
34 71
10 34
34 93
13 34
34 98
34 80
34 89
88 90
88 92
72 88
86 88
75 88
34 88
39 88
44 88
49 88
28 82
28 76
2 28
28 30
14 78
70 78
42 78
69 78
50 78
38 78
0 78
56 78
26 78
63 78
15 78
78 92
78 99
76 78
2 78
77 78
1 82
1 86
1 75
1 74
1 78
3 89
3 28
1 3
6 54
54 63
10 54
54 60
54 59
54 76
11 54
34 54
39 54
3 54
49 54
43 61
14 43
43 48
42 43
43 96
8 43
43 83
25 43
43 62
37 43
36 43
15 43
35 43
43 60
43 72
43 80
19 62
19 57
19 36
19 26
10 19
19 93
19 59
19 76
19 32
62 84
56 84
36 84
26 84
84 97
84 92
82 84
80 84
19 84
30 84
45 84
44 84
22 84
28 84
84 95
1 84
84 85
54 84
67 79
57 67
36 67
67 71
35 67
67 93
67 99
67 80
19 67
67 74
67 89
10 31
24 31
31 72
31 98
11 31
31 74
31 89
31 67
31 44
31 64
40 66
26 40
40 97
40 93
40 99
40 98
11 40
34 40
40 73
31 40
22 40
28 40
40 85
40 51
17 79
17 37
6 17
15 17
17 35
17 93
17 99
13 17
11 17
17 34
17 39
4 48
4 70
4 96
4 69
4 46
4 25
4 58
4 37
4 6
4 63
4 35
4 92
4 13
4 80
4 11
4 34
4 78
4 49
53 61
42 53
47 53
8 53
53 83
25 53
0 53
53 57
53 68
26 53
10 53
53 93
53 72
53 86
2 53
34 53
39 53
4 53
53 91
43 53
53 95
5 58
5 56
5 6
5 71
5 87
5 24
5 82
5 98
5 19
5 74
5 45
5 31
18 50
18 25
18 79
18 56
6 18
18 26
18 90
18 92
18 99
13 18
18 19
18 30
18 89
18 31
18 27
18 94
18 51
5 18
17 18
18 20
5 29
7 83
7 38
7 62
7 37
6 7
7 15
7 97
7 24
7 72
7 86
65 91
11 65
0 16
16 57
16 68
16 71
16 90
16 92
16 82
16 76
16 65
16 74
16 78
3 16
16 91
16 32
16 88
33 97
24 33
33 82
33 76
33 75
33 74
33 45
4 33
33 91
32 33
17 33
16 33
33 55
5 33
16 55
9 16
7 65
30 65
51 65
7 77
7 39
4 7
7 22
7 29
7 94
5 7
7 64
7 51
5 53
5 20
53 54
20 53
2 52
30 52
52 78
4 52
29 52
28 52
17 52
51 52
27 52
52 85
23 96
12 23
23 50
23 38
23 58
23 57
6 23
23 63
23 90
23 24
23 59
23 86
19 23
23 74
23 89
4 23
23 91
23 32
23 94
1 23
9 23
23 67
4 17
17 40
17 27
17 88
1 40
31 43
22 67
28 67
67 95
1 67
9 67
19 29
19 75
19 43
19 55
30 43
39 43
43 91
27 43
9 43
43 95
43 54
54 64
27 54
3 29
3 22
3 94
1 49
1 94
28 78
55 78
27 78
20 78
28 49
28 88
20 88
88 95
34 49
34 73
49 89
44 89
39 89
27 44
44 51
44 95
44 91
49 95
64 81
81 94
9 81
51 81
81 91
9 45
9 73
9 22
9 94
86 94
55 86
80 86
32 86
29 86
2 94
73 94
32 94
2 74
2 77
30 77
45 77
77 85
27 77
51 77
55 77
20 77
85 98
51 98
27 98
27 75
27 85
51 99
85 99
82 99
64 99
49 82
39 82
22 82
22 76
22 30
22 45
22 64
11 76
20 75
20 73
20 29
20 51
13 30
13 39
13 74
13 91
32 74
74 91
29 59
11 59
45 59
32 59
59 75
32 45
32 73
29 32
32 55
60 93
60 85
75 85
45 85
73 85
85 91
64 85
6 63
6 55
6 11
6 72
6 24
11 63
11 35
11 93
11 49
11 73
11 64
35 45
35 49
35 51
24 35
10 35
35 39
10 92
10 55
10 90
73 92
39 92
91 92
29 92
72 73
73 80
55 73
87 97
72 87
75 97
30 97
29 97
24 75
75 80
45 75
39 75
30 66
39 66
66 80
15 71
15 51
15 45
15 80
15 49
15 91
72 91
68 93
45 68
26 68
71 93
90 93
80 93
49 93
55 93
45 93
64 71
71 90
56 63
36 56
45 56
56 64
56 72
30 63
55 63
39 62
51 62
62 64
29 62
37 62
29 57
29 36
26 29
29 30
29 39
29 64
36 58
37 58
39 58
51 58
58 90
24 58
45 58
79 80
57 80
80 90
72 80
64 80
51 57
55 57
55 72
49 55
55 64
51 55
38 64
24 38
38 45
37 49
26 37
37 90
30 37
24 26
26 72
26 39
25 30
25 79
25 49
36 79
72 79
30 50
50 83
39 83
49 83
72 83
36 83
51 83
45 83
36 51
51 90
36 46
46 49
46 64
46 90
24 46
24 90
24 64
24 72
8 90
8 30
8 64
36 64
64 90
45 64
69 96
39 69
69 72
36 69
30 69
45 69
0 49
36 49
36 42
36 47
36 90
41 72
42 72
47 72
30 48
42 48
30 42
30 47
0 30
30 90
39 42
39 47
14 61
14 42
42 47
47 90
0 90
