100 1485
51 65
65 86
51 92
86 92
51 59
59 86
59 65
59 92
51 78
78 86
59 78
80 86
59 80
65 80
80 92
78 80
51 69
69 86
59 69
69 80
65 84
84 92
78 84
69 84
1 84
6 51
6 86
6 59
6 80
6 84
11 65
11 92
11 78
11 69
1 11
15 51
15 86
15 59
15 80
15 84
11 15
13 65
13 92
13 78
13 69
1 13
13 15
51 60
60 86
59 60
60 80
60 84
11 60
13 60
48 59
48 80
13 48
48 65
48 92
48 78
48 69
1 48
6 48
48 60
43 51
43 86
43 59
43 80
43 84
11 43
13 43
43 48
40 59
40 65
40 92
40 78
40 69
6 40
7 51
7 86
7 59
7 80
7 84
7 11
7 13
7 48
7 40
26 65
26 92
26 78
26 69
1 26
26 60
51 90
86 90
59 90
80 90
84 90
11 90
13 90
48 90
40 90
26 90
4 59
4 13
4 26
4 65
4 92
4 78
4 69
4 90
35 51
35 86
35 59
35 80
35 84
11 35
13 35
35 48
4 35
14 65
14 92
14 78
14 69
14 60
20 51
20 86
20 59
20 80
20 84
11 20
13 20
20 48
20 40
14 20
10 65
10 92
10 78
10 69
52 59
13 52
26 52
10 52
50 65
50 92
50 78
50 52
59 81
80 81
40 81
14 81
50 81
56 65
56 92
56 78
6 56
56 69
1 56
9 86
9 59
9 80
9 84
9 11
9 40
9 26
9 14
9 50
9 56
58 65
58 92
58 78
58 69
59 97
4 97
58 97
56 97
65 70
70 92
70 78
39 86
39 59
39 80
39 48
39 40
14 39
10 39
39 56
39 70
39 55
65 95
92 95
53 65
53 92
53 78
10 71
50 71
53 71
55 71
71 95
25 51
25 86
25 59
25 80
25 84
11 25
13 25
25 48
25 26
4 25
10 25
25 50
25 70
61 86
59 61
61 80
48 61
4 61
14 61
58 61
50 61
53 61
61 65
61 92
61 78
23 86
23 59
23 80
23 84
11 23
13 23
23 40
4 23
23 58
23 50
23 70
23 61
23 95
23 25
46 59
46 80
13 46
46 48
26 46
4 46
10 46
57 65
57 92
57 78
42 51
42 86
42 59
42 80
11 42
42 48
4 42
10 42
42 58
42 57
42 56
42 61
1 42
26 79
4 79
58 79
50 79
53 79
30 65
30 92
51 83
83 86
59 83
80 83
83 84
11 83
13 83
48 83
40 83
14 83
58 83
57 83
53 83
30 83
79 83
45 55
45 61
30 45
25 45
45 65
45 83
45 97
45 92
45 93
45 46
45 90
1 98
45 98
97 98
8 40
4 8
8 10
8 56
8 55
8 61
8 95
8 79
8 46
17 59
17 80
11 17
17 48
17 40
4 17
17 58
17 50
17 53
17 61
17 79
17 25
17 97
17 65
5 59
5 48
5 40
5 14
5 58
5 57
5 70
22 65
22 92
27 70
22 27
27 79
25 27
27 97
17 27
26 34
14 34
34 58
34 50
34 53
34 61
30 34
34 79
34 46
17 34
86 89
59 89
80 89
84 89
13 89
48 89
40 89
14 89
58 89
50 89
56 89
22 89
30 89
79 89
2 59
2 48
2 26
2 10
2 58
2 57
2 55
2 61
2 95
2 79
2 65
36 86
36 59
36 80
36 84
13 36
36 40
4 36
14 36
36 58
36 50
36 55
22 36
36 95
25 36
2 36
59 62
48 62
26 62
4 62
50 62
57 62
53 62
22 62
30 62
45 62
2 62
62 65
40 66
10 66
50 66
56 66
66 70
61 66
1 66
45 66
2 66
62 66
66 89
7 66
67 74
10 16
16 57
16 70
16 55
1 16
16 25
16 97
8 16
16 73
32 58
32 56
32 55
22 32
32 79
25 32
32 97
32 62
32 34
32 81
88 95
46 88
88 97
8 88
32 88
7 88
26 94
4 94
58 94
57 94
56 94
22 94
1 94
46 94
2 94
8 94
32 94
38 58
38 56
38 70
22 38
1 38
38 45
2 38
38 62
38 89
38 77
24 70
22 24
24 95
24 25
2 24
24 62
24 32
7 24
73 99
32 99
24 99
5 99
72 86
59 72
72 80
11 72
13 72
48 72
40 72
14 72
10 72
50 72
70 72
61 72
1 72
45 72
2 72
8 72
72 89
60 72
72 74
5 72
53 64
61 64
30 64
64 79
2 64
17 64
34 64
60 64
64 74
5 64
49 59
48 49
26 49
4 49
10 49
49 56
49 53
22 49
1 49
49 79
2 49
49 62
49 89
49 60
24 49
49 88
49 64
3 70
3 61
1 3
3 25
2 3
3 8
3 89
3 7
3 77
3 88
3 64
3 92
3 20
3 78
37 58
37 57
37 53
37 61
30 37
25 37
37 46
17 37
34 37
7 37
37 94
37 67
28 59
28 80
11 28
28 48
28 40
14 28
28 58
28 57
28 70
22 28
28 30
25 28
2 28
28 62
28 73
28 60
28 94
28 67
28 37
28 43
21 79
21 45
21 97
17 21
21 73
21 32
21 74
21 67
21 28
15 21
12 40
12 14
12 50
12 57
12 55
12 61
1 12
12 79
12 46
12 62
12 73
7 12
12 77
12 88
12 72
3 12
12 69
12 38
12 35
12 23
12 42
10 68
50 68
68 70
30 68
68 95
45 68
2 68
62 68
68 89
32 68
24 68
67 68
68 72
12 68
68 69
68 78
16 68
68 71
31 89
31 77
31 74
31 67
31 88
31 92
64 91
91 92
44 58
44 57
44 70
44 55
44 95
44 45
44 46
44 89
34 44
7 44
44 77
5 44
28 44
44 92
44 91
44 78
18 59
18 80
13 18
18 48
18 40
4 18
10 18
18 56
18 70
18 55
1 18
18 46
18 97
18 62
18 89
7 18
18 24
5 18
18 72
15 18
18 69
18 85
18 42
18 65
18 81
18 35
16 18
18 66
18 44
18 38
18 90
18 93
59 75
75 80
13 75
48 75
40 75
4 75
10 75
57 75
55 75
61 75
1 75
25 75
46 75
17 75
75 89
60 75
75 94
75 88
28 75
3 75
12 75
75 78
18 75
0 75
27 75
63 97
62 63
34 63
7 63
63 94
5 63
63 72
3 63
63 91
29 46
8 29
29 89
29 32
29 94
5 29
29 72
15 29
29 91
59 76
76 80
26 76
4 76
10 76
56 76
70 76
22 76
1 76
76 79
2 76
17 76
32 76
7 76
76 94
67 76
72 76
3 76
69 76
29 76
16 76
0 76
27 76
76 98
63 76
65 76
19 51
19 86
19 59
19 80
19 84
11 19
13 19
19 48
19 26
14 19
10 19
19 50
19 53
19 30
19 79
19 25
17 19
19 62
19 34
7 19
19 24
19 67
19 28
15 19
19 39
19 29
0 19
19 43
19 27
19 98
1 87
79 87
2 87
17 87
73 87
60 87
24 87
67 87
28 87
87 92
87 91
85 87
44 87
43 87
31 87
40 82
10 82
58 82
57 82
56 82
55 82
1 82
25 82
2 82
8 82
34 82
60 82
24 82
67 82
28 82
82 92
69 82
82 85
16 82
43 82
31 82
81 82
82 83
36 82
9 82
65 82
47 56
47 61
30 47
25 47
47 97
8 47
34 47
7 47
47 74
47 88
15 47
47 92
39 47
47 85
0 47
43 47
37 47
47 82
47 65
21 47
19 47
23 47
42 47
47 83
47 66
38 47
82 87
82 99
68 82
6 87
19 87
41 59
41 48
4 41
14 41
41 58
41 50
41 55
41 61
30 41
41 45
41 46
8 41
41 89
41 60
41 74
41 88
41 72
3 41
41 91
41 85
29 41
35 41
31 41
41 81
41 87
21 41
53 96
22 96
1 96
46 96
2 96
8 96
73 96
77 96
74 96
94 96
64 96
15 96
91 96
29 96
16 96
35 96
31 96
96 98
87 96
90 96
19 96
41 96
96 99
38 96
68 96
42 96
9 41
41 75
2 54
8 54
54 89
7 54
54 77
5 54
54 72
15 54
54 69
54 85
44 54
0 54
27 54
54 81
20 54
21 54
54 93
1 33
33 45
2 33
33 62
33 89
32 33
24 33
5 33
33 64
15 33
33 39
33 78
16 33
33 35
27 33
33 63
33 65
33 36
19 33
9 33
33 49
33 38
23 33
33 54
41 54
54 68
54 99
49 54
38 41
41 76
42 87
68 87
49 87
75 87
19 21
19 76
19 23
19 66
23 76
76 83
38 76
6 76
27 29
29 35
29 42
29 49
29 63
29 36
0 29
29 81
29 37
44 63
63 71
37 63
63 81
63 75
36 63
20 63
63 65
52 63
63 83
21 75
75 93
23 75
9 75
75 83
49 75
18 43
44 99
31 44
36 44
44 83
0 44
44 71
23 44
27 44
20 91
37 91
90 91
31 91
35 91
42 91
78 91
38 91
31 85
0 31
31 37
31 68
31 66
31 36
31 98
31 38
36 68
52 68
42 68
68 83
6 68
12 39
12 85
12 49
0 12
12 43
12 99
12 21
21 78
16 21
0 21
21 37
21 81
20 21
21 65
21 99
16 28
28 66
28 42
15 28
28 71
28 81
28 85
28 39
3 37
37 85
37 43
37 42
9 37
37 83
37 99
6 37
37 65
0 3
3 43
3 27
3 81
3 49
3 93
16 49
35 49
43 49
49 98
36 49
49 93
49 99
49 66
23 64
64 78
0 64
64 98
64 65
64 92
64 72
64 90
6 64
27 64
20 64
72 93
9 72
72 99
52 72
35 72
69 72
36 72
92 99
69 99
35 99
20 99
52 99
42 99
66 99
0 24
24 85
5 24
24 69
24 98
24 35
24 94
24 38
24 93
24 83
38 67
15 38
38 85
38 71
27 38
20 38
38 90
6 38
77 98
0 77
77 94
39 77
77 81
6 77
15 77
16 77
77 92
71 94
36 94
43 94
88 94
66 94
39 94
52 94
42 94
69 94
27 94
5 88
23 88
9 88
81 88
88 90
88 98
35 88
16 88
0 88
83 88
32 35
20 32
32 85
32 43
32 71
32 39
6 32
27 32
16 32
15 16
16 69
16 78
16 20
6 16
16 98
9 16
73 93
6 73
52 73
73 90
36 73
73 85
15 73
67 85
69 85
52 85
65 85
85 98
66 85
67 71
20 67
6 67
5 67
67 92
67 93
65 74
9 74
20 74
52 74
42 74
23 74
66 74
27 74
74 90
74 78
66 92
39 66
66 71
66 98
65 66
36 66
23 66
9 66
52 62
35 62
0 62
36 62
20 62
5 62
42 62
43 62
36 60
5 36
15 36
36 39
36 43
36 90
36 93
36 83
2 6
2 89
2 69
5 89
83 89
78 89
34 89
39 89
23 89
69 89
34 92
34 42
34 71
27 34
0 34
34 98
34 43
34 60
9 34
34 65
7 34
27 39
27 35
23 27
27 81
27 93
27 90
22 93
22 52
22 69
22 90
5 22
22 78
5 30
5 25
5 17
5 60
5 65
5 83
5 15
5 78
5 43
0 17
17 78
17 71
17 60
7 17
17 93
6 17
8 17
17 92
9 17
8 83
8 15
8 81
8 90
8 23
8 65
8 69
8 98
8 39
92 98
69 98
71 98
43 98
52 98
6 98
90 98
39 45
45 81
20 45
7 45
43 45
46 83
7 83
15 83
39 83
78 83
35 83
83 93
52 83
1 30
30 46
30 81
15 30
30 79
25 30
30 60
30 97
9 30
79 95
65 79
79 92
79 90
7 79
42 79
9 79
35 79
69 79
42 97
42 60
0 42
42 81
42 90
9 42
6 42
57 60
57 90
7 57
52 57
46 57
15 57
35 57
43 57
46 70
46 95
46 65
46 52
6 46
7 46
43 46
15 46
23 46
46 60
9 46
23 60
23 69
23 78
0 23
23 81
20 23
23 65
20 61
35 61
6 61
43 61
9 61
25 61
25 65
25 92
25 71
15 25
0 25
25 60
25 78
71 97
15 71
69 71
71 78
35 71
65 71
9 71
43 71
71 81
71 90
53 93
53 60
6 53
43 53
7 53
93 95
93 97
60 93
39 93
69 93
35 93
81 93
20 93
6 93
52 93
39 95
78 95
20 95
81 95
69 95
43 95
39 97
39 69
39 65
39 52
9 39
39 81
6 39
55 70
70 97
55 97
65 97
81 97
20 97
92 97
78 97
90 97
52 97
35 97
35 58
43 58
55 58
6 58
50 55
55 65
55 92
55 78
55 81
9 55
20 55
55 69
1 55
55 60
7 55
9 60
9 92
9 78
9 20
9 90
9 52
56 81
56 90
35 56
52 56
15 56
60 81
20 81
50 69
50 60
20 50
1 52
7 52
52 92
0 52
35 52
43 52
52 90
6 52
6 10
10 15
10 20
1 10
10 90
7 10
20 60
20 78
20 35
20 43
7 14
14 90
14 35
14 43
14 15
1 14
1 35
7 35
4 60
4 43
1 4
4 7
4 15
4 6
60 90
90 92
78 90
65 90
6 90
26 43
15 26
7 26
6 26
7 15
7 69
7 78
40 43
15 40
1 40
40 60
43 69
15 48
60 92
60 65
6 13
1 15
15 92
6 15
6 11
1 6
6 78
0 6
1 80
1 59
1 92
65 92
1 86
1 65
1 51
0 1
