100 1980
43 89
42 89
12 42
16 89
12 16
16 43
16 42
77 89
12 77
16 77
43 95
42 95
23 89
12 23
16 23
23 95
12 61
16 61
61 95
43 61
23 61
61 77
42 61
78 89
12 78
16 78
78 95
61 78
12 22
16 22
22 95
22 61
22 43
22 77
22 23
22 42
56 89
12 56
16 56
56 95
56 61
22 56
42 56
56 71
12 40
16 40
40 95
40 42
40 43
23 40
40 77
50 89
12 50
16 50
50 95
50 61
22 50
42 50
50 71
40 50
34 61
34 42
34 71
34 43
34 77
23 34
34 78
34 50
87 89
12 87
16 87
87 95
61 87
22 87
42 87
71 87
40 87
34 87
31 43
31 77
23 31
31 50
31 78
31 56
31 87
89 94
12 94
16 94
94 95
61 94
22 94
42 94
71 94
40 94
34 94
31 94
4 43
4 23
4 77
4 50
4 87
4 78
4 56
7 89
7 12
7 16
7 95
7 61
7 22
7 42
7 71
7 40
7 34
7 31
4 7
43 48
48 77
23 48
48 56
48 87
48 50
48 78
48 94
89 98
12 98
16 98
95 98
61 98
22 98
42 98
71 98
40 98
34 98
31 98
4 98
48 98
24 42
24 48
24 43
23 24
24 77
24 87
24 78
24 56
24 50
24 98
5 89
5 12
5 16
5 95
5 61
5 22
5 42
5 71
5 40
5 34
5 31
4 5
5 48
5 24
43 96
77 96
23 96
56 96
78 96
50 96
87 96
96 98
5 96
94 96
7 96
16 83
42 83
71 83
40 83
83 96
43 54
54 77
23 54
54 87
54 56
54 78
50 54
12 52
16 52
52 95
52 61
22 52
42 52
52 71
40 52
34 52
31 52
52 96
52 54
50 52
43 52
23 52
52 77
52 56
52 87
52 78
38 50
38 52
11 43
11 23
11 77
11 94
16 21
21 42
21 40
21 31
21 24
43 80
77 80
23 80
78 80
80 87
56 80
50 80
5 80
7 80
80 94
80 98
16 51
51 95
51 61
22 51
51 71
48 51
24 51
51 80
61 66
42 66
40 66
34 66
66 96
54 66
43 66
23 66
66 77
66 87
66 78
56 66
44 71
40 44
12 57
16 57
57 95
57 61
22 57
42 57
57 71
40 57
34 57
31 57
4 57
24 57
43 57
23 57
57 77
50 57
57 78
56 57
57 87
57 94
57 98
5 57
7 57
10 12
10 16
10 95
10 61
10 22
10 42
10 71
10 40
10 34
4 10
10 57
10 80
10 50
10 52
29 89
12 29
16 29
29 95
29 61
22 29
29 42
29 71
29 40
29 34
29 31
4 29
29 48
24 29
29 96
29 57
29 50
29 66
29 43
23 29
29 77
29 44
16 63
22 63
63 71
34 63
24 63
57 63
50 63
11 63
29 63
12 35
16 35
22 35
35 42
35 71
35 48
35 96
35 57
35 66
11 35
12 41
16 41
41 95
41 61
22 41
41 42
41 71
40 41
34 41
4 41
41 57
41 80
41 50
41 52
41 43
23 41
41 77
33 42
33 48
33 96
33 54
33 50
33 52
33 41
29 33
79 89
12 79
16 79
79 95
61 79
22 79
42 79
71 79
40 79
34 79
31 79
24 79
79 96
57 79
66 79
52 79
11 79
35 79
9 11
9 35
12 55
16 55
22 55
42 55
55 71
48 55
55 57
55 80
50 55
55 66
11 55
43 55
16 32
32 95
32 61
22 32
32 42
31 32
24 32
32 57
32 66
32 52
32 41
32 55
32 79
32 63
43 84
12 74
16 74
74 95
61 74
22 74
42 74
71 74
34 74
24 74
74 80
50 74
66 74
41 74
55 74
74 79
12 27
16 27
27 95
27 61
22 27
27 42
27 71
27 40
27 34
4 27
27 57
27 80
27 50
27 66
11 27
27 35
9 27
27 43
81 96
57 81
50 81
11 81
29 81
35 81
9 81
27 81
81 84
11 14
14 55
14 79
14 63
14 53
14 32
30 79
27 30
30 84
14 30
12 62
16 62
62 95
61 62
22 62
42 62
62 71
40 62
34 62
4 62
24 62
57 62
54 62
52 62
41 62
35 62
9 62
27 62
3 62
3 83
1 89
1 12
1 16
1 95
1 61
1 22
1 42
1 71
1 40
1 34
1 31
1 4
1 24
1 57
1 50
1 66
1 41
1 29
1 9
1 63
1 3
1 14
1 62
0 1
15 55
15 27
15 84
14 15
12 88
16 88
88 95
61 88
22 88
42 88
40 88
31 88
88 96
80 88
50 88
66 88
29 88
35 88
9 88
63 88
53 88
12 90
16 90
90 95
61 90
22 90
42 90
40 90
34 90
24 90
54 90
66 90
11 90
41 90
55 90
9 90
79 90
84 90
77 90
16 59
59 95
22 59
42 59
59 71
34 59
57 59
54 59
59 66
11 59
41 59
29 59
59 79
27 59
59 84
59 90
59 62
38 59
86 95
22 86
40 86
48 86
24 86
80 86
66 86
11 86
41 86
35 86
9 86
27 86
84 86
14 86
62 86
1 86
78 86
42 67
34 67
67 96
67 80
50 67
66 67
11 67
55 67
67 79
27 67
67 84
67 90
62 67
1 67
67 86
25 54
25 52
11 25
25 35
9 25
25 27
25 84
3 25
25 62
0 25
25 86
36 61
36 42
36 71
34 36
24 36
36 54
36 50
36 52
36 41
29 36
9 36
36 63
36 53
14 36
36 88
1 36
45 50
45 52
41 45
29 45
9 45
45 63
45 53
14 45
45 88
0 45
38 45
47 89
12 47
16 47
47 95
47 61
22 47
42 47
47 71
40 47
34 47
31 47
4 47
47 96
47 80
47 66
47 52
29 47
35 47
47 79
47 63
3 47
14 47
47 62
1 47
45 47
25 47
32 47
44 47
43 47
28 89
12 28
16 28
28 95
28 61
22 28
28 42
28 71
28 40
28 34
28 31
4 28
28 48
24 28
28 96
28 54
28 50
28 52
28 41
28 35
9 28
27 28
28 84
28 90
28 88
0 28
28 45
25 28
28 33
28 43
28 36
28 47
28 30
28 77
12 97
16 97
61 97
42 97
71 97
48 97
57 97
54 97
66 97
52 97
29 97
55 97
9 97
27 97
53 97
3 97
62 97
38 97
86 97
24 49
49 80
49 50
11 49
29 49
35 49
49 55
49 63
49 84
14 49
49 62
38 49
49 86
46 84
3 46
46 88
0 46
46 86
46 49
85 89
12 85
16 85
85 95
61 85
22 85
42 85
71 85
40 85
34 85
31 85
24 85
57 85
80 85
50 85
11 85
41 85
55 85
79 85
27 85
84 85
3 85
85 90
1 85
38 85
33 85
32 85
21 85
85 97
16 18
18 42
18 40
18 34
18 96
18 57
18 66
18 52
18 41
18 29
18 79
18 63
18 53
3 18
18 62
18 38
18 86
18 49
18 85
18 44
26 86
26 49
26 85
8 88
1 8
8 45
8 49
8 32
8 67
16 99
42 99
71 99
48 99
57 99
80 99
66 99
52 99
41 99
29 99
79 99
63 99
84 99
90 99
62 99
1 99
86 99
25 99
33 99
8 99
43 99
73 88
1 73
45 73
25 73
73 85
44 73
43 73
26 73
29 68
35 68
68 79
63 68
53 68
3 68
68 88
0 68
68 86
25 68
68 85
43 68
26 68
68 73
30 68
40 72
31 72
24 72
57 72
50 72
11 72
29 72
35 72
9 72
27 72
53 72
72 90
62 72
0 72
38 72
49 72
33 72
8 72
43 72
47 72
20 45
20 33
20 32
20 44
20 26
20 47
12 13
13 16
13 95
13 61
13 22
13 42
13 71
13 40
13 34
4 13
13 96
13 80
13 50
11 13
13 29
13 35
13 55
13 63
3 13
13 14
13 88
1 13
13 45
13 49
13 33
8 13
13 36
13 20
13 72
13 77
13 97
61 93
42 93
71 93
24 93
93 96
57 93
66 93
11 93
41 93
29 93
9 93
63 93
53 93
90 93
62 93
1 93
86 93
25 93
85 93
8 93
26 93
73 93
20 93
77 93
15 93
93 98
67 93
2 89
2 12
2 16
2 95
2 61
2 22
2 42
2 71
2 40
2 34
2 31
2 24
2 96
2 54
2 50
2 52
2 11
2 55
2 79
2 27
2 53
2 14
2 88
2 38
2 45
2 25
2 32
2 8
2 43
2 73
2 30
2 77
2 74
2 93
75 84
75 90
62 75
38 75
45 75
33 75
75 85
8 75
36 75
73 75
30 75
74 75
15 75
64 89
12 64
16 64
64 95
61 64
22 64
42 64
64 71
40 64
34 64
31 64
4 64
48 64
24 64
64 96
64 80
50 64
52 64
29 64
35 64
64 79
27 64
3 64
14 64
64 90
0 64
64 86
49 64
32 64
64 85
26 64
64 73
30 64
6 24
6 80
6 66
6 52
6 41
6 35
6 55
6 63
6 53
6 14
6 62
0 6
6 86
6 49
6 32
6 8
6 43
6 47
6 72
53 76
14 76
76 88
1 76
38 76
25 76
32 76
8 76
26 76
47 76
30 76
6 76
74 76
64 76
12 58
16 58
58 95
58 61
22 58
42 58
58 71
48 58
24 58
57 58
58 66
52 58
29 58
55 58
9 58
58 63
53 58
14 58
58 62
0 58
38 58
49 58
58 85
43 58
26 58
47 58
20 58
58 74
58 97
15 58
82 96
80 82
50 82
52 82
11 82
35 82
55 82
79 82
53 82
3 82
82 88
1 82
82 86
49 82
82 85
8 82
43 82
47 82
20 82
6 82
15 82
64 82
58 82
28 82
59 82
57 92
80 92
54 92
66 92
41 92
35 92
9 92
27 92
84 92
3 92
90 92
0 92
45 92
49 92
33 92
44 92
43 92
47 92
30 92
72 92
92 97
92 93
75 92
13 92
92 99
59 92
81 92
82 92
54 65
52 65
29 65
35 65
65 79
27 65
65 84
65 90
62 65
0 65
45 65
25 65
32 65
8 65
36 65
65 73
65 72
65 77
65 97
15 65
58 65
89 91
12 91
16 91
91 95
61 91
22 91
42 91
71 91
40 91
34 91
31 91
24 91
91 96
80 91
50 91
52 91
41 91
29 91
9 91
63 91
53 91
90 91
62 91
1 91
45 91
25 91
32 91
43 91
26 91
47 91
30 91
6 91
74 91
64 91
75 91
5 91
59 91
17 41
17 35
17 79
17 63
17 53
14 17
17 62
0 17
17 45
17 49
17 33
17 44
17 36
17 47
17 72
6 17
17 97
17 93
17 91
17 51
17 59
10 17
17 92
17 83
17 98
69 79
27 69
69 84
3 69
62 69
0 69
38 69
49 69
69 85
8 69
26 69
69 73
69 72
69 77
15 69
69 75
58 69
13 69
28 69
10 69
56 69
69 94
69 87
39 62
38 39
39 45
39 49
32 39
39 85
36 39
26 39
20 39
39 74
39 97
39 64
39 91
13 39
28 39
10 39
39 56
39 94
39 98
16 19
19 22
19 40
19 34
19 24
19 57
19 50
19 52
19 29
19 55
19 79
19 27
3 19
19 90
19 88
1 19
19 38
19 45
19 85
8 19
19 36
19 47
19 30
6 19
19 97
19 93
19 75
19 51
19 99
19 76
19 92
2 19
19 98
19 39
19 23
18 19
19 81
19 68
19 65
5 19
39 78
29 60
35 60
55 60
60 63
60 84
60 90
60 62
0 60
60 86
49 60
33 60
43 60
26 60
60 73
30 60
60 77
15 60
60 64
60 91
13 60
60 99
60 76
60 94
60 83
60 98
39 60
60 67
60 78
60 65
46 60
22 37
37 42
37 40
34 37
37 57
37 80
37 50
11 37
29 37
37 55
37 79
37 63
37 84
14 37
37 90
1 37
37 38
25 37
37 85
37 44
37 43
20 37
37 72
6 37
37 74
37 64
37 75
13 37
28 37
37 59
37 94
37 83
37 98
37 87
23 37
37 60
9 70
27 70
53 70
70 90
70 88
0 70
70 86
49 70
33 70
8 70
43 70
26 70
20 70
70 72
70 74
70 93
70 91
51 70
28 70
70 76
70 94
2 70
21 70
70 87
67 70
70 78
7 70
70 82
5 70
37 70
7 37
37 68
37 81
17 60
39 81
18 39
39 69
7 39
68 69
65 69
67 69
5 69
17 69
23 69
17 67
17 82
17 78
17 18
17 65
18 91
83 91
10 91
65 91
91 99
13 91
67 91
28 65
59 65
65 92
65 83
21 65
46 65
65 82
65 78
18 92
46 92
78 92
21 92
67 92
82 94
2 82
82 98
82 87
23 82
5 82
78 82
58 99
58 87
56 58
58 81
58 67
51 58
58 76
23 58
28 58
10 58
58 98
28 76
59 76
10 76
23 76
2 76
18 76
21 76
76 83
56 76
76 87
5 6
6 64
6 99
6 83
6 67
6 81
6 97
6 46
6 15
6 87
6 59
64 74
64 94
64 75
56 64
64 68
64 78
64 99
18 64
59 64
28 64
5 75
75 78
75 94
7 75
2 75
13 75
68 75
21 75
46 75
2 51
2 99
2 94
2 78
2 87
2 18
2 81
2 68
2 98
46 93
21 93
87 93
51 93
83 93
81 93
13 93
23 93
13 21
13 28
13 78
13 83
5 13
13 46
13 51
20 59
20 23
7 20
18 20
20 56
20 98
20 51
10 20
20 72
20 67
20 94
23 72
72 77
15 72
72 99
72 74
59 72
72 87
46 72
68 72
68 97
51 68
68 99
59 68
56 68
68 98
67 68
46 68
68 81
5 68
73 74
67 73
73 87
30 73
73 99
73 77
73 78
73 94
46 73
21 73
15 99
46 99
94 99
5 99
81 99
7 99
56 99
67 99
8 10
8 26
8 94
8 15
8 21
8 36
8 74
26 36
26 83
26 56
18 26
26 46
21 26
5 26
26 98
18 30
18 77
18 97
18 51
18 59
18 21
18 23
18 46
18 81
18 78
51 85
5 85
46 85
59 85
83 85
30 85
44 46
46 97
10 46
46 83
21 46
46 87
46 67
7 46
49 97
49 81
43 49
21 49
33 49
49 98
49 83
44 97
36 97
47 97
30 97
74 97
5 97
94 97
59 97
28 97
78 97
28 98
7 28
28 78
28 87
21 28
47 81
47 83
10 47
47 56
5 47
15 47
47 51
45 94
45 81
45 87
23 45
36 45
33 45
21 45
30 45
7 45
25 36
32 36
36 77
23 36
36 74
36 59
36 51
7 36
10 36
36 94
36 98
36 87
30 36
5 25
25 56
25 32
25 51
25 77
25 44
25 67
23 25
25 87
25 78
25 30
32 67
43 67
15 67
10 67
67 83
21 67
67 81
59 86
86 98
10 86
32 86
7 86
56 86
51 86
5 86
33 59
43 59
51 59
23 59
59 98
10 59
59 83
10 90
88 90
51 90
56 90
38 90
83 90
5 90
43 90
87 90
81 90
15 88
78 88
51 88
38 88
33 88
83 88
74 88
21 88
77 88
88 98
7 88
10 88
32 88
1 15
15 38
15 33
15 32
15 43
15 51
15 23
15 21
15 81
15 56
10 15
7 15
1 94
1 38
1 44
1 43
1 23
1 87
1 7
1 83
0 3
3 5
3 43
3 78
3 94
3 21
3 87
3 44
14 62
56 62
30 62
44 62
23 62
62 94
0 30
30 32
30 83
7 30
5 30
30 78
30 81
21 30
14 23
14 74
14 98
5 14
14 33
0 14
14 43
7 14
14 81
0 81
33 81
44 81
43 81
51 81
56 81
81 98
7 81
27 33
27 94
10 27
7 27
27 77
27 56
0 27
27 74
27 78
74 84
0 74
38 74
33 74
32 74
74 77
23 74
74 87
74 98
7 74
10 74
74 83
84 94
7 84
53 84
23 84
84 87
77 84
38 84
43 53
53 98
53 56
51 53
44 53
32 53
10 53
33 53
53 78
21 53
32 38
10 32
32 94
32 56
7 32
32 44
32 87
55 94
51 55
10 55
55 87
55 77
23 55
55 83
55 98
55 56
9 55
7 55
55 78
55 63
9 43
9 56
9 79
5 9
9 87
9 10
0 9
9 98
9 23
9 77
9 21
43 79
33 79
38 79
79 94
44 79
51 79
79 83
5 79
63 79
33 38
10 33
33 94
23 33
33 78
33 98
33 43
33 77
0 41
41 56
41 87
5 41
41 94
41 98
35 41
21 41
41 83
7 41
35 43
35 77
23 35
35 63
35 44
35 78
7 35
0 35
21 35
35 38
43 63
23 63
63 98
63 83
51 63
21 63
38 63
44 63
63 87
29 51
10 29
29 78
5 29
0 10
10 77
5 10
10 78
10 94
7 10
10 98
44 57
0 57
44 54
44 66
44 52
38 44
44 98
44 83
44 87
43 44
44 77
23 44
44 78
7 44
5 44
44 56
44 51
7 66
66 98
21 66
66 83
51 66
0 66
51 52
0 51
51 77
51 94
23 51
51 87
51 56
21 80
11 21
0 21
21 77
21 83
21 23
21 87
7 21
5 11
11 98
11 87
11 78
11 56
11 38
38 56
38 43
38 77
38 83
52 83
7 52
7 54
54 94
54 83
54 98
5 54
56 83
5 83
7 83
5 50
0 5
5 56
5 87
5 23
5 7
24 94
7 24
0 24
0 98
77 98
94 98
7 48
0 48
7 77
7 56
7 23
4 94
50 94
77 94
56 94
23 94
50 87
56 87
78 87
34 56
43 50
50 77
23 50
50 56
50 78
0 50
40 56
40 78
56 77
23 56
22 78
22 71
42 78
71 78
0 78
43 78
77 78
61 71
23 42
23 71
77 95
71 95
42 77
71 77
0 77
16 71
42 43
42 71
12 43
43 71
12 71
0 71
