100 1485
27 29
29 43
27 43
3 29
3 43
29 30
30 43
27 30
29 37
37 43
30 37
27 77
3 77
29 56
43 56
30 56
56 77
29 41
41 43
30 41
41 77
27 41
3 41
37 41
41 56
24 29
24 43
24 30
24 77
24 41
29 57
27 57
37 57
56 57
3 57
24 57
29 31
31 43
30 31
31 77
31 41
31 57
27 53
53 56
3 53
37 53
31 53
24 53
29 86
43 86
30 86
77 86
41 86
57 86
53 86
53 63
27 63
3 63
56 63
37 63
24 63
31 63
29 35
35 43
30 35
35 77
35 41
35 57
35 53
35 63
1 27
1 56
1 37
1 3
1 24
1 31
29 84
43 84
30 84
77 84
41 84
57 84
53 84
63 84
1 84
28 29
28 43
28 30
28 77
28 41
28 57
28 53
27 28
28 56
3 28
28 37
28 31
24 28
29 82
43 82
30 82
77 82
41 82
57 82
53 82
63 82
1 82
28 82
29 64
43 64
30 64
64 77
57 64
63 64
28 64
27 64
37 64
3 64
56 64
31 64
24 64
18 41
18 53
18 64
28 49
49 86
27 49
37 49
49 56
3 49
49 84
29 81
43 81
30 81
77 81
57 81
53 81
27 36
36 56
36 37
3 36
31 36
24 36
29 91
43 91
30 91
77 91
41 91
63 91
36 91
86 91
27 62
3 62
37 62
56 62
29 79
43 79
30 79
77 79
41 79
63 79
36 79
62 79
31 79
29 58
43 58
30 58
41 58
57 58
1 58
28 58
58 86
58 62
36 67
49 67
34 64
34 62
27 34
34 37
34 56
3 34
14 64
14 62
14 34
14 58
13 31
13 67
13 90
5 34
28 61
61 86
34 61
27 61
5 61
29 97
43 97
41 97
1 97
28 97
49 97
31 97
61 97
90 97
5 97
11 62
11 61
62 70
67 70
58 70
29 87
30 87
41 87
28 87
64 87
86 87
34 87
67 87
70 87
5 87
29 50
50 63
28 50
50 86
34 50
50 58
10 29
10 43
10 30
10 77
10 41
10 63
10 28
10 49
10 62
10 61
10 58
20 29
20 43
20 30
20 41
20 53
1 20
20 36
20 49
20 62
20 61
10 20
20 91
11 20
3 20
29 88
43 88
30 88
77 88
41 88
57 88
53 88
63 88
28 88
49 88
31 88
67 88
58 88
5 88
33 70
10 33
33 87
33 88
21 70
5 21
21 33
29 80
43 80
30 80
77 80
57 80
1 80
36 80
49 80
34 80
61 80
80 90
5 80
11 80
56 80
57 93
63 93
64 93
36 93
62 93
58 93
70 93
91 93
87 93
80 93
11 46
3 46
64 73
49 73
34 73
61 73
70 73
10 73
3 73
46 73
73 88
57 59
1 59
28 59
59 86
59 62
59 67
59 70
59 87
33 59
27 59
46 59
50 59
29 75
43 75
30 75
75 77
57 75
1 75
28 75
75 86
34 75
67 75
75 90
75 91
3 75
75 80
18 89
22 29
22 77
22 41
22 63
22 64
22 86
22 62
22 61
10 22
5 22
11 22
3 22
22 89
41 71
63 71
64 71
49 71
31 71
67 71
71 90
71 91
11 71
71 80
46 71
39 90
39 91
39 87
3 39
39 71
29 38
30 38
38 53
38 63
28 38
38 49
34 38
38 67
38 90
38 91
38 87
27 38
38 88
9 28
9 86
9 31
9 58
9 70
5 9
9 33
3 9
9 88
9 38
10 78
5 78
78 87
78 80
46 78
45 64
45 86
45 62
45 67
45 58
45 91
11 45
45 80
45 46
45 78
10 17
17 91
17 87
17 27
17 71
17 38
17 24
17 56
17 20
29 76
43 76
41 76
53 76
64 76
49 76
34 76
67 76
58 76
76 91
33 76
76 80
76 88
38 76
17 76
83 88
59 83
81 83
35 83
4 34
4 58
4 10
4 5
4 11
4 27
4 88
4 38
4 81
4 83
48 71
48 59
17 48
48 97
29 69
43 69
30 69
69 77
53 69
1 69
36 69
49 69
34 69
58 69
69 70
10 69
11 69
3 69
69 88
69 71
69 78
69 83
48 69
22 69
29 74
43 74
57 74
1 74
36 74
74 86
31 74
61 74
70 74
74 91
74 87
27 74
46 74
59 74
29 47
43 47
30 47
47 77
41 47
47 57
47 53
47 63
47 64
47 86
31 47
47 67
47 70
47 91
47 87
3 47
47 89
38 47
47 97
21 47
12 29
12 43
12 30
12 77
12 41
12 63
12 36
12 49
12 31
12 67
12 70
5 12
12 33
12 80
12 88
12 71
12 47
12 56
12 73
41 44
1 44
44 64
44 86
31 44
44 61
44 70
10 44
3 44
27 44
44 46
38 44
44 81
44 97
44 48
18 44
0 44
34 54
54 61
54 58
54 91
11 54
27 54
46 54
54 59
54 78
45 54
18 54
44 54
54 74
37 54
0 54
8 29
1 8
8 28
8 86
8 31
8 61
8 70
8 10
8 33
8 27
8 88
8 78
8 47
8 97
8 56
8 18
8 79
8 69
85 93
53 92
63 92
28 92
36 92
34 92
58 92
70 92
5 92
11 92
80 92
46 92
71 92
81 92
83 92
48 92
22 92
79 92
16 46
16 38
16 78
16 45
16 48
16 44
16 37
16 69
26 57
1 26
26 28
26 86
26 31
26 61
26 70
26 91
26 33
26 27
26 89
26 38
26 81
26 83
26 56
26 44
26 74
16 26
29 60
43 60
30 60
60 77
41 60
57 60
53 60
1 60
60 64
36 60
31 60
60 61
10 60
5 60
33 60
60 80
60 88
59 60
47 60
17 60
48 60
44 60
60 74
37 60
16 60
29 51
43 51
30 51
51 77
41 51
51 57
51 53
51 63
28 51
51 86
51 62
51 61
51 70
5 51
51 87
51 80
51 88
51 71
51 78
51 83
51 56
23 29
23 43
23 30
23 77
23 41
23 57
23 53
23 63
23 64
23 49
23 34
23 58
23 70
10 23
23 33
3 23
23 71
23 38
23 47
23 97
23 48
6 53
1 6
6 64
6 86
6 34
6 67
6 58
6 91
6 11
6 80
6 46
6 59
6 47
6 97
6 73
6 23
6 79
7 46
7 71
7 81
7 83
7 73
7 22
7 74
7 24
7 9
0 7
66 90
66 91
66 87
66 80
66 89
38 66
17 66
66 83
48 66
22 66
66 79
7 66
66 85
50 66
66 93
6 66
70 94
5 94
33 94
27 94
89 94
71 94
78 94
94 97
73 94
22 94
75 94
7 94
0 94
2 33
2 3
2 71
2 38
2 17
2 97
2 48
2 44
2 79
2 37
2 50
2 8
33 72
72 80
72 89
38 72
47 72
45 72
56 72
18 72
72 79
69 72
72 85
2 72
12 72
6 72
39 72
54 72
29 65
43 65
41 65
63 65
28 65
49 65
31 65
65 67
58 65
65 91
33 65
27 65
46 65
59 65
65 81
17 65
56 65
23 65
65 79
16 65
50 65
26 65
25 29
25 43
25 30
25 41
25 57
25 63
25 64
25 62
25 31
25 67
25 90
25 91
11 25
3 25
25 89
25 71
25 78
25 83
25 56
22 25
25 75
7 25
25 85
25 50
31 32
32 67
32 90
32 91
11 32
27 32
32 88
32 59
32 47
32 97
32 73
23 32
32 74
32 37
0 32
32 50
25 32
6 32
32 39
32 92
32 65
14 32
87 99
46 99
88 99
71 99
17 99
83 99
73 99
22 99
79 99
69 99
60 99
26 99
25 99
6 99
20 99
54 99
36 68
49 68
31 68
61 68
58 68
68 91
68 87
27 68
68 88
68 78
17 68
45 68
68 73
44 68
68 79
68 69
60 68
8 68
2 68
6 68
20 68
21 68
13 68
68 99
66 68
9 68
68 84
51 68
55 78
45 55
48 55
22 55
44 55
55 69
55 85
26 55
55 93
6 55
54 55
40 81
40 45
18 40
22 40
40 79
40 69
16 40
8 40
25 40
35 40
40 54
40 66
21 40
13 40
15 29
15 43
15 30
15 77
15 41
15 57
15 53
15 63
15 36
15 49
15 62
15 61
15 70
15 91
15 87
15 27
15 46
15 38
15 47
15 45
15 18
15 44
15 79
15 37
15 50
2 15
15 25
6 15
15 54
15 40
42 90
5 42
11 42
27 42
42 89
38 42
42 47
42 45
42 73
18 42
37 42
16 42
42 60
2 42
42 93
35 42
39 42
42 54
42 92
42 55
15 42
58 96
91 96
87 96
80 96
88 96
78 96
81 96
83 96
73 96
22 96
75 96
37 96
85 96
2 96
93 96
76 96
39 96
4 96
42 96
14 96
11 19
19 27
19 88
19 38
19 81
19 56
18 19
19 22
19 75
16 19
19 60
19 26
2 19
19 35
19 39
19 21
19 92
28 95
36 95
62 95
31 95
90 95
91 95
11 95
80 95
46 95
59 95
81 95
95 97
18 95
23 95
75 95
37 95
0 95
8 95
25 95
35 95
94 95
4 95
92 95
9 95
51 95
82 95
19 95
84 95
29 52
43 52
30 52
52 77
41 52
52 57
52 53
52 63
52 64
52 86
34 52
52 61
52 58
10 52
52 87
3 52
46 52
52 78
47 52
52 97
18 52
23 52
44 52
52 69
16 52
26 52
52 93
6 52
20 52
21 52
52 65
14 52
52 55
51 52
19 52
52 72
46 98
59 98
47 98
83 98
73 98
23 98
74 98
37 98
60 98
50 98
93 98
76 98
54 98
40 98
65 98
55 98
19 98
51 98
72 98
15 98
15 19
19 96
51 96
9 96
13 96
13 42
24 42
14 15
15 32
15 84
4 40
40 55
55 72
55 99
55 66
32 99
9 99
24 99
82 99
32 84
9 32
13 25
20 25
25 65
25 94
25 35
35 65
65 94
21 65
24 65
14 65
65 72
66 72
13 72
2 9
2 94
2 12
2 92
35 94
24 94
54 94
4 94
84 94
82 94
66 94
14 66
51 66
13 66
7 93
7 82
7 51
6 7
7 50
7 76
4 7
0 6
6 26
6 12
6 51
23 84
23 24
23 79
23 76
23 35
23 75
23 82
20 23
23 51
51 74
51 60
8 51
51 93
20 51
21 51
20 60
26 60
35 60
60 82
24 60
26 93
26 76
26 92
12 26
20 26
16 92
16 21
16 50
16 76
0 16
85 92
76 92
20 92
4 92
14 92
82 92
9 85
4 85
8 85
8 84
4 8
8 24
8 54
8 35
8 39
12 54
14 54
44 74
4 44
39 44
12 44
12 37
12 69
0 12
12 76
12 24
12 14
12 21
12 82
4 12
35 47
0 47
47 84
22 47
47 74
74 97
48 74
39 74
21 74
74 79
74 82
50 74
69 74
74 76
14 69
39 69
69 84
35 69
20 48
48 75
39 48
18 48
4 48
48 73
4 37
4 35
4 24
4 82
4 84
83 97
82 83
21 83
24 83
76 83
56 76
9 76
21 76
20 76
39 76
13 76
76 82
13 17
17 39
17 75
17 93
17 45
17 84
17 22
45 79
13 45
14 45
45 50
45 56
39 45
37 45
45 75
20 45
0 78
37 78
78 79
21 78
78 82
78 81
9 78
9 97
9 18
9 22
9 75
9 93
9 20
9 21
9 24
20 38
38 93
38 39
24 38
0 39
39 93
13 39
20 39
21 39
37 71
21 71
22 71
71 97
71 82
13 71
22 73
22 93
22 50
14 22
89 97
79 89
0 89
14 89
84 89
50 89
75 89
35 89
81 89
59 75
75 79
35 75
0 75
20 75
14 75
75 84
75 93
24 75
56 59
59 73
59 81
18 59
59 84
14 59
35 59
73 81
73 97
35 73
37 73
24 73
21 73
46 93
46 56
93 97
56 93
84 93
35 80
80 88
21 80
80 84
50 80
18 21
0 21
21 50
33 81
18 33
11 33
33 56
33 79
0 33
14 33
13 88
82 88
20 88
24 88
20 37
20 24
10 50
10 18
0 10
10 91
10 14
10 84
10 11
10 79
10 81
3 10
50 87
11 50
50 81
50 56
14 50
50 82
13 50
24 87
3 87
84 87
82 87
13 87
11 70
27 70
5 70
3 70
11 97
11 27
11 35
11 37
27 97
18 97
0 97
61 84
56 61
61 81
18 61
61 67
0 61
0 5
5 56
5 27
5 13
5 35
5 82
5 37
5 24
3 13
13 56
13 18
13 79
13 37
0 13
13 82
37 90
82 90
84 90
81 90
79 90
14 90
14 27
14 81
14 56
0 14
14 35
18 34
34 67
24 34
31 34
34 84
27 67
67 91
37 67
3 67
58 67
35 67
67 82
24 67
27 58
58 79
35 58
24 58
56 58
3 79
79 81
56 79
35 62
62 91
18 91
36 84
36 81
49 81
31 81
3 81
37 81
18 81
35 49
31 49
18 49
24 49
3 18
18 82
18 37
64 82
64 86
35 64
0 64
82 86
31 82
27 82
82 84
24 82
28 35
28 84
28 86
56 84
0 84
35 84
24 84
1 86
1 35
0 1
63 86
27 86
37 86
3 86
56 86
24 86
31 86
0 86
0 53
27 31
31 37
0 31
31 56
3 31
0 57
24 27
0 41
0 56
37 77
0 77
3 37
3 30
0 30
0 3
3 27
0 43
0 29
