100 495
54 77
77 98
54 76
77 92
76 92
54 90
90 92
90 98
70 77
70 76
70 90
26 70
54 66
66 70
66 98
66 92
17 77
17 66
13 77
13 76
13 26
26 89
38 54
6 77
6 76
6 90
6 38
6 89
30 54
30 47
26 75
75 89
30 75
59 89
59 75
8 73
73 75
73 98
2 77
2 76
2 90
2 89
2 30
2 55
2 51
0 11
83 89
55 83
61 63
63 75
26 96
89 96
8 96
75 96
29 96
11 96
31 68
31 50
32 93
32 83
32 99
88 98
52 98
52 88
52 92
23 98
23 52
29 43
43 88
8 56
56 83
54 56
56 88
18 56
10 29
10 13
2 10
91 97
84 91
13 84
18 84
61 64
64 75
64 99
11 64
20 77
20 76
20 90
20 38
0 20
20 75
48 92
48 98
20 48
30 58
55 58
48 58
11 58
20 58
69 76
38 69
30 69
69 75
69 98
54 69
2 69
33 93
33 83
33 99
27 33
33 50
33 69
71 91
11 71
20 71
33 71
81 91
81 88
43 81
6 81
14 77
14 76
14 26
14 38
14 93
14 75
14 91
11 14
2 14
10 14
14 81
50 95
64 95
2 86
4 18
4 79
79 97
2 80
69 80
44 80
73 80
16 90
16 89
16 30
16 83
16 99
16 54
19 74
4 57
41 57
24 74
24 57
21 98
13 21
20 21
21 97
22 93
22 75
22 29
22 27
22 43
22 57
21 22
7 47
7 22
7 23
21 46
51 72
13 72
50 72
72 97
1 30
1 83
1 29
1 13
1 74
1 6
12 17
12 65
24 65
58 65
65 79
65 73
9 31
9 69
9 47
9 65
21 37
22 37
39 77
39 76
26 39
38 39
39 89
8 39
39 99
39 88
39 43
39 57
12 39
28 86
23 28
28 49
28 96
28 39
29 53
53 54
43 53
6 53
47 53
28 53
46 53
24 53
53 73
53 96
39 56
45 99
13 45
2 45
45 64
33 45
45 95
39 45
5 93
5 75
5 29
5 13
5 74
5 33
5 81
5 22
5 14
3 81
20 94
4 94
33 94
17 94
84 94
68 94
3 94
63 94
3 59
3 19
33 35
1 40
36 99
13 36
18 36
36 64
21 36
36 95
36 40
42 77
42 76
26 42
38 42
42 89
42 75
42 98
42 54
20 42
6 42
33 42
36 42
62 71
25 44
25 87
25 62
5 25
52 85
6 85
81 85
72 85
59 85
25 85
35 85
85 92
15 51
11 15
15 52
15 64
12 15
15 87
15 46
15 25
15 56
15 24
32 62
42 62
9 42
42 56
42 58
32 36
80 82
36 82
59 82
2 60
60 64
12 60
22 60
37 60
60 82
60 70
56 60
82 92
49 82
40 56
35 40
40 41
16 40
35 41
3 35
19 35
3 5
5 45
19 45
45 68
37 39
39 68
9 37
37 96
9 84
9 63
1 12
1 59
1 23
1 41
1 72
46 72
41 72
59 72
19 72
34 46
46 79
34 58
7 34
67 71
34 67
49 67
7 67
7 17
48 78
11 78
50 78
69 78
78 86
22 78
41 78
70 78
78 79
32 78
21 70
21 24
24 84
16 24
47 57
19 57
57 70
19 80
19 59
73 74
16 74
16 69
16 80
16 87
16 84
16 17
68 80
44 79
44 58
44 96
44 92
79 92
32 79
4 59
4 97
4 96
4 86
86 95
49 86
56 86
84 86
14 95
70 95
71 95
14 23
14 92
14 63
47 81
81 87
71 87
87 92
17 71
71 84
58 69
32 69
23 58
58 68
48 99
20 27
20 52
20 70
20 64
6 64
64 84
47 91
27 97
43 97
23 97
49 97
10 97
10 92
10 68
10 63
10 56
10 17
18 43
17 18
43 63
23 43
23 70
52 59
6 52
49 52
32 88
6 88
59 88
11 88
31 32
32 47
32 73
41 50
47 50
50 96
73 96
68 96
29 70
29 63
29 92
54 63
47 63
49 63
63 73
61 92
41 61
41 83
41 98
27 41
41 49
83 99
11 83
49 83
70 83
11 99
2 11
2 92
13 51
51 68
17 51
27 68
27 70
27 73
6 73
8 99
8 98
8 54
8 13
59 99
47 55
47 54
17 55
6 55
6 98
38 89
38 70
38 98
54 89
89 92
13 89
13 93
13 54
17 93
70 93
17 54
17 70
49 66
26 92
76 98
26 98
49 98
26 54
0 54
49 54
26 49
0 49
