100 2475
47 76
47 96
76 96
47 48
48 96
14 76
15 47
15 96
14 15
15 38
35 47
35 96
14 35
35 38
15 35
35 76
35 48
21 47
21 96
14 21
21 38
21 35
22 47
22 96
22 38
22 35
22 48
15 22
22 76
21 22
47 77
77 96
14 77
38 77
35 77
22 77
33 47
33 96
14 33
33 38
33 35
22 33
15 33
33 48
33 76
21 33
33 77
31 47
31 96
14 31
31 38
31 35
22 31
31 33
47 66
66 96
14 66
38 66
35 66
22 66
33 66
15 66
48 66
66 76
66 77
21 66
31 66
42 47
42 96
14 42
38 42
35 42
22 42
33 42
42 66
3 33
3 15
3 48
3 76
3 77
3 21
47 65
65 96
14 65
38 65
35 65
22 65
33 65
65 66
3 65
47 53
53 96
14 53
38 53
35 53
22 53
33 53
53 66
3 53
53 76
15 53
48 53
53 77
21 53
42 53
53 65
47 82
82 96
14 82
38 82
35 82
22 82
33 82
66 82
3 82
53 82
29 48
15 29
29 76
21 29
29 77
29 82
29 42
29 31
29 65
1 47
1 96
1 14
1 38
1 35
1 22
1 33
1 66
1 3
1 53
1 29
47 57
57 96
38 57
35 57
22 57
57 66
57 76
48 57
15 57
57 77
21 57
31 57
57 65
57 82
42 57
47 67
67 96
14 67
38 67
35 67
22 67
33 67
66 67
3 67
53 67
29 67
57 67
64 76
48 64
15 64
64 77
21 64
64 82
31 64
64 65
42 64
64 67
9 47
9 96
9 14
9 38
9 35
9 22
9 33
9 66
3 9
9 53
9 29
9 57
9 64
22 23
3 23
23 29
23 57
23 76
15 23
23 48
21 23
23 77
23 42
23 82
23 65
23 31
1 23
9 23
23 67
47 98
96 98
14 98
38 98
35 98
22 98
33 98
66 98
3 98
53 98
29 98
57 98
64 98
23 98
5 96
5 38
5 35
5 22
5 33
5 66
5 53
5 57
5 15
5 76
5 48
5 21
5 77
5 82
5 31
5 65
5 42
1 5
5 67
5 9
47 90
90 96
14 90
38 90
35 90
22 90
33 90
66 90
3 90
53 90
29 90
57 90
64 90
23 90
5 90
15 88
48 88
76 88
21 88
77 88
42 88
31 88
65 88
82 88
67 88
9 88
1 88
45 47
45 96
14 45
38 45
35 45
22 45
33 45
45 66
3 45
45 53
29 45
45 57
45 64
23 45
5 45
45 88
19 48
19 76
15 19
19 77
19 21
19 82
19 31
19 65
19 42
1 19
19 67
9 19
47 70
70 96
14 70
38 70
35 70
22 70
33 70
66 70
3 70
53 70
29 70
57 70
64 70
23 70
5 70
70 88
19 70
0 70
41 47
41 96
38 41
35 41
33 41
41 66
41 57
5 41
41 88
19 41
41 76
41 48
15 41
21 41
41 77
31 41
41 42
41 82
41 65
41 67
1 41
9 41
41 70
41 90
41 98
41 45
47 75
75 96
38 75
35 75
33 75
53 75
29 75
23 75
75 88
41 75
12 47
12 96
12 14
12 38
12 35
12 22
12 33
12 66
3 12
12 53
12 29
12 57
12 64
12 23
5 12
12 41
12 48
12 15
12 76
12 77
12 21
12 82
12 31
12 65
12 42
12 67
9 12
1 12
24 88
24 41
12 24
2 47
2 96
2 14
2 38
2 35
2 22
2 33
2 66
2 53
2 5
2 19
0 2
2 12
2 15
2 48
2 76
2 21
2 77
2 82
2 65
2 31
2 42
1 2
2 67
2 9
38 93
35 93
33 93
66 93
57 93
23 93
88 93
0 93
41 93
2 93
47 62
62 96
14 62
38 62
35 62
22 62
33 62
62 66
3 62
53 62
29 62
57 62
62 64
5 62
19 62
0 62
47 95
95 96
14 95
38 95
35 95
22 95
33 95
66 95
3 95
53 95
29 95
57 95
64 95
23 95
5 95
88 95
19 95
41 95
76 95
15 95
48 95
77 95
21 95
31 95
42 95
82 95
65 95
9 95
67 95
1 95
90 95
45 95
95 98
70 95
38 43
35 43
33 43
43 66
43 57
23 43
5 43
0 43
43 95
30 66
3 30
30 53
30 57
5 30
19 30
30 41
15 30
30 48
30 76
30 77
21 30
30 31
30 42
30 82
30 65
9 30
1 30
30 67
12 26
26 30
13 95
2 13
13 62
13 76
13 48
13 15
13 77
13 21
13 65
13 42
13 82
13 31
39 53
39 64
19 39
0 39
12 39
2 39
13 39
74 76
48 74
15 74
21 74
74 77
42 74
31 74
74 82
65 74
47 69
69 96
14 69
38 69
35 69
22 69
33 69
66 69
3 69
53 69
29 69
57 69
64 69
23 69
5 69
69 88
19 69
41 69
69 95
30 69
69 74
33 79
3 79
53 79
64 79
19 79
41 79
79 95
2 79
62 79
74 79
76 79
15 79
48 79
21 79
77 79
31 79
65 79
79 82
42 79
84 95
30 84
62 84
79 84
33 89
3 89
53 89
5 89
88 89
0 89
89 95
2 89
74 89
79 89
15 89
76 89
48 89
21 89
77 89
17 89
17 69
1 17
17 48
47 54
54 96
14 54
38 54
35 54
22 54
33 54
54 66
3 54
53 54
29 54
54 57
54 88
0 54
41 54
2 54
13 54
7 38
7 35
7 22
3 7
7 53
7 23
7 19
0 7
7 12
7 30
7 62
7 74
7 15
7 48
7 76
7 21
7 77
1 7
7 43
7 9
7 31
7 54
7 65
7 70
61 88
41 61
12 61
30 61
13 61
7 61
61 89
61 69
61 76
48 61
15 61
21 61
61 77
29 63
23 63
63 88
19 63
41 63
2 63
62 63
63 74
63 89
61 63
63 67
48 63
16 67
16 48
15 16
16 76
16 43
16 31
40 47
40 96
14 40
38 40
35 40
22 40
33 40
40 66
3 40
40 53
40 57
23 40
5 40
40 41
40 95
30 40
40 62
40 74
7 40
40 61
1 40
4 38
4 35
4 66
3 4
4 57
4 5
4 19
4 41
4 95
4 30
4 13
4 79
4 7
4 61
4 67
4 48
4 76
4 15
53 73
5 73
73 88
0 73
73 95
30 73
73 74
73 79
7 73
61 73
67 73
4 73
54 73
73 84
12 99
30 99
13 99
74 99
7 99
69 99
48 99
54 99
16 99
98 99
10 47
10 96
10 14
10 38
10 35
10 22
10 33
10 66
3 10
10 53
10 29
10 23
10 88
10 41
10 95
10 30
10 74
10 79
7 10
10 61
10 67
10 48
10 54
10 84
10 63
47 72
72 96
14 72
38 72
35 72
22 72
33 72
66 72
3 72
53 72
57 72
64 72
19 72
41 72
12 72
30 72
72 74
72 79
72 89
67 72
48 72
4 72
72 84
10 72
72 99
63 72
52 95
2 52
13 52
52 74
52 89
52 67
1 52
4 52
52 54
52 98
52 99
9 52
49 66
3 49
49 53
23 49
49 88
19 49
41 49
2 49
13 49
49 79
49 89
49 67
1 49
48 49
16 49
49 98
10 49
49 63
49 52
19 51
0 51
12 51
2 51
51 62
51 79
51 89
51 61
1 51
4 51
16 51
51 84
10 51
9 51
50 67
48 50
50 54
50 84
9 50
50 63
50 90
15 50
60 88
0 60
60 95
2 60
13 60
60 74
60 89
60 69
48 60
4 60
54 60
60 84
60 99
50 60
52 60
47 81
81 96
14 81
38 81
35 81
22 81
33 81
66 81
3 81
53 81
29 81
23 81
81 88
0 81
81 95
30 81
13 81
79 81
81 89
61 81
48 81
4 81
16 81
81 98
10 81
9 81
52 81
75 81
12 27
2 27
27 62
27 79
27 69
27 61
1 27
27 48
27 54
10 27
27 99
27 63
27 52
27 81
32 95
2 32
13 32
7 32
32 89
32 67
1 32
4 32
32 54
32 98
10 32
9 32
32 51
32 81
32 73
15 32
1 44
4 44
16 44
44 98
9 44
44 63
44 50
44 81
32 44
5 71
0 71
12 71
30 71
13 71
7 71
71 89
69 71
1 71
48 71
16 71
71 98
9 71
63 71
52 71
71 81
34 47
34 96
14 34
34 38
34 35
22 34
33 34
34 66
3 34
34 53
34 57
23 34
5 34
0 34
34 95
2 34
13 34
34 79
34 89
34 69
34 67
4 34
16 34
34 84
10 34
34 63
34 52
34 51
32 34
18 47
18 96
14 18
18 38
18 35
18 22
18 33
18 66
3 18
18 53
18 29
18 57
18 64
18 23
5 18
18 88
18 19
0 18
12 18
2 18
18 62
18 79
7 18
18 61
1 18
4 18
18 54
18 84
10 18
9 18
18 52
18 81
18 34
18 71
28 47
28 96
14 28
28 38
28 35
22 28
28 66
28 53
28 57
23 28
28 88
19 28
12 28
2 28
28 62
28 74
28 89
28 61
28 67
4 28
16 28
28 84
9 28
28 50
28 52
28 51
28 34
47 83
83 96
14 83
38 83
35 83
22 83
33 83
66 83
3 83
53 83
29 83
5 83
19 83
41 83
12 83
2 83
62 83
79 83
83 89
61 83
1 83
48 83
54 83
10 83
83 99
9 83
52 83
51 83
34 83
82 83
65 83
47 86
86 96
38 86
35 86
33 86
66 86
53 86
23 86
86 88
0 86
86 95
30 86
13 86
79 86
7 86
61 86
67 86
4 86
54 86
86 98
86 99
9 86
52 86
51 86
32 86
83 86
72 86
31 86
60 86
25 47
25 96
25 38
25 35
25 66
3 25
25 53
25 57
5 25
0 25
12 25
25 30
13 25
25 74
7 25
25 61
1 25
4 25
25 54
25 84
25 99
9 25
25 50
25 81
25 34
25 71
25 72
25 31
25 60
24 25
6 47
6 96
6 14
6 38
6 35
6 22
6 33
6 66
3 6
6 53
6 57
6 23
6 88
0 6
6 12
6 30
6 13
6 74
6 69
6 61
1 6
6 48
6 16
6 98
6 10
6 63
6 50
6 81
6 34
6 71
6 83
6 72
6 60
6 25
6 93
6 17
6 40
47 80
80 96
14 80
38 80
35 80
22 80
33 80
66 80
53 80
23 80
5 80
41 80
12 80
2 80
62 80
74 80
80 89
61 80
67 80
4 80
54 80
80 84
80 99
63 80
50 80
51 80
34 80
80 83
72 80
39 80
60 80
42 80
77 80
17 80
73 80
5 37
37 41
12 37
2 37
37 62
37 79
37 69
37 67
1 37
4 37
37 84
37 98
37 99
9 37
37 50
37 81
32 37
37 83
37 72
37 39
37 42
24 37
37 93
37 77
37 76
53 92
64 92
5 92
0 92
92 95
62 92
13 92
74 92
89 92
67 92
1 92
4 92
16 92
84 92
10 92
9 92
50 92
81 92
32 92
34 92
28 92
39 92
60 92
25 92
43 92
77 92
73 92
37 92
46 47
46 96
14 46
38 46
35 46
22 46
33 46
46 66
3 46
46 53
29 46
46 57
46 64
5 46
19 46
41 46
46 95
30 46
13 46
46 79
46 89
46 61
1 46
46 48
46 54
46 98
9 46
46 63
46 52
46 51
34 46
46 71
28 46
46 72
39 46
24 46
43 46
17 46
46 73
46 80
60 68
24 68
43 68
17 68
68 73
37 68
46 68
68 76
58 96
38 58
35 58
22 58
33 58
58 66
57 58
23 58
5 58
41 58
58 95
2 58
58 62
58 79
7 58
58 69
58 67
48 58
16 58
10 58
58 99
9 58
50 58
58 81
34 58
58 71
58 72
39 58
42 58
24 58
58 93
58 77
58 73
58 80
46 58
16 94
84 94
94 99
63 94
52 94
81 94
32 94
83 94
28 94
31 94
39 94
25 94
43 94
17 94
73 94
80 94
55 67
48 55
16 55
55 84
55 99
55 63
52 55
51 55
32 55
55 71
55 72
39 55
55 60
42 55
55 93
55 77
55 73
55 80
55 65
55 75
78 95
2 78
62 78
74 78
7 78
69 78
1 78
4 78
16 78
78 98
10 78
63 78
52 78
51 78
34 78
78 83
72 78
31 78
42 78
24 78
43 78
17 78
40 78
37 78
55 78
76 78
58 78
15 78
65 78
27 78
18 78
78 82
78 92
70 78
6 78
33 87
66 87
53 87
5 87
87 88
0 87
87 95
30 87
62 87
79 87
87 89
69 87
67 87
4 87
54 87
84 87
87 99
50 87
52 87
81 87
32 87
71 87
28 87
39 87
42 87
24 87
43 87
77 87
40 87
37 87
55 87
76 87
8 47
8 96
8 14
8 38
8 35
8 22
8 33
8 66
3 8
8 53
8 29
8 57
8 64
5 8
8 19
8 41
8 95
2 8
8 13
8 74
8 89
8 69
8 67
8 54
8 16
8 84
8 10
8 9
8 52
8 81
8 32
8 71
8 28
8 39
8 60
8 42
8 25
8 17
8 40
8 37
8 46
8 76
8 94
8 27
8 90
8 82
20 66
3 20
20 57
20 64
20 88
20 41
20 95
20 30
13 20
20 79
7 20
20 69
1 20
20 48
16 20
20 98
10 20
20 63
20 50
20 81
20 32
20 83
20 72
20 31
20 60
20 25
20 43
17 20
20 73
20 37
20 46
20 76
8 20
47 97
96 97
14 97
38 97
35 97
22 97
33 97
66 97
3 97
53 97
57 97
23 97
19 97
0 97
12 97
2 97
62 97
79 97
89 97
69 97
1 97
4 97
16 97
84 97
10 97
9 97
52 97
81 97
32 97
71 97
72 97
31 97
60 97
25 97
93 97
17 97
40 97
80 97
46 97
94 97
58 97
47 85
85 96
38 85
35 85
66 85
3 85
53 85
23 85
19 85
0 85
41 85
62 85
13 85
74 85
69 85
61 85
48 85
54 85
16 85
84 85
85 99
63 85
50 85
51 85
34 85
71 85
28 85
31 85
42 85
25 85
85 93
17 85
40 85
37 85
55 85
76 85
58 85
85 97
85 90
20 85
38 59
35 59
59 66
53 59
57 59
23 59
19 59
0 59
12 59
30 59
59 62
59 74
7 59
59 61
1 59
54 59
16 59
59 98
59 99
59 63
50 59
51 59
34 59
59 83
28 59
59 72
42 59
24 59
59 93
59 77
59 73
37 59
46 59
59 76
8 59
15 59
59 90
20 59
26 59
49 59
59 86
47 56
56 96
14 56
38 56
35 56
22 56
33 56
56 66
3 56
53 56
29 56
56 57
56 64
23 56
56 88
19 56
12 56
2 56
13 56
56 79
56 69
56 67
48 56
4 56
54 56
56 98
9 56
56 63
52 56
56 81
34 56
56 83
28 56
31 56
56 60
24 56
43 56
17 56
56 73
37 56
55 56
56 94
8 56
15 56
56 90
56 78
56 59
6 56
60 91
24 91
91 93
17 91
40 91
80 91
46 91
76 91
58 91
15 91
90 91
20 91
59 91
6 91
49 91
45 91
27 91
68 91
18 91
87 91
70 91
56 91
49 56
27 56
56 82
56 92
44 56
56 75
56 87
59 82
44 59
18 59
59 85
45 59
36 47
36 96
14 36
36 38
35 36
22 36
33 36
36 66
3 36
36 53
29 36
36 57
36 64
23 36
5 36
36 88
19 36
0 36
12 36
30 36
36 62
36 79
36 69
36 61
36 48
4 36
16 36
36 84
10 36
36 63
36 52
36 51
32 36
36 71
36 72
31 36
36 60
25 36
36 43
17 36
36 40
36 37
36 46
36 76
36 58
36 97
36 65
20 36
36 85
11 38
11 35
11 22
11 66
11 53
11 23
11 88
0 11
11 12
2 11
11 62
11 74
7 11
11 69
11 48
11 54
11 16
11 84
11 99
11 63
11 52
11 81
11 34
11 71
11 83
11 31
11 42
11 25
11 43
11 77
11 40
11 80
11 55
11 76
11 58
11 97
11 90
11 78
11 85
6 11
11 92
11 49
11 21
11 82
11 27
11 18
11 36
11 86
21 36
36 49
36 82
26 36
36 92
36 44
18 36
36 75
70 85
68 85
85 87
27 85
75 85
21 85
85 92
68 97
49 97
65 97
92 97
90 97
87 97
15 97
20 97
26 97
18 97
20 65
20 27
20 49
20 86
20 68
20 45
20 26
20 21
8 18
8 26
8 70
8 87
8 15
8 21
8 86
87 90
78 87
6 87
49 87
27 87
26 87
70 87
68 87
18 87
75 78
44 78
55 94
55 90
21 55
55 76
55 82
27 55
18 55
49 55
45 55
45 94
21 94
70 94
15 94
58 94
82 94
75 94
27 94
44 94
65 94
26 94
49 94
6 58
58 65
58 68
44 58
58 86
58 75
58 92
45 58
68 90
6 68
49 68
45 68
68 82
68 92
68 70
18 68
26 46
46 92
15 46
46 70
46 86
6 46
44 46
18 46
76 92
90 92
21 92
49 92
45 92
26 92
75 92
37 86
27 37
37 80
37 65
21 37
37 49
37 45
15 80
6 80
18 80
26 80
75 80
44 80
70 80
80 90
80 82
6 76
6 15
6 65
6 75
6 45
6 44
6 26
6 70
25 45
25 65
25 26
18 25
25 27
25 86
25 76
25 82
21 25
17 25
25 93
86 93
77 86
40 86
76 86
65 86
21 86
27 86
45 86
82 86
75 86
18 86
44 86
70 86
24 83
76 83
28 83
60 83
73 83
77 83
40 83
72 83
42 83
83 93
45 83
44 83
27 83
28 45
28 43
28 49
28 31
28 60
28 76
15 28
18 28
28 39
28 65
28 93
21 28
28 42
28 82
26 28
28 73
18 31
18 60
18 93
17 18
18 73
18 90
18 49
18 45
18 70
34 65
34 72
34 82
34 71
34 45
26 34
34 75
34 76
34 42
34 43
21 34
70 71
21 71
44 71
49 71
26 71
15 71
43 71
71 90
39 71
17 71
71 75
31 71
27 71
39 44
42 44
24 44
43 44
44 77
44 73
15 44
44 65
21 44
27 44
44 82
26 44
44 75
17 32
32 77
31 32
32 90
27 32
32 93
24 32
32 49
32 60
32 70
32 39
32 40
27 39
27 60
27 43
27 77
27 40
15 27
26 27
27 82
27 75
81 90
60 81
21 81
81 93
17 81
73 81
42 81
76 81
72 81
31 60
17 60
60 73
60 93
60 76
60 75
60 77
60 90
31 50
42 50
26 50
24 50
50 51
50 70
50 77
50 75
50 82
17 50
50 65
21 50
39 50
51 93
51 76
26 51
43 51
51 82
51 77
45 51
39 51
31 51
51 65
40 51
51 70
49 51
15 51
24 51
49 72
42 49
24 49
49 93
49 77
40 49
49 76
49 90
49 70
52 73
40 52
15 52
45 52
31 52
52 90
43 52
52 72
17 72
72 90
72 77
70 72
24 72
72 75
40 72
21 72
31 72
72 82
10 21
10 76
10 15
10 17
10 82
10 43
10 77
10 31
10 65
10 99
10 40
10 24
26 99
39 99
9 99
90 99
70 99
75 99
63 99
45 99
21 99
15 99
73 99
42 99
93 99
63 73
31 73
24 73
43 73
17 73
70 73
73 82
40 73
73 75
21 73
73 76
4 75
4 40
4 65
4 54
4 9
4 45
4 26
4 93
4 90
16 40
40 98
40 63
31 40
40 42
24 40
40 43
17 40
26 40
40 65
40 45
15 40
40 90
16 24
16 63
16 65
16 77
16 82
16 39
9 63
21 63
17 63
63 65
63 77
63 75
63 76
63 82
42 61
9 61
61 93
61 67
61 82
24 61
61 98
61 90
61 65
45 61
7 42
7 26
7 82
7 90
7 93
7 39
7 75
7 24
54 89
54 67
1 54
54 76
15 54
31 54
9 54
54 98
17 54
54 90
54 70
54 84
54 93
54 75
45 54
17 98
17 39
17 43
17 21
17 76
17 65
70 89
1 89
26 89
31 89
84 89
69 89
43 89
67 89
42 89
82 89
69 84
1 84
48 84
15 84
76 84
21 84
42 84
26 84
84 93
77 84
45 84
84 90
84 98
69 79
79 90
79 93
45 79
75 79
48 69
69 76
15 69
69 77
21 69
9 69
69 98
45 69
65 69
39 69
43 69
69 70
1 69
31 69
26 69
1 74
24 74
39 74
74 98
67 74
39 67
39 48
39 98
9 39
31 39
15 39
26 39
39 77
39 93
39 75
39 45
24 39
39 65
39 42
21 39
13 26
9 13
13 67
13 75
13 24
13 98
13 70
26 67
26 98
9 26
26 42
26 93
26 77
26 90
21 26
26 45
26 70
30 98
30 43
30 45
30 75
30 70
30 62
43 62
1 43
43 48
43 98
9 43
31 43
42 43
24 43
43 93
15 43
43 75
43 90
43 45
62 95
15 62
62 76
48 62
62 77
21 62
62 82
62 65
31 62
42 62
62 67
1 62
9 62
45 62
62 90
62 93
1 93
9 93
24 93
70 93
65 93
82 93
76 93
21 93
77 93
2 24
2 90
1 24
24 48
24 98
9 24
24 31
24 42
24 90
24 77
15 24
24 70
12 70
12 98
12 90
12 45
12 75
67 75
1 75
75 98
42 75
75 77
15 75
65 75
21 75
45 75
67 70
48 70
70 98
9 70
31 70
42 70
70 77
15 70
65 70
70 82
19 90
19 45
19 98
0 45
45 48
9 45
42 45
45 77
15 45
45 65
21 45
88 90
88 98
0 90
48 90
31 90
77 90
76 90
65 90
5 98
0 5
0 98
67 98
48 98
76 98
15 98
82 98
65 98
31 98
42 98
9 98
0 23
0 9
9 67
9 76
9 42
1 64
0 67
67 76
48 67
15 67
67 77
21 67
42 67
1 57
0 57
0 1
1 15
1 76
1 48
1 65
1 21
1 82
1 77
1 31
0 82
48 82
42 82
77 82
15 82
65 82
21 82
31 53
0 65
31 65
21 65
3 42
3 31
0 42
42 48
31 42
15 42
0 66
0 31
31 76
0 33
0 77
48 77
15 77
0 21
21 48
15 21
0 35
0 15
15 48
14 48
14 38
38 48
0 48
48 76
38 96
38 76
0 76
38 47
0 38
