100 1980
55 94
66 94
18 55
18 66
18 20
20 74
74 94
18 74
34 55
34 66
20 34
34 74
32 94
18 32
32 34
3 55
3 66
3 20
3 74
3 32
11 55
11 66
11 20
11 74
11 32
11 94
11 18
11 34
55 61
61 66
20 61
61 74
32 61
11 61
62 94
18 62
34 62
3 62
48 55
48 66
20 48
48 74
32 48
11 48
48 62
93 94
18 93
34 93
61 93
3 93
48 93
55 65
65 66
20 65
65 74
32 65
11 65
62 65
65 93
76 94
18 76
34 76
3 76
48 76
61 76
65 76
47 55
47 66
20 47
47 74
32 47
11 47
47 62
47 93
47 76
66 69
20 69
69 74
62 69
69 93
69 94
18 69
34 69
48 69
3 69
61 69
31 55
31 66
20 31
31 74
31 32
11 31
31 62
31 93
31 76
31 69
20 50
50 62
50 93
50 69
50 94
18 50
34 50
48 50
3 50
50 61
55 85
66 85
20 85
74 85
32 85
11 85
62 85
85 93
76 85
69 85
50 85
46 94
18 46
34 46
3 46
46 48
46 61
46 47
46 65
46 85
31 46
12 55
12 66
12 20
12 74
12 32
11 12
12 62
12 93
12 76
12 69
12 50
12 46
37 94
18 37
34 37
37 48
3 37
37 61
37 47
37 85
37 65
31 37
44 55
44 66
20 44
44 74
32 44
11 44
44 62
44 93
44 76
44 69
44 50
44 46
37 44
6 94
6 18
6 34
3 6
6 48
6 61
6 47
6 31
6 85
6 65
6 44
6 12
55 95
66 95
20 95
74 95
32 95
11 95
62 95
93 95
76 95
69 95
50 95
46 95
37 95
6 95
17 93
17 76
17 46
17 94
17 18
17 34
3 17
17 61
17 48
17 31
17 65
17 85
17 47
17 44
12 17
17 95
55 81
66 81
20 81
74 81
32 81
11 81
62 81
81 93
76 81
69 81
50 81
46 81
37 81
6 81
17 81
81 85
29 55
29 66
20 29
29 74
29 32
11 29
29 93
29 69
29 50
29 37
29 94
18 29
29 34
29 48
29 61
3 29
29 47
29 65
29 31
29 81
20 45
45 50
37 45
45 85
29 45
44 45
21 55
21 66
20 21
21 74
21 32
11 21
21 62
21 93
21 76
21 69
21 50
21 46
21 37
17 21
20 63
11 63
63 76
63 69
46 63
63 85
63 94
18 63
34 63
61 63
3 63
48 63
63 65
31 63
47 63
22 63
18 22
27 94
27 34
27 61
3 27
27 48
27 75
75 95
75 94
34 75
20 36
32 36
36 76
36 69
36 37
17 36
36 63
36 44
18 36
53 94
34 53
48 53
3 53
53 61
36 53
5 55
5 20
5 74
5 11
5 62
5 69
5 37
5 6
5 85
5 44
5 21
5 53
5 94
5 34
5 48
5 61
3 5
14 18
14 21
5 14
9 85
9 18
9 21
9 95
5 9
9 94
9 34
26 55
26 66
20 26
26 74
26 32
11 26
26 62
26 50
26 37
6 26
26 63
18 26
21 26
26 53
26 75
9 26
43 55
43 66
20 43
43 74
32 43
11 43
43 62
43 93
43 76
43 69
43 50
43 46
37 43
17 43
43 85
18 43
27 43
21 43
43 94
34 43
43 48
3 43
43 61
42 55
42 66
20 42
42 74
32 42
42 62
42 76
42 69
42 46
17 42
29 42
42 44
21 42
42 43
5 42
27 89
89 95
5 89
89 94
34 89
20 52
52 69
46 52
17 52
52 85
44 52
21 52
52 95
52 75
52 89
52 54
66 97
20 97
74 97
11 97
93 97
69 97
50 97
85 97
63 97
29 97
27 97
53 97
75 97
89 97
4 75
4 89
4 81
4 94
4 34
15 20
15 76
15 46
15 17
15 63
15 44
15 21
15 95
15 43
15 89
4 15
15 97
38 55
20 38
38 74
11 38
38 93
38 69
38 46
17 38
38 85
38 44
18 38
38 53
38 43
9 38
38 54
38 97
38 94
24 66
20 24
24 74
24 62
24 93
24 69
24 46
17 24
24 63
24 29
24 27
24 95
5 24
24 89
4 24
24 38
2 62
2 50
2 37
2 17
2 63
2 29
2 18
2 53
2 5
2 89
2 81
2 38
2 52
2 94
20 84
50 84
37 84
6 84
63 84
44 84
18 84
21 84
43 84
9 84
84 89
84 97
2 84
24 84
29 78
18 78
21 78
53 78
5 78
75 78
54 78
4 78
52 78
2 78
78 94
55 67
66 67
20 67
67 74
32 67
62 67
67 76
67 69
46 67
67 85
63 67
18 67
27 67
67 95
67 75
9 67
54 67
38 67
63 79
29 79
18 79
79 95
43 79
79 89
4 79
79 97
52 79
79 94
18 71
53 71
43 71
9 71
71 81
38 71
71 79
2 71
71 78
55 57
57 66
20 57
57 74
32 57
11 57
57 62
57 93
57 76
50 57
37 57
17 57
57 85
44 57
27 57
57 95
43 57
57 75
54 57
4 57
57 79
2 57
57 78
57 94
55 87
66 87
20 87
74 87
32 87
11 87
62 87
87 93
76 87
69 87
37 87
6 87
63 87
18 87
27 87
87 95
5 87
87 89
81 87
87 97
79 87
2 87
57 87
67 87
29 39
18 39
21 39
39 95
39 43
39 89
39 81
38 39
39 79
2 39
1 50
1 17
1 63
1 44
1 21
1 53
1 43
1 89
1 81
1 97
1 52
55 64
64 66
20 64
64 74
32 64
11 64
64 93
64 76
46 64
64 85
63 64
44 64
27 64
53 64
5 64
9 64
64 81
64 97
52 64
24 64
64 94
55 70
66 70
20 70
70 74
32 70
11 70
62 70
70 93
70 76
69 70
50 70
46 70
37 70
70 85
63 70
44 70
18 70
21 70
5 70
9 70
54 70
70 97
52 70
64 70
1 70
22 70
55 98
66 98
20 98
74 98
32 98
11 98
62 98
93 98
76 98
69 98
50 98
46 98
37 98
17 98
85 98
44 98
27 98
95 98
43 98
9 98
54 98
38 98
52 98
24 98
1 98
57 98
4 80
80 97
79 80
64 80
78 80
57 80
80 98
80 94
80 87
29 92
44 92
21 92
92 95
75 92
89 92
81 92
38 92
2 92
64 92
78 92
57 92
92 98
71 92
73 81
4 73
52 73
2 73
1 73
67 73
5 51
51 75
4 51
51 97
51 52
24 51
51 78
22 51
51 98
0 51
33 55
20 33
33 74
11 33
33 62
33 69
33 46
6 33
33 63
18 33
27 33
33 53
33 43
33 89
33 54
4 33
33 52
33 64
1 33
33 57
33 51
33 94
33 87
18 41
21 41
41 43
41 89
41 54
41 97
41 79
24 41
41 78
41 67
41 98
41 71
41 94
41 70
76 99
69 99
37 99
85 99
63 99
44 99
18 99
95 99
43 99
9 99
54 99
97 99
2 99
24 99
57 99
67 99
51 99
71 99
41 99
31 99
42 99
70 99
55 60
60 66
20 60
60 74
32 60
11 60
60 93
60 69
50 60
60 85
60 63
18 60
27 60
53 60
5 60
9 60
60 81
60 97
52 60
2 60
60 64
57 60
51 60
39 60
60 73
41 60
42 60
20 35
11 35
35 76
35 69
35 46
6 35
29 35
35 44
21 35
35 95
5 35
35 75
35 54
35 97
35 38
2 35
1 35
35 67
35 98
35 71
35 73
35 92
31 35
19 51
19 71
19 73
19 92
19 35
19 60
49 50
17 49
49 85
29 49
27 49
21 49
5 49
49 89
49 54
4 49
49 52
49 64
1 49
22 49
49 51
49 94
49 87
49 92
42 49
49 60
40 46
40 85
29 40
40 44
18 40
40 95
40 75
9 40
40 81
40 97
40 52
2 40
40 78
40 57
22 40
40 94
40 73
40 92
40 42
40 70
40 49
40 80
18 68
53 68
43 68
68 75
4 68
38 68
68 79
64 68
68 78
67 68
68 98
68 71
68 94
68 92
48 68
68 70
49 68
40 68
20 28
11 28
28 93
28 76
28 46
17 28
28 85
28 29
18 28
28 53
5 28
9 28
28 54
28 97
28 52
24 28
1 28
22 28
28 51
28 71
28 87
28 31
28 42
28 70
28 34
5 56
56 89
56 81
4 56
56 79
24 56
56 57
56 67
22 56
39 56
56 94
56 92
48 56
56 70
33 56
3 56
66 86
20 86
74 86
11 86
86 93
69 86
46 86
85 86
63 86
18 86
27 86
21 86
43 86
9 86
4 86
86 97
79 86
24 86
64 86
57 86
22 86
39 86
86 94
31 86
48 86
35 86
60 86
56 86
40 86
0 86
84 86
23 63
23 44
23 27
23 95
23 75
9 23
4 23
23 97
23 79
23 64
23 78
22 23
23 98
23 71
23 73
23 92
23 48
23 60
23 49
12 23
5 72
9 72
72 81
72 97
72 79
64 72
72 78
22 72
72 98
39 72
72 87
72 92
42 72
60 72
34 72
56 72
45 72
66 83
20 83
74 83
11 83
62 83
76 83
37 83
83 85
63 83
29 83
18 83
53 83
5 83
75 83
54 83
4 83
79 83
24 83
78 83
22 83
39 83
71 83
73 83
83 92
42 83
35 83
34 83
56 83
72 83
0 83
7 18
7 53
7 43
7 89
4 7
7 97
7 52
2 7
1 7
7 67
7 22
7 94
7 87
7 31
7 35
7 70
7 34
7 56
7 28
0 7
25 73
25 41
25 48
25 70
25 34
12 25
25 28
7 25
50 88
17 88
29 88
18 88
27 88
53 88
75 88
9 88
81 88
4 88
79 88
2 88
78 88
67 88
88 98
39 88
88 94
31 88
42 88
35 88
49 88
12 88
28 88
33 88
84 88
68 88
16 29
16 18
16 27
16 95
16 43
9 16
16 54
4 16
16 52
16 24
1 16
16 57
16 22
16 71
16 73
16 41
16 48
16 35
16 49
16 56
16 40
0 16
16 88
16 23
55 96
66 96
20 96
11 96
76 96
50 96
37 96
17 96
85 96
18 96
27 96
95 96
43 96
75 96
81 96
4 96
52 96
24 96
78 96
57 96
96 98
94 96
87 96
41 96
35 96
60 96
34 96
56 96
72 96
28 96
84 96
23 96
47 96
68 96
10 55
10 66
10 20
10 74
10 32
10 11
10 62
10 93
10 76
10 69
10 50
10 46
10 37
10 17
10 63
10 18
10 27
10 95
5 10
10 89
10 54
10 38
2 10
10 64
1 10
10 57
10 98
10 94
10 87
10 41
10 48
10 70
10 34
10 56
10 28
7 10
10 84
10 96
10 19
10 15
10 36
10 65
3 10
10 99
10 86
10 68
13 46
13 85
13 29
13 44
13 18
13 95
13 43
13 89
13 54
13 97
13 52
2 13
13 57
13 67
13 51
13 71
13 73
13 41
13 42
13 70
13 34
13 40
13 72
0 13
13 84
37 90
6 90
29 90
18 90
27 90
53 90
75 90
9 90
54 90
38 90
79 90
24 90
64 90
67 90
51 90
39 90
87 90
31 90
42 90
70 90
49 90
12 90
28 90
33 90
7 90
36 90
83 90
58 78
57 58
58 98
58 94
58 87
41 58
42 58
58 70
34 58
12 58
58 72
33 58
58 84
58 90
19 58
26 58
58 86
45 58
14 58
59 87
59 92
42 59
59 60
34 59
56 59
59 72
33 59
59 84
59 88
19 59
15 59
58 59
59 65
5 8
8 75
4 8
8 38
2 8
8 24
1 8
8 57
8 51
8 39
8 87
8 31
8 48
8 70
8 49
8 56
8 40
0 8
8 84
8 23
8 19
8 15
8 36
8 25
8 59
8 99
8 83
8 68
8 47
30 55
30 66
20 30
30 74
30 32
11 30
30 76
30 50
30 37
17 30
29 30
30 44
21 30
30 95
30 75
9 30
30 81
30 38
30 79
30 64
30 78
22 30
30 51
30 39
30 73
30 41
30 48
30 70
30 49
12 30
30 72
7 30
30 88
23 30
30 96
15 30
55 82
66 82
20 82
74 82
32 82
11 82
62 82
82 93
76 82
69 82
50 82
46 82
37 82
6 82
29 82
18 82
27 82
82 95
43 82
82 89
54 82
38 82
79 82
24 82
78 82
22 82
82 98
39 82
82 94
82 92
42 82
35 82
49 82
56 82
72 82
0 82
82 84
82 90
20 91
11 91
91 93
50 91
37 91
17 91
63 91
44 91
27 91
53 91
75 91
89 91
81 91
38 91
52 91
64 91
1 91
57 91
22 91
91 94
73 91
91 92
42 91
70 91
34 91
12 91
40 91
33 91
7 91
23 91
83 91
45 91
91 99
61 91
55 77
66 77
20 77
74 77
32 77
11 77
62 77
77 93
76 77
50 77
37 77
17 77
77 85
29 77
18 77
53 77
43 77
9 77
77 89
38 77
52 77
24 77
1 77
22 77
77 98
77 94
77 87
41 77
48 77
35 77
60 77
12 77
72 77
0 77
77 84
23 77
77 91
15 77
77 82
25 77
3 77
59 77
45 77
47 77
13 77
61 77
86 91
36 91
80 91
68 91
82 91
26 82
58 82
47 82
82 83
30 82
82 86
3 82
16 82
25 30
3 30
30 99
16 30
30 68
30 80
8 30
59 83
13 59
59 68
47 59
58 68
58 61
3 58
45 90
25 90
13 90
15 90
14 90
19 90
90 99
13 96
13 26
13 36
13 65
13 14
10 13
13 47
13 45
10 45
61 96
16 96
65 96
3 96
14 96
16 19
16 36
14 16
16 45
16 80
16 61
16 86
14 88
47 88
3 88
25 88
26 88
80 88
15 88
19 25
25 26
25 36
25 45
25 68
25 83
25 80
7 84
7 23
7 36
7 61
7 99
7 45
7 83
36 83
83 99
83 86
80 83
61 83
15 72
23 72
19 72
61 72
72 99
23 28
23 86
23 26
23 80
3 23
23 65
26 86
14 86
86 99
68 86
56 99
56 61
28 56
56 65
3 28
28 68
28 36
28 65
28 80
0 28
14 28
33 68
26 68
3 68
14 40
3 40
15 40
0 40
40 84
40 47
26 40
33 40
49 84
19 49
26 49
12 49
49 65
15 49
49 80
12 19
19 33
19 84
15 19
19 47
19 26
3 19
35 61
35 47
35 36
15 35
35 65
35 60
3 35
35 84
12 60
14 60
34 60
45 60
0 60
60 61
36 60
60 99
33 99
15 99
36 99
65 99
3 99
41 45
34 41
15 41
41 48
41 65
33 41
31 41
26 41
33 48
33 70
12 33
26 33
33 80
3 33
15 33
33 61
39 51
51 65
26 51
42 51
51 94
47 51
51 84
51 73
45 51
15 51
39 73
73 87
48 73
47 73
73 92
3 73
65 73
42 73
15 73
73 84
12 92
14 92
80 92
61 92
3 92
47 92
0 92
48 80
70 80
26 80
36 80
14 80
61 80
45 80
48 98
61 98
70 98
31 98
12 98
14 98
36 98
34 98
39 70
31 70
42 70
26 70
0 64
61 64
1 64
42 64
26 64
64 67
14 64
22 64
3 64
1 94
1 61
1 26
0 1
1 36
1 31
1 34
1 65
1 39
1 42
1 45
39 57
39 87
39 61
39 45
39 71
39 42
39 47
12 39
15 39
39 48
71 87
0 87
14 87
36 87
12 87
31 87
26 87
57 65
48 57
57 71
42 57
22 71
0 71
3 71
71 84
71 94
31 71
34 71
65 71
26 71
48 79
26 79
34 79
45 79
36 79
67 79
14 79
42 79
67 78
67 94
12 67
0 67
47 67
26 67
67 84
3 67
36 67
61 67
15 67
22 67
14 67
47 78
78 84
14 78
48 78
12 78
15 78
31 84
48 84
12 84
65 84
2 24
2 31
0 2
2 3
2 48
2 12
2 65
24 94
22 24
24 31
24 47
24 36
15 24
24 34
3 24
24 45
38 42
38 45
26 38
38 47
34 38
22 38
36 38
3 38
15 38
15 48
15 45
14 15
15 47
4 97
4 14
0 4
4 31
4 12
94 97
34 97
48 97
52 97
61 97
65 97
52 94
12 52
47 52
52 65
52 61
22 52
65 89
47 89
31 89
42 89
45 89
42 54
31 42
42 45
14 42
36 42
43 47
43 65
0 43
43 54
54 75
54 81
54 94
34 54
26 54
48 54
0 54
12 54
3 54
26 31
12 26
26 61
26 65
9 36
9 61
9 12
9 14
0 9
3 9
9 48
14 81
14 94
14 34
0 14
14 65
14 61
14 45
5 47
5 45
5 12
5 81
5 22
53 95
0 53
53 65
31 53
53 81
36 75
36 81
36 94
31 36
12 36
0 36
36 65
3 75
61 75
48 75
31 75
75 81
22 75
21 27
27 47
22 27
21 22
22 81
22 94
22 34
22 45
22 31
3 22
63 95
12 63
21 63
21 44
21 94
21 34
3 21
21 61
21 48
21 31
21 95
21 45
12 21
0 21
21 65
45 95
45 81
31 45
34 45
12 45
0 45
29 44
0 29
12 29
44 81
18 81
81 94
34 81
31 81
65 81
47 81
61 81
0 17
85 95
44 95
94 95
34 95
61 95
48 95
3 95
12 95
44 85
44 94
18 44
34 44
3 44
44 48
44 61
31 44
44 47
44 65
12 37
12 85
12 31
12 47
0 46
85 94
18 85
34 85
3 85
48 85
61 85
65 85
31 85
47 85
0 85
31 50
47 50
50 65
0 50
18 31
31 34
0 31
31 48
65 69
47 69
18 47
47 48
34 47
0 47
47 65
3 47
47 61
18 65
48 65
0 65
61 65
0 93
18 48
3 48
61 62
0 62
18 61
61 94
34 61
3 11
3 18
18 34
34 94
0 34
18 94
20 66
20 94
20 55
0 20
