100 2475
41 81
41 67
67 81
29 41
29 67
81 89
41 60
60 67
60 89
26 41
26 67
26 89
26 81
41 88
67 88
88 89
26 88
41 71
67 71
71 89
26 71
71 81
71 88
41 73
67 73
73 89
26 73
71 73
41 51
51 67
51 89
26 51
51 71
51 81
51 60
40 41
40 67
40 89
26 40
40 71
40 51
13 41
13 67
13 89
13 26
13 71
13 51
13 81
13 40
13 73
13 29
13 60
13 88
41 42
42 67
42 89
26 42
42 71
42 51
13 42
26 79
71 79
79 81
79 88
29 79
73 79
60 79
40 79
42 79
41 59
59 67
59 89
26 59
59 71
51 59
13 59
59 79
41 96
67 96
89 96
26 96
71 96
51 96
13 96
79 96
81 96
60 96
88 96
73 96
40 96
29 96
59 96
42 96
35 41
35 67
35 89
26 35
35 71
35 51
13 35
35 79
35 96
41 72
67 72
72 89
26 72
71 72
51 72
13 72
72 79
72 96
72 81
72 73
40 72
72 88
29 72
60 72
59 72
42 72
35 72
41 97
67 97
89 97
26 97
71 97
51 97
13 97
79 97
96 97
72 97
1 41
1 67
1 89
1 26
1 71
1 51
1 79
1 96
1 81
1 29
1 60
1 73
1 88
1 40
1 42
1 59
1 97
38 41
38 67
38 89
26 38
38 71
38 51
13 38
38 79
38 96
38 72
1 38
9 41
9 67
9 89
9 26
9 71
9 51
9 13
9 79
9 96
9 72
1 9
9 81
9 60
9 40
9 88
9 73
9 29
9 42
9 59
9 35
9 97
9 38
20 41
20 67
20 89
20 26
20 71
20 51
13 20
20 79
20 96
20 72
1 20
9 20
18 81
18 88
18 40
18 73
18 60
18 29
18 42
18 59
18 38
18 35
18 97
41 91
67 91
89 91
26 91
71 91
51 91
13 91
79 91
91 96
72 91
1 91
9 91
18 91
77 81
40 77
77 88
60 77
73 77
29 77
42 77
59 77
38 77
77 97
35 77
20 77
41 63
63 67
63 89
26 63
63 71
51 63
13 63
63 79
63 96
63 72
1 63
9 63
18 63
63 77
38 63
57 77
57 81
29 57
40 57
57 73
57 88
57 60
42 57
57 59
35 57
57 97
20 57
57 91
57 63
41 80
67 80
80 89
26 80
71 80
51 80
13 80
79 80
80 96
72 80
1 80
9 80
18 80
77 80
38 80
57 80
41 66
66 67
26 66
66 71
51 66
13 66
66 79
66 96
66 72
9 66
38 66
57 66
66 81
66 88
66 73
29 66
40 66
60 66
59 66
42 66
66 97
35 66
66 91
63 66
20 66
66 80
32 67
26 32
32 71
32 51
32 79
32 96
32 72
32 77
32 38
32 66
38 69
57 69
69 81
69 88
40 69
60 69
69 73
29 69
59 69
42 69
69 97
35 69
69 91
20 69
63 69
24 69
24 40
24 29
24 91
26 90
71 90
72 90
18 90
38 90
57 90
41 44
44 67
44 89
26 44
44 71
44 51
13 44
44 79
44 96
44 72
1 44
9 44
44 77
44 66
44 81
44 60
29 44
44 73
44 88
40 44
42 44
44 59
35 44
44 97
44 91
44 63
20 44
44 80
19 41
19 67
19 26
19 71
19 51
13 19
19 79
19 96
1 19
18 19
19 38
19 66
19 44
19 40
23 38
23 57
23 69
54 69
54 81
54 88
29 54
40 54
54 73
54 60
42 54
54 59
35 54
54 97
20 54
54 63
54 91
23 54
41 49
49 67
26 49
49 71
49 51
13 49
49 79
49 96
49 72
18 49
38 49
49 57
49 66
49 54
29 49
49 91
72 86
1 86
77 86
66 86
44 86
54 86
40 86
86 91
81 86
73 86
86 88
60 86
42 86
59 86
35 86
86 97
20 86
63 86
64 72
9 64
38 64
57 64
44 64
54 64
40 64
64 90
64 86
41 68
67 68
68 89
26 68
68 71
51 68
13 68
68 79
68 96
68 72
1 68
9 68
18 68
68 77
38 68
57 68
44 68
40 68
23 68
68 91
68 86
68 81
68 88
60 68
68 73
42 68
59 68
35 68
68 97
33 67
26 33
33 71
33 51
13 33
33 72
1 33
9 33
33 77
33 57
33 44
33 69
29 33
33 91
3 81
3 88
3 73
3 60
3 42
3 59
3 97
3 35
41 83
67 83
26 83
71 83
79 83
83 96
72 83
9 83
38 83
57 83
69 83
54 83
23 83
29 83
3 83
68 83
64 83
2 41
2 67
2 26
2 71
2 51
2 13
2 79
2 96
1 2
2 9
2 38
2 57
2 69
2 40
2 23
2 91
2 3
53 81
53 73
53 60
53 88
53 59
42 53
53 97
35 53
26 76
72 76
1 76
18 76
38 76
57 76
44 76
40 76
29 76
76 91
76 90
53 76
76 81
60 76
76 88
73 76
59 76
42 76
76 97
35 76
2 76
17 76
5 41
5 67
5 26
5 71
5 51
5 13
5 79
5 96
1 5
5 9
5 38
5 66
5 44
5 40
5 29
5 91
5 86
3 5
5 76
2 5
5 81
5 73
5 88
5 60
44 93
54 93
29 93
90 93
86 93
68 93
20 93
5 93
8 41
8 67
8 89
8 26
8 71
8 51
8 13
8 79
8 96
8 72
1 8
8 18
8 57
8 66
8 44
8 54
8 23
8 29
8 90
8 53
8 76
8 20
8 81
8 73
8 88
8 60
8 93
14 38
14 66
14 69
14 40
14 29
14 91
3 14
14 68
14 64
14 20
8 14
41 78
67 78
78 89
26 78
71 78
51 78
13 78
78 96
72 78
9 78
38 78
66 78
69 78
40 78
23 78
29 78
78 90
68 78
76 78
5 78
8 78
78 81
60 78
73 78
78 88
56 72
9 56
56 77
56 66
56 69
40 56
23 56
29 56
3 56
53 56
56 76
20 56
5 56
56 78
49 56
26 65
65 71
65 79
65 96
65 72
9 65
65 77
65 66
44 65
40 65
23 65
29 65
65 86
65 68
65 76
20 65
5 65
41 47
47 67
26 47
47 71
47 51
13 47
47 79
47 72
1 47
18 47
38 47
47 57
44 47
40 47
23 47
29 47
47 86
3 47
20 47
2 47
47 81
47 88
47 60
47 73
1 82
18 82
77 82
57 82
44 82
54 82
29 82
82 90
3 82
53 82
64 82
20 82
47 82
82 84
65 82
56 82
15 82
11 44
11 54
11 23
11 90
11 86
11 68
11 76
2 11
11 47
11 84
11 65
11 56
11 27
12 41
12 67
12 89
12 26
12 71
12 51
12 13
12 79
12 96
12 72
1 12
9 12
12 38
12 66
12 44
12 54
12 29
12 90
3 12
12 53
12 64
2 12
5 12
12 78
12 84
12 15
12 27
12 81
12 83
36 69
36 40
23 36
36 91
36 90
36 53
36 76
20 36
5 36
8 36
36 49
36 56
36 97
12 36
34 40
29 34
34 86
34 53
34 64
2 34
5 34
8 34
34 49
15 34
34 97
12 34
11 34
37 67
26 37
37 71
37 51
13 37
37 96
1 37
9 37
37 77
37 66
37 69
37 40
29 37
37 90
3 37
37 53
37 76
20 37
37 47
8 37
37 84
37 65
37 97
11 37
34 37
35 37
19 37
41 45
45 67
45 89
26 45
45 71
45 51
13 45
45 79
45 96
45 72
1 45
9 45
18 45
45 77
38 45
45 66
44 45
40 45
23 45
45 91
45 86
3 45
45 76
2 45
45 47
45 84
45 65
15 45
45 97
12 45
41 70
67 70
26 70
70 71
51 70
13 70
70 79
70 96
1 70
9 70
38 70
57 70
66 70
54 70
40 70
70 91
3 70
68 70
64 70
2 70
5 70
70 78
49 70
15 70
27 70
11 70
34 70
60 70
90 92
53 92
76 92
20 92
47 92
8 92
65 92
15 92
27 92
12 92
70 92
71 75
75 96
1 75
18 75
38 75
66 75
44 75
40 75
29 75
75 91
3 75
53 75
75 76
20 75
47 75
75 78
65 75
15 75
75 97
12 75
70 75
40 58
58 91
58 86
53 58
58 76
2 58
8 58
58 78
49 58
58 65
58 97
12 58
11 58
58 75
62 67
26 62
62 71
51 62
13 62
62 79
62 72
18 62
38 62
62 66
62 69
40 62
29 62
62 91
62 86
62 68
62 64
2 62
5 62
8 62
62 84
15 62
27 62
12 62
11 62
35 62
84 87
65 87
15 87
11 87
70 87
35 87
62 87
28 77
28 66
28 69
28 40
28 29
28 90
3 28
28 53
28 76
20 28
28 47
28 78
28 84
15 28
28 97
12 28
11 28
28 35
28 62
77 98
66 98
44 98
40 98
23 98
29 98
86 98
68 98
64 98
2 98
47 98
84 98
49 98
15 98
97 98
11 98
34 98
75 98
62 98
28 98
45 98
21 44
21 40
21 23
21 90
21 86
3 21
21 64
20 21
21 47
8 21
21 49
21 56
21 27
12 21
21 34
21 75
21 62
21 28
21 36
21 45
61 86
61 68
61 64
5 61
47 61
61 84
49 61
56 61
61 97
12 61
34 61
35 61
61 62
37 61
61 80
21 61
22 76
2 22
22 47
22 78
22 65
22 56
22 97
11 22
22 70
22 75
19 22
22 37
22 36
21 22
22 92
22 33
22 42
22 59
22 83
22 58
41 48
48 67
48 89
26 48
48 71
48 51
13 48
48 96
48 72
9 48
38 48
48 66
44 48
40 48
29 48
48 90
48 86
48 68
48 76
2 48
5 48
48 84
48 49
15 48
27 48
11 48
34 48
35 48
48 62
37 48
48 80
21 48
22 48
72 74
9 74
38 74
66 74
44 74
54 74
29 74
74 91
74 86
3 74
64 74
2 74
47 74
74 78
65 74
15 74
27 74
12 74
34 74
74 75
19 74
28 74
74 80
45 74
10 41
10 67
10 89
10 26
10 71
10 51
10 13
10 79
10 96
10 72
1 10
9 10
10 57
10 66
10 44
10 40
10 23
10 29
10 86
10 68
10 76
5 10
10 47
10 78
10 49
10 65
10 15
10 27
10 34
10 75
10 62
10 28
10 80
10 21
10 83
10 93
16 41
16 67
16 26
16 71
16 51
13 16
16 79
16 96
16 72
1 16
16 38
16 66
16 69
16 40
16 23
16 90
3 16
16 53
16 64
2 16
8 16
16 78
16 65
15 16
16 97
11 16
16 70
16 35
16 62
16 28
16 36
10 16
16 60
41 94
67 94
89 94
26 94
71 94
51 94
13 94
94 96
1 94
9 94
77 94
57 94
69 94
54 94
23 94
29 94
90 94
53 94
76 94
2 94
5 94
78 94
65 94
15 94
94 97
27 94
34 94
35 94
62 94
28 94
36 94
21 94
16 94
93 94
32 94
58 94
82 94
73 94
23 99
90 99
86 99
68 99
64 99
20 99
8 99
78 99
84 99
15 99
97 99
11 99
34 99
75 99
19 99
37 99
80 99
21 99
22 99
16 99
32 99
58 99
82 99
42 99
6 41
6 67
6 89
6 26
6 71
6 51
6 13
6 79
6 96
6 72
1 6
6 9
6 18
6 77
6 38
6 57
6 69
6 54
6 23
6 91
6 86
6 68
6 64
6 20
5 6
6 84
6 49
6 56
6 97
6 12
6 34
6 35
6 62
6 28
6 80
6 45
6 22
6 93
6 32
6 58
6 82
6 73
6 99
39 41
39 67
39 89
26 39
39 71
39 51
13 39
39 79
39 96
39 72
1 39
9 39
18 39
39 77
38 39
39 57
39 44
39 40
23 39
39 91
39 86
39 68
39 64
2 39
8 39
39 84
39 49
39 56
27 39
11 39
39 70
39 75
19 39
37 39
36 39
39 45
10 39
16 39
39 74
7 41
7 67
7 89
7 26
7 71
7 51
7 13
7 96
7 72
7 18
7 38
7 57
7 44
7 40
7 23
7 29
7 90
7 53
7 20
5 7
7 47
7 78
7 49
7 56
7 27
7 11
7 34
7 75
7 19
7 28
7 36
7 21
7 22
7 16
7 74
71 85
85 96
72 85
9 85
38 85
57 85
69 85
54 85
29 85
85 91
3 85
53 85
64 85
20 85
47 85
78 85
65 85
56 85
85 97
11 85
34 85
35 85
19 85
28 85
80 85
45 85
10 85
16 85
74 85
63 85
60 85
85 87
7 85
61 85
85 92
41 46
46 67
46 89
26 46
46 71
46 51
13 46
46 79
46 96
46 72
1 46
9 46
18 46
46 77
38 46
46 57
44 46
46 54
23 46
29 46
3 46
46 68
46 64
2 46
5 46
8 46
46 84
46 56
46 97
11 46
46 70
46 75
19 46
37 46
36 46
10 46
22 46
46 93
46 74
46 85
46 82
25 41
25 67
25 89
25 26
25 71
25 51
13 25
25 79
25 96
25 72
1 25
9 25
18 25
25 77
25 38
25 66
25 69
25 54
25 40
25 91
25 86
25 53
20 25
2 25
8 25
25 78
25 49
15 25
25 97
12 25
25 70
25 35
19 25
25 37
25 80
25 45
16 25
25 93
25 74
25 85
7 25
25 46
25 42
25 39
25 87
30 41
30 67
26 30
30 71
30 51
13 30
30 79
30 96
1 30
9 30
30 38
30 57
30 69
30 54
30 40
29 30
30 90
3 30
30 64
20 30
5 30
30 84
30 49
30 65
15 30
12 30
30 34
30 75
30 62
28 30
30 36
21 30
10 30
16 30
30 32
30 58
30 82
30 73
30 42
30 94
0 30
30 87
25 30
30 33
30 98
24 30
30 81
43 72
9 43
38 43
43 57
43 69
43 54
40 43
43 91
43 90
43 68
43 64
20 43
43 47
43 78
43 84
43 56
15 43
12 43
43 70
43 75
19 43
37 43
43 80
21 43
10 43
43 93
32 43
43 58
7 43
43 46
42 43
39 43
0 43
30 43
43 81
41 55
55 67
26 55
55 71
51 55
13 55
55 79
55 72
1 55
9 55
38 55
55 57
44 55
54 55
40 55
55 91
55 90
55 68
55 64
20 55
47 55
8 55
49 55
55 56
27 55
11 55
55 70
35 55
55 62
28 55
55 80
45 55
22 55
55 93
32 55
55 85
7 55
46 55
55 99
39 55
4 69
4 54
4 29
4 91
4 90
4 68
4 64
4 5
4 8
4 84
4 65
4 56
4 15
4 27
4 70
4 75
4 62
4 28
4 80
4 45
4 10
4 16
4 74
4 58
4 7
4 73
4 99
4 94
4 88
4 33
4 24
4 17
4 55
0 4
4 60
4 87
26 95
95 96
72 95
18 95
38 95
57 95
69 95
54 95
40 95
91 95
90 95
68 95
76 95
2 95
47 95
8 95
49 95
15 95
27 95
11 95
34 95
75 95
19 95
37 95
36 95
45 95
10 95
93 95
32 95
85 95
73 95
46 95
95 99
94 95
4 95
87 95
43 95
48 95
61 95
88 95
81 95
41 50
50 67
50 89
26 50
50 71
50 51
13 50
50 79
50 96
50 72
1 50
9 50
18 50
50 77
38 50
50 66
50 69
40 50
29 50
50 91
50 86
50 68
50 76
20 50
5 50
50 78
49 50
50 56
50 97
12 50
34 50
50 75
19 50
37 50
50 80
21 50
10 50
16 50
32 50
50 85
7 50
46 50
42 50
39 50
50 87
30 50
43 50
48 50
50 61
50 98
31 41
31 67
31 89
26 31
31 71
31 51
13 31
31 79
31 96
31 72
1 31
9 31
18 31
31 77
31 38
31 57
31 69
31 40
23 31
31 91
31 86
31 68
31 64
20 31
31 47
31 78
31 65
31 56
15 31
11 31
31 70
31 35
19 31
31 37
31 80
31 45
10 31
16 31
31 32
31 85
7 31
31 46
31 99
31 39
0 31
31 92
31 59
6 31
31 48
31 88
29 52
52 91
52 90
52 53
52 76
5 52
47 52
52 78
52 65
52 56
27 52
12 52
34 52
52 75
19 52
28 52
52 80
45 52
10 52
16 52
52 74
52 85
52 82
46 52
39 52
52 94
0 52
30 52
43 52
52 59
52 98
52 88
31 52
52 95
24 52
52 63
17 52
52 83
31 50
14 31
17 31
31 81
31 55
14 50
33 50
50 95
50 83
50 63
24 95
60 95
17 95
4 61
4 92
4 48
55 87
43 55
6 55
55 61
55 88
55 81
24 55
14 55
55 63
33 55
17 43
43 83
25 43
6 43
43 60
30 61
30 92
6 25
25 48
25 98
25 60
25 81
24 25
25 63
25 33
14 25
46 88
33 46
46 63
46 81
46 59
14 46
46 92
24 46
73 85
85 98
24 85
82 85
7 33
7 39
7 81
7 14
7 60
7 83
7 98
7 59
7 82
7 87
39 82
39 73
39 42
39 61
39 59
39 63
39 83
39 98
6 39
39 81
6 87
6 92
6 59
6 88
6 33
6 98
6 61
6 63
94 99
63 99
98 99
87 99
81 99
92 99
0 99
24 99
60 99
87 94
24 94
48 94
92 94
60 94
14 94
0 94
61 94
17 94
0 16
16 61
16 32
16 17
16 87
16 83
16 82
16 42
10 73
10 98
10 17
10 88
10 87
10 14
10 74
74 93
63 74
48 74
74 82
74 83
24 74
14 74
74 98
74 87
74 92
61 74
74 88
32 48
48 58
48 82
48 73
42 48
48 92
48 59
48 81
48 83
48 60
14 48
24 48
22 81
22 63
0 22
22 61
22 24
22 93
22 82
22 32
61 73
42 61
61 92
61 83
17 61
24 61
33 61
61 88
21 33
21 98
21 32
21 92
17 21
21 60
0 21
21 58
21 24
21 42
93 98
73 98
0 98
92 98
60 98
81 98
63 98
14 98
17 98
28 87
28 36
28 82
14 28
28 80
28 59
28 32
28 42
28 60
28 73
36 87
45 87
73 87
33 87
63 87
14 87
59 87
87 88
0 62
32 62
45 62
60 62
24 62
62 83
62 88
62 73
62 63
58 62
42 62
37 58
45 58
58 93
32 58
58 59
58 60
17 58
14 58
58 83
58 88
58 63
0 58
58 81
42 58
75 92
75 81
75 83
19 75
33 75
75 82
60 75
75 93
14 75
19 92
37 92
36 92
92 93
73 92
17 92
60 92
83 92
33 92
59 92
70 81
14 70
0 70
35 70
45 70
24 70
42 70
17 70
19 70
33 70
70 83
59 70
35 45
37 45
45 80
45 59
14 45
45 82
45 63
45 88
45 81
45 73
24 37
37 83
17 37
37 63
37 93
37 88
37 81
33 37
0 37
34 73
34 63
34 93
32 34
34 36
34 80
34 82
34 88
35 36
19 36
24 36
36 93
36 88
36 80
36 42
33 36
36 59
36 60
0 36
14 36
32 36
12 60
12 88
11 12
0 12
12 73
12 17
12 63
12 32
11 82
11 19
11 35
11 81
11 33
11 80
11 14
19 82
80 82
17 82
82 88
0 82
42 82
73 82
33 82
63 82
47 84
47 63
42 47
47 59
24 47
19 47
15 47
33 47
8 84
81 84
84 93
65 84
63 84
35 84
73 84
60 84
84 88
42 84
15 84
59 84
19 84
49 65
65 81
65 97
33 65
32 65
65 93
59 65
65 88
65 73
17 65
65 83
56 65
56 81
56 80
14 56
33 56
35 56
56 97
56 60
56 93
42 56
32 56
19 56
49 78
33 78
78 80
14 78
19 78
17 78
78 97
15 78
14 49
14 97
14 19
14 93
14 42
0 14
14 59
14 63
14 60
14 83
8 97
8 35
8 80
8 17
8 42
8 59
8 32
8 24
8 83
93 97
27 93
19 93
59 93
33 93
24 93
73 93
88 93
60 93
81 93
5 35
5 42
5 97
5 17
5 59
5 83
5 49
5 32
17 49
17 97
17 35
17 19
17 80
17 32
17 73
17 42
17 59
17 24
17 60
17 33
24 76
76 80
49 76
20 76
15 53
20 53
2 53
24 53
53 63
53 80
2 20
2 81
2 60
2 73
2 88
2 42
2 59
2 19
2 24
2 83
2 49
2 15
2 63
2 33
49 83
83 97
80 83
73 83
42 83
0 83
83 88
81 83
60 83
63 83
3 80
3 15
3 33
3 63
3 20
33 68
20 33
15 33
19 33
32 33
33 42
33 81
24 33
33 60
19 68
49 68
64 68
32 68
64 81
64 73
60 64
64 88
59 64
42 64
19 64
63 64
35 64
64 97
15 64
32 64
49 86
32 86
19 86
49 81
49 73
35 49
49 60
49 63
49 80
24 49
49 88
15 54
54 80
32 54
54 90
23 81
23 29
23 73
23 88
23 60
23 59
23 42
23 97
23 35
23 63
23 91
20 23
23 90
15 23
19 23
23 32
19 29
19 27
19 81
19 80
19 59
44 90
29 90
81 90
88 90
73 90
60 90
42 90
59 90
90 97
35 90
63 90
20 90
15 90
24 90
15 24
24 97
24 27
24 35
24 73
24 59
24 88
69 80
15 69
32 69
32 91
20 32
27 32
32 35
32 73
32 42
32 59
0 32
32 81
15 66
29 80
80 91
20 80
80 97
35 80
80 81
73 80
63 80
40 63
29 63
63 91
15 63
63 97
35 63
0 63
59 63
63 81
77 91
15 77
38 91
40 91
29 91
81 91
88 91
73 91
60 91
42 91
59 91
35 91
91 97
20 91
18 20
20 38
20 40
20 29
20 81
20 60
20 73
20 88
20 42
20 59
9 15
38 81
38 73
38 60
38 88
38 40
29 38
38 59
38 42
35 38
38 97
1 35
1 15
40 97
29 97
81 97
88 97
59 97
15 72
35 40
29 35
27 35
35 42
35 88
0 35
35 73
35 59
15 96
40 59
29 59
27 59
42 59
0 59
59 88
15 79
40 42
29 42
15 42
27 42
42 60
42 88
13 15
40 81
40 88
29 40
40 73
40 60
29 51
51 88
51 73
15 51
29 73
27 73
0 73
29 71
60 71
15 71
29 88
0 88
60 88
26 29
26 60
15 26
29 60
27 60
29 89
15 89
29 81
15 67
15 81
27 81
0 81
15 41
15 27
0 27
