100 1485
65 77
16 65
16 77
27 77
16 27
65 75
75 77
27 75
16 31
31 75
57 65
57 77
27 57
31 57
77 99
16 99
75 99
57 99
65 97
77 97
27 97
31 97
97 99
16 85
75 85
57 85
85 97
39 65
39 77
27 39
31 39
39 99
39 85
16 53
53 75
53 57
39 53
53 97
42 65
42 77
27 42
31 42
42 99
42 85
42 53
16 78
75 78
57 78
78 97
65 88
77 88
27 88
31 88
88 99
85 88
53 88
78 88
16 55
55 75
55 57
55 97
42 55
55 88
39 55
22 65
22 77
22 27
22 31
22 99
22 85
22 53
22 78
22 55
77 93
55 93
16 93
75 93
57 93
93 97
39 93
88 93
42 93
65 74
74 77
27 74
31 74
74 99
74 85
53 74
74 93
36 65
36 77
27 36
36 99
36 53
36 55
16 36
36 75
36 57
36 88
36 97
36 42
36 39
9 65
9 77
9 27
9 31
9 99
9 85
9 53
9 78
9 55
9 36
17 65
17 77
17 27
17 31
17 99
17 85
17 53
17 78
17 55
17 93
17 36
16 17
17 75
17 57
9 17
3 17
16 69
69 75
57 69
77 95
69 95
15 16
15 75
65 82
77 82
27 82
82 85
78 82
55 82
33 77
31 33
33 53
33 93
16 33
33 75
33 57
33 88
33 42
33 39
33 97
33 71
64 77
55 64
33 64
16 64
64 75
57 64
35 65
35 77
27 35
31 35
35 99
35 85
35 53
35 93
35 36
35 64
15 35
1 77
1 69
46 77
46 93
17 46
46 64
16 46
46 75
46 57
77 90
64 90
46 90
16 68
68 75
46 86
68 86
49 65
49 77
27 49
31 49
49 99
49 85
49 53
49 55
33 49
49 64
46 49
16 49
49 75
11 65
11 77
11 27
11 85
11 78
11 93
11 36
11 17
11 49
11 79
26 77
26 99
26 53
26 36
26 33
26 69
26 46
15 26
16 70
70 75
28 49
28 68
28 70
28 97
16 56
67 77
55 67
33 67
67 69
46 67
1 67
67 70
67 75
56 67
14 49
14 15
14 26
14 75
14 28
14 16
37 77
37 55
33 37
17 37
37 49
37 68
37 79
48 77
48 69
46 48
1 48
26 48
16 48
65 73
73 77
27 73
31 73
73 99
73 85
53 73
73 93
33 73
64 73
15 73
1 73
70 73
48 73
7 49
1 7
7 70
7 97
77 91
91 93
17 91
64 91
49 91
1 91
70 91
75 91
16 91
30 65
30 77
27 30
30 99
30 55
30 36
30 33
17 30
30 46
30 68
30 79
30 91
30 56
61 79
48 61
61 91
14 61
16 61
46 58
58 68
58 79
58 97
58 91
58 61
5 36
5 64
5 15
5 68
5 75
5 48
5 28
5 7
5 16
13 77
13 69
13 46
1 13
13 26
13 75
13 91
5 13
6 77
6 55
6 33
6 17
6 49
6 68
6 26
6 91
6 28
6 14
6 47
6 35
25 77
25 55
25 36
25 69
25 49
1 25
25 75
25 97
25 91
7 25
65 66
66 77
27 66
31 66
66 99
66 85
53 66
66 93
33 66
64 66
15 66
1 66
26 66
48 66
56 66
14 66
10 16
0 10
43 65
43 77
27 43
31 43
43 85
43 93
36 43
17 43
43 49
1 43
26 43
43 97
43 91
14 43
10 43
25 43
0 43
43 86
19 77
19 64
19 49
1 19
19 79
19 48
19 91
19 61
19 66
19 25
12 65
12 77
12 27
12 85
12 53
12 55
12 33
12 17
12 49
1 12
12 75
12 97
12 56
12 61
5 12
12 35
28 96
5 96
47 96
66 96
12 96
86 96
74 96
3 96
41 77
31 41
41 53
41 93
36 41
41 69
41 46
1 41
41 70
41 75
28 41
7 41
41 66
22 41
25 41
62 77
31 62
62 78
36 62
33 62
62 64
46 62
62 79
26 62
62 97
62 91
61 62
47 62
22 62
0 62
37 62
5 45
35 45
45 86
45 62
6 45
15 60
60 68
26 60
60 97
28 60
14 60
47 60
35 60
0 60
40 66
25 40
0 40
38 77
36 38
33 38
17 38
15 38
38 68
38 79
38 48
38 91
7 38
5 38
35 38
38 86
38 62
38 90
59 77
17 59
59 69
1 59
59 70
48 59
56 59
59 61
47 59
59 66
12 59
38 59
19 59
3 59
29 65
29 77
27 29
29 31
29 99
29 85
29 78
29 93
29 33
29 64
29 49
15 29
29 79
29 75
28 29
7 29
5 29
22 29
12 29
29 38
29 40
29 60
32 65
32 77
27 32
32 99
32 78
32 36
32 33
32 69
15 32
32 68
26 32
32 75
32 91
7 32
5 32
32 35
12 32
32 40
32 74
32 60
29 32
32 41
70 83
83 97
56 83
7 83
5 83
35 83
12 83
38 83
19 83
60 83
29 83
65 76
76 77
27 76
31 76
76 99
76 85
53 76
76 78
55 76
76 93
33 76
64 76
46 76
1 76
26 76
48 76
76 91
61 76
47 76
25 76
12 76
76 86
6 76
37 76
6 84
24 77
24 69
24 49
24 68
24 70
24 75
24 91
14 24
24 47
22 24
0 24
24 62
6 24
74 92
24 92
41 92
45 92
41 98
76 98
6 52
3 52
52 84
52 98
51 77
27 51
31 51
51 99
51 53
51 93
17 51
51 64
51 69
15 51
51 70
48 51
51 91
7 51
10 51
22 51
12 51
38 51
51 74
3 51
29 51
77 80
80 85
78 80
80 93
17 80
64 80
46 80
15 80
70 80
75 80
80 91
14 80
5 80
66 80
80 86
62 80
74 80
60 80
41 80
51 80
80 88
80 96
67 80
65 81
77 81
27 81
31 81
81 99
81 85
53 81
78 81
55 81
81 93
36 81
17 81
46 81
68 81
75 81
48 81
56 81
7 81
47 81
22 81
12 81
38 81
6 81
19 81
37 81
80 81
81 98
20 69
20 68
20 75
20 48
20 28
14 20
10 20
20 35
12 20
20 40
19 20
20 24
20 29
20 41
20 98
20 32
20 71
20 59
20 73
23 77
23 99
23 78
23 93
23 36
23 64
23 49
23 79
23 26
23 97
23 28
14 23
5 23
23 35
23 86
23 38
19 23
23 60
23 37
23 76
8 75
8 48
8 91
7 8
8 66
8 22
0 8
8 38
8 19
3 8
8 84
8 76
8 51
8 71
8 59
8 95
8 23
8 11
8 96
77 94
85 94
53 94
55 94
36 94
64 94
46 94
79 94
26 94
94 97
56 94
14 94
10 94
35 94
86 94
62 94
6 94
3 94
37 94
76 94
8 94
4 46
4 68
4 70
4 75
4 7
4 14
4 5
4 25
4 86
4 40
4 6
4 24
4 29
4 98
4 51
4 20
34 65
34 77
27 34
31 34
34 99
34 85
34 78
34 93
34 36
17 34
34 46
15 34
26 34
34 75
34 56
14 34
10 34
34 35
34 86
34 40
19 34
34 37
34 41
34 45
34 51
4 34
34 67
50 56
50 61
10 50
22 50
0 50
38 50
6 50
24 50
37 50
50 76
50 83
50 59
50 67
50 71
2 65
2 77
2 27
2 85
2 53
2 93
2 33
2 17
2 69
2 68
2 79
2 75
2 28
2 14
2 10
2 35
2 12
2 40
2 19
2 60
2 29
2 80
2 98
2 83
2 52
2 50
2 9
54 79
54 75
7 54
14 54
47 54
22 54
0 54
40 54
54 74
37 54
29 54
45 54
54 98
54 59
54 88
54 67
44 65
44 77
27 44
31 44
44 78
44 93
36 44
17 44
44 46
44 68
44 79
44 48
44 91
44 61
10 44
25 44
12 44
44 62
44 74
44 60
44 84
44 80
44 51
44 59
44 88
44 67
44 58
16 44
44 71
30 44
44 54
72 79
72 97
72 91
14 72
47 72
22 72
12 72
38 72
40 72
60 72
29 72
72 80
72 98
72 83
72 96
32 72
9 72
44 72
43 72
72 73
72 92
72 94
13 72
71 72
34 44
44 90
42 54
11 54
54 82
54 81
54 57
2 54
30 54
2 30
2 13
2 94
2 42
2 43
21 28
5 21
21 66
21 25
0 21
21 62
19 21
21 24
21 37
21 45
21 51
21 59
21 96
21 32
9 21
21 57
2 21
21 34
21 42
21 90
65 89
77 89
27 89
89 99
53 89
55 89
33 89
64 89
46 89
68 89
75 89
89 97
56 89
61 89
10 89
66 89
86 89
62 89
74 89
3 89
37 89
41 89
83 89
20 89
88 89
50 89
74 87
24 87
29 87
76 87
87 98
4 87
52 87
11 87
18 77
18 27
18 31
18 99
18 78
18 36
18 33
18 69
18 46
1 18
18 79
18 97
18 56
18 61
5 18
18 35
18 25
18 40
6 18
3 18
18 84
18 80
8 18
18 83
18 96
18 87
9 18
18 95
18 71
16 18
18 58
18 39
18 89
11 18
30 87
39 87
81 87
57 87
87 90
43 87
87 89
82 89
43 89
81 89
21 89
58 89
73 89
11 21
50 95
63 77
55 63
36 63
63 64
49 63
63 68
26 63
63 97
56 63
14 63
47 63
63 66
12 63
38 63
19 63
60 63
37 63
63 80
63 98
59 63
63 96
50 63
23 63
57 63
43 63
34 63
63 81
13 63
30 63
63 73
23 50
34 50
50 92
50 57
23 34
34 95
16 34
34 42
30 34
4 92
4 67
4 30
4 9
4 42
4 13
4 90
4 94
88 94
67 94
23 94
94 95
42 94
39 94
73 94
30 94
8 82
8 16
8 42
20 23
23 88
23 73
11 23
23 82
23 42
13 23
20 82
20 43
20 81
20 39
81 96
9 81
81 95
16 81
58 81
11 81
45 80
80 82
59 80
51 58
51 73
51 57
43 51
9 51
51 90
51 52
52 59
52 96
30 52
39 52
52 73
52 90
43 52
52 57
11 52
92 98
88 98
30 98
92 96
9 92
82 92
43 92
30 92
13 92
90 92
42 92
24 30
24 82
9 24
24 57
3 24
24 90
24 37
16 24
24 84
84 88
45 84
58 84
76 84
30 84
13 84
67 84
11 84
71 84
39 84
41 76
42 76
16 76
76 95
76 83
9 76
43 76
39 83
13 83
67 83
32 83
83 95
83 88
57 83
32 67
9 32
32 73
13 32
32 42
16 32
32 90
32 58
16 29
29 43
29 57
29 59
29 90
58 59
16 59
59 96
11 59
38 40
30 38
38 67
38 42
16 38
13 40
19 40
3 40
40 60
6 40
16 40
40 58
6 60
45 60
39 60
41 60
60 71
58 60
13 60
11 45
45 73
13 45
45 90
39 45
45 58
30 45
45 71
57 62
62 95
62 71
39 62
58 62
41 62
9 62
62 88
41 74
37 41
41 42
41 73
41 95
41 96
41 57
16 96
67 96
9 96
12 19
12 58
0 12
12 16
12 90
19 39
11 19
19 43
13 19
19 37
9 19
3 43
43 67
43 57
11 43
10 39
10 74
10 66
10 95
10 42
10 35
9 10
10 90
10 22
11 66
25 66
3 66
66 73
66 86
66 67
39 66
16 66
66 90
22 25
3 25
25 74
25 88
6 25
25 67
11 25
13 25
25 95
25 42
6 42
6 82
6 73
6 71
6 95
47 67
47 71
47 88
47 82
16 47
13 47
37 47
13 22
13 88
13 57
13 39
13 73
5 73
3 5
5 88
5 57
5 58
5 30
22 58
58 67
57 58
16 58
39 58
58 71
22 61
9 61
61 71
0 61
61 90
39 61
30 61
61 95
61 86
30 35
0 30
30 74
11 30
91 95
88 91
7 91
7 16
7 73
7 88
7 74
7 86
7 11
7 82
7 57
7 42
35 73
0 73
73 86
3 73
73 82
73 95
3 48
22 48
48 74
39 48
48 90
11 48
35 48
42 48
37 48
37 56
14 37
35 37
0 37
37 67
9 37
37 82
14 67
14 74
14 35
67 74
67 82
56 57
56 71
3 56
39 56
28 56
16 28
11 28
0 28
9 28
28 90
28 95
28 35
28 42
22 28
28 82
26 70
0 70
70 74
70 95
16 26
11 26
26 39
26 35
26 75
9 26
26 88
22 26
3 26
11 22
11 86
3 11
11 90
49 79
0 49
22 49
49 74
49 71
42 49
9 49
49 88
15 79
16 79
75 79
79 86
71 79
57 79
79 97
79 90
79 82
86 97
22 86
39 86
86 88
57 86
82 86
74 86
68 90
57 68
74 90
90 95
16 90
71 90
39 46
1 46
3 46
1 16
1 75
1 71
0 1
1 35
1 95
1 82
1 42
1 9
1 3
35 42
35 82
9 35
64 82
64 71
64 97
64 88
42 64
39 64
71 97
22 71
0 71
71 88
57 71
42 71
39 71
33 82
22 33
15 82
82 97
0 82
82 88
39 82
16 82
82 95
15 57
15 95
15 97
15 39
15 74
15 22
15 88
22 95
3 95
88 95
9 95
9 69
3 69
22 69
69 97
0 3
3 74
3 42
3 88
17 42
17 88
17 39
17 97
0 17
17 74
9 97
0 9
9 39
36 74
0 74
57 74
74 88
22 93
0 22
22 57
42 88
39 78
42 78
42 75
16 39
75 97
16 97
57 97
0 97
16 75
0 77
