100 1485
9 10
4 10
9 46
4 46
4 53
10 53
9 16
4 16
16 53
10 25
16 25
25 46
9 89
4 89
53 89
25 89
10 88
16 88
46 88
5 9
4 5
5 53
5 25
5 88
5 44
10 49
16 49
46 49
9 11
4 11
11 53
11 25
11 88
11 44
11 49
10 92
16 92
46 92
5 92
9 75
4 75
53 75
25 75
75 88
44 75
49 75
75 92
9 36
4 36
36 53
25 36
36 88
36 44
36 49
10 36
16 36
36 46
36 89
5 36
11 36
36 75
9 30
4 30
30 53
25 30
30 88
30 44
30 49
30 92
30 36
10 13
13 16
13 46
13 89
13 75
5 13
11 13
9 63
4 63
53 63
25 63
63 88
44 63
49 63
63 92
36 63
13 63
9 27
4 27
27 53
25 27
27 44
27 36
10 69
46 69
16 69
69 89
69 75
11 69
5 69
33 44
33 92
33 69
53 77
25 77
49 77
77 92
27 77
10 77
46 77
16 77
11 77
77 89
5 77
75 77
69 80
77 80
46 80
10 47
16 47
46 61
47 61
61 89
5 61
10 21
9 85
4 85
53 85
25 85
85 88
44 85
49 85
85 92
36 85
13 85
27 85
77 85
46 85
9 79
4 79
53 79
25 79
79 88
44 79
49 79
36 79
69 79
77 79
46 79
10 79
16 79
28 69
44 55
55 92
27 55
10 55
16 55
46 55
11 55
44 51
51 92
51 69
51 55
49 71
71 92
27 71
71 77
10 71
46 71
16 71
30 71
31 44
31 36
27 31
31 77
31 71
31 47
10 84
16 84
53 59
25 59
49 59
36 59
59 69
59 77
59 71
46 59
59 84
5 59
23 53
23 88
23 44
23 36
23 27
23 77
23 46
23 79
23 84
9 90
4 90
53 90
25 90
88 90
44 90
49 90
90 92
69 90
77 90
71 90
79 90
84 90
5 90
10 90
12 13
12 55
12 71
12 46
12 89
12 90
12 23
13 50
50 77
50 71
47 50
50 79
50 90
10 93
14 84
14 93
14 23
14 50
14 51
62 85
0 62
9 35
4 35
35 53
25 35
35 88
35 44
35 49
35 92
27 35
35 55
35 71
35 47
35 84
35 90
21 35
9 58
4 58
53 58
25 58
44 58
58 92
27 58
55 58
58 71
46 58
58 89
58 90
58 93
19 21
57 89
57 90
57 93
19 57
34 93
34 58
24 53
24 88
24 44
24 36
24 69
24 77
24 46
24 79
24 84
5 24
21 24
24 58
24 34
53 95
25 95
88 95
36 95
69 95
55 95
71 95
46 95
84 95
5 95
21 95
23 95
24 95
38 55
38 46
38 79
5 38
21 38
19 38
34 38
38 62
69 99
77 99
71 99
47 99
79 99
5 99
93 99
50 99
34 99
38 99
6 53
6 25
6 44
6 36
6 27
6 55
6 71
6 79
6 84
5 6
6 93
6 58
6 50
6 38
88 91
36 91
69 91
77 91
55 91
79 91
89 91
5 91
23 91
19 91
51 91
24 91
6 91
86 93
58 86
51 86
62 86
0 86
2 89
2 90
2 21
2 58
2 51
2 62
0 2
2 61
29 53
25 29
29 44
29 36
13 29
27 29
29 46
29 47
29 84
5 29
29 93
29 58
29 50
29 38
17 34
17 24
70 89
70 90
21 70
23 70
34 70
24 70
17 70
22 33
12 22
22 85
22 70
0 41
22 41
41 75
0 81
81 86
8 93
8 58
8 51
8 38
0 8
8 22
87 89
87 90
21 87
19 87
51 87
24 87
17 87
2 87
8 87
81 87
23 68
19 68
34 68
38 68
6 68
2 68
14 68
68 81
53 56
25 56
44 56
36 56
56 69
55 56
56 71
46 56
56 84
5 56
21 56
56 58
50 56
24 56
17 56
2 56
71 97
47 97
79 97
90 97
23 97
19 97
34 97
62 97
17 97
2 97
14 97
9 66
4 66
53 66
66 88
44 66
66 92
27 66
55 66
66 71
47 66
66 79
66 89
23 66
19 66
34 66
38 66
17 66
66 75
66 97
12 66
66 68
28 66
21 40
19 40
40 50
40 62
6 40
40 86
14 40
40 97
40 63
27 94
55 94
71 94
46 94
84 94
90 94
93 94
50 94
51 94
38 94
6 94
22 94
8 94
12 94
63 94
28 94
26 53
25 26
26 44
26 36
26 27
26 55
26 46
26 47
26 79
26 90
21 26
23 26
26 51
26 38
6 26
26 75
26 97
11 26
23 39
39 58
39 51
38 39
17 39
39 75
39 97
39 81
39 70
26 39
28 39
4 18
18 53
18 25
18 88
18 44
18 36
18 69
18 27
18 71
18 79
18 84
18 90
18 21
18 19
18 34
18 24
0 18
18 86
14 18
18 97
18 70
18 39
18 85
18 99
18 91
64 69
64 77
55 64
46 64
64 84
5 64
21 64
19 64
50 64
38 64
0 64
22 64
64 75
64 97
64 68
39 64
40 64
18 64
6 96
86 96
96 97
11 96
68 96
28 96
9 73
4 73
53 73
25 73
73 88
44 73
49 73
73 92
36 73
13 73
27 73
73 77
71 73
47 73
73 79
5 73
21 73
58 73
50 73
24 73
0 73
73 86
73 75
11 73
68 73
73 94
20 46
20 47
20 84
20 89
20 93
19 20
20 50
20 38
17 20
20 22
14 20
11 20
20 70
20 33
20 73
15 79
15 93
15 21
15 50
15 34
15 38
0 15
2 15
15 75
12 15
15 81
15 39
15 85
6 7
2 7
7 8
7 97
7 68
7 28
7 40
7 15
7 96
7 16
7 26
7 80
7 30
7 10
9 54
4 54
53 54
25 54
54 88
44 54
49 54
36 54
27 54
54 77
46 54
47 54
54 89
54 90
21 54
23 54
34 54
54 62
0 54
2 54
54 75
11 54
54 70
33 54
54 94
18 54
54 96
16 54
26 54
7 54
51 65
24 65
0 65
2 65
8 65
65 81
65 70
28 65
65 85
15 65
65 96
20 65
37 75
37 97
37 68
33 37
37 85
15 37
37 96
37 91
35 37
10 37
37 65
34 52
24 52
0 52
52 86
8 52
52 81
52 70
33 52
52 73
32 53
25 32
32 44
32 36
27 32
32 77
32 55
32 46
32 84
5 32
23 32
19 32
32 51
32 62
6 32
22 32
8 32
11 32
32 63
28 32
32 40
31 32
32 61
48 79
48 89
23 48
48 58
48 51
24 48
17 48
2 48
48 97
48 81
48 70
28 48
48 94
32 48
17 67
67 86
67 75
11 67
67 70
67 94
67 85
18 67
35 67
41 67
6 78
2 78
14 78
11 78
63 78
78 94
73 78
18 78
67 78
50 74
24 74
6 74
74 86
74 75
11 74
74 81
39 74
40 74
74 85
74 96
74 99
1 9
1 4
1 53
1 25
1 88
1 44
1 49
1 36
1 69
1 55
1 71
1 47
1 89
1 90
1 93
1 58
1 34
1 62
1 17
1 2
1 14
1 97
1 81
1 94
1 73
1 15
1 74
1 91
1 64
1 80
1 48
69 83
77 83
71 83
46 83
83 89
83 90
21 83
19 83
34 83
38 83
0 83
83 86
8 83
81 83
63 83
33 83
40 83
18 83
41 83
83 91
64 83
80 83
61 83
72 81
33 72
72 94
32 72
72 96
20 72
37 72
65 72
48 72
72 83
72 95
29 72
56 72
57 72
3 79
3 90
3 93
3 50
3 24
3 38
3 17
3 86
3 14
3 12
3 68
3 39
3 73
3 32
3 41
3 74
3 37
3 80
9 60
4 60
53 60
25 60
60 88
44 60
49 60
60 92
36 60
13 60
27 60
55 60
46 60
60 79
60 84
60 90
21 60
58 60
34 60
24 60
6 60
0 60
14 60
60 81
60 63
39 60
60 73
32 60
41 60
20 60
60 91
45 53
45 88
44 45
36 45
13 45
45 77
45 55
45 47
45 89
45 90
45 93
45 58
45 50
45 62
6 45
45 86
14 45
12 45
45 70
33 45
45 85
18 45
41 45
45 74
45 64
45 80
45 87
43 88
43 92
43 69
43 77
43 55
43 46
43 79
5 43
43 93
19 43
43 51
38 43
17 43
43 86
14 43
12 43
43 63
39 43
43 94
15 43
43 67
43 91
43 64
43 45
43 61
35 43
43 95
43 54
43 78
43 59
43 99
31 43
45 59
45 65
45 48
45 66
45 60
45 78
60 61
69 76
76 77
46 76
47 76
76 89
76 90
23 76
19 76
50 76
24 76
6 76
2 76
14 76
12 76
63 76
28 76
40 76
18 76
41 76
16 76
64 76
7 76
60 76
1 76
10 76
52 76
76 99
76 87
53 98
88 98
49 98
36 98
27 98
77 98
46 98
47 98
89 98
5 98
23 98
58 98
50 98
24 98
0 98
86 98
8 98
12 98
63 98
33 98
73 98
15 98
41 98
20 98
37 98
26 98
48 98
60 98
42 70
33 42
42 85
15 42
42 67
16 42
37 42
26 42
42 61
42 83
63 82
28 82
82 94
18 82
67 82
20 82
26 82
7 82
65 82
82 83
42 82
54 82
56 82
57 82
82 98
78 82
29 42
42 99
42 66
42 56
42 98
29 98
59 98
76 98
30 98
66 76
31 60
3 60
60 99
59 60
57 60
3 35
3 95
3 52
3 59
3 66
3 72
3 87
30 72
29 83
83 87
78 83
1 83
1 52
1 10
1 30
1 57
1 59
16 74
26 74
74 80
74 91
61 74
35 74
74 78
64 78
48 78
10 78
29 78
57 78
31 78
66 67
61 67
67 80
67 95
52 67
48 67
20 48
26 48
48 99
48 56
48 87
30 48
32 52
32 80
32 56
32 59
32 96
32 66
26 32
52 91
37 52
52 80
52 65
10 52
52 56
52 59
31 52
37 87
37 95
56 65
29 65
65 95
54 65
35 65
35 54
10 54
30 54
54 87
54 99
7 99
7 29
7 95
15 95
15 16
15 30
10 15
15 87
15 20
20 96
20 26
10 20
20 59
20 66
20 29
41 73
73 85
73 91
73 96
56 73
59 73
73 95
30 96
31 96
91 96
59 96
64 96
16 64
64 80
57 64
31 64
30 64
18 35
18 29
18 57
29 39
39 85
35 39
39 99
33 39
39 87
26 94
26 40
26 59
26 66
26 99
26 61
59 94
40 94
30 94
35 94
40 80
40 66
40 57
16 40
10 40
40 61
30 40
61 66
35 66
29 66
56 66
30 66
57 97
56 97
11 97
81 97
35 97
59 97
11 56
56 68
28 56
41 56
16 56
56 91
35 56
31 56
68 80
68 95
68 99
61 68
68 91
41 68
30 68
68 87
85 87
41 87
16 87
87 95
87 99
31 87
8 10
8 30
8 70
8 35
8 14
8 12
8 28
8 80
8 85
8 81
41 81
30 81
16 81
70 81
33 41
41 85
29 41
10 41
41 57
22 95
22 80
16 22
22 35
22 75
22 59
11 70
31 70
33 70
63 70
70 85
28 70
16 17
17 28
17 85
17 29
17 80
11 17
17 33
17 63
2 29
29 75
12 29
29 63
29 85
29 91
29 57
2 86
2 30
2 28
2 31
2 99
86 91
57 86
63 86
11 86
10 86
75 91
11 91
33 91
91 95
61 91
6 99
6 95
6 30
6 61
6 75
6 31
6 14
14 99
12 99
85 99
16 99
57 99
38 59
38 75
38 80
38 95
38 61
14 95
12 95
33 95
35 95
10 95
31 95
24 63
24 31
16 24
12 24
24 30
34 35
34 57
34 51
12 34
33 34
31 34
34 85
57 62
0 57
11 57
57 63
28 57
16 57
57 80
57 61
0 19
19 63
10 19
19 58
19 80
11 19
19 59
19 31
33 58
50 58
35 58
58 75
58 61
28 58
58 85
35 62
0 35
35 63
35 80
31 35
14 62
11 62
33 62
28 62
10 62
14 75
11 14
14 16
14 63
0 93
11 93
16 93
30 93
63 93
50 93
51 93
50 51
12 50
16 50
50 80
30 50
50 59
0 12
12 16
12 63
10 12
12 80
12 85
12 28
0 90
23 90
16 90
80 90
21 23
23 28
23 31
23 80
23 33
23 59
23 75
10 23
23 30
0 59
59 75
59 63
59 61
30 59
28 84
31 84
84 85
80 84
75 84
30 84
5 31
31 75
11 31
28 31
31 85
16 31
31 80
33 71
51 71
11 71
63 71
71 89
28 71
46 51
51 89
5 51
11 51
16 51
51 75
51 63
10 51
0 51
28 51
51 61
30 55
55 75
55 63
0 55
28 55
55 89
5 55
28 79
5 28
16 28
28 80
79 85
0 79
75 79
11 79
33 79
79 89
5 85
21 85
21 61
61 75
11 61
33 61
10 61
47 63
47 80
33 47
30 47
5 47
11 47
33 77
33 89
33 75
11 33
10 33
27 69
10 27
27 46
16 27
5 27
11 27
27 89
27 75
27 63
27 30
0 27
63 89
5 63
10 63
13 30
5 30
16 30
10 30
0 36
46 75
75 89
11 92
89 92
5 11
49 89
5 49
5 46
5 89
5 10
5 16
88 89
44 88
44 89
46 89
10 89
16 89
0 89
25 44
16 44
16 46
46 53
44 53
44 46
10 46
0 46
4 44
10 44
0 10
9 44
0 44
