100 1980
4 99
4 82
85 99
82 85
92 99
82 92
4 92
77 99
77 82
77 92
4 20
20 85
20 77
74 99
74 82
74 92
20 74
49 82
49 92
20 49
4 49
49 77
49 85
49 74
0 49
54 99
54 82
54 92
20 54
49 54
4 54
54 77
54 85
54 74
0 54
86 99
82 86
86 92
20 86
49 86
54 86
0 86
74 86
4 57
57 77
57 85
57 86
3 99
3 82
3 92
3 20
3 49
3 54
0 3
3 74
3 57
13 99
13 82
13 92
13 20
13 49
13 54
0 13
13 74
4 13
13 77
13 85
13 86
3 13
39 99
39 82
39 92
20 39
39 49
39 54
0 39
39 74
39 57
13 39
21 82
21 92
20 21
21 49
21 54
0 21
21 74
21 57
13 21
4 21
21 77
21 85
21 86
3 21
21 39
89 99
82 89
89 92
20 89
49 89
54 89
0 89
74 89
57 89
13 89
21 89
45 99
45 82
45 92
20 45
45 49
45 54
0 45
45 74
45 57
13 45
21 45
4 45
45 77
45 85
45 86
3 45
44 99
44 82
44 92
20 44
44 49
44 54
0 44
44 74
44 57
13 44
21 44
44 45
3 44
8 92
8 49
8 54
0 8
8 13
8 21
4 8
8 85
8 77
8 86
62 99
62 82
62 92
20 62
49 62
54 62
0 62
62 74
57 62
13 62
21 62
45 62
3 62
8 62
4 23
23 85
23 77
23 86
23 62
71 99
71 82
71 92
20 71
49 71
54 71
0 71
71 74
57 71
13 71
21 71
45 71
3 71
8 71
23 71
9 82
9 92
9 49
9 54
0 9
9 74
9 13
9 21
8 9
9 23
4 9
9 85
9 77
9 86
76 99
76 82
76 92
20 76
49 76
54 76
0 76
74 76
57 76
13 76
21 76
45 76
3 76
8 76
23 76
9 76
6 57
6 13
6 23
4 6
6 77
6 85
6 86
6 76
6 39
6 71
6 62
67 99
67 82
67 92
20 67
49 67
54 67
0 67
67 74
57 67
13 67
21 67
45 67
3 67
8 67
23 67
9 67
6 67
92 97
49 97
54 97
0 97
74 97
21 97
3 97
4 97
77 97
85 97
86 97
70 82
49 70
54 70
0 70
70 74
21 70
8 70
70 97
4 47
47 77
47 85
47 86
47 95
77 95
54 59
0 59
59 74
21 59
3 59
6 59
47 59
4 59
59 85
59 77
59 86
90 92
49 90
54 90
0 90
74 90
13 90
3 90
6 90
59 90
8 65
9 65
65 97
4 65
65 85
65 77
65 86
22 59
22 65
22 48
19 74
19 21
3 19
9 19
19 47
19 77
4 19
19 85
19 86
3 68
6 68
59 68
68 77
19 68
4 79
79 85
38 48
38 79
5 82
5 92
5 20
5 54
0 5
5 74
5 57
5 45
5 8
5 9
5 47
5 77
5 19
5 79
4 5
5 38
63 99
63 82
63 92
20 63
49 63
54 63
0 63
63 74
57 63
45 63
23 63
6 63
63 97
63 77
48 63
50 57
45 50
8 50
9 50
50 97
50 77
19 50
50 79
4 50
50 62
13 29
21 29
29 45
6 29
29 59
29 65
19 29
29 50
75 92
54 75
0 75
74 75
13 75
45 75
8 75
9 75
47 75
75 77
11 13
11 21
8 11
11 23
11 59
11 77
11 19
4 11
11 85
82 98
92 98
20 98
49 98
54 98
0 98
74 98
21 98
8 98
9 98
59 98
48 98
11 98
80 98
4 94
73 99
73 82
73 92
20 73
49 73
54 73
0 73
73 74
57 73
13 73
21 73
45 73
3 73
8 73
23 73
6 73
73 97
65 73
11 73
73 79
73 94
73 75
3 28
9 28
28 59
28 77
19 28
28 79
28 94
28 73
2 47
2 77
2 11
2 80
2 5
57 72
13 72
45 72
9 72
72 97
72 77
11 72
72 80
50 72
63 72
71 72
72 89
67 72
46 74
45 46
8 46
6 46
46 59
46 65
11 46
46 50
5 46
46 72
61 99
61 82
61 92
20 61
49 61
54 61
0 61
61 74
57 61
21 61
3 61
6 61
59 61
61 65
48 61
61 80
5 61
61 73
25 92
25 54
0 25
25 74
13 25
25 45
3 25
9 25
25 47
25 65
19 25
25 50
25 94
25 72
25 73
3 40
40 97
40 47
40 65
19 40
40 79
40 50
40 72
25 40
40 61
38 40
3 36
23 36
36 47
36 77
11 36
36 80
5 36
36 75
36 73
31 59
31 77
19 31
31 79
31 50
31 75
31 73
31 36
29 31
31 46
16 82
16 92
16 20
16 49
16 54
0 16
16 74
16 21
3 16
16 97
16 59
16 65
16 19
16 80
16 94
16 73
16 61
16 31
43 82
43 92
20 43
43 49
43 54
0 43
43 74
43 45
3 43
9 43
43 59
43 65
11 43
43 80
43 94
43 75
25 43
31 43
43 98
34 54
0 34
34 57
13 34
3 34
6 34
34 97
34 77
19 34
34 79
34 94
34 75
2 34
18 47
18 77
11 18
18 79
18 94
18 73
2 18
18 61
13 35
21 35
8 35
23 35
35 47
35 48
11 35
35 80
35 94
35 75
25 35
18 35
35 43
22 35
3 51
9 51
51 97
51 77
48 51
51 80
50 51
51 75
25 51
18 51
43 51
35 51
51 63
53 99
53 82
53 92
20 53
49 53
53 54
0 53
53 74
53 57
13 53
21 53
45 53
3 53
23 53
53 97
53 59
48 53
53 80
53 94
53 73
53 61
31 53
43 53
36 53
53 67
23 84
9 84
47 84
65 84
19 84
80 84
5 84
73 84
25 84
18 84
38 84
36 84
63 84
44 84
83 99
82 83
83 92
20 83
49 83
54 83
0 83
74 83
57 83
13 83
21 83
45 83
23 83
6 83
59 83
48 83
19 83
80 83
5 83
75 83
25 83
18 83
11 42
42 80
42 50
42 73
2 42
18 42
10 57
10 21
8 10
9 10
10 97
10 65
10 48
10 50
5 10
10 72
2 10
10 61
10 42
10 38
10 67
10 53
60 82
60 92
20 60
49 60
54 60
0 60
60 74
57 60
13 60
45 60
3 60
9 60
60 97
60 77
48 60
60 80
50 60
60 72
60 61
18 60
42 60
36 60
60 67
53 60
28 60
8 26
6 26
26 97
26 65
19 26
26 80
26 94
26 75
25 26
26 31
26 42
26 35
26 67
26 53
26 60
26 39
26 68
26 89
87 99
82 87
87 92
20 87
49 87
54 87
0 87
74 87
57 87
13 87
21 87
45 87
3 87
6 87
87 97
59 87
19 87
79 87
87 94
73 87
2 87
18 87
38 87
36 87
67 87
53 87
27 59
27 48
11 27
27 79
27 94
27 72
2 27
18 27
27 38
27 36
27 63
27 84
11 56
56 80
5 56
56 75
25 56
56 61
43 56
36 56
56 67
27 56
12 54
0 12
12 74
12 45
8 12
6 12
12 47
12 65
12 48
12 80
12 94
12 73
2 12
12 61
12 42
12 35
12 63
37 74
21 37
8 37
37 97
37 59
37 65
37 48
37 50
5 37
37 73
25 37
18 37
37 43
37 38
37 63
37 84
37 40
3 93
9 93
59 93
77 93
48 93
79 93
75 93
72 93
25 93
18 93
42 93
38 93
67 93
37 93
60 93
39 93
93 98
56 93
87 93
44 93
41 57
41 45
8 41
6 41
41 47
41 65
11 41
41 79
5 41
41 72
41 61
31 41
41 43
35 41
41 63
37 41
12 41
39 41
41 90
41 56
29 41
41 93
66 99
66 82
66 92
20 66
49 66
54 66
0 66
66 74
57 66
13 66
21 66
45 66
3 66
8 66
23 66
9 66
66 97
65 66
11 66
50 66
66 94
66 73
25 66
18 66
42 66
36 66
66 84
37 66
12 66
33 47
33 48
19 33
33 80
33 94
33 75
25 33
31 33
18 33
33 38
33 63
33 37
27 33
29 33
19 69
69 80
50 69
69 75
2 69
18 69
38 69
35 69
69 84
37 69
12 69
33 69
69 98
29 69
64 99
64 82
64 92
20 64
49 64
54 64
0 64
64 74
57 64
13 64
21 64
45 64
3 64
8 64
23 64
6 64
59 64
64 65
48 64
64 79
5 64
64 73
2 64
31 64
43 64
38 64
36 64
53 64
27 64
39 64
64 90
64 89
10 64
30 82
30 92
20 30
30 49
30 54
0 30
30 74
30 45
8 30
9 30
30 97
30 65
30 48
30 79
5 30
30 73
25 30
30 61
30 43
30 36
30 63
30 53
27 30
30 33
30 98
30 89
30 64
8 15
15 23
15 47
15 77
15 19
15 79
5 15
15 72
2 15
15 61
15 42
15 35
15 67
15 37
15 60
12 15
15 98
15 89
15 29
15 64
15 28
54 96
0 96
57 96
13 96
3 96
6 96
96 97
65 96
19 96
79 96
5 96
72 96
2 96
61 96
42 96
38 96
67 96
37 96
27 96
33 96
90 96
56 96
64 96
15 96
22 96
83 96
3 32
6 32
32 97
32 65
11 32
32 79
32 94
32 73
2 32
31 32
32 43
32 35
32 63
32 53
32 60
32 39
32 90
32 68
29 32
32 93
22 32
7 54
0 7
7 74
7 45
3 7
6 7
7 59
7 65
7 19
7 79
7 50
7 73
2 7
7 31
7 42
7 36
7 63
7 27
7 60
7 90
7 68
7 56
7 87
7 93
7 22
4 7
24 82
24 92
20 24
24 54
0 24
24 74
13 24
24 45
3 24
9 24
24 47
24 77
24 48
24 80
5 24
24 73
2 24
18 24
24 43
24 36
24 67
24 53
24 60
24 39
24 98
24 56
24 87
24 93
24 41
7 24
24 32
20 88
49 88
54 88
0 88
57 88
45 88
8 88
6 88
47 88
65 88
11 88
50 88
5 88
75 88
73 88
61 88
43 88
36 88
67 88
37 88
27 88
39 88
88 98
56 88
87 88
88 93
41 88
7 88
32 88
14 82
14 92
14 20
14 49
14 54
0 14
14 74
14 57
13 14
14 45
3 14
9 14
14 47
14 77
14 48
11 14
5 14
14 75
14 25
14 61
14 43
14 36
14 67
14 53
14 27
14 33
14 98
14 68
14 64
14 15
14 22
7 14
14 95
14 88
14 16
14 66
14 69
14 71
14 26
14 46
10 14
81 94
72 81
2 81
18 81
42 81
35 81
67 81
81 84
60 81
33 81
81 90
68 81
64 81
81 93
55 74
45 55
3 55
6 55
55 59
55 65
11 55
50 55
5 55
55 75
25 55
18 55
38 55
35 55
55 63
37 55
12 55
39 55
55 98
29 55
55 87
15 55
55 76
58 97
58 77
11 58
58 79
50 58
58 75
25 58
31 58
42 58
38 58
58 67
37 58
12 58
58 90
58 68
29 58
58 87
55 58
41 58
7 58
58 95
58 88
58 85
4 58
58 69
58 71
58 62
30 58
40 58
58 81
34 58
14 58
34 55
55 86
26 55
17 99
17 82
17 92
17 20
17 49
17 54
0 17
17 74
17 57
13 17
17 21
17 45
3 17
8 17
17 23
6 17
17 47
17 65
17 48
11 17
17 94
17 72
2 17
17 61
17 42
17 35
17 67
17 53
17 60
17 33
17 90
17 56
17 64
17 55
17 22
17 51
17 95
16 17
17 44
17 28
17 86
1 92
1 49
1 54
0 1
1 74
1 45
1 23
1 6
1 97
1 77
1 48
1 79
1 50
1 75
1 61
1 31
1 18
1 35
1 84
1 53
1 60
1 33
1 90
1 89
1 87
1 15
1 22
1 83
1 95
1 88
1 44
1 28
1 86
1 71
1 17
1 81
1 70
1 96
1 62
52 99
52 82
52 92
20 52
49 52
52 54
0 52
52 74
52 57
45 52
8 52
9 52
52 59
52 65
11 52
52 80
52 94
52 73
2 52
18 52
43 52
35 52
52 67
37 52
12 52
39 52
52 90
52 89
29 52
52 93
52 55
51 52
32 52
52 76
44 52
52 66
52 69
57 91
21 91
3 91
9 91
47 91
77 91
19 91
79 91
50 91
73 91
25 91
31 91
43 91
35 91
63 91
84 91
60 91
12 91
90 91
89 91
64 91
91 93
41 91
7 91
51 91
16 91
85 91
4 91
24 91
47 78
77 78
19 78
11 78
78 94
72 78
2 78
31 78
38 78
35 78
63 78
37 78
60 78
39 78
78 98
56 78
78 87
15 78
41 78
7 78
32 78
78 88
66 78
4 78
78 91
71 78
70 78
46 78
10 78
78 81
78 96
26 78
10 91
26 91
62 91
30 91
40 91
52 91
1 52
46 52
40 52
34 52
52 70
14 52
17 62
17 30
17 34
17 24
17 70
17 96
10 55
55 81
22 55
28 55
55 71
4 55
16 55
81 83
81 95
16 81
81 85
66 81
81 86
26 81
10 81
24 81
14 81
86 88
4 88
88 96
46 88
34 88
28 88
24 88
24 85
4 24
24 71
24 62
24 30
24 34
24 96
7 34
7 86
7 26
7 32
7 66
7 95
32 86
4 32
32 44
32 66
32 69
32 71
16 32
32 96
44 96
66 96
86 96
46 96
10 96
70 96
15 30
15 71
15 69
15 85
4 15
15 46
15 62
15 40
30 41
30 51
30 95
16 30
30 44
28 30
30 69
30 62
26 30
10 30
64 69
51 64
44 64
34 64
16 64
64 83
64 70
22 64
22 69
69 83
69 76
69 85
4 69
62 69
10 69
46 69
34 69
33 39
33 68
33 76
33 34
33 89
33 66
33 83
33 86
33 51
33 95
28 33
66 68
56 66
66 87
66 93
41 66
66 76
44 66
46 66
4 66
62 66
66 71
40 41
41 62
41 76
26 41
41 86
34 41
41 51
93 95
16 93
10 93
83 93
51 93
37 76
22 37
12 37
37 98
37 89
37 44
37 70
12 60
12 22
12 68
12 98
12 89
12 51
12 56
12 71
12 16
12 85
10 12
12 44
39 56
56 98
56 68
56 71
4 56
51 56
40 56
22 56
56 86
56 85
27 71
27 29
27 46
4 27
27 85
27 87
27 90
27 76
27 70
27 62
27 39
27 34
39 87
68 87
29 87
76 87
70 87
26 87
28 87
4 87
86 87
71 87
26 51
26 76
16 26
4 26
26 86
26 40
26 34
10 60
60 83
40 60
60 95
60 86
44 60
16 60
10 90
10 68
10 83
10 95
10 76
10 44
10 28
10 40
42 70
42 83
42 67
42 85
29 42
42 62
42 89
42 76
42 44
4 42
42 90
36 42
38 83
83 84
53 83
68 83
29 83
22 83
44 83
76 83
83 85
16 83
62 83
70 83
51 83
46 83
22 84
76 84
28 84
84 85
53 84
39 84
34 84
68 84
84 86
71 84
84 95
29 84
28 53
53 90
16 53
53 62
4 53
51 53
46 53
53 85
51 90
28 51
51 71
40 51
51 70
51 95
51 76
51 62
4 35
35 89
35 71
35 63
35 39
16 35
35 86
35 67
18 34
18 95
18 89
18 85
18 76
18 44
34 43
34 38
34 67
34 68
34 89
34 76
16 34
4 34
34 71
34 62
43 71
16 43
43 46
43 68
43 86
38 43
28 43
39 43
16 63
16 98
16 89
16 76
16 70
16 44
16 28
31 86
31 71
31 63
31 62
31 39
31 70
4 31
31 90
22 31
36 62
36 90
28 36
36 76
36 85
36 70
36 40
36 95
36 98
36 39
40 63
39 40
40 68
29 40
40 95
40 76
40 44
28 40
40 86
40 46
40 70
25 95
25 70
25 89
25 61
25 68
22 25
25 63
25 29
46 61
61 90
61 85
44 61
61 98
38 61
61 67
61 68
28 61
38 46
46 67
46 90
46 68
46 89
29 46
22 46
46 95
28 46
46 71
46 70
2 72
4 72
29 72
72 95
72 90
68 72
44 72
72 86
22 72
70 72
2 86
2 28
2 62
2 38
2 71
2 98
2 67
2 76
28 98
28 89
28 95
4 28
28 70
28 86
62 73
38 73
4 73
39 73
94 98
89 94
76 94
75 98
63 98
39 98
44 98
89 98
71 98
22 98
85 98
62 98
11 75
11 67
11 90
11 86
11 70
75 79
50 75
29 75
75 95
75 90
4 75
75 86
75 76
75 85
39 75
29 38
29 63
29 68
29 89
29 44
22 29
29 62
29 85
29 95
50 85
50 63
50 90
50 71
39 50
44 50
5 63
38 63
63 68
63 71
62 63
4 63
63 90
5 62
5 70
5 67
5 68
5 85
5 71
5 22
38 95
22 38
38 44
38 68
68 79
44 79
39 79
68 90
68 70
68 89
19 39
19 76
19 71
19 62
19 80
4 80
80 85
22 80
80 86
76 80
80 95
67 80
80 89
22 39
22 85
22 44
22 70
22 95
65 71
65 90
86 90
4 90
90 95
76 90
44 59
48 59
59 62
59 67
59 71
48 77
4 48
48 85
48 86
48 67
48 95
44 48
48 89
48 70
67 95
89 95
85 95
39 47
47 76
47 70
47 89
70 77
67 70
39 70
70 89
70 85
70 86
76 97
39 97
44 97
67 97
62 97
89 97
71 97
67 89
67 86
6 89
6 44
76 77
76 89
71 76
62 76
76 85
9 71
9 89
9 44
9 39
9 62
44 71
71 86
23 44
23 39
23 89
62 77
39 62
62 89
62 85
8 89
8 44
8 39
44 77
44 85
45 89
39 45
3 89
77 89
3 39
39 77
4 39
3 4
3 77
3 85
3 86
77 86
85 86
0 74
4 74
74 77
74 85
0 20
0 77
4 77
77 85
85 92
0 92
0 85
4 85
0 82
0 4
0 99
