100 495
0 2
3 95
3 69
39 96
11 96
39 81
11 81
32 96
32 81
39 89
11 89
32 89
11 98
32 98
96 98
81 98
30 39
11 30
30 32
30 98
34 96
34 81
17 34
86 96
31 39
11 31
31 98
31 86
43 98
32 88
6 88
43 88
81 88
15 96
39 57
11 57
32 57
57 98
15 57
6 57
43 57
57 81
49 57
23 43
7 59
59 69
15 94
6 94
94 95
7 94
58 94
1 58
1 33
19 61
31 56
30 56
56 73
12 56
15 72
72 86
71 72
72 81
66 71
66 69
66 87
72 79
60 98
60 71
43 60
60 69
60 87
60 79
26 87
26 33
53 71
53 81
53 58
5 11
5 32
5 98
5 6
5 43
5 7
5 87
5 22
39 52
11 52
52 98
52 86
52 71
52 69
8 52
50 71
7 50
49 50
50 91
26 50
50 53
90 96
81 90
85 90
11 48
32 48
48 90
48 86
43 48
7 48
48 97
48 91
48 73
48 96
48 61
24 97
22 24
8 82
35 82
46 82
46 72
19 84
4 82
4 84
49 77
8 77
52 77
4 77
12 77
29 43
29 81
29 58
22 29
29 73
29 96
29 77
41 97
35 41
44 87
22 44
44 59
23 44
41 44
44 96
40 44
40 72
40 85
67 73
54 67
38 82
17 38
38 66
31 38
38 67
37 58
22 37
26 37
37 50
37 38
37 57
18 71
18 81
18 49
18 35
18 73
4 18
18 66
47 87
35 47
26 47
0 28
7 28
28 87
16 98
16 71
0 16
16 69
16 97
16 99
16 26
16 50
16 66
16 48
2 16
58 68
68 79
68 99
17 68
13 19
4 13
13 60
13 68
5 13
65 98
65 71
0 65
65 81
65 97
8 65
52 65
54 65
13 65
36 52
36 63
27 97
27 79
27 73
27 50
27 92
27 47
27 65
9 83
42 92
42 67
38 62
62 67
19 64
64 96
64 85
64 80
41 80
10 85
10 80
10 94
10 88
10 46
20 92
20 47
25 84
25 36
12 25
20 25
51 82
51 54
51 77
41 51
25 51
13 21
3 14
14 21
1 14
14 94
75 95
75 81
75 97
22 75
26 75
4 75
66 75
47 75
62 75
59 75
21 75
61 78
24 78
75 78
21 78
11 76
71 76
76 95
76 81
49 76
76 99
44 76
17 76
76 85
57 76
18 76
31 76
37 76
76 78
45 94
45 88
29 45
45 78
21 51
1 21
52 55
54 55
38 55
47 55
28 55
42 55
61 74
48 74
28 74
53 74
55 74
20 74
51 55
5 51
25 94
20 88
10 20
5 80
29 64
60 64
64 89
62 64
23 62
42 62
31 42
42 83
23 83
83 89
1 9
9 27
9 30
5 27
3 27
92 94
36 92
88 92
36 65
36 68
36 53
31 36
65 89
65 88
2 65
13 61
16 68
30 68
60 68
68 89
16 40
5 16
85 99
89 99
28 99
2 99
88 99
26 28
28 63
28 85
28 67
28 88
93 98
86 93
93 95
7 93
58 93
22 93
52 93
72 93
84 93
67 93
28 93
31 93
40 93
46 93
17 63
1 63
47 63
59 63
47 77
18 47
18 37
3 18
18 31
12 37
37 60
40 67
30 40
12 40
44 89
44 85
41 72
41 66
41 60
30 41
29 41
1 29
29 59
57 77
59 77
4 88
4 31
2 84
3 84
30 84
46 84
46 48
2 46
3 46
17 82
24 82
66 82
72 82
24 96
24 61
1 24
24 59
24 57
24 48
12 48
70 96
70 85
85 95
69 85
85 97
50 85
85 89
30 50
5 50
52 91
17 91
52 94
2 52
5 52
5 23
22 53
26 53
53 61
2 53
53 89
53 59
26 60
17 60
3 60
3 79
66 79
17 66
23 66
31 87
23 87
8 87
8 30
8 72
8 89
8 59
8 96
54 72
12 72
72 94
12 59
3 73
54 73
54 61
2 54
19 57
1 19
1 23
33 88
33 94
30 94
58 59
7 31
7 23
7 97
23 35
23 96
23 57
31 35
35 57
30 35
57 96
2 57
15 71
15 89
15 81
15 49
6 49
49 71
49 81
49 88
49 96
49 97
2 49
17 49
6 89
6 30
6 43
30 43
17 43
43 89
31 43
43 96
81 86
17 86
17 69
3 17
30 34
30 81
89 98
71 98
69 89
89 96
32 71
81 95
11 71
71 96
69 96
39 71
71 97
3 97
69 95
2 69
