100 990
9 64
64 65
9 15
15 65
64 85
15 85
64 68
15 68
9 68
68 85
65 68
64 96
15 96
68 96
64 71
15 71
68 71
9 71
71 85
65 71
57 64
15 57
57 68
57 71
9 44
44 65
44 85
44 57
29 64
15 29
29 68
29 71
29 44
9 61
61 85
61 65
61 96
64 81
15 81
68 81
71 81
44 81
61 81
57 81
9 73
65 73
73 85
68 99
71 99
73 99
9 77
65 77
77 85
30 64
15 30
30 68
30 71
30 44
30 77
1 9
1 30
44 47
47 77
1 47
9 97
57 60
60 73
46 57
46 77
9 46
46 65
46 85
46 60
40 46
31 57
31 73
31 42
36 64
15 36
36 68
36 71
36 57
36 73
36 42
31 36
44 49
49 73
1 49
31 49
68 82
71 82
44 82
73 82
1 82
82 97
49 82
14 61
14 77
14 46
14 31
14 50
50 82
52 68
52 71
52 57
52 73
46 52
52 97
14 52
52 82
52 95
7 64
7 71
7 57
7 73
1 7
12 15
12 68
12 57
12 77
1 12
12 31
27 46
12 27
54 64
54 71
44 54
54 77
46 54
31 54
54 81
30 54
20 42
20 31
20 54
1 17
12 17
17 49
17 41
6 57
6 77
6 46
6 97
6 49
6 11
6 93
1 5
5 31
5 49
5 11
5 95
5 36
14 66
4 15
4 71
4 61
4 73
4 46
4 12
4 49
4 66
12 75
4 75
75 95
14 74
41 74
74 95
7 74
14 26
26 41
26 93
26 74
26 27
18 27
33 95
7 33
35 74
35 47
35 65
17 35
34 49
11 34
34 82
7 34
34 35
18 34
24 57
24 73
1 24
24 31
14 24
24 82
24 59
68 80
71 80
44 80
77 80
46 80
12 80
54 80
80 82
24 80
36 80
35 80
32 95
7 32
14 98
4 98
95 98
7 98
76 98
32 98
75 88
88 98
85 88
68 89
71 89
44 89
73 89
42 89
12 89
54 89
11 89
82 89
14 21
4 21
21 95
1 39
31 39
39 49
39 82
56 94
36 94
47 94
8 54
8 11
8 93
8 36
8 47
8 18
23 93
7 23
23 74
8 23
23 75
16 60
53 54
11 53
53 56
36 53
53 76
18 53
64 87
15 87
68 87
71 87
57 87
77 87
1 87
87 97
54 87
11 87
87 95
36 87
47 87
35 83
60 83
14 45
45 82
24 45
45 74
45 76
45 83
45 87
16 45
29 45
44 70
70 73
46 70
31 70
12 70
11 70
70 95
21 70
47 70
70 83
70 88
45 70
70 99
52 70
33 70
24 69
5 69
69 74
65 69
59 69
26 69
50 69
64 90
15 90
68 90
71 90
61 90
77 90
46 90
90 97
14 90
4 90
90 93
5 90
27 90
8 90
59 90
16 90
30 90
9 90
81 90
43 68
43 44
43 57
43 77
43 46
43 97
43 49
43 82
24 43
36 43
27 43
32 43
15 67
67 71
57 67
67 73
1 67
31 67
54 67
41 67
67 95
21 67
27 67
18 67
12 72
11 72
24 72
5 72
27 72
65 72
67 72
17 72
45 72
40 72
25 64
15 25
25 68
25 71
25 61
25 77
25 46
12 25
25 54
25 41
25 36
25 74
25 65
25 32
25 67
25 96
25 99
25 89
49 79
4 79
79 93
7 79
76 79
32 79
75 79
79 96
23 79
13 24
5 13
13 74
13 65
13 88
13 16
13 30
13 52
13 79
22 50
13 22
38 56
38 74
38 47
32 38
38 75
26 38
30 38
38 89
25 38
6 38
38 80
22 38
38 39
38 66
54 58
11 58
56 58
5 58
58 65
8 58
58 87
45 58
23 58
52 58
38 58
57 62
62 73
46 62
12 62
49 62
11 62
56 62
21 62
35 62
62 83
62 67
26 62
30 62
62 90
91 93
7 91
47 91
32 91
87 91
91 96
30 91
89 91
62 91
60 91
85 91
55 74
55 83
55 59
55 96
55 99
13 55
55 91
10 64
10 15
10 68
10 71
10 57
10 73
10 42
10 12
10 14
4 10
10 95
5 10
10 35
8 10
10 87
10 17
10 23
10 13
10 33
10 98
28 49
4 28
28 56
7 28
28 65
28 83
28 67
26 28
23 28
28 40
28 33
10 28
28 29
68 92
44 92
57 92
73 92
42 92
31 92
14 92
4 92
24 92
7 92
27 92
65 92
59 92
45 92
30 92
52 92
25 92
92 98
80 92
28 92
43 92
81 92
85 92
3 64
3 15
3 68
3 71
3 44
3 61
3 57
3 73
3 42
3 12
3 54
3 41
3 24
3 7
3 27
3 32
3 59
3 96
3 99
3 13
3 91
3 62
44 63
63 73
46 63
12 63
49 63
4 63
63 82
5 63
35 63
32 63
63 75
63 88
50 63
40 63
63 94
63 98
45 48
48 89
48 94
48 62
48 63
39 48
20 48
15 86
68 86
44 86
77 86
46 86
12 86
14 86
4 86
24 86
21 86
65 86
18 86
86 87
16 86
45 86
86 90
25 86
69 86
80 86
48 86
6 86
58 86
77 84
31 84
54 84
82 84
24 84
5 84
27 84
18 84
67 84
16 84
50 84
40 84
33 84
62 84
29 84
0 84
84 86
58 84
6 84
70 84
72 86
34 48
19 23
19 40
19 94
19 62
19 29
19 48
19 34
3 19
19 60
19 85
29 63
3 63
63 70
60 63
63 79
3 92
3 20
3 81
2 65
2 8
2 75
2 26
2 45
2 90
2 25
2 53
1 37
12 37
37 54
4 37
37 56
5 37
37 74
37 65
37 87
37 96
23 37
37 40
37 38
37 69
37 58
37 43
2 37
37 55
37 85
20 37
2 79
2 34
2 3
2 70
1 78
78 97
14 78
4 78
24 78
74 78
47 78
78 83
59 78
78 96
30 78
78 89
78 91
10 78
78 80
39 78
55 78
2 78
66 78
60 78
28 43
28 55
28 70
9 28
10 34
10 60
46 51
31 51
49 51
4 51
36 51
7 51
27 51
51 65
51 67
17 51
23 51
51 52
25 51
10 51
51 80
39 51
43 51
51 58
9 51
51 85
10 55
55 79
55 70
55 72
53 91
20 91
62 80
58 62
39 62
0 58
6 58
22 53
6 22
22 66
22 34
22 81
0 22
22 60
6 13
13 53
13 39
25 79
69 79
0 79
6 79
9 79
25 72
25 43
53 72
72 80
0 72
66 72
60 72
43 67
67 81
67 80
67 87
67 75
9 67
17 43
43 99
43 90
43 98
20 43
9 43
20 90
69 90
66 90
69 94
69 70
20 69
66 69
69 81
39 70
45 52
0 45
83 89
83 87
83 99
83 96
29 83
32 83
53 87
39 87
60 87
29 87
87 94
16 53
53 99
53 98
9 53
29 53
53 85
16 23
23 98
23 66
23 40
6 8
8 75
8 94
8 66
8 9
8 52
8 40
88 94
50 94
40 94
33 94
9 94
94 98
34 94
9 56
39 56
29 56
21 39
39 65
32 39
39 96
39 50
39 80
39 66
21 81
21 29
21 99
20 21
21 60
21 89
21 30
21 47
21 40
21 85
27 89
88 89
17 89
50 89
40 89
33 89
29 89
34 89
17 88
6 88
66 88
52 88
26 98
52 98
6 98
0 98
66 76
76 85
32 76
60 76
17 32
32 50
32 80
17 80
30 80
52 80
24 65
24 99
0 24
24 47
5 59
35 59
18 59
34 59
52 59
0 59
59 96
26 59
40 59
34 96
34 50
34 60
34 85
35 52
33 35
0 35
18 33
33 75
17 33
33 99
33 81
0 33
29 33
18 85
18 30
18 26
18 81
0 18
26 40
6 26
26 99
9 26
26 85
74 75
20 74
74 96
27 75
30 75
75 99
20 75
50 75
4 7
4 29
4 40
36 66
5 66
17 66
20 66
66 81
5 6
5 7
5 96
6 27
6 30
6 85
85 93
27 93
36 93
40 93
30 93
17 93
81 93
17 36
17 50
17 81
17 20
20 41
0 41
41 47
36 41
20 82
20 65
20 99
20 81
47 54
54 65
27 54
40 54
11 27
27 36
27 29
12 29
7 12
12 85
7 49
7 95
7 52
0 7
52 85
52 60
50 95
60 95
95 96
36 50
47 50
50 85
9 50
14 60
14 99
11 14
14 29
11 99
9 11
11 82
11 60
11 81
82 96
30 82
82 85
65 82
9 49
49 96
36 49
0 49
9 36
36 65
31 99
31 40
31 65
31 85
9 31
40 47
0 40
60 97
60 99
0 97
47 97
96 97
81 97
30 97
9 47
47 99
30 47
47 81
1 29
30 96
30 81
77 96
77 99
29 77
42 99
29 99
73 81
42 81
9 81
29 61
57 61
29 57
9 29
0 29
44 96
9 57
57 65
57 85
57 96
71 96
42 96
0 96
42 85
42 65
9 42
0 42
