100 495
28 46
12 46
28 71
12 71
28 69
12 69
69 73
31 71
31 32
31 46
31 69
15 28
12 15
15 73
15 31
9 73
9 87
28 99
17 99
14 28
12 14
9 14
14 21
21 32
21 46
21 71
21 69
9 57
21 57
12 66
17 66
14 66
15 66
66 92
8 66
8 99
14 19
8 19
7 31
7 21
9 37
35 37
14 37
25 37
28 56
35 56
56 66
25 56
23 56
23 57
23 91
91 99
76 87
58 76
9 16
16 17
16 76
58 74
34 35
34 74
34 91
0 34
34 59
34 69
28 30
12 30
30 73
17 30
30 35
30 74
23 30
11 14
11 74
11 40
0 11
9 70
21 70
14 70
7 70
32 70
0 70
47 70
7 13
2 12
2 17
2 14
2 74
2 7
2 37
22 35
8 22
22 40
2 22
62 91
2 62
24 76
8 24
7 24
24 62
35 81
25 81
23 81
0 81
80 81
4 81
40 95
1 9
1 35
1 66
1 8
1 40
14 60
8 60
60 91
1 60
59 97
72 91
62 72
72 97
29 76
29 74
23 29
29 41
29 42
24 29
29 72
29 30
29 71
11 29
22 29
29 87
40 68
0 68
32 36
36 41
3 14
3 66
3 7
0 3
3 36
62 94
13 77
77 94
69 77
6 42
6 16
6 69
20 99
88 97
16 88
20 88
30 86
7 27
2 27
27 97
27 94
27 56
27 86
45 68
27 45
45 87
66 78
8 78
32 78
41 78
36 78
51 70
51 56
51 69
51 58
70 79
51 79
33 70
33 79
33 53
33 58
33 77
33 71
33 46
32 48
48 62
36 48
4 48
20 48
55 59
19 55
66 82
25 82
32 82
2 82
80 82
79 82
68 82
38 42
16 38
38 82
38 58
13 85
4 85
56 85
27 85
38 85
42 64
64 94
30 64
55 64
62 67
67 94
67 69
57 67
64 67
43 67
46 67
28 84
12 84
9 84
17 84
66 84
8 84
32 84
1 84
36 84
19 84
68 84
57 84
68 98
54 59
19 54
54 92
34 54
54 81
11 54
54 98
54 95
98 99
68 93
55 93
93 98
11 93
4 75
69 75
53 75
75 86
50 91
41 50
36 50
50 51
5 69
5 89
27 89
11 89
3 89
37 89
56 63
92 96
3 49
14 90
25 90
32 90
1 90
13 90
19 90
49 90
6 90
64 90
60 90
3 90
75 90
26 49
47 49
26 96
26 98
24 26
26 78
26 72
3 96
63 96
65 92
65 96
64 65
65 72
10 65
47 65
46 96
63 89
47 63
50 63
44 63
44 93
5 37
73 83
17 83
66 83
74 83
7 83
2 83
13 83
4 83
5 83
57 83
45 83
47 83
48 83
3 83
5 50
5 60
6 50
50 61
50 71
50 84
61 75
71 75
75 93
84 98
52 59
16 52
30 52
52 55
38 52
52 88
52 84
46 52
67 84
43 64
24 43
43 85
37 85
32 39
1 39
4 39
39 51
39 82
27 39
39 45
39 77
10 39
39 85
38 95
15 38
55 82
15 82
72 82
48 55
22 55
33 48
15 48
37 48
15 79
79 92
79 95
46 79
51 78
53 78
57 78
45 78
11 78
46 78
37 86
71 86
86 88
34 88
88 99
72 88
10 20
20 71
20 53
6 10
10 60
18 81
11 18
18 87
10 18
6 24
6 77
37 77
77 99
94 99
3 94
19 94
3 22
36 68
36 59
36 69
16 68
68 72
22 72
19 97
60 97
30 97
15 97
16 60
57 60
60 81
47 60
1 87
1 95
1 57
1 58
1 19
42 95
56 95
71 95
87 95
15 95
37 42
42 71
42 53
19 53
53 81
22 53
34 81
22 81
58 80
24 80
24 92
24 34
24 87
46 62
22 62
62 92
22 34
2 16
2 99
2 13
13 59
4 13
13 56
13 99
4 47
47 58
16 70
11 70
70 87
46 70
11 56
40 46
15 40
40 41
15 41
41 69
30 41
41 71
41 56
30 34
30 46
30 58
7 74
16 74
57 74
16 32
16 37
46 76
58 91
58 87
58 99
71 91
37 91
23 69
23 87
56 57
25 32
25 71
25 87
15 35
35 71
7 35
7 46
7 92
7 19
19 57
8 69
8 15
8 92
0 92
15 92
87 92
57 66
57 59
14 32
14 69
14 99
15 99
17 87
9 71
9 32
9 46
9 15
9 69
46 73
71 73
32 73
12 32
28 32
32 59
0 59
