100 1980
43 77
43 93
62 77
62 93
43 59
59 62
70 77
70 93
59 70
32 43
32 62
32 70
77 86
86 93
59 86
32 86
57 77
57 93
57 59
32 57
43 57
57 62
41 77
41 93
41 59
32 41
41 57
59 69
57 69
43 69
62 69
19 77
19 93
19 59
19 32
19 57
19 69
43 47
47 62
19 47
47 86
47 70
41 47
27 77
27 93
27 59
27 32
27 57
27 69
27 47
43 58
58 62
41 58
58 86
58 70
19 58
0 58
27 58
77 98
93 98
59 98
32 98
57 98
69 98
47 98
58 98
43 56
56 62
56 70
41 56
56 86
19 56
27 56
77 88
88 93
59 88
32 88
57 88
69 88
47 88
58 88
56 88
7 57
7 43
7 62
7 19
7 70
7 41
7 86
7 88
7 98
7 27
0 7
66 77
66 93
59 66
32 66
57 66
66 69
47 66
58 66
56 66
7 66
43 79
62 79
79 86
70 79
19 79
41 79
79 98
66 79
79 88
0 79
27 79
11 77
11 93
11 59
11 32
11 57
11 69
11 47
11 58
11 56
7 11
11 79
42 77
42 93
42 59
32 42
42 57
42 69
42 47
42 58
42 56
7 42
42 79
42 43
42 62
42 86
19 42
41 42
42 70
42 98
42 88
0 42
42 66
27 42
11 42
61 77
61 93
59 61
32 61
57 61
61 69
47 61
58 61
56 61
7 61
61 79
42 61
41 61
17 77
17 93
17 59
17 32
17 57
17 69
17 47
7 17
17 79
17 42
17 43
17 62
17 70
17 86
17 19
17 27
0 17
17 98
17 88
17 66
17 61
77 95
93 95
59 95
32 95
57 95
69 95
47 95
58 95
56 95
7 95
79 95
42 95
41 95
17 95
86 95
68 77
68 93
59 68
32 68
57 68
68 69
58 68
56 68
68 79
41 68
17 68
43 68
62 68
19 68
68 70
27 68
68 98
0 68
66 68
68 88
77 83
83 93
59 83
32 83
57 83
69 83
47 83
58 83
56 83
7 83
79 83
42 83
68 83
27 83
62 83
7 20
20 42
20 68
43 64
62 64
19 64
64 70
0 64
20 64
64 98
64 66
11 64
64 88
3 7
3 41
3 86
3 27
3 64
3 20
64 82
82 98
11 82
43 82
76 77
76 93
59 76
32 76
57 76
69 76
47 76
56 76
7 76
41 76
76 86
27 76
62 76
76 98
76 82
43 72
50 79
41 50
50 86
27 50
50 98
20 50
11 50
50 72
26 42
26 41
26 86
26 27
26 64
20 26
26 82
17 91
68 91
62 91
20 91
57 97
58 97
79 97
42 97
17 97
68 97
62 97
20 97
43 97
57 67
56 67
67 79
42 67
67 68
27 67
62 67
67 98
67 97
67 91
26 67
57 81
69 81
47 81
58 81
42 81
41 81
17 81
68 81
62 81
81 98
81 97
81 91
72 81
43 81
53 86
27 53
53 62
53 98
11 53
53 82
53 81
0 53
43 51
48 62
20 48
48 97
48 82
26 48
48 81
48 51
4 77
4 93
4 59
4 32
4 57
4 69
4 47
4 7
4 79
4 41
4 86
4 27
4 62
4 20
4 82
4 91
4 81
16 77
16 93
16 59
16 32
16 57
16 69
16 47
16 56
16 42
16 41
16 17
16 68
16 62
16 20
11 16
16 91
16 26
16 43
45 62
45 98
45 97
45 82
45 72
16 45
45 51
67 90
43 90
1 77
1 93
1 32
1 57
1 69
1 7
1 79
1 41
1 17
1 68
1 64
1 98
1 11
1 72
1 26
0 1
1 67
1 90
15 93
15 57
15 69
15 56
15 79
15 41
15 17
15 68
15 62
11 15
15 97
15 82
15 26
15 81
15 51
57 99
56 99
42 99
41 99
17 99
68 99
62 99
98 99
11 99
91 99
81 99
16 99
67 99
90 99
43 99
39 93
39 59
32 39
39 57
39 69
39 58
7 39
39 41
39 86
27 39
39 64
20 39
39 97
39 91
39 72
16 39
4 39
39 99
29 43
75 86
68 75
62 75
20 75
75 97
75 91
72 75
0 75
67 75
4 75
29 75
15 75
6 77
6 93
6 59
6 32
6 57
6 69
6 47
6 58
6 56
6 7
6 79
6 42
6 41
6 17
6 86
6 68
6 64
6 98
6 11
6 82
6 26
6 81
0 6
6 90
6 15
36 81
16 36
0 36
36 90
15 36
36 43
60 79
42 60
60 86
27 60
60 64
20 60
11 60
60 82
60 72
0 60
51 60
4 60
15 60
36 60
18 99
46 59
46 57
46 69
7 46
46 79
41 46
46 86
46 68
46 64
20 46
46 82
46 91
46 81
0 46
46 67
4 46
46 99
10 77
10 93
10 59
10 32
10 57
10 69
10 58
7 10
10 79
10 41
10 86
10 68
10 98
10 20
10 11
10 82
10 72
0 10
4 10
10 99
10 29
10 46
6 10
42 55
41 55
17 55
27 55
55 62
20 55
55 97
55 82
55 81
0 55
51 55
55 99
15 55
26 35
16 35
35 51
35 90
29 35
35 43
23 81
16 23
23 51
23 99
15 23
23 35
23 46
5 77
5 93
5 59
5 32
5 57
5 69
5 58
5 56
5 7
5 17
5 86
5 68
5 62
5 20
5 11
5 82
5 26
5 16
5 67
5 90
5 29
5 35
5 18
5 6
5 61
5 60
22 86
22 27
22 62
22 98
22 97
22 91
22 26
0 22
22 67
22 90
22 29
22 35
18 22
5 22
46 80
6 80
17 63
27 63
62 63
63 98
63 97
63 72
26 63
16 63
51 63
63 99
15 63
35 63
18 63
6 63
63 95
30 57
30 56
30 42
30 41
30 86
30 68
30 98
20 30
30 97
30 82
30 72
30 81
4 30
30 90
29 30
30 35
18 30
30 55
30 63
42 94
41 94
86 94
27 94
62 94
20 94
11 94
91 94
26 94
81 94
67 94
4 94
15 94
35 94
46 94
6 94
63 94
75 94
49 81
16 49
49 67
49 90
29 49
35 49
46 49
5 49
49 95
49 94
57 87
56 87
42 87
17 87
86 87
27 87
64 87
87 98
87 97
72 87
81 87
16 87
51 87
87 90
29 87
36 87
18 87
55 87
63 87
75 87
66 87
13 64
13 20
13 97
13 91
13 26
0 13
13 51
4 13
13 99
13 35
6 13
13 55
13 95
13 94
13 87
17 31
27 31
31 62
31 98
31 97
31 91
31 81
16 31
31 51
4 31
15 31
31 35
31 46
5 31
31 95
31 80
31 87
2 63
2 75
2 66
2 22
9 77
9 93
9 59
9 32
9 57
9 69
9 47
9 58
9 56
7 9
9 42
9 41
9 86
9 68
9 62
9 20
9 11
9 91
9 26
9 16
4 9
9 90
9 29
9 15
9 46
5 9
9 63
9 94
2 9
9 31
9 61
9 60
25 77
25 93
25 59
25 57
25 69
7 25
25 79
25 41
25 86
25 68
25 64
25 98
25 97
25 82
25 81
16 25
25 67
25 90
15 25
25 36
18 25
25 55
25 80
25 75
25 66
2 25
25 83
24 62
24 98
24 97
24 91
24 26
0 24
24 51
4 24
15 24
24 36
24 46
6 24
24 95
24 80
24 87
2 24
24 61
24 88
22 24
24 39
38 68
27 38
38 62
38 98
38 97
38 82
26 38
0 38
38 67
38 90
38 99
36 38
6 38
38 55
5 38
38 75
38 87
31 38
38 83
24 38
38 60
22 38
57 85
7 85
79 85
41 85
85 86
27 85
85 98
20 85
85 97
85 91
26 85
16 85
67 85
85 90
85 99
36 85
46 85
6 85
85 95
75 85
66 85
76 85
33 77
33 93
33 57
33 69
33 58
33 56
33 42
33 41
17 33
33 68
33 64
11 33
33 97
33 82
26 33
33 81
33 51
33 99
15 33
33 36
18 33
33 55
33 63
33 94
33 66
31 33
33 61
30 33
33 85
3 33
28 77
28 93
28 57
28 69
28 58
28 56
28 79
17 28
28 86
27 28
28 62
20 28
28 97
28 91
28 72
28 81
28 67
28 99
28 29
28 35
18 28
6 28
28 95
28 80
28 66
2 28
28 33
28 60
25 28
9 28
28 30
28 49
42 71
41 71
71 86
27 71
64 71
71 98
11 71
71 91
71 72
16 71
67 71
4 71
15 71
35 71
18 71
5 71
63 71
71 75
71 94
31 71
71 83
60 71
65 77
65 93
59 65
32 65
57 65
65 69
47 65
56 65
7 65
17 65
65 86
65 68
62 65
65 98
11 65
65 82
26 65
0 65
65 67
4 65
15 65
36 65
18 65
6 65
63 65
65 94
65 66
31 65
61 65
24 65
65 70
1 65
43 65
44 65
37 63
37 75
2 37
31 37
37 83
24 37
37 60
22 37
57 73
69 73
58 73
7 73
73 79
17 73
73 86
27 73
73 98
11 73
73 97
73 91
72 73
0 73
51 73
73 90
73 99
36 73
18 73
6 73
63 73
73 94
66 73
73 76
73 83
60 73
25 73
37 73
73 85
8 86
8 68
8 64
8 98
8 11
8 91
8 81
8 16
4 8
8 99
8 15
8 35
6 8
8 55
8 95
8 94
8 87
8 31
8 61
8 33
8 22
8 37
8 85
8 45
8 88
8 71
8 70
77 96
93 96
59 96
32 96
57 96
69 96
47 96
58 96
56 96
7 96
42 96
41 96
17 96
68 96
64 96
20 96
96 97
82 96
26 96
81 96
67 96
90 96
29 96
36 96
18 96
55 96
95 96
75 96
87 96
2 96
33 96
24 96
22 96
37 96
85 96
8 96
71 96
23 96
1 96
45 96
74 97
74 91
72 74
16 74
67 74
4 74
29 74
35 74
18 74
5 74
74 80
74 75
2 74
74 76
74 83
60 74
22 74
9 74
49 74
53 74
38 74
19 74
1 74
28 74
40 82
40 91
40 72
0 40
40 67
4 40
29 40
36 40
18 40
5 40
40 95
40 94
40 66
2 40
40 61
40 60
25 40
9 40
30 40
40 49
40 48
40 71
1 40
40 45
52 57
7 52
42 52
41 52
17 52
27 52
52 64
52 98
11 52
52 72
52 81
0 52
52 67
4 52
52 99
35 52
46 52
52 55
52 95
52 94
52 87
52 76
52 61
24 52
25 52
22 52
30 52
52 53
48 52
19 52
52 73
45 52
40 52
34 57
7 34
34 42
34 41
34 86
27 34
34 64
20 34
34 97
34 82
34 72
0 34
34 67
34 99
15 34
34 46
6 34
5 34
34 80
34 75
34 87
34 76
34 83
33 34
34 65
9 34
30 34
34 53
34 48
1 34
34 70
34 73
12 64
11 12
12 97
12 82
12 26
0 12
12 51
12 90
12 15
12 36
12 46
12 55
12 95
12 94
12 66
12 31
12 83
12 24
12 65
12 22
12 30
12 53
12 48
12 23
12 73
12 28
14 57
14 69
14 58
7 14
14 79
14 17
14 86
14 27
14 64
14 98
11 14
14 82
14 26
0 14
14 51
14 90
14 29
14 35
6 14
14 55
14 63
14 94
14 87
2 14
14 83
14 33
14 60
9 14
14 85
14 53
14 48
14 71
1 14
14 73
12 14
14 34
3 14
21 62
20 21
11 21
21 72
21 26
16 21
21 51
4 21
15 21
21 36
21 46
21 55
21 95
21 80
21 87
21 31
21 83
21 33
21 60
21 37
21 30
8 21
21 48
21 23
21 70
21 45
12 21
21 50
3 21
14 21
13 21
21 88
0 54
54 99
29 54
35 54
6 54
5 54
54 95
54 75
54 87
31 54
54 61
33 54
22 54
37 54
30 54
53 54
38 54
23 54
54 73
28 54
40 54
50 54
52 54
77 78
78 93
32 78
57 78
69 78
7 78
42 78
41 78
78 86
68 78
64 78
20 78
11 78
78 91
78 81
16 78
67 78
78 90
15 78
46 78
18 78
5 78
78 95
75 78
2 78
76 78
61 78
24 78
65 78
22 78
78 85
8 78
71 78
23 78
70 78
73 78
74 78
50 78
59 89
57 89
69 89
7 89
79 89
42 89
17 89
27 89
64 89
89 98
11 89
82 89
26 89
16 89
51 89
89 90
89 99
36 89
18 89
55 89
89 95
80 89
66 89
76 89
61 89
24 89
65 89
9 89
85 89
49 89
38 89
19 89
70 89
45 89
40 89
50 89
52 89
42 84
41 84
17 84
27 84
62 84
84 98
84 97
84 91
26 84
16 84
51 84
84 90
29 84
36 84
46 84
6 84
63 84
75 84
84 87
76 84
83 84
24 84
65 84
9 84
30 84
8 84
38 84
23 84
73 84
28 84
12 84
74 84
84 89
14 84
78 84
39 84
44 84
84 96
44 89
3 89
89 96
78 89
43 78
54 78
13 78
77 92
92 93
59 92
32 92
57 92
69 92
47 92
58 92
56 92
7 92
42 92
41 92
68 92
27 92
62 92
20 92
11 92
72 92
26 92
16 92
0 92
4 92
15 92
35 92
46 92
5 92
92 95
92 94
2 92
76 92
61 92
24 92
65 92
37 92
49 92
8 92
38 92
1 92
70 92
73 92
40 92
34 92
52 92
14 92
78 92
39 92
54 92
44 92
13 54
39 54
21 54
21 96
14 43
10 14
12 34
12 88
3 12
12 50
12 44
34 96
34 39
34 44
34 50
34 52
10 52
52 88
39 52
40 74
40 43
39 40
10 40
13 74
74 96
74 88
3 74
10 74
3 96
10 96
88 96
8 53
1 8
8 73
8 38
71 73
19 73
39 73
50 73
9 37
37 39
37 50
13 37
19 37
1 37
37 44
37 70
30 44
44 53
44 48
19 44
44 70
28 44
43 44
10 44
44 88
39 65
30 65
25 65
65 85
65 71
3 65
9 71
30 71
38 71
71 88
28 71
50 71
19 71
39 71
43 71
19 28
28 70
28 88
28 39
28 43
28 45
33 88
33 43
1 33
23 33
33 45
33 48
33 53
60 85
9 85
23 85
38 85
30 85
3 85
1 85
45 85
10 85
48 85
38 45
13 38
38 39
38 50
38 70
10 38
24 43
24 25
10 24
19 24
19 25
23 25
25 50
25 88
10 25
22 25
9 25
25 48
13 25
25 49
25 53
9 30
9 53
9 10
9 88
9 45
2 3
2 88
2 31
2 83
2 76
2 45
2 23
10 31
31 43
31 61
31 49
13 31
19 31
31 70
31 50
13 61
13 60
13 49
13 53
13 23
13 70
13 45
13 50
3 13
10 13
13 39
61 87
49 87
10 87
76 87
1 87
30 87
19 87
49 83
49 60
22 49
43 49
49 50
39 49
49 70
23 49
3 49
10 49
48 49
30 94
61 94
60 94
22 94
1 94
45 94
48 94
30 76
30 60
30 88
19 30
30 53
3 63
63 70
60 63
1 63
48 63
63 83
23 63
63 80
63 76
80 88
22 80
53 80
45 80
61 80
75 80
76 80
66 80
39 80
23 80
70 80
10 80
19 80
22 76
22 61
22 45
3 22
22 43
22 23
22 48
5 66
1 5
5 53
3 5
5 23
5 39
5 75
5 10
23 66
23 61
23 48
19 23
23 88
23 45
1 23
35 48
35 70
35 55
19 35
35 76
35 88
35 61
18 55
6 55
55 76
55 83
55 88
10 55
19 55
50 55
48 55
55 70
55 95
10 83
10 19
1 10
10 45
10 88
18 46
43 46
46 66
3 46
46 76
46 70
1 46
46 53
46 48
18 95
18 60
18 45
18 43
18 19
18 88
18 39
60 66
60 76
60 61
3 60
60 70
50 60
36 39
36 50
1 36
36 45
36 66
6 36
36 83
36 53
36 95
6 75
6 83
6 61
6 50
6 43
6 45
50 75
75 83
3 75
43 75
53 75
48 75
75 88
29 39
29 88
29 45
29 83
29 95
29 48
29 53
39 95
39 66
39 76
39 83
39 53
39 43
76 99
15 99
61 99
50 99
66 99
3 99
70 99
15 43
15 19
15 76
1 15
3 15
1 76
1 61
1 48
1 50
1 88
1 3
50 90
45 90
3 90
88 90
90 95
45 66
45 83
45 70
3 45
16 50
16 95
16 76
16 83
4 16
16 70
0 4
4 43
4 48
4 19
4 83
4 53
4 61
4 66
4 70
48 76
48 61
3 48
43 48
19 48
51 66
51 70
51 53
50 51
53 66
53 76
53 61
43 53
50 53
19 53
61 81
81 95
0 81
3 81
67 81
81 88
43 67
67 88
3 67
67 83
19 67
67 76
61 67
70 97
19 97
0 97
91 97
95 97
82 91
43 91
26 91
91 95
19 91
83 91
66 91
88 91
26 43
26 50
26 66
26 76
26 70
50 95
50 66
50 83
43 50
3 72
72 76
72 88
19 72
72 83
76 88
3 76
3 82
82 83
0 82
70 82
61 82
0 3
3 19
3 43
61 64
20 62
20 43
19 20
20 70
20 66
20 88
20 83
11 20
66 83
70 83
19 83
68 95
62 95
95 98
0 95
43 95
19 95
66 95
11 17
61 86
27 61
61 98
11 61
0 61
11 41
11 86
11 62
11 43
0 11
11 70
11 19
11 66
11 88
41 66
66 86
27 66
62 66
0 66
66 70
43 66
41 88
86 88
27 88
62 88
43 88
56 98
0 56
41 98
86 98
27 98
62 98
43 98
70 98
19 98
27 41
27 86
27 43
27 62
27 70
19 27
0 27
0 47
19 41
19 86
19 62
0 19
19 70
69 86
69 70
41 69
0 69
41 43
41 62
41 70
41 86
0 41
57 86
57 70
0 57
43 86
62 86
70 86
0 86
0 32
62 70
43 70
0 59
43 62
0 62
0 93
0 43
0 77
