100 1485
26 52
25 26
52 74
25 74
26 91
74 91
23 52
23 25
23 91
15 26
15 74
15 23
33 52
25 33
33 91
15 33
26 32
32 74
23 32
32 33
13 52
13 25
13 91
13 15
13 32
13 53
6 26
6 74
6 23
6 13
52 58
25 58
58 91
15 58
32 58
53 58
6 58
39 74
26 39
23 39
33 39
39 58
13 39
52 64
25 64
64 91
15 64
32 64
53 64
6 64
39 64
26 37
37 74
23 37
33 37
13 37
37 58
1 52
1 25
1 91
1 15
1 32
1 53
1 6
1 39
1 37
52 92
25 92
91 92
15 92
32 92
53 92
6 92
39 92
74 92
26 92
23 92
13 92
33 92
58 92
52 55
25 55
55 91
15 55
32 55
53 55
6 55
39 55
37 55
55 92
18 92
18 74
18 26
18 23
18 33
13 18
18 58
3 25
3 91
3 32
3 39
3 18
61 92
26 61
61 74
23 61
13 61
58 61
33 61
15 81
39 81
37 81
61 81
26 49
49 74
23 49
13 49
49 58
33 49
49 55
47 52
25 47
47 91
15 47
47 53
6 47
18 47
47 61
47 49
37 67
18 67
49 67
2 15
2 53
2 37
2 18
2 26
2 74
2 23
2 58
2 13
2 33
1 2
52 93
25 93
91 93
15 93
32 93
39 93
37 93
2 93
74 90
26 90
23 90
62 90
62 87
74 88
26 88
23 88
49 54
54 88
52 76
25 76
76 91
15 76
32 76
53 76
6 76
39 76
18 76
61 76
76 90
67 76
26 76
74 76
23 76
52 73
25 73
73 91
15 73
32 73
53 73
6 73
39 73
37 73
73 92
18 73
61 73
49 73
73 88
73 76
74 89
26 89
5 53
5 6
5 37
5 18
5 90
5 87
5 88
5 89
16 81
16 74
16 26
15 50
6 50
50 92
18 50
49 50
50 87
26 40
40 74
23 40
52 66
25 66
66 91
15 66
53 66
6 66
66 92
61 66
2 66
66 87
40 66
66 81
2 70
67 70
40 70
70 81
10 81
10 26
10 74
34 52
25 34
34 91
15 34
32 34
34 53
6 34
34 39
34 37
34 61
34 90
34 87
34 40
26 28
28 74
23 28
13 28
75 92
61 75
2 75
67 75
75 76
28 75
16 75
26 82
74 82
34 82
40 48
28 48
16 48
48 82
3 48
37 41
41 61
2 41
41 87
41 88
28 41
41 81
41 70
3 41
41 48
90 97
87 97
76 97
81 97
10 97
82 97
3 97
41 97
50 97
37 96
18 96
2 96
67 96
88 96
89 96
10 96
54 96
32 80
39 80
80 92
18 80
2 80
80 87
76 80
40 80
10 80
44 49
44 87
40 44
44 81
16 44
44 70
44 50
33 44
36 52
25 36
36 91
15 36
32 36
36 53
36 37
36 61
36 90
36 67
36 88
36 81
10 36
36 44
3 36
36 80
7 10
7 82
7 80
7 41
0 7
37 94
61 94
49 94
88 94
76 94
40 94
81 94
54 94
80 94
75 94
7 94
94 96
25 69
69 91
32 69
53 69
69 92
18 69
2 69
69 87
69 88
69 89
69 70
54 69
69 80
69 75
50 69
50 51
51 96
72 92
18 72
49 72
67 72
72 76
40 72
10 72
72 82
72 80
72 75
50 72
51 72
59 92
2 59
49 59
59 67
59 88
28 59
16 59
54 59
59 80
41 59
0 59
59 96
51 59
59 79
4 37
4 61
4 49
4 87
4 88
4 89
4 70
4 54
4 80
4 41
0 4
25 56
56 91
15 56
32 56
53 56
6 56
56 92
2 56
56 90
56 88
56 76
56 81
10 56
56 82
56 80
8 15
8 39
8 92
8 61
8 49
8 67
8 88
8 81
8 70
8 54
3 8
8 41
11 44
8 11
11 50
11 56
11 22
22 63
81 84
82 84
44 84
75 84
50 84
84 96
59 84
32 98
53 98
92 98
61 98
49 98
67 98
76 98
28 98
10 98
70 98
3 98
41 98
0 98
51 98
11 98
29 32
29 53
29 92
2 29
29 90
29 87
29 88
29 89
29 70
29 54
29 44
29 75
0 29
29 51
29 59
29 98
29 94
29 74
22 29
25 95
91 95
15 95
39 95
37 95
61 95
90 95
67 95
76 95
89 95
70 95
54 95
44 95
8 95
7 95
95 96
69 95
95 98
94 95
25 65
65 91
15 65
53 65
37 65
18 65
2 65
65 67
40 65
65 89
10 65
54 65
65 80
41 65
0 65
56 65
65 69
63 65
65 94
15 24
24 53
24 92
24 61
2 24
24 67
24 76
24 89
16 24
24 70
3 24
8 24
7 24
24 51
11 24
24 72
24 84
24 65
24 48
24 36
24 47
17 44
8 17
0 17
7 17
17 69
17 63
27 37
18 27
2 27
27 87
27 40
27 81
16 27
27 44
3 27
8 27
0 27
27 56
11 27
27 72
14 32
14 39
14 18
14 61
2 14
14 87
14 88
14 81
14 16
14 54
14 44
14 41
14 75
14 96
11 14
14 59
14 27
14 65
14 48
14 36
14 34
12 52
12 25
12 91
12 15
12 32
12 39
12 18
2 12
12 90
12 67
12 76
12 89
12 16
12 70
3 12
8 12
12 50
12 56
12 69
12 72
12 27
12 74
12 22
12 95
12 47
12 64
1 12
45 69
45 98
45 94
52 68
25 68
68 91
15 68
32 68
53 68
6 68
39 68
37 68
2 68
49 68
68 87
68 76
40 68
10 68
68 82
68 80
8 68
50 68
68 96
11 68
68 72
68 94
62 68
45 68
36 68
4 68
35 90
35 88
35 76
28 35
10 35
35 82
3 35
35 75
0 35
35 56
11 35
35 98
35 84
35 68
25 99
91 99
15 99
53 99
92 99
18 99
49 99
67 99
88 99
40 99
70 99
54 99
44 99
41 99
75 99
7 99
69 99
59 99
84 99
74 99
16 57
54 57
44 57
8 57
50 57
56 57
57 59
57 98
57 84
57 68
3 43
41 43
7 43
43 96
11 43
43 98
43 84
43 48
43 57
36 43
31 40
31 89
16 31
31 82
3 31
8 31
0 31
31 51
11 31
31 98
31 94
31 74
31 48
15 77
53 77
77 92
18 77
2 77
67 77
76 77
28 77
10 77
54 77
77 80
8 77
75 77
77 96
69 77
63 77
77 94
65 77
22 77
77 93
4 77
31 77
62 77
55 77
64 77
42 52
25 42
42 91
15 42
32 42
42 53
6 42
39 42
37 42
42 92
18 42
42 61
42 49
42 67
40 42
28 42
42 81
42 82
42 80
41 42
0 42
42 96
42 51
42 72
42 94
42 65
22 42
42 77
42 47
60 75
7 60
11 60
60 63
60 72
48 60
57 60
60 95
42 60
24 60
33 60
38 84
38 74
22 38
38 95
34 38
24 38
38 58
52 83
25 83
83 91
15 83
32 83
53 83
83 92
61 83
83 90
67 83
40 83
81 83
10 83
70 83
3 83
75 83
50 83
7 83
69 83
63 83
27 83
68 83
83 99
36 83
31 83
12 83
58 83
83 97
66 83
78 88
28 78
16 78
78 82
78 80
41 78
50 78
78 96
59 78
78 98
78 94
74 78
22 78
78 99
31 78
24 78
58 78
78 83
26 78
4 78
35 78
1 78
64 78
73 78
55 78
9 69
9 63
9 84
9 65
9 57
9 95
9 42
9 17
20 25
20 91
20 53
6 20
20 37
20 61
20 90
20 67
20 76
20 28
20 81
20 82
20 80
8 20
20 50
20 56
20 51
20 63
20 27
20 68
20 22
20 36
20 34
20 24
5 20
20 35
20 33
20 97
20 64
20 29
9 20
20 26
30 99
30 77
30 31
30 42
20 30
50 71
71 96
59 71
71 72
27 71
71 74
57 71
71 77
34 71
24 71
10 21
21 54
3 21
21 41
7 21
21 96
21 59
21 98
21 27
21 74
21 22
21 95
21 42
21 24
21 58
21 66
21 71
4 21
10 86
70 86
3 86
75 86
0 86
51 86
69 86
72 86
27 86
65 86
48 86
77 86
47 86
17 86
21 86
83 86
86 97
45 86
66 86
60 86
64 86
35 86
62 86
85 92
18 85
85 90
85 87
40 85
28 85
16 85
82 85
44 85
75 85
7 85
51 85
69 85
63 85
27 85
68 85
57 85
77 85
34 85
17 85
33 85
38 85
85 86
14 85
66 85
62 85
30 85
43 85
60 85
85 93
46 80
41 46
7 46
46 56
11 46
46 98
46 74
46 65
46 48
46 95
42 46
17 46
21 46
38 46
26 46
13 46
35 46
46 62
30 46
45 46
19 25
19 91
19 53
19 39
19 37
19 61
2 19
19 87
19 76
19 89
19 70
19 54
19 44
19 75
0 19
19 56
19 69
19 98
19 27
19 74
19 48
19 99
19 34
12 19
19 33
19 83
5 19
14 19
19 35
19 46
19 64
19 29
19 55
19 45
1 46
14 21
13 21
21 43
5 21
71 83
30 71
4 71
23 71
71 73
9 71
71 79
62 71
35 71
23 30
5 30
30 66
30 93
30 97
30 73
20 62
9 26
9 13
9 66
9 64
9 29
9 45
9 55
9 78
45 83
38 83
64 83
38 55
29 38
38 93
26 38
1 38
38 60
14 60
60 79
60 62
29 60
60 73
60 97
42 93
29 42
42 73
33 42
26 42
42 58
58 77
33 77
31 47
31 43
31 35
4 31
5 31
1 31
31 45
31 64
23 31
12 43
33 43
26 43
14 43
43 79
1 43
29 43
43 45
43 93
5 57
33 57
57 62
57 99
57 58
55 57
17 57
57 73
57 93
35 99
64 99
13 99
79 99
1 99
26 99
97 99
66 99
23 99
35 95
17 35
4 35
35 66
35 55
1 35
48 68
13 68
34 68
26 68
33 68
66 68
22 45
36 45
12 45
33 45
14 45
45 79
45 55
12 14
12 93
12 79
12 17
5 12
14 33
14 23
14 66
4 14
17 27
23 27
27 97
13 27
5 27
27 34
26 27
17 65
17 36
17 47
17 29
13 17
4 17
17 24
17 62
24 66
24 55
23 24
24 97
55 65
5 65
65 95
65 93
65 97
22 65
65 73
48 95
36 95
79 95
13 95
29 95
95 97
34 95
5 29
4 29
13 29
29 64
74 98
23 98
84 98
58 98
93 98
26 98
1 84
47 84
84 94
22 84
66 84
62 84
74 84
33 84
55 84
22 48
22 23
22 36
22 66
22 34
11 74
11 55
11 69
11 64
11 13
11 23
1 11
8 26
8 96
8 66
8 58
0 8
8 23
8 56
8 47
8 50
56 75
34 56
56 58
4 56
47 56
56 73
26 56
55 56
56 66
56 62
56 93
4 59
4 63
4 94
4 48
4 26
4 55
1 4
4 97
63 79
62 63
36 63
63 73
48 63
34 63
79 94
74 79
47 79
58 79
23 79
5 79
13 79
64 79
79 97
59 93
59 73
59 72
48 59
59 97
47 59
13 59
33 72
66 72
1 72
72 94
64 72
55 72
5 72
72 97
48 72
33 51
51 69
1 51
5 51
34 51
51 66
26 51
51 62
33 69
47 69
58 69
69 94
36 69
64 94
73 94
58 94
36 94
7 26
7 96
7 55
7 74
7 36
7 73
7 64
7 23
36 96
36 47
5 36
1 36
26 36
36 73
44 64
44 80
44 62
44 55
13 44
44 73
44 66
0 44
26 80
23 80
58 80
33 80
64 80
5 80
80 96
5 96
13 96
74 96
96 97
48 96
47 97
62 97
73 97
93 97
1 41
41 62
41 73
5 41
34 41
41 74
0 48
48 64
23 48
47 48
75 82
1 82
62 82
23 82
3 75
55 75
13 75
64 75
75 93
33 75
50 75
28 54
28 50
28 81
28 58
28 34
10 34
3 34
0 34
34 47
13 34
34 62
34 55
33 34
34 73
10 70
10 33
10 55
10 73
10 23
70 74
26 70
66 70
54 70
62 70
5 70
55 70
70 73
0 70
54 66
50 66
47 66
66 93
66 73
40 50
40 81
40 47
0 40
40 55
16 50
3 50
47 50
23 50
50 62
33 50
50 93
16 47
1 16
16 58
13 16
3 16
16 64
16 93
5 16
0 5
5 23
5 13
5 93
5 62
73 89
62 89
1 89
23 89
33 89
58 73
23 73
13 73
62 73
55 76
76 93
33 76
64 76
54 76
1 76
3 76
13 54
54 93
26 54
54 74
3 54
47 54
54 58
0 88
58 88
62 88
13 88
62 93
90 93
33 90
1 90
64 90
58 90
13 90
0 90
67 93
81 93
3 93
74 93
33 93
23 93
2 55
2 87
26 87
74 87
23 87
58 87
0 87
55 87
67 87
33 87
81 87
13 87
67 74
26 67
23 67
47 67
64 67
1 67
3 67
47 81
3 47
47 74
47 58
26 47
3 49
49 81
74 81
26 81
3 81
64 81
0 81
0 61
3 61
61 64
3 74
1 3
18 64
1 18
18 55
55 58
26 55
1 55
1 92
64 92
0 92
0 1
1 74
1 33
1 23
1 64
37 64
0 64
13 64
0 58
58 74
33 58
13 58
23 58
6 33
0 6
0 13
13 26
33 53
15 53
23 53
23 26
53 91
53 74
25 53
26 53
52 53
0 53
