100 990
29 85
54 65
54 85
29 67
54 67
65 95
85 95
67 95
22 29
22 54
22 95
65 72
72 85
67 72
11 29
11 54
11 95
11 72
74 85
65 74
67 74
2 29
2 54
2 95
2 72
2 74
29 73
65 73
73 85
67 73
29 75
54 75
75 95
72 75
74 75
73 75
84 85
65 84
67 84
2 84
11 84
75 84
4 29
4 54
4 95
4 72
4 74
4 73
4 84
47 73
47 84
47 65
47 85
47 67
4 47
22 47
47 75
11 47
2 47
18 73
18 84
18 47
29 34
34 73
34 47
34 65
34 85
34 67
22 34
29 43
43 84
43 47
34 43
43 65
43 85
43 64
29 30
30 54
30 95
30 72
30 73
30 84
62 85
62 65
62 67
4 62
62 75
11 62
26 29
26 54
26 95
26 72
26 74
26 84
26 62
29 82
54 82
82 95
72 82
74 82
73 82
51 65
51 85
51 67
1 51
1 34
1 67
12 29
12 54
12 72
12 84
12 62
12 82
12 43
12 76
23 47
23 34
23 67
2 23
51 79
79 82
67 79
76 79
79 93
12 39
15 47
15 82
15 43
15 30
49 76
45 49
45 75
21 29
21 54
21 74
21 73
21 62
21 82
21 67
2 21
21 79
18 21
12 21
15 21
31 62
31 82
31 34
2 31
31 79
31 39
21 31
29 40
40 54
40 74
40 73
40 51
40 82
40 43
2 40
40 76
40 75
21 40
40 52
40 45
63 79
39 63
44 47
44 82
44 67
2 44
23 44
44 75
25 29
25 54
25 73
25 84
25 47
25 82
25 43
25 30
25 76
25 75
25 44
25 64
7 67
2 7
7 79
7 39
29 88
88 95
74 88
73 88
51 88
82 88
34 88
2 88
79 88
39 88
7 88
52 88
88 93
17 88
28 84
28 82
28 67
2 28
28 49
18 28
21 28
32 67
30 32
32 49
32 75
21 32
32 71
32 93
19 93
4 19
19 32
7 55
29 37
37 54
37 95
37 72
37 73
37 84
37 47
37 82
37 43
30 37
23 37
37 49
7 37
37 61
37 42
29 83
73 83
62 83
51 83
34 83
76 83
23 83
49 83
44 83
52 83
83 93
63 83
28 83
25 83
11 83
36 44
36 64
36 55
36 83
46 55
46 83
23 57
39 57
7 57
57 61
42 57
19 57
67 98
2 98
23 98
49 98
21 98
52 98
45 98
63 98
21 81
64 81
81 93
81 98
28 81
24 46
42 94
17 94
24 94
47 66
51 66
43 66
30 66
66 79
18 66
44 66
64 66
42 66
63 66
28 66
51 59
34 59
59 67
30 59
23 59
18 59
21 59
59 71
55 59
59 63
28 59
59 66
74 91
84 91
62 91
34 91
43 91
76 91
79 91
75 91
21 91
52 91
55 91
9 18
9 71
9 93
9 38
9 98
9 59
16 43
16 30
16 49
16 18
7 16
16 52
16 17
16 19
0 14
2 14
14 79
14 75
14 44
14 52
14 45
14 63
14 98
29 50
50 84
47 50
50 82
0 50
2 50
49 50
39 50
44 50
50 71
42 50
38 50
14 50
50 66
60 93
19 60
60 98
18 78
71 78
42 78
19 78
57 78
66 78
10 29
10 73
10 84
10 82
10 34
10 76
10 79
10 18
10 21
10 45
10 93
10 63
10 14
10 78
10 15
20 29
20 54
20 95
20 73
20 47
20 34
20 67
20 30
20 23
20 75
7 20
20 71
20 45
17 20
20 98
20 24
20 60
10 20
3 44
3 52
3 55
3 38
3 57
3 66
3 16
6 21
6 61
6 93
6 19
6 57
6 59
6 60
8 16
8 65
1 8
8 85
29 69
69 73
51 69
34 69
67 69
30 69
49 69
69 75
44 69
64 69
45 69
69 83
69 98
66 69
8 69
6 69
31 69
32 69
37 69
9 69
69 81
69 94
56 72
56 84
47 56
34 56
43 56
30 56
49 56
18 56
44 56
56 61
17 56
19 56
46 56
24 56
4 56
41 47
34 41
41 43
2 41
23 41
18 41
41 44
41 61
41 45
17 41
28 41
41 78
16 41
32 97
36 97
44 80
64 80
17 80
63 80
80 98
78 80
16 80
80 97
79 96
39 96
7 96
71 96
45 96
63 96
14 96
78 96
16 96
8 96
1 96
36 96
35 96
13 67
13 76
13 23
13 49
13 21
13 61
13 93
13 38
13 98
13 78
13 15
13 65
13 96
13 32
13 37
13 35
79 90
39 90
7 90
52 90
42 90
63 90
46 90
4 90
50 90
10 90
3 90
13 90
18 87
61 87
55 87
38 87
87 98
59 87
60 87
65 87
42 89
63 89
28 89
24 89
50 89
89 97
87 89
43 58
30 58
58 79
39 58
7 58
45 58
55 58
17 58
28 58
4 58
16 58
58 65
58 89
20 48
48 58
45 70
19 70
57 70
66 70
60 70
6 70
3 70
48 70
3 92
11 92
42 99
83 99
57 99
59 99
60 99
10 99
41 99
12 99
40 99
92 99
80 99
81 99
20 99
67 68
30 68
68 76
68 75
7 68
64 68
17 68
19 68
46 68
24 68
60 68
10 68
31 68
48 68
68 99
62 77
77 82
67 77
2 77
76 77
39 77
44 77
71 77
77 93
63 77
14 77
59 77
50 77
41 77
77 89
12 77
77 87
77 90
62 86
82 86
43 86
2 86
23 86
49 86
7 86
61 86
55 86
17 86
14 86
24 86
50 86
86 97
3 86
32 86
40 86
77 86
80 86
7 27
27 71
27 42
27 38
27 46
4 27
16 27
10 27
27 89
27 40
5 55
5 83
5 46
4 5
5 15
5 41
5 32
5 13
5 40
5 88
5 36
5 94
5 27
5 87
1 27
27 81
27 70
27 86
27 36
25 86
58 86
68 77
77 94
77 80
68 85
56 68
68 94
68 90
70 92
33 67
30 33
23 33
33 39
18 33
33 71
33 93
33 38
28 33
4 33
15 33
33 97
3 33
12 33
33 92
1 33
33 91
20 33
33 35
22 33
9 92
91 92
22 92
1 70
70 80
26 70
35 70
48 94
1 48
58 87
1 58
58 85
58 94
58 90
12 89
89 91
29 53
53 54
53 73
53 84
47 53
34 53
0 53
30 53
53 79
53 75
44 53
53 61
45 53
53 63
14 53
53 78
53 60
53 65
53 89
11 53
37 53
9 53
20 53
36 53
53 91
53 56
11 89
32 87
56 87
25 87
87 90
90 91
69 90
13 25
13 80
56 96
26 96
25 96
80 96
35 80
26 80
41 97
85 97
9 41
41 56
32 41
22 41
31 41
11 56
56 91
56 69
26 56
8 31
6 8
8 94
8 25
6 31
6 81
1 6
6 40
3 6
6 11
3 94
3 81
3 20
20 85
20 25
20 22
10 37
10 35
10 26
10 65
60 78
37 78
26 78
11 78
50 60
60 81
40 60
50 91
50 88
16 50
25 50
37 50
1 14
12 14
14 16
14 91
14 65
4 16
16 36
9 16
9 31
9 12
9 88
9 26
9 81
38 91
15 38
38 65
59 91
65 91
40 91
36 91
25 59
59 65
32 59
4 59
31 66
66 94
35 66
12 66
22 66
15 94
81 94
24 36
24 40
24 81
24 85
15 24
12 81
25 81
85 98
57 98
4 98
46 57
11 57
32 57
15 57
25 57
57 85
36 46
40 46
37 46
31 46
28 46
11 36
25 36
35 36
37 83
26 83
22 83
31 83
31 37
26 37
37 85
35 37
1 37
61 85
4 61
11 61
61 64
55 61
45 55
4 55
35 55
55 85
31 55
19 35
28 35
15 35
35 88
12 19
1 19
15 32
32 85
11 32
28 71
12 71
28 45
26 28
28 88
22 28
4 88
65 88
31 88
12 88
25 88
85 88
1 88
7 93
7 42
1 7
7 26
42 64
17 42
22 42
42 63
12 42
17 26
17 25
1 17
44 63
44 85
4 44
63 64
40 63
31 40
11 40
22 40
31 52
45 52
22 52
31 85
21 22
11 21
21 45
15 45
11 49
15 49
49 75
49 64
49 85
15 39
15 64
15 22
12 15
15 26
39 93
64 93
65 93
11 93
18 79
23 79
1 79
26 79
22 23
4 23
23 75
12 23
23 64
23 85
12 65
12 22
1 76
26 76
65 76
1 18
1 64
1 4
51 82
2 51
51 75
65 82
82 85
67 82
4 82
26 82
2 82
26 43
26 75
26 64
11 26
22 26
22 62
30 62
30 34
0 30
2 30
30 64
30 85
18 30
11 30
18 64
64 65
2 43
43 75
18 43
43 67
18 34
11 34
18 75
18 22
18 65
0 4
2 4
4 75
4 11
22 84
2 75
65 75
11 75
22 73
2 73
11 73
2 22
2 65
22 74
11 74
0 11
22 72
22 67
22 65
22 85
65 67
67 85
0 85
29 65
0 65
