100 1485
18 30
30 79
18 75
75 79
30 55
18 33
33 79
33 55
38 79
30 38
33 38
38 75
18 85
79 85
55 85
38 85
27 30
27 33
27 75
27 85
18 83
79 83
55 83
38 83
27 83
30 42
42 75
33 42
42 85
42 83
18 80
79 80
55 80
38 80
27 80
42 80
9 79
9 38
9 42
9 30
9 33
9 75
9 83
9 85
18 22
22 79
22 55
22 38
22 27
22 42
9 22
3 18
3 79
3 55
3 38
3 27
3 42
3 9
3 30
3 33
3 75
3 83
3 85
3 80
3 22
18 65
65 79
55 65
38 65
27 65
42 65
9 65
3 65
30 93
33 93
75 93
85 93
83 93
65 93
22 93
80 93
17 38
17 27
9 17
17 93
30 60
60 75
33 60
60 85
60 83
22 60
18 96
79 96
55 96
38 96
42 96
3 96
60 96
18 82
79 82
55 82
38 82
42 82
9 82
82 93
60 82
30 82
75 82
33 82
82 85
82 83
19 38
19 27
19 42
9 19
42 98
3 98
93 98
30 98
75 98
33 98
83 98
85 98
22 98
65 98
80 98
18 57
57 79
38 57
27 57
9 57
3 57
57 98
57 60
57 65
65 67
30 67
67 75
67 85
24 55
24 38
24 27
3 24
24 93
24 60
24 67
18 46
46 79
46 55
38 46
42 46
3 46
46 98
46 60
46 65
46 67
30 46
46 75
55 71
27 71
42 71
3 71
71 93
71 82
65 71
46 71
11 71
13 18
13 79
13 55
13 38
13 27
13 42
9 13
3 13
13 98
13 82
13 65
13 67
65 88
67 88
11 88
30 88
75 88
18 97
79 97
55 97
38 97
42 97
9 97
93 97
60 97
33 97
67 97
88 97
15 98
15 82
15 65
15 46
11 15
13 15
34 88
15 34
34 57
17 34
18 74
74 79
55 74
38 74
42 74
3 74
74 98
33 74
67 74
46 74
11 74
30 52
9 31
3 31
31 93
31 60
31 65
11 31
59 98
59 82
59 65
46 59
30 59
1 59
1 15
38 72
27 72
9 72
72 93
72 98
72 82
33 72
67 72
72 88
59 72
18 99
79 99
55 99
38 99
9 99
3 99
93 99
33 99
65 99
67 99
11 99
52 99
72 99
17 99
74 99
2 60
2 82
2 65
2 46
2 88
2 13
2 57
2 72
2 54
38 78
27 78
9 78
3 78
78 98
78 82
33 78
67 78
59 78
13 78
15 78
55 94
38 94
42 94
3 94
93 94
82 94
65 94
11 94
59 94
52 94
72 94
64 94
62 98
62 82
62 65
62 67
59 62
13 62
62 72
17 62
19 62
68 79
38 68
42 68
3 68
68 98
60 68
33 68
11 68
59 68
13 68
68 72
64 68
62 68
39 42
3 39
39 98
39 60
33 39
39 46
39 88
39 52
39 72
17 39
39 54
21 98
21 82
21 65
21 46
21 59
13 21
15 21
33 63
46 63
63 88
52 63
15 63
63 64
27 81
9 81
81 93
60 81
33 81
67 81
11 81
59 81
72 81
63 81
74 81
54 81
20 57
20 63
20 62
20 78
28 63
28 54
29 74
29 83
84 93
82 84
33 84
11 84
59 84
52 84
57 84
17 84
74 84
39 84
29 84
20 84
88 91
13 91
57 91
64 91
54 91
78 91
28 91
84 91
18 70
38 70
9 70
3 70
70 98
60 70
33 70
67 70
11 70
13 70
57 70
17 70
70 74
70 83
29 70
70 84
31 70
50 70
26 65
26 46
26 88
13 26
15 26
26 64
26 62
26 78
20 26
2 26
57 77
17 77
74 77
39 77
77 83
48 74
48 54
29 48
48 77
48 70
18 40
40 79
38 40
27 40
40 42
3 40
40 98
33 40
40 65
40 67
40 88
40 52
15 40
40 72
40 54
39 40
28 40
40 77
31 40
6 18
6 27
6 9
3 6
6 93
6 82
6 67
6 11
6 59
6 13
6 72
6 64
6 62
6 78
6 20
6 84
11 37
13 37
37 57
37 64
37 63
37 83
29 37
37 77
31 37
23 37
37 97
9 41
41 93
41 98
33 41
41 65
41 67
41 59
13 41
41 72
41 63
41 62
41 78
28 41
41 84
37 41
23 41
32 88
13 32
15 32
32 64
32 54
32 83
20 32
32 77
32 70
32 40
5 18
5 79
5 38
5 27
5 42
3 5
5 98
5 82
5 65
5 67
5 11
5 52
5 15
5 63
5 62
5 78
5 28
5 84
5 37
5 23
67 76
46 76
76 88
52 76
15 76
17 76
74 76
76 83
29 76
2 76
31 76
40 76
5 76
32 76
16 63
16 78
16 28
2 16
16 70
16 23
4 60
4 82
4 65
4 67
4 11
4 52
4 57
4 64
4 74
4 83
4 20
2 4
4 37
4 23
51 59
51 52
51 72
51 64
51 63
51 83
29 51
51 77
31 51
23 51
4 51
32 51
38 56
27 56
9 56
56 93
56 98
56 60
33 56
56 67
56 88
15 56
56 72
17 56
56 74
39 56
28 56
56 77
56 70
26 56
56 68
48 56
12 18
12 79
12 55
12 27
9 12
3 12
12 98
12 82
12 33
12 67
12 59
12 13
12 57
12 63
12 62
12 39
12 83
12 84
12 37
12 23
5 12
62 92
78 92
83 92
20 92
31 92
26 92
68 92
42 86
9 86
86 93
60 86
33 86
46 86
59 86
52 86
72 86
63 86
74 86
39 86
20 86
2 86
31 86
26 86
68 86
86 92
56 86
75 86
14 70
14 26
4 14
14 92
14 56
33 47
11 47
47 88
47 52
47 72
47 64
47 54
39 47
29 47
47 84
37 47
47 58
5 47
47 48
53 74
53 54
29 53
20 53
53 77
53 58
53 68
32 53
51 53
7 33
7 11
7 88
7 52
7 15
7 63
7 62
7 78
7 28
2 7
7 37
7 26
7 68
7 48
7 53
7 75
1 7
7 99
18 49
49 79
49 55
38 49
42 49
9 49
49 93
49 60
33 49
46 49
49 88
15 49
49 72
49 64
49 74
49 78
28 49
49 84
49 70
40 49
4 49
48 49
49 56
49 97
49 96
7 49
30 49
49 86
35 79
35 38
9 35
3 35
35 98
33 35
35 67
35 46
35 88
35 59
35 57
17 35
35 74
35 83
20 35
35 77
35 70
35 40
5 35
35 92
35 56
35 47
14 35
7 35
10 72
10 64
10 74
10 39
10 20
10 77
10 37
10 40
10 68
10 48
10 53
10 75
1 10
14 45
43 62
39 43
29 43
43 77
31 43
23 43
26 43
43 92
43 51
43 97
43 96
43 45
30 43
43 86
43 99
6 43
34 43
21 43
8 79
8 38
8 9
3 8
8 93
8 60
8 65
8 67
8 59
8 52
8 15
8 17
8 63
8 54
8 28
8 84
8 77
8 40
8 68
8 92
8 16
8 75
1 8
36 65
36 46
36 59
15 36
36 57
17 36
36 74
36 78
28 36
36 84
36 70
26 36
5 36
36 48
36 51
36 47
14 36
36 41
88 90
52 90
57 90
17 90
54 90
83 90
28 90
84 90
31 90
58 90
4 90
16 90
53 90
75 90
90 97
36 90
33 61
11 61
59 61
13 61
57 61
61 63
61 62
61 78
20 61
2 61
61 70
23 61
5 61
61 92
56 61
61 97
14 61
7 61
30 61
61 90
15 73
17 73
62 73
54 73
73 83
2 73
70 73
23 73
68 73
32 73
53 73
47 73
73 96
36 73
61 73
73 86
35 73
6 73
34 73
0 73
43 73
8 73
73 85
21 73
33 69
11 69
69 88
52 69
57 69
64 69
62 69
69 78
29 69
2 69
69 70
23 69
5 69
69 92
51 69
69 75
14 69
45 69
61 69
27 87
9 87
87 93
82 87
33 87
46 87
11 87
52 87
57 87
17 87
54 87
39 87
28 87
84 87
37 87
26 87
4 87
87 92
56 87
87 97
14 87
36 87
30 87
81 87
41 87
19 87
44 72
44 63
44 74
44 78
28 44
44 84
31 44
44 58
44 68
16 44
44 53
44 75
1 44
36 44
10 44
44 87
57 66
64 66
63 66
66 78
29 66
66 84
37 66
26 66
4 66
48 66
16 66
66 97
66 96
36 66
30 66
66 86
35 66
44 66
66 76
66 71
19 66
34 66
29 89
84 89
37 89
58 89
68 89
89 92
51 89
89 97
89 96
10 89
89 90
86 89
66 89
76 89
19 89
43 89
89 91
85 89
44 89
89 94
66 80
6 44
19 44
44 49
44 91
79 95
27 95
42 95
3 95
93 95
82 95
65 95
46 95
11 95
13 95
15 95
17 95
62 95
54 95
20 95
2 95
77 95
40 95
68 95
32 95
51 95
53 95
1 95
36 95
10 95
81 95
95 99
6 95
19 95
41 95
50 95
94 95
44 95
71 95
44 71
69 87
35 87
87 94
71 87
21 87
22 69
69 80
12 69
49 69
50 69
69 71
21 69
8 69
61 85
6 61
61 80
21 61
0 61
34 61
50 90
24 90
90 91
19 90
86 90
25 29
2 25
25 70
25 58
25 26
25 92
25 51
25 75
25 96
25 45
25 90
25 81
22 25
25 80
0 25
25 41
25 50
25 85
24 25
25 94
81 90
34 90
8 36
30 36
36 91
0 36
8 30
8 35
8 22
8 80
8 34
8 43
8 85
8 24
24 43
45 86
45 81
45 71
45 50
10 45
22 45
45 85
45 80
10 19
10 12
10 76
10 30
10 22
10 94
10 35
35 80
35 85
35 99
35 49
24 35
6 49
12 49
49 85
41 49
49 71
7 34
7 24
7 12
7 76
7 94
7 21
6 7
6 53
53 85
47 53
0 53
53 91
34 53
30 53
41 47
12 47
47 71
47 99
19 47
1 47
47 96
6 47
47 94
14 47
14 86
12 14
6 14
14 91
14 22
14 30
86 91
81 86
0 86
12 86
12 92
19 92
71 92
0 92
50 92
12 56
12 99
12 80
12 34
12 91
12 41
12 21
34 56
56 75
51 56
30 56
19 56
56 99
41 56
51 91
51 97
51 94
51 80
1 51
51 81
4 85
4 80
4 19
1 4
4 91
4 16
4 71
4 96
4 68
4 75
16 32
16 80
16 41
16 24
0 16
16 21
16 76
16 96
16 50
16 22
16 71
75 76
1 76
76 81
24 76
76 94
71 76
0 76
76 91
76 85
5 48
5 34
5 30
5 22
5 32
0 5
5 97
5 94
5 99
32 41
32 81
6 32
30 32
32 91
32 34
32 94
24 32
32 85
1 41
30 41
22 41
41 80
41 94
41 91
0 37
37 94
37 99
37 75
37 80
6 23
23 96
21 23
23 85
23 75
23 97
23 24
6 58
6 68
6 81
6 99
6 50
6 34
40 58
30 58
58 91
40 68
26 40
40 81
40 94
40 71
40 48
40 96
40 80
0 40
22 48
48 75
48 97
1 48
48 81
21 48
48 96
48 99
31 77
77 96
75 77
77 85
0 77
34 77
26 77
19 26
26 34
26 50
1 26
22 26
26 99
50 68
50 97
50 96
50 81
50 99
19 50
0 50
50 91
70 91
1 70
30 70
21 70
91 99
91 94
84 99
30 84
81 84
29 75
29 85
29 31
0 29
21 29
28 29
22 29
28 97
28 30
28 96
19 28
20 28
24 28
20 34
20 99
20 80
20 81
20 71
20 22
1 20
31 81
81 97
81 96
22 81
24 81
63 80
63 71
63 97
31 63
21 63
24 63
63 75
21 62
21 39
2 21
21 68
21 75
21 97
21 22
21 80
21 24
21 71
39 78
34 39
39 97
39 96
39 75
39 85
39 83
22 39
39 68
1 39
68 83
2 68
31 68
24 68
62 80
62 94
1 62
22 62
62 71
0 62
78 94
83 94
2 94
1 94
22 94
0 94
30 64
64 78
64 96
74 78
30 78
31 78
19 78
2 78
2 83
2 24
2 71
2 80
2 19
2 97
54 83
54 97
30 54
54 99
24 54
1 99
30 99
22 99
0 99
17 72
72 74
1 72
24 72
71 72
19 72
72 75
1 17
1 83
1 24
1 85
1 80
59 96
57 59
31 59
24 59
59 75
17 59
0 59
31 52
15 31
31 74
31 71
31 85
19 31
24 31
31 34
22 31
52 74
52 83
24 52
17 74
74 85
74 96
34 74
34 96
24 34
0 34
15 57
15 97
15 30
15 83
15 22
15 85
57 97
75 97
22 97
24 97
19 88
85 88
80 88
22 88
13 88
13 30
13 80
13 19
13 85
13 71
13 17
13 75
13 96
13 22
71 83
71 96
30 71
19 71
17 46
46 83
19 46
46 80
11 46
24 46
46 96
22 46
17 24
0 24
67 83
57 67
0 57
19 57
30 57
57 96
57 75
57 80
11 98
19 98
19 82
19 33
19 96
19 80
19 85
82 96
17 82
65 82
80 82
22 82
33 96
0 96
17 60
60 80
60 65
17 33
17 83
0 17
17 22
17 85
30 65
65 75
65 85
65 83
22 65
11 65
3 11
22 85
9 80
9 11
33 80
80 83
75 80
11 42
33 83
11 83
0 83
11 27
33 85
11 85
75 85
11 38
30 33
33 75
11 33
55 75
11 55
11 75
11 79
11 30
11 18
0 11
