100 1980
25 53
43 53
25 80
43 80
53 80
20 25
20 43
20 80
39 43
39 80
39 53
20 39
21 25
21 43
21 80
21 39
43 54
54 80
53 54
20 54
25 63
43 63
63 80
39 63
54 63
24 25
24 43
24 80
24 39
24 54
24 53
20 24
24 63
25 41
41 43
41 80
39 41
41 54
24 41
68 80
53 68
20 68
21 68
63 68
41 68
25 92
43 92
80 92
39 92
54 92
24 92
68 92
53 58
20 58
21 58
58 92
41 58
58 63
25 82
43 82
80 82
39 82
54 82
24 82
68 82
58 82
5 53
5 20
5 63
5 92
5 41
5 21
5 82
25 31
31 43
31 80
31 39
31 54
24 31
31 68
31 58
5 31
80 99
24 99
5 99
53 99
20 99
41 99
92 99
63 99
21 99
82 99
31 99
11 25
11 43
11 80
11 39
11 54
11 24
11 68
11 58
5 11
11 99
43 56
56 80
39 56
54 56
24 56
56 68
56 99
53 56
20 56
56 92
56 63
21 56
41 56
56 82
31 56
11 56
25 78
43 78
78 80
39 78
54 78
24 78
68 78
58 78
5 78
78 99
56 78
43 59
59 80
39 59
54 59
24 59
59 68
5 59
53 59
20 59
41 59
59 63
59 92
21 59
59 82
31 59
11 59
59 78
25 30
30 43
30 80
30 39
30 54
24 30
30 68
30 58
5 30
30 99
30 56
30 59
53 88
20 88
63 88
21 88
88 92
41 88
31 88
82 88
11 88
30 88
78 88
6 25
6 43
6 80
6 39
6 54
6 24
6 68
6 58
5 6
6 99
6 56
6 59
6 88
16 43
16 80
16 39
16 24
5 16
16 59
16 88
16 53
16 20
16 92
16 41
16 63
16 21
16 31
16 82
11 16
16 30
16 78
25 37
37 43
37 80
37 39
37 54
24 37
37 68
37 58
5 37
37 99
37 56
37 59
37 88
16 37
43 77
77 80
5 77
77 99
59 77
53 77
20 77
77 92
63 77
41 77
21 77
31 77
77 82
11 77
77 78
30 77
25 93
43 93
80 93
39 93
54 93
24 93
68 93
58 93
5 93
93 99
56 93
59 93
88 93
16 93
77 93
15 53
15 20
15 92
15 21
15 63
15 41
15 82
15 31
15 30
11 15
15 78
14 43
14 80
14 24
14 56
14 16
14 15
23 43
23 80
23 39
23 54
23 24
23 68
5 23
23 56
23 88
23 77
15 23
23 53
20 23
23 63
23 41
21 23
23 92
23 31
11 23
23 30
23 78
25 26
26 43
26 80
26 39
26 54
24 26
26 68
26 99
26 59
15 26
23 26
25 28
28 43
28 80
28 39
28 54
24 28
28 68
28 58
5 28
28 56
28 59
28 77
28 82
28 53
20 28
28 63
21 28
28 92
28 41
28 31
25 81
43 81
80 81
39 81
54 81
24 81
68 81
58 81
81 99
59 81
81 88
15 81
23 81
28 81
12 43
12 80
12 39
12 54
12 24
12 68
12 99
12 59
12 16
12 15
12 82
12 28
12 53
12 20
12 41
12 63
12 21
12 92
12 31
9 80
9 56
9 16
9 77
9 82
9 28
9 12
2 82
2 28
2 11
2 37
2 53
2 20
2 21
2 41
2 63
2 92
4 25
4 43
4 80
4 39
4 54
4 24
4 68
4 58
4 5
4 99
4 56
4 59
4 88
4 15
4 82
65 82
23 65
53 65
20 65
21 65
63 65
41 65
65 92
31 65
30 65
65 78
11 65
42 43
42 80
39 42
24 42
42 68
42 99
42 59
15 42
42 82
42 65
12 42
37 42
43 51
51 80
24 51
51 56
51 59
16 51
15 51
28 51
12 51
37 51
51 53
20 51
80 96
56 96
16 96
77 96
82 96
28 96
11 96
2 96
51 96
53 95
20 95
46 80
46 56
46 88
15 46
46 82
46 65
11 46
37 46
2 46
46 95
36 53
12 70
37 70
51 70
36 70
13 25
13 43
13 80
13 39
13 54
13 24
13 68
13 58
5 13
13 99
13 56
13 59
13 88
13 16
13 77
13 15
13 82
13 65
12 13
13 37
2 13
7 43
7 80
7 24
7 99
7 88
7 15
7 82
7 65
7 11
7 37
2 7
7 53
7 20
82 97
65 97
12 97
38 53
20 38
38 92
38 63
21 38
38 41
69 82
65 69
38 69
2 69
51 69
69 95
53 87
82 94
23 94
11 94
37 94
0 94
7 94
87 94
4 94
53 94
60 94
25 32
32 43
32 80
32 39
32 54
24 32
32 68
32 58
5 32
32 99
32 56
32 59
32 88
16 32
32 77
15 32
32 82
28 32
11 32
32 38
2 32
7 32
13 32
4 32
13 57
13 47
47 87
47 53
47 78
26 47
11 17
17 37
0 17
17 95
17 87
17 47
17 57
43 89
80 89
54 89
24 89
5 89
56 89
88 89
77 89
82 89
28 89
12 89
37 89
0 89
51 89
13 89
87 89
57 89
53 89
31 89
81 89
67 80
67 77
67 82
65 67
11 67
37 67
51 67
67 95
13 67
4 67
57 67
67 89
25 35
35 43
35 80
35 39
35 54
24 35
35 68
35 58
5 35
35 99
35 56
35 59
35 88
16 35
35 77
15 35
23 35
28 35
11 35
35 37
35 51
7 35
35 36
35 87
32 35
35 89
43 72
72 80
39 72
24 72
5 72
72 99
16 72
72 77
23 72
28 72
12 72
2 72
51 72
7 72
72 87
47 72
57 72
72 89
53 72
35 72
43 79
79 80
39 79
24 79
5 79
79 99
79 88
16 79
23 79
65 79
12 79
38 79
0 79
7 79
13 79
47 79
79 94
79 89
72 79
25 40
40 43
40 80
39 40
40 54
24 40
40 68
40 58
5 40
40 99
40 56
40 59
40 88
16 40
40 77
15 40
23 40
40 65
38 40
37 40
0 40
40 95
36 40
40 47
40 94
32 40
49 80
24 49
49 68
49 56
49 59
15 49
49 82
49 65
11 49
37 49
2 49
7 49
13 49
49 87
4 49
49 89
49 53
6 49
49 69
42 49
46 49
0 91
7 91
36 91
4 91
32 91
49 91
72 91
67 91
91 93
60 91
8 80
8 59
8 88
8 16
8 82
8 65
8 11
8 37
0 8
8 95
8 87
4 8
8 57
8 32
8 49
8 67
8 40
4 22
22 49
22 67
43 45
45 80
39 45
45 54
24 45
45 68
5 45
45 56
45 88
45 77
23 45
28 45
11 45
2 45
45 51
45 95
45 87
4 45
45 57
45 49
45 72
45 67
22 45
26 45
43 76
76 80
54 76
24 76
76 99
56 76
76 88
16 76
15 76
65 76
12 76
37 76
0 76
7 76
36 76
76 87
57 76
76 89
72 76
45 76
76 93
22 76
13 66
47 66
57 66
49 66
66 72
66 67
66 93
8 66
66 69
25 98
43 98
80 98
39 98
54 98
24 98
68 98
58 98
5 98
56 98
59 98
16 98
23 98
65 98
38 98
37 98
51 98
95 98
36 98
47 98
32 98
89 98
35 98
45 98
40 98
60 98
66 98
78 98
63 98
70 98
97 98
1 23
1 28
1 12
1 37
1 51
1 95
1 13
1 4
1 94
1 89
1 49
1 67
1 93
1 60
43 52
52 80
39 52
52 54
24 52
52 68
52 99
52 56
52 59
15 52
52 82
28 52
12 52
2 52
0 52
7 52
36 52
4 52
52 57
32 52
35 52
45 52
52 93
22 52
41 52
52 92
33 52
33 78
33 63
18 80
18 24
5 18
18 99
18 59
18 77
18 82
18 65
12 18
2 18
0 18
18 51
18 36
18 87
18 32
18 89
18 35
18 45
18 93
18 60
8 18
18 78
18 70
18 46
6 18
18 53
18 76
43 71
71 80
39 71
54 71
24 71
68 71
5 71
71 99
71 88
16 71
23 71
28 71
12 71
2 71
51 71
71 95
13 71
71 87
57 71
32 71
71 72
45 71
71 93
22 71
52 71
71 78
41 71
18 71
64 72
64 67
64 93
60 64
8 64
52 64
64 70
18 64
25 75
43 75
75 80
39 75
54 75
24 75
68 75
58 75
5 75
75 99
56 75
59 75
75 88
16 75
75 77
15 75
23 75
28 75
11 75
37 75
51 75
7 75
36 75
4 75
75 94
75 89
72 75
45 75
40 75
10 43
10 80
10 39
10 54
10 24
10 68
5 10
10 56
10 59
10 77
10 23
10 65
10 12
10 37
10 51
7 10
10 36
10 47
10 94
10 89
10 72
10 40
36 44
44 87
32 44
44 89
44 72
40 44
10 44
22 44
44 52
44 78
44 70
18 44
44 64
1 44
43 86
80 86
39 86
54 86
24 86
68 86
5 86
56 86
59 86
16 86
82 86
65 86
12 86
2 86
51 86
86 95
13 86
4 86
86 94
32 86
35 86
67 86
10 86
22 86
8 86
52 86
41 86
18 86
86 97
1 86
75 86
57 83
83 89
72 83
45 83
10 83
22 83
66 83
41 83
63 83
70 83
64 83
1 83
83 86
48 80
48 99
48 59
48 77
23 48
28 48
11 48
2 48
0 48
48 95
36 48
47 48
48 57
32 48
35 48
45 48
10 48
22 48
8 48
19 80
19 99
16 19
19 77
19 23
19 65
11 19
2 19
0 19
7 19
19 36
4 19
19 94
19 32
19 35
19 67
19 40
19 22
19 52
0 29
7 29
13 29
4 29
29 94
29 89
29 72
29 67
29 40
8 29
29 66
19 29
29 70
29 46
23 55
28 55
12 55
38 55
0 55
55 95
36 55
47 55
55 57
32 55
49 55
55 67
40 55
55 60
55 66
52 55
41 55
46 55
29 55
55 96
30 55
73 80
56 73
73 88
73 77
15 73
65 73
12 73
37 73
0 73
7 73
13 73
47 73
57 73
32 73
35 73
67 73
10 73
60 73
66 73
52 73
70 73
18 73
55 73
6 73
23 27
27 28
11 27
27 38
0 27
27 95
27 36
27 87
27 94
27 32
27 72
27 40
27 93
10 27
27 66
27 78
27 63
18 27
27 55
61 88
16 61
61 82
28 61
11 61
2 61
51 61
7 61
36 61
61 87
61 94
32 61
61 72
45 61
61 93
60 61
52 61
19 61
61 63
46 61
61 64
6 61
27 61
17 61
50 94
32 50
35 50
45 50
10 50
22 50
50 66
50 78
50 63
46 50
50 97
50 61
50 86
48 50
30 50
85 88
77 85
82 85
65 85
11 85
37 85
0 85
36 85
13 85
4 85
85 94
85 89
72 85
67 85
85 93
10 85
66 85
78 85
63 85
64 85
85 97
6 85
61 85
48 85
85 91
50 85
83 85
73 85
29 85
85 96
21 85
42 85
26 85
85 98
69 85
66 90
78 90
41 90
70 90
90 97
6 90
27 90
90 91
81 90
85 90
29 90
3 41
3 18
3 55
3 6
3 86
3 48
3 91
3 42
3 29
3 90
3 83
3 69
3 53
3 76
3 71
3 26
51 84
7 84
84 87
4 84
84 94
32 84
49 84
40 84
84 93
60 84
8 84
52 84
41 84
46 84
64 84
1 84
84 86
84 91
30 84
21 84
29 84
84 90
79 84
44 84
12 62
2 62
0 62
62 95
13 62
47 62
62 94
49 62
35 62
45 62
62 93
60 62
8 62
52 62
41 62
46 62
62 64
62 97
27 62
48 62
30 62
42 62
31 62
62 92
62 83
62 69
17 62
62 84
14 62
26 62
62 71
62 73
3 84
17 84
20 84
26 84
14 84
3 98
20 90
73 90
16 74
74 77
74 82
23 74
38 74
2 74
0 74
7 74
13 74
47 74
74 94
32 74
72 74
45 74
74 93
22 74
66 74
74 78
41 74
70 74
55 74
6 74
61 74
74 91
74 81
42 74
31 74
74 90
74 83
69 74
53 74
74 76
14 74
17 74
71 74
9 74
69 90
17 90
76 90
90 96
31 50
50 92
50 83
44 50
50 76
33 50
17 50
50 71
50 96
9 50
21 61
33 61
30 61
9 61
48 61
61 79
25 34
34 43
34 80
34 39
34 54
24 34
34 68
34 58
34 99
34 56
34 59
34 77
23 34
28 34
11 34
34 38
34 51
7 34
13 34
34 47
34 94
32 34
34 72
34 45
34 93
10 34
8 34
34 78
34 63
34 70
34 97
6 34
34 61
34 81
17 34
34 98
34 71
33 34
31 34
34 96
30 34
34 73
34 48
34 92
21 34
29 34
61 81
31 61
27 86
27 29
14 27
27 71
27 76
27 91
21 27
27 92
26 27
27 73
27 75
20 27
73 91
31 73
73 75
44 73
33 73
73 98
71 73
9 73
26 73
55 92
26 55
55 69
1 55
31 55
55 79
55 91
55 75
48 55
6 29
29 30
29 44
29 31
29 98
9 29
29 83
14 29
29 71
19 78
19 30
19 42
19 46
19 26
19 91
19 63
19 70
1 19
6 19
19 81
9 19
19 31
19 79
19 48
19 92
19 69
48 63
48 64
6 48
48 91
9 48
48 83
48 79
48 69
44 48
48 76
42 48
81 83
83 92
53 83
44 83
83 98
76 83
20 86
44 86
53 86
17 86
42 86
69 86
86 96
86 98
44 91
21 44
44 79
44 98
44 71
14 44
26 44
10 42
9 10
10 97
10 22
10 14
10 70
10 96
10 31
6 10
10 41
10 21
10 75
10 63
66 75
52 75
41 75
64 75
75 97
75 81
21 75
31 75
75 92
9 75
69 75
14 75
71 75
26 75
33 75
17 75
64 97
42 64
6 64
20 64
64 71
21 64
53 64
33 64
1 71
71 91
42 71
71 92
9 71
1 18
18 96
18 69
18 81
18 33
18 92
33 97
30 33
21 33
31 33
33 79
33 69
33 76
33 96
9 33
20 33
6 52
14 52
20 52
1 52
52 96
52 76
1 63
1 31
1 6
1 9
1 92
1 30
1 81
1 14
1 26
1 98
1 79
81 98
92 98
53 98
20 98
96 98
14 98
66 79
46 66
30 66
66 70
66 97
66 78
66 76
53 66
41 76
76 97
6 76
76 81
21 76
42 76
53 76
76 96
9 76
45 60
42 45
45 63
14 45
45 78
21 45
45 81
22 53
22 60
9 22
8 22
22 30
22 96
21 22
6 22
22 31
22 79
20 22
8 69
8 41
8 63
8 17
8 21
8 81
8 31
8 26
8 91
8 9
8 42
41 91
46 91
91 97
14 91
26 91
53 91
79 91
49 97
14 49
41 49
20 49
49 78
31 49
49 96
40 49
21 49
26 49
40 96
40 97
40 79
30 40
6 40
40 41
40 46
40 69
40 78
40 63
40 92
40 60
20 40
79 93
63 79
46 79
21 79
42 79
79 92
53 79
9 79
79 96
20 79
17 79
6 72
46 72
20 72
60 72
72 81
14 35
35 67
35 41
35 92
9 35
17 35
35 42
35 93
30 35
35 70
35 69
35 53
35 97
35 78
63 67
31 67
67 92
53 67
67 69
67 93
17 67
20 67
67 70
9 67
63 89
9 89
21 89
89 92
17 89
89 93
70 89
17 93
17 60
17 78
17 41
17 46
17 97
17 30
17 42
17 31
17 26
14 17
46 47
9 47
41 47
14 47
47 70
47 69
47 57
47 92
47 63
4 47
53 57
57 69
57 92
6 57
30 57
32 57
57 96
57 97
46 57
9 57
42 57
21 57
32 53
30 32
32 60
26 32
32 96
42 60
60 81
46 60
60 92
14 60
60 97
60 78
26 60
60 70
93 94
81 94
63 94
14 94
31 94
26 94
20 94
41 94
69 87
42 87
21 87
14 87
41 87
9 87
6 87
81 87
87 93
69 70
6 69
30 69
42 69
9 69
53 69
20 69
31 38
0 38
38 93
26 38
38 97
0 97
7 97
13 97
4 97
78 97
63 97
14 97
9 97
81 97
20 97
6 7
7 81
7 13
7 26
7 9
7 21
7 78
7 41
13 53
13 96
13 92
4 13
13 81
13 70
6 13
13 93
13 20
13 63
4 70
63 70
70 92
70 81
26 70
70 96
53 70
31 70
20 36
36 78
31 36
26 36
30 36
36 46
46 93
46 63
14 46
30 46
21 46
20 46
26 46
9 46
42 46
92 95
31 95
14 95
95 96
30 95
93 95
4 95
63 95
42 95
4 96
78 96
6 96
81 96
42 96
53 96
20 96
14 96
51 92
4 51
41 51
9 51
6 51
51 78
31 51
51 63
21 51
42 51
4 42
42 63
6 42
42 81
42 92
14 65
4 65
6 65
4 12
2 4
4 53
4 21
4 20
4 30
4 31
4 78
2 81
2 78
2 30
2 9
2 14
9 63
9 30
9 21
12 81
6 12
12 30
11 12
12 93
0 81
81 93
21 81
31 81
26 81
53 81
0 28
28 78
26 28
11 28
28 37
28 30
11 26
0 26
26 93
26 31
26 92
20 26
0 23
14 23
23 93
11 14
14 37
14 78
14 41
14 30
14 21
14 92
15 37
6 15
15 93
0 15
82 93
0 93
30 93
53 93
37 77
6 77
37 82
11 37
37 53
20 37
37 92
37 63
21 37
37 41
31 37
6 37
6 16
0 16
6 82
6 41
6 53
30 82
0 30
30 41
30 53
20 30
30 92
78 82
11 78
21 78
20 78
53 78
11 82
11 53
11 20
11 21
11 41
11 63
11 92
11 31
0 11
0 99
31 82
31 41
21 31
31 53
0 5
53 82
20 82
63 82
82 92
41 82
21 82
0 92
20 92
0 68
0 41
21 41
41 63
21 24
0 24
0 63
20 63
21 54
0 54
0 21
20 21
0 39
0 20
20 53
0 80
0 53
25 43
0 43
