100 2475
27 61
27 78
61 78
27 66
66 78
32 61
32 66
27 36
36 78
32 36
27 30
30 78
30 32
30 61
30 36
27 40
40 78
32 40
30 40
27 38
38 78
38 61
38 40
38 66
36 38
27 29
29 78
29 32
29 30
29 38
3 27
3 78
3 32
3 30
3 38
3 61
3 40
3 66
3 36
18 27
18 78
18 32
18 30
18 38
3 18
55 61
55 66
36 55
40 55
18 55
29 55
27 62
62 78
32 62
30 62
38 62
3 62
55 62
27 74
74 78
30 74
3 74
61 74
66 74
40 74
36 74
29 74
18 74
62 74
27 92
78 92
32 92
30 92
38 92
3 92
55 92
74 92
29 92
47 61
36 47
40 47
47 66
47 62
18 47
47 92
27 34
34 78
32 34
30 34
34 38
3 34
34 55
34 74
29 34
34 47
27 51
51 78
38 51
3 51
29 51
51 61
51 66
40 51
36 51
51 62
18 51
51 92
34 51
7 27
7 78
7 32
7 30
7 38
3 7
7 55
7 74
7 29
7 47
7 51
16 30
3 16
16 29
16 61
16 40
16 36
16 66
16 18
16 62
16 92
16 34
9 27
9 78
9 32
9 30
9 38
3 9
9 55
9 74
9 29
9 47
9 51
9 16
61 77
40 77
36 77
66 77
62 77
18 77
34 77
77 92
7 77
2 27
2 78
2 32
2 30
2 38
2 3
2 55
2 74
2 29
2 47
2 51
2 16
2 77
20 27
20 78
20 30
20 38
3 20
20 74
20 29
20 51
20 61
20 40
20 36
20 66
20 62
18 20
20 92
20 34
21 27
21 78
21 32
21 30
21 38
3 21
21 55
21 74
21 29
21 47
21 51
16 21
21 77
20 21
27 33
33 78
32 33
30 33
33 38
3 33
33 55
33 74
29 33
33 47
33 51
16 33
33 77
20 33
33 61
33 66
33 36
33 40
18 33
33 62
33 92
33 34
27 71
71 78
32 71
30 71
38 71
3 71
55 71
71 74
29 71
47 71
51 71
16 71
71 77
20 71
33 71
27 35
35 78
30 35
35 38
3 35
35 74
29 35
16 35
20 35
35 61
35 36
35 66
35 40
18 35
35 62
34 35
35 92
27 82
78 82
32 82
30 82
38 82
3 82
55 82
74 82
29 82
47 82
51 82
16 82
77 82
20 82
33 82
35 82
66 82
49 61
40 49
36 49
18 49
49 62
34 49
49 92
2 49
27 54
54 78
32 54
30 54
38 54
3 54
54 55
54 74
29 54
47 54
51 54
16 54
54 77
20 54
33 54
35 54
54 66
49 54
27 58
58 78
30 58
3 58
29 58
16 58
20 58
35 58
58 61
40 58
36 58
58 62
18 58
34 58
58 92
58 82
7 58
58 71
9 58
27 46
46 78
32 46
30 46
38 46
3 46
46 55
46 74
29 46
46 47
46 51
16 46
46 77
20 46
33 46
35 46
46 66
46 49
46 58
46 71
27 60
60 78
32 60
30 60
38 60
3 60
55 60
29 60
47 60
16 60
20 60
60 66
58 60
60 71
60 61
36 60
40 60
18 60
60 62
34 60
60 92
46 60
54 60
7 60
21 60
2 60
9 60
60 82
8 27
8 78
8 32
8 30
8 38
3 8
8 55
8 74
8 29
8 47
8 51
8 16
8 77
8 20
8 33
8 35
8 66
8 49
8 58
8 71
8 60
11 27
11 78
11 32
11 30
11 38
3 11
11 55
11 74
11 29
11 47
11 51
11 16
11 77
11 20
11 33
11 35
11 66
11 49
11 58
11 71
11 61
11 40
11 36
11 62
11 18
11 34
11 92
11 21
11 46
2 11
11 54
11 82
7 11
9 11
27 98
78 98
32 98
30 98
38 98
3 98
55 98
74 98
29 98
47 98
51 98
16 98
77 98
20 98
33 98
35 98
66 98
49 98
58 98
71 98
60 98
11 98
61 64
40 64
36 64
18 64
62 64
64 92
34 64
7 64
2 64
54 64
21 64
46 64
9 64
64 82
10 27
10 78
10 32
10 30
3 10
10 74
10 29
10 16
10 33
10 35
10 66
10 60
10 64
30 88
3 88
29 88
47 88
77 88
66 88
58 88
71 88
11 88
61 88
40 88
36 88
18 88
62 88
34 88
88 92
9 88
2 88
82 88
21 88
46 88
54 88
7 88
27 48
48 78
30 48
3 48
47 48
48 51
33 48
48 66
48 58
48 71
48 88
0 48
19 27
19 78
19 32
19 30
19 38
3 19
19 29
19 51
19 20
19 66
19 58
19 60
11 19
19 88
19 61
19 40
19 36
19 62
18 19
19 34
19 92
19 82
10 19
27 44
44 78
32 44
30 44
38 44
3 44
44 55
44 74
29 44
44 47
44 51
16 44
44 77
44 66
44 49
44 60
44 88
27 65
65 78
3 65
65 74
47 65
51 65
33 65
35 65
65 66
65 71
65 88
0 65
61 65
40 65
36 65
62 65
18 65
65 92
34 65
2 65
27 75
75 78
32 75
30 75
38 75
3 75
55 75
74 75
29 75
47 75
51 75
16 75
75 77
20 75
33 75
35 75
58 75
71 75
60 75
65 75
75 93
34 75
27 72
72 78
32 72
30 72
3 72
72 74
29 72
16 72
20 72
35 72
49 72
71 72
11 72
0 72
19 72
20 28
28 66
28 49
28 60
28 88
0 28
28 93
28 61
28 36
28 40
18 28
28 62
27 39
39 78
30 39
3 39
29 39
39 77
33 39
35 39
39 49
39 60
39 64
0 39
39 93
28 39
27 99
78 99
32 99
30 99
38 99
3 99
55 99
74 99
29 99
47 99
51 99
16 99
77 99
20 99
33 99
35 99
66 99
71 99
11 99
65 99
93 99
28 99
72 99
61 99
36 99
40 99
62 99
18 99
13 27
3 13
13 29
13 51
13 20
13 66
13 49
13 71
11 13
0 13
13 93
13 34
13 99
27 76
76 78
30 76
3 76
29 76
76 77
33 76
66 76
58 76
71 76
11 76
0 76
76 93
34 76
28 76
27 96
78 96
38 96
3 96
29 96
77 96
20 96
33 96
49 96
60 96
64 96
65 96
93 96
28 96
72 96
61 96
40 96
36 96
62 96
18 96
82 96
27 59
59 78
32 59
30 59
38 59
3 59
29 59
51 59
33 59
59 66
49 59
58 59
59 60
0 59
59 93
34 59
59 72
59 96
27 73
73 78
32 73
30 73
38 73
3 73
55 73
73 74
47 73
16 73
33 73
66 73
58 73
71 73
64 73
0 73
65 73
34 73
72 73
73 76
27 53
53 78
32 53
30 53
38 53
3 53
53 74
29 53
47 53
16 53
33 53
35 53
53 66
53 60
53 64
0 53
19 53
34 53
53 72
53 96
53 61
40 53
36 53
53 62
18 53
1 33
1 35
1 66
1 60
1 11
0 1
1 19
1 34
1 72
1 76
1 53
1 61
1 40
1 36
1 62
1 18
12 27
12 78
12 32
12 30
12 38
3 12
12 55
12 74
12 29
12 47
12 51
12 16
12 33
12 35
12 66
12 58
11 12
12 65
12 19
12 34
12 99
12 76
12 53
1 12
25 27
25 78
25 32
25 30
25 38
3 25
25 55
25 74
25 29
25 47
25 51
16 25
25 77
20 25
25 33
25 35
25 49
25 58
25 64
0 25
25 65
25 34
25 28
25 96
25 76
18 25
25 61
25 36
25 40
29 63
51 63
33 63
63 66
49 63
63 71
11 63
63 88
63 93
34 63
28 63
63 76
53 63
25 63
22 29
22 77
22 33
22 66
22 49
22 60
22 88
0 22
19 22
22 28
22 99
22 96
22 76
22 25
22 61
22 36
22 40
72 81
76 81
53 81
1 81
22 81
29 84
51 84
20 84
66 84
49 84
71 84
11 84
65 84
19 84
28 84
84 99
84 96
73 84
1 84
25 84
61 84
3 6
6 74
6 29
6 51
6 77
6 33
6 66
6 58
6 64
6 88
6 93
6 28
6 99
6 76
6 53
1 6
6 25
6 84
20 70
35 70
66 70
60 70
11 70
65 70
19 70
28 70
70 99
70 76
70 73
18 70
25 70
70 84
61 70
2 70
27 31
31 78
31 32
30 31
31 38
3 31
31 55
31 74
29 31
31 47
31 51
16 31
31 77
31 33
31 66
31 71
31 60
31 88
31 93
28 31
31 99
31 76
31 73
18 31
25 31
45 61
5 99
5 96
5 53
1 5
5 45
5 84
27 52
52 78
32 52
30 52
38 52
3 52
52 55
52 74
29 52
47 52
51 52
16 52
20 52
52 66
49 52
52 71
52 64
52 88
19 52
52 93
52 72
52 99
52 53
18 52
25 52
45 52
52 61
19 37
34 37
37 72
37 96
37 53
18 37
25 37
37 52
37 70
11 79
0 79
19 79
34 79
72 79
79 99
53 79
1 79
25 79
79 84
52 79
29 95
16 95
77 95
33 95
49 95
71 95
11 95
0 95
65 95
28 95
72 95
76 95
53 95
1 95
22 95
84 95
52 95
61 95
36 95
79 95
8 95
27 83
78 83
30 83
38 83
3 83
74 83
47 83
16 83
33 83
35 83
66 83
71 83
60 83
83 88
83 93
34 83
72 83
83 96
53 83
18 83
25 83
83 84
70 83
83 95
75 83
43 49
43 71
43 60
43 65
43 93
34 43
43 99
43 96
43 73
1 43
25 43
43 84
43 52
43 95
43 75
27 42
42 78
32 42
30 42
38 42
3 42
42 74
29 42
42 47
16 42
33 42
42 66
42 58
42 71
11 42
42 65
42 93
34 42
42 72
42 96
42 73
18 42
22 42
42 84
42 70
7 42
42 75
42 61
39 42
29 86
51 86
33 86
35 86
66 86
58 86
11 86
0 86
65 86
34 86
72 86
86 96
73 86
1 86
22 86
45 86
70 86
79 86
42 86
43 86
62 86
59 86
27 68
68 78
30 68
38 68
3 68
68 74
29 68
51 68
33 68
35 68
49 68
68 71
64 68
0 68
65 68
34 68
68 72
68 76
53 68
18 68
22 68
45 68
52 68
7 68
68 79
42 68
62 68
68 86
27 91
78 91
32 91
30 91
38 91
3 91
55 91
74 91
29 91
47 91
51 91
16 91
77 91
20 91
33 91
35 91
66 91
49 91
58 91
60 91
11 91
0 91
19 91
91 93
72 91
76 91
73 91
18 91
22 91
84 91
70 91
7 91
75 91
42 91
17 58
17 60
17 88
17 65
17 19
17 93
17 72
17 99
17 73
17 18
17 22
17 84
17 52
17 95
17 79
17 42
17 61
17 39
6 17
5 17
20 50
50 66
50 58
50 71
11 50
50 88
19 50
28 50
50 72
50 76
50 73
18 50
25 50
45 50
50 52
7 50
50 79
17 50
50 63
36 50
27 67
67 78
3 67
67 74
47 67
67 77
20 67
35 67
66 67
58 67
64 67
67 88
65 67
28 67
67 72
67 99
53 67
1 67
22 67
67 84
52 67
7 67
67 75
42 67
17 67
67 86
67 91
50 67
13 67
75 90
42 90
62 90
86 90
67 90
81 90
65 89
89 93
89 99
89 96
73 89
1 89
25 89
45 89
7 89
89 95
79 89
43 89
17 89
86 89
89 91
3 24
24 77
20 24
24 35
24 49
24 58
24 64
24 65
19 24
24 28
24 99
24 96
24 73
18 24
24 25
24 84
24 70
7 24
24 79
24 43
24 62
24 86
24 36
24 67
5 24
27 69
69 78
32 69
30 69
38 69
3 69
55 69
69 74
29 69
47 69
51 69
16 69
69 77
66 69
58 69
69 71
64 69
69 88
69 93
34 69
28 69
69 96
69 73
1 69
22 69
45 69
52 69
69 95
69 79
43 69
63 69
36 69
69 91
24 69
69 89
69 90
26 30
3 26
26 29
26 77
26 33
26 66
26 49
26 71
11 26
0 26
19 26
26 34
26 72
26 96
26 53
1 26
25 26
26 45
26 70
7 26
26 75
26 43
17 26
26 63
26 67
24 26
26 89
26 90
2 26
26 39
26 50
20 23
23 33
23 66
23 60
11 23
23 88
19 23
23 34
23 28
23 76
23 73
1 23
22 23
23 45
23 52
23 95
23 75
23 42
17 23
23 63
23 36
23 67
23 89
2 23
23 26
23 68
23 40
23 54
23 92
15 27
15 78
15 38
3 15
15 29
15 16
15 20
15 35
15 58
15 71
15 88
0 15
15 93
15 34
15 99
15 76
15 53
1 15
15 22
15 45
15 52
15 95
15 79
15 43
15 62
15 36
15 67
15 24
15 81
15 90
15 26
15 69
15 23
72 85
76 85
73 85
1 85
25 85
45 85
52 85
85 95
79 85
43 85
17 85
85 86
85 91
81 85
8 85
85 89
2 85
68 85
23 85
59 85
48 85
60 94
88 94
19 94
34 94
94 99
94 96
53 94
1 94
25 94
45 94
70 94
94 95
75 94
42 94
62 94
36 94
91 94
81 94
89 94
2 94
82 94
69 94
31 94
85 94
40 94
4 27
3 4
4 29
4 16
4 33
4 35
4 49
4 71
4 64
4 65
4 19
4 34
4 72
4 96
4 73
4 18
4 25
4 52
4 70
4 7
4 79
4 43
4 62
4 36
4 91
4 24
4 8
2 4
4 26
4 68
4 23
52 97
7 97
42 97
43 97
17 97
63 97
91 97
24 97
8 97
89 97
2 97
68 97
23 97
85 97
4 97
76 80
18 80
25 80
80 84
70 80
80 95
75 80
43 80
62 80
63 80
36 80
24 80
80 89
80 90
80 82
69 80
31 80
80 97
40 80
4 80
29 87
51 87
77 87
33 87
49 87
60 87
11 87
65 87
19 87
34 87
72 87
87 96
73 87
18 87
25 87
45 87
70 87
7 87
42 87
43 87
17 87
63 87
36 87
67 87
87 89
87 90
26 87
82 87
23 87
87 97
40 87
20 57
35 57
57 66
57 71
11 57
0 57
57 65
28 57
57 72
57 96
53 57
1 57
45 57
57 84
57 70
7 57
57 79
42 57
17 57
57 63
57 91
57 67
8 57
57 90
57 82
57 69
23 57
57 85
57 92
10 57
6 57
57 61
5 57
12 57
9 57
50 57
39 57
46 57
57 87
29 41
16 41
41 77
41 66
41 58
41 60
41 88
0 41
41 93
34 41
28 41
41 99
41 73
1 41
25 41
41 45
41 52
41 95
41 75
41 42
41 63
36 41
41 91
24 41
8 41
41 89
41 82
41 68
31 41
41 85
41 92
41 57
41 87
41 83
41 80
41 98
41 48
41 54
41 59
39 41
9 41
37 41
13 41
41 94
44 57
57 59
4 87
87 98
15 87
5 87
87 94
21 87
59 87
14 28
14 76
14 73
1 14
14 22
14 84
7 14
14 95
14 75
14 17
14 62
14 86
14 36
14 24
8 14
2 14
14 26
14 82
14 69
14 31
14 92
4 14
14 87
14 98
10 14
9 14
14 80
14 15
14 48
14 39
6 14
14 37
14 83
14 94
46 87
80 87
13 87
10 80
59 80
5 80
80 94
48 80
6 80
13 80
46 80
21 80
5 97
92 97
46 97
12 97
39 97
21 97
37 97
9 97
27 56
56 78
32 56
30 56
38 56
3 56
55 56
56 74
29 56
47 56
51 56
56 77
33 56
35 56
56 66
56 60
11 56
56 88
19 56
56 93
56 99
56 76
56 73
18 56
25 56
56 84
52 56
7 56
56 75
17 56
56 63
56 86
36 56
24 56
56 89
56 90
56 82
56 68
23 56
56 97
56 92
40 56
12 56
56 98
54 56
9 56
5 56
13 56
44 56
56 61
56 94
46 56
21 56
50 56
44 97
61 97
4 40
4 48
4 21
4 13
4 83
4 54
4 94
4 98
4 37
4 15
4 39
10 94
9 94
15 94
21 94
6 94
50 94
61 94
85 98
6 85
13 85
54 85
61 85
15 85
83 85
44 85
10 85
15 92
15 98
15 54
15 59
5 15
15 46
15 37
15 61
15 83
15 21
23 83
23 98
23 31
10 23
23 50
23 39
26 83
26 37
26 31
26 69
9 26
26 40
26 61
26 68
26 98
6 26
68 69
21 69
59 69
50 69
69 83
31 69
69 92
44 69
39 69
9 69
13 69
5 69
24 37
24 31
24 50
24 54
24 61
24 92
24 81
21 24
24 89
24 48
81 89
61 89
10 89
83 89
82 89
89 90
59 89
13 89
2 89
54 89
10 90
46 90
6 90
44 90
90 98
39 90
21 90
40 90
83 90
68 90
31 90
5 90
61 67
67 82
31 67
67 68
9 67
8 67
67 98
40 67
6 67
67 83
44 67
46 67
8 50
2 50
31 50
40 50
12 50
50 98
10 50
50 59
5 50
13 50
37 50
39 50
48 50
50 61
17 63
13 17
17 54
9 17
17 82
17 40
12 17
17 91
17 92
36 91
21 91
48 91
10 91
2 91
40 91
91 92
12 91
37 91
6 91
81 91
68 91
44 91
9 91
8 68
48 68
40 68
13 68
6 68
54 68
46 68
12 68
37 68
10 68
61 68
5 86
37 86
48 86
46 86
9 86
21 86
6 86
54 86
39 86
31 86
61 86
40 86
44 86
2 86
9 42
42 82
40 42
2 42
31 42
42 98
10 42
36 42
42 59
42 43
42 44
43 61
43 83
43 62
43 92
8 43
12 43
37 43
40 43
43 82
21 43
43 48
43 81
43 46
62 83
63 83
36 83
40 83
12 83
54 83
9 83
5 83
6 83
37 83
48 83
44 83
46 83
2 95
63 95
62 95
12 95
31 95
92 95
75 95
48 95
9 95
95 98
6 95
61 79
37 79
10 79
79 81
36 79
31 79
44 79
79 98
75 79
79 92
8 79
46 79
62 79
54 79
12 79
37 75
37 62
8 37
2 37
31 37
37 92
12 37
10 37
9 37
13 37
21 37
37 46
37 44
52 82
44 52
52 75
7 52
52 59
13 52
5 52
52 81
52 54
48 52
52 63
5 7
5 75
5 62
5 36
5 8
2 5
5 82
5 40
5 98
5 10
5 9
5 61
5 39
5 44
40 45
36 45
45 62
45 59
9 45
45 75
45 98
31 45
45 46
21 45
2 45
45 54
31 70
31 63
31 81
31 44
21 31
31 61
6 31
31 59
12 31
31 46
31 48
31 40
6 70
10 70
40 70
70 98
12 70
21 70
46 70
70 82
44 70
36 70
39 70
62 70
8 70
6 75
6 62
6 81
6 92
6 12
6 98
6 54
6 59
6 13
6 39
6 48
6 61
40 84
81 84
63 84
48 84
13 84
12 84
8 84
39 84
10 84
84 92
36 84
7 84
75 81
62 81
36 81
12 81
13 81
10 81
81 82
59 81
39 81
2 81
48 81
40 81
8 81
81 92
46 81
54 81
22 44
22 48
22 62
22 75
22 63
22 98
9 22
10 22
22 82
22 92
13 22
2 22
22 39
21 22
22 54
63 75
46 63
21 63
61 63
48 63
36 63
59 63
13 63
63 92
12 63
63 98
8 63
10 63
25 46
7 25
8 25
12 25
25 59
8 12
2 12
12 82
12 40
10 12
12 44
12 54
12 61
9 12
12 48
12 46
1 54
1 2
1 59
1 13
1 39
1 75
44 53
21 53
53 73
53 98
53 82
53 75
53 92
8 53
13 53
48 53
61 73
36 73
40 73
18 73
62 73
59 73
7 73
39 73
46 73
2 73
54 73
10 73
7 59
59 75
36 59
8 59
59 82
40 59
10 59
13 59
48 59
21 59
9 59
44 59
39 96
9 96
46 96
54 96
96 98
21 96
2 96
76 96
61 76
40 76
36 76
62 76
18 76
75 76
76 92
13 76
7 76
10 76
8 76
9 76
7 13
13 75
13 62
8 13
2 13
13 40
13 54
13 44
13 48
13 39
2 99
82 99
10 99
39 99
54 99
8 99
21 99
44 99
48 99
7 39
39 62
36 39
8 39
39 92
10 39
9 39
39 44
39 61
39 46
10 28
28 92
28 54
2 28
8 28
28 72
9 28
7 28
28 44
28 46
61 72
40 72
36 72
18 72
62 72
48 72
72 75
72 98
72 92
9 72
61 75
2 75
10 75
48 75
21 75
9 65
65 98
54 65
7 65
65 82
46 65
44 65
21 65
19 44
34 44
18 44
7 44
44 62
8 44
44 82
44 98
44 54
21 44
44 46
19 46
9 19
19 93
8 19
7 19
19 98
61 93
40 93
36 93
18 93
62 93
34 93
92 93
21 93
2 93
48 93
54 93
46 93
93 98
34 48
18 48
2 48
48 82
48 92
48 54
21 48
48 61
8 88
0 88
10 88
10 18
10 62
10 82
10 92
10 98
10 21
10 46
64 98
18 98
62 98
36 98
8 98
82 98
40 98
21 98
61 98
8 11
0 8
8 18
8 62
8 36
8 21
8 9
2 8
0 46
18 46
7 46
36 46
46 82
40 46
46 54
21 46
54 58
2 58
21 58
0 58
54 71
0 54
7 54
54 62
36 54
2 54
54 92
54 61
9 54
7 49
9 49
49 71
21 49
49 82
71 82
0 82
34 82
18 82
7 82
36 82
2 82
21 82
82 92
9 82
2 35
7 35
35 71
9 35
21 35
66 71
61 71
36 71
40 71
62 71
18 71
71 92
34 71
21 71
2 71
9 71
7 71
0 71
21 33
7 33
9 33
2 33
21 66
0 21
21 34
18 21
7 21
21 92
9 20
7 20
2 20
0 20
2 66
0 2
2 62
2 92
2 9
2 61
9 77
9 66
0 9
9 18
7 9
9 62
9 92
9 61
7 16
0 16
7 66
0 7
7 34
7 18
7 61
7 92
7 40
0 51
34 66
0 34
34 61
34 36
34 40
34 62
18 34
34 92
0 47
66 92
0 92
18 92
40 92
0 74
29 62
62 66
0 62
18 62
61 62
0 55
18 29
18 66
0 18
18 61
18 40
18 36
3 29
0 3
29 61
29 66
29 36
29 40
0 29
0 38
40 66
0 40
30 66
0 30
36 66
0 36
0 32
61 66
0 66
0 78
0 61
0 27
