100 1485
75 88
60 75
29 88
29 60
75 97
29 97
73 88
60 73
53 75
29 53
53 73
72 88
60 72
72 97
33 75
29 33
33 73
33 72
34 60
34 88
34 97
34 53
33 34
17 75
17 29
17 73
17 72
17 34
32 60
32 88
32 53
32 97
32 33
17 32
58 75
29 58
58 73
58 72
34 58
32 58
60 89
88 89
53 89
33 89
89 97
58 89
17 89
65 75
29 65
65 73
65 72
34 65
32 65
65 89
65 99
9 88
9 60
9 53
9 33
9 97
9 58
9 17
56 75
29 56
56 73
56 72
34 56
32 56
56 89
56 99
9 56
42 88
42 60
42 97
42 53
33 42
17 42
42 58
42 65
25 75
25 29
25 73
25 72
25 34
25 32
25 89
25 99
9 25
25 42
45 88
45 60
45 97
45 53
33 45
45 58
17 45
45 65
25 45
40 75
29 40
40 73
40 72
34 40
32 40
40 89
40 99
9 40
40 42
40 45
27 40
40 60
40 88
40 53
40 97
33 40
17 40
40 58
25 40
50 89
45 50
40 50
73 84
72 84
84 99
42 84
40 84
84 88
60 84
84 97
53 84
33 84
58 84
17 84
37 89
37 42
37 40
37 84
27 68
60 78
78 88
33 78
53 78
78 97
58 78
17 78
65 78
73 87
34 87
42 87
45 87
27 87
78 87
49 75
29 49
49 73
49 72
34 49
49 89
49 99
45 49
40 49
49 84
49 88
49 60
49 53
49 97
33 49
49 58
17 49
49 65
75 98
73 98
72 98
34 98
89 98
98 99
9 98
45 98
27 98
78 98
49 98
24 88
24 60
24 33
24 53
24 97
5 75
5 29
5 73
5 72
5 34
5 89
5 99
5 45
5 27
5 78
5 68
5 24
73 85
72 85
85 99
42 85
27 85
40 85
49 85
50 85
68 81
50 81
60 81
81 88
8 81
23 89
23 42
23 27
23 84
23 68
23 98
23 81
0 23
18 81
18 23
16 75
16 73
16 72
16 34
16 42
16 45
16 40
16 84
16 49
16 50
16 81
16 23
40 96
84 96
49 96
96 98
53 96
9 43
42 43
27 43
40 43
43 49
24 43
43 98
23 43
43 87
10 45
10 78
10 68
10 98
10 85
10 43
55 75
29 55
55 73
55 72
34 55
55 89
9 55
42 55
27 55
55 78
55 68
24 55
55 81
53 55
55 56
52 75
52 72
9 52
42 52
45 52
52 84
52 68
50 52
52 85
23 52
52 55
21 85
21 23
16 21
16 44
21 44
3 10
9 48
42 48
27 48
48 84
48 68
48 98
48 81
43 48
48 55
3 48
48 58
19 75
19 29
19 73
19 72
19 34
19 89
19 99
19 42
19 27
19 78
19 49
19 24
19 98
19 43
19 46
40 41
41 84
41 49
41 98
41 81
41 53
41 46
21 41
19 41
18 41
41 88
64 89
45 64
40 64
64 84
64 78
50 64
64 85
23 64
43 64
64 97
19 64
38 45
38 84
38 49
38 98
38 85
38 53
38 55
38 46
3 38
1 40
1 84
1 78
1 24
1 81
1 43
1 16
1 21
1 3
1 38
1 88
26 85
26 53
16 26
21 26
19 26
26 38
26 52
26 44
13 75
13 73
13 72
13 34
13 99
13 45
13 27
13 84
13 49
13 50
13 81
13 23
13 16
13 97
13 58
14 75
14 73
14 72
14 34
9 14
14 42
14 27
14 40
14 68
14 24
14 53
14 43
14 16
14 21
3 14
14 38
10 14
14 52
27 28
28 40
28 68
28 50
28 53
23 28
28 43
28 46
28 58
14 28
28 88
28 64
28 33
20 75
20 29
20 73
20 72
20 34
20 89
20 99
9 20
20 42
20 45
20 40
20 84
20 68
20 24
20 85
20 53
20 43
20 21
3 20
20 38
20 88
55 59
59 97
3 59
18 59
52 59
59 96
37 59
62 68
24 62
62 85
23 62
55 62
62 97
58 62
38 62
14 62
59 62
26 62
31 85
23 31
16 31
21 31
31 58
18 31
31 52
31 96
26 31
19 54
14 54
54 88
54 59
33 54
2 49
2 50
2 53
2 23
2 55
2 97
2 19
2 38
2 64
2 59
2 33
2 54
9 22
22 42
22 27
22 84
22 68
22 50
22 85
22 23
22 43
22 46
22 58
18 22
14 22
22 59
22 26
13 22
12 98
12 53
12 55
12 21
12 19
12 18
12 64
12 59
40 57
57 84
57 68
57 98
57 85
53 57
16 57
21 57
57 58
14 57
52 57
57 59
10 57
49 93
50 93
81 93
23 93
16 93
93 97
3 93
38 93
88 93
93 96
57 93
20 93
22 93
35 89
35 42
27 35
35 84
35 49
35 50
35 85
23 35
35 55
35 46
19 35
35 38
35 52
35 96
20 35
35 54
13 35
35 37
35 48
4 57
4 20
4 35
4 93
85 90
53 90
46 90
21 90
3 90
14 90
52 90
90 96
57 90
31 90
13 90
78 94
50 94
81 94
23 94
55 94
46 94
58 94
18 94
88 94
94 96
33 94
54 94
22 94
35 94
62 94
8 94
6 55
6 97
6 19
6 38
6 52
6 59
6 33
6 31
6 22
6 94
6 37
43 69
69 97
58 69
38 69
14 69
69 96
57 69
31 69
22 69
69 94
69 90
40 92
84 92
49 92
24 92
85 92
23 92
55 92
21 92
58 92
18 92
14 92
64 92
57 92
54 92
41 92
85 95
53 95
16 95
46 95
19 95
18 95
14 95
64 95
20 95
13 95
22 95
51 95
90 95
75 77
29 77
73 77
72 77
34 77
77 89
77 99
9 77
42 77
45 77
27 77
77 78
49 77
77 98
77 81
53 77
16 77
21 77
3 77
18 77
64 77
77 96
26 77
31 77
22 77
35 77
77 90
13 79
35 79
79 93
77 79
2 79
48 79
7 75
7 73
7 72
7 34
7 42
7 45
7 40
7 84
7 49
7 50
7 98
7 43
7 55
7 97
7 58
7 38
7 52
7 64
7 57
7 54
7 13
7 93
7 90
7 69
39 68
39 50
39 98
39 53
39 55
39 97
3 39
14 39
39 64
39 96
26 39
39 54
13 39
39 93
39 90
8 39
2 39
39 65
58 70
18 70
52 70
64 70
57 70
31 70
13 70
70 94
37 70
69 70
39 70
48 70
63 73
63 72
63 99
45 63
27 63
63 78
63 68
50 63
63 98
53 63
43 63
21 63
19 63
38 63
63 88
59 63
33 63
20 63
22 63
35 63
68 83
24 83
83 85
23 83
16 83
21 83
58 83
14 83
83 88
59 83
33 83
54 83
41 83
83 94
63 83
30 83
30 69
8 30
30 70
12 30
30 79
30 60
47 49
47 98
47 81
47 53
43 47
21 47
47 58
18 47
14 47
26 47
20 47
47 54
41 47
47 93
47 90
8 47
33 76
31 76
41 76
35 76
37 76
76 77
41 91
91 93
90 91
8 91
76 91
70 91
7 91
1 91
19 86
38 86
86 88
59 86
33 86
31 86
13 86
51 86
37 86
69 86
76 86
48 86
36 49
24 36
36 81
36 53
36 55
21 36
36 58
18 36
36 64
26 36
36 57
20 36
36 41
36 51
36 83
36 69
8 36
64 67
59 67
26 67
31 67
13 67
51 67
67 83
67 77
39 67
4 67
36 67
62 67
58 61
18 61
61 88
26 61
33 61
54 61
41 61
35 61
61 90
61 77
61 76
61 67
36 61
1 61
6 61
61 91
28 61
61 87
71 85
43 71
55 71
46 71
19 71
38 71
52 71
59 71
33 71
13 71
41 71
51 71
37 71
69 71
71 76
70 71
12 71
71 79
5 71
71 91
28 71
71 87
61 71
56 71
30 71
11 81
11 23
11 16
11 46
11 19
11 14
11 88
11 96
11 33
11 13
11 41
11 94
11 93
8 11
11 39
11 67
11 36
1 11
6 11
11 95
66 75
29 66
66 73
66 72
34 66
32 66
66 89
66 99
42 66
45 66
40 66
66 84
66 68
50 66
53 66
23 66
43 66
66 97
19 66
38 66
66 88
64 66
57 66
20 66
22 66
66 93
37 66
66 77
2 66
48 66
7 66
1 66
5 66
4 66
66 95
65 66
44 66
11 66
68 82
82 98
82 85
43 82
55 82
21 82
58 82
38 82
64 82
82 96
26 82
31 82
22 82
35 82
37 82
82 83
2 82
48 82
7 82
12 82
60 82
6 82
66 82
28 82
82 92
56 82
63 82
30 82
15 98
15 53
15 16
15 46
3 15
15 18
15 64
15 59
15 26
15 31
15 35
15 51
15 37
15 77
2 15
15 48
15 36
15 79
15 86
4 15
15 66
27 74
74 84
68 74
74 98
74 85
43 74
55 74
21 74
3 74
38 74
52 74
74 96
57 74
20 74
13 74
51 74
74 90
74 83
39 74
0 74
7 74
1 74
60 74
4 74
25 74
73 80
72 80
80 99
45 80
40 80
78 80
68 80
50 80
80 85
43 80
16 80
80 97
3 80
18 80
80 88
64 80
57 80
31 80
22 80
80 94
80 83
69 80
39 80
48 80
0 80
5 80
6 80
80 91
25 80
74 80
11 80
30 80
62 80
80 92
15 74
10 74
74 92
17 74
11 15
15 92
15 56
15 62
11 87
11 71
11 62
61 92
44 61
61 62
44 67
12 67
25 67
10 67
1 67
0 67
7 36
17 36
36 60
36 86
36 47
6 36
36 56
12 86
17 86
25 86
86 95
62 86
4 86
86 91
10 86
47 91
62 91
25 91
56 91
76 95
5 76
25 76
47 76
12 76
48 76
44 76
56 76
47 70
47 79
6 47
4 47
30 47
47 63
44 47
47 87
47 95
25 30
30 63
10 30
12 83
83 92
28 83
60 83
0 83
25 83
62 83
8 63
2 63
63 70
7 63
63 79
60 63
63 95
17 63
44 63
10 63
5 70
65 70
70 92
56 70
7 70
4 39
7 39
10 39
1 39
17 39
7 25
7 62
7 79
7 87
79 92
65 79
28 79
79 87
4 77
65 77
77 87
77 95
44 77
56 77
48 77
48 95
0 95
12 95
17 95
92 95
10 95
51 87
51 92
12 51
51 56
0 51
5 51
44 51
69 92
2 92
0 92
60 92
65 92
5 69
28 69
1 69
12 69
6 69
2 6
6 48
6 12
6 56
6 44
4 6
10 94
1 94
37 94
90 94
65 94
60 94
17 90
4 90
2 90
44 90
5 90
4 12
4 5
4 65
4 28
17 35
35 93
28 35
25 35
2 93
48 93
56 93
25 93
87 93
65 93
20 57
57 87
48 57
57 65
12 57
17 57
12 20
12 22
0 12
10 12
12 28
22 65
22 28
17 22
2 22
22 56
2 8
2 17
2 28
0 2
2 60
8 54
54 87
54 65
31 54
41 54
37 54
44 54
0 54
17 31
31 56
31 62
25 31
31 60
41 62
37 62
8 62
5 62
62 65
62 87
20 59
10 59
25 59
5 59
20 25
10 20
20 48
13 20
1 20
20 28
5 20
28 48
28 60
25 28
10 28
28 44
14 65
14 37
14 60
13 14
14 25
13 52
13 26
13 33
13 87
10 13
1 13
26 56
1 26
5 26
8 26
26 60
26 41
1 33
1 37
0 1
1 25
1 56
1 5
1 60
38 88
33 38
38 64
38 96
52 64
48 64
25 64
64 87
41 64
41 44
25 41
41 60
5 41
8 41
0 41
33 46
46 88
0 46
46 97
19 21
8 19
19 56
19 37
18 19
19 96
10 19
17 19
19 48
48 96
37 48
48 87
3 33
3 52
3 44
3 5
3 17
3 65
18 44
44 52
33 44
0 44
5 44
17 44
44 56
21 33
21 87
21 25
21 52
52 96
8 52
5 52
17 52
33 52
10 52
10 55
5 55
55 65
37 55
55 60
17 55
10 37
8 10
5 10
10 17
10 56
17 43
43 96
33 43
25 43
43 60
16 96
96 97
8 96
60 96
33 96
65 96
0 96
17 96
8 16
16 87
0 16
16 25
16 88
16 18
16 97
16 58
18 97
18 56
0 18
5 18
18 87
8 18
23 65
23 88
8 23
23 37
5 23
8 97
8 37
8 17
8 60
8 87
81 87
25 81
65 81
37 81
0 81
58 81
81 85
53 81
56 81
85 88
60 85
85 97
33 85
5 85
5 97
0 5
5 17
24 98
24 65
60 98
88 98
56 98
87 98
33 98
97 98
53 98
17 98
49 87
49 56
0 49
58 87
87 88
60 87
65 87
17 87
56 78
68 78
25 78
50 78
60 68
68 88
53 68
68 97
33 68
17 68
37 68
58 68
37 50
37 97
37 88
33 37
0 37
50 84
25 84
50 60
50 88
33 50
50 97
50 53
50 58
17 50
0 50
25 50
40 56
40 65
0 40
45 56
25 27
25 58
25 65
25 56
42 56
27 42
27 56
53 56
56 97
56 88
33 56
9 65
27 65
65 97
65 88
0 65
60 65
17 65
58 99
27 58
53 58
58 97
58 60
58 88
0 58
17 99
17 27
17 97
33 99
27 33
0 33
53 72
53 99
27 53
53 60
53 88
53 97
73 97
97 99
27 97
60 97
60 99
27 60
60 88
0 60
88 99
27 88
0 88
27 99
0 27
