100 990
65 95
64 95
64 65
83 95
64 83
65 82
67 95
64 67
67 82
26 65
74 95
64 74
74 82
26 74
18 65
18 67
46 95
46 64
46 82
26 46
18 46
44 64
44 65
44 83
73 95
64 73
73 82
26 73
18 73
44 73
65 87
83 87
46 87
67 87
74 87
73 87
1 95
1 64
1 87
35 64
35 87
35 65
35 74
35 73
35 83
35 67
35 46
56 95
56 64
44 56
35 56
65 90
11 90
34 90
14 34
7 34
67 88
44 63
2 65
2 74
2 46
2 73
2 83
2 67
44 97
2 97
65 97
67 97
74 97
46 97
73 97
83 97
18 30
2 30
30 97
30 41
1 30
30 88
43 95
43 64
43 82
26 43
43 44
35 43
43 97
43 67
7 43
43 88
19 95
19 64
19 44
2 19
19 97
19 67
1 79
48 97
14 48
48 79
48 88
10 48
64 84
35 84
84 90
14 84
7 84
84 88
43 84
9 55
55 84
37 64
2 37
37 67
65 68
49 95
49 64
44 49
35 49
49 90
49 68
41 49
1 21
21 69
10 21
50 64
50 87
50 67
41 50
1 50
22 67
22 68
7 22
1 45
22 45
43 45
7 25
25 88
25 43
25 84
52 79
22 52
32 56
32 52
7 66
66 69
32 66
66 84
29 95
29 64
26 29
2 29
29 97
14 29
7 29
22 29
31 95
31 64
31 82
26 31
31 87
2 31
31 97
31 68
1 31
31 69
31 43
29 31
3 97
3 68
3 79
3 69
3 31
3 9
3 50
3 29
20 32
20 25
38 97
14 38
38 79
22 38
10 38
38 84
26 76
2 76
67 76
68 76
41 76
69 76
32 76
30 76
38 76
70 95
64 70
70 82
26 70
18 70
2 70
35 70
68 70
70 79
69 70
9 70
30 70
46 70
27 31
27 30
27 46
33 46
27 33
11 33
12 67
12 68
7 12
12 22
9 12
12 50
12 38
12 27
81 95
64 81
81 87
35 81
67 81
14 81
79 81
22 81
32 81
50 81
29 81
44 71
35 71
71 90
67 71
1 71
22 71
31 71
25 71
50 71
41 54
54 88
43 54
25 54
46 54
54 71
20 54
52 80
46 72
72 81
11 72
72 80
34 72
12 96
43 77
50 77
38 77
77 81
20 77
77 80
77 96
47 95
47 64
18 47
47 87
47 97
41 47
47 79
47 69
31 47
47 84
46 47
47 70
20 47
47 83
34 47
47 77
38 99
71 99
11 99
52 99
11 86
28 35
28 67
1 28
28 69
10 28
9 28
28 37
28 71
28 81
28 45
3 28
7 39
22 39
31 39
30 39
37 39
27 39
11 39
28 39
34 39
0 39
7 36
22 36
36 43
9 36
51 52
42 51
42 71
11 42
42 80
42 73
33 42
44 85
35 85
85 90
41 85
7 85
22 85
31 85
84 85
37 85
27 85
20 85
80 85
42 85
47 85
5 43
5 25
5 37
5 70
5 65
5 28
5 42
5 47
31 60
60 84
50 60
27 60
20 60
60 83
60 86
60 96
23 86
23 60
43 62
30 62
50 62
29 62
13 95
13 64
13 82
13 26
13 18
13 44
13 87
2 13
13 90
13 41
1 13
13 88
10 13
13 25
13 38
13 71
13 20
13 66
1 92
88 92
31 92
25 92
37 92
27 92
13 92
12 92
86 92
4 7
4 69
4 31
4 9
4 50
4 71
4 65
4 52
4 12
4 77
41 75
7 75
10 75
30 75
37 75
70 75
13 75
75 83
40 43
25 40
40 51
40 70
13 40
12 40
8 95
8 64
8 82
8 26
8 18
8 44
8 87
2 8
8 90
8 14
8 41
8 88
8 43
8 84
8 51
8 71
8 65
8 52
8 40
0 8
8 76
53 86
53 77
53 62
15 18
15 87
15 67
15 41
1 15
15 69
9 15
15 84
15 38
15 70
11 15
15 52
15 40
15 47
15 60
15 53
78 86
78 96
76 78
15 78
6 9
6 30
6 38
6 27
6 20
6 80
6 40
4 6
6 60
6 75
6 72
6 56
94 95
64 94
82 94
26 94
18 94
44 94
87 94
2 94
94 97
68 94
79 94
22 94
31 94
50 94
51 94
27 94
81 94
80 94
86 94
94 96
16 95
16 64
16 18
16 35
16 90
14 16
1 16
10 16
16 32
16 30
16 51
16 70
16 65
16 83
16 42
4 16
58 67
41 58
58 79
22 58
10 58
9 58
46 58
27 58
13 58
52 58
42 58
0 58
16 58
53 58
8 58
6 58
45 58
58 78
58 92
13 89
28 89
12 89
77 89
5 89
75 89
48 89
93 95
64 93
82 93
26 93
44 93
87 93
93 97
68 93
7 93
10 93
31 93
25 93
46 93
70 93
20 93
12 93
86 93
60 93
36 93
75 93
59 95
59 64
59 82
26 59
18 59
44 59
59 87
2 59
59 97
41 59
1 59
59 88
43 59
30 59
38 59
59 71
20 59
28 59
34 59
59 77
16 59
59 75
21 59
23 59
8 59
59 93
49 59
24 87
24 35
24 90
14 24
7 24
24 88
24 43
24 50
24 37
24 27
24 65
24 28
24 34
24 60
5 24
24 53
24 59
24 93
24 56
24 99
21 24
24 94
23 93
78 93
73 93
89 93
58 89
33 89
26 61
35 61
61 97
61 68
7 61
61 69
31 61
30 61
38 61
61 81
61 65
61 83
34 61
4 61
61 62
53 61
8 61
49 61
56 61
61 89
61 73
61 85
89 99
16 76
16 63
16 75
16 94
16 56
16 91
75 91
72 91
49 91
3 91
91 94
63 91
33 91
19 94
6 94
32 98
9 98
51 98
29 98
81 98
12 98
96 98
47 98
76 98
19 98
48 98
56 98
92 98
74 98
57 90
41 57
57 79
22 57
10 57
50 57
51 57
29 57
13 57
57 80
40 57
0 57
5 57
17 64
17 82
17 44
2 17
17 67
17 68
17 79
17 88
17 32
17 84
17 37
17 70
17 20
12 17
17 42
0 17
17 36
17 53
17 57
17 74
17 48
17 39
17 85
17 63
55 57
57 98
45 57
33 57
57 73
23 57
94 98
94 99
63 94
6 78
6 39
78 92
74 78
21 78
15 92
15 56
15 19
15 54
15 21
53 73
8 53
8 54
3 8
8 92
19 40
40 56
40 66
21 40
40 75
0 40
4 75
33 75
55 75
4 92
4 73
4 45
4 55
5 92
73 92
74 92
11 13
13 19
13 62
13 76
62 80
12 62
62 96
33 62
62 73
3 62
62 66
23 62
62 74
19 23
3 23
23 39
23 63
60 74
36 60
5 60
5 45
5 85
5 54
72 85
49 85
54 85
39 85
74 85
42 74
36 42
42 54
45 51
36 51
36 81
36 65
36 80
36 96
36 48
36 39
36 55
36 99
3 36
39 48
3 39
21 39
12 28
19 28
28 49
28 86
49 86
86 99
48 86
47 99
19 99
72 99
66 99
45 99
47 48
21 47
47 63
19 77
49 77
66 77
56 77
63 96
72 96
72 76
19 72
55 72
63 72
54 80
55 80
0 54
54 66
54 56
54 74
21 54
63 71
56 71
49 71
0 71
71 81
55 81
65 81
0 81
52 81
12 81
12 33
0 33
33 48
33 66
3 33
27 70
19 27
27 66
70 76
70 73
45 70
52 70
52 76
34 76
0 76
21 76
19 76
49 76
38 65
21 38
37 38
38 74
20 38
20 29
3 20
20 48
3 34
0 3
3 49
31 50
31 65
25 29
29 37
29 66
29 74
29 34
11 29
29 48
29 83
21 29
66 83
55 66
48 66
63 66
45 66
32 37
25 52
21 52
34 52
0 52
52 56
25 56
19 25
25 83
25 45
45 65
34 45
19 45
45 55
45 63
19 22
22 73
22 74
22 50
30 50
50 74
21 50
19 50
21 83
21 49
37 69
56 69
49 69
65 69
46 69
10 49
30 49
46 49
49 65
49 55
68 74
46 68
37 68
7 68
37 79
30 37
34 37
37 48
0 37
37 55
55 65
34 55
55 73
48 84
11 84
63 84
73 84
0 84
48 83
48 74
74 79
46 79
65 79
11 79
19 79
19 43
9 43
34 43
9 30
9 73
9 11
9 34
30 46
30 65
7 97
2 63
63 67
41 63
1 63
63 88
10 63
46 63
63 65
63 83
41 88
41 65
1 41
1 88
11 88
34 88
83 88
10 88
11 34
14 73
11 14
14 56
14 83
1 14
11 46
11 56
11 83
11 74
56 90
67 90
74 90
83 90
7 56
46 56
56 73
1 35
7 35
1 67
1 73
1 83
7 87
67 73
46 73
65 73
73 83
44 46
44 67
44 74
7 44
46 67
10 46
46 83
18 74
18 83
7 18
10 74
74 83
26 67
26 83
7 26
65 67
82 83
7 82
10 83
7 64
7 95
7 10
0 10
