100 2475
76 97
17 76
4 97
4 17
19 76
4 19
51 97
17 51
19 51
76 86
4 86
51 86
30 97
17 30
19 30
30 86
10 97
10 17
10 19
10 86
10 76
4 10
10 51
42 97
17 42
19 42
42 86
10 42
76 99
4 99
51 99
42 99
30 99
21 97
17 21
19 21
21 86
10 21
21 99
17 71
10 71
71 99
71 76
4 71
51 71
30 71
42 71
21 71
97 98
17 98
19 98
86 98
10 98
98 99
71 98
65 76
4 65
51 65
42 65
30 65
37 97
17 37
19 37
37 86
10 37
37 99
37 71
37 65
69 76
4 69
51 69
30 69
42 69
31 97
17 31
19 31
31 86
10 31
31 99
31 71
31 65
31 69
44 76
4 44
44 51
42 44
30 44
44 98
21 44
37 44
31 44
40 97
17 40
19 40
40 86
10 40
40 99
40 71
40 65
40 69
40 44
10 28
28 99
28 71
28 76
4 28
28 51
28 30
28 42
28 98
28 40
28 37
28 31
21 28
26 97
17 26
19 26
26 86
10 26
26 99
26 71
26 65
26 69
26 44
26 28
4 26
10 11
11 99
11 71
11 44
4 11
11 76
11 51
11 42
11 30
11 98
11 37
11 40
11 31
11 21
54 97
17 54
19 54
54 86
10 54
54 99
54 71
54 65
54 69
44 54
28 54
4 54
11 54
4 94
11 94
76 94
51 94
42 94
30 94
94 98
37 94
40 94
31 94
21 94
27 97
17 27
19 27
27 86
10 27
27 99
27 71
27 65
27 69
27 44
27 28
4 27
11 27
27 94
27 30
10 29
29 44
4 29
11 29
29 30
29 76
29 51
29 42
29 31
21 29
29 98
29 37
29 40
67 97
17 67
19 67
67 86
10 67
67 99
67 71
65 67
67 69
44 67
28 67
4 67
11 67
67 94
30 67
29 67
60 97
17 60
19 60
10 60
60 99
60 71
60 65
60 69
44 60
28 60
4 60
60 94
30 60
60 76
51 60
42 60
21 60
31 60
37 60
40 60
60 98
54 60
27 60
26 60
14 97
14 17
14 19
14 86
10 14
14 99
14 71
14 65
14 69
14 44
14 28
4 14
11 14
14 94
14 30
14 29
14 60
10 24
24 71
24 44
24 28
4 24
24 94
24 30
24 76
24 51
24 42
24 37
24 31
21 24
24 98
24 40
24 27
17 89
10 89
71 89
28 89
4 89
89 94
29 89
24 89
25 97
17 25
10 25
25 99
25 71
25 65
25 44
25 28
11 25
25 94
25 29
25 60
24 25
25 76
25 51
25 42
25 40
25 31
25 98
21 25
25 37
10 88
88 99
65 88
44 88
4 88
88 94
29 88
60 88
25 88
61 97
17 61
19 61
61 86
10 61
61 99
61 71
61 65
61 69
44 61
28 61
4 61
11 61
61 94
30 61
60 61
24 61
61 76
51 61
42 61
21 61
37 61
31 61
40 61
61 98
17 48
10 48
48 99
48 71
48 69
28 48
4 48
11 48
30 48
48 60
48 61
43 76
43 51
42 43
37 43
31 43
40 43
43 98
21 43
43 48
82 97
17 82
19 82
82 86
10 82
82 99
71 82
65 82
44 82
28 82
4 82
82 94
30 82
60 82
61 82
43 82
0 82
25 93
43 93
0 33
33 76
33 51
33 42
33 40
26 33
33 67
17 90
10 90
90 99
71 90
65 90
28 90
4 90
90 94
29 90
24 90
25 90
61 90
33 90
74 76
51 74
42 74
67 74
10 96
96 99
69 96
44 96
4 96
11 96
30 96
29 96
25 96
0 96
33 96
74 96
57 97
17 57
19 57
57 86
10 57
57 99
57 71
57 65
57 69
44 57
28 57
4 57
11 57
57 94
30 57
57 60
25 57
57 61
33 57
57 74
57 76
51 57
42 57
33 63
63 93
57 63
17 18
18 19
10 18
18 99
18 71
18 65
18 69
18 28
4 18
11 18
18 29
18 24
18 61
18 43
0 18
18 93
18 74
18 76
18 51
18 26
18 42
0 46
33 46
18 46
69 78
44 78
4 78
78 94
30 78
60 78
24 78
43 78
33 78
74 78
57 78
18 78
76 78
51 78
21 78
47 97
17 47
19 47
10 47
47 99
47 71
47 65
47 69
44 47
28 47
4 47
47 94
30 47
24 47
25 47
43 47
33 47
47 74
47 57
47 78
17 55
19 55
10 55
55 99
55 71
55 65
55 69
44 55
4 55
55 94
30 55
55 60
55 61
43 55
0 55
55 93
55 74
55 78
55 76
51 55
10 22
22 99
22 71
22 28
4 22
11 22
22 30
22 60
22 25
22 43
0 22
22 93
18 22
22 55
22 70
4 58
58 94
30 58
29 58
25 58
58 61
0 58
58 93
57 58
18 58
55 58
58 76
71 72
28 72
4 72
72 94
29 72
60 72
24 72
61 72
33 72
72 93
72 74
72 78
55 72
58 72
8 97
8 17
8 10
8 99
8 71
8 65
8 44
8 28
4 8
8 11
8 30
8 60
8 25
8 61
0 8
8 93
8 74
8 18
8 55
4 64
11 64
29 64
60 64
24 64
43 64
0 64
64 74
57 64
18 64
64 70
64 76
26 64
64 67
51 64
9 17
9 19
9 10
9 99
9 71
9 65
9 69
9 28
4 9
9 11
9 29
9 60
9 25
0 9
9 33
9 93
9 74
9 18
9 64
9 58
8 9
9 76
77 97
17 77
19 77
77 86
10 77
77 99
71 77
65 77
69 77
44 77
28 77
4 77
11 77
77 94
30 77
29 77
61 77
43 77
33 77
74 77
18 77
55 77
70 77
64 77
22 77
9 77
62 96
62 76
62 77
62 98
23 97
17 23
19 23
23 86
10 23
23 99
23 71
23 65
23 69
23 44
23 28
4 23
11 23
23 94
23 30
23 29
23 60
23 24
23 25
23 43
23 33
23 74
23 57
18 23
23 70
23 58
8 23
15 55
15 22
8 15
15 76
15 40
15 96
14 15
2 25
2 61
2 33
2 74
2 57
2 78
2 55
2 64
2 22
2 15
2 96
36 70
36 64
22 36
9 36
36 96
36 76
4 92
92 94
29 92
24 92
25 92
43 92
33 92
92 93
18 92
55 92
64 92
58 92
8 92
9 92
92 96
36 92
52 65
28 52
4 52
52 94
29 52
24 52
25 52
52 61
33 52
52 93
52 57
52 78
52 55
52 58
22 52
15 52
52 62
36 52
52 76
3 4
3 11
3 29
3 60
3 25
3 61
0 3
3 93
3 57
3 78
3 55
3 58
3 8
3 15
3 96
3 52
28 49
11 49
29 49
49 60
25 49
43 49
33 49
49 74
49 57
18 49
49 55
49 64
8 49
9 49
49 62
36 49
48 49
49 76
10 12
12 28
4 12
12 94
12 30
12 60
12 24
12 43
0 12
12 74
12 57
12 18
12 55
12 22
8 12
9 12
12 15
12 52
12 49
8 81
15 81
62 81
36 81
48 81
49 81
76 81
67 81
12 81
95 97
17 95
19 95
86 95
10 95
95 99
71 95
65 95
44 95
28 95
4 95
11 95
30 95
60 95
24 95
43 95
0 95
93 95
57 95
78 95
70 95
64 95
22 95
15 95
62 95
52 95
49 95
81 95
95 98
77 95
62 75
36 75
49 75
10 79
79 99
71 79
44 79
11 79
79 94
30 79
60 79
24 79
43 79
33 79
74 79
57 79
18 79
55 79
58 79
8 79
9 79
79 96
52 79
48 79
76 79
39 97
17 39
19 39
39 86
10 39
39 99
39 71
39 65
39 69
39 44
28 39
4 39
11 39
39 94
30 39
29 39
39 60
24 39
25 39
39 43
0 39
39 74
39 57
39 78
39 70
39 58
22 39
15 39
39 96
39 62
39 49
39 79
6 97
6 17
6 19
6 86
6 10
6 99
6 71
6 65
6 69
6 44
6 28
4 6
6 11
6 94
6 29
6 24
6 25
6 61
6 33
6 93
6 74
6 78
6 55
6 64
6 8
6 15
6 96
6 52
6 49
6 79
6 76
6 90
4 80
80 94
29 80
60 80
24 80
43 80
0 80
80 93
57 80
18 80
70 80
64 80
22 80
9 80
80 96
52 80
48 80
49 80
6 80
38 97
17 38
19 38
10 38
38 99
38 71
38 65
38 69
38 44
28 38
4 38
11 38
29 38
24 38
38 61
38 43
33 38
38 74
38 57
38 78
38 64
22 38
8 38
9 38
38 62
36 38
38 52
38 81
6 38
38 76
10 73
73 99
65 73
44 73
4 73
11 73
30 73
60 73
24 73
61 73
0 73
73 93
57 73
55 73
70 73
58 73
22 73
9 73
15 73
36 73
49 73
73 79
73 81
38 73
25 83
61 83
0 83
33 83
57 83
78 83
55 83
58 83
22 83
15 83
83 96
36 83
48 83
79 83
6 83
38 83
76 83
80 83
73 83
75 83
12 83
1 97
1 17
1 19
1 86
1 10
1 99
1 71
1 65
1 69
1 44
1 28
1 4
1 11
1 94
1 30
1 29
1 25
1 43
0 1
1 93
1 57
1 78
1 64
1 58
1 8
1 9
1 96
1 52
1 49
1 81
1 98
1 38
1 83
1 37
1 95
10 32
32 71
32 65
28 32
4 32
11 32
30 32
29 32
24 32
32 43
32 33
32 93
32 57
18 32
32 64
32 58
8 32
15 32
32 96
32 52
32 48
32 49
32 98
32 77
32 75
14 32
32 95
32 82
32 72
1 32
32 76
68 97
17 68
19 68
68 86
10 68
68 99
68 71
65 68
68 69
44 68
4 68
11 68
30 68
29 68
25 68
61 68
33 68
68 93
57 68
18 68
68 70
58 68
22 68
15 68
68 96
36 68
48 68
68 81
68 98
68 77
68 83
37 68
68 95
32 68
20 97
17 20
10 20
20 99
20 71
20 65
20 69
20 28
11 20
20 94
20 30
20 60
20 24
20 43
0 20
20 93
18 20
20 78
20 55
20 58
8 20
15 20
20 62
20 52
20 48
20 79
6 20
20 38
20 75
14 20
20 82
20 32
24 35
35 61
0 35
35 93
35 57
35 78
35 70
35 64
8 35
15 35
35 96
35 36
35 48
35 81
6 35
35 38
35 83
35 37
35 82
35 39
20 35
13 30
13 60
13 25
13 61
13 33
13 93
13 57
13 78
13 70
13 58
13 22
9 13
13 62
13 36
13 48
13 81
6 13
13 38
13 75
13 14
13 82
13 39
13 20
13 23
34 71
34 44
4 34
11 34
30 34
29 34
34 61
34 43
33 34
34 74
34 57
34 78
34 55
34 64
8 34
9 34
34 62
34 52
34 49
34 81
34 98
34 38
34 83
34 37
14 34
34 39
20 34
13 34
30 85
29 85
24 85
43 85
33 85
85 93
57 85
78 85
55 85
58 85
8 85
9 85
62 85
36 85
48 85
79 85
6 85
38 85
83 85
14 85
82 85
39 85
20 85
13 85
51 85
85 92
66 70
58 66
8 66
15 66
66 96
52 66
49 66
66 79
66 98
38 66
66 83
37 66
66 82
32 66
20 66
66 85
3 66
59 97
17 59
19 59
59 86
10 59
59 99
59 71
59 65
59 69
44 59
28 59
4 59
11 59
59 94
30 59
59 60
25 59
59 61
33 59
59 74
18 59
59 78
55 59
59 64
22 59
9 59
59 96
52 59
48 59
59 79
6 59
38 59
59 75
14 59
59 82
32 59
20 59
5 17
5 10
5 69
5 28
4 5
5 30
5 29
5 24
5 25
5 61
5 33
5 74
5 57
5 55
5 70
5 64
5 22
5 9
5 62
5 36
5 52
5 79
5 6
5 77
5 75
5 14
5 95
5 39
5 54
53 69
28 53
4 53
30 53
29 53
53 60
24 53
53 61
0 53
53 93
53 57
53 78
53 55
53 58
8 53
15 53
53 96
52 53
49 53
53 81
53 98
53 77
53 83
37 53
53 95
53 82
5 53
53 85
3 53
53 59
53 73
11 16
16 94
16 30
16 29
16 25
16 61
0 16
16 93
16 18
16 78
16 70
16 64
8 16
9 16
16 96
16 36
16 49
16 81
16 98
16 77
16 83
14 16
16 95
16 32
16 20
16 85
16 54
16 59
16 27
16 34
12 16
30 84
24 84
25 84
43 84
0 84
84 93
18 84
78 84
70 84
58 84
22 84
15 84
84 96
36 84
49 84
79 84
84 98
38 84
75 84
14 84
84 95
32 84
5 84
13 84
3 84
54 84
27 84
16 84
47 84
84 92
76 84
45 97
17 45
19 45
45 86
10 45
45 99
45 71
45 65
45 69
28 45
4 45
45 94
29 45
45 60
25 45
45 61
33 45
45 74
45 57
45 78
45 55
45 64
22 45
15 45
45 96
36 45
45 48
45 81
45 98
38 45
45 75
37 45
45 82
39 45
5 45
13 45
3 45
45 54
45 73
45 47
45 63
45 92
45 76
64 87
58 87
22 87
9 87
62 87
36 87
48 87
49 87
87 98
77 87
75 87
37 87
87 95
82 87
20 87
13 87
3 87
54 87
73 87
16 87
42 87
87 92
35 87
45 87
87 89
67 87
53 87
2 87
30 91
60 91
25 91
61 91
0 91
91 93
74 91
78 91
70 91
58 91
22 91
9 91
91 96
36 91
48 91
79 91
91 98
38 91
83 91
14 91
82 91
39 91
5 91
85 91
54 91
59 91
27 91
47 91
42 91
63 91
40 91
45 91
80 91
72 91
21 91
87 91
66 91
50 81
50 77
50 83
37 50
14 50
39 50
20 50
13 50
50 85
7 97
7 17
7 19
7 10
7 99
7 71
7 69
7 44
7 11
7 94
7 30
7 60
7 24
7 43
0 7
7 74
7 57
7 78
7 55
7 64
7 22
7 15
7 96
7 52
7 49
7 79
7 98
7 38
7 83
7 14
7 95
7 32
7 20
7 13
7 85
7 59
7 42
7 31
7 51
7 80
7 90
1 7
7 35
7 50
7 68
7 92
2 7
4 56
11 56
30 56
56 60
24 56
56 61
0 56
56 74
18 56
55 56
56 70
56 64
8 56
9 56
56 62
52 56
49 56
56 81
56 98
56 77
56 75
37 56
56 82
32 56
5 56
56 85
3 56
7 56
56 73
27 56
56 63
56 92
40 56
56 76
56 80
56 67
53 56
56 88
56 66
12 56
46 56
26 56
56 90
1 56
50 56
56 84
7 12
7 26
7 88
7 23
7 40
7 34
50 73
47 50
42 50
50 63
40 50
45 50
50 68
50 72
50 53
50 66
1 50
2 50
41 70
41 58
22 41
9 41
41 96
36 41
41 52
41 79
41 98
41 77
41 75
14 41
41 95
41 82
32 41
13 41
41 54
41 59
41 73
16 41
41 42
41 92
35 41
41 45
41 68
41 67
21 41
41 87
1 41
41 50
31 41
41 84
41 91
41 46
41 90
2 41
46 50
50 91
12 50
34 50
31 91
12 91
46 91
23 91
26 91
31 87
26 87
34 87
87 88
87 90
51 87
45 66
45 84
45 68
45 51
21 45
45 88
12 45
45 53
45 67
68 84
67 84
21 84
66 84
1 84
84 88
23 84
26 84
2 84
84 90
16 67
16 53
16 63
16 68
16 51
16 72
16 31
16 66
16 76
16 88
1 16
16 23
53 63
53 92
40 53
53 68
53 72
21 53
2 53
46 53
51 53
23 53
31 53
34 53
5 51
5 67
5 12
5 89
5 76
1 5
5 26
5 31
5 92
5 27
5 63
5 42
5 73
5 68
5 40
5 59
54 59
59 73
59 72
27 59
26 59
23 59
59 88
47 59
59 67
12 59
59 66
40 59
46 59
59 63
34 59
27 66
42 66
66 92
35 66
66 89
66 72
21 66
12 66
46 66
1 66
23 66
2 66
47 85
31 85
80 85
72 85
85 89
26 85
2 85
85 90
46 85
63 85
34 85
34 42
34 92
34 35
34 76
34 80
34 67
21 34
34 88
31 34
12 34
34 51
34 90
2 34
13 27
13 76
13 90
13 88
3 13
13 67
13 46
13 35
1 13
13 54
13 21
12 13
3 35
35 73
27 35
35 42
35 92
35 40
2 35
23 35
35 46
35 67
1 35
26 35
35 76
35 80
31 35
20 72
2 20
20 73
20 23
20 46
20 90
20 80
20 68
20 47
20 40
3 20
20 63
3 68
27 68
63 68
68 92
40 68
68 89
68 90
67 68
68 72
31 68
26 68
12 68
2 68
32 67
32 80
2 32
32 92
32 89
31 32
32 63
21 32
32 88
32 42
1 3
1 27
1 47
1 63
1 76
1 89
1 67
1 72
1 23
1 26
1 90
1 31
51 83
42 83
3 83
31 83
82 83
67 83
83 92
63 83
14 83
46 83
14 73
73 95
39 73
3 73
63 73
73 90
73 80
21 73
73 92
51 73
46 73
42 73
67 73
27 73
72 73
12 38
38 39
38 80
38 47
38 72
37 38
38 46
38 77
21 38
27 38
31 38
26 38
14 80
80 82
54 80
27 80
63 80
40 80
76 80
80 89
46 80
23 80
51 80
80 88
21 80
12 80
2 80
26 80
6 46
6 98
3 6
6 72
6 12
6 23
6 63
6 89
6 31
6 27
6 39
6 26
6 42
6 40
6 88
6 67
6 37
39 75
37 39
39 82
12 39
39 46
3 39
39 47
27 39
39 40
39 90
39 51
23 39
21 39
39 54
39 88
26 39
39 42
77 79
26 79
47 79
79 98
23 79
63 79
79 92
27 79
75 79
40 79
46 79
2 79
72 79
21 79
79 90
75 98
75 77
75 76
21 75
75 90
47 75
54 75
27 75
75 89
75 88
75 95
26 75
72 75
40 75
2 75
23 75
14 95
12 95
54 95
3 95
42 95
26 95
88 95
51 95
76 95
46 95
90 95
27 95
67 95
23 95
81 82
37 81
42 81
31 81
81 89
51 81
54 81
3 81
81 88
14 81
2 81
77 81
12 37
12 54
12 42
12 92
12 76
12 21
12 88
12 46
12 51
2 12
3 49
49 90
46 49
49 67
21 49
27 49
49 72
23 49
49 63
37 49
3 98
3 37
3 54
2 3
3 92
3 76
3 21
3 89
3 31
3 42
3 47
3 40
42 52
52 88
52 54
40 52
52 77
48 52
52 89
52 67
51 52
37 52
52 92
92 98
77 92
37 92
82 92
47 92
63 92
21 92
89 92
2 92
76 92
36 98
36 47
23 36
36 82
14 36
36 90
2 36
36 63
26 36
31 36
36 72
2 48
2 77
2 37
2 82
2 27
2 47
2 42
2 89
2 31
2 23
15 89
15 51
15 37
15 21
15 88
15 23
15 63
15 26
15 47
15 72
23 62
23 98
23 77
23 54
23 47
23 40
23 89
23 67
23 72
23 31
23 26
23 51
62 82
42 62
40 62
62 90
26 62
54 62
62 67
51 62
48 62
62 89
21 62
27 62
46 62
48 77
76 77
40 77
77 82
77 89
54 77
51 77
77 88
14 77
67 77
77 90
42 77
37 77
9 31
9 48
9 27
9 42
9 47
9 82
9 98
9 46
9 67
9 90
9 72
9 54
14 64
37 64
48 64
63 64
8 64
64 98
46 64
64 90
47 64
64 89
8 76
8 54
8 88
8 37
8 90
8 27
8 47
8 14
8 67
8 96
8 46
8 72
8 98
14 72
72 82
54 72
42 72
40 72
72 76
72 89
67 72
72 90
21 72
72 88
51 72
21 58
58 67
26 58
31 58
27 58
22 58
40 58
51 58
42 58
54 58
58 82
58 88
22 76
22 96
22 31
22 51
22 40
22 63
22 82
21 22
22 89
22 48
22 42
22 26
37 55
55 67
27 55
40 55
55 70
55 98
21 55
55 82
48 55
70 76
51 70
31 70
47 70
42 70
54 70
70 90
63 70
40 70
37 70
46 70
70 89
14 70
70 96
27 70
70 88
47 48
47 98
14 47
47 82
27 47
47 90
46 47
47 89
26 47
21 47
47 67
47 88
47 63
40 47
78 89
78 98
46 78
31 78
78 88
14 78
48 78
42 78
26 78
46 96
14 46
42 46
40 46
46 89
46 67
46 88
26 46
46 51
18 27
18 40
18 98
18 48
18 67
14 18
18 31
18 63
18 90
18 54
18 96
18 82
63 96
63 98
14 63
63 82
26 63
40 63
31 63
63 67
63 90
63 88
57 90
57 96
37 57
57 82
57 88
57 89
76 96
14 96
37 96
31 96
88 96
27 96
21 96
74 88
74 89
48 74
74 90
21 74
54 74
14 90
42 90
76 90
89 90
21 90
88 90
26 90
51 90
21 33
33 88
31 33
33 98
33 37
33 93
76 93
51 93
42 93
40 93
26 93
93 98
27 93
54 93
14 93
31 93
37 93
21 93
82 93
48 82
82 98
37 82
31 82
21 82
40 82
82 89
27 43
43 67
14 43
43 54
0 48
48 76
42 48
48 54
48 51
26 48
48 89
14 48
40 48
48 88
31 48
48 98
54 61
61 88
0 61
26 61
61 89
14 88
54 88
76 88
67 88
51 88
26 88
25 67
25 26
25 27
14 25
25 89
0 89
37 89
54 89
27 89
42 89
40 89
76 89
26 89
31 89
24 26
14 24
24 67
24 54
0 24
0 14
14 98
14 27
14 76
14 42
60 67
37 67
54 67
51 67
26 29
29 54
27 29
0 29
0 27
27 54
27 31
27 76
27 42
27 40
21 27
26 94
54 94
0 94
30 54
0 54
54 98
37 54
26 54
51 54
21 54
54 76
11 26
26 30
26 37
26 40
21 26
0 28
4 40
30 40
0 40
37 40
40 51
21 40
4 31
30 31
0 31
31 37
31 42
31 76
21 31
31 51
37 69
69 98
21 69
4 37
30 37
0 37
37 76
21 37
37 51
21 65
65 98
0 65
4 98
30 98
0 98
76 98
51 98
21 98
0 71
4 21
21 30
0 21
0 99
4 42
30 42
0 42
42 76
42 51
10 30
0 10
4 30
30 76
30 51
0 30
4 51
0 51
51 76
0 19
4 76
0 4
0 17
0 76
0 97
