100 990
35 41
14 41
35 96
14 96
14 58
41 58
58 96
15 35
14 15
15 58
41 73
73 96
15 73
0 73
35 91
14 91
58 91
73 91
35 92
14 92
58 92
73 92
41 92
92 96
15 92
13 35
13 14
13 58
13 73
13 92
41 89
89 96
15 89
0 89
89 91
13 89
27 35
14 27
27 58
27 73
27 92
27 89
41 74
74 96
15 74
74 91
13 74
0 74
1 35
1 14
1 58
1 73
1 92
1 89
1 74
17 41
17 96
15 17
92 99
17 99
14 78
58 78
73 78
74 78
41 78
78 96
15 78
0 78
31 78
18 35
14 18
18 58
18 73
18 92
18 89
17 18
18 41
15 18
18 96
12 58
12 89
29 41
15 29
29 96
13 29
12 29
8 17
8 29
8 31
14 40
40 58
40 73
40 92
17 40
29 40
31 40
40 98
38 58
38 92
38 78
29 38
18 38
38 98
73 85
85 92
78 85
29 85
41 62
62 96
15 62
26 35
14 26
26 58
26 73
26 92
26 74
17 26
26 29
26 62
41 63
18 24
24 63
41 83
14 23
23 58
23 92
23 89
23 78
23 29
23 83
23 98
23 56
23 27
23 26
38 80
16 18
16 98
84 95
13 84
11 83
11 95
11 84
11 16
56 60
27 60
5 60
60 99
26 45
45 94
82 88
88 99
45 88
0 88
50 84
27 50
26 50
50 99
50 91
2 50
19 50
19 41
12 19
28 83
28 98
28 38
7 26
20 78
20 29
20 31
20 95
20 38
7 20
20 26
20 96
20 45
0 20
4 5
4 80
10 92
10 17
10 78
10 18
10 31
10 95
10 16
10 27
38 44
38 66
44 66
5 66
66 94
45 66
21 84
21 27
21 26
21 99
10 21
26 67
67 80
41 67
21 67
12 67
67 75
26 30
30 96
30 45
23 30
24 30
45 46
23 46
31 37
37 63
37 84
27 37
5 37
37 94
37 45
23 37
37 70
37 75
35 52
14 52
52 58
52 73
52 92
52 89
52 74
17 52
52 78
18 52
52 83
52 95
38 52
7 52
5 52
52 96
45 52
21 52
4 52
28 52
30 52
71 83
71 98
16 71
7 71
71 82
71 94
45 71
23 71
4 71
4 34
34 97
16 43
43 44
26 43
43 96
43 50
21 43
2 43
28 43
43 52
43 60
34 43
40 43
86 92
17 86
78 86
18 86
62 86
86 98
38 86
44 86
26 86
11 86
50 86
31 76
76 98
76 84
16 76
76 80
76 96
10 76
58 72
72 92
17 72
18 72
72 83
63 72
72 84
16 72
26 72
11 72
10 72
72 76
70 72
46 72
30 72
66 72
36 38
27 36
5 36
36 96
36 94
36 76
36 46
36 75
14 39
39 58
39 92
39 89
17 39
18 39
31 39
39 63
39 84
7 39
39 80
39 99
10 39
0 39
12 39
13 39
39 57
20 39
34 39
39 67
8 39
39 60
53 80
53 99
41 53
53 76
12 53
28 53
53 57
40 53
80 90
11 90
10 90
23 90
2 90
28 90
49 58
49 92
49 78
18 49
31 49
49 63
49 84
16 49
49 82
49 96
45 49
21 49
49 70
46 49
2 79
13 79
49 79
22 26
22 99
22 41
0 22
2 22
22 75
20 22
22 66
22 91
22 79
22 34
44 51
51 99
41 51
51 76
24 51
13 51
43 51
22 51
51 86
37 51
51 79
19 51
55 84
44 55
5 55
55 80
50 55
23 55
24 55
13 55
52 55
40 55
55 86
15 55
18 64
63 64
64 95
44 64
26 64
64 99
41 64
21 64
12 64
46 64
49 64
64 91
34 64
64 67
14 42
42 58
42 73
42 92
42 89
42 74
17 42
18 42
31 42
42 98
38 42
7 42
5 42
42 94
42 45
23 42
2 42
42 97
42 52
40 42
34 42
42 64
17 59
29 59
59 62
59 95
38 59
27 59
44 59
59 96
41 59
23 59
12 59
59 75
49 59
59 66
36 59
59 67
59 71
42 59
25 31
25 95
25 38
7 25
25 80
25 99
25 50
21 25
2 25
25 46
25 52
25 40
25 90
15 25
25 59
25 51
25 60
25 88
87 94
41 87
12 87
75 87
30 87
40 87
87 90
85 87
35 48
14 48
48 58
48 73
48 92
48 89
48 78
29 48
48 83
48 63
38 48
27 48
26 48
48 96
10 48
48 76
4 48
13 48
43 48
48 91
14 54
54 58
54 92
17 54
54 78
29 54
31 54
54 95
16 54
27 54
26 54
54 96
50 54
23 54
12 54
54 75
43 54
54 91
48 54
54 85
15 54
33 82
33 80
33 45
33 76
24 33
33 75
30 33
33 91
33 54
33 67
33 64
16 81
27 81
81 82
81 99
50 81
0 81
2 81
46 81
52 81
20 81
54 81
81 85
71 81
33 81
31 61
61 63
16 61
27 61
5 61
11 61
45 61
61 76
61 70
28 61
57 61
20 61
61 90
61 85
59 61
61 81
42 61
61 88
33 61
62 65
63 65
56 65
16 65
65 82
65 80
41 65
65 76
24 65
65 75
49 65
65 90
36 65
65 67
48 65
55 65
65 72
14 68
58 68
68 92
17 68
68 78
29 68
31 68
68 98
38 68
44 68
68 82
11 68
10 68
12 68
4 68
68 97
49 68
66 68
68 86
68 85
68 79
51 68
68 72
9 10
9 21
9 24
9 46
9 49
9 20
9 86
9 36
8 9
9 51
35 93
14 93
58 93
73 93
92 93
89 93
78 93
29 93
83 93
63 93
84 93
44 93
80 93
93 96
50 93
0 93
4 93
13 93
57 93
66 93
86 93
37 93
8 93
81 93
9 93
53 93
1 93
6 82
6 96
6 50
0 6
2 6
6 75
6 49
6 20
6 54
6 15
6 71
6 39
6 93
6 9
47 95
7 47
5 47
11 47
10 47
23 47
24 47
47 97
30 47
47 66
34 47
47 85
47 79
47 81
47 72
9 47
3 30
3 20
3 90
3 37
3 79
31 32
32 63
32 84
16 32
32 44
32 99
32 50
23 32
24 32
13 32
32 57
32 91
32 54
15 32
32 48
32 55
3 32
32 87
32 42
32 88
3 72
77 78
29 77
18 77
77 95
56 77
27 77
77 82
77 96
77 94
21 77
24 77
46 77
57 77
22 77
34 77
15 77
71 77
39 77
60 77
3 77
19 77
53 77
3 47
3 6
6 47
9 68
57 69
22 69
36 69
69 85
69 79
39 69
60 69
68 69
25 69
53 69
65 68
19 65
61 65
81 88
33 42
1 33
33 53
1 54
48 85
48 71
48 88
48 87
1 48
42 87
1 87
19 87
25 87
53 59
8 59
42 55
53 64
55 64
64 72
64 71
51 55
1 55
8 22
22 67
79 86
67 79
60 79
30 49
1 49
49 90
66 90
71 90
53 90
86 90
39 53
57 88
57 85
36 57
20 36
19 36
36 60
36 71
36 72
15 72
8 72
23 76
15 76
13 76
0 76
76 86
12 86
46 86
43 86
66 86
67 86
20 43
43 91
34 37
8 34
34 88
71 97
60 97
40 97
28 97
52 71
67 71
37 52
8 52
19 52
20 37
19 37
1 37
37 60
37 88
70 85
15 70
70 91
46 70
13 46
30 46
30 67
15 30
30 66
21 66
21 85
2 21
21 91
21 24
4 66
28 66
19 66
24 44
40 44
0 44
8 44
13 44
10 44
12 44
10 11
4 10
10 41
10 24
10 15
10 28
0 4
2 4
1 4
4 75
4 20
4 13
20 75
7 28
1 7
7 85
7 13
28 82
11 28
0 28
2 28
28 91
19 28
28 85
15 28
8 19
19 60
8 50
13 50
2 12
2 88
13 88
40 88
1 88
82 91
41 82
75 82
24 82
15 82
26 82
75 96
45 75
12 75
12 45
91 94
1 94
60 94
23 94
0 60
24 60
40 60
5 99
5 11
5 40
5 96
5 80
5 85
11 80
1 11
0 11
11 12
11 15
11 13
11 85
12 84
15 84
26 84
0 84
16 84
16 91
16 96
16 41
15 16
16 80
0 80
1 80
23 80
23 40
83 95
0 83
15 83
83 91
13 83
95 98
27 95
95 99
12 95
13 95
85 95
1 95
24 95
24 99
24 40
8 24
26 63
63 91
8 26
62 85
56 85
41 85
85 91
41 56
27 56
38 56
8 38
1 38
38 40
38 99
40 99
40 41
40 91
15 40
41 98
96 98
8 98
0 98
15 98
8 96
0 8
8 13
8 15
27 29
1 29
12 18
12 31
12 27
12 41
18 99
0 18
18 31
13 18
18 91
31 41
1 31
27 31
31 96
31 99
78 99
78 91
27 78
1 78
27 99
41 99
1 17
13 17
17 91
17 27
0 17
0 1
1 13
1 91
27 74
27 91
27 96
91 92
0 92
0 58
0 14
0 41
0 35
