100 1980
16 64
53 64
62 64
16 93
53 93
62 93
53 79
64 79
16 87
53 87
62 87
79 87
53 71
64 71
71 87
71 93
13 16
13 53
13 62
13 79
13 71
16 94
53 94
62 94
79 94
71 94
64 94
87 94
93 94
16 55
53 55
55 62
55 79
55 71
55 94
19 64
19 93
19 87
16 45
45 53
45 62
45 79
45 71
45 94
19 45
16 68
53 68
62 68
68 79
68 71
68 94
64 68
68 87
68 93
16 17
17 53
17 62
17 79
17 71
17 94
17 19
17 68
53 82
79 82
71 82
82 94
64 82
82 87
82 93
13 82
45 82
55 82
16 21
21 53
21 62
21 79
21 71
21 94
19 21
21 68
21 82
16 37
37 53
37 62
37 79
37 71
37 94
19 37
37 68
37 82
37 64
37 87
37 93
37 45
21 37
13 37
16 54
53 54
54 62
54 79
54 71
54 94
19 54
54 68
54 82
37 54
54 64
2 87
2 93
2 13
2 17
2 21
2 55
2 54
2 45
16 42
42 53
42 62
42 79
42 71
42 94
19 42
42 68
42 82
37 42
42 64
2 42
51 87
51 93
51 54
51 55
17 51
45 51
21 51
13 51
16 48
48 53
48 62
48 79
48 71
48 94
19 48
48 68
48 82
37 48
48 64
2 48
48 51
39 87
39 93
39 45
21 39
13 39
39 54
39 55
17 39
16 61
53 61
61 62
61 79
61 71
61 94
19 61
61 68
61 82
37 61
61 64
2 61
51 61
39 61
59 93
59 87
13 59
55 59
54 59
21 59
45 59
17 59
48 59
42 59
8 16
8 53
8 62
8 79
8 71
8 94
8 19
8 68
8 82
8 37
8 64
2 8
8 51
8 39
8 59
10 53
10 94
10 68
10 64
10 39
10 87
10 93
10 17
10 21
10 55
10 13
10 54
10 45
10 42
10 61
16 29
29 53
29 62
29 79
29 71
29 94
19 29
29 68
29 82
29 37
29 64
2 29
29 51
29 39
29 59
10 29
5 16
5 53
5 62
5 79
5 71
5 94
5 19
5 68
5 82
5 37
5 64
2 5
5 51
5 39
5 59
5 87
5 93
5 21
5 55
5 45
5 13
5 54
5 17
5 29
5 42
5 61
5 8
5 48
53 98
19 98
68 98
37 98
64 98
5 98
53 95
94 95
82 95
37 95
64 95
59 95
93 95
87 95
45 95
13 95
21 95
17 95
54 95
55 95
8 95
42 95
48 95
29 95
61 95
49 53
37 49
49 64
49 59
49 95
25 87
25 93
21 25
25 54
25 45
13 25
17 25
25 55
18 53
18 79
18 71
18 94
18 82
18 37
18 64
18 59
18 95
18 25
5 66
54 66
66 87
66 93
55 66
44 66
22 87
22 93
23 53
23 71
23 94
19 23
23 68
23 64
23 51
10 23
89 95
89 93
87 89
54 89
55 89
45 89
17 89
21 89
13 89
29 89
48 89
42 89
53 85
37 85
64 85
10 85
85 89
54 85
66 85
5 86
86 89
54 86
86 93
86 87
13 86
1 16
1 53
1 62
1 79
1 71
1 94
1 19
1 68
1 82
1 37
1 39
1 10
1 89
1 25
1 66
1 86
53 74
74 79
71 74
68 74
74 82
37 74
2 74
5 74
74 95
54 74
66 74
22 74
58 64
58 59
5 58
58 89
58 66
58 74
3 89
3 25
3 66
3 86
3 74
52 66
52 74
3 52
15 74
15 23
32 64
10 32
32 95
32 54
32 66
32 86
47 53
47 79
47 71
47 68
47 82
37 47
47 64
10 47
47 89
25 47
16 96
53 96
62 96
79 96
71 96
94 96
19 96
68 96
82 96
37 96
64 96
59 96
89 96
54 96
87 96
93 96
17 96
45 96
13 96
21 96
55 96
5 77
54 77
77 96
22 77
3 77
47 77
34 53
34 94
34 37
34 64
34 51
10 34
34 95
25 34
34 96
34 86
34 47
15 34
16 70
53 70
62 70
70 79
70 71
70 94
19 70
68 70
70 82
37 70
64 70
2 70
39 70
10 70
70 89
54 70
70 96
70 86
70 74
64 92
59 92
5 92
54 92
92 96
22 92
74 92
70 92
16 91
53 91
62 91
79 91
71 91
91 94
19 91
68 91
82 91
37 91
64 91
2 91
51 91
59 91
5 91
54 91
91 96
22 91
3 91
70 91
91 92
21 91
87 91
56 70
56 91
30 96
30 86
30 47
15 30
38 53
38 79
38 71
38 94
38 82
37 38
38 64
10 38
38 95
38 89
38 96
38 86
38 74
15 38
34 38
8 38
53 80
37 80
64 80
10 80
5 80
25 80
80 96
80 86
74 80
70 80
38 80
77 80
30 80
39 78
10 78
78 95
78 89
78 96
78 86
74 78
15 78
38 78
77 78
40 95
40 54
40 96
22 40
3 40
40 47
38 40
40 91
30 40
7 53
7 79
7 71
7 19
7 68
7 64
7 39
5 7
7 95
7 89
7 66
7 86
3 7
7 47
7 34
7 91
7 40
7 78
7 98
28 93
28 40
74 90
15 90
38 90
90 91
90 93
61 90
90 92
18 90
16 43
43 53
43 62
43 79
43 71
43 94
19 43
43 68
43 82
37 43
43 64
2 43
39 43
10 43
43 95
25 43
43 96
22 43
43 47
15 43
38 43
43 77
43 93
43 61
43 90
28 43
18 43
43 58
16 33
33 53
33 62
33 79
33 71
33 94
19 33
33 68
33 82
33 37
33 64
2 33
33 39
10 33
33 95
33 89
33 96
33 86
3 33
33 70
33 34
33 77
33 40
33 61
33 92
28 33
18 33
16 57
53 57
57 62
57 79
57 71
57 94
19 57
57 68
57 82
57 64
2 57
57 59
5 57
25 57
57 66
57 86
3 57
15 57
38 57
57 77
30 57
57 61
57 92
28 57
9 34
9 91
9 30
9 61
9 98
4 53
4 79
4 71
4 94
4 82
4 64
2 4
4 10
4 5
4 25
4 54
4 22
3 4
4 70
4 34
4 93
4 30
4 61
4 98
4 21
11 96
11 22
11 74
11 15
11 34
11 77
11 93
11 61
11 92
4 11
11 18
11 58
11 33
11 48
24 53
24 94
24 68
24 37
24 64
24 59
5 24
24 89
24 54
24 86
24 47
15 24
24 34
24 77
24 30
24 61
24 92
4 24
9 24
24 57
24 33
17 24
24 48
18 46
9 46
33 46
46 85
24 46
46 49
64 97
59 97
95 97
54 97
66 97
22 97
74 97
15 97
38 97
91 97
40 97
61 97
92 97
4 97
34 67
67 77
30 67
67 78
67 92
28 67
18 67
64 73
10 73
73 95
25 73
73 96
22 73
3 73
70 73
38 73
73 77
30 73
61 73
73 90
4 73
67 73
58 73
17 73
7 73
16 69
53 69
62 69
69 79
69 71
69 94
69 82
37 69
64 69
59 69
5 69
25 69
69 96
22 69
3 69
47 69
69 70
69 77
40 69
61 69
69 90
28 69
18 69
57 69
17 69
7 69
8 69
16 60
53 60
60 62
60 79
60 71
60 94
19 60
60 68
60 82
37 60
60 64
10 60
5 60
54 60
60 96
22 60
3 60
47 60
60 70
60 91
60 93
60 78
60 90
4 60
60 67
57 60
60 87
48 60
60 69
11 60
60 97
3 27
15 27
27 34
27 91
27 93
27 61
27 90
27 98
18 27
27 58
27 87
27 85
24 27
27 49
34 81
77 81
81 93
81 92
81 90
18 81
9 81
33 81
81 87
7 81
48 81
49 81
36 53
36 62
36 79
36 71
36 94
36 68
36 82
36 64
2 36
36 59
36 95
25 36
36 54
22 36
36 47
36 70
36 38
36 93
36 40
36 78
36 92
4 36
18 36
9 36
33 36
7 36
36 69
36 49
36 97
36 44
8 36
36 55
36 42
29 36
36 56
21 36
3 75
47 75
34 75
75 77
75 93
75 78
75 90
28 75
67 75
57 75
75 87
7 75
48 75
49 75
36 75
75 81
43 75
12 53
12 64
2 12
10 12
12 89
12 54
12 96
12 74
3 12
12 70
12 34
12 91
12 93
12 40
12 92
12 28
12 18
12 33
12 17
7 12
12 69
11 12
12 81
12 27
12 43
0 12
1 12
12 75
8 12
6 53
6 79
6 71
6 94
6 68
6 64
2 6
6 59
5 6
6 54
6 66
6 86
3 6
6 70
6 34
6 91
6 40
6 92
6 98
6 28
6 9
6 33
6 87
6 85
6 48
6 24
6 81
53 76
76 79
76 94
68 76
76 82
37 76
2 76
59 76
5 76
76 89
66 76
76 86
3 76
47 76
34 76
76 93
30 76
76 78
76 90
76 98
67 76
57 76
17 76
76 85
24 76
11 76
76 97
27 76
65 98
4 65
9 65
58 65
65 87
7 65
65 69
24 65
65 97
65 76
46 65
65 80
53 99
64 99
39 99
10 99
5 99
25 99
66 99
22 99
74 99
15 99
34 99
77 99
40 99
78 99
90 99
98 99
67 99
58 99
87 99
7 99
69 99
49 99
97 99
76 99
43 99
80 99
53 63
62 63
63 79
63 71
63 94
63 68
63 82
37 63
63 64
10 63
5 63
63 89
63 96
22 63
63 74
63 70
38 63
63 91
63 93
63 78
63 90
63 98
63 67
9 63
17 63
7 63
63 69
11 63
36 63
46 63
52 63
63 99
21 63
8 63
63 75
3 31
31 47
31 38
31 91
31 93
31 61
31 98
28 31
31 67
31 57
31 87
31 85
31 48
31 49
31 97
31 76
31 46
31 80
31 99
8 31
31 75
50 64
50 59
5 50
50 54
50 66
22 50
50 74
50 70
34 50
50 77
40 50
50 61
50 92
50 98
18 50
50 57
17 50
50 85
24 50
11 50
50 97
27 50
46 50
50 80
41 53
41 62
41 79
41 71
41 94
19 41
41 82
41 64
39 41
10 41
41 95
41 89
41 66
41 86
41 47
41 70
34 41
41 91
30 41
41 61
41 90
28 41
41 67
41 58
17 41
41 85
24 41
11 41
36 41
41 81
41 52
12 41
41 50
23 41
41 60
53 83
83 94
82 83
64 83
2 83
10 83
83 95
25 83
66 83
83 86
3 83
70 83
38 83
83 91
40 83
78 83
83 92
4 83
9 83
58 83
17 83
83 85
48 83
49 83
83 97
81 83
46 83
12 83
41 83
55 83
75 83
65 83
73 83
1 83
44 83
60 83
16 20
20 53
20 62
20 79
20 71
20 94
19 20
20 68
20 82
20 37
20 64
2 20
20 51
20 39
20 59
10 20
20 95
20 89
20 96
20 86
20 74
20 47
20 38
20 91
20 93
20 78
20 98
4 20
20 67
20 57
20 87
7 20
20 69
20 49
20 36
20 27
20 46
20 80
20 41
20 75
20 83
20 23
26 74
26 47
26 38
26 93
26 30
26 61
26 90
18 26
9 26
26 57
17 26
26 85
26 69
11 26
26 81
26 76
26 52
26 99
21 26
8 26
26 32
23 26
72 74
15 72
70 72
72 93
40 72
61 72
72 98
28 72
67 72
9 72
33 72
7 72
69 72
11 72
72 97
72 76
52 72
72 80
41 72
72 75
32 72
23 72
65 72
5 14
14 25
14 66
14 22
14 47
14 15
14 38
14 77
14 40
14 78
14 98
14 18
14 67
14 57
14 33
14 85
14 48
14 49
14 36
14 76
14 43
14 80
14 21
8 14
14 32
14 72
6 14
84 96
84 86
47 84
70 84
34 84
77 84
40 84
78 84
84 92
28 84
67 84
58 84
17 84
7 84
24 84
11 84
81 84
76 84
52 84
12 84
21 84
8 84
83 84
31 84
26 84
14 84
65 84
42 84
1 84
20 84
56 84
29 84
14 60
14 65
14 63
0 14
14 29
1 14
42 72
13 72
45 72
16 88
53 88
62 88
79 88
71 88
88 94
19 88
68 88
37 88
64 88
51 88
10 88
88 95
54 88
66 88
86 88
74 88
15 88
70 88
77 88
30 88
40 88
88 92
4 88
18 88
58 88
87 88
85 88
69 88
49 88
36 88
27 88
52 88
88 99
21 88
8 88
83 88
23 88
72 88
44 88
60 88
13 88
45 88
42 88
20 88
56 88
63 72
26 72
26 44
26 42
26 65
20 26
0 26
1 26
35 53
35 68
35 82
35 37
35 51
35 59
35 95
35 89
35 54
35 86
35 47
15 35
34 35
35 93
35 40
35 61
35 90
4 35
9 35
35 58
35 87
35 85
35 48
35 49
35 97
35 76
35 43
12 35
35 41
35 55
35 83
31 35
6 35
35 65
1 35
35 56
0 35
13 35
35 63
20 35
13 20
20 56
20 45
0 20
41 55
0 41
32 41
41 45
41 75
8 50
32 50
31 50
6 50
44 50
50 60
45 50
13 50
50 56
1 50
0 50
6 31
29 31
31 44
31 60
31 63
0 31
60 63
13 63
56 63
29 63
63 73
60 99
44 99
73 99
65 99
8 99
13 99
56 99
6 99
65 75
13 65
42 65
29 65
45 65
42 76
6 76
8 76
44 76
52 76
0 76
6 46
6 12
6 55
6 32
6 13
6 73
6 56
6 60
6 29
12 23
12 13
12 29
12 55
21 75
42 75
23 75
32 75
29 75
23 36
36 81
45 81
32 81
0 81
27 81
13 81
44 81
73 81
29 81
27 46
27 32
27 43
27 80
1 27
27 45
27 55
13 27
27 60
21 27
43 60
55 60
44 60
60 73
0 60
69 80
21 69
43 69
1 69
69 73
55 69
42 69
49 73
46 73
43 73
21 73
8 73
23 73
44 73
13 73
56 73
29 73
1 73
0 67
8 67
58 67
67 97
42 67
32 67
52 67
55 67
13 67
58 97
33 97
17 97
24 97
46 97
80 97
1 97
55 97
8 97
43 97
52 97
23 46
46 56
13 46
45 46
44 46
43 46
23 24
24 49
24 44
24 29
0 24
11 24
24 45
24 42
0 11
11 56
11 80
11 45
11 21
1 11
11 43
11 13
4 9
4 17
4 80
4 28
4 18
4 13
4 85
4 32
4 44
0 4
1 4
9 18
9 80
9 45
9 48
9 56
9 21
7 9
9 29
9 44
9 57
9 55
57 58
42 57
57 87
0 57
48 57
32 57
1 57
13 57
17 57
52 57
33 57
33 85
33 49
29 33
23 33
33 52
1 33
32 33
13 33
7 33
33 43
43 48
43 80
43 56
42 43
43 55
0 43
43 52
32 90
29 90
13 90
17 90
87 90
58 90
28 90
42 90
45 90
8 28
28 56
28 52
28 49
23 28
7 28
28 48
28 87
28 55
28 29
7 58
7 85
7 56
7 23
1 7
7 21
7 44
7 29
17 40
40 98
40 55
40 48
40 78
40 58
40 44
32 40
23 40
8 78
55 78
45 78
52 78
44 78
78 85
48 78
78 80
61 78
78 98
13 78
78 87
21 78
80 92
58 80
80 87
48 80
52 80
42 80
32 80
21 80
45 80
56 80
38 58
38 52
17 38
0 38
38 85
32 38
38 93
38 48
38 44
13 38
30 38
30 91
18 30
30 92
1 30
0 30
8 30
30 45
30 56
23 30
30 49
13 30
21 30
29 30
30 85
30 52
56 61
56 98
56 58
17 56
48 56
55 56
32 56
23 56
61 91
42 91
13 91
48 91
23 91
1 91
58 91
85 91
0 91
92 93
17 92
18 92
49 92
48 92
85 92
92 98
55 92
44 92
1 92
18 70
58 70
70 85
21 70
49 70
34 70
1 70
55 70
45 70
29 70
34 42
34 77
34 61
34 87
18 34
34 49
34 98
23 34
45 77
44 77
77 98
52 77
32 77
18 77
21 77
77 93
17 77
49 77
42 96
29 96
47 96
48 96
49 96
22 47
47 74
47 87
47 48
47 49
32 47
47 93
42 47
44 47
13 47
0 47
1 47
15 32
32 93
32 85
32 48
32 49
32 52
32 55
32 42
32 45
0 32
15 45
15 98
15 48
15 93
15 61
15 17
15 55
15 29
15 87
15 52
8 15
52 98
52 85
48 52
49 52
1 52
29 52
23 52
8 52
21 52
3 42
3 45
3 17
3 23
3 29
3 21
3 44
3 58
3 85
3 18
3 61
58 61
58 98
23 58
45 58
21 58
8 58
44 58
74 87
42 74
74 93
13 74
1 74
55 74
0 74
8 74
74 98
1 61
1 18
1 21
1 55
1 23
1 42
1 29
85 86
45 86
49 86
18 86
29 86
21 86
86 98
18 85
17 85
48 85
42 85
13 85
8 85
61 89
23 89
8 89
23 25
23 66
22 23
23 98
18 23
23 49
23 55
13 23
23 45
8 22
22 61
0 22
22 55
17 22
22 48
22 44
17 44
21 44
8 44
42 44
44 45
29 44
18 66
13 66
61 66
45 66
66 98
0 66
17 66
8 66
21 66
18 42
17 18
18 87
18 49
25 61
25 49
49 98
49 87
17 49
29 49
95 98
54 98
8 98
0 98
21 98
45 98
0 5
29 54
29 93
29 61
17 29
21 29
8 29
8 10
10 48
8 54
8 93
8 87
8 55
59 61
0 59
61 93
0 61
42 61
39 42
39 48
48 54
17 48
48 55
0 48
13 48
42 51
42 54
42 93
42 87
21 42
42 45
0 42
0 2
54 87
54 93
21 54
13 54
54 55
45 54
17 54
0 54
37 55
17 37
21 64
21 87
21 45
17 82
17 64
17 87
17 45
55 68
13 68
45 68
45 64
45 87
0 45
19 55
13 19
55 64
55 93
55 87
13 55
0 55
13 94
13 64
64 87
87 93
0 87
79 93
64 93
0 64
16 53
0 53
