100 990
33 61
28 61
33 97
28 97
2 61
2 97
61 69
69 97
33 69
28 69
2 69
10 61
10 97
10 69
25 33
25 28
2 25
10 25
54 61
54 97
54 69
25 54
21 33
21 28
10 21
2 21
21 54
17 61
17 97
17 69
17 25
17 21
69 89
21 89
33 89
28 89
2 89
10 89
61 62
62 97
62 69
25 62
21 62
62 89
47 61
47 97
47 69
21 47
47 89
33 47
28 47
2 47
10 47
37 61
37 97
37 69
25 37
37 47
33 50
28 50
2 50
10 50
48 61
48 97
48 69
21 48
48 89
48 50
48 66
74 97
69 74
25 74
21 74
74 89
23 61
23 97
23 69
23 25
21 23
23 89
23 47
23 33
23 28
2 23
10 23
52 69
25 52
47 52
23 52
52 66
33 83
28 83
84 89
50 84
33 71
28 71
10 71
2 71
62 71
4 69
4 50
4 71
4 83
59 61
59 97
59 69
25 59
21 59
59 89
47 59
50 59
59 62
59 74
33 59
65 69
50 65
65 66
59 65
85 89
50 85
62 85
83 85
59 85
33 85
85 95
33 88
69 92
50 92
66 92
83 92
88 92
59 63
8 63
44 69
21 44
44 89
44 47
44 62
44 74
44 85
38 52
36 88
36 38
36 44
32 61
32 97
32 69
25 32
21 32
32 89
32 47
23 32
32 50
32 83
32 88
8 32
32 48
4 32
48 93
32 93
3 71
3 74
3 88
3 38
3 95
3 28
24 69
24 25
24 89
23 24
24 66
24 74
24 85
8 24
3 24
16 69
16 25
16 47
16 50
16 66
16 74
16 88
16 31
42 50
42 83
42 85
38 42
3 42
42 54
42 84
4 42
14 62
14 74
14 59
59 94
12 94
42 94
56 89
23 56
56 62
56 74
56 88
8 56
44 56
58 85
12 58
3 58
56 58
58 92
50 51
51 83
51 85
31 51
42 51
51 58
7 62
7 83
7 59
7 12
7 48
7 58
2 18
18 52
27 69
23 27
27 66
27 59
18 27
8 27
27 44
27 58
19 69
19 23
19 62
19 74
19 85
12 19
19 44
19 58
47 86
23 86
66 86
74 86
85 86
8 86
44 86
48 86
19 86
18 40
12 40
40 48
32 40
47 80
23 80
66 80
80 83
80 88
31 80
48 80
5 80
29 80
40 80
80 94
14 80
13 89
13 50
13 66
13 74
13 88
8 13
12 13
5 13
13 19
61 87
69 87
25 87
87 89
47 87
23 87
62 87
83 87
87 88
38 87
42 87
5 87
55 62
55 74
18 55
8 55
42 55
55 58
29 55
44 98
56 98
55 98
43 59
38 43
43 48
5 43
7 43
47 81
50 81
71 81
74 81
18 81
38 81
48 81
56 81
19 81
43 81
70 81
46 85
8 46
3 46
5 46
20 46
46 55
46 94
35 85
31 35
35 44
35 58
20 35
30 88
12 30
3 30
30 58
30 55
30 84
30 93
16 30
30 94
18 79
8 79
48 79
32 79
29 79
30 79
54 79
69 78
21 78
47 78
23 78
66 78
59 78
18 78
38 78
44 78
5 78
20 78
78 87
78 79
46 78
78 93
13 78
36 78
29 45
43 45
45 79
45 46
45 52
45 65
69 99
21 99
47 99
23 99
71 99
83 99
88 99
31 99
12 99
56 99
19 99
87 99
79 99
35 99
26 59
12 26
3 26
26 32
20 26
26 40
26 79
26 46
15 62
15 83
15 85
15 18
3 15
15 56
7 15
15 43
15 94
15 35
15 26
29 72
40 72
72 79
14 72
52 72
66 75
75 83
18 75
8 75
42 75
58 75
29 75
75 87
75 79
14 75
52 75
49 75
75 86
39 85
31 39
39 44
39 56
20 39
39 40
27 39
37 39
10 39
0 39
36 39
44 77
58 77
7 77
30 77
44 90
58 90
19 90
87 90
67 89
23 67
67 71
62 67
67 88
18 67
48 67
32 67
29 67
43 67
67 90
27 67
26 67
16 67
67 99
11 61
11 97
11 69
11 21
11 47
11 23
11 62
11 59
11 18
11 38
3 11
11 32
7 11
11 30
11 94
11 14
11 26
11 72
0 11
6 19
6 87
6 43
6 35
6 93
6 16
6 36
6 11
91 94
46 91
52 91
0 91
91 99
11 91
19 57
43 57
57 90
14 57
26 57
13 57
17 57
64 90
46 64
64 93
64 65
64 99
11 64
64 81
57 64
22 66
22 62
18 22
12 22
22 42
22 32
22 55
22 87
22 70
14 22
22 93
22 49
22 36
22 64
33 68
68 72
68 86
11 68
4 68
22 68
63 68
68 80
50 96
59 96
88 96
31 96
44 96
32 96
29 96
40 96
79 96
37 96
33 96
72 96
54 96
3 41
41 48
29 41
30 41
41 90
37 41
41 52
41 72
41 99
41 45
41 63
41 92
41 95
73 89
50 73
66 73
73 83
18 73
31 73
42 73
58 73
19 73
40 73
27 73
10 73
26 73
65 73
54 73
41 73
73 84
15 73
7 53
40 53
53 94
14 53
52 53
53 65
17 53
45 53
53 84
60 88
38 60
42 60
5 60
7 60
40 60
60 90
10 60
60 93
60 72
17 60
54 60
9 60
6 60
34 93
34 65
0 34
34 41
34 64
34 60
34 57
2 34
34 77
34 98
53 60
28 60
60 77
53 63
53 81
53 92
53 73
67 73
22 73
73 95
41 96
9 96
68 96
24 96
51 96
1 59
1 31
1 42
1 56
1 7
1 87
1 70
1 46
1 13
1 65
1 36
1 64
70 76
14 76
26 76
72 76
36 76
39 76
1 76
76 80
76 95
51 76
15 76
76 84
1 4
1 57
1 80
1 96
29 82
55 82
70 82
37 82
26 82
13 82
0 82
39 82
82 84
4 82
6 82
67 82
1 82
80 82
81 96
67 68
22 75
22 24
22 67
22 92
28 64
57 91
57 75
57 63
57 77
6 91
67 91
81 91
24 91
77 91
6 24
6 81
6 92
2 11
11 67
11 51
24 67
16 90
65 90
28 90
35 90
13 90
9 90
77 90
10 77
77 93
49 77
17 77
39 77
77 92
77 78
39 75
28 39
15 39
9 39
9 75
51 75
2 75
75 81
49 51
49 63
49 72
49 54
4 49
15 72
72 99
15 17
15 24
4 15
15 95
15 98
26 86
4 26
26 99
86 99
2 99
45 99
63 99
4 45
45 84
45 78
24 45
45 80
9 78
4 78
28 78
51 78
78 81
79 86
79 95
79 92
79 93
30 87
17 30
30 51
30 35
27 30
27 35
35 93
24 35
35 92
35 37
35 54
35 46
35 51
46 81
0 46
13 46
28 46
33 81
16 81
81 86
43 98
43 95
4 43
28 43
43 54
43 92
43 52
70 98
37 98
52 98
16 98
86 98
54 98
84 98
63 98
2 98
80 98
55 87
40 55
52 55
55 65
14 55
10 55
9 55
2 55
13 87
36 87
63 87
37 87
0 87
13 33
13 80
13 24
13 86
13 16
13 95
0 80
36 80
63 80
29 52
9 29
29 40
29 95
40 86
33 40
40 70
24 40
14 86
9 86
24 86
17 86
19 37
19 27
19 63
2 19
19 28
19 94
27 94
14 27
0 27
24 27
27 51
9 27
27 95
27 84
18 70
18 54
12 70
3 70
56 70
7 70
70 94
33 70
36 70
17 70
37 70
4 70
7 36
7 24
4 7
7 51
7 54
7 10
10 51
51 54
28 51
51 95
54 58
10 58
56 65
20 56
56 94
37 56
56 84
52 56
0 56
84 94
2 94
10 94
63 94
12 14
12 54
12 65
14 42
5 14
14 20
14 33
10 14
17 42
16 42
5 16
16 20
10 16
16 33
2 16
16 28
16 65
16 17
5 63
5 17
5 24
24 52
3 65
3 10
3 48
3 20
20 65
0 20
20 33
20 84
17 20
20 93
20 92
54 93
65 93
63 93
32 33
28 32
9 32
32 95
2 32
32 36
36 37
10 36
36 65
36 84
38 44
33 38
37 44
44 63
2 44
44 52
37 63
9 63
8 92
8 48
8 37
0 8
8 84
48 92
33 92
65 92
17 92
84 92
4 92
9 88
48 88
17 88
9 31
9 48
9 33
0 9
2 9
28 31
4 31
2 31
31 95
17 31
10 31
33 95
54 95
28 95
2 95
65 85
10 85
37 85
0 85
10 65
10 59
4 59
59 84
28 59
4 10
4 54
37 71
71 84
83 84
10 84
0 84
52 83
2 83
37 52
17 52
2 52
23 74
23 54
23 62
17 23
66 74
62 74
33 74
54 74
28 74
0 74
17 74
48 74
33 48
0 48
37 50
37 62
17 37
2 37
47 54
47 62
17 47
33 62
28 62
54 62
10 62
54 89
17 89
17 66
17 54
2 66
2 28
28 66
28 33
0 28
33 66
0 33
0 66
