100 990
55 64
55 71
5 64
55 56
5 56
28 64
41 55
5 41
28 41
64 79
30 55
5 30
28 30
30 79
26 55
5 26
26 28
26 79
26 64
55 81
5 81
28 81
79 81
26 81
52 64
41 52
52 56
52 81
52 71
30 52
55 77
5 77
28 77
77 79
52 77
64 77
30 77
77 81
41 77
56 77
71 77
5 54
28 54
26 54
54 77
14 54
41 54
13 79
13 77
5 96
28 96
26 96
52 96
14 96
64 96
5 95
52 95
95 96
41 95
61 81
14 33
33 96
33 61
40 64
8 40
8 30
42 79
42 52
14 42
41 42
42 61
21 26
21 77
14 21
21 96
21 68
21 42
27 29
27 40
18 27
27 54
21 27
3 26
3 52
3 96
9 56
9 30
26 92
77 92
14 92
9 92
29 92
30 92
18 92
10 92
33 92
22 29
22 30
18 22
26 34
34 52
34 96
34 41
34 61
30 34
18 34
43 55
5 43
28 43
43 79
26 43
43 77
43 96
41 43
43 68
40 43
10 43
5 62
28 62
62 79
62 77
62 96
41 62
61 62
30 62
27 62
43 62
34 62
36 62
29 57
42 57
10 57
43 57
27 44
34 44
0 44
18 67
12 14
12 96
12 29
12 42
10 12
9 51
30 51
27 51
12 51
44 51
5 88
52 88
88 96
41 88
29 88
42 88
27 88
12 88
17 88
57 88
26 91
77 91
14 91
41 91
68 91
30 91
18 91
34 91
33 91
10 73
43 73
33 73
73 91
33 90
73 90
5 47
47 77
47 96
9 47
47 68
40 47
27 47
43 47
47 62
36 47
18 19
12 19
17 19
19 22
19 47
19 91
11 36
5 85
79 85
26 85
77 85
85 96
9 85
29 85
42 85
10 85
43 85
17 85
22 85
17 94
36 94
74 94
6 90
18 89
12 89
33 89
22 89
36 89
6 89
85 89
44 48
17 48
48 91
18 24
12 24
24 44
24 73
24 47
24 53
24 85
29 32
32 42
10 32
32 34
32 62
22 32
32 91
32 53
40 45
42 45
10 45
43 45
44 45
45 73
45 74
6 45
45 81
58 74
31 51
44 80
36 80
5 7
7 28
7 26
7 77
7 96
7 41
7 29
7 30
7 10
7 12
7 62
7 57
7 56
7 93
91 93
47 63
5 98
28 98
79 98
26 98
52 98
77 98
14 98
96 98
29 98
40 98
10 98
43 98
62 98
22 98
74 98
6 98
29 38
38 42
18 38
34 38
33 38
38 73
7 38
38 98
29 87
30 87
27 87
43 87
17 87
73 87
7 87
87 98
68 69
30 69
18 69
12 69
17 69
69 73
69 74
31 69
11 69
5 66
28 66
26 66
52 66
14 66
9 66
29 66
40 66
42 66
12 66
44 66
22 66
66 91
53 66
66 69
32 66
4 62
4 57
4 7
4 31
4 45
33 99
57 99
74 99
98 99
87 99
7 70
6 70
70 85
70 99
36 78
53 78
11 78
25 69
25 78
25 38
25 64
46 63
25 46
46 78
46 71
45 59
48 59
5 50
28 50
50 79
26 50
50 52
2 64
2 30
2 41
2 81
35 55
5 35
28 35
35 79
26 35
2 35
35 96
9 35
35 68
35 42
27 35
12 35
35 62
35 57
7 35
35 91
35 69
35 87
35 50
35 64
35 38
13 35
35 70
35 67
3 35
35 90
1 10
1 43
1 62
1 17
1 36
1 53
1 11
1 32
52 86
77 86
14 86
41 86
29 86
40 86
18 86
34 86
44 86
57 86
7 86
86 98
63 86
32 86
84 86
80 86
5 72
72 77
72 96
41 72
9 72
30 72
27 72
12 72
62 72
22 72
36 72
53 72
63 72
72 99
4 72
64 72
38 72
72 95
51 72
27 82
43 82
33 82
17 82
74 82
82 98
69 82
25 82
82 84
80 82
72 82
15 26
15 77
15 96
15 41
15 29
15 40
15 27
12 15
15 33
15 73
15 47
15 85
15 63
15 25
15 50
15 71
20 68
20 42
20 27
12 20
20 33
20 57
20 47
20 98
11 20
20 48
4 20
20 80
19 20
15 20
20 24
1 20
7 39
39 91
39 69
39 48
39 78
39 64
20 39
21 39
5 60
28 60
60 79
26 60
52 60
60 77
14 60
41 60
60 68
30 60
10 60
43 60
60 62
22 60
47 60
6 60
45 60
60 87
0 60
44 97
57 97
47 97
85 97
69 97
25 97
50 97
93 97
60 97
54 97
90 97
11 76
76 87
76 84
76 97
72 76
76 88
76 82
56 76
19 76
42 75
12 75
17 75
57 75
75 91
6 75
11 75
75 99
75 84
75 80
5 16
16 79
16 26
16 77
16 96
16 41
16 29
16 40
16 18
16 43
16 44
16 36
16 91
16 53
11 16
16 48
0 16
16 64
16 20
8 16
16 56
14 23
23 41
23 68
23 30
23 42
12 23
23 62
22 23
23 91
6 23
23 85
23 99
23 84
23 71
16 23
26 83
77 83
83 96
9 83
40 83
42 83
10 83
34 83
44 83
57 83
36 83
6 83
11 83
83 99
83 84
83 97
72 83
7 49
49 85
45 49
48 49
0 49
49 64
49 83
15 49
49 60
1 49
33 65
65 73
47 65
53 65
63 65
48 65
50 65
65 80
65 83
65 90
49 65
56 65
9 37
30 37
18 37
12 37
34 37
17 37
37 74
31 37
37 87
37 99
37 78
37 38
16 37
21 37
37 93
37 67
37 89
37 65
24 37
37 94
24 65
13 65
65 92
49 56
24 49
49 94
70 83
58 83
23 83
83 93
60 83
8 23
23 51
19 23
23 54
23 39
23 58
16 75
16 93
13 16
75 88
75 82
67 75
3 75
1 75
75 76
75 94
70 76
76 92
21 97
81 97
24 97
59 60
46 60
39 60
60 70
3 60
60 67
39 46
39 66
39 54
39 94
20 54
20 81
15 66
15 88
15 86
15 82
15 46
15 95
19 82
66 82
54 82
82 92
72 86
72 94
86 88
86 93
3 86
54 86
70 86
86 95
1 84
13 84
58 84
67 84
1 38
1 35
1 46
1 19
1 70
1 58
35 51
2 71
2 56
2 50
14 50
41 50
29 50
30 50
27 50
43 50
33 50
50 73
36 50
50 98
50 69
50 87
4 50
24 50
50 59
19 50
50 56
50 66
59 71
21 59
3 59
59 88
46 59
59 89
59 92
59 90
46 56
13 46
46 51
25 71
25 95
19 25
25 58
70 78
78 89
64 78
78 80
78 93
56 78
78 81
70 71
70 81
19 70
4 99
21 99
54 99
92 99
32 99
4 21
4 19
4 66
4 92
4 54
4 8
4 95
38 66
66 81
66 89
58 66
13 66
0 69
69 80
69 87
54 69
21 87
38 87
87 94
51 87
87 88
0 38
38 80
38 58
38 88
38 67
63 98
67 98
8 98
56 98
88 98
11 63
51 63
63 71
63 64
63 67
63 93
8 63
48 93
8 93
13 93
81 93
92 93
7 54
7 51
7 80
7 91
31 80
32 80
71 80
8 80
80 92
31 58
31 64
21 31
13 31
31 81
45 58
21 58
8 58
51 58
58 94
45 88
32 45
45 48
45 94
3 45
45 92
32 67
32 56
3 32
24 32
32 90
32 81
21 24
24 56
24 95
24 92
3 53
53 92
53 95
48 53
0 48
13 48
48 89
8 48
64 89
89 90
8 89
67 89
13 89
54 89
6 85
6 94
6 54
0 94
64 94
90 94
51 94
74 92
74 85
11 85
0 85
71 85
13 85
85 90
11 95
11 56
11 19
19 90
19 81
47 90
0 47
8 47
47 67
47 95
47 81
0 90
81 90
56 90
22 73
13 73
54 73
0 73
21 73
88 91
13 91
71 91
0 88
8 88
81 88
51 88
17 64
17 81
17 51
0 51
51 71
51 54
12 56
12 67
44 67
57 67
64 67
56 67
67 95
22 44
33 44
21 44
44 57
57 71
8 57
36 57
57 64
21 36
3 36
36 64
3 62
54 62
62 95
62 71
8 43
34 43
43 64
13 43
21 34
34 95
34 81
33 34
34 71
22 34
34 54
3 34
22 95
22 92
22 56
3 22
22 81
21 92
3 92
9 64
3 9
9 29
3 68
3 40
3 27
0 3
3 64
3 81
3 95
27 81
13 27
21 54
8 21
42 64
42 95
42 71
42 56
10 42
8 10
10 56
10 71
0 10
8 33
8 95
40 54
30 40
33 40
18 33
33 56
13 33
61 95
18 95
71 95
13 95
13 96
41 96
13 41
13 68
13 30
13 71
54 68
68 71
30 68
14 81
41 81
30 81
26 30
26 41
26 56
26 71
14 30
18 30
41 79
56 79
71 79
41 64
41 71
29 41
28 56
28 71
14 56
29 56
5 71
14 71
0 71
14 64
18 64
14 29
18 29
0 18
