100 1485
35 43
5 35
43 83
5 83
43 90
35 90
83 90
43 62
5 62
62 90
40 90
35 40
40 83
40 62
42 43
5 42
42 90
40 42
20 90
20 40
20 35
20 83
20 62
20 42
28 43
5 28
28 90
28 40
20 28
35 98
83 98
62 98
42 98
28 98
43 58
5 58
58 90
40 58
20 58
58 98
28 58
35 53
53 83
53 62
42 53
43 70
5 70
70 90
40 70
20 70
70 98
28 70
53 70
17 35
17 83
17 62
17 42
17 70
17 58
43 63
63 90
40 63
20 63
63 98
28 63
53 63
17 63
63 83
4 35
4 62
4 42
4 70
4 58
43 72
72 90
40 72
20 72
72 98
28 72
53 72
17 72
72 83
4 72
41 43
41 90
40 41
20 41
41 98
28 41
41 53
17 41
41 83
4 41
35 41
41 62
41 42
41 58
41 70
43 95
90 95
40 95
20 95
95 98
28 95
53 95
17 95
83 95
4 95
41 95
62 95
35 86
42 86
70 86
58 86
6 90
6 40
6 20
6 28
6 17
6 83
4 6
6 62
6 86
68 83
4 68
62 68
35 68
42 68
33 62
33 68
33 58
17 92
62 92
86 92
76 83
41 76
35 91
42 91
59 90
40 59
20 59
59 98
28 59
17 59
59 83
41 59
59 91
59 68
60 83
41 60
60 91
60 68
35 60
62 64
60 64
46 90
20 46
46 83
46 62
46 91
46 76
46 58
35 46
43 94
90 94
40 94
20 94
94 98
28 94
53 94
17 94
83 94
4 94
41 94
62 94
86 94
76 94
46 94
92 94
10 28
10 62
10 91
10 60
10 58
10 92
54 60
46 54
35 54
1 90
1 40
1 20
1 98
1 28
1 17
1 83
1 4
1 62
1 60
1 58
1 92
1 54
39 90
28 39
39 83
4 39
39 76
39 68
39 58
39 92
10 39
35 39
20 80
28 80
17 80
41 80
80 86
68 80
46 80
35 77
34 86
34 68
34 58
34 77
22 35
29 90
28 29
29 83
29 62
29 86
29 60
29 58
22 29
29 54
43 73
5 73
73 90
40 73
20 73
73 98
28 73
53 73
17 73
73 83
4 73
41 73
62 73
68 73
60 73
73 77
54 73
39 73
35 73
46 79
77 79
22 79
73 79
4 25
25 41
25 91
25 68
25 46
25 77
10 25
54 57
39 57
35 57
33 57
57 80
19 90
19 40
19 20
19 28
19 83
19 41
19 62
19 76
19 60
19 77
19 22
19 57
19 25
43 52
52 90
40 52
20 52
52 98
28 52
52 53
17 52
52 83
4 52
41 52
52 62
52 76
52 68
46 52
52 77
22 52
52 57
22 67
67 73
35 67
67 72
24 90
24 40
20 24
24 28
17 24
24 83
4 24
24 41
24 62
24 76
24 60
24 77
10 24
24 73
24 67
12 95
1 12
14 54
14 39
23 83
23 62
23 86
23 60
23 46
23 92
23 54
23 57
23 35
21 28
21 41
21 86
21 76
21 58
21 22
21 54
21 39
21 23
21 25
19 96
10 13
13 73
13 23
13 25
13 96
20 61
28 61
61 83
61 62
61 91
60 61
58 61
61 92
22 61
61 73
25 61
61 64
61 96
61 81
9 86
9 76
9 58
9 46
9 10
9 39
9 67
9 12
9 96
9 21
16 67
12 16
30 83
30 41
30 62
30 60
30 58
30 77
30 54
30 39
23 30
30 52
30 79
62 75
75 76
46 75
75 77
10 75
73 75
23 75
12 75
30 75
56 86
56 68
46 56
56 92
10 56
56 73
56 67
52 56
56 96
35 56
29 56
84 90
40 84
20 84
84 98
28 84
17 84
83 84
41 84
62 84
76 84
60 84
46 84
10 84
57 84
23 84
52 84
56 84
21 84
36 76
36 68
36 58
36 92
36 54
36 73
23 36
36 64
36 56
21 36
17 49
4 49
49 91
49 68
49 60
49 77
49 54
49 57
23 49
49 52
30 49
21 49
65 90
40 65
20 65
28 65
65 83
41 65
65 86
65 76
46 65
65 92
10 65
39 65
65 67
12 65
64 65
49 65
22 26
26 39
26 67
26 52
26 30
26 56
9 26
0 26
26 94
26 79
23 71
64 71
71 96
49 71
26 71
71 95
7 90
7 40
7 20
7 28
7 83
7 62
7 86
7 68
7 58
7 92
7 10
7 39
7 23
7 12
7 64
7 56
7 36
7 13
7 34
7 71
89 90
28 89
83 89
4 89
86 89
76 89
58 89
46 89
22 89
39 89
67 89
25 89
30 89
49 89
26 89
89 95
7 89
2 83
2 62
2 76
2 68
2 60
2 92
2 10
2 57
2 25
2 52
2 30
2 81
2 36
2 95
2 34
38 90
38 40
20 38
28 38
38 83
4 38
38 86
38 68
38 60
38 77
10 38
38 73
23 38
38 52
38 64
21 38
36 38
9 93
79 93
19 93
54 97
39 97
25 97
52 97
64 97
56 97
9 97
93 97
43 82
82 90
40 82
20 82
82 98
28 82
17 82
82 83
4 82
41 82
82 86
76 82
46 82
77 82
54 82
57 82
67 82
25 82
82 96
21 82
9 82
13 82
19 82
69 86
68 69
60 69
69 77
54 69
39 69
25 69
12 69
64 69
69 81
36 69
69 93
69 82
78 82
2 78
86 99
76 99
46 99
92 99
10 99
57 99
67 99
25 99
96 99
81 99
26 99
13 99
34 99
78 99
6 50
10 85
39 85
23 85
64 85
30 85
49 85
9 85
85 93
7 85
50 85
8 90
8 28
8 17
8 62
8 91
8 60
8 58
8 77
8 10
8 73
8 67
8 64
8 30
8 56
8 26
8 95
7 8
8 78
8 16
8 69
31 49
13 31
31 34
37 83
37 41
37 76
37 68
37 58
37 77
37 54
37 73
23 37
12 37
30 37
37 81
36 37
37 95
13 37
31 37
1 37
37 84
37 42
45 54
45 57
25 45
45 52
30 45
45 49
9 45
45 95
7 45
37 45
45 50
19 45
24 45
45 69
27 43
27 90
27 40
20 27
27 98
27 28
27 53
17 27
27 83
4 27
27 41
27 62
27 76
27 60
27 58
27 92
27 54
27 73
27 67
12 27
27 56
21 27
27 36
27 93
27 82
2 27
27 85
55 90
40 55
20 55
55 98
28 55
17 55
4 55
55 62
55 86
55 76
46 55
55 92
39 55
55 57
25 55
55 64
55 96
49 55
26 55
55 93
34 55
55 78
32 96
32 81
32 49
32 95
7 32
2 32
32 88
19 32
31 32
47 96
47 56
9 47
47 95
34 47
2 47
47 88
47 55
24 47
18 62
18 76
18 46
18 92
18 54
18 39
18 25
12 18
18 30
18 81
9 18
18 93
7 18
18 78
18 50
18 85
18 31
18 47
18 70
18 63
18 72
66 90
40 66
20 66
66 98
28 66
53 66
17 66
66 83
4 66
41 66
66 91
60 66
46 66
66 92
22 66
39 66
66 67
64 66
66 96
56 66
36 66
13 66
7 66
2 66
66 85
66 75
24 66
66 89
11 22
11 57
11 73
11 52
11 56
11 81
11 36
11 93
11 82
11 50
8 11
11 55
11 33
11 45
11 80
6 11
11 14
11 27
11 32
11 69
3 86
3 68
3 58
3 77
3 22
3 57
3 67
3 12
3 64
3 21
3 36
3 95
3 82
3 37
3 50
3 19
3 24
3 45
3 11
3 69
3 72
44 91
44 68
44 58
44 77
10 44
39 44
23 44
25 44
30 44
21 44
26 44
13 44
7 44
2 44
44 85
19 44
31 44
44 45
29 44
15 49
13 15
15 34
15 37
15 85
15 75
15 24
15 89
15 70
74 90
40 74
20 74
28 74
53 74
17 74
74 83
4 74
62 74
74 76
58 74
74 92
10 74
73 74
23 74
12 74
64 74
21 74
9 74
74 95
74 82
74 78
50 74
19 74
33 74
45 74
29 74
15 74
74 94
66 74
6 74
71 74
3 74
74 84
42 74
65 74
15 99
0 15
15 97
15 35
15 44
15 27
15 72
15 42
44 94
44 59
44 79
44 65
86 87
68 87
46 87
87 92
10 87
57 87
23 87
25 87
30 87
21 87
36 87
87 95
82 87
78 87
85 87
19 87
33 87
47 87
70 87
69 87
44 87
16 87
65 87
1 87
38 87
61 87
84 87
42 87
42 44
3 44
44 66
3 79
3 61
3 35
20 48
28 48
17 48
41 48
48 91
48 68
48 58
48 92
48 54
48 73
48 67
48 52
48 64
21 48
48 49
48 93
48 82
2 48
48 50
48 55
24 48
47 48
14 48
48 69
48 72
16 48
48 97
48 79
48 80
48 61
51 90
40 51
20 51
28 51
17 51
51 83
4 51
41 51
51 86
51 76
51 60
51 77
22 51
51 57
25 51
51 64
30 51
51 81
36 51
51 93
7 51
51 78
8 51
51 55
33 51
47 51
29 51
51 69
51 72
51 66
51 97
1 51
38 51
32 51
48 51
18 51
3 48
3 6
11 66
11 35
11 71
63 66
66 94
35 66
38 66
16 66
18 66
18 97
18 59
18 79
18 32
18 42
32 47
14 47
6 47
29 47
47 71
47 80
1 47
32 69
32 99
0 32
32 71
32 59
32 80
6 32
6 88
33 88
84 88
61 88
29 88
55 88
88 97
0 88
29 55
55 99
35 55
24 55
55 72
55 69
55 70
31 55
27 55
27 45
27 89
27 99
0 27
27 65
6 27
27 71
27 80
27 61
27 79
0 45
45 79
35 45
38 45
45 61
37 59
29 37
37 75
37 72
0 37
37 63
37 65
24 37
8 31
31 63
31 89
31 80
16 31
31 42
31 38
31 59
31 79
6 31
8 79
8 38
8 75
8 85
8 70
8 89
8 24
8 72
8 63
59 85
35 85
42 85
1 85
85 94
80 85
0 85
50 61
50 65
19 50
14 50
50 71
50 99
24 99
89 99
70 99
16 99
65 99
71 99
72 99
97 99
35 99
78 97
78 80
71 78
38 78
69 78
33 78
14 78
69 89
63 69
1 69
69 94
69 84
29 82
42 82
72 82
35 82
82 97
14 82
1 82
75 97
33 97
89 97
70 97
16 97
65 97
35 97
59 97
33 93
0 93
80 93
6 93
38 93
13 93
2 38
38 75
14 38
38 63
38 72
38 65
38 71
6 38
38 61
2 79
2 89
2 16
2 94
2 70
2 35
2 19
19 89
70 89
16 89
72 89
59 89
89 94
7 59
7 84
7 61
7 63
7 33
19 71
33 71
63 71
71 84
71 80
1 71
26 35
26 65
26 59
26 80
16 26
26 29
14 26
26 72
13 65
34 65
19 65
24 65
29 65
14 65
16 65
1 65
49 63
49 59
49 94
14 49
36 49
1 49
29 49
49 72
13 36
36 84
6 36
36 75
34 36
33 36
13 84
19 84
33 84
29 84
14 84
84 94
0 84
79 84
35 84
6 84
14 56
33 56
21 56
1 56
56 75
6 56
34 56
75 95
34 75
75 94
59 75
61 75
16 75
75 79
33 75
42 75
63 75
1 75
0 30
30 70
30 72
30 80
30 42
16 30
16 21
9 16
16 34
16 70
16 94
16 42
16 79
9 70
9 24
9 19
9 63
9 95
9 61
9 14
9 42
61 95
33 61
61 70
61 63
61 72
0 61
59 61
70 81
29 81
79 81
35 81
72 81
13 81
80 81
13 94
13 70
13 24
1 13
13 42
13 79
63 96
95 96
94 96
33 96
59 96
21 96
34 96
24 96
19 21
0 21
21 24
21 42
21 95
14 23
23 95
1 23
23 42
23 63
23 29
12 14
14 19
14 24
1 14
14 63
14 79
14 94
14 72
0 12
12 52
12 24
12 63
12 94
12 29
24 34
24 29
1 24
24 70
33 67
6 67
67 80
52 67
67 70
59 67
35 52
42 52
34 52
52 59
52 64
52 80
6 52
52 70
19 52
6 19
19 80
57 94
25 57
34 57
57 72
0 57
25 94
25 64
25 79
0 25
25 35
25 33
64 79
63 79
59 79
59 73
70 73
29 73
42 73
63 73
34 73
29 42
29 63
0 29
29 59
29 70
0 22
22 42
22 34
6 22
34 95
6 34
34 80
34 70
0 34
34 94
72 77
42 77
77 95
77 80
63 77
39 80
63 80
72 80
0 80
42 80
35 80
1 39
39 95
6 39
39 64
1 64
1 94
0 1
1 35
1 42
54 95
10 54
54 72
54 64
54 63
10 35
10 59
10 70
10 94
10 33
33 94
6 94
0 94
42 46
46 64
0 46
46 95
46 59
64 92
64 72
6 64
0 60
42 60
60 72
60 63
59 60
59 95
59 63
0 59
6 59
0 91
76 91
70 91
35 76
42 76
58 76
76 92
70 76
58 92
35 92
70 92
6 92
0 92
33 92
33 72
0 33
33 35
63 68
6 68
68 95
58 68
6 58
6 70
72 86
63 86
86 95
63 95
35 95
41 63
41 72
62 72
58 72
4 63
0 4
62 63
0 17
70 83
62 70
58 70
42 70
53 58
58 83
58 62
35 58
0 98
28 35
28 83
28 62
28 42
0 28
0 20
42 83
42 62
35 42
0 40
62 83
35 62
0 62
0 90
35 83
0 83
0 43
