100 495
50 92
15 50
11 88
50 88
29 92
15 29
29 88
29 60
50 87
11 87
29 87
5 87
44 60
11 44
44 50
92 95
88 95
60 95
44 95
29 95
52 88
44 52
50 54
11 54
54 89
22 29
28 92
15 28
28 60
28 87
28 97
22 28
23 59
59 89
34 99
12 34
34 55
17 60
17 87
17 54
31 97
31 91
31 52
31 55
26 88
26 44
26 29
9 26
26 52
26 55
26 96
21 99
35 54
22 35
17 35
35 74
35 64
21 35
8 99
8 89
8 70
37 99
54 83
83 91
83 99
17 33
33 83
80 88
44 80
29 80
80 97
80 99
66 80
37 80
25 54
25 91
25 99
25 55
2 25
25 75
45 52
45 74
26 45
25 45
70 98
95 98
12 98
49 98
15 94
88 94
60 94
44 94
29 94
22 94
52 94
83 94
17 68
68 74
36 68
25 36
34 58
58 83
58 68
16 68
16 26
82 97
82 91
52 82
82 83
64 82
16 82
3 70
37 84
75 84
9 30
30 66
30 68
30 84
2 6
9 72
72 89
72 96
13 72
2 63
13 63
63 73
63 65
19 97
19 22
9 19
19 74
2 19
19 25
19 49
19 65
20 29
20 91
17 20
20 55
20 70
16 20
60 77
44 77
77 97
22 77
9 77
66 77
2 77
13 77
77 98
20 77
8 77
42 96
21 42
42 77
61 96
13 61
49 61
77 78
61 78
47 60
44 47
29 47
47 91
17 47
47 55
47 70
25 47
47 95
40 82
58 71
40 71
71 80
41 92
15 41
41 88
41 60
41 87
41 44
41 54
22 41
17 41
41 89
41 64
41 75
41 58
67 98
14 66
14 95
14 73
14 67
14 33
9 79
79 89
68 79
79 84
39 79
65 79
14 79
41 79
7 58
7 36
29 53
9 53
52 53
53 83
53 64
13 53
6 53
53 82
43 49
43 53
43 47
85 95
82 85
14 85
1 52
1 74
1 96
1 16
1 73
1 67
1 28
39 69
6 38
38 61
28 38
38 69
5 38
38 59
47 69
1 69
12 69
59 69
1 19
1 85
90 92
88 90
60 90
87 90
29 90
90 97
52 90
55 90
70 90
90 95
77 90
67 90
20 90
85 90
3 81
65 81
76 96
75 76
72 76
35 76
2 32
25 32
32 98
32 53
32 76
11 32
31 32
19 32
76 81
86 96
21 86
3 86
8 86
76 86
30 86
46 54
22 46
34 46
46 55
46 66
26 51
21 51
46 51
51 94
18 51
51 95
12 51
4 92
4 15
4 88
4 60
4 87
4 44
4 54
4 22
4 52
4 74
4 26
4 51
4 39
4 35
17 57
57 89
57 70
57 84
3 57
57 72
5 57
57 80
4 57
34 62
62 83
62 66
21 62
62 72
61 62
57 62
33 62
62 63
43 62
4 45
4 12
4 59
46 93
46 61
0 46
46 78
46 86
18 46
79 86
11 76
50 81
81 90
5 56
6 48
48 82
20 48
30 48
10 93
10 82
24 30
10 24
12 24
24 27
27 30
18 27
7 27
10 48
10 90
10 63
48 56
56 71
56 81
43 85
43 71
7 53
20 53
7 45
7 79
14 45
18 67
41 67
5 41
41 59
41 71
33 40
40 47
0 47
47 78
31 78
78 94
42 61
42 94
28 42
31 42
42 50
20 36
19 20
19 94
63 80
50 63
72 73
18 72
30 72
6 13
6 33
6 50
6 30
33 84
28 84
3 84
3 5
3 31
3 82
16 58
16 50
16 31
0 58
58 93
36 58
36 45
12 36
35 36
37 68
68 94
0 68
94 98
8 94
33 94
39 49
49 59
39 80
39 45
45 50
25 80
8 80
59 80
28 66
33 66
31 33
83 96
37 83
0 83
18 37
28 37
5 37
37 75
37 50
0 75
11 75
8 75
8 11
8 50
70 93
21 93
11 93
35 93
28 93
0 35
31 35
21 74
74 95
21 26
5 21
11 26
26 31
17 91
11 91
17 89
0 17
17 18
18 55
0 18
18 28
12 55
12 64
11 12
11 34
34 52
95 99
96 99
50 99
2 96
2 64
59 64
64 95
59 95
23 28
23 89
5 23
11 28
22 89
5 22
22 50
11 89
50 89
54 97
5 54
11 97
50 97
52 97
0 97
9 52
9 95
5 9
29 44
5 44
0 5
0 87
11 29
29 50
0 29
60 88
50 60
11 92
11 15
11 60
15 60
0 60
