100 990
39 55
39 77
5 77
27 55
39 73
5 73
27 73
73 77
14 39
5 14
14 27
14 77
14 55
14 73
39 48
5 48
27 48
48 77
14 48
55 68
68 73
48 68
39 84
5 84
27 84
77 84
14 84
68 84
55 89
73 89
39 91
5 91
27 91
77 91
14 91
89 91
13 55
13 73
13 91
13 84
13 48
39 88
5 88
27 88
77 88
14 88
88 89
13 88
55 59
59 73
59 91
31 39
5 31
27 31
31 77
14 31
31 89
31 61
31 59
22 77
14 22
22 89
22 59
52 55
52 73
5 56
27 56
56 77
14 56
13 56
52 56
22 56
56 88
18 61
1 55
1 73
1 91
38 39
5 38
27 38
38 77
14 38
38 89
38 61
1 38
55 57
35 57
35 88
54 55
22 70
9 55
9 48
41 55
41 73
41 45
29 77
1 29
29 41
29 55
5 94
27 94
77 94
14 94
89 94
59 94
22 94
29 94
10 41
10 29
10 55
17 39
5 17
17 27
17 77
14 17
17 89
17 61
1 17
17 57
17 29
10 17
17 55
17 92
17 21
55 81
21 81
61 99
59 99
57 99
9 99
54 99
81 99
66 88
57 75
29 75
75 88
66 75
10 24
24 75
5 44
44 77
44 61
44 59
22 44
44 88
44 54
44 75
51 54
51 78
47 77
14 47
47 61
47 59
41 47
9 47
17 47
47 75
4 88
4 17
4 11
4 44
40 66
78 85
8 54
8 17
8 47
33 39
5 33
27 33
33 77
14 33
33 89
13 33
33 59
33 57
33 88
18 33
33 75
33 66
8 33
24 33
21 33
3 78
19 61
19 59
19 22
19 88
18 19
17 19
19 47
19 80
19 40
19 21
24 83
51 83
83 92
83 97
39 53
5 53
27 53
53 77
14 53
53 89
13 53
53 59
41 53
29 53
10 53
53 75
11 53
57 65
65 88
18 65
18 64
12 77
12 14
12 61
12 52
12 22
9 12
10 12
12 64
12 66
8 12
12 31
12 51
12 83
13 43
1 43
43 52
29 43
10 43
43 75
43 66
43 65
43 85
43 56
22 82
9 82
10 82
75 82
11 82
80 82
40 82
11 62
62 65
37 40
37 94
10 60
17 60
60 66
44 60
37 60
21 60
60 94
23 39
5 23
23 77
14 23
23 61
1 23
22 23
23 29
10 23
23 64
11 23
8 23
23 37
23 56
23 83
23 43
23 35
24 58
56 58
3 58
23 58
2 52
2 29
2 10
2 75
2 47
2 85
2 24
2 21
2 3
13 90
1 90
22 90
29 90
18 90
17 90
47 90
8 90
85 90
56 90
3 90
11 34
34 65
34 37
34 56
34 83
34 90
2 34
5 71
27 71
71 77
14 71
13 71
52 71
57 71
9 71
18 71
71 75
47 71
65 71
37 71
31 71
71 83
53 71
2 71
34 71
48 71
18 20
20 64
20 66
20 85
20 31
20 51
20 82
20 53
20 38
20 71
28 77
14 28
13 28
1 28
22 28
28 88
10 28
17 28
28 47
28 44
28 37
28 82
93 94
16 77
14 16
16 61
1 16
16 41
16 29
10 16
16 64
16 78
16 44
16 24
16 56
16 93
16 90
27 96
77 96
61 96
59 96
41 96
29 96
54 96
64 96
78 96
80 96
31 96
21 96
3 96
23 96
22 32
9 32
10 32
32 64
32 78
32 44
32 85
32 56
32 94
32 96
32 38
32 71
32 84
10 50
17 50
50 66
8 50
40 50
21 50
3 50
50 53
38 50
77 79
14 79
61 79
1 79
57 79
29 79
18 79
79 81
78 79
44 79
37 79
56 79
79 82
43 79
4 79
26 77
26 59
26 57
9 26
26 54
17 26
26 47
26 65
26 40
21 26
3 26
26 90
26 79
42 94
42 53
42 79
7 11
7 80
7 40
7 56
7 93
7 96
4 7
7 42
7 28
93 95
90 95
92 95
35 95
95 99
39 87
5 87
77 87
14 87
13 87
1 87
41 87
29 87
87 88
81 87
44 87
65 87
85 87
21 87
3 87
87 96
4 87
35 87
87 95
16 87
13 25
25 61
22 25
9 25
25 54
25 75
25 78
8 25
25 31
25 51
3 25
23 25
2 25
25 48
25 95
25 91
25 62
52 63
63 88
18 63
17 63
63 66
8 63
63 85
51 63
63 94
63 90
63 92
48 63
63 99
63 91
25 63
20 63
49 52
9 49
17 49
49 64
49 78
8 49
40 49
49 82
3 49
49 53
38 49
49 79
49 73
22 46
9 46
46 88
46 64
46 47
46 65
31 46
21 46
46 93
46 90
46 96
42 46
46 95
33 46
46 49
15 39
5 15
15 27
15 77
14 15
15 89
15 61
15 52
15 57
15 29
15 54
15 64
15 78
15 44
15 85
15 21
15 82
15 53
15 92
15 79
15 73
15 46
72 84
55 72
70 72
34 72
15 72
49 72
38 67
48 67
67 99
55 67
67 72
67 87
5 98
27 98
77 98
14 98
13 98
59 98
52 98
57 98
54 98
64 98
78 98
44 98
37 98
82 98
83 98
23 98
4 98
71 98
95 98
50 98
36 66
36 65
36 40
36 51
36 83
36 43
4 36
35 36
36 99
36 91
36 98
12 36
69 94
69 90
2 69
48 69
69 95
69 91
36 69
19 69
0 69
76 77
14 76
61 76
1 76
52 76
76 88
54 76
76 78
47 76
8 76
24 76
76 82
76 93
43 76
76 96
42 76
73 76
50 76
60 76
20 76
70 76
18 74
17 74
11 74
74 80
40 74
51 74
74 82
43 74
38 74
35 74
74 99
55 74
25 74
26 74
67 74
74 76
6 10
6 64
6 78
6 65
6 37
6 56
6 82
6 53
6 92
6 79
6 73
6 46
6 16
6 20
6 67
6 7
2 86
79 86
86 95
86 91
72 86
20 86
70 86
49 86
6 86
32 86
6 74
45 74
58 76
69 76
15 69
69 98
36 60
26 36
36 97
87 98
67 98
12 98
34 98
45 67
15 19
15 33
15 49
15 32
46 70
45 46
26 46
49 63
49 62
7 49
26 63
12 63
63 97
25 87
25 45
19 25
18 30
30 64
11 30
8 30
30 37
30 31
30 93
30 90
30 38
30 48
28 30
16 30
30 60
30 62
30 70
19 30
30 87
30 34
33 87
12 87
7 95
7 60
7 19
7 70
7 97
33 42
42 70
42 91
42 60
42 45
26 42
26 28
26 32
26 45
0 26
58 79
79 84
50 79
50 84
50 97
12 50
34 50
32 50
16 50
32 60
32 62
12 32
45 96
62 96
28 96
33 96
16 96
16 71
16 28
16 33
16 58
16 20
28 93
55 93
73 93
28 38
28 71
28 60
28 33
20 28
0 28
20 91
20 58
62 71
71 97
34 84
33 34
12 34
34 97
2 90
4 90
70 90
2 84
2 19
2 97
2 58
2 70
58 73
58 91
0 58
58 97
45 58
23 48
23 92
23 60
23 53
23 84
4 60
55 60
0 60
37 53
21 37
37 62
62 82
62 94
38 62
62 73
55 62
0 62
45 62
55 82
3 82
43 82
43 99
12 43
43 55
33 43
38 43
43 73
4 12
12 35
12 99
64 65
31 64
64 84
38 64
48 64
47 65
44 65
65 91
48 65
65 84
53 65
65 92
51 53
53 94
53 91
53 97
19 53
73 97
0 97
48 83
83 99
45 83
19 83
19 35
19 84
19 55
19 33
31 80
3 80
21 80
3 24
3 33
3 35
3 4
33 70
8 38
8 45
8 73
8 85
8 99
55 85
24 85
56 85
40 85
84 85
73 85
4 40
35 40
40 99
40 91
40 55
4 21
4 99
4 48
4 92
11 35
11 70
11 47
38 47
47 92
21 47
47 51
47 84
44 51
24 51
31 51
35 51
51 84
51 73
51 91
56 78
78 94
44 78
24 44
35 44
44 94
44 70
24 92
24 45
24 38
24 56
24 70
24 31
75 91
70 75
56 75
75 94
55 75
45 75
66 99
66 73
45 66
48 66
31 66
55 66
66 91
56 99
48 99
35 99
70 99
81 92
21 38
21 45
17 35
17 73
10 94
10 91
10 45
31 94
84 94
38 94
70 94
91 94
29 84
18 29
29 92
29 91
41 48
41 91
9 45
45 92
45 84
9 70
54 70
31 70
54 73
35 54
35 92
35 73
35 84
57 73
38 57
38 88
18 38
38 55
1 92
1 18
1 48
1 84
18 22
18 88
18 55
18 31
18 84
18 56
18 48
31 56
48 56
22 52
52 84
22 55
22 73
22 88
22 92
22 31
31 88
31 48
31 92
59 88
55 88
73 88
61 91
91 92
84 91
84 89
48 89
61 84
48 61
48 55
0 48
14 61
61 73
73 92
55 73
27 77
27 61
55 77
61 77
5 55
55 61
0 55
5 61
61 92
0 92
