100 1485
63 75
12 63
29 75
12 29
3 75
3 63
3 29
41 75
12 41
3 41
54 75
3 54
54 63
29 54
75 90
12 90
3 90
54 90
75 94
12 94
3 94
54 94
63 94
29 94
41 94
71 75
12 71
3 71
54 71
71 94
4 63
4 29
4 90
4 71
4 41
13 75
12 13
3 13
13 54
13 94
4 13
13 37
50 75
50 54
50 94
50 63
29 50
41 50
50 90
50 71
75 76
12 76
3 76
54 76
76 94
4 76
37 76
50 76
9 94
9 63
9 29
9 90
9 41
9 71
5 75
5 12
3 5
5 54
5 94
4 5
5 37
5 50
5 9
19 75
19 63
19 29
19 71
19 41
19 90
26 75
12 26
3 26
26 54
26 94
4 26
26 37
26 50
9 26
19 26
46 75
12 46
3 46
46 54
46 94
37 46
46 50
9 46
46 63
29 46
41 46
46 71
46 90
46 76
26 46
75 85
12 85
3 85
54 85
85 94
4 85
37 85
50 85
9 85
19 85
46 85
39 46
39 63
29 39
39 90
39 41
39 71
26 39
39 85
13 39
5 39
39 76
52 75
12 52
3 52
52 54
52 94
4 52
37 52
50 52
9 52
19 52
46 52
39 52
52 85
85 86
63 86
29 86
86 90
71 86
41 86
13 86
76 86
5 86
26 86
36 75
36 54
36 94
9 36
36 85
36 86
55 75
3 55
54 55
55 94
37 55
19 55
39 55
55 86
18 63
18 29
18 71
18 41
18 90
13 18
5 18
18 26
18 76
39 74
74 85
18 74
55 57
57 63
29 57
57 71
57 90
41 57
36 57
0 57
13 57
57 76
61 75
12 61
3 61
54 61
61 94
4 61
37 61
50 61
9 61
19 61
46 61
61 86
39 62
27 63
27 29
27 71
27 41
27 90
5 27
27 76
13 27
26 27
50 88
9 88
39 88
27 88
18 88
57 88
32 63
29 32
28 85
28 86
28 62
28 57
28 32
73 75
3 73
54 73
73 94
4 73
37 73
50 73
9 73
19 73
27 73
18 73
20 63
20 29
38 75
12 38
3 38
38 54
38 94
4 38
37 38
38 50
9 38
19 38
38 85
38 86
18 38
20 38
32 38
38 63
29 38
18 96
20 96
38 96
73 96
63 99
29 99
35 75
3 35
35 54
35 94
35 37
35 50
35 46
35 86
35 62
35 57
35 99
40 75
3 40
40 54
40 94
37 40
9 40
40 85
40 86
40 62
40 57
32 40
40 63
29 40
75 78
54 78
37 78
19 78
78 85
27 78
62 78
57 78
38 78
40 78
78 83
10 75
3 10
10 54
10 94
4 10
10 37
10 50
9 10
10 39
10 27
10 18
10 57
10 32
10 40
69 99
40 69
63 69
61 69
60 75
12 60
3 60
54 60
60 94
4 60
37 60
50 60
9 60
19 60
46 60
39 60
60 85
60 86
55 60
57 60
38 60
40 60
60 69
42 69
10 42
42 61
8 38
8 73
21 63
48 75
19 48
46 48
48 86
48 55
48 62
38 48
21 48
48 83
10 48
42 48
68 85
68 86
18 68
20 68
38 68
40 68
68 83
42 68
5 68
36 68
48 68
75 95
3 95
94 95
19 95
46 95
27 95
18 95
62 95
95 99
21 95
69 95
10 95
5 95
68 95
63 79
68 79
63 65
65 68
69 93
26 93
5 6
6 61
6 76
75 98
54 98
94 98
19 98
46 98
86 98
18 98
62 98
32 98
73 98
69 72
7 20
7 40
7 72
7 26
7 63
7 68
7 65
56 83
26 56
56 63
56 60
56 65
32 44
40 44
44 83
10 44
44 63
2 20
2 40
2 72
2 26
2 6
2 52
2 35
11 63
2 11
55 89
57 89
38 89
40 89
69 89
26 89
42 89
2 89
18 33
33 57
33 99
33 73
33 83
33 42
5 33
33 60
33 89
33 44
59 99
59 73
59 83
26 59
5 59
2 59
59 65
56 59
36 59
52 59
59 95
59 88
33 59
11 59
7 59
13 59
51 59
51 61
81 85
27 81
55 81
62 81
81 99
40 81
81 83
42 81
6 81
60 81
81 89
45 75
3 45
45 54
45 94
37 45
45 50
45 46
45 85
45 62
45 57
38 45
45 73
45 72
42 45
6 45
2 45
45 79
44 45
45 88
21 22
22 42
5 22
22 60
22 89
22 45
22 36
22 96
53 75
12 53
3 53
53 54
53 94
4 53
37 53
9 53
46 53
53 86
53 62
20 53
53 99
38 53
53 69
42 53
6 53
53 63
53 65
53 56
36 53
14 46
14 86
14 27
14 20
14 38
14 21
14 69
14 26
5 14
14 60
14 65
14 44
14 36
70 75
12 70
3 70
54 70
70 94
4 70
37 70
50 70
9 70
19 70
70 85
27 70
55 70
20 70
38 70
70 73
70 72
42 70
63 70
60 70
70 89
44 70
36 70
14 70
43 75
3 43
43 50
9 43
39 43
43 86
18 43
43 57
38 43
43 73
43 83
26 43
5 43
43 68
43 65
43 56
43 61
63 77
2 77
77 79
45 77
36 77
43 77
39 92
85 92
18 92
57 92
32 92
40 92
72 92
26 92
5 92
2 92
65 92
45 92
36 92
77 92
53 92
30 39
30 86
27 30
20 30
30 32
30 40
30 83
30 72
30 42
30 60
30 65
30 45
30 61
30 77
30 81
30 92
30 71
17 37
17 50
17 46
17 27
17 55
17 62
17 32
17 40
17 69
17 42
5 17
17 68
17 89
17 56
17 61
17 96
17 70
17 30
23 94
19 23
23 39
23 27
23 62
20 23
23 99
23 40
23 69
23 26
5 23
2 23
23 65
23 44
83 87
26 87
42 87
60 87
65 87
13 87
87 95
25 75
12 25
3 25
25 54
25 94
4 25
25 37
25 50
9 25
19 25
25 39
25 85
25 55
25 62
25 32
25 73
25 69
25 26
5 25
25 68
25 65
25 87
25 36
25 96
25 53
25 71
47 75
12 47
3 47
47 54
47 94
4 47
37 47
47 50
9 47
19 47
46 47
39 47
47 85
27 47
47 55
20 47
32 47
21 47
47 72
10 47
5 47
2 47
47 89
45 47
47 87
47 61
47 96
47 52
75 80
3 80
54 80
80 94
4 80
37 80
50 80
19 80
46 80
27 80
55 80
62 80
80 99
38 80
72 80
10 80
6 80
60 80
79 80
45 80
61 80
80 96
80 81
47 80
75 97
94 97
50 97
9 97
39 97
27 97
55 97
20 97
32 97
73 97
72 97
10 97
6 97
68 97
60 97
44 97
36 97
61 97
53 97
71 97
33 97
59 67
14 67
53 67
67 71
67 97
67 90
75 84
9 84
46 84
84 85
55 84
62 84
38 84
40 84
72 84
10 84
6 84
63 84
84 89
44 84
84 87
77 84
53 84
71 84
33 84
51 84
74 84
79 91
44 91
87 91
14 91
81 91
30 91
23 91
51 91
84 91
88 91
25 91
1 19
1 85
1 55
1 20
1 99
1 73
1 72
1 10
1 63
1 2
1 89
1 56
1 36
1 77
1 70
1 8
1 51
1 90
1 95
1 7
1 91
1 29
1 48
27 49
20 49
32 49
49 73
49 83
10 49
49 63
2 49
49 65
49 56
49 61
14 49
49 70
49 71
49 97
49 90
49 95
49 88
49 93
1 49
49 98
41 49
28 49
35 49
24 72
10 24
6 24
24 68
24 89
24 44
24 61
14 24
8 24
24 30
23 24
24 90
24 95
46 64
27 64
18 64
62 64
32 64
64 73
64 83
26 64
42 64
2 64
64 79
44 64
64 87
61 64
64 81
47 64
23 64
51 64
64 84
7 64
13 64
64 76
24 64
41 64
66 75
12 66
3 66
54 66
66 94
4 66
37 66
50 66
9 66
19 66
46 66
39 66
66 85
66 86
55 66
62 66
32 66
66 73
66 69
10 66
5 66
63 66
66 89
56 66
36 66
14 66
8 66
30 66
23 66
17 66
66 95
64 66
66 67
66 91
43 66
41 66
16 81
16 30
16 33
16 17
16 80
7 16
16 25
16 52
16 76
16 48
16 66
0 16
16 35
31 83
31 72
31 63
31 60
31 89
31 44
31 87
31 96
8 31
31 71
23 31
11 31
31 88
7 31
31 93
29 31
31 98
31 41
16 31
13 31
31 78
31 92
15 99
15 73
15 83
15 26
15 63
15 60
15 89
15 56
15 36
15 77
15 53
15 47
15 51
11 15
15 80
15 67
15 25
1 15
15 98
15 74
15 66
15 28
15 22
15 24
28 66
34 75
12 34
3 34
34 54
34 94
4 34
34 37
34 50
9 34
19 34
34 46
34 39
34 85
34 86
34 55
20 34
32 34
34 38
34 83
10 34
6 34
2 34
34 89
34 45
34 87
34 77
34 53
34 47
33 34
34 90
34 80
34 88
34 91
34 52
34 98
34 48
34 66
28 34
22 34
34 35
38 82
73 82
69 82
26 82
5 82
60 82
79 82
45 82
61 82
14 82
81 82
8 82
82 97
11 82
82 95
64 82
35 82
78 82
82 98
25 82
82 92
82 93
28 82
58 70
58 71
33 58
58 90
58 88
58 82
58 67
1 58
58 74
24 58
0 58
13 58
58 76
41 58
64 67
52 64
24 67
24 76
24 74
24 49
13 24
22 24
22 49
1 13
1 22
13 91
78 91
74 91
52 91
84 95
80 84
76 84
84 92
67 84
0 84
25 84
29 67
25 67
67 98
22 67
48 97
0 97
13 97
29 97
92 97
52 97
74 97
80 97
80 90
35 80
28 80
52 80
41 80
7 80
80 93
29 47
47 90
47 88
43 47
47 95
7 47
25 47
41 47
25 51
25 41
0 25
25 92
25 35
81 87
76 87
28 87
71 87
23 87
36 87
8 87
87 98
23 77
23 70
8 23
23 28
17 23
23 76
23 93
23 90
23 51
22 23
17 90
17 92
0 17
17 88
17 93
17 28
17 78
17 41
13 17
30 76
13 30
30 78
30 51
30 33
30 48
52 92
76 92
74 92
0 92
13 92
35 92
77 88
11 77
76 77
7 77
48 77
77 90
77 81
43 70
33 43
43 51
43 88
7 43
43 93
29 43
43 98
43 78
22 43
35 43
28 43
8 70
53 70
70 90
70 71
70 98
48 70
70 81
70 74
14 53
14 96
14 71
14 95
14 74
8 14
14 28
14 33
22 53
53 76
53 78
33 53
0 53
52 53
8 22
11 22
22 95
7 22
22 74
45 93
45 96
28 45
45 81
45 52
45 76
45 98
51 81
28 81
81 88
35 81
13 81
41 81
29 81
51 88
51 90
51 76
48 51
59 96
35 59
59 74
59 61
59 78
59 93
11 33
33 35
33 78
33 95
33 98
7 33
89 98
74 89
8 89
11 89
88 89
11 44
11 96
11 71
11 90
11 98
11 74
11 29
11 35
11 52
11 95
2 61
2 44
2 98
2 88
2 78
44 56
44 90
44 78
44 74
8 44
0 44
56 61
35 56
7 56
36 56
48 56
29 56
41 56
56 71
7 8
7 90
7 48
0 7
7 74
72 98
71 72
72 76
41 72
35 72
36 72
63 72
72 90
42 98
6 98
96 98
8 98
88 98
52 98
74 98
6 29
6 78
6 41
6 90
6 93
0 6
6 52
68 93
65 93
93 96
8 93
71 93
52 93
29 93
48 93
28 93
76 93
65 79
35 65
65 76
36 65
41 65
79 90
0 79
79 96
61 79
52 79
71 79
13 79
79 95
78 79
29 79
28 79
8 95
29 95
48 95
88 95
68 74
29 68
0 68
68 76
13 68
68 71
8 68
48 60
36 48
48 76
48 74
0 48
13 48
21 41
21 36
21 90
21 74
21 61
13 21
21 29
8 21
8 42
8 63
8 74
8 35
0 42
35 42
42 60
42 74
5 60
60 63
60 96
28 60
41 60
60 90
10 69
5 69
69 90
0 69
26 69
69 88
52 69
10 74
10 76
5 10
10 96
10 41
10 63
10 28
10 78
78 96
78 88
29 78
41 78
0 78
28 78
35 78
40 76
40 52
40 71
35 40
40 73
5 40
35 63
35 61
35 52
71 99
83 99
5 99
74 99
90 99
73 83
63 83
83 96
29 83
13 83
28 83
74 83
5 96
0 96
13 96
41 96
29 96
38 76
38 73
0 38
36 38
26 38
20 71
20 52
20 41
20 73
20 90
63 73
29 73
73 88
28 73
0 73
28 63
28 71
28 29
32 61
13 32
26 32
32 52
32 88
32 41
26 88
5 88
13 88
27 62
55 62
62 63
29 62
62 71
41 62
62 90
13 62
61 62
5 62
57 61
0 61
29 61
52 61
5 57
57 74
26 57
18 55
18 52
55 63
29 55
55 90
55 71
41 55
36 55
26 55
0 55
55 76
26 36
5 36
36 41
36 90
52 86
26 52
52 76
0 39
63 85
29 85
85 90
41 85
71 85
13 85
5 85
76 85
26 85
0 85
5 46
13 46
26 29
26 71
13 26
13 19
19 76
5 19
0 19
5 13
9 13
9 76
41 76
13 50
0 13
4 37
37 71
63 71
0 71
41 71
90 94
37 94
37 90
41 54
37 54
37 41
29 41
3 37
29 37
0 29
37 63
37 75
0 37
