100 990
59 86
6 86
9 59
6 9
38 86
9 38
41 59
6 41
38 41
21 86
9 21
49 59
6 49
38 49
21 49
16 86
9 16
0 16
16 41
16 49
59 72
6 72
38 72
21 72
16 72
13 86
9 13
13 49
13 41
0 13
38 88
13 88
33 86
9 33
33 49
33 41
0 33
59 87
38 87
21 87
13 87
33 87
15 86
9 15
15 49
19 59
6 19
19 38
16 19
59 95
6 95
38 95
21 95
16 95
13 95
86 95
9 95
0 95
41 95
49 95
59 64
6 64
38 64
21 64
64 95
33 64
13 39
39 86
9 39
39 41
39 72
65 95
39 65
28 86
59 78
38 78
21 78
13 78
78 95
33 78
28 78
53 86
20 59
6 20
20 38
20 21
20 33
86 97
9 97
49 97
0 97
41 97
59 89
6 89
21 89
13 89
89 95
89 97
26 38
21 26
26 33
26 97
26 39
26 86
9 26
2 33
2 15
2 26
58 86
26 27
27 58
71 86
47 95
39 47
26 47
54 86
80 95
33 80
28 80
54 80
1 86
1 80
3 38
3 13
3 33
3 15
26 61
61 86
3 61
45 95
39 45
45 61
45 54
45 53
4 28
4 58
1 4
4 86
28 68
53 68
1 68
4 68
14 86
12 86
28 30
30 61
12 30
50 86
50 64
18 50
30 50
59 69
6 69
38 69
21 69
33 69
15 69
39 69
54 69
12 69
50 69
69 88
38 42
21 42
42 95
39 42
28 42
42 53
38 63
21 63
63 95
39 63
28 63
53 63
63 86
46 59
6 46
21 46
16 46
46 95
33 46
26 46
46 61
46 63
46 50
46 86
46 89
46 65
9 46
46 87
25 63
25 46
14 25
59 93
6 93
38 93
13 93
93 95
15 93
39 93
53 93
12 93
46 93
88 93
13 99
39 99
28 99
54 99
63 99
63 74
74 86
40 95
15 40
28 40
40 58
40 71
40 74
14 40
51 63
50 51
51 88
51 56
22 51
48 59
6 48
38 48
21 48
16 48
13 48
33 48
39 48
28 48
48 54
48 53
46 48
23 72
8 39
8 61
8 63
8 50
8 23
8 93
81 95
81 97
26 81
58 81
71 81
4 81
68 81
81 93
59 79
6 79
38 79
21 79
16 79
13 79
33 79
15 79
26 79
61 79
12 79
4 79
79 88
26 31
31 53
31 71
31 74
31 88
1 44
4 44
44 68
31 44
4 67
22 67
66 67
12 62
62 74
62 88
56 62
62 66
71 98
74 98
14 98
93 98
3 98
62 98
25 98
41 98
19 98
49 98
27 98
40 98
67 76
62 76
0 76
76 98
26 34
34 58
1 34
34 74
34 68
31 34
22 34
13 90
33 90
39 90
61 90
1 90
4 90
14 90
22 90
81 90
24 63
24 74
23 24
24 31
1 43
43 46
43 68
43 93
43 81
43 48
7 28
7 54
7 12
7 50
7 14
7 56
7 43
7 90
0 7
3 75
75 90
48 75
10 59
6 10
10 38
10 21
10 16
10 13
10 95
10 97
10 26
10 61
1 10
4 10
10 88
10 31
10 66
10 48
10 75
10 72
9 10
30 91
72 91
34 91
76 91
80 91
10 91
51 91
65 91
42 91
5 13
5 15
5 28
5 53
5 71
5 46
4 5
5 31
5 66
5 48
5 89
5 72
37 89
37 98
37 64
34 37
37 80
37 47
2 37
37 69
7 37
9 37
5 37
11 63
11 74
11 68
11 31
11 67
11 90
0 11
28 29
29 61
29 63
29 50
23 29
29 56
29 67
29 62
29 30
29 99
29 69
3 60
43 60
25 60
29 60
9 60
60 64
60 79
20 60
45 60
8 60
42 60
3 70
48 70
0 70
41 70
57 95
15 57
28 57
57 61
57 63
46 57
23 57
57 88
57 66
48 57
25 57
41 57
9 57
39 94
61 94
1 94
74 94
88 94
22 94
66 94
3 77
43 77
9 77
20 77
68 84
22 84
3 84
77 84
75 84
84 98
57 84
60 84
27 84
55 71
55 74
55 88
55 56
55 81
55 90
30 55
29 55
30 35
29 35
35 49
18 35
23 73
31 73
73 81
62 73
30 73
41 73
35 73
73 76
73 87
24 73
25 83
72 83
9 83
59 92
6 92
38 92
16 92
13 92
39 92
26 92
61 92
12 92
4 92
14 92
92 93
22 92
77 92
89 92
29 92
34 92
24 92
3 36
36 90
36 89
36 72
35 36
36 92
68 96
31 96
81 96
77 96
89 96
29 96
57 96
92 96
36 96
70 96
67 82
43 82
30 82
41 82
35 82
38 52
16 52
13 52
33 52
28 52
52 54
52 63
46 52
14 52
52 93
52 81
52 90
48 52
52 98
34 52
52 87
40 52
52 94
44 52
7 52
52 99
27 52
52 69
52 82
82 96
3 32
32 48
25 32
32 72
32 34
32 76
32 87
32 49
81 85
77 85
30 85
85 98
34 85
76 85
27 85
32 85
7 85
10 85
42 85
11 85
18 85
65 85
32 82
32 69
19 32
5 32
10 32
36 82
10 82
42 82
47 82
8 82
44 82
94 96
2 96
44 96
24 96
64 96
36 49
2 36
36 45
36 79
10 36
36 86
18 92
19 92
83 92
86 92
2 92
5 92
83 87
49 83
73 83
11 83
83 84
70 83
47 83
64 83
19 73
8 73
7 73
40 73
5 73
27 35
35 51
35 55
35 42
35 79
55 76
55 91
18 55
17 28
17 61
17 53
17 74
17 68
17 56
3 17
17 90
17 75
17 72
17 57
17 76
17 80
17 55
17 19
10 17
5 17
17 51
17 20
17 45
55 79
51 55
47 55
55 65
55 84
79 84
84 86
70 84
65 84
44 84
72 77
18 77
42 77
47 77
64 77
77 94
25 94
72 94
57 94
49 94
78 94
64 94
40 94
70 94
45 94
65 94
57 70
57 87
19 57
24 57
40 57
60 70
70 78
70 79
5 70
2 70
47 60
11 29
29 79
24 29
29 42
11 37
11 76
11 80
11 24
11 40
11 86
11 51
8 11
5 91
5 69
5 51
5 45
8 91
10 27
10 20
10 65
75 87
72 75
44 75
8 75
9 75
7 75
75 80
47 75
7 49
7 24
7 69
7 20
7 44
7 18
24 43
2 43
43 80
0 43
30 43
40 43
25 43
43 45
24 90
0 24
24 64
24 42
24 99
2 24
65 90
34 90
79 90
8 90
48 90
0 34
34 78
34 44
34 64
34 76
20 34
49 76
76 78
51 98
62 99
62 86
62 69
41 62
19 62
27 62
49 62
62 87
62 78
64 66
40 66
30 66
2 66
66 80
49 66
25 67
42 67
0 67
18 67
67 87
44 67
9 67
67 86
20 67
44 48
41 44
44 78
40 44
44 99
18 44
27 31
31 45
31 89
31 79
31 47
31 48
9 31
79 81
79 89
79 87
69 79
42 79
79 86
65 81
3 81
45 81
81 99
69 81
8 81
8 89
8 9
8 78
8 69
8 20
8 47
23 42
23 80
23 86
19 23
23 48
9 23
48 51
48 89
42 48
0 48
25 51
51 87
19 51
51 69
47 51
30 56
20 56
56 78
56 72
40 56
3 56
40 89
40 80
40 49
19 40
40 65
47 74
49 74
74 88
42 74
74 99
74 80
68 99
93 99
30 99
9 99
80 99
78 99
64 99
42 99
18 99
2 99
64 93
0 93
2 93
19 93
65 93
49 93
41 93
25 93
25 49
9 25
25 45
25 86
25 41
0 46
19 46
46 78
2 46
2 63
9 63
20 63
42 63
63 89
63 87
22 42
19 42
20 42
22 86
22 69
22 80
22 41
22 89
22 72
30 69
69 80
18 69
14 30
30 89
27 30
19 30
12 88
12 18
14 18
18 88
0 18
18 41
18 27
18 86
14 68
14 64
3 14
2 14
14 78
14 45
68 87
68 88
41 68
68 89
20 68
49 68
4 41
4 45
4 20
4 72
3 4
4 27
0 4
41 45
9 45
45 87
45 78
45 64
45 47
9 61
19 61
61 87
61 65
41 61
3 54
1 3
3 47
3 19
3 78
3 27
1 49
1 64
1 65
1 72
1 41
80 89
47 80
78 80
19 80
9 54
47 54
54 88
0 54
54 64
47 71
47 88
47 89
47 64
71 78
19 71
0 71
27 71
27 88
27 87
27 65
20 27
27 49
49 58
2 58
58 89
58 72
0 2
2 72
2 64
2 86
2 20
26 87
0 26
26 89
20 26
26 41
26 49
64 89
20 97
20 53
0 20
20 72
20 78
53 78
0 78
41 78
28 88
28 72
28 65
65 88
0 65
41 65
9 65
19 65
0 39
39 64
19 39
72 95
19 95
15 19
15 87
15 88
87 88
41 87
86 87
33 88
13 72
72 86
49 86
0 21
21 41
0 38
9 86
0 6
0 59
