100 2475
46 63
46 47
47 63
46 79
47 79
63 93
79 93
46 94
47 94
93 94
46 54
54 63
54 79
46 62
47 62
62 93
54 62
45 63
45 79
45 62
45 94
46 92
47 92
92 93
54 92
45 92
46 70
47 70
54 70
63 70
70 79
70 94
62 70
70 92
12 46
12 47
12 93
12 54
12 45
12 70
7 63
7 79
7 62
7 94
7 92
7 12
9 46
9 47
9 93
9 54
9 45
9 70
7 9
9 12
6 46
6 47
6 93
6 54
6 45
6 70
6 7
6 12
6 63
6 79
6 94
6 62
6 92
6 9
46 80
47 80
80 93
54 80
45 80
70 80
7 80
12 80
6 80
25 63
25 79
25 62
25 94
25 92
25 80
9 25
23 46
23 47
23 93
23 54
23 45
23 70
7 23
12 23
6 23
23 25
5 12
5 63
5 79
5 94
5 62
5 92
5 80
5 9
5 23
32 46
32 47
32 93
32 54
32 45
32 70
7 32
12 32
6 32
25 32
5 32
44 63
44 79
44 94
44 62
44 92
44 80
9 44
32 44
17 46
17 47
17 93
17 54
17 45
17 70
7 17
12 17
6 17
17 25
5 17
17 44
6 57
44 57
57 63
57 79
57 94
57 62
57 92
9 57
57 80
17 57
0 57
32 57
23 57
46 88
47 88
88 93
54 88
45 88
70 88
7 88
12 88
6 88
25 88
5 88
44 88
57 88
46 50
47 50
50 70
7 50
6 50
5 50
50 57
50 63
50 79
50 62
50 94
50 92
9 50
50 80
46 77
47 77
77 93
54 77
45 77
70 77
7 77
12 77
6 77
25 77
5 77
44 77
57 77
50 77
63 65
65 79
62 65
65 94
65 92
9 65
65 80
65 88
32 65
0 65
65 77
23 65
17 65
42 46
42 47
42 93
42 54
42 45
42 70
7 42
12 42
6 42
25 42
5 42
42 44
42 57
42 50
42 65
11 46
11 47
11 54
11 70
11 12
6 11
11 57
11 63
11 79
11 94
11 62
11 92
11 80
9 11
11 77
11 17
11 23
11 32
0 11
11 88
57 84
11 84
63 82
79 82
82 94
62 82
82 92
9 82
80 82
0 82
17 82
32 82
82 88
77 82
23 82
46 55
47 55
54 55
7 55
12 55
5 55
55 57
11 55
55 82
44 85
11 85
63 85
79 85
62 85
85 94
85 92
80 85
9 85
0 85
85 88
23 85
32 85
77 85
17 85
8 57
8 11
8 85
34 63
34 79
34 62
34 94
34 92
9 34
34 80
0 34
17 34
23 34
34 77
34 88
32 34
46 61
47 61
61 93
54 61
45 61
61 70
7 61
12 61
6 61
25 61
5 61
44 61
50 61
61 65
61 85
34 61
61 63
12 60
44 60
57 60
50 60
60 85
38 46
38 47
38 54
38 70
7 38
12 38
6 38
25 38
5 38
38 44
38 50
38 65
38 82
38 63
38 79
38 62
38 94
38 92
9 38
38 80
32 38
46 51
47 51
12 51
5 51
51 57
50 51
11 51
38 51
51 63
51 60
12 37
6 37
37 50
37 65
37 85
34 37
37 63
46 73
47 73
73 93
54 73
45 73
70 73
7 73
12 73
6 73
25 73
5 73
44 73
57 73
50 73
65 73
11 73
73 85
38 73
63 73
73 79
62 73
73 94
73 92
73 80
9 73
33 46
33 47
33 93
33 54
33 45
33 70
7 33
12 33
6 33
25 33
5 33
33 44
33 57
33 50
33 65
11 33
33 85
33 38
33 63
33 73
33 61
63 91
60 91
61 91
79 91
91 94
62 91
91 92
50 67
65 67
11 67
38 67
63 67
67 73
37 67
67 91
33 67
41 79
41 62
41 94
41 92
38 78
73 78
37 78
46 74
47 74
12 74
25 74
44 74
11 74
74 82
38 74
63 74
60 74
61 74
74 79
62 74
74 94
74 92
43 46
43 47
43 54
43 45
43 70
7 43
12 43
6 43
25 43
5 43
43 50
43 65
11 43
34 43
43 63
43 73
43 61
43 74
33 43
13 79
13 62
13 94
13 92
16 46
16 70
12 16
6 16
16 57
16 65
16 85
16 34
16 63
16 73
16 61
16 74
16 33
13 16
20 46
20 47
20 54
20 70
12 20
5 20
20 57
11 20
20 85
20 34
20 63
20 60
20 37
20 91
20 33
13 20
3 63
3 73
3 37
3 74
3 55
3 79
3 94
3 62
49 85
38 49
49 63
49 60
37 49
49 74
33 49
3 49
14 60
14 74
14 55
13 14
14 79
14 94
14 62
14 49
30 46
30 47
30 93
30 54
30 45
30 70
7 30
12 30
6 30
25 30
5 30
30 44
30 57
30 50
30 65
11 30
30 85
30 38
30 63
30 60
30 37
30 91
30 55
13 30
14 30
35 46
35 47
35 54
35 45
35 70
7 35
12 35
6 35
25 35
5 35
35 50
11 35
35 82
35 85
35 63
35 73
35 37
35 74
33 35
3 35
14 35
20 35
35 79
35 94
35 62
46 52
47 52
12 52
5 52
44 52
52 65
52 82
34 52
52 63
52 73
37 52
52 91
33 52
13 52
3 52
35 52
46 98
47 98
54 98
70 98
12 98
6 98
44 98
50 98
85 98
38 98
63 98
73 98
61 98
74 98
33 98
13 98
3 98
35 98
92 98
79 98
62 98
94 98
0 98
46 89
47 89
89 93
54 89
70 89
7 89
12 89
6 89
25 89
5 89
57 89
50 89
85 89
38 89
63 89
60 89
37 89
89 91
33 89
55 89
3 89
89 92
89 98
10 46
10 47
10 54
10 70
7 10
10 12
6 10
10 25
5 10
10 44
10 50
10 65
10 82
10 34
10 63
10 73
10 61
10 74
10 33
10 41
10 14
10 35
10 92
40 46
40 47
40 54
40 45
40 70
7 40
12 40
6 40
25 40
5 40
40 57
11 40
40 82
38 40
40 63
40 60
40 61
40 74
33 40
40 55
14 40
35 40
40 92
40 77
40 79
40 62
40 94
57 66
50 66
66 85
38 66
63 66
66 73
61 66
66 74
55 66
13 66
14 66
35 66
66 77
40 66
18 46
18 47
18 93
18 54
18 45
18 70
7 18
12 18
6 18
18 25
5 18
18 44
18 57
11 18
18 82
18 34
18 63
18 60
18 37
18 74
18 91
13 18
14 18
18 92
18 98
18 40
10 18
18 79
21 44
11 21
21 82
21 34
21 63
21 60
21 61
21 74
21 55
21 41
3 21
20 21
21 92
21 40
18 21
21 52
46 48
47 48
48 54
48 70
7 48
12 48
6 48
5 48
48 50
11 48
48 82
38 48
48 63
48 73
48 60
48 74
33 48
13 48
14 48
20 48
48 77
40 48
48 52
48 78
48 79
48 67
46 56
47 56
56 93
54 56
56 70
7 56
12 56
6 56
25 56
5 56
44 56
11 56
56 85
34 56
56 63
56 73
56 61
56 91
55 56
41 56
20 56
56 92
56 98
40 56
10 56
57 95
65 95
82 95
34 95
63 95
73 95
37 95
91 95
55 95
13 95
14 95
20 95
92 95
10 95
52 95
79 95
84 95
43 95
30 95
32 95
23 95
61 83
74 83
55 83
41 83
14 83
20 83
83 98
77 83
10 83
83 95
48 83
12 86
25 86
57 86
65 86
85 86
38 86
63 86
60 86
37 86
86 91
55 86
13 86
14 86
20 86
86 92
10 86
18 86
78 86
42 86
79 86
28 52
28 78
28 48
28 86
92 96
77 96
10 96
78 96
48 96
66 96
21 96
76 85
34 76
63 76
60 76
37 76
76 91
55 76
41 76
14 76
20 76
76 98
76 77
18 76
52 76
48 76
42 76
76 96
76 88
49 76
17 76
75 85
38 75
63 75
73 75
37 75
75 91
55 75
13 75
3 75
35 75
75 77
40 75
10 75
75 78
75 95
75 86
21 75
75 96
0 75
17 75
46 97
47 97
54 97
45 97
70 97
7 97
12 97
6 97
25 97
5 97
57 97
11 97
85 97
34 97
63 97
60 97
61 97
74 97
33 97
41 97
3 97
20 97
77 97
10 97
18 97
78 97
48 97
66 97
21 97
51 97
49 97
75 97
33 90
41 90
14 90
35 90
90 98
77 90
10 90
78 90
48 90
66 90
90 96
51 90
49 90
75 90
43 90
46 58
47 58
58 93
54 58
45 58
58 70
7 58
12 58
6 58
25 58
5 58
44 58
57 58
11 58
58 85
34 58
38 58
58 63
37 58
58 91
33 58
41 58
3 58
35 58
58 92
58 77
52 58
58 78
58 95
58 66
58 96
58 88
49 58
17 58
58 90
26 46
26 70
12 26
6 26
26 44
26 65
26 82
26 38
26 63
26 73
26 37
26 74
26 33
26 41
3 26
26 35
26 98
26 77
18 26
26 52
26 42
26 66
26 96
26 51
26 88
0 26
26 90
2 46
2 47
2 54
2 70
2 7
2 12
2 6
2 44
2 57
2 50
2 82
2 34
2 63
2 73
2 61
2 91
2 55
2 41
2 14
2 20
2 98
2 10
2 18
2 95
2 48
2 86
2 66
2 51
2 49
2 75
2 26
46 71
47 71
54 71
45 71
70 71
7 71
12 71
6 71
25 71
5 71
50 71
65 71
71 82
71 85
63 71
60 71
61 71
71 74
33 71
41 71
14 71
35 71
71 92
71 77
18 71
71 78
48 71
71 86
21 71
51 71
49 71
71 75
26 71
32 71
30 71
62 71
9 71
71 76
67 71
71 94
71 89
46 81
47 81
54 81
70 81
7 81
12 81
6 81
44 81
57 81
11 81
81 82
38 81
63 81
60 81
61 81
74 81
55 81
13 81
14 81
20 81
81 98
10 81
18 81
52 81
81 95
81 86
66 81
51 81
81 88
17 81
81 90
71 81
8 81
30 81
81 83
81 94
46 87
47 87
54 87
70 87
7 87
12 87
6 87
5 87
44 87
65 87
82 87
38 87
63 87
60 87
37 87
74 87
55 87
13 87
14 87
20 87
87 92
40 87
18 87
78 87
48 87
66 87
87 96
51 87
49 87
17 87
26 87
71 87
81 87
87 89
87 97
87 94
32 87
46 69
47 69
54 69
45 69
69 70
7 69
12 69
6 69
25 69
5 69
44 69
65 69
69 85
38 69
63 69
69 73
61 69
69 91
55 69
3 69
14 69
35 69
69 98
40 69
10 69
69 78
69 95
69 86
69 96
51 69
49 69
0 69
26 69
69 71
23 69
69 81
69 97
32 69
24 46
24 47
24 93
24 54
24 45
24 70
7 24
12 24
6 24
24 25
5 24
24 44
24 57
11 24
24 82
24 38
24 63
24 73
24 61
24 91
24 33
24 41
3 24
20 24
24 98
10 24
24 52
24 78
24 42
24 86
21 24
24 96
24 88
17 24
24 26
24 71
8 24
24 89
46 59
6 59
50 59
59 65
11 59
34 59
59 63
59 60
59 61
37 59
33 59
3 59
14 59
59 92
59 77
10 59
52 59
59 95
48 59
59 66
21 59
51 59
49 59
0 59
59 90
8 59
23 59
59 83
59 79
19 46
19 47
12 19
5 19
19 50
11 19
19 82
19 34
19 63
19 60
19 61
19 74
19 55
13 19
14 19
19 20
19 92
19 40
18 19
19 78
19 95
19 86
19 21
19 96
0 19
17 19
19 75
8 19
19 23
19 59
19 97
19 94
19 24
19 84
46 53
47 53
53 93
53 54
45 53
53 70
7 53
12 53
6 53
25 53
5 53
44 53
53 57
53 65
53 85
34 53
53 63
53 73
53 61
53 74
53 55
41 53
3 53
35 53
53 98
40 53
18 53
53 78
48 53
42 53
21 53
51 53
0 53
17 53
53 90
53 71
8 53
53 89
53 59
53 94
24 53
9 53
53 69
2 53
43 53
4 63
4 73
4 61
4 91
4 55
4 41
3 4
4 35
4 98
4 40
4 18
4 52
4 95
4 42
4 21
4 51
0 4
4 17
4 90
4 8
4 23
4 81
4 97
4 94
4 24
4 84
4 53
12 64
6 64
57 64
50 64
64 82
64 85
63 64
60 64
61 64
64 74
33 64
55 64
14 64
35 64
64 98
40 64
10 64
52 64
64 95
42 64
64 66
51 64
49 64
17 64
64 90
64 71
23 64
59 64
64 97
64 94
32 64
64 84
64 69
53 64
29 57
29 50
29 82
29 38
29 63
29 60
29 37
29 74
29 33
13 29
14 29
20 29
29 77
10 29
29 52
29 78
29 48
29 66
21 29
29 88
0 29
29 75
26 29
29 71
8 29
29 89
29 97
29 94
29 84
29 69
28 29
29 64
29 62
27 46
27 47
27 93
27 54
27 45
27 70
7 27
12 27
6 27
25 27
5 27
27 44
27 57
27 65
27 85
27 38
27 63
27 60
27 37
27 74
27 55
27 41
3 27
20 27
27 92
27 77
18 27
27 52
27 95
27 42
27 66
27 88
0 27
27 75
27 90
27 71
23 27
27 59
27 97
27 94
27 32
9 27
27 28
27 58
27 29
46 99
47 99
70 99
7 99
12 99
5 99
57 99
65 99
82 99
38 99
63 99
60 99
37 99
74 99
33 99
13 99
20 99
92 99
98 99
77 99
18 99
52 99
95 99
42 99
66 99
51 99
88 99
17 99
90 99
26 99
23 99
81 99
76 99
94 99
24 99
9 99
28 99
53 99
83 99
79 99
55 72
13 72
14 72
20 72
72 92
10 72
52 72
72 78
72 95
72 86
72 96
51 72
49 72
0 72
26 72
71 72
72 81
59 72
72 97
32 72
72 84
9 72
69 72
58 72
72 99
19 72
72 80
43 72
1 46
1 6
1 50
1 65
1 82
1 34
1 63
1 73
1 37
1 74
1 91
1 55
1 20
1 35
1 92
1 77
1 52
1 95
1 48
1 86
1 66
1 51
1 88
0 1
1 75
1 8
1 81
1 59
1 97
1 32
1 24
1 9
1 69
1 53
1 64
1 2
1 16
1 43
31 50
11 31
31 85
31 34
31 63
31 60
31 37
31 74
31 55
13 31
3 31
31 35
31 92
31 40
18 31
31 52
31 48
31 42
21 31
31 96
0 31
17 31
31 75
8 31
23 31
31 89
31 97
31 76
24 31
9 31
28 31
31 58
31 64
31 99
31 80
1 31
4 31
30 31
46 68
6 68
57 68
50 68
11 68
38 68
63 68
60 68
61 68
68 91
33 68
41 68
3 68
20 68
68 92
40 68
52 68
68 78
68 95
42 68
66 68
51 68
68 88
17 68
68 90
8 68
23 68
59 68
68 97
68 94
24 68
68 69
28 68
53 68
29 68
68 99
68 80
16 68
1 68
68 72
68 87
67 68
68 83
31 68
27 68
56 68
31 67
15 46
15 47
15 93
15 54
15 45
15 70
7 15
12 15
6 15
15 25
5 15
15 44
15 57
15 50
15 65
11 15
15 82
15 38
15 63
15 73
15 61
15 74
15 91
13 15
3 15
15 35
15 98
15 77
10 15
15 78
15 42
15 66
15 21
15 51
15 49
15 17
15 75
15 26
8 15
15 81
15 97
15 94
15 32
15 69
15 28
15 58
15 64
2 15
15 80
15 43
4 15
15 30
15 72
15 79
15 87
15 56
15 31
22 46
22 47
12 22
6 22
22 44
22 50
22 85
22 34
22 63
22 73
22 61
22 74
22 55
13 22
3 22
20 22
22 77
22 40
22 52
22 78
22 95
22 42
22 96
22 51
22 49
0 22
22 90
8 22
22 23
22 81
22 97
22 32
22 84
9 22
22 28
22 58
22 29
2 22
19 22
16 22
1 22
22 30
22 79
22 67
15 22
22 62
7 36
5 36
36 50
11 36
36 82
34 36
36 63
36 60
36 37
36 74
33 36
13 36
3 36
36 92
36 98
36 40
36 52
36 95
36 42
36 86
36 66
36 96
0 36
36 75
26 36
8 36
36 81
36 89
36 59
32 36
36 84
9 36
28 36
36 53
29 36
36 99
36 80
16 36
1 36
39 46
39 47
12 39
5 39
39 50
39 65
11 39
34 39
39 63
39 60
39 61
39 91
33 39
13 39
14 39
20 39
39 98
39 40
18 39
39 78
39 95
39 42
39 96
39 88
0 39
39 75
39 90
39 71
39 81
39 89
39 59
39 76
39 84
9 39
39 53
39 58
39 64
2 39
19 39
16 39
4 39
30 39
39 56
39 87
39 62
39 67
36 39
39 83
36 72
36 67
36 87
36 62
22 36
36 83
22 27
27 31
31 56
31 83
1 62
1 27
1 72
1 4
30 72
27 72
62 72
72 79
43 99
30 99
27 99
87 99
4 99
2 99
19 27
27 43
27 79
27 87
27 56
4 29
29 67
29 87
29 56
2 29
29 30
19 29
4 64
19 64
56 64
64 79
64 83
16 64
64 80
4 80
4 16
4 79
4 83
4 67
4 62
53 56
19 53
53 80
53 67
2 19
16 19
19 83
19 67
19 43
19 79
19 56
2 59
16 59
59 84
59 62
9 59
59 80
24 59
30 59
24 76
24 32
24 80
24 28
16 24
24 30
24 84
24 58
24 56
24 69
9 69
56 69
69 87
69 83
43 69
62 69
67 69
58 69
28 87
58 87
80 87
16 87
30 87
79 87
62 87
28 81
2 81
80 81
67 81
81 89
9 81
71 84
8 71
2 71
2 76
2 94
2 32
2 9
2 58
2 79
2 56
2 62
2 80
2 43
26 94
26 84
26 30
16 26
8 26
26 80
26 58
26 83
26 97
23 26
26 56
23 58
58 89
58 97
58 76
58 84
30 58
58 80
16 58
58 62
43 58
56 90
23 90
67 90
90 97
28 90
32 90
80 90
89 90
62 90
8 97
89 97
16 97
56 97
76 97
79 97
75 80
23 75
56 75
75 84
28 75
75 94
75 79
75 83
9 75
75 76
8 76
76 89
76 83
76 84
28 76
32 76
43 76
76 94
67 76
62 76
76 79
30 76
9 76
8 96
83 96
88 96
28 96
30 96
16 96
43 96
32 96
9 96
0 96
67 96
28 88
28 49
8 28
28 89
28 94
28 84
16 28
28 62
28 30
28 83
28 79
21 86
0 86
83 86
80 86
84 86
86 88
32 86
9 86
51 86
23 86
62 86
49 86
16 86
43 86
86 89
83 88
49 83
0 83
32 83
83 84
80 83
43 83
67 83
62 83
56 83
56 95
94 95
49 95
89 95
42 95
48 56
56 66
21 56
51 56
0 56
23 56
56 89
56 94
43 56
30 56
56 67
16 48
48 89
48 84
21 48
48 94
9 48
48 66
43 48
48 80
48 51
48 49
21 66
0 21
21 94
9 21
21 23
17 21
21 80
21 62
21 43
21 89
21 79
21 51
21 49
18 43
18 89
18 67
18 94
18 32
18 84
8 18
18 88
16 18
18 30
18 23
18 66
66 78
42 66
30 66
66 79
17 66
8 66
66 84
32 66
66 67
40 67
10 40
9 40
40 51
40 84
40 49
23 40
40 80
17 40
0 40
10 79
10 78
10 94
10 89
10 52
10 43
10 62
0 10
10 80
10 17
10 49
10 51
51 89
88 89
17 89
23 89
89 94
32 89
43 89
80 89
62 89
30 89
77 98
42 98
84 98
49 98
17 98
32 98
8 98
52 98
51 98
52 79
52 62
9 52
42 52
52 78
17 52
16 52
8 52
0 52
35 42
0 35
35 43
35 77
8 35
32 35
35 88
35 49
35 78
17 35
16 35
30 35
30 92
30 77
30 42
30 88
30 49
17 30
9 30
30 80
16 30
30 79
14 43
14 78
14 92
14 17
14 67
14 32
8 14
49 51
49 88
49 94
49 79
17 49
49 62
16 49
23 49
49 80
3 32
3 92
3 80
3 20
3 77
3 23
3 51
3 42
0 3
3 9
3 84
20 79
20 94
20 62
20 88
16 20
20 23
20 51
20 92
9 20
20 84
20 67
16 92
16 77
16 88
0 16
8 16
16 23
16 94
16 84
16 67
16 43
13 43
13 23
13 77
8 13
9 13
13 84
13 80
43 77
0 43
17 43
8 43
23 43
43 94
43 84
43 67
43 79
42 74
74 78
32 74
33 78
41 78
78 92
78 79
51 78
9 78
42 78
78 88
62 78
67 78
78 80
0 41
17 41
41 42
41 67
41 88
67 77
42 67
0 67
17 67
23 67
67 94
67 84
9 67
23 91
80 91
9 91
88 91
55 91
8 91
17 91
0 91
77 91
51 91
84 91
33 91
32 91
33 79
33 62
33 94
33 92
17 33
33 84
33 51
9 33
33 42
23 33
60 73
55 73
8 73
32 73
23 73
37 73
73 88
73 84
0 73
37 61
37 79
37 94
37 62
37 92
0 37
37 51
37 80
8 37
37 84
37 88
9 37
17 37
32 37
51 55
23 51
51 79
8 51
51 80
0 38
38 42
38 88
38 77
17 38
23 38
38 60
60 63
60 79
60 62
60 94
60 92
60 80
9 60
60 77
17 60
42 60
60 61
61 79
61 62
61 94
61 92
61 80
9 61
23 61
55 61
42 61
61 77
34 84
8 34
8 63
8 55
8 77
8 42
8 88
8 17
8 79
8 9
42 85
55 85
55 63
55 79
55 94
55 62
55 92
55 88
55 77
55 80
0 55
82 84
63 84
84 88
0 84
23 84
32 84
79 84
11 42
42 63
42 77
42 79
42 62
0 42
23 42
42 88
17 42
32 42
42 94
63 77
77 79
77 94
62 77
77 80
32 77
77 88
50 88
32 50
17 50
23 50
0 50
63 88
88 92
17 88
88 94
62 88
0 88
9 88
32 88
17 63
0 17
17 62
17 79
17 32
0 44
23 44
32 63
23 32
32 94
32 80
9 32
32 62
0 5
23 63
23 92
23 62
23 79
0 25
63 80
80 92
9 80
62 80
0 6
9 63
9 92
0 9
9 79
0 7
12 63
12 79
12 62
12 94
12 92
0 12
0 70
63 92
79 92
62 92
92 94
0 45
62 63
62 79
54 94
0 54
63 94
0 93
63 79
0 47
0 63
0 46
