100 495
67 82
36 82
67 84
36 84
26 82
26 84
4 26
36 80
26 80
0 80
20 82
4 20
20 84
12 67
12 36
12 26
12 20
1 67
1 36
1 26
1 12
43 84
43 80
1 43
4 43
3 36
3 26
3 12
82 98
8 12
8 98
3 8
10 47
42 96
47 70
3 52
52 70
66 96
66 70
51 96
8 51
19 51
57 82
12 56
3 56
30 34
21 30
30 82
30 57
48 82
48 56
48 51
30 48
3 31
31 70
19 31
4 78
82 83
1 83
40 67
36 40
26 40
20 40
12 40
3 40
40 83
40 72
33 36
20 33
12 33
3 33
33 47
33 72
33 66
33 57
33 52
32 36
0 32
12 32
3 32
32 34
32 96
32 74
32 57
32 48
46 52
32 46
82 90
34 89
72 89
82 89
89 95
55 83
55 96
55 82
55 56
45 55
2 37
37 55
76 83
8 76
66 76
51 76
21 92
22 92
76 92
84 92
16 75
14 47
14 70
14 21
14 58
14 48
14 33
12 35
3 35
35 47
8 35
35 66
35 57
35 76
61 75
61 78
61 76
4 61
83 85
21 85
19 85
85 95
45 85
61 85
35 85
16 85
40 49
49 55
49 85
12 63
63 98
34 63
63 70
21 63
63 95
52 63
15 47
15 72
15 66
15 78
15 52
82 86
22 86
48 86
15 86
64 86
17 47
17 70
17 74
17 22
9 52
9 80
9 84
9 17
13 56
13 58
9 13
13 84
13 91
7 99
36 38
0 38
12 38
38 98
34 38
8 38
21 38
22 38
73 88
73 84
73 86
16 73
49 73
14 73
4 73
10 73
38 88
21 93
22 93
88 93
61 93
7 93
50 60
34 62
8 62
21 62
58 62
9 62
61 62
25 62
55 62
1 87
87 94
57 94
76 94
15 94
35 94
62 94
49 94
64 94
93 94
54 90
59 82
59 95
52 59
27 89
27 30
27 31
75 81
51 81
76 81
27 81
81 90
53 66
53 57
53 88
32 53
53 86
53 81
34 79
8 79
19 79
22 79
51 79
79 84
79 90
53 79
36 44
20 44
12 44
44 98
44 47
44 70
44 74
44 78
44 76
44 84
40 44
5 80
5 89
5 63
4 5
5 6
5 38
6 14
6 59
6 44
66 71
57 71
45 71
32 71
35 71
6 71
64 71
21 39
39 56
39 51
33 39
35 39
39 53
39 71
13 39
39 46
39 63
7 18
18 59
11 75
11 95
11 52
11 15
11 91
11 99
4 11
11 18
11 28
28 38
28 89
47 77
70 77
75 77
22 77
51 77
32 77
35 77
17 77
31 77
13 77
46 77
28 77
11 54
18 71
18 63
4 18
71 85
6 80
31 44
44 80
44 79
48 69
32 69
40 69
62 69
44 69
2 69
29 90
29 55
29 69
29 89
14 29
10 29
13 69
79 85
79 89
10 79
4 53
40 97
53 97
24 88
24 32
24 91
24 55
1 24
24 92
25 68
50 68
24 68
46 68
68 80
42 68
24 97
93 97
30 97
7 23
23 59
23 97
13 23
23 64
23 92
1 81
7 65
1 65
2 65
38 65
65 89
65 81
42 81
54 81
27 40
27 59
59 91
54 59
59 89
54 94
42 54
41 48
41 84
41 86
41 62
2 41
14 41
41 93
30 41
50 62
16 50
50 93
1 50
80 93
40 88
38 61
38 99
2 38
10 38
17 99
42 99
13 99
2 9
1 9
15 17
17 60
10 17
2 17
17 64
4 64
1 86
16 86
15 80
15 63
1 15
55 63
49 63
30 63
30 85
10 61
35 61
14 35
14 92
1 58
10 58
16 58
16 76
16 33
16 92
16 30
10 75
75 91
40 75
56 91
52 91
33 91
25 91
40 91
2 25
25 31
25 60
42 60
10 60
60 92
80 92
7 76
7 84
7 55
45 89
42 45
10 45
84 95
52 95
90 95
51 90
33 90
46 90
30 90
1 46
31 46
32 33
33 42
40 56
31 40
2 83
83 84
2 96
2 74
2 22
22 74
4 74
22 78
31 78
31 48
31 42
34 56
8 56
19 56
56 80
56 57
42 56
51 57
4 51
19 66
52 66
66 80
66 84
70 80
42 70
4 70
42 82
80 96
10 96
21 47
8 21
21 82
1 8
8 84
8 82
4 98
84 98
3 98
3 82
1 3
3 80
3 4
4 12
12 82
12 84
20 80
0 84
4 36
0 82
4 67
0 4
