100 2475
22 61
22 25
25 61
22 62
25 62
22 78
25 78
61 78
62 78
22 53
25 53
53 78
22 46
25 46
46 78
46 61
46 62
46 53
10 22
10 25
10 78
10 46
22 47
25 47
47 78
46 47
47 62
47 61
47 53
14 22
14 25
14 78
14 46
14 47
22 56
25 56
56 78
46 56
47 56
56 61
56 62
53 56
14 56
10 56
22 48
25 48
48 78
46 48
47 48
48 56
55 61
55 62
53 55
10 55
14 55
48 55
22 74
25 74
74 78
46 74
47 74
56 74
55 74
22 41
25 41
41 78
41 46
41 47
41 56
41 55
41 61
41 62
41 53
14 41
10 41
41 74
41 48
22 68
25 68
68 78
46 68
47 68
56 68
55 68
41 68
22 82
25 82
78 82
46 82
47 82
56 82
55 82
41 82
62 82
61 82
53 82
14 82
10 82
74 82
48 82
22 27
25 27
27 78
27 46
27 47
27 56
27 55
27 41
27 82
22 23
23 25
23 46
23 47
23 56
23 41
23 82
23 61
23 62
23 53
14 23
10 23
23 74
23 48
23 27
23 68
3 22
3 25
3 78
3 46
3 47
3 56
3 55
3 41
3 82
3 23
3 48
3 61
22 97
25 97
78 97
46 97
47 97
56 97
55 97
41 97
23 97
48 97
62 97
53 97
14 97
10 97
74 97
27 97
13 22
13 25
13 78
13 46
13 47
13 56
13 55
13 41
13 82
13 23
13 48
13 61
13 97
22 71
25 71
46 71
47 71
56 71
55 71
23 71
48 71
61 71
62 71
53 71
14 71
10 71
71 74
13 71
22 59
25 59
59 78
46 59
47 59
56 59
55 59
41 59
59 82
23 59
48 59
59 61
59 97
59 71
62 64
53 64
14 64
10 64
64 74
64 68
13 64
3 64
59 64
27 64
22 45
25 45
45 78
45 46
45 47
45 56
45 55
41 45
45 82
23 45
45 48
45 61
45 97
45 71
45 64
22 89
25 89
78 89
46 89
47 89
56 89
55 89
41 89
82 89
48 89
61 89
71 89
62 89
53 89
10 89
14 89
74 89
13 89
3 89
59 89
27 89
68 89
45 89
5 22
5 25
5 78
5 46
5 47
5 56
5 55
5 41
5 82
5 23
5 48
5 61
5 97
5 71
5 64
5 89
22 34
25 34
34 78
34 46
34 47
34 56
34 55
34 41
34 82
34 61
34 97
34 64
34 62
34 53
14 34
10 34
34 74
27 34
34 59
13 34
34 68
3 34
34 45
5 34
22 40
25 40
40 78
40 46
40 47
40 56
40 55
40 41
40 82
23 40
40 48
40 61
40 97
40 71
40 64
40 89
34 40
62 84
53 84
14 84
10 84
74 84
3 84
68 84
59 84
13 84
27 84
45 84
40 84
20 22
20 25
20 78
20 46
20 47
20 56
20 55
20 41
20 82
20 23
20 48
20 61
20 97
20 71
20 64
20 89
20 34
20 84
20 27
17 22
17 25
17 78
17 46
17 47
17 56
17 55
17 41
17 82
17 23
17 48
17 61
17 97
17 71
17 84
17 62
17 53
14 17
10 17
17 74
13 17
17 68
17 59
3 17
17 45
47 87
55 87
23 87
48 87
61 87
71 87
84 87
17 87
8 56
8 55
8 82
8 48
8 61
8 89
8 34
8 27
62 86
53 86
14 86
10 86
74 86
59 86
68 86
13 86
3 86
45 86
23 33
33 61
33 97
33 89
33 34
33 86
8 33
22 63
25 63
63 78
46 63
47 63
56 63
55 63
41 63
63 82
23 63
48 63
61 63
63 97
63 71
34 63
17 63
63 86
62 63
53 63
10 63
14 63
63 74
59 63
3 63
63 68
13 63
6 22
6 25
6 78
6 46
6 47
6 56
6 55
6 41
6 82
6 23
6 48
6 61
6 97
6 71
6 64
6 89
6 34
6 84
6 27
6 17
6 43
6 63
62 79
53 79
14 79
10 79
74 79
13 79
68 79
3 79
59 79
22 72
25 72
72 78
46 72
47 72
56 72
55 72
41 72
72 82
23 72
48 72
61 72
72 97
71 72
64 72
72 89
34 72
72 84
27 72
17 72
8 72
72 79
9 43
9 79
9 62
9 53
9 10
9 14
9 74
9 68
9 59
9 13
3 9
22 90
25 90
46 90
82 90
23 90
48 90
61 90
71 90
34 90
27 90
43 90
8 90
9 90
22 52
25 52
52 78
46 52
52 56
41 52
52 82
48 52
52 61
52 64
52 84
27 52
52 86
8 52
9 52
52 62
52 53
14 52
10 52
52 74
33 52
52 68
22 81
55 81
23 81
48 81
61 81
64 81
81 84
27 81
43 81
63 81
9 81
52 81
13 81
6 81
22 57
25 57
46 57
47 57
56 57
57 82
48 57
57 61
57 97
57 64
34 57
17 57
57 86
57 79
34 51
17 51
8 51
51 63
51 62
51 53
14 51
10 51
51 74
22 24
24 46
24 56
24 41
23 24
24 61
24 97
24 89
24 34
24 27
24 43
24 79
24 51
24 52
13 24
20 24
24 57
15 34
15 17
15 86
8 15
15 79
27 88
17 88
8 88
63 88
51 88
62 88
53 88
10 88
14 88
74 88
56 69
41 69
23 69
48 69
69 97
69 71
69 89
27 69
69 86
69 79
9 69
69 88
21 61
21 64
21 34
21 27
21 43
21 79
9 21
21 52
13 21
21 62
21 53
14 21
10 21
21 72
16 22
16 25
16 47
16 41
16 48
16 61
16 97
16 71
16 89
16 17
8 16
16 79
16 51
16 52
16 21
6 16
15 16
16 90
49 84
27 49
49 86
8 49
49 51
49 52
21 49
6 49
49 57
49 90
49 62
10 49
29 49
7 46
7 55
7 82
7 61
7 97
7 89
7 34
7 27
7 43
7 79
7 9
7 88
7 20
26 82
26 48
26 61
26 71
26 84
17 26
26 43
26 79
26 51
26 88
21 26
26 62
26 53
80 82
61 80
80 97
64 80
80 89
27 80
80 86
79 80
9 80
80 88
20 80
26 80
57 80
15 80
49 80
7 80
45 80
23 76
48 76
61 76
71 76
76 89
27 76
8 76
63 76
9 76
52 76
21 76
20 76
57 76
76 90
62 76
28 61
28 71
28 89
27 28
28 43
28 63
9 28
28 88
13 28
20 28
26 28
28 62
28 49
28 87
22 50
25 50
50 78
46 50
47 50
50 82
23 50
48 50
50 97
50 89
50 84
27 50
50 86
8 50
50 79
50 88
21 50
6 50
50 57
50 90
22 83
41 83
23 83
48 83
71 83
64 83
83 84
17 83
43 83
63 83
79 83
83 88
13 83
20 83
57 83
15 83
62 83
73 97
73 89
73 84
27 73
43 73
73 79
9 73
73 88
13 73
6 73
57 73
73 90
73 83
28 73
22 37
25 37
37 56
37 82
23 37
37 48
37 61
37 64
34 37
17 37
37 86
37 63
37 51
37 88
13 37
6 37
15 37
37 62
37 49
37 83
7 37
43 95
63 95
9 95
52 95
13 95
6 95
57 95
15 95
62 95
7 95
37 95
76 95
31 56
31 41
31 82
31 61
31 71
31 64
31 89
27 31
31 43
31 79
9 31
31 88
13 31
6 31
26 31
31 90
31 62
28 31
7 31
24 31
31 73
44 51
44 52
20 44
6 44
26 44
44 62
44 83
7 44
37 44
31 44
38 46
38 82
38 48
38 61
38 97
38 71
34 38
17 38
38 43
8 38
9 38
38 88
21 38
6 38
26 38
38 62
38 49
38 83
7 38
38 45
31 38
38 72
38 53
54 56
54 55
54 82
48 54
54 61
54 64
54 84
27 54
43 54
8 54
51 54
52 54
13 54
6 54
15 54
54 62
49 54
54 83
45 54
54 76
38 54
22 85
25 85
78 85
46 85
47 85
56 85
55 85
41 85
82 85
23 85
48 85
61 85
85 97
71 85
84 85
85 86
8 85
63 85
9 85
52 85
21 85
6 85
15 85
62 85
83 85
28 85
7 85
45 85
31 85
35 61
35 89
34 35
27 35
35 86
8 35
35 51
13 35
21 35
6 35
26 35
35 90
35 49
35 83
35 37
35 45
35 85
16 35
22 77
25 77
77 78
46 77
47 77
56 77
55 77
41 77
23 77
48 77
61 77
71 77
34 77
17 77
43 77
63 77
9 77
52 77
21 77
6 77
57 77
15 77
77 83
28 77
37 77
45 77
77 85
16 77
74 77
40 77
54 77
77 95
12 22
12 25
12 78
12 46
12 56
12 55
12 82
12 61
12 97
12 64
12 84
12 17
12 43
12 63
9 12
12 52
12 21
12 20
12 26
12 62
12 49
12 28
7 12
12 45
12 31
12 85
12 77
12 73
5 12
22 67
25 67
67 78
46 67
47 67
55 67
48 67
61 67
67 71
67 89
67 84
17 67
8 67
63 67
51 67
52 67
21 67
20 67
57 67
15 67
49 67
67 83
37 67
67 76
38 67
14 67
67 77
38 96
14 96
16 96
22 91
25 91
78 91
46 91
47 91
56 91
55 91
41 91
82 91
61 91
91 97
89 91
34 91
17 91
8 91
63 91
51 91
52 91
13 91
6 91
57 91
90 91
49 91
28 91
7 91
45 91
31 91
14 91
54 91
91 96
22 99
25 99
56 99
82 99
23 99
61 99
71 99
89 99
34 99
17 99
8 99
63 99
9 99
13 99
21 99
20 99
26 99
90 99
62 99
83 99
37 99
76 99
31 99
85 99
77 99
73 99
5 99
18 22
18 25
18 78
18 46
18 56
18 82
18 23
18 61
18 97
18 89
18 34
18 27
18 86
18 63
18 51
18 88
13 18
18 26
18 57
18 62
18 49
18 83
18 37
18 76
18 85
16 18
18 54
18 96
18 99
22 93
46 93
56 93
41 93
82 93
48 93
61 93
89 93
84 93
17 93
86 93
79 93
9 93
13 93
20 93
6 93
57 93
62 93
49 93
28 93
45 93
76 93
31 93
14 93
77 93
54 93
93 99
67 93
33 93
69 93
30 84
27 30
30 43
30 79
30 51
30 52
21 30
26 30
30 57
15 30
30 49
30 83
30 37
30 76
30 85
14 30
30 77
30 96
5 30
30 93
30 87
22 70
25 70
70 78
46 70
47 70
56 70
55 70
41 70
70 82
23 70
48 70
61 70
70 97
70 71
64 70
70 89
34 70
27 70
70 86
63 70
51 70
52 70
21 70
20 70
26 70
15 70
62 70
70 83
7 70
31 70
38 70
70 85
16 70
54 70
70 73
67 70
22 65
25 65
65 78
46 65
47 65
56 65
55 65
41 65
65 82
61 65
65 97
65 71
65 89
27 65
65 86
63 65
51 65
65 88
13 65
6 65
15 65
65 90
49 65
65 83
37 65
45 65
65 85
14 65
16 65
54 65
5 65
65 93
65 87
3 65
42 84
27 42
42 43
8 42
42 79
42 52
13 42
26 42
42 57
42 90
42 83
28 42
42 45
42 76
38 42
14 42
42 77
42 73
42 99
42 93
42 65
42 70
42 72
42 68
22 39
25 39
39 78
39 46
39 47
39 56
39 55
39 82
23 39
39 61
39 97
39 64
39 89
17 39
39 43
39 79
39 51
39 88
21 39
20 39
26 39
39 90
39 62
28 39
37 39
39 45
39 85
16 39
39 77
39 54
5 39
39 67
39 87
39 70
39 72
51 98
88 98
13 98
20 98
15 98
62 98
83 98
28 98
37 98
76 98
31 98
16 98
77 98
73 98
5 98
67 98
87 98
24 98
35 98
23 60
48 60
60 97
60 71
34 60
27 60
60 86
60 63
51 60
60 88
13 60
20 60
57 60
15 60
49 60
60 83
37 60
60 76
60 85
14 60
54 60
60 73
60 99
60 93
60 65
24 60
35 60
0 60
60 95
11 22
11 25
11 78
11 46
11 47
11 56
11 55
11 41
11 82
11 23
11 48
11 61
11 97
11 71
11 64
11 89
11 34
11 17
11 43
8 11
9 11
11 88
11 13
6 11
11 57
11 15
11 62
11 28
11 37
11 45
11 38
11 16
11 54
11 73
11 99
11 93
11 87
11 70
11 72
11 60
11 98
11 69
11 50
19 22
19 25
19 78
19 46
19 47
19 55
19 82
19 48
19 61
19 64
19 34
17 19
19 86
8 19
19 79
19 52
19 20
6 19
19 57
15 19
19 49
19 28
7 19
19 76
19 31
14 19
19 54
19 96
19 73
19 93
19 65
19 24
19 72
19 60
19 98
19 91
1 22
1 25
1 78
1 46
1 47
1 56
1 55
1 41
1 82
1 23
1 48
1 61
1 71
1 64
1 84
1 17
1 43
1 8
1 9
1 88
1 21
1 6
1 57
1 90
1 62
1 83
1 7
1 45
1 38
1 14
1 54
1 96
1 5
1 93
1 87
1 70
1 35
1 60
1 39
2 22
2 25
2 78
2 46
2 47
2 56
2 55
2 41
2 82
2 23
2 48
2 61
2 97
2 71
2 84
2 27
2 86
2 63
2 51
2 88
2 21
2 26
2 57
2 15
2 83
2 28
2 37
2 31
2 38
2 16
2 54
2 73
2 5
2 67
2 65
2 70
2 35
2 68
2 98
2 12
8 36
36 63
9 36
36 52
20 36
6 36
26 36
36 90
36 62
28 36
36 37
36 76
36 38
36 85
36 54
36 73
36 99
36 67
36 65
24 36
36 72
36 68
2 36
36 69
36 91
36 50
30 36
22 66
46 66
47 66
41 66
66 82
48 66
61 66
66 71
34 66
17 66
66 86
8 66
51 66
52 66
21 66
26 66
15 66
66 90
62 66
7 66
37 66
66 76
31 66
14 66
54 66
66 96
5 66
66 67
65 66
66 70
35 66
66 68
66 98
2 66
1 66
19 66
30 66
42 66
22 94
25 94
78 94
46 94
56 94
41 94
48 94
61 94
71 94
89 94
84 94
27 94
8 94
79 94
9 94
52 94
21 94
20 94
57 94
15 94
49 94
7 94
45 94
76 94
38 94
16 94
54 94
94 96
5 94
67 94
87 94
24 94
72 94
68 94
39 94
2 94
1 94
50 94
11 94
66 94
59 94
32 47
32 41
23 32
32 48
32 61
32 89
32 84
27 32
32 43
32 79
9 32
32 88
21 32
26 32
32 57
32 62
32 49
28 32
7 32
32 76
31 32
14 32
32 77
32 96
5 32
32 93
32 65
32 70
32 72
32 68
32 98
2 32
32 50
19 32
30 32
32 53
32 66
32 74
32 95
4 22
4 25
4 78
4 46
4 56
4 82
4 48
4 61
4 97
4 64
4 84
4 17
4 86
4 63
4 9
4 88
4 13
4 20
4 57
4 90
4 62
4 28
4 7
4 31
4 38
4 14
4 54
4 73
4 99
4 93
4 87
4 24
4 68
4 60
4 39
4 69
1 4
4 50
22 92
46 92
47 92
82 92
48 92
61 92
92 97
64 92
34 92
27 92
8 92
63 92
51 92
88 92
21 92
26 92
57 92
62 92
49 92
7 92
45 92
31 92
85 92
16 92
77 92
54 92
5 92
92 93
87 92
24 92
35 92
68 92
39 92
69 92
50 92
19 92
81 92
22 58
25 58
47 58
41 58
58 82
48 58
58 61
58 64
34 58
27 58
58 86
58 63
58 79
52 58
21 58
20 58
26 58
58 90
58 62
58 83
7 58
31 58
38 58
14 58
54 58
58 96
5 58
58 67
58 87
58 70
58 72
58 98
39 58
58 91
1 58
58 92
30 58
11 58
58 66
3 58
13 75
26 75
15 75
75 90
62 75
28 75
37 75
45 75
38 75
16 75
75 77
75 96
73 75
67 75
65 75
70 75
35 75
68 75
75 98
2 75
1 75
19 75
75 92
11 75
59 75
32 75
40 75
58 75
12 75
33 75
75 94
36 75
75 95
74 75
33 58
42 58
58 81
36 58
44 58
0 58
29 58
40 92
42 92
33 92
30 92
29 92
4 92
11 92
92 95
0 92
4 53
4 59
4 32
4 40
4 33
4 42
4 81
4 74
4 36
4 95
0 4
32 94
29 32
32 44
10 32
18 32
12 94
42 94
74 94
0 94
81 94
29 94
36 94
59 66
66 95
10 66
36 66
29 66
66 74
0 66
36 59
3 36
36 40
18 36
0 36
36 44
1 2
2 69
2 81
2 95
2 30
2 29
2 80
2 10
2 53
1 74
1 40
1 29
1 19
1 59
1 18
1 33
1 50
0 1
11 19
19 44
19 74
19 53
18 19
19 33
3 19
12 19
19 30
3 11
10 11
11 18
11 81
11 44
11 40
11 80
11 53
50 60
60 98
44 60
40 60
53 60
33 60
60 69
29 60
18 60
3 60
60 91
39 98
3 98
50 98
44 98
69 98
91 98
40 98
29 98
33 98
39 81
39 95
39 42
30 39
39 80
39 59
39 53
0 39
18 39
39 74
10 39
42 69
42 91
30 42
42 59
42 80
40 42
12 42
42 81
10 42
0 42
53 65
65 80
65 95
40 65
29 65
0 65
65 70
65 91
10 65
12 65
50 70
68 70
12 70
0 70
10 70
30 70
35 70
3 70
69 70
18 70
30 72
30 68
30 91
30 80
30 40
12 30
30 53
30 59
30 74
35 93
80 93
18 93
0 93
10 93
24 93
91 93
68 93
18 87
18 35
18 69
18 53
18 59
3 18
18 33
12 18
18 29
18 44
18 95
10 18
80 99
67 99
40 99
72 99
0 99
81 99
91 99
35 99
69 99
24 99
10 99
95 99
50 99
59 99
24 91
72 91
69 91
74 91
50 91
12 91
80 91
10 91
53 91
81 91
44 91
91 95
24 96
10 96
53 96
44 96
73 96
59 96
67 96
95 96
0 96
33 96
69 96
87 96
50 96
29 67
12 67
67 81
53 67
44 67
3 67
67 74
67 72
40 67
67 95
67 87
12 35
12 68
12 69
12 53
12 59
12 80
12 81
12 44
12 95
12 74
68 77
77 80
10 77
5 77
24 77
73 77
29 77
35 77
44 77
35 73
35 87
35 50
35 72
35 74
3 35
35 69
35 40
33 35
10 35
0 35
68 85
59 85
69 85
33 85
85 87
0 85
73 85
16 85
54 85
74 85
44 85
72 85
10 85
54 69
3 54
54 87
53 54
54 59
40 54
14 38
38 50
10 38
38 81
38 44
24 38
16 38
38 74
5 38
38 80
5 44
44 87
24 44
44 72
44 69
44 53
44 80
3 44
33 44
44 74
10 44
31 72
31 69
10 31
31 50
5 31
3 31
31 95
29 31
31 40
14 95
24 95
72 95
50 95
80 95
40 95
74 95
10 95
29 95
37 73
33 37
37 40
37 50
37 53
3 37
37 87
37 68
37 76
16 37
16 73
29 73
73 74
73 81
73 80
72 73
3 73
68 73
5 73
59 73
45 83
50 83
7 83
33 83
10 83
74 83
16 83
5 83
72 83
28 50
14 50
16 50
5 50
50 72
3 50
50 80
50 59
0 50
10 50
29 50
28 40
28 53
24 28
3 28
28 76
28 69
28 59
7 28
28 45
28 81
45 76
76 81
0 76
14 76
68 76
3 76
74 76
29 76
59 76
76 80
16 76
76 87
14 80
24 80
72 80
68 80
59 80
3 80
80 81
33 80
40 80
29 80
7 26
14 26
10 26
26 57
26 87
26 59
0 26
5 26
15 26
26 40
26 74
7 15
7 90
7 14
7 68
7 29
0 7
7 45
7 74
7 24
7 10
7 72
7 69
29 45
14 29
5 29
24 29
29 68
29 59
29 33
29 81
10 29
49 81
49 69
49 87
3 49
49 68
49 59
40 49
49 53
16 49
16 24
16 53
16 40
16 59
16 68
0 16
16 33
16 72
16 81
21 59
21 68
21 74
21 69
3 21
5 21
6 69
15 69
69 90
14 69
69 87
40 69
3 69
33 69
59 69
0 69
15 88
6 88
72 88
59 88
87 88
45 88
3 88
0 88
13 15
15 20
15 62
15 53
15 33
15 72
14 15
15 81
15 24
15 40
0 15
24 62
24 87
24 53
24 68
24 81
24 74
24 59
24 40
24 33
51 59
13 51
20 51
51 87
5 51
33 51
51 68
51 57
45 51
3 51
52 57
20 57
57 62
53 57
57 81
45 57
57 90
57 68
10 57
3 57
45 81
14 81
81 87
72 81
68 81
53 81
3 81
40 81
0 81
40 52
13 52
20 52
5 52
52 90
13 90
20 90
62 90
53 90
59 90
72 90
33 90
10 90
45 90
74 90
87 90
14 90
5 90
9 72
9 40
0 9
6 72
62 72
72 87
59 72
68 72
53 72
5 79
40 79
79 87
6 79
6 13
6 62
6 53
6 14
6 10
3 6
6 68
6 40
6 87
6 45
0 6
20 63
33 63
45 63
0 63
13 33
20 33
33 62
33 45
14 33
5 33
33 87
33 53
3 33
10 33
0 33
43 86
20 86
43 62
43 53
10 43
14 43
43 74
43 59
3 43
13 43
43 68
43 45
40 43
0 43
8 43
5 43
8 62
8 53
8 10
8 14
8 74
8 13
3 8
8 68
8 59
8 87
8 45
13 87
14 87
5 87
59 87
74 87
5 17
0 17
17 20
17 40
13 20
20 62
20 53
14 20
10 20
20 40
20 45
20 74
20 59
5 20
5 84
0 84
27 40
40 45
3 40
40 74
0 40
5 27
5 62
5 45
5 14
5 68
5 74
3 5
5 53
27 45
14 45
0 45
45 59
45 53
0 64
27 59
59 68
10 59
27 71
68 71
3 71
13 27
13 62
13 53
13 14
10 13
13 74
0 13
68 97
3 97
0 97
3 27
3 62
3 14
3 53
0 3
3 10
27 48
27 61
27 62
27 53
14 27
10 27
27 74
27 68
68 82
48 68
61 68
62 68
10 68
68 74
0 41
48 74
61 74
62 74
53 74
10 74
0 55
48 61
48 62
48 53
14 48
10 48
0 48
0 56
14 61
14 62
0 14
10 47
0 47
10 61
0 46
53 61
53 62
0 53
0 78
61 62
0 62
0 25
0 61
0 22
