100 990
29 37
29 49
19 29
19 37
29 31
19 31
26 37
26 49
26 31
29 84
19 84
26 84
19 85
37 85
84 85
49 85
31 85
3 29
3 19
3 26
3 85
37 46
46 84
31 46
46 49
13 29
13 19
13 26
13 85
13 46
19 86
26 86
85 86
37 86
49 86
31 86
84 86
3 86
13 86
29 62
19 62
26 62
62 85
62 86
29 54
19 54
26 54
54 85
46 54
17 37
17 49
17 84
17 31
17 54
29 95
19 95
26 95
85 95
46 95
17 95
86 95
54 95
18 29
18 19
18 85
18 86
18 54
18 37
18 31
18 49
18 84
3 18
13 18
19 99
85 99
18 99
3 99
37 67
67 84
49 67
31 67
29 65
19 65
26 65
65 86
54 65
3 65
65 67
37 52
52 74
19 96
3 96
95 96
37 93
93 96
29 72
19 72
26 72
72 85
72 86
54 72
18 72
3 72
72 95
72 93
29 63
19 63
63 85
63 86
54 63
18 63
63 67
37 40
18 48
2 37
2 49
2 31
2 84
2 13
2 3
19 75
75 85
54 75
2 75
75 95
75 96
56 75
29 68
19 68
68 85
68 86
18 68
3 68
52 68
68 93
40 68
37 83
7 19
7 85
7 18
3 7
7 95
7 40
7 37
7 42
42 63
6 67
6 93
6 63
29 71
19 71
71 85
71 86
54 71
18 71
37 64
31 64
64 84
49 64
29 33
19 33
26 33
33 86
33 54
33 64
33 95
33 96
33 63
33 71
6 33
33 48
33 42
1 19
1 85
1 54
1 18
1 67
1 96
1 56
1 68
7 79
79 83
37 79
24 63
24 79
23 40
23 71
23 79
23 37
23 24
30 52
30 96
30 63
30 71
23 30
38 52
38 96
38 56
38 63
6 38
38 74
56 59
59 79
19 89
26 89
85 89
86 89
54 89
18 89
89 95
89 93
7 89
68 89
79 89
37 89
44 54
3 44
44 64
44 93
40 44
44 83
44 89
0 44
50 79
48 50
50 98
44 50
7 57
57 83
49 57
0 57
57 98
1 57
63 88
68 88
6 88
23 88
88 98
30 88
57 88
23 61
48 61
42 61
15 89
0 15
15 98
10 19
10 85
10 18
3 10
10 67
10 96
37 43
34 43
34 68
34 49
0 34
34 98
34 72
13 34
34 61
53 67
53 96
53 63
53 68
53 79
52 81
81 93
56 81
63 81
49 81
23 81
52 92
92 96
7 92
63 92
6 92
81 92
42 92
15 92
13 92
21 92
36 56
36 79
6 36
36 38
30 36
36 72
10 36
21 36
24 36
16 95
16 96
16 56
16 83
16 89
16 23
16 58
16 72
16 33
16 92
16 74
4 86
3 4
4 67
4 40
4 7
4 71
4 79
4 48
4 98
4 44
4 10
4 61
4 74
4 50
19 55
3 55
52 55
55 96
40 55
55 68
55 89
38 55
55 81
15 55
13 55
31 55
4 55
16 55
55 62
77 89
0 77
77 81
44 77
57 77
61 77
19 41
41 86
41 54
18 41
41 95
40 41
41 63
41 68
41 89
38 41
30 41
41 72
10 41
21 41
41 88
25 56
25 83
6 25
25 38
25 30
25 72
25 57
25 31
25 41
11 33
11 31
11 41
64 76
76 96
40 76
76 83
76 89
48 76
42 76
15 76
10 76
6 73
23 73
30 73
15 73
59 73
5 23
0 5
5 98
5 30
5 73
5 31
5 74
5 11
5 25
27 89
27 38
27 42
27 72
10 27
27 31
27 53
27 37
27 62
5 27
19 45
45 86
45 54
3 45
45 95
45 93
45 63
45 71
45 89
23 45
42 45
44 45
33 45
45 61
4 45
16 45
25 45
27 45
42 87
44 87
10 87
61 87
24 87
16 87
20 58
20 72
1 20
20 21
20 24
20 76
20 34
20 87
19 22
22 85
18 22
3 22
22 52
22 40
22 56
22 71
22 49
22 48
22 98
15 22
10 22
21 22
22 53
22 37
20 22
19 70
26 70
70 85
70 86
54 70
64 70
70 95
70 96
7 70
70 79
6 70
38 70
70 98
30 70
1 70
70 73
24 70
37 70
20 70
51 57
51 73
51 53
16 51
51 70
18 90
3 90
90 95
90 96
43 90
71 90
49 90
0 90
81 90
1 90
57 90
90 92
24 90
76 90
25 90
88 90
33 69
61 69
41 69
11 69
39 57
31 39
39 41
39 76
39 77
58 66
66 72
13 66
66 92
41 66
66 77
39 66
66 70
66 99
58 60
1 60
57 60
60 92
24 60
60 76
60 62
60 70
59 60
34 60
32 49
32 81
32 42
30 32
13 32
32 92
32 74
32 37
25 32
32 70
32 59
32 60
32 45
54 97
3 97
67 97
96 97
43 97
83 97
49 97
81 97
58 97
1 97
33 97
73 97
24 97
76 97
20 97
28 97
59 97
47 49
0 47
42 47
15 47
13 47
47 73
47 53
47 77
39 47
47 50
47 59
29 94
19 94
26 94
86 94
54 94
64 94
94 95
94 96
7 94
71 94
79 94
23 94
94 98
72 94
33 94
92 94
24 94
76 94
39 94
27 94
47 94
78 95
78 96
7 78
71 78
78 89
0 78
58 78
44 78
33 78
78 92
24 78
37 78
39 78
78 90
78 84
35 95
35 93
35 56
35 71
35 49
23 35
30 35
15 35
33 35
31 35
35 53
4 35
35 39
27 35
35 87
35 78
64 91
40 91
56 91
83 91
6 91
48 91
81 91
72 91
10 91
73 91
53 91
76 91
62 91
28 91
50 91
62 82
27 82
82 84
45 82
22 82
55 82
82 88
82 91
35 91
91 94
6 14
14 48
14 58
1 14
13 14
14 92
14 41
11 14
14 77
14 70
14 87
14 78
14 91
14 75
9 56
9 68
9 49
9 48
9 81
9 30
9 10
9 73
9 53
9 11
9 20
9 27
9 84
9 60
9 22
9 32
9 35
9 14
14 97
45 91
7 12
12 71
12 49
12 23
12 58
1 12
12 33
12 21
12 53
4 12
12 25
12 27
12 99
12 47
12 45
12 36
12 35
12 69
35 36
78 94
69 78
5 78
5 94
51 94
94 97
47 55
47 97
47 51
32 97
5 97
32 34
60 66
60 65
65 66
8 81
8 44
8 57
8 61
8 74
8 16
8 62
8 70
8 84
8 88
8 66
8 75
5 8
8 55
66 75
55 66
39 88
39 69
69 90
69 99
22 69
80 86
64 80
80 95
40 80
7 80
80 83
79 80
48 80
80 81
30 80
33 80
73 80
41 80
37 80
77 80
28 80
80 99
80 88
45 80
69 80
51 80
34 80
51 69
87 90
75 90
90 99
51 90
51 87
51 55
22 70
22 59
22 34
22 36
20 62
20 99
75 87
45 87
36 87
5 99
5 65
73 99
73 76
37 73
74 76
65 76
11 76
11 59
11 77
11 25
11 75
25 50
25 75
25 65
41 99
41 77
36 77
77 84
28 77
28 55
28 36
28 50
28 59
34 55
4 37
4 16
4 99
4 84
16 88
16 50
16 36
36 88
36 65
50 92
59 92
53 81
1 81
74 81
13 81
53 58
44 53
13 53
31 53
53 59
34 53
34 37
34 50
34 99
43 84
10 43
10 68
10 49
10 48
10 98
10 15
10 84
10 75
10 74
15 31
15 59
15 24
15 72
15 61
33 61
61 74
61 75
61 88
61 62
50 88
75 88
57 62
31 57
57 99
50 57
50 84
50 65
44 98
37 98
75 98
30 44
44 65
44 75
37 44
1 44
58 89
75 89
59 89
13 89
38 59
42 59
59 62
59 84
13 38
38 75
1 38
30 38
38 99
38 65
38 62
30 58
30 62
0 23
23 84
24 48
24 58
13 24
24 31
24 75
49 79
72 79
65 79
1 79
1 13
1 33
1 74
1 62
13 33
64 71
71 93
63 71
71 83
37 71
48 71
71 99
31 71
6 71
6 49
6 37
6 99
6 74
6 42
6 31
0 42
42 58
42 65
42 84
31 42
7 31
7 74
7 13
7 48
7 58
7 62
58 83
0 58
58 72
58 99
65 83
68 83
37 68
68 72
68 74
68 75
62 68
13 68
0 68
65 75
2 48
48 67
40 48
48 49
37 48
0 48
31 48
40 62
40 84
40 99
40 63
40 65
56 63
37 63
63 99
63 72
63 84
0 72
72 84
72 99
49 93
13 93
31 93
37 96
74 96
62 74
65 74
37 74
74 84
49 52
52 62
31 52
52 84
52 65
13 65
31 65
65 84
67 95
67 99
13 67
18 95
18 62
3 95
37 95
31 95
84 95
49 95
54 86
37 54
54 84
49 54
31 54
13 54
3 54
54 62
3 62
49 62
37 62
3 13
13 37
3 46
3 37
3 84
3 49
3 31
0 84
31 84
19 49
49 56
37 49
37 56
0 37
0 56
