100 2475
48 54
48 68
54 68
68 83
48 85
68 85
62 68
54 62
62 83
62 85
4 48
4 68
4 62
4 54
48 87
68 87
54 87
85 87
83 87
4 87
18 48
18 68
18 62
18 54
18 87
48 75
68 75
62 75
54 75
75 87
75 83
75 85
18 75
4 75
12 48
12 68
12 62
12 54
12 87
12 75
29 48
29 68
29 62
29 54
29 87
29 75
29 83
29 85
4 29
18 29
12 29
37 48
37 68
37 62
37 54
37 87
37 75
29 37
82 83
82 85
18 82
4 82
12 82
37 82
48 92
68 92
62 92
54 92
87 92
75 92
29 92
82 92
46 83
46 85
18 46
4 46
12 46
37 46
16 48
16 68
16 62
16 54
16 87
16 75
16 29
16 82
16 46
28 48
28 68
28 62
28 54
28 87
28 75
28 29
28 46
28 83
28 85
4 28
18 28
12 28
28 37
28 92
48 96
68 96
62 96
54 96
87 96
75 96
29 96
82 96
46 96
28 96
48 55
55 68
55 62
54 55
55 87
55 75
29 55
55 82
46 55
28 55
55 83
55 85
4 55
18 55
12 55
37 55
16 55
55 92
40 48
40 68
40 62
40 54
40 87
40 75
29 40
40 82
40 46
28 40
40 55
59 83
59 85
18 59
4 59
12 59
37 59
16 59
59 92
40 59
59 96
48 93
68 93
62 93
54 93
87 93
75 93
29 93
82 93
46 93
28 93
55 93
59 93
15 48
15 68
15 62
15 54
15 87
15 75
15 29
15 28
15 85
15 83
4 15
15 18
12 15
15 37
15 92
15 96
15 40
15 16
15 93
44 48
44 68
44 62
44 54
44 87
44 75
29 44
44 82
44 46
28 44
44 55
44 59
15 44
48 67
67 68
62 67
54 67
67 87
67 75
29 67
67 82
46 67
28 67
59 67
15 67
67 83
67 85
18 67
4 67
12 67
37 67
67 92
67 96
40 67
16 67
67 93
48 58
58 68
58 62
54 58
58 87
58 75
29 58
58 82
46 58
28 58
55 58
58 59
15 58
58 67
71 85
71 83
18 71
4 71
12 71
37 71
16 71
71 96
40 71
71 92
71 93
33 48
33 68
33 62
33 54
33 87
33 75
29 33
33 82
33 46
28 33
33 55
33 59
15 33
33 67
33 71
5 48
5 68
5 62
5 54
5 87
5 75
5 29
5 82
5 46
5 55
5 15
5 67
5 71
5 83
5 85
5 18
4 5
5 12
5 37
5 40
5 96
5 16
5 92
5 93
48 56
56 68
56 62
54 56
56 87
56 75
29 56
56 82
46 56
28 56
55 56
56 59
15 56
56 67
56 71
5 56
0 56
30 48
30 68
30 62
30 54
30 87
30 75
29 30
30 82
30 46
28 30
30 55
30 59
15 30
30 67
30 71
0 30
30 85
30 83
4 30
18 30
12 30
30 37
30 92
30 40
16 30
30 96
30 93
71 88
30 88
47 55
15 47
47 71
0 47
47 83
47 85
4 47
18 47
12 47
37 47
47 96
47 92
16 47
40 47
44 47
33 47
36 54
36 87
36 46
36 55
36 59
15 36
36 71
30 36
36 47
39 48
39 68
39 62
39 54
39 87
39 75
39 46
28 39
39 55
39 67
5 39
30 39
39 47
39 83
39 85
18 39
4 39
12 39
37 39
16 39
39 92
39 96
39 40
13 48
13 68
13 54
13 75
13 29
13 28
13 55
13 67
0 13
80 83
80 85
4 80
18 80
12 80
37 80
80 92
40 80
80 96
16 80
80 93
48 63
63 68
62 63
54 63
63 87
63 75
29 63
63 82
46 63
55 63
59 63
63 71
5 63
63 80
11 83
11 85
4 11
11 18
11 12
11 37
11 40
11 96
11 92
11 16
11 93
54 90
75 90
46 90
28 90
15 90
71 90
5 90
80 90
11 90
56 90
8 85
8 83
8 18
4 8
8 12
8 37
8 92
8 16
8 40
8 96
24 48
24 68
24 62
24 54
24 87
24 75
24 29
24 82
24 46
24 28
24 55
24 59
15 24
24 67
5 24
24 80
24 30
24 39
8 24
54 74
28 74
59 74
67 74
5 74
30 74
11 74
39 74
8 74
74 85
74 83
4 74
18 74
12 74
37 74
74 92
36 74
48 60
60 68
60 62
54 60
60 87
60 75
29 60
60 82
46 60
28 60
55 60
59 60
15 60
60 67
5 60
0 60
11 60
47 60
8 60
60 74
1 48
1 68
1 62
1 54
1 87
1 75
1 29
1 46
1 59
1 15
0 1
1 30
1 47
1 56
20 54
20 87
20 29
20 46
20 59
20 67
0 20
20 30
20 47
20 56
8 20
20 83
20 85
18 20
4 20
12 20
20 37
20 96
16 20
54 70
29 70
70 82
46 70
59 70
70 71
0 70
70 80
47 70
56 70
20 70
61 83
61 85
4 61
18 61
12 61
37 61
48 98
68 98
62 98
54 98
87 98
29 98
82 98
46 98
55 98
67 98
71 98
80 98
30 98
56 98
20 98
61 98
19 54
19 28
15 19
19 67
5 19
0 19
19 47
19 56
19 20
19 74
1 19
19 83
19 85
18 19
4 19
12 19
42 48
42 68
42 62
42 54
42 87
42 75
29 42
42 55
42 59
42 67
0 42
42 80
42 47
39 42
20 42
42 61
19 42
48 89
68 89
62 89
54 89
87 89
75 89
29 89
28 89
55 89
15 89
0 89
30 89
11 89
39 89
8 89
74 89
19 89
83 89
85 89
18 89
4 89
12 89
37 89
48 99
68 99
62 99
54 99
87 99
75 99
29 99
82 99
46 99
28 99
59 99
15 99
5 99
30 99
11 99
56 99
20 99
74 99
89 99
42 99
68 73
62 73
54 73
73 75
29 73
46 73
59 73
15 73
71 73
73 80
30 73
39 73
8 73
73 74
19 73
42 73
50 54
46 50
50 55
50 67
50 71
0 50
47 50
39 50
20 50
50 74
19 50
50 89
50 83
50 85
4 50
18 50
50 92
12 50
16 50
45 48
45 68
45 62
45 54
45 87
45 75
29 45
45 82
45 46
28 45
45 55
45 67
5 45
45 80
11 45
45 47
20 45
45 61
19 45
45 50
45 73
71 84
80 84
30 84
56 84
8 84
74 84
1 84
84 89
54 81
55 81
59 81
15 81
71 81
80 81
47 81
39 81
8 81
61 81
81 89
50 81
73 81
81 85
81 83
18 81
4 81
30 65
39 65
56 65
65 74
1 65
42 65
65 81
65 84
9 48
9 68
9 62
9 54
9 87
9 75
9 29
9 82
9 46
9 28
9 55
9 71
0 9
9 80
9 11
9 39
8 9
9 74
9 19
9 89
9 81
48 78
68 78
62 78
54 78
78 87
75 78
29 78
55 78
15 78
67 78
5 78
30 78
11 78
39 78
8 78
74 78
19 78
42 78
78 81
78 85
78 83
18 78
4 78
70 78
66 68
62 66
54 66
66 75
29 66
46 66
15 66
66 71
5 66
0 66
47 66
39 66
20 66
61 66
1 66
42 66
50 66
66 78
66 84
27 47
27 56
8 27
1 27
19 27
27 89
27 73
27 84
9 27
27 85
27 83
27 96
13 27
27 90
23 54
23 75
23 29
23 46
23 59
15 23
23 71
23 80
11 23
23 39
23 56
23 61
19 23
23 89
23 50
23 78
9 23
23 27
31 54
28 31
31 59
31 67
5 31
31 80
31 47
31 56
8 31
31 74
19 31
31 89
31 73
31 78
52 54
52 75
29 52
46 52
52 55
52 67
52 71
52 80
11 52
52 56
8 52
52 74
1 52
52 89
52 73
52 78
52 84
52 83
52 85
31 52
52 90
12 52
52 96
52 92
18 52
57 73
57 84
52 57
27 57
57 92
9 41
41 52
31 41
47 69
56 69
8 69
61 69
1 69
69 89
69 81
69 78
69 84
52 69
41 69
20 34
34 61
19 34
34 89
34 73
34 81
34 84
34 52
34 92
19 43
42 43
43 73
43 81
43 84
43 92
31 43
34 43
25 54
25 28
25 59
15 25
25 71
0 25
25 30
25 39
8 25
25 74
19 25
25 89
25 50
25 84
25 52
25 27
25 41
25 90
25 72
53 55
15 53
53 71
0 53
47 53
53 56
20 53
53 61
19 53
50 53
53 81
53 78
52 53
27 53
53 92
34 53
25 53
53 69
53 83
14 54
14 15
5 14
14 80
11 14
14 39
8 14
14 74
1 14
14 42
14 73
14 78
9 14
14 52
14 41
14 34
14 53
14 98
13 14
14 18
14 65
7 48
7 68
7 62
7 54
7 87
7 75
7 29
7 82
7 46
7 28
7 59
7 67
5 7
7 30
7 47
7 39
7 20
7 74
1 7
7 42
7 50
7 78
7 84
7 92
7 31
7 41
7 90
54 76
28 76
59 76
67 76
5 76
30 76
47 76
56 76
20 76
61 76
1 76
42 76
50 76
76 81
76 84
27 76
31 76
41 76
25 76
76 98
7 76
76 88
36 76
54 64
28 64
59 64
64 67
5 64
30 64
11 64
39 64
20 64
61 64
19 64
64 89
50 64
64 78
9 64
52 64
31 64
34 64
25 64
64 76
13 64
18 64
36 64
5 35
35 80
35 47
35 39
20 35
35 74
19 35
35 89
35 73
35 78
9 35
27 35
35 92
35 41
35 90
35 98
35 76
35 65
6 68
6 62
6 54
6 29
6 82
6 46
6 59
6 15
5 6
6 80
6 30
6 56
6 20
6 74
1 6
6 42
6 73
6 78
6 9
6 27
6 92
6 41
6 90
6 98
6 76
6 18
25 79
53 79
76 79
37 79
6 79
36 79
7 79
55 94
67 94
71 94
30 94
11 94
56 94
8 94
74 94
1 94
89 94
73 94
84 94
9 94
52 94
41 94
34 94
90 94
53 94
76 94
37 94
65 94
35 94
7 94
45 94
33 94
58 94
85 94
70 94
40 94
64 94
32 68
32 62
32 54
32 87
32 82
32 55
15 32
32 67
5 32
32 80
30 32
32 39
20 32
32 61
19 32
32 42
32 50
32 81
32 84
32 52
32 92
32 34
32 90
32 53
13 32
18 32
6 32
32 36
7 32
32 94
32 79
32 66
38 48
38 68
38 54
38 87
29 38
28 38
38 55
15 38
5 38
38 80
11 38
38 56
20 38
38 61
19 38
38 42
38 73
38 81
9 38
27 38
31 38
38 41
38 90
38 53
13 38
37 38
38 65
35 38
7 38
68 77
62 77
54 77
75 77
29 77
28 77
59 77
15 77
71 77
0 77
47 77
56 77
20 77
74 77
19 77
50 77
73 77
77 81
9 77
52 77
31 77
77 90
25 77
53 77
13 77
37 77
65 77
7 77
69 77
77 94
77 93
38 77
72 77
77 99
77 85
40 77
30 95
39 95
20 95
74 95
19 95
89 95
73 95
78 95
9 95
27 95
92 95
34 95
25 95
53 95
76 95
37 95
6 95
36 95
7 95
48 51
51 68
51 62
51 54
51 87
29 51
51 82
51 55
51 59
51 67
51 71
30 51
11 51
51 56
20 51
51 74
1 51
51 89
51 73
51 81
51 84
27 51
51 92
41 51
25 51
51 98
13 51
18 51
6 51
35 51
7 51
45 51
33 51
51 63
21 48
21 68
21 62
21 54
21 87
21 75
21 29
21 82
21 46
21 28
21 55
21 59
15 21
21 67
5 21
21 80
11 21
21 56
20 21
21 61
19 21
21 89
21 50
21 78
9 21
21 52
21 31
21 34
21 25
21 98
13 21
18 21
6 21
21 35
21 69
21 51
21 79
21 66
4 21
21 38
21 64
21 32
26 48
26 68
26 62
26 54
26 87
26 29
26 82
26 55
26 59
15 26
26 71
26 80
26 30
26 56
8 26
1 26
19 26
26 42
26 50
26 81
26 84
26 27
26 92
26 34
25 26
26 98
13 26
18 26
26 65
26 36
7 26
26 94
26 77
22 54
22 75
22 29
22 46
22 55
15 22
5 22
22 80
22 47
22 56
8 22
22 61
19 22
22 42
22 50
22 84
9 22
22 27
22 92
22 34
22 90
22 98
22 76
18 22
6 22
22 35
22 69
22 51
22 79
4 22
22 93
22 66
22 83
22 70
16 22
2 48
2 68
2 62
2 54
2 87
2 75
2 29
2 28
2 55
2 67
2 5
0 2
2 11
2 39
2 20
2 74
1 2
2 42
2 73
2 78
2 9
2 27
2 92
2 41
2 90
2 53
2 13
2 65
2 6
2 35
2 7
2 94
2 77
2 22
2 4
2 14
2 64
2 88
2 26
2 24
2 60
59 91
15 91
5 91
0 91
47 91
39 91
8 91
61 91
1 91
89 91
50 91
81 91
84 91
27 91
91 92
41 91
25 91
53 91
76 91
18 91
65 91
35 91
7 91
51 91
77 91
66 91
38 91
12 91
85 91
88 91
58 91
26 91
91 96
48 97
68 97
62 97
54 97
87 97
75 97
29 97
82 97
46 97
28 97
55 97
15 97
71 97
30 97
11 97
47 97
20 97
74 97
1 97
42 97
50 97
78 97
9 97
27 97
31 97
34 97
25 97
97 98
76 97
37 97
6 97
35 97
69 97
51 97
79 97
66 97
4 97
12 97
64 97
32 97
26 97
24 97
60 97
23 97
45 97
63 97
40 97
3 48
3 68
3 62
3 54
3 87
3 75
3 46
3 28
3 55
3 67
3 71
3 80
3 30
3 56
3 8
3 61
1 3
3 42
3 73
3 81
3 9
3 52
3 92
3 41
3 90
3 53
3 76
3 37
3 6
3 36
3 7
3 94
3 77
3 66
3 4
3 14
3 64
3 32
3 26
3 33
3 60
3 97
10 48
10 68
10 62
10 54
10 87
10 75
10 82
10 28
10 55
10 71
5 10
0 10
10 11
10 56
8 10
10 61
1 10
10 50
10 73
10 78
10 84
10 27
10 31
10 34
10 90
10 53
10 13
10 18
6 10
10 35
10 69
10 94
10 77
10 22
4 10
10 12
10 64
10 32
10 58
10 24
10 96
10 97
10 93
10 99
1 86
42 86
81 86
78 86
84 86
86 92
31 86
41 86
25 86
53 86
13 86
37 86
6 86
35 86
7 86
86 94
77 86
66 86
38 86
14 86
85 86
86 88
58 86
24 86
86 96
86 91
10 86
57 86
44 86
86 95
83 86
49 54
49 75
49 82
28 49
49 59
49 67
49 71
49 80
11 49
39 49
20 49
49 61
1 49
49 89
49 73
49 81
49 84
49 52
31 49
34 49
49 90
49 98
49 76
18 49
49 65
36 49
49 69
49 51
49 77
22 49
38 49
14 49
49 64
32 49
49 58
24 49
33 49
49 91
2 49
49 57
49 93
40 49
49 86
3 49
49 99
43 49
45 49
49 72
17 54
17 75
17 29
17 28
17 55
17 67
5 17
17 30
17 47
17 39
17 20
17 74
1 17
17 42
17 73
17 78
9 17
17 92
17 31
17 41
17 25
17 98
13 17
17 18
6 17
17 36
17 69
17 94
17 79
17 66
17 38
12 17
17 85
17 32
17 26
17 24
17 60
17 97
2 17
16 17
17 44
17 95
17 86
3 17
17 99
17 43
17 70
17 72
63 86
45 86
43 86
10 70
10 63
10 16
3 10
10 72
10 83
10 23
3 57
3 44
3 40
3 23
3 43
3 63
3 45
16 97
70 97
93 97
91 97
44 91
83 91
43 91
57 91
91 99
21 91
2 91
91 95
2 40
2 44
2 43
2 45
2 21
2 95
2 57
2 63
22 88
22 85
12 22
22 23
22 33
22 99
22 26
22 95
22 72
22 60
4 26
14 26
26 85
26 64
26 43
26 60
26 57
26 72
21 26
26 93
24 26
26 40
26 45
21 33
21 96
16 21
21 93
21 40
21 83
21 23
21 63
21 70
21 43
21 45
44 51
24 51
51 83
14 51
51 95
51 60
51 72
51 88
51 99
51 66
16 51
51 58
51 57
77 95
38 95
14 95
64 95
32 95
58 95
24 95
95 96
16 95
93 95
70 95
72 95
95 99
43 95
83 95
12 77
45 77
44 77
77 79
77 83
63 77
38 79
38 66
12 38
38 40
24 38
38 70
32 38
33 38
38 93
38 57
38 99
38 72
38 83
14 38
12 32
32 85
32 99
32 70
32 60
32 43
32 93
16 32
32 72
32 88
23 94
79 94
43 94
4 94
12 94
94 96
16 79
14 79
43 79
57 79
23 79
79 96
64 79
24 79
33 79
60 79
70 79
58 79
79 88
6 23
6 96
6 85
6 60
6 7
6 83
6 45
6 43
6 24
6 35
6 70
6 93
35 36
35 96
12 35
35 69
35 44
35 72
16 35
35 64
35 66
35 43
33 35
35 88
24 35
64 69
64 66
4 64
12 64
64 70
24 64
16 64
40 64
64 93
44 64
64 99
23 64
40 76
76 99
76 93
18 76
33 76
58 76
76 96
70 76
72 76
69 76
43 76
60 76
7 13
7 37
7 36
7 14
7 69
7 85
7 60
7 44
7 23
7 99
7 72
7 43
7 40
14 69
14 66
14 58
14 70
12 14
14 72
14 44
14 57
14 99
14 93
14 63
14 24
14 85
43 53
53 70
53 85
53 57
12 53
18 53
53 66
53 93
16 53
53 98
53 99
23 53
53 72
37 72
65 72
72 85
33 72
72 96
60 72
16 72
44 72
72 83
23 72
72 99
70 72
25 99
25 98
25 37
25 44
25 93
25 96
25 45
25 36
25 57
25 33
25 43
25 40
25 88
18 25
18 43
43 66
4 43
12 43
43 85
24 43
43 60
43 57
43 44
43 63
12 34
34 69
34 99
16 34
34 37
18 34
34 96
34 65
34 63
4 34
23 34
34 98
34 93
34 70
13 34
34 83
69 98
37 69
65 69
24 69
69 88
66 69
57 69
63 69
69 70
69 83
16 69
4 69
69 93
69 96
12 69
18 41
12 41
37 41
41 90
41 58
40 41
41 66
41 60
36 41
24 41
41 85
33 41
41 88
41 57
13 57
37 57
57 65
36 57
4 57
57 85
57 88
33 57
57 60
44 57
57 99
40 57
23 57
16 57
4 52
52 63
52 98
37 52
52 93
40 52
52 70
52 65
24 52
27 31
31 60
31 70
31 85
31 83
31 93
31 40
31 90
31 98
31 88
31 96
31 66
23 31
31 63
31 45
31 58
31 36
31 99
23 90
13 23
18 23
23 36
4 23
12 23
23 88
23 58
23 33
23 60
23 44
23 40
23 83
23 70
23 99
27 45
27 88
27 99
27 33
27 44
27 66
16 27
18 27
27 92
66 90
13 66
37 66
65 66
66 96
66 93
24 66
44 66
58 66
63 66
40 66
45 66
16 78
36 78
63 78
33 78
78 99
78 96
78 90
9 78
78 93
13 78
9 83
9 85
9 98
9 45
9 99
9 65
9 16
9 58
4 9
9 88
9 24
9 63
9 33
9 13
9 60
65 92
65 90
65 98
13 65
18 65
63 65
58 65
16 65
65 88
65 99
40 65
12 65
36 65
4 65
33 65
44 65
36 81
81 84
33 81
70 81
60 81
58 81
44 81
12 81
37 81
24 81
40 81
81 98
83 84
84 85
84 88
84 92
4 84
18 84
45 84
40 84
70 84
84 93
44 84
37 84
36 84
45 90
45 98
13 45
37 45
36 45
4 45
12 45
45 85
45 88
24 45
45 96
16 45
45 93
40 45
45 99
45 63
50 96
13 50
37 50
50 63
50 60
50 98
50 93
50 88
50 73
50 58
73 85
73 83
18 73
4 73
73 99
73 92
73 90
12 73
16 73
24 73
40 73
44 73
18 99
36 99
58 99
24 99
60 99
93 99
83 99
36 89
13 89
89 98
42 89
89 90
58 89
63 89
44 89
89 93
42 85
42 83
4 42
18 42
12 42
36 42
37 42
13 42
42 60
42 96
24 42
42 88
40 42
42 70
33 42
19 70
19 98
19 44
19 33
19 90
19 40
19 58
33 98
60 98
63 98
96 98
24 98
58 98
83 98
13 98
4 98
37 98
40 98
44 98
1 61
61 96
40 61
16 61
44 61
13 61
61 70
61 90
61 93
36 61
61 92
70 90
37 70
36 70
58 70
33 70
60 70
16 70
40 70
70 83
63 70
20 58
20 40
1 20
20 63
1 85
1 83
1 18
1 4
1 12
1 37
1 16
1 93
1 92
1 88
1 63
1 60
1 24
1 96
60 92
60 90
37 60
36 60
4 60
12 60
60 85
33 60
60 96
40 60
33 74
58 74
63 74
74 88
24 74
24 92
24 90
13 24
18 24
24 88
16 24
24 40
24 63
8 93
8 44
8 88
8 13
8 90
8 33
44 90
58 90
12 90
13 90
85 90
4 90
16 90
63 90
11 13
11 58
11 63
56 63
37 63
18 63
36 63
4 63
63 85
63 88
58 63
63 96
63 93
40 63
58 80
44 80
13 80
13 39
13 92
13 16
13 85
13 36
12 13
13 37
13 44
4 13
39 44
39 88
39 93
36 39
39 56
36 92
36 37
36 85
36 58
36 93
36 83
36 40
4 36
47 93
47 88
47 56
47 58
37 88
18 88
4 88
12 88
85 88
40 88
83 88
33 88
58 88
88 96
44 88
30 56
30 33
56 83
56 85
4 56
18 56
12 56
37 56
56 96
16 56
40 56
56 92
33 56
5 58
5 33
5 44
0 33
33 92
18 33
12 33
33 85
33 58
33 93
33 96
33 44
33 83
16 33
44 71
58 71
0 58
58 92
18 58
4 58
58 85
58 96
16 58
58 83
44 58
44 67
0 44
44 92
37 44
4 44
44 96
44 93
40 44
0 93
37 93
93 96
16 93
83 93
0 40
37 40
12 40
55 96
0 96
37 96
4 96
12 96
85 96
83 96
16 28
0 16
16 92
16 18
4 16
12 16
16 83
46 92
0 92
12 92
83 92
85 92
4 92
0 37
37 83
4 37
0 12
12 18
12 83
0 18
18 85
18 83
0 4
4 85
54 85
0 85
83 85
54 83
48 83
0 83
