100 1485
38 88
25 38
57 88
25 57
38 57
0 57
4 88
4 25
4 57
38 58
4 58
0 58
34 88
25 34
34 57
34 58
48 88
25 48
48 57
48 58
38 48
0 48
4 48
34 48
28 88
25 28
28 57
28 58
28 48
21 38
4 21
21 34
21 28
0 21
82 88
25 82
57 82
58 82
48 82
21 82
38 97
0 97
34 97
4 97
28 97
19 88
19 25
19 57
19 58
19 48
19 21
19 97
22 57
22 48
22 38
4 22
22 28
22 34
0 22
22 82
19 22
35 88
25 35
35 57
35 58
35 48
21 35
35 97
22 35
23 38
0 23
23 34
4 23
23 28
23 35
23 82
19 23
52 57
48 52
21 52
22 52
23 52
38 91
28 91
34 91
0 91
4 91
11 25
11 57
11 58
11 48
11 21
11 22
42 57
21 42
38 75
4 75
34 75
28 75
0 75
75 82
19 75
35 75
70 88
57 70
58 70
48 70
21 70
70 97
70 75
6 38
6 28
4 6
6 34
0 6
20 42
6 20
20 70
20 52
23 80
6 80
80 91
35 80
38 80
23 39
6 39
38 53
0 53
75 90
6 90
53 90
52 90
35 90
38 78
38 40
60 91
53 60
40 60
85 88
25 85
57 85
58 85
48 85
21 85
85 97
22 85
75 85
42 85
70 85
52 85
35 85
38 85
25 29
29 57
29 58
29 48
21 29
29 97
29 42
6 29
29 70
29 52
29 40
29 85
37 38
56 88
25 56
56 57
56 58
48 56
21 56
56 97
22 56
23 56
6 56
53 56
52 56
40 56
37 56
22 71
42 71
70 71
52 71
71 80
71 78
37 71
38 71
61 80
61 78
61 71
12 38
13 57
13 48
13 21
13 22
13 23
13 42
13 70
13 52
13 40
13 37
13 71
12 13
63 71
38 63
11 63
18 88
18 25
18 57
18 58
18 48
18 21
18 97
18 22
18 42
6 18
18 91
18 53
18 40
18 78
18 63
41 57
41 58
41 48
41 97
23 41
41 42
41 70
35 41
41 80
40 41
41 63
38 41
57 96
58 96
48 96
96 97
22 96
91 96
70 96
52 96
80 96
85 96
37 96
41 96
7 88
7 25
7 57
7 58
7 48
7 21
7 97
7 22
7 42
7 91
7 53
7 52
7 80
7 78
7 71
7 12
7 38
7 11
7 29
7 34
33 80
33 78
33 63
55 63
38 55
55 92
41 92
35 79
79 85
63 79
55 79
79 87
38 79
2 71
2 55
2 79
1 88
1 57
1 58
1 48
1 21
1 97
1 42
1 6
1 91
1 53
1 80
1 78
1 37
1 12
1 7
35 49
49 85
49 63
49 55
49 87
27 80
27 78
27 71
27 41
27 49
1 27
25 30
30 57
30 58
30 48
21 30
30 97
22 30
30 42
30 70
30 52
30 80
30 40
30 71
30 55
7 30
63 89
41 89
79 89
49 89
33 89
20 89
13 89
89 96
59 88
57 59
58 59
48 59
21 59
22 59
23 59
42 59
59 91
52 59
40 59
59 78
59 63
55 59
59 87
59 89
0 59
23 65
6 65
65 91
53 65
35 65
65 85
63 65
41 65
65 87
65 89
14 57
14 97
14 23
6 14
14 91
14 53
14 35
14 37
14 71
12 14
14 87
14 89
54 57
48 54
21 54
22 54
54 75
6 54
53 54
52 54
35 54
40 54
54 71
54 55
7 54
14 54
54 61
75 84
6 84
70 84
35 84
40 84
78 84
37 84
55 84
79 84
1 84
61 84
33 36
2 36
22 32
6 32
32 91
32 52
32 80
32 40
32 63
32 41
32 79
32 89
30 32
32 36
8 63
8 41
8 79
8 89
8 30
8 61
8 27
30 50
50 61
8 50
14 94
65 94
84 94
71 77
55 77
77 87
1 77
0 77
61 77
77 82
77 94
13 77
38 77
51 88
25 51
51 57
51 58
48 51
21 51
51 97
22 51
23 51
6 51
51 70
51 52
51 80
40 51
37 51
12 51
51 87
49 51
14 51
51 65
51 82
35 83
83 85
71 83
12 83
83 87
49 83
0 83
61 83
82 83
51 83
68 80
68 85
37 68
12 68
68 79
1 68
14 68
61 68
25 66
57 66
58 66
48 66
21 66
22 66
66 75
42 66
66 91
52 66
66 80
40 66
66 71
41 66
7 66
66 89
0 66
61 66
44 57
44 58
44 48
22 44
44 75
42 44
44 70
44 53
35 44
44 85
37 44
41 44
44 87
44 49
30 44
44 61
44 66
44 83
13 44
31 57
31 48
31 75
31 42
31 70
31 53
31 80
31 78
31 37
31 55
7 31
31 49
0 31
31 36
31 84
14 67
36 67
67 82
57 74
22 74
23 74
42 74
74 91
35 74
40 74
74 85
37 74
12 74
74 79
74 89
0 74
65 74
74 82
67 74
57 95
58 95
48 95
95 97
75 95
91 95
70 95
52 95
40 95
85 95
71 95
55 95
79 95
1 95
30 95
65 95
84 95
83 95
13 95
27 95
0 73
36 73
8 73
73 83
73 95
73 96
43 57
43 58
43 48
21 43
43 75
42 43
43 70
43 52
43 80
43 85
43 71
41 43
43 79
1 43
43 61
43 84
43 66
43 67
43 95
20 43
18 43
45 80
45 85
45 63
12 45
45 79
1 45
30 45
45 65
8 45
45 94
63 76
12 76
76 87
49 76
30 76
76 84
8 76
76 94
56 76
7 15
1 15
15 30
15 84
15 82
15 83
15 76
15 96
15 43
15 51
2 15
8 64
64 83
20 64
38 64
43 64
23 72
6 72
70 72
35 72
40 72
72 78
55 72
12 72
72 87
1 72
30 72
65 72
72 84
72 94
13 72
38 72
31 72
68 72
64 72
5 70
5 52
5 35
5 85
5 55
5 41
5 79
5 49
5 14
5 65
5 66
5 67
5 76
5 20
10 88
10 57
10 58
10 48
10 21
10 97
10 75
6 10
10 91
10 52
10 35
10 78
10 63
10 55
10 87
1 10
10 30
10 65
10 66
10 83
10 76
10 96
13 16
16 20
16 43
4 16
16 68
37 47
47 55
47 79
47 49
14 47
47 84
47 66
47 67
47 95
20 47
16 47
47 56
11 47
34 47
47 60
3 47
9 57
9 48
9 21
9 97
9 42
6 9
9 91
9 52
9 35
9 85
9 63
9 55
9 79
9 49
0 9
9 65
8 9
9 67
9 76
9 96
9 16
9 51
9 34
9 90
9 60
9 15
9 59
9 92
26 88
25 26
26 57
26 58
26 48
21 26
26 97
22 26
23 26
6 26
26 70
26 52
26 80
26 78
26 63
26 41
7 26
26 89
26 30
26 65
8 26
26 94
26 95
26 31
10 26
0 99
36 99
8 99
67 99
20 99
38 99
10 99
7 98
49 98
14 98
65 98
8 98
83 98
76 98
38 98
10 98
98 99
11 98
90 98
60 98
39 98
32 98
29 98
26 98
50 98
62 63
55 62
62 79
1 62
30 62
36 62
8 62
62 94
62 76
38 62
31 62
51 62
11 62
62 90
62 73
15 62
62 98
62 68
29 62
45 62
22 86
42 86
70 86
53 86
80 86
85 86
71 86
41 86
86 87
86 89
14 86
84 86
8 86
67 86
13 86
38 86
10 86
51 86
11 86
64 86
60 86
39 86
47 86
54 86
44 86
26 86
18 86
37 69
41 69
69 79
1 69
61 69
36 69
69 82
69 83
13 69
69 96
31 69
69 72
2 69
69 90
88 93
25 93
57 93
58 93
48 93
21 93
93 97
22 93
42 93
6 93
91 93
52 93
35 93
78 93
63 93
12 93
7 93
49 93
61 93
84 93
82 93
67 93
20 93
93 96
16 93
93 99
56 93
64 93
5 93
28 93
77 93
33 93
80 81
81 85
71 81
55 81
79 81
49 81
0 81
61 81
81 82
81 94
76 81
31 81
16 81
51 81
2 81
73 81
81 93
39 81
54 81
27 81
44 81
77 81
32 81
81 92
59 81
33 81
39 93
69 93
27 93
50 93
44 93
15 69
69 98
19 69
69 74
26 69
69 86
69 92
32 69
33 69
62 86
50 86
18 62
32 62
17 88
17 25
17 57
17 58
17 48
17 21
17 97
17 22
17 23
17 42
17 91
17 35
17 80
17 85
17 37
17 41
7 17
17 49
17 30
17 36
17 66
17 83
17 95
17 31
16 17
17 72
2 17
17 64
5 17
17 39
9 17
17 74
17 29
17 45
4 17
17 62
17 92
17 50
18 98
27 98
29 99
4 99
26 99
73 99
33 99
24 40
24 85
24 37
24 41
24 79
1 24
24 30
24 61
24 82
24 94
24 95
24 38
10 24
24 99
2 24
24 73
24 60
15 24
24 47
24 27
24 44
24 77
46 57
46 48
22 46
6 46
46 70
46 53
35 46
46 78
37 46
41 46
46 87
46 49
30 46
36 46
46 82
46 67
13 46
31 46
46 51
46 72
2 46
46 73
46 60
15 46
46 54
27 46
29 46
46 77
24 46
4 46
46 92
46 50
24 59
24 32
24 50
32 99
27 99
28 99
59 99
45 99
2 26
26 34
26 60
9 26
26 68
26 29
26 77
26 32
26 33
9 74
9 47
9 77
9 50
32 47
44 47
47 68
33 47
19 47
16 92
10 16
16 51
16 54
16 33
3 16
10 11
5 10
10 34
10 32
10 44
10 50
10 19
10 74
5 72
2 5
5 34
5 19
5 92
3 5
5 59
5 68
5 15
4 5
5 45
50 72
72 77
3 72
72 90
18 72
2 72
44 72
2 64
18 64
4 64
19 64
64 73
15 64
64 68
27 64
64 77
15 54
15 45
15 92
4 15
3 76
39 76
51 76
2 76
38 76
18 76
34 76
45 76
31 45
43 45
34 45
45 90
45 54
19 45
29 45
4 45
45 50
18 45
28 43
27 43
43 73
43 60
43 59
43 90
2 43
39 43
43 56
56 73
29 73
59 73
54 73
33 73
28 73
32 73
28 95
74 95
32 95
54 95
68 95
31 95
60 95
50 95
38 74
51 74
56 74
74 90
3 74
39 74
68 74
44 74
59 74
4 74
50 74
67 90
29 67
67 96
4 67
28 67
60 67
31 67
54 67
31 96
31 60
4 31
28 31
31 90
31 44
29 31
44 56
34 44
3 44
33 44
28 44
18 44
34 66
28 66
38 66
39 66
3 66
4 66
66 68
11 66
18 66
29 66
66 82
13 66
68 83
68 96
11 68
3 68
19 68
4 68
18 68
68 92
32 83
83 92
27 83
13 83
38 83
11 83
20 51
51 77
51 92
11 51
51 56
39 51
19 51
34 77
39 77
19 77
28 77
59 77
19 94
50 94
59 94
33 94
3 94
34 94
2 94
18 94
56 94
38 50
2 50
50 90
27 50
8 92
2 8
8 33
8 32
8 39
8 20
20 32
11 32
32 90
19 32
4 32
36 56
29 36
19 36
36 84
11 36
34 84
27 84
38 84
54 84
13 84
84 96
60 84
84 90
54 82
54 96
54 56
2 54
54 60
28 54
29 54
4 54
27 54
14 29
14 30
14 28
14 61
14 33
14 65
14 82
13 14
0 14
14 56
4 14
65 92
3 65
20 65
65 82
60 65
59 65
28 65
65 90
59 82
20 59
59 96
11 59
3 59
27 59
28 59
33 59
30 89
38 89
0 89
82 89
61 89
60 89
39 89
27 30
2 30
30 92
18 30
20 27
27 34
3 27
27 28
38 49
1 49
11 49
49 90
34 49
49 56
1 92
1 2
1 3
1 19
1 18
1 4
1 28
2 20
2 60
4 79
39 79
79 92
13 92
38 92
56 92
90 92
29 92
28 92
34 55
33 55
55 56
20 55
7 33
13 33
20 33
33 56
3 33
19 33
18 33
7 90
7 20
7 28
7 19
0 7
3 7
7 96
61 96
82 96
20 96
38 96
3 96
11 96
56 96
34 96
41 82
41 87
41 90
0 41
18 41
18 87
18 61
18 38
11 18
18 60
18 39
18 28
63 87
20 63
19 63
38 87
19 87
82 87
61 87
56 87
13 87
60 87
13 29
13 20
11 13
13 90
4 13
13 19
11 12
12 34
12 39
3 12
12 29
12 61
12 60
4 12
12 28
11 61
4 61
39 61
56 71
71 90
3 71
4 71
39 71
60 71
56 82
56 60
34 56
56 90
29 56
0 37
37 82
28 37
29 37
0 29
29 38
29 60
19 29
60 85
20 85
11 85
39 85
82 85
34 85
0 60
60 90
3 40
19 40
0 40
28 40
3 78
0 3
3 34
3 90
3 28
3 39
4 78
19 78
78 90
0 90
34 53
39 53
28 53
4 53
19 53
52 53
53 82
39 52
39 80
0 39
20 39
11 39
34 39
19 39
0 80
4 80
20 80
11 80
0 20
20 82
6 19
6 82
6 70
38 70
0 70
28 70
4 70
34 70
52 70
35 70
11 70
70 82
42 75
38 42
28 42
34 42
0 42
4 42
19 42
11 42
42 82
35 42
11 91
11 35
11 34
11 19
11 28
35 91
52 91
19 91
38 52
34 52
28 52
35 38
0 35
4 35
34 35
35 82
28 35
0 19
19 82
19 38
82 97
4 28
0 34
4 34
0 25
0 38
0 88
