100 495
18 56
56 73
18 57
57 73
11 56
11 57
11 20
8 11
11 18
11 73
11 31
18 31
31 73
14 20
14 31
40 56
40 57
20 40
8 40
11 40
31 40
14 40
40 67
18 67
7 31
7 67
7 61
8 28
11 28
18 36
36 73
36 55
14 71
2 71
18 63
20 96
31 96
63 96
22 56
22 57
8 22
22 31
18 42
56 78
20 78
8 78
11 78
42 78
2 78
14 94
10 94
92 94
36 82
67 82
19 56
19 57
19 20
8 19
11 19
19 31
19 42
19 67
18 19
8 62
11 62
14 62
2 62
19 62
62 69
36 58
10 58
58 87
58 69
27 93
61 99
28 99
85 99
31 39
10 39
39 92
39 64
43 66
47 87
47 64
47 66
1 36
1 2
1 61
69 91
16 91
66 91
37 61
50 92
16 50
14 72
2 72
72 87
50 72
1 72
37 72
43 65
34 58
34 65
58 65
18 65
49 66
37 49
49 65
0 49
61 77
43 68
40 68
41 92
41 68
41 81
37 41
19 35
28 35
1 35
35 41
17 61
17 50
70 75
70 73
62 70
14 86
67 86
8 83
11 83
31 83
2 83
46 83
69 83
20 38
11 38
14 38
38 67
38 92
38 83
38 75
38 41
38 82
12 85
12 76
12 58
12 78
12 47
3 87
3 28
3 75
5 8
5 11
5 31
5 10
5 19
5 50
5 81
56 84
57 84
11 84
31 84
42 84
10 84
84 92
28 84
68 84
5 84
7 84
80 93
78 80
19 45
16 45
45 68
45 73
13 19
13 16
1 13
13 76
13 24
13 82
13 39
4 85
18 23
52 61
28 52
43 52
23 52
52 93
6 58
59 85
59 99
14 89
2 89
61 89
16 89
81 89
73 89
58 89
30 89
30 86
30 94
21 85
21 37
21 62
14 25
10 25
25 92
25 83
25 75
25 41
25 65
25 26
25 38
4 25
25 59
21 25
14 15
15 67
15 69
15 50
15 68
15 41
15 58
15 26
3 15
29 92
29 50
27 29
23 29
24 29
1 9
9 73
9 62
6 9
17 53
9 53
17 95
80 95
39 95
53 95
18 95
71 95
30 74
53 74
22 74
51 63
2 51
19 51
28 51
43 51
51 73
17 51
51 91
57 79
20 79
8 79
11 79
42 79
67 79
69 79
50 79
27 79
23 79
62 79
79 91
79 90
71 79
46 60
50 60
60 85
37 60
7 60
26 60
3 60
60 79
15 60
66 88
5 88
7 88
78 88
3 88
4 88
60 88
13 88
55 79
35 90
51 90
52 90
51 74
51 72
35 51
47 53
54 70
77 97
72 97
49 97
54 97
53 54
33 93
6 33
32 85
32 37
32 58
32 82
32 77
32 33
20 48
31 48
36 48
48 67
19 48
48 83
43 48
41 48
48 82
48 80
32 48
21 48
48 94
48 55
3 32
33 96
33 54
33 35
4 9
0 9
9 29
29 30
15 29
18 29
29 35
15 40
21 26
21 30
21 47
39 89
86 89
59 89
89 96
6 59
59 70
59 94
40 59
6 96
6 52
52 72
4 52
52 55
4 23
23 94
4 24
4 13
13 45
24 45
24 94
22 24
45 80
39 45
45 96
18 45
80 84
38 84
49 84
47 84
18 84
0 5
5 71
5 96
5 62
3 5
3 17
3 12
12 38
12 35
38 70
38 47
83 86
22 83
73 83
55 83
83 85
46 86
46 69
81 86
41 86
86 91
86 94
18 86
70 86
70 96
17 75
75 82
17 76
17 78
17 35
68 77
18 68
66 77
77 99
62 77
77 78
49 77
22 77
49 96
65 72
65 82
72 91
22 72
37 50
27 37
37 91
7 91
40 91
1 16
1 40
1 55
1 78
1 76
47 76
40 76
55 76
7 76
47 82
66 94
66 81
39 81
71 81
81 96
39 99
0 39
39 40
73 99
78 99
93 99
82 99
7 44
44 93
44 62
44 71
55 93
40 93
27 58
27 73
85 87
22 87
62 85
19 73
19 82
64 82
64 96
64 94
64 71
71 94
92 96
78 92
28 78
71 78
22 42
10 22
22 43
22 73
0 22
22 55
10 28
10 96
10 69
63 69
63 73
61 63
69 71
28 69
40 69
40 71
2 73
2 55
55 61
0 55
28 36
7 28
18 28
7 43
0 7
14 18
14 61
11 61
20 73
8 73
18 98
73 98
18 20
8 18
8 20
8 61
43 61
0 43
