100 2475
58 84
58 85
64 84
64 85
12 84
12 85
12 58
12 64
5 84
5 85
5 12
84 91
85 91
12 91
58 91
64 91
5 91
53 84
53 85
12 53
53 91
21 58
21 64
5 21
84 95
85 95
12 95
91 95
21 95
6 58
6 64
5 6
6 53
37 84
37 85
12 37
37 91
21 37
6 37
58 69
64 69
5 69
69 95
53 69
37 69
84 96
85 96
12 96
91 96
21 96
6 96
69 96
33 84
33 85
12 33
33 91
21 33
6 33
33 69
33 58
33 64
5 33
33 37
33 95
33 53
33 96
66 84
66 85
12 66
66 91
21 66
6 66
66 69
33 66
9 12
9 91
9 58
9 64
5 9
9 53
9 37
9 95
9 96
31 84
31 85
12 31
31 91
21 31
6 31
31 69
31 33
9 31
31 95
16 84
16 85
12 16
16 91
16 21
6 16
16 69
16 33
9 16
16 95
16 58
16 64
5 16
16 53
16 37
16 96
78 84
78 85
12 78
78 91
21 78
6 78
69 78
33 78
9 78
78 95
16 78
58 79
64 79
5 79
37 79
53 79
79 96
84 88
85 88
12 88
88 91
21 88
6 88
69 88
33 88
9 88
88 95
16 88
79 88
78 88
24 58
24 64
5 24
24 37
24 53
24 96
48 84
48 85
12 48
48 91
21 48
6 48
48 69
33 48
9 48
48 95
16 48
48 79
48 78
24 48
58 89
64 89
5 89
53 89
37 89
89 96
29 84
29 85
12 29
29 91
21 29
6 29
29 69
29 33
9 29
29 95
16 29
29 79
29 78
24 29
29 89
11 58
11 64
5 11
11 53
11 37
11 96
78 87
11 87
12 67
16 67
67 79
11 67
58 67
64 67
5 67
53 67
37 67
67 96
72 84
72 85
12 72
72 91
21 72
6 72
69 72
33 72
9 72
72 95
16 72
72 79
72 78
72 89
67 72
12 39
16 39
39 78
24 39
11 39
59 84
59 85
12 59
59 91
21 59
6 59
59 69
33 59
9 59
59 95
16 59
59 79
59 78
59 89
11 59
58 59
59 64
5 59
53 59
37 59
59 96
12 43
33 43
9 43
43 95
43 79
43 89
43 59
39 43
37 43
11 23
23 39
23 37
4 84
4 85
4 12
4 91
4 21
4 6
4 69
4 33
4 9
4 95
4 16
4 79
4 78
4 89
4 67
4 59
4 58
4 64
4 5
4 53
12 76
76 91
76 95
16 76
76 79
76 89
67 76
39 76
4 76
23 76
82 84
12 82
82 91
21 82
6 82
33 82
82 95
16 82
79 82
24 82
11 82
37 82
4 82
58 82
64 82
5 82
53 82
10 12
10 33
9 10
10 95
10 79
10 24
10 67
10 39
4 10
10 58
10 82
27 67
27 59
27 37
23 27
27 82
12 71
71 95
71 79
71 78
11 71
39 71
4 71
58 71
71 82
64 71
5 71
22 84
22 85
12 22
22 91
21 22
6 22
22 69
22 33
9 22
22 95
16 22
22 79
22 78
22 24
22 89
11 22
22 67
22 37
4 22
22 58
22 71
22 27
57 67
57 59
4 57
23 57
57 82
27 57
57 64
5 57
8 78
8 11
8 59
8 39
4 8
8 23
8 58
8 57
37 93
58 93
82 93
71 93
57 93
64 93
5 93
32 84
12 32
32 91
32 33
32 95
16 32
32 79
32 78
32 67
32 39
32 37
32 58
32 82
32 57
32 93
32 96
16 80
80 89
67 80
59 80
4 80
23 80
58 80
57 80
80 93
80 96
64 80
1 84
1 85
1 12
1 91
1 69
1 33
1 9
1 16
1 78
1 11
1 67
1 39
1 4
1 23
1 82
1 27
1 93
12 45
33 45
9 45
16 45
45 79
24 45
45 67
39 45
37 45
45 58
45 82
27 45
44 84
44 85
12 44
44 91
21 44
6 44
44 69
33 44
9 44
44 95
16 44
44 79
44 78
44 89
44 59
39 44
4 44
44 58
44 71
44 57
44 93
44 64
14 84
12 14
14 91
14 33
14 95
14 16
14 78
14 89
11 14
14 59
14 37
14 58
14 82
14 57
14 44
14 45
14 80
63 67
39 63
37 63
58 63
63 82
27 63
63 93
45 63
63 66
63 64
1 63
38 84
12 38
38 91
21 38
6 38
33 38
9 38
38 95
38 78
24 38
11 38
38 59
37 38
23 38
38 58
38 57
38 44
38 96
38 80
38 63
41 84
12 41
33 41
41 95
16 41
24 41
41 67
41 59
37 41
41 58
41 71
27 41
41 57
41 45
41 66
41 63
41 64
70 84
12 70
9 70
70 95
16 70
70 89
11 70
39 70
37 70
58 70
70 71
57 70
70 93
70 96
70 80
14 70
41 70
84 97
12 97
91 97
21 97
6 97
33 97
9 97
95 97
78 97
24 97
11 97
39 97
37 97
4 97
71 97
27 97
93 97
45 97
80 97
14 97
41 97
52 84
52 85
12 52
52 91
21 52
6 52
52 69
33 52
52 95
16 52
52 79
52 89
52 67
37 52
4 52
23 52
52 82
27 52
52 57
52 96
45 52
52 63
41 52
52 64
2 84
2 85
2 12
2 91
2 21
2 6
2 69
2 33
2 9
2 95
2 16
2 79
2 78
2 24
2 89
2 11
2 67
2 59
2 37
2 23
2 58
2 27
2 44
2 96
2 66
2 14
2 41
2 52
2 8
83 84
83 85
12 83
83 91
21 83
6 83
69 83
33 83
83 95
16 83
78 83
83 89
59 83
39 83
37 83
23 83
82 83
27 83
57 83
45 83
66 83
63 83
41 83
83 97
11 56
39 56
37 56
23 56
56 58
56 57
56 93
56 96
45 56
56 63
28 37
28 58
28 71
28 57
28 44
28 96
28 80
14 28
28 64
34 84
34 85
12 34
34 91
21 34
6 34
34 69
33 34
9 34
34 95
16 34
34 79
34 78
34 89
11 34
34 39
4 34
23 34
34 82
27 34
34 44
34 96
34 66
34 63
28 34
34 52
34 56
61 71
27 61
44 61
61 96
61 80
61 63
28 61
52 61
56 61
29 61
9 62
62 95
62 78
24 62
11 62
59 62
37 62
58 62
62 82
57 62
44 62
62 96
62 80
62 63
41 62
52 62
8 62
61 62
19 82
19 27
19 93
19 45
19 80
19 63
19 41
19 28
8 19
19 61
5 19
0 19
19 62
19 88
50 58
27 50
44 50
45 50
50 66
50 63
28 50
50 97
50 56
50 83
19 50
60 84
60 85
12 60
60 91
21 60
6 60
60 69
33 60
9 60
60 95
60 79
60 89
11 60
59 60
37 60
58 60
60 71
27 60
44 60
45 60
60 66
60 63
28 60
60 97
8 60
60 83
19 60
48 60
5 60
53 60
54 67
37 54
4 54
54 58
54 71
54 57
44 54
54 96
54 66
14 54
41 54
28 54
8 54
54 83
19 54
54 60
37 73
58 73
73 82
71 73
44 73
45 73
66 73
14 73
41 73
73 97
8 73
73 83
10 73
48 73
65 84
12 65
65 91
21 65
6 65
33 65
9 65
65 95
65 78
24 65
11 65
39 65
37 65
58 65
65 82
27 65
65 93
45 65
65 66
63 65
41 65
52 65
8 65
61 65
10 65
65 73
20 84
12 20
20 95
16 20
20 78
20 24
11 20
20 59
4 20
20 58
20 71
20 27
20 93
20 96
20 45
14 20
20 41
20 52
8 20
20 61
19 20
20 60
20 73
12 68
68 95
68 79
68 89
11 68
59 68
37 68
23 68
68 71
57 68
68 93
44 68
45 68
63 68
28 68
68 97
56 68
61 68
19 68
48 68
20 68
68 76
29 68
16 55
24 55
55 67
55 59
4 55
23 55
55 82
55 71
55 93
55 96
55 80
14 55
28 55
52 55
55 56
55 83
48 55
55 73
20 55
84 90
85 90
12 90
90 91
21 90
6 90
69 90
33 90
9 90
16 90
79 90
24 90
11 90
59 90
4 90
23 90
58 90
27 90
90 93
90 96
45 90
14 90
28 90
90 97
56 90
61 90
10 90
60 90
73 90
42 84
42 85
12 42
42 91
21 42
6 42
42 69
33 42
9 42
42 95
42 79
42 78
42 59
39 42
37 42
23 42
42 82
42 57
42 44
42 45
42 66
14 42
28 42
42 52
42 97
42 83
10 42
42 48
42 90
42 76
29 42
42 87
35 57
35 45
35 80
35 63
35 41
35 52
35 56
35 61
10 35
35 48
20 35
35 90
77 84
77 85
12 77
77 91
21 77
6 77
69 77
33 77
9 77
77 95
16 77
77 79
77 78
77 89
59 77
39 77
37 77
58 77
71 77
27 77
44 77
45 77
77 80
14 77
41 77
52 77
8 77
61 77
19 77
60 77
20 77
77 90
79 81
24 81
11 81
39 81
4 81
23 81
81 82
71 81
44 81
45 81
66 81
14 81
28 81
81 97
8 81
56 81
19 81
48 81
20 81
77 81
29 81
55 81
72 81
84 98
12 98
91 98
33 98
9 98
95 98
79 98
89 98
67 98
59 98
37 98
23 98
71 98
27 98
44 98
96 98
80 98
66 98
41 98
97 98
56 98
61 98
19 98
48 98
73 98
90 98
29 98
87 98
72 98
53 98
74 84
12 74
74 91
21 74
6 74
33 74
74 95
16 74
74 78
24 74
67 74
39 74
37 74
58 74
74 82
27 74
74 93
45 74
66 74
63 74
28 74
52 74
56 74
74 83
10 74
60 74
20 74
74 90
29 74
55 74
74 98
26 84
26 85
12 26
26 91
21 26
6 26
26 69
26 33
9 26
26 95
16 26
26 79
26 78
24 26
26 67
26 39
4 26
23 26
26 82
26 57
26 93
26 96
26 80
26 63
26 28
26 52
8 26
26 61
10 26
26 60
20 26
26 90
26 77
26 87
26 72
26 98
1 26
26 70
26 53
12 17
17 33
9 17
16 17
17 79
17 89
17 59
17 39
4 17
17 58
17 71
17 27
17 93
17 96
17 80
17 63
17 28
17 52
8 17
17 61
17 19
17 48
17 73
17 90
17 77
17 55
17 35
17 26
17 38
75 84
75 85
12 75
75 91
21 75
6 75
33 75
9 75
75 95
16 75
75 79
24 75
11 75
39 75
4 75
58 75
75 82
71 75
44 75
75 96
75 80
63 75
28 75
52 75
56 75
61 75
10 75
48 75
73 75
75 76
75 77
75 87
35 75
43 75
38 75
18 84
12 18
18 91
18 21
6 18
18 33
9 18
18 95
18 78
18 24
18 67
18 59
4 18
18 23
18 58
18 27
18 44
18 45
18 80
14 18
18 41
18 52
18 56
18 83
18 19
18 48
18 90
18 76
18 29
18 87
18 35
18 98
18 43
12 25
25 91
25 33
25 95
25 78
25 89
25 67
25 59
4 25
25 58
25 82
25 71
25 57
25 44
25 66
14 25
25 28
25 97
25 56
25 61
10 25
25 60
25 73
25 76
25 29
25 87
25 72
25 26
18 25
25 75
22 25
25 64
40 84
40 85
12 40
40 91
40 69
33 40
9 40
16 40
40 78
24 40
40 67
39 40
37 40
23 40
40 82
40 71
40 93
40 44
40 80
40 63
40 41
40 52
8 40
40 61
19 40
40 48
40 73
40 90
29 40
40 55
40 72
26 40
38 40
18 40
31 40
40 64
3 79
3 24
3 67
3 59
3 37
3 58
3 82
3 71
3 57
3 96
3 66
3 63
3 14
3 97
3 56
3 61
3 10
3 48
3 20
3 90
3 29
3 87
3 35
3 98
3 43
3 18
3 22
3 40
46 84
12 46
46 91
33 46
9 46
16 46
46 78
24 46
11 46
39 46
4 46
23 46
46 82
46 57
46 93
45 46
46 80
46 63
41 46
46 97
46 56
46 61
19 46
46 48
46 73
46 90
46 77
46 87
46 72
46 98
38 46
31 46
22 46
46 64
46 62
46 70
46 53
3 46
84 86
85 86
12 86
86 91
21 86
6 86
69 86
33 86
9 86
86 95
16 86
79 86
78 86
24 86
11 86
59 86
4 86
23 86
58 86
57 86
86 93
86 96
45 86
14 86
28 86
52 86
56 86
83 86
19 86
48 86
73 86
86 90
29 86
86 87
72 86
26 86
43 86
75 86
22 86
65 86
40 86
46 86
49 78
24 49
49 67
39 49
4 49
23 49
49 58
49 71
49 93
49 96
49 80
49 66
28 49
49 52
49 56
49 83
19 49
49 60
20 49
49 76
49 77
49 87
35 49
26 49
43 49
18 49
31 49
49 65
40 49
49 53
36 57
36 96
36 80
14 36
36 41
36 52
36 56
36 61
10 36
36 48
36 73
36 76
36 55
36 87
36 72
36 98
18 36
36 75
22 36
36 65
36 62
36 49
36 42
36 86
3 36
36 68
30 80
30 63
30 41
30 97
8 30
30 61
10 30
30 48
30 73
30 90
29 30
30 87
30 98
30 43
30 38
18 30
30 65
30 40
30 62
30 53
30 50
30 42
30 88
30 70
30 74
30 54
30 36
30 81
5 30
17 30
84 99
85 99
12 99
91 99
21 99
6 99
69 99
33 99
9 99
95 99
16 99
79 99
78 99
24 99
67 99
39 99
37 99
58 99
71 99
57 99
93 99
45 99
80 99
14 99
28 99
97 99
56 99
61 99
10 99
60 99
20 99
76 99
77 99
55 99
72 99
26 99
43 99
18 99
22 99
65 99
40 99
46 99
50 99
42 99
3 99
70 99
30 99
17 99
11 94
59 94
37 94
23 94
58 94
71 94
57 94
44 94
80 94
66 94
14 94
94 97
8 94
83 94
10 94
60 94
20 94
76 94
77 94
55 94
35 94
94 98
38 94
18 94
31 94
64 94
62 94
46 94
42 94
86 94
3 94
68 94
74 94
17 94
5 94
34 94
47 84
47 85
12 47
47 91
21 47
6 47
33 47
9 47
47 95
16 47
47 78
24 47
47 67
47 59
4 47
47 58
47 82
27 47
44 47
45 47
47 80
47 63
28 47
47 97
8 47
47 83
10 47
47 60
47 90
47 76
29 47
47 87
47 72
26 47
43 47
47 75
31 47
47 64
40 47
46 47
47 49
42 47
47 88
47 74
30 47
82 92
71 92
44 92
92 96
66 92
63 92
28 92
52 92
56 92
61 92
10 92
48 92
73 92
76 92
77 92
55 92
72 92
92 98
43 92
75 92
22 92
65 92
40 92
46 92
50 92
42 92
88 92
68 92
74 92
25 92
12 13
13 91
13 95
13 16
13 78
13 24
11 13
13 59
13 37
13 23
13 58
13 27
13 44
13 45
13 80
13 66
13 41
13 97
8 13
13 83
10 13
13 60
13 73
13 90
13 29
13 55
13 72
13 98
13 38
13 75
13 22
13 65
13 40
13 46
13 50
3 13
13 88
13 70
13 92
13 17
7 67
7 39
4 7
7 23
7 58
7 71
7 44
7 96
7 66
7 14
7 28
7 52
7 56
7 83
7 19
7 60
7 73
7 76
7 77
7 87
7 35
7 26
7 38
7 75
7 31
7 65
7 40
7 46
7 50
7 86
7 88
7 70
7 74
7 17
7 13
1 7
7 54
7 36
7 34
7 47
5 7
7 25
13 32
5 13
2 13
13 54
13 34
51 84
12 51
51 91
33 51
51 95
16 51
51 79
24 51
11 51
39 51
37 51
23 51
51 71
27 51
51 57
44 51
51 66
14 51
41 51
51 52
51 56
51 83
10 51
48 51
51 73
51 90
29 51
51 55
35 51
51 98
43 51
18 51
31 51
51 65
40 51
51 53
50 51
3 51
51 68
51 70
30 51
17 51
13 51
12 15
15 33
9 15
15 95
15 79
15 78
15 67
15 39
4 15
15 23
15 58
15 27
15 44
15 96
15 66
14 15
15 41
15 97
8 15
15 61
10 15
15 48
15 20
15 76
15 29
15 55
15 72
15 26
15 43
15 18
15 22
15 64
15 62
15 46
15 50
15 42
15 88
15 68
15 30
15 92
1 15
15 25
2 15
15 51
15 54
15 47
0 15
15 36
25 51
0 51
36 51
2 51
51 99
51 81
13 25
34 92
32 92
47 92
36 92
81 92
54 92
47 94
47 81
47 54
34 47
47 99
2 47
0 94
94 99
1 94
81 94
36 94
1 99
36 99
32 99
5 99
0 99
36 54
0 36
32 36
5 49
1 49
32 49
49 81
49 54
3 49
49 88
25 49
49 70
49 50
0 49
49 86
42 86
0 86
74 86
17 86
34 86
3 86
81 86
25 86
54 86
68 86
46 81
32 46
46 88
0 46
3 53
3 88
3 70
3 74
3 25
3 54
3 17
2 3
40 62
40 54
0 40
1 40
40 88
25 40
25 53
25 70
17 25
25 54
25 32
5 25
0 25
18 81
18 65
2 18
0 18
18 70
18 50
1 18
18 64
18 75
42 75
32 75
75 88
22 75
31 75
17 75
62 75
5 75
34 75
75 81
54 75
17 22
17 64
17 62
17 53
17 50
17 70
0 17
1 17
2 17
5 26
26 65
26 43
26 74
26 50
2 26
26 42
26 32
38 74
31 74
22 74
65 74
62 74
53 74
50 74
68 74
74 81
1 74
2 74
32 74
0 74
34 98
64 98
22 98
81 98
68 98
38 98
31 98
62 98
0 98
31 81
64 81
62 81
68 81
1 81
34 81
5 81
54 81
32 81
1 77
35 77
0 77
43 77
62 77
54 77
32 77
31 77
65 77
64 77
72 77
38 77
50 77
22 77
35 55
35 72
35 50
35 88
35 70
35 42
35 68
2 35
5 35
31 35
35 65
35 38
32 35
35 64
22 35
42 43
31 42
42 65
42 62
42 53
42 50
34 42
2 42
32 42
1 42
5 42
31 90
55 90
34 90
87 90
5 90
29 90
0 90
64 90
50 90
29 55
1 55
55 87
55 72
38 55
32 55
31 55
55 64
55 68
5 55
43 55
53 55
43 68
31 68
22 68
64 68
62 68
53 68
50 68
68 88
0 68
32 68
1 68
2 68
20 70
20 87
20 53
20 50
20 29
20 64
20 72
20 65
20 32
20 88
20 38
0 20
20 34
65 76
65 72
38 65
31 65
65 88
1 65
5 65
0 65
50 65
54 65
1 73
5 73
31 73
62 73
43 73
22 73
2 73
73 76
54 73
54 76
54 87
54 72
43 54
38 54
22 54
53 54
54 70
34 54
60 70
38 60
31 60
60 76
60 87
22 60
50 60
60 88
2 60
1 60
60 62
50 87
43 50
31 50
50 62
50 53
2 50
5 50
19 43
10 19
19 70
19 22
19 72
19 31
19 64
19 87
1 19
62 76
62 87
62 72
43 62
22 62
62 64
5 62
32 62
34 62
2 62
48 61
34 61
53 61
1 61
61 83
22 61
31 61
10 34
34 48
29 34
34 87
34 72
34 38
22 34
34 64
34 53
34 88
34 70
1 34
2 34
5 34
5 28
28 88
28 31
28 48
28 56
28 29
28 32
8 28
22 28
56 97
56 83
22 56
56 64
56 88
0 56
53 56
43 56
1 56
83 88
10 83
2 83
5 83
0 83
70 83
38 83
43 83
76 83
32 83
64 83
72 83
83 87
2 10
2 76
2 29
2 87
2 38
2 31
2 64
2 53
2 32
2 5
0 2
52 88
52 76
52 87
43 52
0 52
52 53
5 52
52 97
64 97
8 97
1 97
38 97
31 97
72 97
32 97
10 97
70 97
48 97
29 97
8 70
70 76
29 70
70 87
43 70
22 70
64 70
53 70
70 88
0 70
5 70
41 53
22 41
0 41
41 43
41 72
10 41
41 76
41 87
38 41
8 38
10 38
38 76
0 38
38 64
38 53
32 38
22 38
38 88
5 38
63 87
48 63
63 88
31 63
5 63
14 63
10 63
14 64
8 14
14 43
14 72
14 53
0 14
14 29
14 76
14 22
1 14
5 44
0 44
44 45
29 44
44 87
10 44
8 44
45 96
45 64
0 45
22 45
45 66
1 45
45 72
31 45
45 88
1 80
1 29
1 72
1 43
1 64
1 53
1 88
1 5
1 32
66 80
48 80
29 80
32 80
0 80
31 80
5 80
32 66
8 32
10 32
32 48
32 76
31 32
32 64
32 88
0 32
76 93
43 93
10 93
53 93
8 93
72 93
66 93
48 93
88 93
87 93
31 93
8 66
8 64
8 72
5 8
8 10
8 29
8 31
8 76
8 48
8 87
31 57
48 57
57 66
43 57
57 76
57 96
22 57
22 66
22 76
22 72
5 22
22 53
31 71
71 88
53 71
71 72
29 71
27 71
0 71
27 64
5 27
27 29
27 53
27 96
27 87
27 88
27 72
10 27
10 66
10 76
10 48
10 29
10 53
82 96
0 82
82 87
76 82
48 82
43 82
76 96
66 76
72 76
53 76
76 88
43 76
0 4
4 66
4 87
4 96
4 31
4 48
4 23
23 58
23 64
5 23
23 53
23 87
0 23
23 43
23 48
23 66
43 96
43 66
43 48
43 72
43 88
31 43
59 88
39 59
29 59
59 87
59 66
31 59
39 58
39 64
5 39
37 39
39 53
39 96
39 48
0 39
39 72
37 72
58 72
66 72
48 72
0 72
48 67
0 67
67 88
67 87
29 67
66 67
31 67
66 87
29 87
87 88
0 87
11 48
11 29
11 31
11 88
11 66
0 11
29 37
29 58
29 96
29 48
29 53
29 88
5 29
66 89
48 89
31 89
0 89
88 89
48 96
48 64
0 48
24 66
24 88
0 24
24 31
37 88
58 88
88 96
64 88
5 88
66 79
78 79
31 79
0 79
58 78
64 78
5 78
37 78
53 78
78 96
31 78
0 78
66 78
16 31
16 66
0 16
31 58
31 53
0 31
31 64
0 9
9 66
66 95
58 66
64 66
53 66
0 33
95 96
37 96
58 96
64 96
53 96
5 96
0 69
37 95
37 58
37 64
5 37
37 53
6 95
0 6
58 95
64 95
5 95
53 95
0 95
21 53
0 21
53 58
53 64
0 91
5 58
0 12
58 64
0 85
0 84
