100 1485
75 94
72 94
50 75
50 72
52 75
52 72
52 94
34 75
34 72
34 52
61 94
34 61
50 61
53 75
53 72
52 53
53 61
18 94
18 34
18 50
18 53
75 86
72 86
52 86
61 86
18 86
26 75
26 72
26 52
26 61
26 94
26 50
26 34
26 53
26 86
75 85
72 85
52 85
61 85
18 85
26 85
85 86
77 94
34 77
50 77
53 77
77 85
22 75
22 72
22 52
22 61
18 22
22 26
22 86
22 77
25 75
25 72
25 52
25 61
25 26
25 86
25 94
25 34
25 50
25 53
25 85
47 75
47 72
47 52
47 61
18 47
26 47
47 86
47 77
25 47
12 94
12 50
12 34
12 53
12 85
66 75
66 72
52 66
61 66
18 66
26 66
66 86
66 77
25 66
12 66
80 94
50 80
34 80
53 80
80 85
37 75
37 72
37 52
37 61
18 37
26 37
37 86
37 77
25 37
12 37
37 80
88 94
50 88
34 88
53 88
85 88
22 88
66 88
32 72
32 52
32 86
32 77
12 32
32 88
62 94
50 62
34 62
53 62
62 85
55 72
55 86
25 55
55 80
55 62
7 94
7 34
7 50
7 53
7 85
23 26
23 86
12 23
23 80
23 62
7 23
51 75
51 72
51 52
51 61
18 51
26 51
51 86
51 77
12 51
51 80
51 62
7 51
56 75
56 72
52 56
18 56
26 56
56 86
25 56
56 80
56 62
41 72
41 52
18 41
41 86
41 77
12 41
9 62
9 94
9 34
9 50
9 53
9 85
9 96
41 96
56 96
42 62
41 42
34 42
42 51
42 94
42 50
25 83
12 83
41 83
28 94
28 34
28 50
28 53
28 47
21 72
21 52
21 26
21 86
21 25
12 21
21 62
21 28
21 34
21 42
21 94
12 95
88 95
9 95
7 95
34 95
51 95
4 75
4 72
4 52
4 61
4 18
4 26
4 86
4 77
4 25
4 80
4 9
4 41
4 56
19 25
19 80
19 41
19 28
19 51
19 94
19 50
9 15
15 28
15 34
15 19
15 23
15 94
15 37
12 38
38 88
9 38
7 38
38 51
19 38
38 94
29 75
29 72
29 52
29 61
26 29
29 86
25 29
29 80
9 29
29 41
29 34
29 51
4 29
29 94
29 38
23 76
29 76
5 76
3 5
75 99
72 99
52 99
18 99
26 99
86 99
25 99
88 99
9 99
41 99
56 99
42 99
19 99
94 99
37 99
3 99
14 37
3 14
14 83
14 96
23 60
60 95
12 87
80 87
9 87
28 87
56 87
42 87
23 87
29 87
66 87
60 87
58 75
58 72
52 58
58 61
26 58
58 86
12 58
58 80
58 62
7 58
56 58
19 58
58 94
29 58
58 87
38 58
14 58
34 57
51 57
57 94
29 57
5 57
38 57
57 83
57 96
62 73
41 73
51 73
42 73
4 73
73 94
5 73
3 73
14 73
57 73
4 31
29 31
5 31
2 25
2 80
2 62
2 7
2 56
2 42
2 4
2 95
2 37
2 87
17 25
17 88
9 17
7 17
17 34
17 19
4 17
17 94
17 37
2 17
14 17
37 98
2 98
38 98
4 48
48 95
48 87
3 48
38 48
48 98
48 58
48 85
24 34
19 24
4 24
24 29
24 37
24 38
21 24
24 57
24 58
24 48
31 68
48 68
32 71
70 75
70 72
52 70
18 70
26 70
70 77
25 70
70 80
41 70
7 70
34 70
42 70
23 70
70 94
37 70
70 87
21 70
70 99
58 70
70 71
9 63
28 63
56 63
42 63
23 63
63 95
5 63
2 63
21 63
63 98
31 63
63 85
30 52
30 86
30 77
30 88
30 62
30 41
30 34
19 30
23 30
29 30
30 87
2 30
21 30
30 99
12 90
88 90
9 90
41 90
34 90
51 90
4 90
90 94
37 90
38 90
21 90
57 90
30 90
66 90
23 46
29 46
37 46
2 46
46 83
46 98
46 90
46 48
64 75
64 72
52 64
61 64
18 64
64 86
25 64
64 80
62 64
7 64
34 64
42 64
19 64
64 94
64 87
3 64
14 64
64 99
31 64
48 64
63 64
46 64
20 75
20 72
20 52
20 61
20 26
20 86
20 25
20 80
20 62
20 41
20 56
19 20
4 20
20 95
20 37
2 20
20 83
20 21
20 90
20 48
20 64
35 75
35 72
35 52
18 35
26 35
35 86
25 35
12 35
9 35
28 35
34 35
35 42
23 35
35 95
5 35
35 38
21 35
35 57
35 58
56 67
19 67
67 94
29 67
67 87
3 67
67 83
67 98
67 90
32 67
40 90
40 67
40 63
35 40
41 92
28 92
56 92
51 92
92 94
92 95
5 92
2 92
21 92
57 92
90 92
85 92
71 92
18 84
77 84
12 84
80 84
62 84
28 84
51 84
42 84
23 84
84 94
84 87
3 84
21 84
57 84
84 90
84 85
63 84
76 84
22 84
15 84
47 84
84 96
46 84
34 39
39 42
23 39
29 39
5 39
3 39
38 39
39 98
31 39
39 85
39 63
39 84
39 76
43 63
35 43
43 76
39 43
43 55
6 64
6 35
6 92
27 52
27 86
25 27
27 80
9 27
7 27
27 51
27 42
4 27
27 95
27 87
3 27
14 27
27 99
27 90
27 85
27 68
11 72
11 52
11 26
11 86
11 25
11 80
9 11
11 41
11 56
11 19
11 23
11 94
5 11
11 38
11 21
11 98
11 90
11 67
11 71
11 84
11 17
14 78
78 99
31 78
78 85
71 78
11 78
10 23
10 95
10 37
10 38
10 21
10 57
10 90
10 85
10 71
10 76
10 24
10 78
10 92
4 44
44 94
37 44
2 44
44 83
44 99
44 90
44 85
44 63
44 84
10 44
44 92
44 55
44 47
74 75
72 74
52 74
61 74
18 74
26 74
74 86
74 77
12 74
74 88
62 74
41 74
34 74
51 74
19 74
29 74
5 74
3 74
74 83
57 74
31 74
67 74
63 74
35 74
74 76
15 74
55 74
13 58
13 67
13 71
13 35
10 13
13 15
13 55
1 75
1 72
1 52
1 18
1 26
1 86
1 25
1 88
1 9
1 7
1 34
1 19
1 4
1 95
1 37
1 38
1 14
1 57
1 58
1 67
1 68
1 35
1 24
1 27
26 79
79 86
77 79
12 79
9 79
7 79
34 79
19 79
23 79
79 95
5 79
3 79
79 83
79 98
79 90
48 79
63 79
35 79
24 79
39 79
4 59
29 59
37 59
38 59
59 83
59 99
59 90
59 67
59 64
59 84
10 59
27 59
59 79
43 59
32 59
53 59
6 59
75 97
72 97
52 97
18 97
26 97
86 97
77 97
12 97
9 97
28 97
34 97
19 97
4 97
94 97
37 97
3 97
83 97
97 99
31 97
71 97
68 97
35 97
76 97
39 97
79 97
43 97
17 97
59 97
32 97
12 36
36 80
36 41
28 36
34 36
36 42
23 36
29 36
36 87
3 36
21 36
36 99
36 58
36 71
36 63
11 36
10 36
15 36
36 79
56 91
51 91
4 91
29 91
5 91
3 91
83 91
57 91
58 91
71 91
64 91
11 91
76 91
27 91
55 91
47 91
73 91
36 91
26 69
69 86
69 77
69 88
62 69
41 69
34 69
51 69
4 69
29 69
5 69
3 69
14 69
69 98
58 69
48 69
68 69
11 69
24 69
39 69
55 69
13 69
69 91
59 69
26 33
33 86
33 77
12 33
9 33
28 33
33 56
19 33
23 33
33 94
33 37
3 33
33 83
33 98
33 58
33 48
33 68
33 35
24 33
15 33
33 70
33 43
33 74
33 73
6 33
33 44
0 33
16 87
2 16
14 16
16 99
16 31
16 85
16 64
16 35
16 24
16 39
16 70
16 43
16 91
16 33
49 72
49 52
26 49
49 86
25 49
12 49
49 62
28 49
34 49
49 51
23 49
49 95
5 49
38 49
21 49
49 99
31 49
49 85
49 63
49 84
24 49
39 49
49 55
13 49
49 74
49 73
20 49
1 49
16 49
30 49
14 54
54 99
54 90
54 85
54 68
54 84
10 54
27 54
54 70
47 54
17 54
54 73
49 54
46 54
22 54
25 93
80 93
9 93
7 93
56 93
19 93
23 93
93 95
37 93
2 93
21 93
57 93
31 93
67 93
71 93
11 93
24 93
27 93
79 93
47 93
17 93
59 93
49 93
78 93
1 93
8 34
8 51
8 23
8 29
8 87
2 8
8 38
8 21
8 99
8 67
8 64
8 76
8 24
8 39
8 27
8 47
8 74
8 59
8 97
8 69
56 81
42 81
23 81
81 94
5 81
2 81
21 81
57 81
81 90
67 81
63 81
68 81
10 81
81 92
70 81
43 81
17 81
40 81
81 97
78 81
6 81
50 81
8 81
81 96
53 81
44 81
8 93
8 53
8 16
6 8
65 94
29 65
65 87
38 65
65 83
65 99
31 65
65 85
65 71
11 65
24 65
65 92
65 70
43 65
65 91
59 65
49 65
1 65
22 65
54 65
53 65
50 65
60 65
8 65
54 93
20 93
16 93
36 93
0 54
54 60
54 96
49 66
16 69
16 44
16 96
16 36
38 89
57 89
58 89
67 89
68 89
11 89
10 89
89 92
79 89
13 89
17 89
59 89
89 97
1 89
22 89
0 89
89 96
16 89
4 82
82 95
82 87
2 82
82 83
57 82
31 82
82 85
71 82
35 82
76 82
27 82
55 82
47 82
17 82
40 82
32 82
78 82
1 82
30 82
53 82
45 75
45 72
45 52
18 45
26 45
45 86
25 45
45 80
45 62
41 45
45 51
42 45
19 45
45 94
45 87
2 45
45 83
45 57
31 45
45 48
45 64
11 45
45 76
39 45
45 55
13 45
17 45
45 73
32 45
45 46
44 45
0 45
45 50
6 45
20 45
45 82
82 89
36 82
60 89
32 33
33 60
33 53
33 69
69 78
44 69
50 69
1 69
22 69
60 91
91 96
78 91
46 91
40 91
17 36
36 59
36 97
36 46
36 44
36 50
36 66
0 97
22 97
46 97
32 79
79 96
22 79
1 79
53 79
66 79
46 79
1 13
1 17
1 40
0 1
1 22
13 53
13 74
13 60
13 20
13 46
13 17
73 74
0 74
22 74
20 74
44 74
50 74
66 74
32 44
44 66
44 60
10 27
10 53
0 10
10 20
78 92
70 78
43 78
40 78
66 78
78 96
60 78
30 78
11 27
11 66
11 32
0 11
11 55
15 27
27 53
27 30
6 27
0 27
27 60
6 70
6 43
6 32
6 46
6 30
6 96
6 66
22 43
43 50
43 66
39 70
32 39
39 40
39 60
17 39
84 92
30 84
70 84
46 92
17 92
60 92
92 96
15 92
40 92
66 92
40 70
40 47
40 46
22 40
20 40
40 73
40 50
35 67
30 67
17 67
67 85
67 73
15 67
35 64
35 73
24 35
35 60
20 35
15 20
20 70
20 46
20 22
20 30
20 60
20 66
47 64
60 64
64 66
32 64
0 64
64 96
15 46
46 53
0 46
58 90
53 90
30 63
24 30
30 55
30 47
17 30
30 73
22 30
30 53
30 66
63 70
55 63
50 63
53 63
70 76
17 70
0 70
50 70
53 71
68 71
17 71
68 76
22 68
24 68
15 68
68 73
50 68
53 68
24 55
24 32
24 66
47 48
0 48
48 50
48 60
48 55
48 66
22 48
0 98
98 99
85 98
15 98
53 98
55 98
31 98
76 98
17 98
50 98
17 58
2 31
2 60
2 47
2 53
2 22
2 85
21 31
31 47
31 85
15 31
31 96
31 73
73 76
15 73
55 73
66 73
53 73
73 96
57 58
32 57
47 57
0 58
22 58
50 58
58 60
55 58
21 87
83 87
87 96
55 87
0 87
14 60
60 99
32 60
60 96
14 32
14 66
14 99
14 47
14 22
14 55
14 21
66 99
22 99
76 99
3 83
3 32
3 50
3 96
3 76
76 83
76 85
22 76
47 76
50 76
29 37
29 83
29 55
29 85
5 38
15 38
38 55
38 66
21 38
38 83
15 83
15 47
15 55
15 96
15 50
15 22
4 19
5 19
19 37
19 47
19 96
4 94
4 55
4 32
4 95
4 85
4 53
4 83
94 95
53 95
5 95
66 95
21 95
50 95
32 95
47 95
22 95
21 50
21 53
22 28
5 28
28 83
28 32
28 66
56 83
42 83
83 85
0 83
23 42
32 42
42 47
37 42
42 96
42 85
94 96
85 96
47 96
32 96
9 41
9 66
9 37
41 94
34 41
41 50
41 53
5 41
41 47
22 41
41 85
41 56
34 56
56 94
50 56
51 56
32 56
37 56
5 56
53 56
56 66
47 56
51 94
50 51
23 51
51 66
51 55
22 51
51 53
5 51
23 94
22 23
23 66
23 50
7 55
7 37
34 55
47 55
32 62
32 37
32 47
32 50
47 88
37 88
5 88
5 37
37 85
37 50
66 80
22 80
47 80
0 66
12 22
12 47
5 47
0 47
22 25
5 25
22 34
5 22
5 77
34 85
5 26
86 94
34 86
50 86
53 86
5 86
5 18
34 53
5 53
50 53
5 61
34 94
34 50
50 52
5 52
0 50
5 72
5 75
0 5
