100 1980
5 96
5 52
10 96
10 52
5 6
6 10
55 96
52 55
6 55
10 55
47 96
47 52
10 47
5 47
47 55
74 96
52 74
6 74
10 74
47 74
5 68
55 68
68 74
42 96
42 52
6 42
10 42
42 47
42 68
81 96
52 81
10 81
5 81
55 81
74 81
42 81
94 96
52 94
6 94
10 94
47 94
68 94
81 94
10 28
28 47
5 28
28 55
28 74
2 96
2 52
2 6
2 10
2 47
2 68
2 81
2 28
28 35
5 35
35 55
35 74
35 94
46 96
46 52
6 46
10 46
46 47
46 68
46 81
28 46
35 46
10 41
41 81
35 41
5 41
41 55
41 74
2 41
16 96
16 52
6 16
10 16
16 47
16 68
16 81
16 28
16 35
16 41
60 96
52 60
6 60
10 60
47 60
60 81
28 60
35 60
41 60
5 60
55 60
60 74
60 94
2 60
16 60
42 60
46 60
83 96
52 83
6 83
10 83
47 83
68 83
81 83
28 83
35 83
41 83
60 83
96 99
52 99
6 99
10 99
47 99
81 99
41 99
60 99
5 99
55 99
74 99
46 99
2 99
42 99
94 99
16 99
95 96
52 95
6 95
10 95
47 95
68 95
81 95
28 95
35 95
41 95
60 95
95 99
5 14
14 55
14 74
2 14
14 16
14 46
14 42
14 94
14 95
4 96
4 52
4 6
4 10
4 47
4 68
4 81
4 28
4 35
4 41
4 60
4 99
4 14
33 96
33 52
6 33
10 33
33 47
33 68
33 81
28 33
33 35
33 60
14 33
5 33
33 55
33 74
33 42
2 33
16 33
33 94
33 46
12 96
12 52
6 12
10 12
12 47
12 68
12 81
12 28
12 35
12 41
12 60
12 99
12 14
12 33
33 58
5 58
55 58
58 74
2 58
58 94
16 58
42 58
46 58
58 98
59 96
52 59
6 59
10 59
47 59
59 68
59 81
28 59
41 59
59 99
14 59
5 59
59 74
55 59
16 59
2 59
42 59
59 94
46 59
59 98
70 96
6 70
10 70
70 81
41 70
60 70
33 70
59 70
28 66
60 66
66 99
5 30
30 74
30 55
30 42
2 30
30 46
30 94
16 30
31 96
31 52
6 31
10 31
31 47
31 81
28 31
31 99
31 33
30 31
31 66
10 36
36 47
36 41
36 60
14 36
36 59
36 66
5 36
36 74
36 55
9 10
9 47
9 35
9 60
9 14
9 59
9 36
5 40
40 55
40 74
38 96
38 52
10 38
38 47
35 38
38 41
33 38
30 38
38 66
38 40
38 74
0 38
38 70
6 86
10 86
28 86
41 86
33 86
58 86
59 86
36 86
62 86
0 86
70 86
5 86
43 95
0 43
43 70
43 86
20 62
5 89
20 89
26 96
26 52
6 26
10 26
26 47
26 68
26 81
26 28
26 35
26 41
26 60
26 99
26 33
26 30
26 66
26 40
26 95
26 89
5 72
9 72
35 50
50 99
14 50
30 50
50 66
50 62
50 95
50 89
50 72
50 86
7 28
7 99
7 58
7 30
7 59
7 36
7 95
7 89
7 72
7 86
7 20
5 7
7 83
7 55
57 96
52 57
6 57
10 57
47 57
57 68
57 81
28 57
35 57
41 57
57 60
57 99
14 57
57 58
57 59
57 62
57 95
0 57
57 70
18 33
18 58
18 66
18 36
18 74
18 89
18 72
5 18
28 71
60 71
14 71
58 71
66 71
62 71
71 95
0 71
70 71
18 71
7 71
65 66
40 65
65 74
65 89
65 72
18 65
7 65
8 65
22 59
22 36
22 95
0 22
5 53
10 13
13 81
13 28
13 41
13 14
13 30
13 36
13 40
13 62
0 13
13 53
13 18
13 20
8 13
10 11
11 47
11 28
11 60
11 33
11 58
11 59
11 36
11 62
11 89
11 72
11 53
11 20
8 11
11 21
73 96
52 73
6 73
10 73
47 73
73 81
28 73
35 73
41 73
60 73
33 73
59 73
66 73
40 73
73 95
73 89
53 73
73 86
20 73
59 88
62 88
88 95
0 88
70 88
53 88
86 88
22 88
32 96
32 52
6 32
10 32
32 47
32 81
32 35
32 41
14 32
32 58
32 59
32 62
32 74
0 32
32 70
18 32
32 88
8 32
11 32
10 37
37 81
35 37
37 99
33 37
37 58
37 66
36 37
37 74
0 37
37 70
37 86
7 37
37 88
32 37
37 73
10 23
23 47
23 35
23 60
23 33
23 58
23 59
23 36
23 62
23 89
23 70
18 23
7 23
23 88
11 23
23 32
23 37
4 23
79 96
52 79
6 79
10 79
47 79
79 81
41 79
60 79
33 79
30 79
59 79
40 79
74 79
0 79
70 79
18 79
79 88
8 79
22 79
78 99
58 78
59 78
62 78
74 78
78 95
53 78
18 78
78 86
8 78
11 78
32 78
31 78
77 96
52 77
6 77
10 77
47 77
68 77
77 81
28 77
35 77
60 77
33 77
58 77
66 77
62 77
77 95
77 89
72 77
53 77
7 77
8 77
11 77
77 78
10 64
64 81
41 64
64 99
14 64
59 64
64 66
40 64
64 74
64 95
64 70
53 64
20 64
38 64
11 64
64 73
50 64
24 35
24 60
24 58
24 30
24 66
24 62
24 74
24 95
24 70
18 24
7 24
24 88
22 24
24 32
24 64
29 74
29 89
29 72
29 86
7 29
29 88
22 29
29 73
29 37
29 42
82 96
52 82
6 82
10 82
47 82
68 82
81 82
28 82
35 82
41 82
60 82
82 99
33 82
58 82
59 82
62 82
82 95
82 89
72 82
18 82
20 82
38 82
22 82
78 82
37 82
29 82
91 96
52 91
6 91
10 91
47 91
68 91
81 91
28 91
35 91
91 99
14 91
30 91
36 91
40 91
74 91
0 91
70 91
86 91
20 91
38 91
22 91
73 91
37 91
82 91
65 91
96 97
52 97
10 97
81 97
41 97
97 99
33 97
30 97
59 97
40 97
74 97
0 97
70 97
86 97
20 97
38 97
11 97
78 97
64 97
29 97
91 97
69 74
0 69
69 70
53 69
7 69
69 88
22 69
69 73
37 69
4 69
69 91
69 79
57 69
34 96
34 52
6 34
10 34
34 47
34 68
34 81
28 34
34 35
34 41
34 60
34 99
33 34
34 58
34 59
34 62
34 95
0 34
34 72
18 34
7 34
8 34
22 34
32 34
34 37
29 34
34 82
34 69
74 90
89 90
72 90
86 90
20 90
8 90
11 90
32 90
37 90
4 90
79 90
69 90
92 96
52 92
10 92
81 92
28 92
92 99
33 92
30 92
59 92
40 92
74 92
89 92
72 92
18 92
20 92
38 92
22 92
32 92
64 92
29 92
91 92
22 27
27 32
27 64
4 27
27 91
26 27
25 36
25 40
25 74
0 25
25 70
18 25
25 86
25 88
25 38
25 78
25 64
25 29
25 82
25 27
21 25
12 25
39 41
39 99
33 39
30 39
39 66
39 62
39 95
39 89
39 70
39 86
20 39
8 39
32 39
39 73
39 64
37 39
39 91
27 39
39 90
10 84
47 84
41 84
60 84
84 99
58 84
36 84
40 84
62 84
84 89
72 84
53 84
20 84
38 84
22 84
32 84
73 84
29 84
82 84
27 84
21 84
84 98
2 84
46 84
7 56
38 56
22 56
56 78
37 56
4 56
56 82
56 69
56 84
12 56
9 56
56 83
10 80
28 80
35 80
60 80
14 80
58 80
36 80
62 80
74 80
80 89
72 80
53 80
20 80
80 88
22 80
73 80
64 80
4 80
80 91
27 80
80 90
12 80
39 80
34 80
44 53
18 44
7 44
38 44
22 44
32 44
44 73
29 44
44 82
21 44
44 90
12 44
9 44
44 80
5 44
19 46
72 75
18 75
75 86
75 88
22 75
75 78
64 75
75 82
75 79
69 75
21 75
36 61
40 61
61 95
0 61
61 72
18 61
61 86
61 88
22 61
32 61
37 61
4 61
61 79
61 69
21 61
61 84
61 75
61 65
48 96
48 52
10 48
48 81
28 48
48 99
33 48
30 48
36 48
40 48
48 62
0 48
48 53
48 86
7 48
48 88
38 48
48 78
48 64
4 48
48 91
48 79
21 48
48 61
48 83
48 80
46 48
19 48
49 74
49 95
49 53
49 86
20 49
8 49
11 49
49 73
37 49
29 49
49 91
27 49
21 49
49 61
39 49
34 49
49 97
19 49
76 95
0 76
70 76
76 86
7 76
76 88
22 76
32 76
37 76
76 82
76 91
69 76
21 76
61 76
39 76
34 76
76 97
2 76
51 96
51 52
6 51
10 51
47 51
51 68
51 81
28 51
41 51
51 99
14 51
51 59
36 51
40 51
51 74
51 89
51 72
51 53
20 51
38 51
11 51
51 78
51 73
51 82
51 79
51 69
51 90
51 61
39 51
51 80
46 51
2 51
51 76
43 51
51 94
44 51
51 65
51 57
51 92
51 75
24 51
25 51
51 71
14 17
17 30
17 59
17 40
17 95
0 17
17 70
17 53
7 17
17 88
11 17
17 78
17 37
17 29
17 82
17 21
17 90
17 61
9 17
17 34
17 97
17 19
3 41
3 99
3 58
3 30
3 66
3 40
3 95
0 3
3 72
3 86
3 20
3 8
3 22
3 73
3 37
3 4
3 91
3 69
3 90
3 12
3 9
3 83
3 46
2 3
3 65
15 96
15 52
6 15
10 15
15 47
15 68
15 81
15 28
15 35
15 41
15 60
15 99
15 33
15 30
15 59
15 40
15 74
15 89
15 70
15 18
15 20
15 38
15 22
15 32
15 37
4 15
15 82
15 69
15 90
15 61
9 15
15 34
15 97
2 15
3 15
15 77
15 24
41 67
60 67
33 67
30 67
66 67
40 67
67 74
0 67
67 72
53 67
20 67
38 67
11 67
67 73
64 67
4 67
67 91
67 69
67 90
12 67
9 67
67 83
67 97
19 67
3 67
15 67
56 67
10 93
28 93
35 93
93 99
14 93
58 93
66 93
36 93
74 93
89 93
70 93
86 93
20 93
8 93
11 93
73 93
37 93
29 93
91 93
79 93
90 93
12 93
83 93
80 93
93 97
2 93
76 93
43 93
44 93
67 93
10 85
81 85
35 85
60 85
85 99
58 85
66 85
40 85
85 95
85 89
70 85
18 85
7 85
38 85
11 85
73 85
64 85
29 85
85 91
69 85
84 85
12 85
83 85
34 85
5 85
46 85
3 85
49 85
85 94
85 93
23 85
26 85
85 98
87 96
52 87
6 87
10 87
47 87
68 87
81 87
28 87
35 87
41 87
60 87
87 99
58 87
59 87
36 87
62 87
74 87
0 87
70 87
53 87
20 87
8 87
38 87
78 87
73 87
4 87
87 91
27 87
84 87
12 87
39 87
34 87
5 87
2 87
3 87
43 87
56 87
50 87
23 87
65 87
75 87
54 66
40 54
54 95
54 89
54 70
53 54
54 86
8 54
22 54
32 54
54 64
29 54
54 82
27 54
54 90
12 54
9 54
54 83
54 97
19 54
49 54
43 54
54 94
44 54
48 54
26 54
24 54
54 87
54 85
1 96
1 52
1 6
1 10
1 47
1 68
1 81
1 28
1 35
1 60
1 33
1 59
1 36
1 62
1 74
0 1
1 72
1 86
1 20
1 8
1 38
1 78
1 37
1 4
1 91
1 27
1 90
1 84
1 9
1 83
1 46
1 19
1 3
1 15
1 44
1 50
1 23
1 26
1 75
1 87
1 67
1 77
1 92
1 54
1 42
1 57
31 54
54 57
54 55
63 96
6 63
10 63
47 63
35 63
41 63
33 63
58 63
63 66
40 63
63 95
63 89
63 72
53 63
63 88
8 63
38 63
32 63
63 73
4 63
63 79
63 69
21 63
61 63
39 63
63 80
63 97
46 63
63 76
15 63
63 94
50 63
48 63
51 63
63 75
63 67
63 71
31 63
63 77
57 63
42 63
54 63
55 87
87 92
31 87
67 87
85 87
42 85
25 85
31 85
13 85
77 85
17 93
57 93
65 93
25 93
93 98
13 93
23 93
48 93
75 93
48 67
26 67
67 75
25 67
42 67
45 74
45 89
45 70
18 45
45 88
38 45
11 45
32 45
45 64
29 45
45 91
45 79
21 45
12 45
39 45
45 80
45 97
2 45
45 76
15 45
44 45
45 50
45 48
26 45
24 45
45 67
45 71
13 45
25 45
17 45
42 45
45 92
55 67
15 25
15 42
15 16
15 75
15 23
15 71
15 48
3 92
3 77
3 23
3 57
3 24
3 50
3 17
3 44
17 43
17 44
17 23
17 51
17 24
17 98
17 71
17 31
16 17
17 55
17 42
13 51
56 76
26 76
31 76
43 76
76 94
13 76
55 76
49 76
75 76
25 76
49 98
16 49
48 49
49 71
42 49
13 49
43 49
31 49
49 55
49 65
49 57
48 56
42 48
48 55
48 71
48 98
48 77
48 65
61 97
61 77
16 61
61 98
43 61
2 61
57 61
31 61
46 61
75 83
75 80
46 75
19 75
44 75
23 75
42 75
75 92
57 75
75 77
19 56
19 94
19 23
19 77
19 25
19 43
19 55
19 44
43 44
44 56
44 65
31 44
44 77
44 92
80 92
26 80
57 80
80 98
71 80
50 80
31 80
56 80
24 80
43 56
56 94
56 71
56 57
56 77
25 56
50 56
16 56
55 56
43 84
65 84
55 84
84 94
83 84
71 84
9 84
39 84
23 84
13 84
34 84
2 39
39 83
39 71
13 39
34 39
39 94
39 97
25 39
39 50
5 39
39 57
25 34
5 25
23 25
24 25
13 25
16 25
25 42
25 57
2 27
9 27
27 43
27 94
12 27
27 65
16 27
27 77
23 27
24 27
27 50
27 92
90 92
12 92
9 92
46 92
2 92
43 92
92 94
65 92
71 92
77 92
57 92
55 92
9 90
16 90
50 90
31 90
42 90
77 90
57 90
34 90
34 94
23 34
34 77
2 34
24 34
34 55
34 65
34 97
34 42
42 69
46 69
69 97
13 69
55 69
69 83
5 69
21 97
13 97
77 97
50 97
43 97
94 97
5 97
55 97
91 94
43 91
2 91
31 91
57 91
5 82
31 82
82 98
16 82
82 83
55 82
26 82
71 82
13 82
21 82
29 57
2 29
29 65
29 83
29 79
29 50
29 94
24 29
21 29
24 79
21 24
12 24
9 24
24 46
24 94
24 50
24 65
16 24
24 31
13 24
24 71
12 64
16 64
64 83
4 64
64 94
64 71
43 64
64 77
64 79
21 64
4 77
77 79
9 77
65 77
77 98
16 77
55 77
43 78
9 78
78 98
12 78
5 78
73 78
26 78
71 78
4 78
13 78
78 79
57 78
16 79
42 79
46 79
79 98
12 79
9 79
50 79
23 79
5 79
31 79
71 79
21 23
9 23
5 23
23 94
23 31
13 23
23 26
16 23
9 37
37 42
37 57
31 37
37 46
37 98
13 37
32 50
2 32
32 55
32 42
32 65
32 83
32 94
32 46
5 88
88 98
46 88
42 88
4 88
38 88
73 88
2 88
43 88
55 88
11 73
21 73
16 73
2 73
26 73
5 73
65 73
55 73
21 98
21 83
5 21
12 21
21 71
13 21
21 26
2 11
11 55
11 13
11 94
11 71
11 31
11 12
11 46
9 11
11 16
4 13
13 83
2 13
13 94
13 98
13 16
13 31
13 55
53 83
12 53
20 53
22 53
16 53
2 53
31 53
9 53
18 22
8 22
22 38
22 50
22 65
4 22
22 42
22 83
22 43
65 83
5 65
2 65
57 65
26 65
55 65
16 65
8 31
8 57
8 83
5 8
8 71
8 26
8 50
8 16
4 71
5 71
2 71
50 71
71 98
57 71
16 71
18 46
18 55
2 18
16 18
4 18
18 94
18 20
18 42
18 57
7 57
38 57
5 57
2 57
57 98
7 31
7 50
7 94
7 42
7 9
7 16
4 7
7 38
12 50
2 50
43 50
26 50
42 50
16 50
50 55
31 50
55 72
46 72
42 72
26 72
26 86
20 26
26 38
4 26
12 26
26 83
5 26
26 46
26 43
26 94
26 31
26 98
26 42
31 89
89 94
0 89
89 98
12 89
5 20
2 20
12 20
20 43
20 98
20 46
4 43
9 43
43 83
43 98
43 94
38 86
31 86
83 86
86 98
12 86
9 38
12 38
38 94
38 98
5 38
9 40
40 62
2 40
16 40
40 95
40 83
40 42
9 74
9 70
4 9
9 98
9 16
9 31
9 55
9 46
2 36
36 42
36 94
16 36
36 83
36 62
36 46
36 70
4 36
12 36
36 98
5 62
55 62
62 74
31 62
62 94
0 62
46 62
16 62
4 62
62 98
2 62
31 95
5 31
2 31
16 31
30 66
4 30
30 95
5 66
66 74
55 66
42 66
46 66
16 66
66 94
2 66
12 66
66 95
0 66
66 98
66 70
4 66
70 95
0 70
5 70
70 94
4 70
70 98
59 83
12 59
5 98
46 98
94 98
55 98
16 98
58 83
58 95
12 58
4 58
0 58
12 95
4 12
12 42
12 94
12 55
5 12
33 95
33 83
4 33
0 4
4 55
4 46
14 83
0 14
5 95
55 95
16 95
42 95
2 95
83 99
74 83
0 83
42 83
16 83
5 83
46 83
0 60
5 16
16 46
41 94
41 46
41 42
46 74
0 46
5 46
42 46
2 46
35 42
2 35
0 35
2 5
28 94
28 42
74 94
42 94
42 74
5 42
5 74
55 74
0 74
0 47
0 55
5 10
0 10
0 52
0 5
0 96
