100 1980
1 20
20 98
1 65
65 98
20 26
26 65
1 87
87 98
26 87
20 73
65 73
73 87
1 66
66 98
26 66
66 73
20 79
65 79
79 87
66 79
1 67
67 98
26 67
67 73
67 79
20 67
1 2
2 98
2 26
2 73
2 79
2 20
2 65
2 87
2 66
1 61
61 98
26 61
61 73
61 79
20 61
2 61
65 84
84 87
66 84
1 30
30 98
26 30
30 73
30 79
20 30
2 30
30 84
1 25
25 98
25 26
25 73
25 79
20 25
2 25
25 84
25 65
25 87
25 66
1 10
10 98
10 26
10 73
10 79
10 20
2 10
10 84
10 25
1 17
17 98
17 26
17 73
17 20
2 17
17 84
17 65
17 87
17 66
1 53
53 98
26 53
53 73
53 79
20 53
2 53
53 84
25 53
17 53
1 8
8 98
8 26
8 73
8 79
8 20
8 84
8 17
8 65
8 87
8 66
0 8
8 53
1 42
42 98
26 42
42 73
42 79
20 42
2 42
42 84
25 42
17 42
8 42
20 63
25 63
8 63
63 65
63 87
63 66
0 63
53 63
30 63
42 63
10 63
61 63
63 67
1 60
60 98
26 60
60 73
60 79
20 60
2 60
60 84
25 60
17 60
8 60
60 63
3 65
3 87
3 66
3 67
3 30
0 3
3 61
3 53
3 42
3 10
20 36
2 36
36 84
25 36
3 36
1 16
16 73
16 20
2 16
16 84
16 17
8 16
16 65
16 87
16 66
16 53
10 16
16 42
16 67
16 61
16 30
0 16
20 62
8 62
62 63
16 62
62 65
62 87
62 66
1 46
46 98
46 79
20 46
25 46
17 46
46 63
16 46
46 61
46 62
1 93
93 98
26 93
79 93
20 93
2 93
84 93
25 93
63 93
16 93
61 93
65 93
87 93
79 95
20 95
25 95
17 95
63 95
16 95
65 95
62 95
93 95
54 87
1 85
85 98
26 85
73 85
79 85
20 85
25 85
17 85
63 85
61 85
65 85
62 85
1 24
24 73
20 24
2 24
24 84
24 25
24 63
24 61
20 89
2 89
25 89
8 89
63 89
16 89
61 89
65 89
87 89
66 89
30 89
10 89
67 89
42 89
53 89
0 89
59 89
59 65
1 88
88 98
26 88
73 88
79 88
20 88
2 88
84 88
25 88
8 88
3 88
16 88
88 89
24 88
87 88
66 88
8 91
16 91
89 91
62 91
88 91
54 91
20 75
8 75
3 75
61 75
65 75
62 75
75 88
75 93
8 51
51 61
51 65
51 62
51 88
51 75
1 81
73 81
20 81
2 81
81 84
17 81
3 81
16 81
65 81
24 81
81 88
18 79
18 20
18 25
17 18
8 18
18 61
18 65
18 62
18 24
18 54
18 87
1 45
45 98
26 45
45 73
45 79
20 45
45 84
17 45
45 63
16 45
45 65
24 45
45 93
18 45
10 45
1 57
57 98
26 57
57 79
20 57
2 57
57 84
17 57
3 57
16 57
57 89
57 62
57 88
18 57
57 81
75 82
57 82
1 21
21 98
21 26
21 79
20 21
2 21
21 84
8 21
21 63
21 61
21 89
21 24
21 88
21 54
21 81
10 21
69 88
69 75
69 81
21 69
69 90
1 38
38 98
26 38
38 79
20 38
2 38
25 38
17 38
38 63
38 61
38 65
24 38
38 88
18 38
38 81
38 57
38 90
1 94
94 98
73 94
79 94
20 94
2 94
25 94
17 94
63 94
61 94
65 94
62 94
88 94
93 94
10 94
57 94
1 29
29 98
26 29
29 73
29 79
20 29
29 84
17 29
8 29
29 61
29 89
29 62
29 93
18 29
29 81
21 29
0 29
29 51
7 61
7 62
7 24
7 54
7 81
7 10
7 29
7 94
25 32
17 32
3 32
32 61
32 65
32 62
32 88
32 93
32 81
10 32
29 32
32 94
30 32
32 60
32 53
64 89
24 64
64 88
18 64
64 75
57 64
20 58
2 58
58 84
25 58
8 58
3 58
58 61
24 58
58 93
54 58
58 75
21 58
10 56
21 56
56 58
56 94
30 56
1 23
23 98
23 26
23 73
20 23
2 23
23 84
8 23
23 63
3 23
23 89
23 65
23 88
23 93
23 75
23 57
23 58
1 55
55 79
20 55
2 55
55 84
8 55
3 55
55 61
55 65
24 55
55 88
54 55
10 55
55 57
21 55
55 90
55 82
15 89
15 62
15 88
15 54
15 75
15 21
15 58
15 55
15 30
3 78
16 78
65 78
24 78
78 93
18 78
78 81
10 78
29 78
78 94
30 78
79 86
20 86
84 86
17 86
63 86
61 86
65 86
62 86
86 93
18 86
81 86
10 86
58 86
86 94
32 86
78 86
15 86
52 93
18 52
10 52
52 57
52 58
52 90
32 52
23 52
52 86
20 33
2 33
25 33
17 33
33 63
16 33
33 65
33 62
33 88
18 33
33 75
33 57
21 33
33 90
32 33
23 33
15 33
48 75
48 57
29 48
48 55
32 48
48 78
38 48
58 99
55 99
23 99
58 77
55 77
77 94
23 77
51 77
6 63
6 16
6 65
6 24
6 88
6 93
6 75
6 10
6 58
6 55
6 94
6 77
6 15
6 33
9 65
9 62
9 93
9 18
9 75
9 21
9 29
9 94
9 32
9 78
9 48
9 86
9 33
9 85
9 99
1 40
40 98
40 79
20 40
40 84
17 40
40 63
16 40
40 65
40 62
40 88
18 40
10 40
40 57
40 58
40 55
32 40
40 78
15 40
40 51
9 40
20 34
17 34
8 34
34 61
34 89
34 65
34 93
18 34
34 81
10 34
29 34
34 94
30 34
34 78
15 34
34 86
34 69
1 92
92 98
26 92
73 92
20 92
2 92
25 92
17 92
8 92
16 92
89 92
24 92
88 92
18 92
81 92
57 92
29 92
55 92
92 94
78 92
15 92
33 92
34 92
38 92
64 92
1 71
71 98
71 79
20 71
71 84
8 71
3 71
61 71
71 89
62 71
71 93
54 71
71 81
57 71
29 71
55 71
30 71
71 78
71 86
51 71
69 71
38 71
67 71
1 19
19 73
19 20
2 19
19 84
19 25
3 19
19 61
19 89
19 62
19 93
18 19
19 81
19 57
19 58
19 90
19 32
19 78
19 77
19 51
9 19
65 74
62 74
74 93
54 74
74 75
21 74
29 74
74 90
23 74
74 78
48 74
51 74
69 74
74 91
74 99
1 27
27 98
26 27
27 73
27 79
20 27
25 27
8 27
27 63
27 61
27 65
24 27
27 93
18 27
27 75
21 27
27 58
27 94
27 30
27 78
27 48
27 51
27 69
27 74
27 67
27 82
20 47
25 47
47 63
16 47
47 65
47 62
47 93
18 47
47 75
21 47
47 58
47 90
32 47
47 77
15 47
33 47
34 47
38 47
47 64
10 43
43 57
43 58
43 94
23 43
43 78
15 43
43 51
9 43
34 43
43 64
1 22
22 98
22 73
22 79
20 22
2 22
22 84
22 25
22 63
3 22
22 89
22 62
22 88
22 93
22 81
10 22
21 22
22 90
22 32
22 23
15 22
22 86
22 69
22 38
22 64
22 43
22 71
22 85
1 44
44 98
26 44
44 73
44 79
20 44
2 44
44 84
25 44
17 44
3 44
16 44
44 89
44 65
44 88
44 54
44 81
44 57
44 58
44 94
30 44
23 44
44 48
44 51
34 44
38 44
44 67
43 44
44 47
9 14
14 34
14 64
14 82
14 71
14 95
14 92
1 11
11 98
11 26
11 73
11 20
2 11
11 25
8 11
3 11
11 16
11 65
11 24
11 88
11 18
11 81
10 11
11 21
11 90
11 23
11 78
11 77
11 33
9 11
11 38
11 67
11 19
11 46
11 14
1 28
28 98
20 28
2 28
25 28
17 28
8 28
28 61
28 89
28 62
28 93
18 28
10 28
28 57
28 29
28 55
28 32
28 77
15 28
28 86
9 28
28 38
28 64
28 43
28 46
28 85
1 76
76 98
26 76
73 76
76 79
20 76
2 76
76 84
25 76
17 76
8 76
63 76
3 76
16 76
65 76
62 76
24 76
54 76
76 81
10 76
29 76
55 76
30 76
76 77
15 76
33 76
69 76
38 76
64 76
76 82
71 76
28 76
27 76
50 88
50 54
50 75
10 50
29 50
50 90
32 50
23 50
15 50
50 51
9 50
38 50
50 82
43 50
46 50
50 85
27 50
50 76
37 93
18 37
10 37
37 57
37 58
37 55
30 37
37 77
37 86
37 51
33 37
34 37
37 67
19 37
37 46
14 37
37 44
37 87
75 80
21 80
58 80
80 90
30 80
77 80
48 80
51 80
34 80
38 80
80 82
19 80
71 80
80 85
28 80
80 87
39 75
39 57
39 58
39 55
30 39
23 39
39 48
39 86
34 39
38 39
39 64
39 43
39 46
14 39
39 44
39 80
36 39
1 4
4 98
4 26
4 73
4 79
4 20
2 4
4 84
4 25
4 17
4 63
4 61
4 65
4 24
4 93
4 54
4 75
4 21
4 29
4 55
4 94
4 78
4 15
4 33
4 9
4 34
4 67
4 19
4 71
4 14
4 27
4 76
4 80
1 35
35 98
35 73
35 79
20 35
2 35
25 35
17 35
8 35
35 61
35 89
35 62
24 35
18 35
35 81
35 57
29 35
35 94
32 35
23 35
15 35
35 86
34 35
35 74
35 67
35 82
35 46
35 85
28 35
35 76
35 36
35 99
29 41
41 94
30 41
23 41
41 48
41 51
41 69
38 41
41 67
41 43
41 71
14 41
41 44
41 87
37 41
35 41
41 56
41 53
41 99
1 96
96 98
26 96
79 96
20 96
2 96
84 96
17 96
63 96
16 96
65 96
24 96
93 96
54 96
10 96
57 96
58 96
94 96
30 96
23 96
48 96
86 96
69 96
38 96
82 96
19 96
71 96
47 96
28 96
87 96
36 96
45 96
66 96
91 96
96 99
12 20
12 17
8 12
12 61
12 89
12 65
12 88
12 54
10 12
12 21
12 29
12 55
12 30
12 77
12 48
12 86
12 69
12 74
12 67
12 43
12 46
12 85
12 44
12 87
12 37
4 12
12 56
12 91
31 79
20 31
25 31
8 31
3 31
16 31
31 65
24 31
31 88
31 54
31 75
21 31
29 31
31 55
30 31
31 78
31 77
31 33
31 34
31 74
31 64
19 31
31 71
14 31
27 31
31 76
31 36
4 31
31 56
13 31
31 50
31 39
31 99
31 42
3 72
16 72
72 89
65 72
24 72
54 72
10 72
57 72
72 90
55 72
30 72
72 77
48 72
51 72
69 72
72 74
64 72
43 72
46 72
14 72
44 72
72 80
36 72
35 72
66 72
72 91
31 72
12 72
1 5
5 98
5 79
5 20
5 84
5 8
5 63
5 16
5 89
5 24
5 88
5 54
5 81
5 21
5 29
5 90
5 32
5 77
5 15
5 86
5 33
5 74
5 82
5 19
5 46
5 14
5 28
5 87
5 37
5 45
5 66
5 91
5 99
5 96
5 59
5 7
5 39
5 40
5 72
5 42
0 5
1 97
20 97
84 97
17 97
63 97
61 97
89 97
65 97
93 97
18 97
75 97
10 97
58 97
94 97
30 97
78 97
77 97
86 97
33 97
38 97
82 97
43 97
46 97
14 97
27 97
76 97
37 97
35 97
66 97
53 97
31 97
60 97
5 97
41 97
7 97
24 70
18 70
70 81
57 70
29 70
55 70
30 70
70 78
48 70
70 86
69 70
70 74
67 70
19 70
46 70
28 70
44 70
70 80
36 70
35 70
66 70
53 70
70 99
12 70
11 70
41 70
50 70
24 68
18 68
68 81
57 68
29 68
55 68
30 68
68 77
15 68
51 68
9 68
38 68
68 82
19 68
47 68
14 68
28 68
68 76
36 68
35 68
56 68
53 68
68 99
68 96
11 68
22 68
68 70
68 72
52 68
39 68
42 68
0 68
42 70
40 70
6 70
70 97
0 97
52 97
95 97
59 97
41 72
50 72
72 95
59 72
75 83
10 83
21 83
83 90
32 83
77 83
83 86
51 83
9 83
34 83
82 83
43 83
71 83
83 85
44 83
83 87
37 83
35 83
13 83
83 91
83 99
60 83
11 83
41 83
50 83
72 83
42 83
6 83
83 92
39 83
72 92
31 60
12 31
6 31
31 52
12 52
0 12
12 40
12 96
12 22
3 49
16 49
49 65
24 49
49 93
18 49
49 75
49 57
29 49
49 90
32 49
23 49
48 49
49 51
9 49
49 74
49 64
43 49
49 71
49 85
44 49
49 87
49 80
45 49
13 49
49 53
49 91
12 49
22 49
41 49
7 49
0 49
6 49
39 49
49 59
49 50
12 59
11 96
95 96
41 96
6 96
7 96
92 96
11 41
41 52
41 92
35 52
35 66
4 35
35 56
35 59
13 35
4 53
4 39
4 7
4 22
4 92
4 6
4 95
4 91
4 40
4 60
39 45
39 53
39 60
39 50
0 39
39 52
39 92
40 80
66 80
7 80
60 80
52 80
53 80
37 80
11 80
56 80
37 99
7 37
37 66
6 37
37 50
13 37
37 95
0 37
45 50
50 66
13 50
50 60
22 50
50 95
50 59
45 76
22 76
59 76
42 76
56 76
52 76
76 99
53 76
0 76
28 56
28 59
28 66
28 95
28 44
28 99
6 28
13 28
11 28
11 87
11 45
11 66
11 53
11 99
11 95
6 11
11 92
11 22
6 14
14 42
14 44
7 14
14 66
44 52
27 44
40 44
22 44
44 53
36 44
44 60
22 36
22 56
13 22
22 91
22 52
22 95
22 42
22 40
43 91
43 66
43 87
36 43
43 47
40 43
43 53
43 95
47 71
6 47
47 60
47 56
27 47
47 91
13 47
47 99
47 95
47 66
0 47
47 87
45 47
47 85
47 53
27 85
0 27
27 42
27 56
27 92
27 45
27 87
27 91
27 59
7 27
27 60
7 74
56 74
67 74
45 74
74 82
53 74
66 74
19 74
59 74
36 74
0 74
19 67
19 82
19 99
7 19
19 71
6 19
13 19
19 42
19 56
19 46
19 85
60 71
71 92
40 71
36 71
45 71
53 71
42 71
46 92
87 92
36 92
66 92
13 92
60 92
7 92
40 92
52 92
34 46
34 52
34 60
6 34
34 87
34 36
34 40
34 95
34 85
40 64
40 85
36 40
40 45
40 91
40 99
7 40
40 42
0 40
40 52
9 60
9 38
9 69
9 13
6 9
9 66
9 91
9 53
6 67
6 87
6 56
6 13
6 7
6 42
6 95
6 59
77 82
66 77
59 77
77 85
77 99
38 77
46 77
77 95
48 99
51 99
64 99
85 99
45 99
53 99
0 99
48 67
48 69
48 91
42 48
48 59
48 51
45 48
48 82
36 48
13 48
13 33
13 38
13 67
13 85
13 87
13 56
13 91
13 95
7 13
13 42
33 91
33 52
33 60
33 64
0 33
33 59
33 85
33 82
33 69
33 87
33 36
38 52
52 67
52 82
46 52
52 85
52 56
52 53
7 52
85 86
86 95
51 86
53 86
56 86
67 86
66 86
46 86
42 78
78 95
78 87
78 91
60 78
46 78
45 78
53 78
15 78
15 53
0 15
15 64
15 87
15 66
7 15
15 56
15 60
55 60
55 59
45 55
55 69
46 55
55 95
23 55
23 94
23 59
23 51
23 87
23 69
0 23
23 56
23 64
23 36
7 23
23 67
56 69
56 64
45 56
53 56
56 95
0 56
46 58
53 58
58 59
45 58
58 87
58 85
42 58
58 60
58 64
64 94
32 64
64 69
38 64
53 64
42 64
64 66
45 64
64 95
64 67
32 67
32 91
0 32
32 36
7 32
32 85
32 42
7 51
7 69
7 67
7 46
7 45
7 60
0 7
29 30
29 66
29 95
29 67
29 94
90 94
87 94
30 94
38 94
42 94
0 94
94 95
30 38
38 51
38 42
38 46
0 38
85 90
66 90
90 91
51 90
36 90
67 90
53 90
30 69
69 95
59 69
0 69
67 69
45 69
69 82
42 69
21 51
21 60
21 59
21 95
0 21
21 87
21 36
21 82
21 91
30 82
67 82
46 82
82 85
60 82
45 82
59 82
0 82
53 57
57 85
30 57
36 57
45 57
30 45
45 51
36 45
0 45
42 45
45 66
18 46
10 18
18 53
18 81
0 18
81 95
59 81
0 81
60 81
42 81
67 81
81 87
51 81
66 81
51 87
36 51
42 51
66 75
75 87
75 91
46 75
30 75
36 75
53 75
75 85
10 91
67 91
85 91
87 91
36 91
53 91
60 91
59 91
10 88
36 88
59 88
0 88
42 88
54 59
59 67
46 59
36 59
59 66
59 60
0 59
59 95
60 89
36 89
24 89
24 65
24 87
24 66
24 42
24 60
24 85
24 53
24 67
54 85
46 85
60 85
36 85
36 54
42 54
30 54
54 95
54 60
87 95
60 95
42 95
30 93
66 93
46 93
60 93
67 93
10 46
30 46
0 46
46 87
53 62
62 67
0 62
30 62
36 62
10 62
16 36
36 87
36 42
3 60
60 61
60 66
42 60
42 61
42 65
10 42
42 66
8 10
8 61
8 67
8 30
53 61
53 65
0 53
0 17
10 17
17 30
17 67
17 61
10 61
10 65
10 66
10 67
25 61
25 67
25 30
0 25
30 61
30 65
30 66
0 84
67 84
61 84
61 65
61 87
61 66
61 67
0 61
2 67
0 2
65 67
67 87
0 79
20 66
65 66
0 73
20 87
65 87
0 26
20 65
0 65
0 98
0 20
0 1
