100 990
8 80
8 66
26 80
26 66
26 33
8 49
26 49
24 80
24 66
24 33
24 49
7 8
5 80
5 66
5 33
5 49
5 7
2 80
2 66
2 33
2 49
2 7
2 8
2 26
2 24
2 5
13 80
13 66
13 33
13 49
7 13
2 13
8 93
5 93
26 93
24 93
13 93
44 80
44 66
33 44
44 49
7 44
2 44
44 93
13 44
5 44
12 33
2 12
12 13
8 12
12 26
12 24
49 53
2 53
5 53
12 53
5 74
5 25
8 25
25 26
24 25
1 80
1 2
1 13
1 25
1 69
45 80
45 66
33 45
45 49
7 45
2 45
13 45
8 62
26 62
24 62
72 80
66 72
7 72
2 72
13 72
62 72
8 90
24 90
26 90
80 84
66 84
33 84
49 84
7 84
2 84
13 84
12 84
84 90
90 97
91 97
45 97
28 69
28 91
28 45
8 28
24 28
51 80
33 51
7 51
2 51
13 51
12 51
51 90
61 93
25 61
61 90
61 74
8 61
53 61
80 82
66 82
33 82
2 82
5 82
12 82
74 82
61 82
82 84
13 36
36 62
36 74
13 77
12 77
8 77
59 80
59 66
7 59
59 93
5 59
12 59
59 77
59 61
13 94
62 94
90 94
91 94
45 94
13 95
12 95
90 95
61 95
94 95
58 59
5 22
22 62
22 69
22 73
22 94
22 58
22 26
41 93
25 41
41 69
41 91
63 77
63 73
45 63
56 63
56 58
45 47
28 47
26 47
33 50
2 50
50 93
25 50
50 90
50 91
45 50
24 50
47 50
41 50
13 43
12 43
43 77
43 45
43 94
36 43
26 43
75 80
33 75
7 75
75 93
13 75
62 75
75 77
73 75
75 84
28 75
47 75
35 75
29 80
29 66
29 33
29 93
5 29
25 29
29 77
29 73
29 94
8 29
29 81
29 75
29 43
27 80
27 66
27 33
27 49
7 27
2 27
13 27
12 27
27 69
27 73
27 84
8 27
80 92
33 92
7 92
2 92
13 92
12 92
69 92
91 92
84 92
8 92
81 92
41 92
27 92
17 33
2 17
5 17
12 17
17 69
17 73
17 63
17 36
17 92
17 35
16 26
52 80
52 66
33 52
7 52
5 52
25 52
52 69
52 74
52 63
24 52
52 92
45 98
24 98
58 98
38 63
8 38
38 98
38 75
31 98
5 10
10 12
10 77
10 61
10 94
10 24
10 98
10 41
49 85
2 85
5 85
25 85
77 85
61 85
45 85
24 85
47 85
10 85
16 85
82 85
31 55
55 82
0 55
70 77
70 74
63 70
8 70
70 92
10 70
70 75
27 70
55 70
5 87
25 87
74 87
61 87
63 87
8 87
81 87
41 87
40 80
33 40
7 40
2 40
5 40
40 62
40 69
40 61
40 84
40 58
40 47
40 52
32 74
32 61
32 63
32 58
32 47
32 41
32 40
27 32
67 77
67 73
28 67
36 67
47 67
41 67
67 82
5 23
23 62
23 69
23 61
23 84
23 36
23 26
23 35
23 75
20 84
20 28
20 92
20 75
20 31
49 79
2 79
5 79
25 79
69 79
73 79
79 84
8 79
26 79
79 98
31 79
79 95
80 96
33 96
49 96
93 96
5 96
62 96
90 96
91 96
63 96
36 96
58 96
35 96
43 96
79 96
3 84
3 24
3 81
3 10
3 75
3 20
3 72
9 84
8 9
9 26
9 98
9 31
9 97
3 9
30 80
30 66
30 33
2 30
5 30
25 30
30 77
30 91
28 30
8 30
30 98
30 35
30 43
30 82
30 55
4 74
4 91
4 28
4 8
4 81
4 52
4 16
4 97
68 93
25 68
68 69
68 73
68 84
24 68
47 68
41 68
40 68
68 97
1 68
4 68
56 68
5 15
15 62
15 77
15 74
15 94
15 36
15 47
15 52
15 40
15 27
15 68
14 92
10 14
14 31
14 79
14 67
14 30
14 50
14 15
54 90
54 73
54 63
24 54
26 54
52 54
43 54
20 54
54 67
14 54
54 95
71 94
24 71
47 71
41 71
16 71
27 71
3 71
45 48
36 48
48 58
10 48
16 48
48 97
48 67
48 87
1 48
43 86
82 86
23 86
48 86
32 86
50 86
51 86
6 7
2 6
6 93
6 62
6 77
6 74
6 63
6 8
6 92
6 98
6 16
6 82
6 23
6 14
69 78
61 78
78 84
24 78
78 81
75 78
40 78
20 78
3 78
57 84
28 57
57 81
52 57
57 82
27 57
55 57
30 57
44 57
53 57
57 78
46 92
46 52
40 46
20 46
46 68
46 57
46 95
62 99
73 99
28 99
58 99
26 99
10 99
43 99
79 99
55 99
87 99
32 99
50 99
33 34
34 93
13 34
12 34
34 77
34 74
34 94
34 36
34 47
34 35
34 75
27 34
34 67
34 57
15 34
34 99
34 51
4 34
34 38
0 34
5 11
11 25
11 62
11 73
11 28
11 24
11 81
11 41
11 40
11 79
3 11
11 14
11 95
11 99
11 17
80 89
66 89
49 89
2 89
89 93
12 89
74 89
73 89
63 89
36 89
26 89
41 89
82 89
79 89
3 89
30 89
89 95
42 92
42 98
16 42
20 42
23 42
14 42
32 42
42 89
42 56
22 42
9 42
29 42
42 72
63 83
58 83
83 92
35 83
16 83
83 97
68 83
48 83
78 83
42 83
9 83
22 83
72 83
59 83
64 84
8 64
47 64
35 64
31 64
64 82
23 64
48 64
64 88
15 64
51 64
4 64
64 83
29 64
64 86
64 96
21 49
2 21
13 21
21 25
21 77
21 91
21 45
8 21
21 81
21 41
21 43
21 79
21 23
21 57
21 88
15 21
17 21
21 46
21 83
21 85
21 56
11 21
1 89
4 89
31 37
37 97
37 55
30 37
15 37
37 71
9 37
37 89
13 18
12 18
18 90
18 61
18 45
18 36
18 26
10 18
18 40
18 97
18 55
18 57
18 95
18 50
18 51
18 46
18 37
65 90
65 91
45 65
24 65
65 81
35 65
65 75
65 97
65 67
65 87
44 65
65 71
51 65
46 65
37 65
16 39
39 79
39 55
39 87
32 39
60 84
36 60
60 92
10 60
40 60
60 97
55 60
57 60
60 95
60 96
53 60
60 85
39 60
1 60
46 60
56 60
19 90
19 74
19 63
19 24
19 58
19 52
16 19
19 23
19 68
19 87
19 32
19 71
6 19
19 39
19 51
4 19
19 22
0 19
6 39
38 39
39 65
34 39
39 56
18 65
65 70
13 76
25 76
74 76
61 76
76 94
28 76
26 76
35 76
31 76
27 76
68 76
48 76
76 95
15 76
17 76
76 89
37 76
59 76
70 76
18 76
18 70
0 37
0 89
11 89
11 72
11 59
11 34
46 99
71 99
0 99
59 99
1 46
46 96
78 85
38 78
71 78
78 88
0 78
50 78
59 78
22 88
4 88
9 88
6 88
15 88
6 50
6 86
6 85
6 38
6 29
72 86
85 86
86 96
48 95
48 71
48 56
54 71
38 71
17 71
9 54
22 54
54 72
54 56
0 54
29 54
14 32
14 22
15 56
15 29
51 68
38 68
4 30
4 50
4 70
4 56
30 96
30 51
9 30
29 30
9 72
1 9
9 53
3 67
3 96
3 59
3 50
44 96
1 96
53 96
0 96
22 79
20 79
59 79
20 44
20 72
20 53
20 23
1 20
23 67
23 53
23 95
23 44
32 67
22 67
17 67
29 67
32 38
32 72
32 44
22 40
40 95
40 87
1 40
27 87
17 87
72 87
0 87
59 87
70 87
44 70
50 70
17 70
53 70
55 85
44 85
17 85
38 85
56 85
10 82
10 97
10 56
10 31
16 31
31 44
31 38
31 82
38 97
1 38
38 53
51 98
95 98
44 98
1 98
52 98
51 52
52 95
52 53
52 72
16 52
16 97
16 17
17 97
17 44
17 59
59 92
27 35
27 43
27 56
27 50
27 29
1 29
29 53
29 59
59 75
0 75
72 75
35 43
43 53
43 51
43 50
43 56
50 51
47 97
47 56
1 63
41 63
8 41
0 41
22 41
41 59
22 59
22 72
22 53
58 95
1 58
53 58
53 95
81 94
26 94
36 94
84 94
59 94
72 94
26 77
73 77
24 77
73 81
36 73
24 73
45 73
28 36
26 36
36 72
36 82
81 82
0 82
51 82
51 61
44 61
28 51
24 51
44 51
28 97
8 91
26 91
84 91
72 90
74 90
44 90
72 74
72 81
45 62
45 69
1 45
44 45
45 53
1 26
1 44
25 69
25 74
8 74
53 74
26 53
12 44
24 44
44 81
69 93
8 13
13 24
5 13
13 26
5 8
5 24
5 26
5 69
7 26
7 24
24 69
26 69
33 66
8 33
8 69
8 81
33 80
33 69
69 81
0 81
