100 2475
68 72
19 68
19 72
34 68
19 34
11 72
11 34
68 70
19 70
11 70
17 68
17 19
11 17
17 72
17 34
17 70
66 68
19 66
11 66
17 66
26 68
19 26
11 26
17 26
26 72
26 34
26 66
26 70
68 71
19 71
11 71
17 71
26 71
18 72
18 34
18 70
18 66
60 68
19 60
11 60
17 60
26 60
18 60
72 95
34 95
70 95
66 95
71 95
1 68
1 19
1 11
1 17
1 26
1 18
1 95
68 80
19 80
11 80
17 80
26 80
18 80
80 95
72 80
34 80
70 80
66 80
42 68
19 42
11 42
17 42
26 42
18 42
42 95
42 80
68 86
19 86
11 86
17 86
26 86
18 86
86 95
80 86
72 86
34 86
66 86
70 86
1 86
42 86
71 86
60 86
68 85
19 85
11 85
17 85
26 85
18 85
85 95
80 85
85 86
58 68
19 58
11 58
17 58
26 58
18 58
58 95
58 80
58 86
58 72
34 58
58 66
58 70
42 58
58 71
1 58
58 60
48 68
19 48
11 48
17 48
26 48
18 48
48 95
48 80
48 86
48 58
24 72
24 34
24 70
24 66
24 42
24 71
24 60
1 24
68 75
19 75
11 75
17 75
26 75
18 75
75 95
75 80
75 86
58 75
24 75
41 72
34 41
41 70
41 66
41 71
41 60
1 41
41 42
54 68
19 54
11 54
17 54
26 54
18 54
54 95
54 80
54 86
54 58
24 54
41 54
64 68
19 64
11 64
17 64
26 64
18 64
64 95
64 80
64 86
24 64
41 64
64 72
34 64
64 70
64 66
60 64
1 64
42 64
64 71
48 64
54 64
64 85
64 75
68 89
19 89
11 89
17 89
26 89
18 89
89 95
80 89
86 89
58 89
24 89
41 89
64 89
34 89
49 68
19 49
11 49
17 49
26 49
18 49
49 95
49 80
49 86
49 58
24 49
41 49
49 64
34 49
49 72
49 66
49 70
1 49
42 49
49 71
49 60
49 85
48 49
49 54
49 75
9 68
9 19
9 11
9 17
9 26
9 18
9 95
9 80
9 86
9 58
9 24
9 41
9 64
9 34
9 49
33 68
19 33
11 33
17 33
26 33
33 80
33 86
33 58
33 64
33 34
33 49
33 72
33 66
33 70
1 33
33 71
33 42
33 60
33 85
33 75
33 48
33 54
9 33
33 89
19 98
26 98
80 98
58 98
34 98
49 98
33 98
72 76
66 76
70 76
1 76
42 76
71 76
60 76
76 85
75 76
54 76
48 76
76 89
9 76
41 65
34 65
49 65
65 76
37 64
34 37
33 37
37 70
37 72
37 66
37 60
37 71
37 42
1 37
37 54
37 75
37 48
37 85
5 19
5 17
5 86
5 58
5 24
5 34
5 49
5 70
5 37
68 93
19 93
11 93
17 93
26 93
18 93
93 95
80 93
86 93
58 93
24 93
41 93
64 93
34 93
49 93
76 93
70 93
72 93
66 93
42 93
71 93
60 93
1 93
48 93
85 93
75 93
54 93
32 80
24 32
32 41
32 34
32 49
68 91
19 91
11 91
17 91
26 91
18 91
91 95
80 91
86 91
58 91
24 91
34 91
49 91
72 91
70 91
66 91
42 91
60 91
71 91
1 91
75 91
85 91
54 91
48 91
19 23
17 23
23 26
18 23
23 80
23 58
23 64
23 34
23 33
23 91
23 70
23 32
68 73
19 73
11 73
17 73
26 73
18 73
73 95
73 80
73 86
24 73
41 73
34 73
49 73
73 91
70 73
73 93
72 73
66 73
42 73
1 73
60 73
71 73
54 73
73 75
48 73
73 85
34 38
38 70
37 38
32 38
38 73
25 80
24 25
25 41
25 34
25 49
25 91
25 70
25 93
19 59
17 59
26 59
18 59
59 86
24 59
34 59
49 59
33 59
59 91
37 59
59 93
59 72
59 66
42 59
59 60
1 59
59 71
59 85
59 75
48 59
54 59
19 29
29 58
29 41
29 34
29 49
29 91
29 70
29 93
29 59
23 29
29 48
29 89
19 43
11 43
17 43
18 43
43 86
43 58
41 43
34 43
43 49
33 43
37 43
32 43
43 59
23 43
43 48
43 89
34 61
61 70
37 61
32 61
59 61
25 61
68 74
19 74
11 74
17 74
26 74
18 74
74 95
74 80
74 86
58 74
24 74
41 74
64 74
34 74
33 74
74 91
70 74
32 74
59 74
25 74
33 97
70 97
37 97
32 97
59 97
23 97
48 97
72 97
66 97
71 97
42 97
60 97
1 97
51 68
19 51
11 51
17 51
26 51
51 80
51 86
51 58
51 64
34 51
49 51
51 91
51 70
51 93
51 73
48 51
51 97
51 74
46 68
19 46
11 46
17 46
26 46
18 46
46 80
46 58
41 46
34 46
33 46
46 91
46 70
32 46
46 59
23 46
46 97
46 89
46 61
46 72
46 66
12 86
12 58
12 64
12 34
12 49
12 76
12 70
12 93
12 32
12 23
12 97
12 74
12 46
12 38
22 68
19 22
11 22
17 22
22 26
18 22
22 86
22 24
22 64
22 34
22 33
22 91
22 70
22 93
22 59
22 25
22 74
22 89
22 43
34 40
40 91
40 70
40 93
40 73
40 48
40 97
40 89
40 61
38 40
40 72
40 66
59 82
23 82
82 97
74 82
43 82
40 82
22 82
31 68
19 31
11 31
17 31
26 31
18 31
31 95
31 80
31 86
31 58
31 64
31 34
31 49
31 91
31 70
31 37
31 73
25 31
31 48
31 74
31 46
31 40
31 72
31 66
68 87
19 87
11 87
17 87
26 87
18 87
87 95
80 87
86 87
58 87
41 87
34 87
49 87
76 87
37 87
87 93
73 87
25 87
48 87
87 89
61 87
40 87
31 87
47 68
19 47
11 47
17 47
26 47
18 47
47 95
47 80
47 86
47 58
41 47
34 47
47 49
47 91
47 70
32 47
47 59
23 47
47 48
47 74
43 47
38 47
40 47
47 72
47 66
10 68
10 19
10 11
10 17
10 26
10 18
10 95
10 80
10 86
10 24
10 64
10 34
10 33
10 91
10 37
10 32
10 73
10 25
10 97
10 74
10 43
10 38
10 40
10 47
59 78
25 78
48 78
78 89
61 78
38 78
40 78
47 78
72 78
66 78
86 96
58 96
64 96
34 96
33 96
70 96
37 96
93 96
59 96
25 96
74 96
89 96
61 96
38 96
31 96
47 96
78 96
4 68
4 19
4 11
4 17
4 26
4 80
4 86
4 58
4 64
4 34
4 33
4 70
4 37
4 32
4 73
4 25
4 97
4 89
4 61
4 40
4 22
4 9
30 37
30 32
30 73
25 30
30 74
30 89
30 46
30 38
30 31
30 47
30 72
30 66
7 70
7 37
7 59
7 23
7 97
7 89
7 43
7 38
7 22
7 31
7 30
4 7
15 68
15 19
11 15
15 17
15 26
15 18
15 95
15 80
15 86
15 58
15 24
15 41
15 64
15 34
15 33
15 91
15 37
15 32
15 23
15 25
15 48
15 74
15 61
15 46
15 22
15 47
15 30
55 68
19 55
11 55
17 55
26 55
18 55
55 95
55 80
55 86
24 55
55 64
34 55
49 55
55 76
55 70
55 93
32 55
23 55
55 97
55 89
55 61
38 55
40 55
9 55
30 55
55 72
55 66
29 55
57 80
57 58
41 57
34 57
33 57
57 91
57 70
32 57
57 59
25 57
48 57
57 61
43 57
38 57
22 57
47 57
30 57
55 57
15 57
19 21
21 26
21 86
21 58
21 64
21 34
21 49
21 70
21 37
21 32
21 73
21 25
21 97
21 89
21 46
21 38
21 31
9 21
21 78
21 55
21 72
21 66
28 37
28 32
28 73
25 28
28 74
28 61
28 46
28 38
28 31
9 28
28 78
4 28
15 28
21 28
43 56
46 56
22 56
47 56
30 56
4 56
56 72
21 56
56 66
41 77
34 77
33 77
70 77
37 77
77 93
73 77
23 77
48 77
77 89
43 77
40 77
22 77
9 77
30 77
55 77
72 77
56 77
36 49
36 91
36 70
32 36
36 73
23 36
36 97
36 89
36 43
36 40
31 36
9 36
36 78
4 36
15 36
36 56
19 90
24 90
64 90
34 90
33 90
70 90
37 90
90 93
73 90
23 90
48 90
89 90
43 90
38 90
22 90
47 90
9 90
55 90
15 90
21 90
36 90
7 90
19 69
17 69
69 86
58 69
41 69
34 69
33 69
69 91
69 70
69 93
59 69
23 69
48 69
69 89
43 69
40 69
31 69
9 69
69 78
4 69
69 72
21 69
69 96
60 69
69 82
6 73
6 48
6 74
6 61
6 46
6 38
6 31
6 47
6 30
6 78
6 72
6 15
6 96
6 7
6 69
31 67
47 67
67 78
4 67
67 72
56 67
36 67
7 67
60 67
62 68
19 62
17 62
26 62
62 86
58 62
62 64
34 62
49 62
62 91
37 62
32 62
62 73
25 62
48 62
62 89
61 62
38 62
22 62
31 62
9 62
62 78
62 72
21 62
62 96
36 62
19 79
17 79
26 79
18 79
79 80
24 79
64 79
34 79
33 79
70 79
37 79
79 93
73 79
25 79
79 97
79 89
43 79
46 79
22 79
47 79
30 79
55 79
15 79
21 79
36 79
7 79
22 83
9 83
30 83
4 83
72 83
56 83
36 83
60 83
79 83
67 83
57 83
27 68
19 27
11 27
17 27
26 27
18 27
27 95
27 80
27 86
27 58
24 27
27 41
27 64
27 34
27 49
27 70
27 37
27 93
27 73
23 27
27 97
27 74
27 61
27 38
22 27
27 47
27 30
27 55
27 72
15 27
27 36
27 60
27 79
27 69
52 80
52 58
41 52
34 52
49 52
52 91
52 70
52 93
52 59
25 52
52 97
52 61
43 52
46 52
22 52
47 52
30 52
52 55
52 72
21 52
52 96
52 60
52 79
52 69
52 87
45 68
19 45
11 45
17 45
26 45
18 45
45 80
45 58
45 64
34 45
33 45
45 91
45 70
32 45
45 73
23 45
45 48
45 74
43 45
45 46
31 45
9 45
30 45
45 55
15 45
21 45
45 56
45 60
45 69
45 52
45 57
29 45
45 71
2 68
2 19
2 11
2 17
2 26
2 18
2 95
2 80
2 86
2 58
2 24
2 41
2 64
2 34
2 33
2 91
2 70
2 32
2 59
2 48
2 97
2 74
2 46
2 38
2 31
2 47
2 30
2 55
2 15
2 56
2 96
2 60
2 79
2 69
2 52
2 29
2 28
81 97
74 81
43 81
38 81
22 81
9 81
30 81
55 81
72 81
56 81
81 96
7 81
69 81
67 81
42 81
27 81
29 81
2 81
45 81
68 92
19 92
11 92
17 92
26 92
18 92
92 95
80 92
86 92
58 92
64 92
34 92
33 92
76 92
37 92
92 93
59 92
23 92
92 97
74 92
61 92
46 92
31 92
47 92
78 92
4 92
72 92
21 92
56 92
36 92
60 92
67 92
52 92
29 92
71 92
54 92
45 92
83 92
68 94
19 94
11 94
17 94
26 94
18 94
94 95
80 94
86 94
58 94
64 94
34 94
33 94
91 94
37 94
32 94
59 94
23 94
94 97
61 94
46 94
40 94
22 94
9 94
30 94
55 94
72 94
21 94
56 94
7 94
60 94
67 94
42 94
27 94
71 94
2 94
54 94
92 94
62 94
44 68
19 44
17 44
26 44
44 80
44 86
41 44
34 44
33 44
44 91
44 70
44 93
44 59
25 44
44 97
44 89
44 46
38 44
31 44
9 44
44 78
4 44
44 72
15 44
44 96
7 44
44 69
44 67
42 44
27 44
28 44
2 44
44 54
44 83
44 62
44 94
44 87
44 98
44 65
3 40
3 31
3 78
3 4
3 72
3 56
3 96
3 36
3 79
3 67
3 52
3 29
3 71
3 54
3 45
3 83
3 66
3 44
48 53
53 61
43 53
38 53
40 53
9 53
53 78
4 53
53 72
15 53
53 96
53 60
53 69
52 53
53 57
27 53
53 71
53 54
45 53
53 83
53 66
44 53
3 53
53 82
53 75
16 19
16 58
16 64
16 34
16 49
16 70
16 37
16 93
16 73
16 25
16 48
16 74
16 46
16 38
16 40
16 47
16 78
16 55
4 16
15 16
16 56
7 16
16 60
16 67
16 42
16 57
16 28
2 16
33 88
76 88
70 88
32 88
73 88
25 88
48 88
61 88
46 88
40 88
31 88
47 88
78 88
55 88
72 88
21 88
88 96
7 88
69 88
67 88
42 88
27 88
71 88
2 88
45 88
10 88
75 88
51 88
82 88
59 84
25 84
84 97
74 84
61 84
40 84
22 84
9 84
30 84
4 84
72 84
56 84
84 96
7 84
79 84
52 84
57 84
29 84
28 84
54 84
84 88
83 84
62 84
44 84
0 84
50 64
34 50
49 50
50 76
50 70
50 93
50 59
48 50
50 74
50 61
43 50
38 50
40 50
47 50
9 50
50 55
50 72
21 50
36 50
50 60
50 79
50 52
50 57
27 50
28 50
50 54
50 88
50 92
50 62
50 66
50 53
8 68
8 19
8 17
8 26
8 80
8 58
8 41
8 34
8 33
8 91
8 70
8 32
8 73
8 25
8 97
8 74
8 43
8 40
8 22
8 9
8 78
8 55
4 8
8 15
8 96
7 8
8 60
8 67
8 42
8 27
8 71
2 8
8 88
8 83
8 62
8 44
0 8
8 50
8 65
13 64
13 34
13 49
13 76
13 70
13 93
13 59
13 23
13 48
13 74
13 61
13 38
13 40
9 13
13 30
13 55
13 72
13 15
13 96
13 60
13 79
13 69
13 57
13 27
13 29
13 28
13 45
13 83
13 66
5 13
0 13
13 16
13 65
3 13
13 90
20 68
19 20
11 20
17 20
20 26
18 20
20 95
20 80
20 86
20 24
20 41
20 34
20 49
20 33
20 37
20 32
20 73
20 23
20 97
20 89
20 43
20 46
20 31
20 47
9 20
20 55
4 20
20 21
20 36
7 20
20 79
20 52
20 42
20 57
20 29
20 54
20 45
20 92
20 62
5 20
20 53
20 50
20 51
13 20
63 68
19 63
11 63
17 63
26 63
18 63
63 80
58 63
41 63
34 63
49 63
63 91
63 70
63 93
59 63
23 63
63 97
63 74
61 63
38 63
31 63
47 63
30 63
63 78
15 63
56 63
63 96
36 63
63 79
63 67
42 63
57 63
28 63
2 63
45 63
63 88
63 83
44 63
0 63
50 63
51 63
3 63
63 82
63 90
63 81
63 98
63 94
35 49
35 91
35 70
35 93
35 59
23 35
35 48
35 89
35 46
35 38
22 35
9 35
35 78
4 35
35 72
15 35
35 96
35 36
35 79
35 52
35 57
27 35
28 35
2 35
35 45
35 92
35 66
5 35
35 53
0 35
16 35
3 35
35 63
14 19
14 17
14 86
14 24
14 64
14 34
14 33
14 91
14 37
14 32
14 59
14 23
14 74
14 61
14 43
14 46
14 31
14 47
14 78
14 55
4 14
14 15
14 96
7 14
14 79
14 52
14 57
14 29
14 71
2 14
14 88
14 92
14 62
14 44
0 14
14 50
14 65
13 14
14 63
14 75
39 43
39 40
22 39
31 39
30 39
39 78
4 39
15 39
39 96
7 39
39 60
39 67
39 42
27 39
28 39
39 54
39 45
39 92
39 62
39 44
39 53
39 50
39 51
3 39
39 63
14 39
35 39
8 39
39 81
6 39
39 94
39 87
39 98
39 84
14 85
1 14
14 84
14 35
14 77
14 87
14 94
35 75
10 35
35 81
1 35
35 90
35 85
8 35
20 63
63 87
20 98
6 20
12 20
20 90
10 20
34 99
91 99
70 99
37 99
73 99
23 99
97 99
89 99
46 99
40 99
22 99
47 99
9 99
78 99
72 99
21 99
56 99
36 99
60 99
52 99
42 99
27 99
29 99
28 99
45 99
83 99
62 99
5 99
0 99
50 99
51 99
13 99
82 99
20 99
12 99
8 99
75 99
10 99
94 99
98 99
1 99
84 99
20 75
20 81
8 20
13 87
12 13
8 13
6 13
13 82
13 77
8 82
8 12
8 84
8 75
8 87
6 8
50 84
10 50
16 50
12 50
50 75
50 82
50 51
65 84
51 84
82 84
12 84
81 84
6 84
84 85
77 84
87 88
16 88
77 88
65 88
5 88
62 88
85 88
88 90
16 83
16 62
5 16
16 53
6 16
1 16
16 81
16 87
16 98
16 65
16 85
16 90
16 77
12 16
53 87
53 77
53 65
53 90
6 53
51 53
0 3
3 51
3 94
3 85
3 77
3 82
3 75
3 81
3 98
12 44
1 44
44 51
0 44
5 94
0 94
65 94
12 94
90 94
75 94
6 94
77 94
85 94
92 98
75 92
66 92
81 92
1 92
0 92
82 92
10 92
87 92
51 92
81 83
5 81
0 81
65 81
81 90
81 85
1 81
10 81
6 81
2 12
2 90
2 77
2 98
2 45
2 66
0 2
2 75
2 5
2 51
1 45
0 45
45 62
45 66
45 85
45 83
12 45
52 90
52 54
28 52
27 52
6 52
52 65
1 52
29 52
51 52
42 52
27 62
27 82
10 27
27 85
27 77
27 65
5 27
27 83
27 87
27 54
28 83
54 83
12 83
65 83
6 83
77 83
83 90
83 87
65 79
57 79
5 79
51 79
71 79
79 87
75 79
79 98
54 79
62 79
12 79
77 79
62 67
42 62
62 71
28 62
62 65
62 82
62 66
62 75
6 62
5 62
0 67
10 67
51 67
57 67
67 82
42 67
66 67
67 98
6 67
29 67
1 67
6 57
6 71
6 28
6 54
6 66
6 51
6 82
6 12
6 10
6 98
66 69
10 69
69 90
1 69
29 69
28 69
69 71
69 75
69 77
12 69
65 69
5 69
69 85
42 90
29 90
71 90
54 90
5 90
65 90
85 90
1 90
10 90
90 98
77 90
36 85
36 57
12 36
36 66
36 77
36 75
36 42
36 98
7 36
36 60
5 36
0 36
1 36
60 77
57 77
71 77
66 77
5 77
65 77
12 77
75 77
10 77
1 77
77 98
1 56
56 96
54 56
7 56
56 71
56 65
56 98
10 56
29 56
5 56
28 56
7 28
28 42
28 29
28 71
12 28
10 28
5 28
28 65
28 54
28 82
21 87
10 21
21 85
21 65
0 21
21 57
21 51
7 21
12 21
21 71
21 75
21 29
7 57
42 57
12 57
57 85
57 71
0 57
5 57
57 75
29 57
51 57
55 98
55 71
5 55
55 65
55 85
54 55
0 55
15 55
15 72
15 66
12 15
7 15
15 75
15 60
15 42
15 98
5 15
15 82
7 75
7 12
7 54
7 85
7 51
7 71
7 29
7 87
30 75
1 30
30 82
4 30
30 85
29 30
30 65
30 98
12 30
4 72
4 66
4 87
4 51
4 75
4 12
4 42
4 10
4 96
4 60
1 4
72 96
66 96
60 96
82 96
54 96
51 96
1 96
42 96
0 96
87 96
60 78
42 78
51 78
71 78
10 78
54 78
78 82
1 78
10 72
10 60
10 42
10 54
10 66
5 10
0 10
10 65
10 51
10 82
10 85
10 87
5 47
47 87
47 51
47 71
47 75
47 85
29 47
9 87
72 87
42 87
71 87
54 87
51 87
12 87
75 87
1 87
85 87
87 98
31 51
1 31
9 31
31 60
31 65
31 82
12 31
0 31
31 98
72 82
60 82
42 82
71 82
5 82
65 82
12 82
1 82
82 85
40 51
40 65
22 40
40 98
9 40
40 75
40 85
29 40
22 72
22 66
22 42
22 65
22 71
12 22
22 75
5 22
22 98
22 54
22 85
0 22
12 29
12 66
0 12
12 98
42 46
46 60
46 51
1 46
46 71
46 54
46 85
46 98
5 46
0 46
51 72
29 51
51 66
51 85
51 75
1 51
89 97
75 97
74 97
0 97
65 97
72 74
66 74
42 74
71 74
1 74
60 74
38 74
61 74
74 89
74 75
74 85
61 89
61 72
61 66
61 71
1 61
42 61
60 61
38 61
54 61
0 61
43 61
61 65
43 72
43 66
42 43
43 60
1 43
43 71
5 43
0 43
43 75
29 43
9 43
38 43
29 38
29 72
29 71
29 98
1 29
29 66
0 29
29 75
59 89
25 59
9 59
23 25
25 72
25 66
25 42
25 71
1 25
25 60
25 98
25 85
25 54
25 38
0 25
25 48
25 75
25 65
38 72
38 66
1 38
38 54
38 71
38 42
38 60
0 73
65 73
5 73
23 73
73 98
23 72
23 66
1 23
23 71
23 60
23 42
23 85
23 75
23 48
23 54
5 23
9 23
32 91
9 91
32 70
32 93
32 72
32 66
1 32
32 60
32 71
32 42
32 75
32 85
32 48
32 54
0 32
32 98
89 93
5 93
65 93
9 93
5 48
5 89
5 9
5 72
5 54
5 66
5 75
5 85
5 98
37 65
37 98
37 89
65 89
65 72
60 65
54 65
65 98
1 65
76 98
0 76
48 98
89 98
72 98
42 98
71 98
54 98
66 98
75 98
0 33
9 70
9 48
9 89
9 72
9 66
9 60
9 42
9 54
1 9
0 9
49 89
70 89
48 89
72 89
66 89
60 89
42 89
71 89
1 89
0 64
34 54
54 70
48 54
54 72
42 54
54 85
1 54
41 48
41 75
41 85
34 75
70 75
42 75
1 75
24 48
24 85
34 48
48 70
48 72
48 66
48 71
42 48
1 48
48 60
48 85
58 85
0 58
34 85
70 85
72 85
60 85
71 85
66 85
0 85
1 85
34 42
42 70
42 72
42 60
42 66
1 80
60 80
71 80
0 80
1 34
1 70
1 71
1 66
0 1
60 95
34 60
60 70
60 72
60 66
0 60
18 71
34 71
70 71
71 72
66 71
0 71
0 26
34 66
66 70
66 72
0 66
0 17
34 70
70 72
0 70
34 72
0 34
0 19
0 72
0 68
