100 990
11 61
11 60
60 69
8 60
8 61
11 96
69 96
8 96
60 79
61 79
11 68
68 69
8 68
68 79
69 99
8 99
60 99
61 99
11 94
69 94
8 94
79 94
94 99
46 60
46 61
11 64
64 69
8 64
64 79
64 99
46 64
61 78
60 78
78 96
68 78
78 94
64 78
11 24
24 69
8 24
24 79
24 99
24 78
50 60
50 61
50 64
50 94
50 68
50 96
32 69
32 46
32 50
3 11
3 69
3 8
3 79
3 99
3 46
41 69
8 41
41 99
41 46
41 50
41 61
41 60
41 68
41 96
41 94
41 64
11 23
23 69
8 23
23 79
23 99
23 78
23 41
59 61
59 60
59 68
59 94
59 96
59 64
23 59
62 69
46 62
50 62
59 62
61 92
60 92
64 92
20 92
60 80
61 80
80 97
25 69
25 46
25 78
25 59
25 92
38 61
38 60
5 99
5 46
5 41
5 59
5 80
5 38
7 60
7 61
54 99
54 78
41 54
54 59
54 65
25 54
7 54
45 83
11 40
40 69
8 40
40 79
40 99
40 78
40 41
3 40
40 92
25 40
65 75
25 75
74 75
42 75
75 85
23 85
1 11
1 69
1 8
1 79
1 99
1 78
1 41
1 3
1 65
1 25
1 83
4 7
28 74
4 28
28 60
27 99
27 78
27 41
3 27
27 92
25 27
27 83
27 32
14 60
79 93
78 93
41 93
3 93
65 93
80 93
74 93
4 93
14 93
68 93
56 65
38 56
7 56
40 56
56 60
56 68
17 69
8 17
17 99
17 46
17 78
3 17
17 92
17 38
17 32
17 42
17 60
17 68
17 56
17 97
18 32
4 18
82 99
46 82
41 82
59 82
82 92
80 82
74 82
42 82
82 97
18 82
41 90
3 90
65 90
80 90
32 90
40 90
82 90
68 90
56 90
32 58
4 58
58 60
69 77
8 77
77 79
77 78
50 77
59 77
77 92
38 77
77 83
4 77
77 82
27 77
64 77
77 94
0 77
58 77
63 77
0 63
63 73
73 96
26 65
25 26
26 74
26 40
26 60
37 92
37 38
32 37
37 40
37 60
15 50
3 15
15 92
15 25
15 74
15 40
15 60
15 37
15 56
30 82
27 30
30 56
2 32
2 40
2 82
2 68
2 97
2 30
92 95
38 95
83 95
4 95
60 95
27 95
56 95
30 95
95 98
16 62
65 70
70 80
32 70
40 70
70 82
68 70
70 77
6 65
6 25
6 83
6 42
6 85
6 27
6 77
6 97
11 36
36 69
8 36
36 79
36 99
36 46
36 41
3 36
36 80
25 36
32 36
36 42
36 82
27 36
36 73
6 36
36 93
53 60
53 61
53 68
53 64
53 94
53 96
35 99
35 46
35 78
35 53
35 65
35 38
35 83
4 35
14 35
35 82
35 63
35 58
2 35
35 51
66 78
3 66
65 66
25 66
66 83
40 66
60 66
37 66
63 66
58 66
26 66
50 72
3 72
72 92
25 72
72 74
4 72
72 82
27 72
72 77
30 72
2 72
72 96
60 81
37 81
63 81
6 81
81 93
72 81
31 56
6 31
31 93
11 29
29 69
8 29
29 79
29 99
29 46
29 50
3 29
29 92
29 80
7 29
29 40
29 85
29 37
29 97
29 58
29 95
29 70
63 67
58 67
67 93
29 67
17 67
28 67
35 67
41 44
3 44
44 65
25 44
44 74
42 44
14 44
44 68
44 63
30 44
26 44
44 51
44 94
74 88
42 88
85 88
37 88
56 88
71 77
22 71
71 95
71 72
31 71
28 71
35 71
45 71
67 71
20 71
89 99
46 89
78 89
59 89
53 89
38 89
83 89
40 89
85 89
68 89
77 89
6 89
89 95
29 89
66 89
89 90
35 89
23 89
0 89
89 96
75 89
71 89
24 89
11 86
69 86
86 99
78 86
41 86
3 86
65 86
38 86
7 86
42 86
85 86
68 86
73 86
18 86
26 86
16 86
66 86
86 88
18 47
29 47
47 66
47 90
55 85
55 68
55 77
30 55
2 55
55 70
17 55
28 55
49 93
49 72
31 49
15 49
49 75
49 55
5 49
9 93
9 51
9 66
9 88
9 49
43 60
37 43
43 56
43 97
18 43
43 72
43 94
15 43
43 55
43 44
48 95
29 48
76 77
76 97
2 76
51 76
13 76
17 76
5 76
34 93
34 70
31 34
34 76
11 21
21 69
8 21
21 79
21 99
21 46
21 41
21 53
21 65
21 80
21 74
4 21
21 85
21 68
21 77
6 21
2 21
16 21
21 31
15 21
82 87
68 87
63 87
6 87
87 95
72 87
17 87
28 87
21 87
43 87
67 87
10 93
10 70
10 94
10 90
10 55
10 43
1 10
10 54
10 61
10 24
7 91
42 91
14 91
37 91
77 91
22 91
18 91
51 91
13 91
76 91
35 91
45 91
91 98
10 91
52 56
52 58
26 52
16 52
52 94
15 52
47 52
73 84
58 84
84 93
51 84
66 84
84 88
35 84
47 84
75 84
12 56
12 22
2 12
12 72
12 94
12 76
12 35
12 84
1 12
12 61
12 75
12 24
12 36
14 39
37 39
39 73
6 39
2 39
29 39
39 94
39 90
39 55
23 39
39 48
11 57
57 69
57 99
57 78
41 57
57 59
57 65
38 57
32 57
4 57
57 60
57 82
57 63
18 57
2 57
16 57
17 57
15 57
49 57
57 84
57 98
20 57
39 57
34 57
32 33
33 40
33 82
33 37
33 63
33 97
26 33
33 70
13 33
15 33
33 55
33 44
33 67
20 33
33 57
33 34
19 65
19 38
19 32
4 19
19 60
19 37
19 73
19 30
18 19
16 19
17 19
19 76
19 21
19 44
0 19
19 61
19 62
19 33
19 87
9 19
33 87
5 57
39 52
39 91
12 39
39 71
52 84
0 84
20 84
52 67
52 61
52 91
52 87
9 52
86 91
71 91
10 87
34 87
21 24
21 62
21 34
21 64
20 21
1 21
23 34
34 48
34 75
34 36
1 76
76 88
35 76
13 48
13 88
13 15
13 64
0 13
15 48
48 49
43 48
1 48
20 48
48 64
48 96
5 43
9 43
36 43
1 9
9 54
9 24
9 81
49 98
49 54
47 55
0 55
23 55
36 47
47 96
47 81
44 47
47 86
45 86
0 86
54 86
86 89
81 86
36 86
64 71
22 51
22 45
22 88
2 88
51 88
44 88
62 88
75 88
61 88
15 88
1 44
44 64
44 67
23 44
62 67
5 67
29 90
17 29
29 94
29 96
29 31
23 31
31 54
31 96
24 31
20 31
31 81
81 90
23 81
1 81
61 81
75 81
5 81
1 72
64 72
72 75
66 72
62 66
36 66
66 75
35 66
45 66
35 61
35 45
51 53
51 80
32 51
42 51
14 51
27 51
51 97
51 95
23 51
28 51
36 51
51 61
28 36
36 98
36 96
36 62
6 70
6 18
6 75
6 62
1 6
18 70
16 70
15 70
24 70
20 70
5 70
45 70
16 98
16 54
0 16
17 98
90 98
45 98
0 98
61 98
54 98
54 95
1 95
93 95
20 95
2 95
2 64
2 61
30 61
15 30
23 30
20 30
28 30
26 30
30 58
15 18
15 64
26 37
37 75
37 97
37 62
18 37
26 73
18 26
26 62
24 26
26 28
0 26
5 26
26 45
45 73
1 73
62 73
73 94
20 73
23 73
24 63
5 63
63 75
58 97
58 90
58 64
58 93
0 58
58 96
54 58
90 93
17 90
20 90
54 90
90 96
64 82
54 82
27 82
18 56
17 18
18 94
18 23
17 94
1 17
56 93
56 61
28 56
75 93
0 14
14 68
14 27
14 61
14 45
14 96
5 14
14 24
14 94
23 27
5 27
1 27
27 96
27 28
27 61
24 27
28 94
28 45
24 28
23 28
0 28
4 5
4 94
4 68
4 60
1 4
4 97
1 85
1 24
0 75
75 96
23 74
40 74
62 74
74 97
40 42
24 40
40 45
40 64
40 61
40 62
45 68
24 45
45 54
45 96
32 83
61 83
42 83
60 83
20 83
32 42
20 42
23 42
0 42
42 96
42 54
54 68
54 97
54 62
20 54
7 24
7 64
7 96
5 7
5 97
5 94
5 96
5 62
5 64
25 38
24 38
38 96
38 64
38 94
25 60
25 61
23 25
25 32
0 25
25 97
64 97
24 97
94 97
24 80
62 80
20 80
68 80
20 60
20 68
20 64
32 92
23 92
92 94
62 92
92 96
60 62
23 62
62 64
24 59
23 61
3 41
3 60
3 61
3 64
3 68
3 94
3 96
3 65
3 32
0 32
32 68
32 94
24 50
24 64
65 78
46 96
46 94
46 68
46 65
61 94
96 99
68 99
65 68
79 96
0 96
60 65
61 69
61 65
65 69
0 65
