100 495
15 38
25 44
25 92
90 92
67 92
44 67
25 62
62 67
62 92
89 92
56 89
38 89
34 38
25 54
54 67
54 92
33 54
44 54
22 67
22 54
22 56
22 34
52 64
52 84
33 52
56 81
36 81
52 81
29 92
29 54
29 56
11 57
11 34
5 92
5 56
5 38
5 36
5 52
5 74
5 7
31 79
34 79
5 79
43 92
43 54
31 43
24 43
38 86
24 86
43 86
62 86
14 43
67 95
54 95
56 95
24 95
33 95
25 42
42 54
58 77
36 58
1 58
58 95
63 82
58 63
23 25
23 90
23 67
23 54
23 38
23 34
16 23
16 78
78 95
43 66
29 66
57 93
34 93
33 93
31 70
36 70
16 70
16 83
70 83
2 83
23 71
71 83
35 70
35 71
37 52
1 37
0 37
5 41
29 41
2 41
37 41
2 18
18 41
50 93
2 47
41 47
47 50
85 92
54 85
57 85
34 85
43 85
85 95
70 85
42 85
3 33
3 95
3 66
33 94
79 94
4 92
4 54
4 77
4 34
4 43
4 70
4 63
4 22
4 19
19 60
19 98
17 31
17 24
17 43
17 62
17 66
17 71
15 17
17 19
66 72
92 97
54 97
31 97
24 97
52 97
79 97
11 97
11 20
20 97
20 85
20 58
20 72
9 11
9 60
4 91
41 91
50 91
22 91
9 91
58 91
15 91
5 40
40 95
14 40
40 42
40 91
7 40
5 13
1 13
4 13
13 60
13 44
12 66
12 71
12 37
23 46
46 97
12 46
18 46
0 75
41 75
44 75
45 98
45 78
45 83
1 53
53 62
2 53
53 60
53 85
45 53
53 86
44 99
49 99
53 99
48 86
8 25
8 67
8 92
8 54
8 77
8 57
8 43
8 70
4 8
8 71
8 98
8 93
37 87
18 87
26 78
26 49
26 87
26 72
26 35
68 74
68 93
26 68
68 83
23 51
51 97
51 74
7 51
51 68
51 83
51 89
3 51
47 68
82 87
81 87
8 87
39 72
8 39
25 28
28 67
28 92
28 56
28 38
24 28
16 28
28 79
28 66
22 88
28 88
15 28
28 93
33 96
62 96
23 96
43 55
29 55
11 55
41 55
55 58
55 86
16 32
32 62
0 32
32 55
32 37
27 44
17 27
27 49
14 30
33 73
29 73
14 73
71 73
44 73
7 73
30 73
73 89
73 74
73 84
30 78
27 30
30 53
21 98
21 78
21 72
21 30
21 46
19 21
14 65
65 97
12 65
65 93
65 86
30 65
33 59
59 62
14 59
42 59
59 80
59 61
13 59
35 59
3 59
59 65
10 80
7 10
10 22
10 35
10 65
10 39
30 81
27 32
27 96
32 53
9 32
32 89
32 84
55 78
42 55
55 96
80 96
28 96
3 96
25 69
69 90
69 92
54 69
69 77
34 69
43 69
69 70
11 69
69 97
69 74
61 69
69 96
47 69
69 89
69 81
76 92
56 76
76 77
24 76
33 76
76 79
4 76
23 76
50 76
58 76
76 96
5 6
6 79
2 6
6 71
6 74
6 45
6 13
6 76
6 28
6 64
76 82
20 76
28 39
19 28
8 9
8 48
19 48
48 99
84 99
82 99
45 75
75 89
19 75
64 75
46 75
46 64
40 46
12 44
12 80
7 12
61 80
80 94
13 61
18 61
61 86
13 40
13 22
40 47
20 40
9 58
9 86
9 20
64 97
72 97
72 74
17 72
17 94
17 81
4 94
60 94
22 94
64 94
3 94
83 94
3 60
3 85
3 18
83 85
49 85
64 85
47 49
35 49
35 47
50 74
50 98
18 98
18 64
15 41
35 37
37 82
37 78
82 83
70 93
14 70
64 70
66 93
42 93
58 93
66 78
15 66
78 89
23 95
23 63
7 23
23 84
58 82
42 77
36 42
1 42
42 79
11 42
42 82
42 81
1 44
1 95
1 84
11 95
14 95
14 81
2 14
2 86
44 86
43 82
79 82
7 79
64 79
7 84
7 22
5 11
5 89
0 11
11 89
29 57
57 84
29 52
29 62
29 89
15 29
29 81
29 44
15 81
81 84
22 52
52 62
22 62
22 84
33 56
33 38
24 33
15 33
24 62
24 34
34 44
34 89
15 89
56 62
44 56
56 84
38 62
62 74
67 84
44 92
84 92
44 90
31 44
0 44
25 84
31 84
15 84
31 64
36 64
36 74
15 36
38 74
0 74
