100 1980
4 51
51 76
4 22
22 76
36 51
22 36
4 93
76 93
36 93
9 51
9 22
9 93
4 44
44 76
36 44
9 44
51 79
22 79
79 93
4 78
76 78
36 78
9 78
78 79
26 51
22 26
26 93
4 90
76 90
36 90
9 90
79 90
26 90
22 90
51 90
4 75
75 76
36 75
9 75
75 79
26 75
22 75
51 75
75 93
75 78
4 87
76 87
36 87
9 87
79 87
26 87
22 87
51 87
75 87
61 93
61 78
4 92
76 92
36 92
9 92
79 92
26 92
22 92
51 92
75 92
61 92
55 93
55 90
55 92
4 30
30 76
30 36
9 30
30 79
26 30
22 30
30 51
30 75
30 61
30 55
22 41
41 51
41 93
41 78
41 92
30 41
41 87
41 90
41 44
4 85
76 85
36 85
9 85
79 85
26 85
22 85
51 85
75 85
61 85
55 85
41 85
22 48
48 51
48 61
48 93
44 48
30 48
48 78
48 87
48 90
48 92
4 11
11 76
11 36
9 11
11 79
11 26
11 22
11 51
11 75
11 61
11 55
11 41
11 48
4 10
10 76
10 36
9 10
10 79
10 26
10 22
10 51
10 75
10 61
10 55
10 48
10 93
10 30
10 87
10 92
10 78
10 90
10 44
10 11
10 85
4 81
76 81
36 81
9 81
79 81
26 81
22 81
51 81
75 81
61 81
55 81
41 81
48 81
10 81
4 46
46 76
36 46
9 46
46 79
26 46
22 46
46 51
46 75
46 61
46 55
41 46
10 46
46 93
46 78
44 46
46 87
30 46
46 92
46 90
46 81
46 85
11 46
4 15
15 76
15 36
9 15
15 79
15 26
15 22
15 51
15 75
15 61
15 55
15 41
15 48
10 15
15 46
22 29
29 51
29 75
29 41
10 29
29 93
29 44
29 92
29 78
29 30
29 90
29 87
15 29
29 81
4 57
57 76
36 57
9 57
57 79
26 57
22 57
51 57
57 75
57 61
55 57
41 57
48 57
10 57
46 57
29 57
69 93
69 90
30 69
69 87
69 92
69 78
44 69
69 81
69 85
15 69
57 69
11 69
4 27
27 76
27 36
9 27
27 79
26 27
22 27
27 51
27 75
27 61
27 55
27 41
27 46
27 69
4 38
26 38
22 38
38 51
38 75
38 48
38 46
29 38
50 93
44 50
50 90
50 87
50 78
30 50
50 92
50 57
50 85
11 50
50 81
15 50
12 26
12 22
12 51
12 75
12 61
12 41
12 46
12 29
12 50
51 59
41 59
46 59
29 59
38 59
59 93
44 59
30 59
59 92
59 90
59 87
59 78
32 38
32 59
4 13
13 26
13 22
13 51
13 75
13 41
10 13
13 69
43 69
43 93
43 44
43 92
43 78
43 90
30 43
43 87
15 43
4 42
26 42
22 42
42 51
42 75
42 61
42 55
42 48
42 46
29 42
42 43
42 59
4 21
21 26
21 22
21 51
21 75
21 48
10 21
21 29
21 43
31 93
4 49
26 49
22 49
49 51
49 75
49 61
49 55
48 49
10 49
46 49
38 49
31 49
13 49
17 22
17 51
10 17
17 69
17 50
17 59
17 21
0 17
17 93
17 44
10 68
46 68
38 68
59 68
13 68
17 68
73 93
22 34
34 48
34 46
34 69
34 38
34 59
31 34
0 34
34 73
22 63
51 63
10 63
63 69
50 63
31 63
21 63
13 63
4 77
9 77
26 77
22 77
51 77
75 77
61 77
55 77
41 77
48 77
10 77
46 77
38 77
31 77
21 77
0 77
73 77
22 97
51 97
46 97
29 97
38 97
43 97
13 97
17 97
77 97
1 97
4 5
5 26
5 22
5 51
5 75
5 41
5 10
5 69
5 38
5 31
5 21
24 93
5 24
33 46
29 33
33 50
33 43
13 33
24 33
33 77
1 33
26 60
22 60
51 60
60 75
60 61
41 60
10 60
60 69
38 60
59 60
31 60
17 60
60 73
60 63
21 98
17 98
24 98
63 98
60 98
92 98
42 98
19 42
4 84
26 84
22 84
51 84
75 84
61 84
41 84
48 84
10 84
69 84
43 84
31 84
13 84
0 84
24 84
63 84
22 67
51 67
67 75
48 67
46 67
29 67
50 67
43 67
21 67
0 67
24 67
67 77
45 46
29 45
45 69
45 59
13 45
17 45
24 45
45 63
45 67
45 92
42 45
19 45
35 38
35 59
31 35
17 35
24 35
35 63
35 67
4 88
76 88
36 88
9 88
26 88
22 88
51 88
75 88
61 88
55 88
41 88
48 88
10 88
29 88
50 88
43 88
21 88
0 88
24 88
1 88
60 88
4 70
36 70
70 79
26 70
22 70
51 70
70 75
61 70
55 70
48 70
46 70
69 70
38 70
43 70
13 70
0 70
70 73
1 70
60 70
70 88
42 70
4 52
52 76
36 52
9 52
52 79
26 52
22 52
51 52
52 75
52 61
52 55
41 52
48 52
10 52
46 52
52 69
50 52
31 52
13 52
0 52
52 77
52 63
52 67
6 24
6 63
6 67
1 40
6 40
40 52
14 22
14 41
14 48
14 29
14 38
14 59
13 14
14 17
14 24
14 63
14 67
14 88
14 52
14 19
16 38
16 43
16 21
16 17
16 73
1 16
16 67
6 16
16 88
14 16
24 54
54 63
54 60
6 54
54 88
35 54
25 46
25 69
25 38
25 59
13 25
0 25
25 73
25 77
25 60
25 92
25 88
19 25
25 54
18 50
18 31
13 18
0 18
18 24
1 18
18 67
6 18
18 42
14 18
4 37
37 76
36 37
9 37
37 79
26 37
22 37
37 51
37 75
37 61
37 55
37 41
37 48
10 37
37 46
29 37
37 38
37 59
21 37
0 37
24 37
37 63
37 60
6 37
37 88
14 37
35 37
22 95
51 95
75 95
41 95
10 95
69 95
50 95
59 95
13 95
17 95
24 95
1 95
67 95
92 95
42 95
14 95
37 95
18 95
22 96
51 96
48 96
29 96
50 96
59 96
21 96
13 96
24 96
77 96
92 96
6 96
52 96
19 96
35 96
18 96
34 96
95 96
93 96
87 96
8 38
8 43
8 21
0 8
8 24
8 77
8 67
6 8
8 52
8 14
8 37
8 18
8 96
89 92
6 89
42 89
14 89
35 89
18 89
68 89
78 89
4 23
23 76
23 36
23 79
23 26
22 23
23 51
23 75
23 61
23 55
23 41
23 48
23 46
23 29
23 50
23 31
13 23
0 23
23 73
23 63
1 23
23 88
23 42
14 23
23 37
18 23
23 68
23 89
4 83
76 83
36 83
9 83
79 83
26 83
22 83
51 83
75 83
61 83
55 83
41 83
48 83
10 83
46 83
29 83
50 83
43 83
13 83
0 83
24 83
77 83
60 83
83 92
42 83
35 83
54 83
46 56
29 56
50 56
56 59
13 56
17 56
24 56
56 77
56 60
6 56
56 88
52 56
54 56
37 56
56 81
22 66
51 66
66 75
41 66
10 66
66 69
38 66
59 66
21 66
17 66
66 73
1 66
60 66
6 66
66 88
14 66
54 66
56 66
66 96
66 68
10 39
29 39
38 39
39 43
21 39
0 39
39 77
39 63
39 67
6 39
39 88
39 52
39 54
18 39
39 68
39 44
39 66
20 22
20 51
20 75
20 41
20 48
20 69
20 50
20 59
20 31
0 20
20 24
20 77
20 60
6 20
20 42
19 20
20 35
18 20
20 98
20 89
20 39
64 88
35 64
37 64
18 64
64 96
44 64
21 72
0 72
72 73
72 77
60 72
72 88
42 72
19 72
54 72
56 72
68 72
44 72
72 83
30 72
25 72
64 72
49 72
33 72
46 86
29 86
50 86
59 86
21 86
17 86
73 86
63 86
60 86
86 92
52 86
19 86
54 86
56 86
86 98
44 86
72 86
64 86
49 86
28 38
28 43
28 31
17 28
28 77
28 63
28 60
28 92
28 42
14 28
28 37
28 56
28 68
28 44
28 72
28 64
28 33
28 97
23 28
11 28
28 34
28 93
28 57
38 80
43 80
21 80
17 80
24 80
77 80
60 80
6 80
42 80
14 80
35 80
56 80
80 98
44 80
39 80
64 80
49 80
28 80
27 80
80 81
11 80
40 80
43 58
58 59
21 58
0 58
24 58
58 63
58 60
6 58
42 58
19 58
54 58
18 58
58 96
44 58
58 83
4 62
9 62
62 79
26 62
22 62
51 62
62 75
61 62
55 62
48 62
10 62
62 69
50 62
43 62
13 62
0 62
24 62
62 63
62 67
62 92
42 62
52 62
35 62
56 62
62 96
62 89
39 62
62 72
62 66
8 62
62 84
5 62
22 91
51 91
48 91
29 91
38 91
43 91
13 91
17 91
73 91
77 91
67 91
91 92
52 91
35 91
37 91
56 91
91 98
89 91
83 91
62 91
49 91
4 7
7 76
7 79
7 26
7 22
7 51
7 75
7 61
7 55
7 41
7 48
7 69
7 50
7 59
7 31
7 17
7 77
7 63
7 67
7 88
7 42
7 19
7 35
7 98
7 96
7 44
7 39
7 72
7 12
7 28
7 58
7 40
7 70
47 51
47 48
10 47
46 47
43 47
31 47
13 47
17 47
24 47
47 77
47 60
6 47
47 88
19 47
47 54
47 56
47 96
47 68
39 47
47 72
33 47
7 47
27 47
32 47
37 71
56 71
71 96
44 71
71 83
62 71
12 71
28 71
32 71
71 81
71 91
71 95
47 71
45 71
22 74
51 74
10 74
29 74
38 74
31 74
13 74
0 74
73 74
1 74
60 74
74 92
52 74
14 74
54 74
56 74
68 74
74 89
74 83
64 74
49 74
28 74
74 93
32 74
71 74
20 74
15 74
74 85
5 74
74 86
30 74
74 97
57 74
74 91
25 74
74 87
70 74
74 90
40 71
30 71
20 71
58 71
25 71
66 71
71 87
22 53
51 53
53 75
41 53
46 53
53 69
50 53
53 59
31 53
0 53
53 73
1 53
53 67
6 53
42 53
19 53
53 54
37 53
53 96
53 89
39 53
53 62
49 53
28 53
53 93
53 81
53 71
40 53
15 53
50 82
59 82
13 82
17 82
77 82
1 82
60 82
82 88
42 82
14 82
54 82
82 98
82 96
68 82
39 82
72 82
12 82
33 82
27 82
16 82
11 82
40 82
15 82
53 82
5 82
82 86
78 82
47 82
70 82
23 82
25 82
2 48
2 69
2 38
2 59
2 21
0 2
2 73
2 77
2 67
2 92
2 88
2 19
2 35
2 18
2 98
2 68
2 83
2 64
2 33
2 7
2 93
2 16
2 11
21 65
17 65
24 65
65 77
65 67
65 92
52 65
19 65
54 65
18 65
65 98
65 89
65 83
65 72
33 65
28 65
27 65
16 65
11 65
30 65
65 70
65 97
65 78
58 65
2 65
8 65
25 65
22 99
51 99
75 99
41 99
10 99
29 99
50 99
31 99
21 99
17 99
24 99
63 99
60 99
6 99
52 99
19 99
37 99
18 99
96 99
44 99
83 99
64 99
12 99
28 99
27 99
81 99
11 99
65 99
15 99
53 99
5 99
78 99
30 99
50 94
43 94
21 94
0 94
73 94
63 94
60 94
92 94
52 94
14 94
35 94
18 94
94 98
89 94
83 94
64 94
12 94
33 94
32 94
81 94
71 94
40 94
20 94
53 94
8 94
34 94
78 94
94 99
91 94
66 94
94 97
25 94
87 94
90 94
97 99
87 99
90 99
45 99
2 99
95 99
65 95
65 87
15 65
5 65
2 20
2 53
2 8
2 34
2 30
2 70
2 97
2 23
2 82
2 25
3 4
3 26
3 22
3 51
3 75
3 61
3 55
3 41
3 48
3 29
3 43
3 31
3 13
0 3
3 24
3 77
1 3
3 92
3 52
3 19
3 37
3 56
3 96
3 44
3 83
3 64
3 12
3 33
3 93
3 16
3 11
3 20
3 15
3 84
3 5
3 34
3 30
3 47
3 91
3 87
3 45
3 66
2 3
3 80
57 82
82 95
53 91
53 86
53 90
53 70
53 78
47 53
53 85
20 47
47 58
8 47
47 86
47 78
23 47
45 47
47 57
47 70
47 80
7 16
5 7
7 85
7 27
7 81
7 15
7 78
7 91
7 87
7 20
7 66
27 91
16 91
20 91
58 91
8 91
34 91
66 91
80 91
23 91
87 91
57 91
62 87
58 62
62 85
25 62
27 62
12 62
62 78
16 62
62 90
34 62
33 62
12 58
58 93
32 58
58 80
5 58
45 58
58 87
25 58
58 66
23 58
58 84
58 70
34 58
80 84
8 80
34 80
30 80
80 90
45 80
57 80
80 95
28 32
28 84
28 30
28 86
86 93
81 86
11 86
40 86
20 86
5 86
66 86
45 86
23 86
78 86
57 86
86 90
12 72
72 97
11 72
23 72
57 72
45 72
72 95
30 64
20 64
49 64
32 64
64 81
15 64
40 64
64 70
64 93
34 64
33 64
20 49
20 33
16 20
20 84
20 90
20 34
20 66
20 45
20 78
39 57
39 95
5 39
39 93
27 39
39 40
39 45
39 70
39 97
39 87
39 84
39 78
12 66
33 66
66 81
66 85
5 66
30 66
23 66
66 90
57 66
66 95
18 56
27 56
45 56
33 56
56 83
12 56
56 70
56 98
56 93
49 56
83 96
44 83
32 83
34 83
15 83
16 83
81 83
23 83
11 83
83 85
8 83
83 90
23 49
23 93
23 32
11 23
23 40
23 84
8 23
23 30
23 70
23 95
87 89
84 89
40 89
57 89
16 89
70 89
85 89
33 89
8 89
89 93
5 89
89 97
8 12
8 33
8 93
8 32
8 11
8 15
8 84
8 95
8 90
8 25
8 30
81 96
30 96
78 96
25 96
40 96
68 95
12 95
33 95
93 95
16 95
15 95
85 95
34 95
78 95
70 95
95 97
34 37
33 37
18 37
37 90
37 98
37 78
37 87
30 37
15 37
16 37
37 40
37 85
18 68
18 32
18 44
11 18
18 25
18 34
18 90
18 84
5 18
25 68
25 49
25 33
25 27
25 32
25 85
25 78
25 97
25 90
25 45
25 57
54 97
27 54
54 84
40 54
44 54
54 85
16 54
54 93
32 54
15 54
54 68
16 98
12 16
16 93
16 32
16 70
16 90
16 45
16 81
16 97
5 16
15 16
14 30
14 34
14 97
14 85
14 32
14 44
14 87
14 40
14 93
14 78
14 68
33 40
40 93
40 81
40 84
34 40
40 70
40 78
40 97
40 57
40 85
6 34
6 97
6 52
6 78
6 49
6 42
6 81
6 12
6 68
6 33
42 52
35 52
33 52
52 93
52 85
52 84
52 68
27 52
52 70
52 90
49 52
52 57
35 70
68 70
12 70
27 70
5 70
70 78
70 90
70 87
85 88
35 88
88 93
88 97
88 90
44 88
11 88
12 88
5 88
49 88
81 88
19 35
35 78
35 45
35 49
30 35
12 35
11 35
5 35
35 87
35 57
35 81
45 98
44 45
45 49
33 45
27 45
45 85
45 84
30 45
45 97
45 87
67 92
67 93
44 67
67 84
15 67
32 67
5 67
57 67
49 67
67 90
67 68
12 67
84 92
19 84
84 98
12 84
84 93
81 84
84 85
84 97
30 84
84 87
34 84
5 84
19 81
19 33
19 27
5 19
15 19
11 19
19 98
12 19
97 98
57 98
12 98
44 98
68 98
11 98
5 98
32 98
27 98
15 98
42 60
11 60
33 60
60 97
60 78
30 60
60 81
60 85
33 68
27 33
33 93
33 90
24 81
15 24
24 92
5 77
1 5
5 92
5 49
5 93
5 11
5 85
5 97
5 57
1 49
1 57
1 81
1 32
1 42
1 44
1 11
1 90
1 34
1 87
1 27
68 97
49 97
93 97
15 97
78 97
57 97
77 87
63 77
27 77
32 77
77 93
77 90
12 77
63 92
30 63
63 68
34 63
63 85
15 63
63 87
63 93
27 63
63 78
34 42
34 44
32 34
34 81
34 85
34 78
34 87
30 34
44 73
73 85
30 73
57 73
68 73
49 73
42 73
73 78
12 73
11 73
68 85
57 68
49 68
68 90
30 68
11 68
17 27
17 90
17 87
15 17
17 30
12 17
17 85
17 49
44 49
12 49
15 49
49 81
49 90
49 57
30 49
49 78
31 81
31 44
0 31
21 31
31 87
31 78
27 31
30 31
31 90
15 31
31 92
13 31
21 93
11 21
21 78
21 81
21 42
21 30
21 57
0 21
21 85
21 87
21 92
13 42
15 42
30 42
42 78
32 42
42 87
42 57
0 43
43 81
13 43
43 85
43 57
13 59
13 93
13 90
12 13
13 44
13 27
13 15
13 32
0 32
32 92
32 44
12 32
32 93
11 32
32 78
32 90
32 57
30 32
11 59
59 85
12 59
12 44
12 85
11 12
12 87
38 50
38 93
38 92
30 38
38 87
38 90
38 44
38 78
11 38
27 38
38 57
27 92
27 44
27 81
27 57
27 93
27 87
27 30
15 27
27 85
0 57
57 92
11 57
15 57
57 85
29 85
11 29
0 29
15 92
15 44
11 15
15 30
15 85
15 90
0 81
44 81
81 87
81 85
11 81
78 81
0 10
0 11
11 92
11 85
11 90
48 85
0 48
85 87
0 41
30 92
44 55
55 87
55 78
0 55
0 92
90 92
87 92
44 92
61 87
61 90
44 61
0 61
87 90
44 75
75 90
0 75
44 90
26 78
26 44
0 26
22 78
51 78
0 78
44 79
0 79
22 44
44 51
22 93
51 93
0 93
22 51
0 22
0 51
0 4
