100 990
65 71
3 71
64 65
3 64
71 95
62 65
3 62
62 95
68 71
62 68
1 65
1 3
1 95
1 68
59 71
59 64
1 59
59 62
40 65
3 40
40 95
40 68
40 59
3 94
94 95
68 94
59 94
71 94
40 94
62 94
1 94
64 94
65 90
3 90
90 95
68 90
59 90
90 94
48 71
48 64
40 48
1 48
48 62
56 65
3 56
56 95
56 68
56 59
56 94
48 56
71 81
40 81
64 81
1 81
62 81
50 65
3 50
50 95
50 68
50 59
50 94
48 50
50 81
44 71
44 64
44 62
1 44
40 44
4 44
68 78
78 94
44 78
3 80
80 95
59 80
80 94
44 80
71 80
1 80
64 80
62 80
40 80
3 66
48 66
71 96
40 96
64 96
62 96
1 96
90 96
2 96
2 78
24 65
3 24
24 59
24 94
24 48
24 78
71 91
79 91
40 79
57 79
16 65
3 16
16 95
16 68
16 59
16 94
16 44
16 80
16 91
44 70
70 80
26 68
26 94
26 48
26 80
26 71
26 63
63 70
3 33
33 95
33 68
33 48
33 44
33 78
24 33
33 40
23 33
33 56
23 75
16 75
79 98
16 98
75 98
52 65
3 52
52 95
52 68
52 59
52 94
52 96
52 80
24 52
52 70
52 79
67 78
40 67
54 67
56 67
48 53
53 80
26 53
40 53
26 47
47 70
47 71
47 97
21 97
75 97
9 47
9 56
9 75
7 9
26 28
28 70
28 54
16 28
28 53
28 67
17 53
17 28
3 45
45 95
45 68
45 59
45 81
45 78
45 91
40 45
45 47
21 45
45 75
9 45
30 91
30 70
23 30
21 30
10 47
10 21
10 53
20 79
20 21
10 20
20 67
37 79
21 37
10 37
28 37
37 66
48 85
80 85
26 85
24 85
23 85
16 85
10 85
9 85
37 85
18 56
18 28
18 45
53 89
9 89
18 89
57 73
20 73
8 95
8 94
8 81
8 80
8 24
8 70
8 79
8 16
8 10
8 9
8 37
8 73
8 20
5 89
14 68
14 94
14 44
14 80
14 24
14 70
14 79
14 54
14 53
9 14
14 18
14 64
14 20
14 85
51 65
3 51
51 95
51 68
51 59
51 94
48 51
51 81
51 96
51 78
24 51
51 70
23 51
51 54
51 53
28 51
18 51
11 51
33 51
14 51
31 51
31 62
2 31
31 98
38 97
38 64
20 38
5 38
31 38
15 75
15 28
15 18
15 73
15 52
15 71
15 31
15 50
15 57
31 61
15 61
4 61
30 61
35 65
3 35
35 95
35 68
35 59
35 48
35 44
35 80
35 91
24 35
35 79
16 35
35 53
35 58
35 37
19 56
19 67
19 45
19 35
25 40
25 54
25 53
25 67
25 45
19 25
25 33
5 25
25 98
75 76
67 76
76 97
19 76
52 76
71 76
1 76
60 65
3 60
60 95
60 68
59 60
60 94
48 60
60 81
60 96
60 78
26 60
60 70
23 60
21 60
56 60
28 60
60 97
60 64
20 60
5 60
60 76
29 91
29 70
29 79
21 29
29 75
28 29
29 97
29 64
29 89
29 90
29 98
29 84
4 29
29 30
29 35
46 89
46 71
18 82
64 82
33 82
14 82
1 82
41 96
41 78
26 41
24 41
23 41
21 41
41 56
28 41
37 41
19 41
41 52
41 90
41 82
2 41
6 47
6 56
6 75
6 58
6 97
6 19
6 52
6 85
32 91
32 40
32 79
21 32
32 56
32 67
32 58
32 64
32 33
5 32
1 32
0 32
8 32
6 32
32 57
24 55
55 70
47 55
54 55
53 55
55 58
18 55
19 55
55 89
55 71
32 55
3 42
42 94
42 48
42 80
26 42
42 70
42 47
16 42
42 53
42 58
18 42
19 42
42 89
42 90
42 98
42 84
26 39
39 40
39 47
39 56
10 39
28 39
39 45
19 39
39 85
14 39
39 98
39 42
39 41
6 39
33 43
43 90
43 82
4 43
52 69
69 71
32 69
2 69
69 93
6 69
62 69
10 13
13 67
13 18
13 64
13 33
5 13
13 98
13 15
4 13
13 63
13 69
13 25
68 77
48 77
77 96
77 78
26 77
40 77
23 77
16 77
56 77
67 77
37 77
64 77
20 77
5 77
77 82
76 77
77 93
27 96
27 78
26 27
24 27
27 79
27 56
27 75
9 27
27 97
11 27
20 27
27 85
27 98
27 84
0 27
8 27
87 97
11 87
20 87
14 87
87 98
42 87
41 87
27 87
12 68
12 59
12 44
12 78
12 26
12 70
12 47
12 21
12 53
12 67
12 45
12 64
12 20
12 14
12 98
2 12
12 17
12 63
12 57
12 51
12 55
12 66
12 87
47 86
16 86
75 86
58 86
45 86
11 86
85 86
14 86
1 86
42 86
0 86
1 74
2 74
4 74
4 49
49 74
43 49
46 49
49 60
8 49
78 83
40 83
47 83
21 83
56 83
67 83
37 83
11 83
33 83
71 83
82 83
76 83
0 83
27 83
35 83
26 72
24 72
72 79
16 72
53 72
58 72
37 72
11 72
20 72
71 72
72 76
2 72
41 72
6 72
69 72
39 72
60 72
62 72
10 34
34 58
34 45
34 73
33 34
34 85
1 34
34 76
17 34
27 34
34 61
34 72
34 38
34 50
34 57
34 62
72 83
51 83
25 83
49 83
62 83
1 99
15 99
30 99
74 99
43 99
13 99
65 88
3 88
88 95
68 88
59 88
88 94
81 88
80 88
26 88
40 88
79 88
54 88
10 88
9 88
18 88
73 88
33 88
5 88
31 88
42 88
88 93
74 88
61 88
87 88
36 45
11 36
36 52
36 71
36 82
36 76
36 41
6 36
36 61
68 92
92 94
48 92
80 92
24 92
40 92
47 92
16 92
53 92
58 92
45 92
64 92
89 92
14 92
1 92
42 92
17 92
30 92
69 92
38 92
36 92
51 92
66 92
57 92
36 88
8 36
22 79
16 22
10 22
22 67
22 97
19 22
22 89
22 85
1 22
22 76
22 93
22 30
22 43
22 87
22 51
22 86
22 36
7 22
29 36
25 88
88 99
57 88
60 99
57 99
49 99
25 74
7 74
74 86
46 74
12 86
46 86
38 86
25 86
29 86
46 87
55 87
8 87
27 50
27 66
27 77
43 77
13 77
8 77
39 77
7 77
62 77
13 38
13 66
7 69
35 69
43 93
30 93
8 93
55 93
43 63
43 50
39 43
8 39
29 39
39 55
42 63
30 42
42 55
30 55
51 55
50 55
7 55
32 50
32 63
4 32
4 6
6 41
6 51
6 35
6 62
17 41
35 41
25 41
17 82
66 82
46 82
35 82
46 84
17 46
7 46
46 50
29 46
29 38
2 84
60 84
66 84
35 84
0 60
60 63
60 61
51 60
50 60
25 76
7 76
25 35
7 25
0 19
19 66
19 98
2 19
35 52
14 35
35 38
35 61
8 61
8 15
15 17
4 15
15 38
0 38
38 63
2 51
4 51
4 14
5 14
5 57
5 8
5 63
4 73
73 89
63 73
52 73
52 89
7 89
1 89
62 89
30 89
11 18
4 18
18 63
18 30
11 62
11 50
11 90
7 11
11 33
11 85
0 85
71 85
50 85
2 85
85 90
37 64
37 90
7 37
37 52
20 37
37 50
20 50
20 90
2 20
10 30
10 64
2 10
10 52
0 10
10 90
28 30
30 45
30 90
30 98
30 63
0 45
1 45
17 45
45 62
17 64
17 52
17 90
17 63
17 57
17 50
28 66
7 28
28 33
28 64
7 90
1 7
0 7
2 9
9 67
0 9
9 71
9 90
1 9
9 97
58 97
33 97
57 97
97 98
2 97
71 97
4 47
47 53
1 47
47 64
47 90
21 53
53 62
53 67
50 53
57 67
62 67
4 67
21 54
54 62
50 54
54 64
4 54
21 71
21 52
16 21
21 62
52 58
52 63
52 66
4 52
50 58
58 63
58 98
33 98
90 98
33 75
57 75
1 75
71 75
66 75
63 75
33 57
33 71
23 71
23 63
23 50
2 23
56 63
57 63
26 70
1 26
26 56
0 26
26 62
24 70
70 71
2 70
16 70
50 70
40 70
16 79
16 66
1 16
2 16
16 57
57 66
66 79
0 79
56 79
40 91
90 91
4 91
64 91
50 91
24 91
24 71
2 24
24 66
24 62
24 56
24 64
2 62
0 2
66 96
66 80
40 66
66 71
0 66
62 66
50 66
78 80
56 80
80 90
71 78
1 78
4 78
64 78
0 78
62 78
50 78
40 78
4 40
4 56
44 56
44 50
56 81
81 90
0 81
0 56
56 90
48 90
40 90
0 90
62 90
0 94
40 71
1 40
0 40
0 59
1 64
1 71
64 68
0 68
0 62
64 95
0 95
64 71
0 3
0 65
