100 495
28 98
19 28
6 19
76 98
19 76
0 76
6 72
72 76
19 52
52 98
0 52
23 52
19 71
71 98
0 71
4 6
4 71
6 13
6 90
76 90
52 90
71 90
90 98
19 90
0 90
28 39
6 39
39 52
39 90
13 39
37 90
12 52
12 71
19 77
77 98
0 77
12 77
69 77
69 72
33 97
44 90
44 72
6 70
70 90
70 98
19 70
0 70
23 70
70 84
37 84
59 84
59 93
18 93
18 49
0 88
18 88
23 88
54 88
75 97
49 75
67 93
45 59
33 45
13 91
37 91
13 51
12 51
51 97
51 61
21 59
21 33
51 85
21 85
67 85
54 85
0 22
64 90
9 19
9 98
9 64
12 36
9 36
36 59
6 57
57 76
52 57
57 71
13 57
32 70
32 40
32 93
32 57
27 52
27 71
27 90
9 27
27 51
27 45
43 97
43 57
43 79
43 91
66 76
52 66
66 90
9 66
4 96
48 96
48 57
56 90
56 72
56 93
45 56
56 74
10 56
10 91
6 63
52 63
63 70
12 63
59 63
33 63
0 63
7 51
7 33
7 27
0 3
3 7
3 66
17 67
0 24
24 54
6 60
60 76
52 60
60 71
12 60
60 72
59 60
21 60
60 67
24 60
41 84
8 41
8 54
8 66
51 95
21 95
74 95
5 95
29 98
29 95
77 87
37 87
55 73
55 57
0 55
55 61
1 52
1 71
1 12
1 72
1 51
1 49
1 79
1 5
0 26
58 67
58 98
23 58
26 58
56 81
58 81
74 82
24 82
63 82
34 82
34 39
20 22
20 95
20 34
42 72
42 49
42 64
42 61
42 98
42 48
20 42
15 25
10 15
89 93
49 89
27 89
58 89
89 98
48 89
20 89
15 89
13 38
38 40
38 93
33 38
38 67
24 38
38 82
53 64
7 53
14 83
14 39
14 18
13 92
40 92
51 92
57 92
64 92
91 92
92 98
44 92
14 92
43 92
19 92
12 78
37 78
78 97
21 78
74 78
27 78
55 78
44 78
46 64
7 46
46 55
50 55
46 50
50 85
22 99
17 99
14 99
38 99
30 64
30 61
30 98
30 39
27 65
7 65
63 65
53 65
4 65
30 65
60 65
19 65
30 99
18 80
60 80
30 80
35 70
35 72
35 73
33 35
0 35
5 35
35 55
35 95
32 35
35 75
35 80
35 42
11 12
11 72
11 59
11 45
11 79
5 11
11 63
11 29
22 68
10 68
11 68
38 68
41 47
47 61
47 66
47 48
20 47
15 47
47 68
8 47
3 68
11 23
11 69
11 31
31 43
30 31
23 31
50 99
50 87
36 50
16 70
16 72
16 96
16 45
16 67
16 61
1 16
16 46
4 16
16 38
16 87
8 16
26 46
8 46
46 78
56 86
86 91
25 86
44 86
81 86
8 86
86 87
78 86
78 92
69 78
14 75
53 83
39 53
13 94
72 94
73 94
21 94
74 94
7 94
63 94
53 94
4 94
60 94
19 94
23 94
53 84
38 53
38 89
84 89
15 36
15 42
34 42
34 60
26 34
23 82
81 82
48 82
17 81
32 81
81 85
26 81
44 58
58 87
1 26
23 62
26 62
26 84
1 84
1 25
1 66
1 55
44 55
0 73
57 73
73 87
45 87
79 87
29 87
10 87
85 87
29 43
29 75
85 95
8 95
18 95
41 64
41 91
25 41
22 25
25 75
19 25
25 60
10 60
17 24
24 39
24 91
2 17
2 32
2 69
2 39
3 17
17 32
17 19
3 85
3 18
3 84
7 32
7 63
18 63
10 63
10 23
19 56
39 56
48 56
56 66
48 54
44 48
48 69
66 96
57 66
66 91
36 66
43 66
18 43
43 84
61 79
27 79
27 36
27 69
27 32
4 32
32 36
40 57
49 57
57 64
36 57
36 54
36 39
36 69
64 93
4 64
5 64
5 61
5 18
5 22
22 84
22 85
19 21
21 39
21 61
19 61
51 98
51 91
45 91
69 91
45 69
45 67
44 67
67 74
74 75
74 98
54 75
69 75
19 75
4 54
49 93
19 93
49 84
23 49
4 49
70 72
59 70
13 70
37 59
23 59
44 59
33 44
4 44
0 33
33 98
69 97
12 19
12 98
12 23
12 37
19 37
4 37
0 37
37 39
37 98
39 72
13 90
13 98
13 19
0 13
4 13
4 98
23 71
71 72
52 72
6 98
0 6
0 28
