100 495
17 78
44 78
15 17
15 44
25 78
15 25
7 25
14 17
14 44
14 25
51 78
15 51
7 51
17 81
44 81
51 81
69 78
15 69
7 69
17 42
42 44
42 51
42 69
24 78
15 24
7 24
24 73
17 18
18 44
18 69
18 78
7 18
15 18
24 28
18 28
28 87
7 65
50 65
72 87
30 69
24 30
7 30
30 61
30 42
30 65
4 42
7 99
23 87
3 23
23 78
23 65
0 88
14 88
58 88
0 38
38 65
78 82
0 29
29 98
19 51
18 19
17 54
44 54
51 54
54 69
24 54
18 54
54 78
7 54
42 54
15 54
27 51
27 54
7 27
3 27
27 78
21 27
2 89
37 87
37 50
37 42
17 67
44 67
67 69
24 67
54 67
61 67
67 78
21 67
14 67
35 62
35 67
4 35
12 35
0 95
21 95
58 95
82 95
17 92
44 92
69 92
18 92
7 92
61 92
62 92
65 92
62 84
84 98
1 84
42 71
14 71
4 71
58 64
64 71
64 95
35 64
51 68
18 68
68 87
61 68
68 78
14 68
4 68
23 68
32 68
17 49
44 49
49 51
18 49
49 54
49 61
42 49
49 78
11 39
11 37
10 54
10 50
10 62
10 21
10 11
10 12
72 79
14 79
1 79
49 79
4 56
56 79
60 92
56 60
42 46
46 65
4 46
13 46
46 60
11 76
57 78
14 57
57 96
20 57
57 79
28 57
72 90
90 98
89 90
71 90
2 31
29 31
19 31
31 49
9 31
9 35
9 84
42 86
86 98
11 86
26 86
0 63
63 65
58 63
26 63
60 63
58 94
12 94
94 99
27 94
19 94
55 94
63 94
10 41
7 34
3 34
34 78
14 34
4 34
34 71
34 41
34 66
66 88
34 88
34 90
91 99
5 78
5 85
85 87
0 85
65 85
85 96
52 96
20 52
80 87
72 80
78 80
80 98
80 82
52 80
80 95
80 85
27 80
80 83
68 80
73 80
52 99
15 52
52 85
52 81
17 59
44 59
24 59
54 59
59 87
3 59
59 62
59 67
1 59
52 59
59 92
59 76
59 88
33 82
13 33
40 41
33 40
40 97
53 97
84 97
63 97
55 97
39 93
86 93
43 81
19 43
43 93
15 43
93 97
37 40
40 49
15 40
33 49
33 59
2 33
70 82
70 79
10 70
57 70
28 70
33 70
1 16
16 26
16 92
16 36
16 88
16 33
16 70
28 77
19 77
16 77
30 77
55 70
19 59
22 59
22 64
15 22
7 48
48 72
48 78
21 48
4 48
26 48
48 95
48 57
48 81
22 48
37 48
2 48
32 85
56 85
37 85
36 85
47 51
18 47
47 54
47 72
47 62
47 67
1 47
47 71
47 99
47 85
47 56
46 47
47 55
47 68
5 36
5 81
36 61
0 36
14 36
36 89
20 36
36 99
36 91
36 86
29 36
27 91
42 45
45 65
45 89
23 45
10 45
45 76
45 84
45 46
45 91
19 45
69 74
24 74
54 74
3 74
62 74
65 74
8 99
8 74
23 74
74 99
49 74
39 74
63 74
74 91
9 74
34 91
9 34
38 41
41 53
41 81
53 94
6 53
39 53
53 81
6 63
46 63
26 28
26 92
86 92
84 86
29 86
9 86
31 90
57 90
27 90
64 90
30 90
35 57
20 76
76 95
76 84
38 76
46 76
46 81
30 60
60 73
37 56
15 56
56 81
15 79
27 79
10 79
10 88
10 55
11 73
11 49
11 81
49 68
30 49
6 68
37 68
6 32
28 32
6 83
6 38
29 83
64 83
39 75
64 75
73 75
15 75
71 84
29 71
30 71
84 92
1 92
92 95
35 95
2 35
35 73
15 62
55 62
14 62
55 67
55 89
23 55
55 88
39 67
15 67
37 67
13 37
29 37
13 23
13 73
2 13
2 38
2 30
27 89
23 27
27 28
19 54
19 50
19 42
19 98
19 96
19 23
29 96
82 96
29 73
81 98
82 98
15 82
28 82
38 82
12 38
28 38
30 38
12 39
12 88
23 58
3 99
72 99
21 99
39 99
21 28
4 21
4 30
61 72
39 61
61 81
61 73
15 72
42 72
72 78
65 72
14 50
28 50
28 42
18 73
14 18
18 81
73 87
0 73
14 73
39 73
24 42
24 81
7 42
69 81
14 69
0 81
14 51
7 14
7 15
7 44
7 78
78 87
7 17
7 87
39 87
0 39
