100 2475
64 96
28 96
2 64
2 28
64 79
28 79
79 96
2 79
18 64
18 28
18 79
64 73
28 73
73 79
73 96
2 73
60 64
28 60
60 79
60 73
63 96
2 63
60 63
18 63
46 64
28 46
46 79
46 73
46 63
32 64
28 32
32 79
32 73
32 63
2 32
32 96
32 60
18 32
30 64
28 30
30 79
30 73
30 63
30 32
39 96
2 39
39 60
18 39
39 46
20 64
20 28
20 79
20 73
20 63
20 32
20 39
64 76
28 76
76 79
73 76
63 76
32 76
39 76
76 96
2 76
18 76
60 76
46 76
20 76
64 70
28 70
70 79
70 73
63 70
32 70
39 70
70 76
30 70
64 81
79 81
63 81
32 81
76 81
30 81
81 96
2 81
18 81
60 81
46 81
70 81
20 81
47 64
28 47
47 79
47 73
47 63
32 47
39 47
47 76
30 47
47 81
13 76
13 30
13 96
2 13
13 18
13 60
13 70
13 20
13 46
13 47
64 83
28 83
79 83
73 83
63 83
32 83
39 83
76 83
30 83
81 83
13 83
10 79
10 32
10 76
10 81
10 13
2 10
10 96
10 18
10 60
10 70
10 46
10 20
10 83
10 47
0 10
64 65
28 65
65 79
65 73
63 65
32 65
39 65
65 76
30 65
65 81
13 65
10 65
73 90
39 90
30 90
13 90
90 96
2 90
60 90
18 90
46 90
20 90
70 90
83 90
47 90
0 90
65 90
64 68
28 68
68 79
68 73
63 68
32 68
39 68
68 76
30 68
68 81
13 68
10 68
68 90
40 73
32 40
30 40
40 81
13 40
40 96
2 40
18 40
40 60
40 70
20 40
40 46
40 47
40 83
40 65
0 40
40 68
12 64
12 28
12 79
12 73
12 63
12 32
12 39
12 76
12 30
12 81
12 13
10 12
12 90
12 40
12 96
30 78
78 81
10 78
78 96
2 78
18 78
60 78
46 78
70 78
20 78
47 78
78 83
65 78
12 78
0 78
68 78
54 64
28 54
54 79
54 73
54 63
32 54
39 54
54 76
30 54
54 81
13 54
10 54
54 90
40 54
54 96
54 78
46 54
10 93
40 93
93 96
46 93
2 93
18 93
60 93
70 93
20 93
83 93
47 93
12 93
65 93
68 93
0 93
95 96
93 95
51 96
46 51
31 64
31 79
31 73
31 63
31 32
31 39
30 31
31 81
10 31
31 90
31 96
31 46
2 31
18 31
31 60
31 70
20 31
31 83
31 47
31 68
31 65
12 31
0 31
19 64
19 28
19 79
19 73
19 63
19 32
19 39
19 76
19 30
19 81
13 19
10 19
19 90
19 40
19 96
19 93
19 31
19 70
35 64
28 35
35 79
35 73
35 63
32 35
35 39
35 76
30 35
35 81
13 35
10 35
35 90
35 40
35 96
35 46
31 35
35 51
2 35
18 35
35 60
20 35
35 83
35 47
11 64
11 28
11 79
11 73
11 32
11 76
11 30
11 81
10 11
11 90
11 78
11 46
22 73
22 32
22 30
22 81
13 22
22 96
22 46
22 93
2 22
22 60
18 22
22 70
20 22
22 47
22 83
12 22
22 68
22 65
0 22
56 64
28 56
56 79
56 73
56 63
32 56
39 56
56 76
30 56
13 56
56 90
56 96
56 78
22 56
31 56
56 70
56 66
72 76
72 81
72 90
40 72
72 96
46 72
22 72
51 72
2 72
18 72
60 72
20 72
72 83
0 72
64 87
28 87
79 87
73 87
63 87
32 87
39 87
76 87
30 87
81 87
13 87
10 87
87 90
40 87
87 96
46 87
22 87
70 87
72 87
25 96
25 46
22 25
25 70
25 66
2 25
25 60
18 25
20 25
53 64
28 53
53 79
53 73
53 63
32 53
39 53
53 76
30 53
53 81
13 53
10 53
53 90
40 53
53 78
22 53
51 53
53 70
53 66
25 53
2 75
60 75
18 75
20 75
65 75
61 64
28 61
61 79
61 73
61 63
32 61
39 61
61 76
30 61
61 81
10 61
40 61
61 78
46 61
31 61
51 61
61 66
61 72
61 75
11 61
53 61
30 82
81 82
82 90
82 96
78 82
46 82
31 82
51 82
66 82
25 82
75 82
65 82
53 82
2 82
61 82
10 44
40 44
44 96
44 46
22 44
44 70
35 44
25 44
30 84
81 84
13 84
84 90
84 96
84 93
31 84
51 84
35 84
72 84
2 84
18 84
60 84
20 84
64 71
28 71
71 79
71 73
63 71
32 71
39 71
71 76
30 71
71 81
71 90
40 71
71 96
71 93
22 71
70 71
66 71
71 72
71 84
11 71
2 14
14 18
14 60
17 84
11 17
14 17
64 80
28 80
79 80
73 80
63 80
32 80
39 80
76 80
30 80
13 80
80 90
80 96
78 80
46 80
51 80
70 80
66 80
25 80
75 80
65 80
79 97
39 97
30 97
81 97
10 97
40 97
46 97
93 97
22 97
70 97
66 97
72 97
84 97
65 97
2 97
18 97
60 97
23 90
23 40
23 96
23 93
23 31
23 70
23 35
23 25
23 75
23 97
14 23
23 82
42 64
42 79
42 73
42 63
32 42
39 42
42 76
30 42
42 90
40 42
42 96
22 42
31 42
42 70
35 42
25 42
42 75
42 65
14 42
42 82
59 64
28 59
59 79
59 73
32 59
39 59
59 76
30 59
10 59
40 59
59 78
59 93
31 59
59 70
59 66
59 72
59 75
11 59
59 97
59 80
42 59
59 71
49 64
28 49
49 79
49 73
49 63
32 49
39 49
49 76
30 49
13 49
49 90
40 49
49 96
46 49
22 49
49 51
49 66
25 49
49 75
11 49
14 49
49 53
49 87
42 49
16 79
16 32
16 30
13 16
16 90
16 40
16 96
16 93
16 22
16 70
16 35
16 72
16 84
11 16
14 16
16 80
16 87
76 86
13 86
86 90
86 96
78 86
86 93
31 86
70 86
35 86
72 86
84 86
86 97
53 86
80 86
86 87
42 86
26 35
25 26
26 84
26 65
26 53
26 80
26 42
26 86
26 49
64 67
28 67
67 79
67 73
63 67
32 67
39 67
67 76
30 67
67 81
13 67
40 67
67 78
46 67
31 67
67 70
66 67
25 67
65 67
11 67
14 67
53 67
67 87
67 71
49 67
30 36
36 81
10 36
36 40
36 46
36 93
31 36
36 70
35 36
25 36
36 84
11 36
36 97
36 82
36 80
36 71
36 49
76 85
81 85
10 85
40 85
78 85
85 93
31 85
51 85
66 85
25 85
75 85
11 85
14 85
80 85
85 87
85 86
36 85
67 85
83 85
48 64
28 48
48 79
48 73
32 48
39 48
48 76
13 48
10 48
40 48
48 96
48 93
48 51
48 70
35 48
25 48
48 75
48 97
14 48
48 82
48 80
48 86
48 49
48 67
37 64
28 37
37 79
37 73
32 37
37 39
30 37
37 81
37 90
37 96
37 78
37 46
22 37
37 51
35 37
25 37
37 75
37 65
37 97
37 80
37 87
37 71
37 49
37 67
45 64
28 45
45 79
45 73
45 63
32 45
45 76
45 81
13 45
40 45
45 78
45 46
31 45
45 70
35 45
25 45
45 75
11 45
45 97
45 82
45 87
45 71
36 45
45 83
37 45
10 15
15 40
15 96
15 93
15 31
15 70
15 35
15 25
15 84
11 15
15 53
15 80
15 42
15 71
15 49
15 67
58 79
32 58
30 58
58 81
10 58
40 58
58 78
46 58
22 58
58 70
35 58
58 72
58 75
58 65
53 58
58 80
42 58
58 71
49 58
58 67
58 83
56 58
58 61
30 99
81 99
10 99
96 99
78 99
46 99
22 99
70 99
35 99
25 99
65 99
11 99
97 99
80 99
42 99
71 99
36 99
83 99
58 99
48 99
4 53
4 80
4 87
4 71
4 49
4 83
4 37
4 15
4 59
73 94
32 94
76 94
13 94
10 94
90 94
78 94
22 94
31 94
51 94
66 94
72 94
84 94
65 94
94 97
82 94
42 94
71 94
86 94
67 94
37 94
58 94
4 94
13 77
40 77
77 78
77 93
31 77
51 77
35 77
72 77
77 84
11 77
53 77
77 82
77 87
71 77
77 86
77 83
58 77
48 77
4 77
69 76
30 69
69 90
69 96
46 69
69 93
22 69
69 70
35 69
69 72
69 84
11 69
53 69
69 82
69 87
69 71
36 69
69 83
37 69
58 69
4 69
69 77
66 98
72 98
84 98
65 98
53 98
80 98
87 98
86 98
49 98
67 98
83 98
48 98
59 98
13 34
34 96
34 78
34 93
22 34
34 51
34 35
34 72
34 65
34 97
14 34
34 80
34 42
34 86
34 49
34 67
34 37
34 58
34 59
64 92
79 92
73 92
32 92
76 92
30 92
10 92
92 96
46 92
92 93
31 92
70 92
66 92
25 92
84 92
11 92
14 92
82 92
80 92
86 92
49 92
83 92
58 92
15 92
4 92
34 92
92 98
69 92
68 92
64 89
28 89
79 89
73 89
63 89
32 89
39 89
76 89
30 89
81 89
13 89
10 89
89 90
40 89
89 96
46 89
31 89
51 89
66 89
25 89
84 89
11 89
14 89
82 89
42 89
86 89
36 89
67 89
83 89
15 89
59 89
34 89
69 89
45 89
0 89
3 78
3 46
3 31
3 51
3 35
3 25
3 84
3 65
3 97
3 80
3 87
3 71
3 36
3 67
3 37
3 15
3 48
3 77
3 34
0 3
3 89
3 44
1 64
1 28
1 79
1 73
1 63
1 32
1 39
1 76
1 30
1 13
1 10
1 96
1 78
1 46
1 22
1 51
1 35
1 72
1 84
1 65
1 53
1 82
1 42
1 71
1 36
1 83
1 58
1 15
1 48
1 34
1 98
1 45
1 68
1 44
1 94
1 3
5 64
5 79
5 32
5 39
5 30
5 13
5 90
5 96
5 78
5 46
5 22
5 51
5 66
5 72
5 75
5 97
5 53
5 82
5 80
5 86
5 49
5 83
5 58
5 15
5 59
4 5
5 98
5 69
5 89
55 75
11 55
55 97
55 82
55 87
42 55
49 55
55 83
37 55
15 55
48 55
34 55
55 98
55 69
55 68
44 55
18 55
2 55
5 55
21 22
21 70
21 66
21 25
21 84
21 65
21 97
21 82
21 80
21 86
21 36
21 67
21 37
21 58
4 21
21 77
21 98
21 45
21 68
21 55
1 21
27 31
27 70
27 66
25 27
27 75
27 65
27 53
27 82
27 42
27 86
27 49
27 36
27 58
15 27
4 27
27 34
27 98
27 45
27 68
27 55
1 27
24 64
24 28
24 79
24 73
24 32
24 39
24 76
24 30
13 24
24 40
24 46
24 93
22 24
24 51
24 35
24 72
24 65
11 24
24 53
24 82
24 42
24 86
24 36
24 67
24 37
15 24
24 59
24 77
24 98
24 45
24 68
24 55
1 24
24 47
41 84
11 41
41 97
41 53
41 87
41 42
41 86
41 83
37 41
15 41
41 48
41 77
41 69
41 45
41 68
41 89
41 55
24 41
27 41
88 96
46 88
31 88
70 88
35 88
72 88
84 88
65 88
14 88
53 88
87 88
86 88
36 88
83 88
37 88
15 88
59 88
77 88
69 88
0 88
68 88
44 88
88 94
27 88
17 88
62 96
62 93
51 62
62 70
62 66
62 72
62 84
11 62
14 62
53 62
62 87
62 71
62 86
62 83
37 62
15 62
59 62
34 62
62 69
45 62
0 62
44 62
62 94
1 62
62 88
62 92
78 91
46 91
31 91
51 91
35 91
25 91
84 91
65 91
91 97
82 91
87 91
71 91
36 91
67 91
58 91
15 91
59 91
34 91
91 98
69 91
68 91
89 91
91 94
1 91
29 64
28 29
29 79
29 73
29 63
29 32
29 39
29 76
29 30
29 81
13 29
10 29
29 90
29 40
29 96
29 78
29 46
29 93
29 31
29 51
29 35
25 29
29 84
11 29
29 97
29 82
29 87
29 71
29 49
29 67
29 37
15 29
29 59
29 34
29 98
0 29
29 89
29 44
29 94
24 29
29 85
38 64
28 38
38 79
38 73
38 63
32 38
38 39
38 76
30 38
38 81
13 38
10 38
38 90
38 40
38 96
38 78
38 46
38 93
31 38
38 51
35 38
25 38
38 75
11 38
38 97
38 82
38 80
38 86
38 49
36 38
37 38
15 38
38 59
4 38
38 98
38 69
38 89
38 55
1 38
27 38
29 38
38 88
21 38
13 50
50 96
50 78
50 93
31 50
50 70
50 66
25 50
50 84
11 50
14 50
50 80
42 50
50 71
49 50
50 67
50 83
48 50
50 59
4 50
34 50
45 50
50 89
44 50
1 50
27 50
50 88
50 92
50 91
6 30
6 81
6 10
6 90
6 46
6 93
6 22
6 70
6 35
6 25
6 75
6 65
6 14
6 82
6 80
6 42
6 49
6 67
6 37
6 48
6 59
6 77
6 69
0 6
6 89
6 44
1 6
6 24
6 29
6 92
6 21
6 50
6 95
6 99
2 6
6 62
6 56
6 12
6 26
6 16
6 61
6 20
52 64
52 79
52 73
52 63
32 52
39 52
52 76
13 52
52 90
52 96
52 78
52 93
22 52
51 52
52 66
52 72
52 75
52 65
14 52
52 53
52 80
52 71
36 52
52 83
52 58
15 52
48 52
34 52
52 69
0 52
52 68
44 52
1 52
24 52
27 52
52 92
19 52
5 52
8 64
8 79
8 73
8 39
8 30
8 81
8 90
8 40
8 78
8 93
8 22
8 70
8 35
8 72
8 65
8 97
8 14
8 82
8 87
8 86
8 36
8 83
8 37
8 48
4 8
8 77
8 69
8 45
0 8
8 55
1 8
8 24
8 29
8 21
8 91
8 19
8 52
8 20
8 38
8 60
8 85
43 64
28 43
43 79
43 73
32 43
39 43
30 43
13 43
10 43
43 90
43 96
43 93
31 43
43 70
43 66
43 72
43 84
11 43
43 97
43 82
43 87
42 43
43 49
36 43
43 83
15 43
43 48
4 43
43 69
0 43
43 89
43 55
1 43
24 43
43 88
43 92
19 43
43 50
8 43
43 95
41 43
43 62
23 43
43 56
64 74
28 74
74 79
73 74
63 74
39 74
74 76
30 74
10 74
74 90
74 78
46 74
22 74
51 74
66 74
72 74
74 75
65 74
53 74
74 82
42 74
74 86
49 74
67 74
37 74
58 74
4 74
74 77
34 74
45 74
0 74
74 89
74 94
24 74
29 74
74 92
19 74
50 74
74 95
74 99
47 74
2 74
23 74
43 74
57 64
28 57
57 79
57 73
57 63
32 57
39 57
57 76
30 57
57 81
13 57
10 57
57 90
40 57
57 96
57 78
46 57
57 93
22 57
51 57
57 66
57 72
57 84
57 65
57 97
53 57
57 80
57 71
49 57
36 57
57 58
48 57
4 57
57 77
57 98
0 57
57 89
55 57
57 94
24 57
57 88
57 92
57 91
19 57
57 95
41 57
2 57
3 57
56 57
43 57
9 84
9 11
9 97
9 53
9 80
9 86
9 49
9 83
9 58
9 48
4 9
9 77
9 69
9 45
9 68
9 44
9 94
9 27
9 29
9 21
9 91
5 9
8 9
9 41
9 47
2 9
3 9
9 12
9 57
9 26
9 61
9 85
9 38
9 54
7 64
7 32
7 30
7 81
7 10
7 96
7 78
7 46
7 31
7 51
7 66
7 72
7 84
7 11
7 14
7 80
7 87
7 71
7 86
7 36
7 58
7 15
7 48
7 77
7 69
0 7
7 68
7 55
1 7
7 27
7 29
7 21
7 91
5 7
7 8
7 99
7 47
2 7
7 23
7 43
7 12
7 16
7 17
7 9
7 52
6 7
7 85
7 74
9 74
18 57
54 57
22 33
33 70
33 35
33 72
33 75
33 65
33 97
33 82
33 87
33 42
33 49
33 36
33 37
33 48
33 59
33 34
33 69
33 45
33 68
33 44
33 94
27 33
29 33
21 33
33 91
19 33
5 33
33 99
33 41
33 62
23 33
33 43
33 57
16 33
17 33
20 33
33 60
33 38
33 54
33 74
57 85
16 57
57 74
57 60
26 74
17 74
52 74
38 74
43 61
43 54
43 52
17 43
8 18
8 47
8 26
8 23
8 54
8 16
52 99
41 52
52 62
23 52
12 52
16 52
17 52
20 52
38 52
6 52
6 60
6 54
38 50
2 50
26 50
20 50
3 50
41 50
50 85
50 54
12 50
50 61
50 60
17 50
38 99
2 38
3 38
23 38
38 56
26 38
18 38
38 61
38 85
26 29
20 29
21 29
23 29
2 29
12 29
29 91
29 92
29 56
29 99
21 91
56 91
62 91
17 91
60 91
3 91
47 91
91 95
61 91
12 91
16 91
19 62
5 62
62 95
47 62
17 62
12 62
54 62
62 85
56 62
3 62
23 62
19 88
3 88
18 88
88 95
60 88
47 88
54 88
5 88
16 88
61 88
41 88
56 88
19 41
5 41
41 99
41 56
12 41
16 41
41 47
41 61
26 41
18 41
18 24
24 54
17 24
24 95
3 24
24 61
24 56
24 85
24 92
24 27
5 27
16 27
21 27
2 27
12 27
20 27
27 99
19 27
23 27
26 27
21 54
3 21
18 21
17 21
21 85
21 99
21 23
2 21
5 21
20 21
12 55
55 95
55 60
26 55
54 55
55 85
17 55
55 99
1 5
5 92
5 99
5 56
5 23
5 18
5 16
5 95
3 5
5 61
5 12
1 20
1 26
1 47
1 18
1 60
3 95
3 47
3 16
3 60
3 26
3 18
3 17
3 20
3 61
2 89
54 89
61 89
89 99
60 89
17 89
16 89
23 89
89 92
89 94
92 94
26 92
16 92
19 92
12 92
20 92
92 95
61 92
47 92
60 92
34 47
34 95
12 34
18 34
34 98
34 56
20 34
16 34
26 34
34 94
34 61
34 85
44 98
12 98
68 98
56 98
69 98
17 98
45 98
54 98
98 99
95 98
60 98
19 98
18 98
0 69
2 69
20 69
47 69
23 69
19 69
69 99
23 77
0 77
19 77
16 77
68 77
2 77
77 99
44 77
26 77
77 94
17 77
54 77
60 77
0 94
68 94
23 94
56 94
54 94
60 94
16 94
61 94
19 94
2 94
94 95
12 94
4 56
4 17
4 95
4 19
4 99
4 54
4 20
4 68
4 45
4 85
4 61
44 99
19 99
95 99
2 99
61 99
23 99
17 99
60 99
26 99
44 58
58 60
16 58
47 58
20 58
18 58
15 58
58 68
17 58
15 20
2 15
15 19
12 15
15 47
15 45
15 26
0 15
15 23
45 59
23 45
20 45
45 95
45 54
45 60
2 45
45 56
0 45
18 45
12 45
45 68
37 48
23 37
37 95
12 37
37 59
17 37
2 37
19 37
37 68
37 54
48 61
18 48
48 59
48 95
48 60
48 85
44 48
48 56
48 54
16 48
26 48
59 85
0 85
68 85
44 85
19 85
85 95
47 85
23 85
12 85
16 85
61 85
60 85
54 85
19 36
36 60
36 47
23 36
2 36
36 83
12 36
36 67
20 36
36 59
19 67
67 95
23 67
56 67
60 67
61 67
54 67
18 67
26 67
0 67
47 67
26 83
0 26
26 68
19 26
23 26
26 56
26 61
20 26
17 26
18 26
56 86
23 86
16 86
68 86
61 86
18 86
0 86
17 86
86 95
16 49
16 83
16 59
0 16
16 44
16 47
16 23
12 16
16 18
16 60
44 49
20 49
49 68
49 56
49 59
49 54
2 59
59 61
12 59
59 60
44 59
18 59
47 59
0 59
23 59
42 71
42 95
23 42
12 42
2 42
20 42
0 42
42 44
42 83
42 54
17 42
42 61
23 44
19 23
23 47
23 56
56 97
68 97
83 97
44 97
53 97
80 97
95 97
0 97
2 80
18 80
17 80
19 80
56 80
68 80
0 80
80 83
17 87
17 83
0 17
17 44
17 95
2 17
17 18
17 61
17 60
14 71
14 54
14 87
14 20
14 47
71 82
20 71
47 71
18 71
60 71
2 71
44 71
0 71
12 71
71 95
19 71
19 84
84 87
11 84
0 84
44 84
11 44
44 82
44 83
0 44
44 68
19 44
44 56
20 44
44 47
44 61
12 82
82 83
20 82
82 95
60 82
61 87
0 61
2 61
18 61
20 61
54 75
75 95
53 75
47 75
75 83
56 75
12 75
53 65
2 53
53 56
53 60
19 53
12 53
18 53
53 68
53 54
53 87
47 53
25 87
11 25
25 47
12 25
25 83
0 25
19 25
65 87
2 87
68 87
47 87
19 87
18 87
56 87
54 87
60 87
47 72
54 72
72 95
68 72
65 72
56 72
0 56
56 95
2 56
56 60
18 56
12 56
54 56
22 54
11 22
11 35
11 66
2 11
11 60
11 18
11 47
0 11
11 19
11 20
11 83
35 68
35 65
35 66
35 54
2 66
18 66
60 66
20 66
66 83
47 66
66 68
66 95
19 66
12 66
19 68
18 19
2 19
19 54
19 47
31 51
2 51
18 51
51 60
51 70
20 51
51 83
47 51
51 68
0 51
51 95
12 51
51 65
70 95
65 95
68 95
2 95
54 95
20 95
18 95
54 93
54 70
54 65
47 54
18 54
20 54
54 60
12 46
12 70
12 65
12 83
12 68
12 47
12 18
12 20
12 60
68 96
46 68
65 68
68 83
20 68
47 68
65 96
46 65
65 70
2 65
60 65
18 65
20 65
83 96
46 83
70 83
2 83
0 83
0 13
47 96
46 47
47 70
0 47
2 47
20 47
0 81
70 96
46 70
2 70
60 70
18 70
20 70
0 70
30 76
0 76
20 30
20 96
20 46
2 20
18 20
20 60
30 39
0 39
2 30
30 96
30 60
18 30
30 46
0 30
32 46
0 32
46 96
2 46
46 60
18 46
0 46
0 63
60 96
2 60
18 73
0 73
18 96
0 18
0 79
2 96
0 28
0 96
0 64
