100 2475
14 65
2 65
14 24
2 24
14 96
2 96
65 96
24 96
14 94
2 94
94 96
59 65
24 59
59 94
14 93
2 93
93 96
59 93
87 96
59 87
65 87
24 87
87 94
87 93
14 74
2 74
74 96
59 74
74 87
14 73
2 73
73 96
59 73
73 87
65 73
24 73
73 94
73 93
73 74
14 81
2 81
81 96
59 81
81 87
73 81
50 65
24 50
50 94
50 93
50 81
50 74
14 56
2 56
56 96
56 59
56 87
56 73
50 56
15 96
15 87
15 65
15 24
15 94
15 93
15 81
15 74
15 56
14 29
2 29
29 96
29 59
29 87
29 73
29 50
15 29
44 65
24 44
44 94
44 93
44 81
44 74
44 56
14 27
2 27
27 96
27 59
27 87
27 73
27 50
15 27
27 44
65 80
24 80
80 94
80 93
80 81
74 80
56 80
27 80
14 20
2 20
20 96
20 59
20 87
20 73
20 50
15 20
20 44
20 80
2 32
32 96
32 59
32 87
32 50
32 80
32 65
24 32
32 94
32 93
32 81
32 74
32 56
29 32
27 32
20 32
14 61
2 61
61 96
59 61
61 87
61 73
50 61
15 61
44 61
61 80
32 61
45 61
7 14
2 7
7 96
7 59
7 87
7 73
7 50
7 15
7 44
7 80
7 45
7 65
7 24
7 94
7 93
7 74
7 81
7 56
7 20
7 29
7 27
14 43
2 43
43 96
43 59
43 87
43 73
43 50
15 43
43 44
43 80
32 43
43 45
7 43
14 99
2 99
96 99
59 99
87 99
73 99
15 99
44 99
32 99
65 99
24 99
94 99
93 99
81 99
74 99
56 99
27 99
29 99
20 99
61 99
10 14
2 10
10 96
10 59
10 87
10 73
10 50
10 15
10 44
10 80
10 32
10 45
7 10
10 99
28 96
28 59
28 73
28 44
28 32
7 28
28 65
24 28
28 94
28 93
28 74
28 81
28 56
20 28
28 29
27 28
10 28
28 43
14 95
2 95
95 96
59 95
87 95
73 95
50 95
15 95
44 95
80 95
32 95
45 95
7 95
95 99
28 95
65 82
24 82
82 94
82 93
74 82
81 82
56 82
29 82
20 82
27 82
10 82
43 82
61 82
82 95
8 14
2 8
8 96
8 59
8 87
8 73
8 50
8 15
8 44
8 80
8 32
8 45
7 8
8 99
8 28
8 82
14 63
2 63
63 96
59 63
63 87
63 73
50 63
15 63
44 63
63 80
32 63
45 63
7 63
63 99
28 63
63 65
24 63
63 94
63 93
63 81
63 74
56 63
20 63
27 63
29 63
61 63
10 63
43 63
63 95
14 84
2 84
84 96
59 84
84 87
73 84
50 84
15 84
44 84
80 84
32 84
45 84
7 84
84 99
28 84
82 84
63 84
65 67
24 67
67 94
67 93
67 81
67 74
56 67
27 67
29 67
20 67
61 67
67 95
43 67
10 67
14 36
2 36
36 96
36 59
36 87
36 73
36 50
15 36
36 44
36 80
32 36
36 45
7 36
36 99
28 36
36 82
36 63
36 67
20 36
65 91
24 91
91 94
91 93
81 91
74 91
56 91
29 91
27 91
10 91
91 95
61 91
43 91
84 91
14 46
2 46
46 96
46 59
46 87
46 73
46 50
15 46
44 46
46 80
32 46
45 46
7 46
46 99
28 46
46 82
46 63
46 67
20 46
46 91
46 74
46 95
65 92
24 92
92 94
92 93
81 92
56 92
27 92
29 92
47 92
14 51
2 51
51 96
51 59
51 87
51 73
50 51
15 51
44 51
51 80
32 51
45 51
7 51
51 99
28 51
51 82
51 63
51 67
20 51
51 91
14 89
2 89
89 96
59 89
87 89
73 89
50 89
15 89
44 89
80 89
32 89
45 89
7 89
89 99
28 89
82 89
63 89
67 89
65 89
24 89
89 94
89 93
74 89
81 89
56 89
29 89
27 89
89 95
61 89
43 89
10 89
12 15
12 80
12 32
12 99
12 82
12 20
12 89
12 74
12 51
69 73
44 69
45 69
69 99
63 69
67 69
20 69
69 95
69 92
51 69
65 69
24 69
69 94
69 93
69 81
56 69
11 14
2 11
11 96
11 59
11 87
11 73
11 50
11 15
11 44
11 80
11 32
11 45
7 11
11 99
11 28
11 20
11 74
11 95
11 92
11 69
65 72
24 72
72 94
72 93
72 81
56 72
72 84
21 89
21 95
21 92
21 69
21 72
49 96
49 73
15 49
32 49
45 49
7 49
28 49
20 49
49 74
49 95
49 51
68 73
68 80
7 68
68 99
28 68
20 68
68 74
68 95
51 68
65 68
24 68
68 94
68 93
68 81
56 68
27 68
29 68
2 6
6 96
6 73
6 15
6 45
6 99
6 63
6 67
6 89
6 74
6 92
6 68
6 72
14 40
2 40
40 96
40 59
40 87
40 73
15 40
40 44
40 45
7 40
40 63
20 40
40 89
14 78
2 78
78 96
59 78
78 87
73 78
50 78
32 78
45 78
78 99
78 82
67 78
74 78
78 95
65 78
24 78
78 94
78 93
78 81
56 78
29 78
27 78
43 78
14 48
2 48
48 96
48 59
48 87
48 73
48 50
15 48
44 48
48 80
32 48
45 48
7 48
48 99
28 48
48 82
48 63
20 48
48 89
48 78
48 51
48 68
48 69
40 48
48 84
74 86
86 95
78 86
51 86
39 50
39 80
32 39
7 39
39 63
39 67
39 89
39 95
39 51
39 68
39 69
39 65
24 39
39 94
39 93
39 81
39 56
9 89
9 95
9 92
9 69
9 39
9 40
9 56
9 43
14 88
2 88
88 96
59 88
87 88
73 88
50 88
15 88
44 88
80 88
32 88
45 88
7 88
88 99
28 88
82 88
63 88
67 88
20 88
78 88
88 92
69 88
39 88
49 88
84 88
43 88
48 88
65 88
24 88
88 94
88 93
14 17
2 17
17 96
17 59
17 87
17 73
17 50
17 80
17 32
7 17
17 63
17 67
17 74
17 78
17 51
17 68
17 69
17 49
17 84
17 86
17 88
30 63
20 30
30 89
30 74
30 92
30 68
30 39
30 49
30 84
30 43
30 48
30 65
24 30
30 94
30 93
57 84
57 86
30 57
71 96
71 87
15 71
71 80
45 71
71 99
28 71
63 71
71 91
71 74
71 78
68 71
69 71
49 71
56 71
71 86
48 71
30 71
65 71
24 71
71 94
71 93
70 91
70 74
70 92
69 70
70 72
40 70
70 84
70 86
48 70
70 71
47 70
10 70
14 60
2 60
60 96
59 60
60 87
60 73
50 60
15 60
44 60
60 80
32 60
45 60
7 60
60 99
60 63
20 60
60 74
60 78
51 60
60 68
39 60
40 60
60 84
43 60
48 60
60 71
13 73
13 44
13 45
13 99
13 28
13 67
13 74
13 95
13 92
13 68
13 39
13 72
13 56
13 84
13 88
13 30
13 65
13 24
13 94
64 84
43 64
64 88
47 64
13 64
46 64
17 64
0 64
64 81
41 74
41 78
41 92
41 51
41 72
40 41
41 84
41 86
41 48
41 71
41 47
10 41
9 41
0 41
2 66
66 96
59 66
66 87
66 73
50 66
15 66
44 66
32 66
7 66
63 66
20 66
66 89
66 74
66 78
66 69
39 66
49 66
56 66
66 86
48 66
30 66
47 66
10 66
9 66
0 66
65 66
2 62
62 96
59 62
62 87
62 73
50 62
15 62
62 80
7 62
62 99
62 82
20 62
62 91
62 74
62 78
51 62
62 72
40 62
56 62
62 86
62 88
62 71
47 62
46 62
60 62
9 62
62 66
35 63
20 35
35 74
35 95
35 78
35 68
35 72
35 40
35 49
35 86
35 88
30 35
13 35
10 35
9 35
0 35
2 42
42 73
42 50
42 44
32 42
42 99
28 42
20 42
42 89
42 95
42 78
42 68
39 42
40 42
42 56
42 43
42 88
42 71
13 42
42 46
17 42
0 42
42 65
29 42
14 85
2 85
85 96
59 85
85 87
73 85
50 85
15 85
44 85
32 85
45 85
7 85
28 85
67 85
85 91
85 95
85 92
51 85
39 85
49 85
84 85
85 86
48 85
71 85
13 85
10 85
60 85
42 85
66 85
41 85
50 76
15 76
45 76
7 76
63 76
20 76
76 89
74 76
76 78
51 76
69 76
40 76
56 76
43 76
76 88
71 76
47 76
46 76
17 76
0 76
42 76
76 81
41 76
65 76
64 76
14 97
2 97
96 97
59 97
87 97
73 97
50 97
15 97
44 97
80 97
32 97
7 97
82 97
20 97
89 97
78 97
92 97
69 97
39 97
40 97
56 97
43 97
48 97
30 97
47 97
46 97
60 97
0 97
42 97
35 97
76 97
75 91
75 95
75 92
68 75
72 75
40 75
75 84
75 86
48 75
71 75
47 75
10 75
17 75
0 75
75 81
35 75
41 75
83 96
83 87
73 83
80 83
45 83
83 99
63 83
67 83
83 91
83 95
83 92
68 83
72 83
40 83
83 84
83 86
83 88
30 83
47 83
46 83
60 83
9 83
66 83
35 83
70 83
75 83
1 14
1 2
1 96
1 59
1 87
1 73
1 50
1 15
1 44
1 80
1 32
1 45
1 7
1 99
1 28
1 67
1 89
1 95
1 51
1 69
1 39
1 40
1 56
1 86
1 88
1 30
1 13
1 10
1 17
1 9
1 42
1 35
1 76
1 75
1 65
15 54
44 54
45 54
54 99
28 54
20 54
54 74
54 95
51 54
54 68
54 69
54 72
54 84
54 86
48 54
54 71
47 54
46 54
54 60
0 54
42 54
35 54
54 70
54 65
1 54
24 54
21 54
14 90
2 90
90 96
59 90
87 90
73 90
50 90
15 90
44 90
80 90
32 90
28 90
82 90
67 90
74 90
78 90
90 92
69 90
39 90
49 90
84 90
43 90
48 90
30 90
13 90
17 90
60 90
9 90
42 90
81 90
76 90
70 90
1 90
37 73
37 44
37 45
37 99
37 82
37 67
37 89
37 74
37 78
37 51
37 39
37 49
37 56
37 86
37 88
37 71
37 47
37 46
17 37
0 37
37 42
35 37
37 76
37 70
37 65
11 37
37 93
26 32
26 28
26 82
20 26
26 89
26 78
26 92
26 68
26 72
26 49
26 56
26 43
26 88
26 30
13 26
10 26
17 26
0 26
26 42
26 81
26 70
26 75
26 37
28 52
52 67
52 89
52 74
52 92
52 69
52 72
49 52
52 56
52 86
52 88
30 52
47 52
10 52
17 52
42 52
52 66
35 52
41 52
52 75
1 52
37 52
28 33
33 67
33 74
33 95
33 78
33 68
33 39
33 72
33 56
33 86
33 88
30 33
13 33
33 46
17 33
9 33
33 42
33 35
33 41
33 70
33 65
33 52
33 97
5 45
5 7
5 82
5 20
5 74
5 95
5 51
5 68
5 69
5 72
5 49
5 86
5 48
5 30
5 47
5 46
5 60
5 9
5 81
5 41
5 76
5 65
1 5
5 52
5 24
5 97
73 77
77 80
45 77
28 77
63 77
20 77
77 91
74 77
77 92
68 77
39 77
40 77
77 84
43 77
77 88
71 77
47 77
46 77
60 77
9 77
42 77
77 81
70 77
75 77
1 77
37 77
24 77
5 77
33 77
64 77
11 77
12 77
23 32
23 99
23 63
20 23
23 91
23 74
23 51
23 68
23 72
23 40
23 56
23 43
23 88
23 30
23 47
10 23
23 60
0 23
23 81
23 41
23 76
23 75
1 23
23 37
23 24
23 90
5 23
23 64
11 23
12 23
23 77
2 55
55 96
55 73
44 55
45 55
7 55
55 63
20 55
55 89
55 74
55 78
51 55
55 69
40 55
55 56
43 55
55 88
55 71
47 55
10 55
55 60
9 55
55 66
41 55
55 76
55 70
55 65
37 55
55 97
55 90
55 64
14 18
2 18
18 96
18 59
18 87
18 73
18 50
15 18
18 44
18 80
18 45
18 99
18 82
18 20
18 89
18 95
18 51
18 69
18 39
18 40
18 49
18 43
18 88
18 30
13 18
10 18
18 60
0 18
18 66
18 35
18 41
18 75
1 18
18 37
18 21
18 97
5 18
18 36
53 82
20 53
53 89
53 95
53 78
53 68
53 69
49 53
53 56
53 86
43 53
53 71
13 53
17 53
53 60
42 53
53 81
41 53
53 76
53 65
1 53
37 53
21 53
53 97
5 53
18 53
11 53
12 53
53 93
36 53
53 55
53 57
45 58
28 58
58 63
58 67
58 74
58 78
58 92
58 68
58 72
40 58
58 84
58 86
58 88
30 58
13 58
46 58
58 60
9 58
42 58
58 81
41 58
58 75
58 65
52 58
58 97
58 90
33 58
58 64
11 58
12 58
15 79
79 80
32 79
7 79
28 79
63 79
74 79
79 95
78 79
68 79
69 79
49 79
56 79
79 86
48 79
71 79
13 79
10 79
60 79
9 79
66 79
35 79
41 79
65 79
37 79
52 79
24 79
79 97
33 79
18 79
2 34
34 96
34 59
34 87
34 73
34 80
34 45
7 34
34 63
20 34
34 89
34 95
34 78
34 51
34 39
34 40
34 56
34 84
34 43
34 71
34 47
17 34
9 34
34 42
34 66
34 81
34 41
34 70
34 37
24 34
34 97
34 90
33 34
18 34
26 34
29 34
4 49
4 86
4 48
4 30
4 47
4 46
4 9
0 4
4 66
4 81
4 76
4 75
1 4
4 52
4 21
4 90
4 5
4 64
4 34
4 12
4 79
25 74
25 95
25 78
25 51
25 72
25 40
25 84
25 43
25 48
25 71
25 47
25 46
17 25
25 42
25 66
25 35
25 41
25 70
1 25
24 25
21 25
25 97
5 25
25 64
25 34
25 93
23 25
25 79
25 94
25 27
38 39
38 49
38 84
38 86
38 88
30 38
13 38
17 38
38 60
0 38
38 42
38 81
38 41
38 75
1 38
38 52
24 38
38 90
33 38
38 64
11 38
38 93
23 38
25 38
38 62
38 77
38 54
38 53
92 98
68 98
39 98
72 98
84 98
43 98
88 98
30 98
10 98
17 98
60 98
0 98
81 98
35 98
76 98
70 98
65 98
24 98
21 98
97 98
33 98
64 98
11 98
93 98
79 98
25 98
62 98
77 98
54 98
53 98
85 98
6 98
61 98
2 3
3 96
3 59
3 87
3 73
3 50
3 15
3 80
3 7
3 99
3 28
3 20
3 89
3 74
3 78
3 51
3 39
3 72
3 56
3 86
3 48
3 47
3 13
3 10
3 60
3 9
3 42
3 35
3 70
3 75
3 65
3 52
3 24
3 90
3 33
3 64
3 11
3 12
3 79
3 25
3 55
3 57
3 54
3 58
3 98
2 22
22 96
22 59
22 73
15 22
22 80
22 32
7 22
22 28
20 22
22 89
22 74
22 78
22 68
22 72
22 49
22 56
22 43
22 48
22 30
22 47
22 46
9 22
0 22
22 42
22 81
22 41
22 70
22 65
22 37
22 24
22 97
22 64
18 22
22 34
12 22
22 79
22 36
22 55
22 77
22 54
22 53
22 85
22 94
3 22
2 16
16 96
16 59
16 87
16 73
16 50
15 16
16 32
16 45
16 99
16 28
16 67
16 91
16 78
16 92
16 69
16 39
16 40
16 49
16 86
16 88
16 30
10 16
16 46
16 17
0 16
16 66
16 81
16 41
16 70
16 37
16 52
16 21
16 90
16 33
16 18
11 16
16 93
16 79
16 36
16 55
16 62
16 58
4 16
16 98
16 22
16 38
16 94
16 27
6 16
16 61
8 16
31 60
0 31
31 66
31 35
31 70
31 65
1 31
31 52
21 31
31 97
5 31
18 31
31 34
31 93
23 31
31 36
31 62
31 77
31 58
31 53
31 85
22 31
31 83
31 94
26 31
8 31
3 31
27 31
6 22
22 27
8 22
3 38
3 94
3 26
3 29
3 6
38 98
29 98
26 98
38 83
38 61
19 91
19 74
19 92
19 68
19 39
19 49
19 84
19 43
19 88
19 71
13 19
19 46
17 19
0 19
19 42
19 81
19 76
19 70
19 65
19 52
19 97
19 90
5 19
18 19
11 19
19 93
19 23
19 36
19 55
19 57
19 54
19 53
19 85
19 38
19 83
19 94
8 19
6 19
19 29
19 27
29 38
6 38
25 77
25 58
25 85
25 57
25 29
4 25
25 54
4 55
4 57
4 54
4 53
4 8
4 27
4 61
4 29
4 85
4 26
4 83
34 54
34 79
34 83
34 94
12 34
6 34
34 85
11 34
34 57
8 34
12 79
79 93
26 79
6 79
27 79
58 79
61 79
62 79
36 79
55 58
57 58
6 58
26 58
8 58
53 58
29 58
58 85
58 94
26 53
6 53
53 83
18 54
18 61
18 83
12 18
6 18
18 93
8 18
11 18
18 55
11 55
55 93
23 55
36 55
55 61
55 83
8 55
55 77
27 55
23 85
23 36
23 83
23 57
8 23
23 29
23 94
23 54
57 77
77 94
6 77
8 77
29 77
27 77
61 77
5 33
5 83
5 36
5 6
5 93
5 12
5 64
5 26
5 8
5 62
11 33
33 36
29 33
33 94
33 85
33 54
33 61
33 57
33 83
27 33
11 52
52 64
21 52
26 52
52 83
52 62
52 97
52 93
8 52
52 57
21 26
26 90
26 64
12 26
26 36
26 62
26 57
26 83
26 29
26 27
8 26
37 97
8 37
37 94
37 90
27 37
6 37
29 37
36 37
24 90
11 90
62 90
90 94
57 90
8 90
61 90
64 90
85 90
54 90
54 93
54 62
54 57
54 85
54 83
54 94
29 54
1 24
1 83
1 27
1 62
1 57
1 29
1 85
1 64
1 61
21 83
83 93
36 83
62 83
61 83
8 83
27 83
24 75
8 75
61 75
75 97
11 75
12 75
6 75
75 93
36 75
57 75
29 75
65 75
21 97
85 97
27 97
12 97
6 97
29 97
93 97
27 76
70 76
24 76
21 76
61 76
76 93
29 76
76 94
76 85
36 76
65 85
24 85
64 85
12 85
62 85
57 85
8 85
27 85
85 94
42 57
12 42
42 94
8 42
35 42
35 81
35 65
8 35
35 41
35 61
21 35
24 35
29 35
35 62
35 70
35 57
62 70
62 65
24 62
62 64
11 62
12 62
36 62
6 62
29 62
62 94
57 62
57 66
11 66
36 66
21 66
61 66
66 93
27 66
66 81
41 66
24 66
12 66
29 66
6 66
41 65
41 64
12 41
27 41
11 41
41 57
6 41
64 65
21 64
57 64
27 64
64 94
29 64
10 13
9 13
11 13
12 13
8 13
13 36
13 60
0 13
6 13
13 21
13 61
13 17
46 60
17 60
60 65
24 60
36 60
60 61
0 60
21 60
60 70
27 60
60 94
9 70
70 81
8 70
12 70
65 70
27 70
21 70
70 94
71 81
36 71
9 71
27 71
47 71
11 71
6 71
46 71
57 71
47 57
10 57
9 57
24 57
57 93
57 61
27 57
17 30
10 30
29 30
12 30
21 30
8 30
17 46
17 65
17 24
17 61
11 17
6 17
17 81
12 17
9 17
8 17
17 29
61 88
29 88
36 88
9 88
21 88
9 10
9 65
9 93
9 24
9 81
9 61
9 36
9 21
6 9
39 86
8 39
12 39
27 39
0 39
39 43
39 47
39 40
40 86
56 86
65 86
24 86
86 94
86 93
81 86
8 86
48 86
29 86
46 86
48 65
24 48
48 94
48 93
6 48
46 48
8 48
48 81
27 48
0 48
12 48
11 48
10 48
47 48
61 78
10 78
40 78
40 51
40 69
40 65
24 40
40 94
40 93
40 81
40 56
40 43
6 40
36 40
40 61
0 40
11 40
40 46
6 84
6 43
6 10
6 81
6 65
6 21
6 12
6 36
6 94
6 61
49 68
43 68
10 68
36 68
61 68
49 72
49 65
24 49
49 94
49 93
49 81
47 49
29 49
21 49
49 84
8 49
10 49
49 56
12 49
27 49
49 61
21 56
21 84
10 21
21 65
21 24
21 29
12 21
21 61
21 93
21 27
8 21
61 72
29 72
10 72
11 72
36 72
46 72
11 84
11 43
11 46
0 11
11 81
11 24
11 27
11 36
11 61
11 93
69 84
0 69
8 69
29 69
27 69
46 69
12 69
12 56
12 84
12 46
12 65
12 24
12 27
12 94
8 12
51 89
0 89
36 89
8 89
84 89
51 95
51 92
51 65
24 51
51 94
51 93
51 81
51 56
29 51
27 51
43 51
36 51
51 61
51 84
47 51
47 56
43 47
47 65
24 47
47 94
0 47
47 61
47 93
46 47
47 81
0 92
8 92
10 92
46 92
46 84
10 46
46 65
24 46
46 94
29 46
8 46
27 46
46 81
36 91
8 91
36 95
36 56
36 43
10 36
36 81
36 65
24 36
36 93
36 61
8 36
67 84
8 67
20 84
74 84
65 84
24 84
84 94
84 93
81 84
29 84
43 84
8 63
0 63
8 20
8 95
8 56
0 8
8 29
20 95
74 95
65 95
24 95
94 95
93 95
81 95
56 95
27 95
29 95
10 95
61 95
43 95
0 95
28 61
10 20
10 74
10 56
10 43
10 65
10 24
10 94
10 27
10 29
10 93
0 10
43 99
0 99
20 43
43 74
43 65
24 43
43 94
43 93
43 61
43 81
0 43
27 43
7 61
20 61
61 74
24 61
61 93
61 94
29 61
27 61
32 45
20 45
20 65
20 24
20 94
20 93
20 74
20 81
20 56
20 29
20 27
0 20
29 80
45 80
27 45
27 74
27 56
0 27
29 44
44 45
29 45
29 74
29 93
15 45
45 56
56 74
56 65
24 56
56 94
56 93
56 81
0 56
45 50
45 81
74 81
65 81
81 94
81 93
45 73
45 74
65 74
24 74
74 94
74 93
45 87
45 93
0 93
45 59
45 94
0 94
65 94
24 94
45 96
24 45
0 24
2 45
45 65
0 65
14 45
0 45
