100 990
30 33
33 43
30 43
33 94
43 94
33 69
43 69
30 69
69 94
10 33
10 43
10 69
30 89
89 94
24 33
24 43
24 69
24 89
33 51
43 51
51 69
51 89
30 51
51 94
33 71
43 71
69 71
71 89
51 71
15 30
15 94
15 24
33 38
38 43
38 69
38 89
38 51
15 38
43 99
69 99
15 99
30 99
94 99
10 99
38 99
24 99
71 99
21 33
21 43
21 69
21 89
21 51
15 21
21 99
33 50
43 50
50 69
50 89
50 51
15 50
50 99
30 50
50 94
24 50
10 50
38 50
50 71
21 50
33 65
43 65
65 69
65 89
51 65
15 65
65 99
50 65
33 74
69 74
51 74
50 74
30 70
70 94
70 71
10 70
38 70
24 70
33 84
43 84
69 84
51 84
15 84
50 84
70 84
30 63
20 43
20 69
20 51
64 69
64 89
64 99
50 64
30 64
64 94
38 64
64 71
24 64
10 64
21 64
33 90
43 90
69 90
51 90
90 99
64 90
30 39
39 94
10 39
24 39
38 39
39 71
22 33
22 43
22 69
22 89
22 51
15 22
22 99
22 50
22 39
51 55
50 55
55 65
55 63
30 55
22 55
29 65
29 55
67 69
64 67
65 67
55 67
33 82
43 82
69 82
51 82
15 82
50 82
64 82
63 82
17 74
17 63
17 82
17 67
48 82
33 98
43 98
69 98
51 98
98 99
50 98
64 98
55 98
67 98
4 30
4 24
36 65
36 55
4 36
47 51
47 64
47 74
30 97
94 97
47 97
10 97
78 99
50 78
74 78
78 97
55 78
47 78
32 74
32 65
32 82
32 47
40 67
40 47
32 40
30 86
24 86
9 86
51 79
50 79
74 79
65 79
4 79
79 98
79 86
45 79
4 80
80 98
80 86
20 57
95 99
64 95
70 95
63 95
67 95
95 98
48 95
57 95
9 95
13 48
13 45
9 13
23 80
31 70
31 65
31 67
51 96
50 96
70 96
63 96
67 96
47 96
4 88
88 96
86 88
88 94
88 90
31 88
71 88
0 88
19 48
19 45
19 90
19 58
25 94
25 57
25 26
54 70
54 97
4 54
54 96
32 54
54 90
26 54
13 54
33 92
43 92
69 92
89 92
51 92
15 92
92 99
64 92
74 92
55 92
82 92
92 96
48 92
92 94
59 69
59 64
59 70
59 97
59 82
59 98
32 59
4 28
28 47
28 32
1 28
28 59
17 28
22 72
30 37
37 94
37 38
37 71
24 37
10 37
21 37
20 37
37 62
6 33
6 69
6 99
6 64
6 37
6 65
6 82
6 47
6 94
1 6
6 26
6 31
6 71
69 93
50 93
39 93
63 93
82 93
93 96
48 93
93 94
26 93
58 93
68 70
65 68
4 68
68 96
32 68
45 68
68 80
13 68
68 92
68 95
65 73
55 73
67 73
47 73
32 73
1 73
59 73
13 73
68 73
0 73
73 79
7 92
7 84
7 73
12 74
12 97
12 82
12 98
12 94
12 45
12 26
12 23
9 18
18 31
18 92
18 53
18 78
37 42
42 97
4 42
42 98
32 42
1 42
9 42
17 42
18 42
42 79
55 91
47 91
48 91
90 91
80 91
13 91
68 91
84 91
79 91
62 91
48 66
45 66
66 80
31 66
66 72
16 71
16 19
49 74
49 63
49 82
47 49
49 86
49 94
49 80
23 49
49 92
16 49
19 49
8 86
8 57
8 26
8 17
8 13
0 8
8 73
83 91
8 83
33 87
43 87
69 87
87 89
51 87
15 87
87 99
64 87
74 87
65 87
4 87
47 87
32 87
45 87
9 87
17 87
71 87
16 87
87 91
29 87
3 59
3 13
3 92
3 84
3 19
3 12
3 87
3 21
3 88
3 24
60 90
58 60
60 68
60 93
60 91
12 60
20 60
6 60
49 60
60 62
82 85
85 96
48 85
85 90
80 85
58 85
85 92
18 85
33 75
43 75
69 75
75 89
51 75
50 75
65 75
55 75
75 82
75 96
75 86
75 94
59 75
31 75
68 75
75 93
75 79
21 75
5 33
5 43
5 69
5 51
5 99
5 64
5 70
5 55
5 67
5 96
5 86
5 45
5 9
5 13
5 92
5 16
5 75
46 48
45 46
46 59
23 46
46 72
0 46
27 31
17 27
27 68
27 93
76 80
17 76
72 76
76 79
27 76
46 76
66 76
28 76
54 76
76 78
5 76
27 56
56 73
56 87
7 56
56 76
24 56
56 85
40 56
44 74
44 63
44 67
44 96
32 44
44 90
44 80
31 44
18 44
16 44
27 44
8 44
25 44
21 44
44 49
2 55
2 98
2 32
2 57
2 90
2 58
2 18
0 2
2 75
2 73
2 66
2 28
2 95
2 36
2 42
2 44
2 22
2 40
61 94
45 61
61 80
58 61
61 72
61 84
61 91
29 61
20 61
21 61
30 61
61 62
44 61
38 61
53 61
61 78
42 44
67 81
47 81
81 94
57 81
26 81
23 81
81 92
16 81
27 81
73 81
81 83
7 81
49 81
41 71
0 41
27 41
20 41
25 41
7 41
41 76
11 74
11 65
11 82
11 67
11 32
11 90
11 59
11 31
11 18
11 84
11 27
11 46
11 66
6 11
11 88
11 41
30 35
35 41
14 70
14 55
4 14
14 96
14 94
14 90
14 59
14 17
14 68
14 16
14 79
14 46
14 25
10 14
14 88
14 62
14 35
14 22
14 36
14 40
34 48
1 34
26 34
17 34
34 71
34 79
27 34
12 34
34 66
6 34
34 88
34 85
34 35
34 36
5 34
22 34
11 35
15 77
77 99
37 77
65 77
77 82
77 98
77 86
45 77
9 77
17 77
68 77
18 77
77 79
29 77
77 87
28 77
77 95
62 77
35 77
3 77
53 77
54 77
11 78
11 42
11 38
24 41
38 41
41 81
39 52
52 63
4 52
52 98
48 52
45 52
52 59
13 52
52 68
16 52
19 52
46 52
52 87
10 52
52 88
24 52
52 60
5 52
52 54
52 81
42 81
44 81
5 81
44 56
5 56
30 76
20 27
27 46
19 27
29 46
46 88
30 46
5 46
22 46
5 87
5 7
5 24
24 75
75 95
10 75
75 85
22 75
12 75
29 85
85 87
6 85
30 85
53 85
54 85
60 85
42 60
3 60
3 22
3 54
83 87
62 87
42 83
28 83
83 95
7 83
22 83
78 83
8 95
8 49
8 25
8 53
8 66
8 24
8 62
49 66
7 49
49 88
36 49
42 49
16 66
16 84
16 36
66 91
30 66
54 66
6 66
42 91
36 91
78 91
42 73
10 42
18 40
18 19
12 18
0 12
12 21
7 12
6 12
12 40
10 12
12 36
7 24
7 53
30 73
53 73
54 73
68 93
68 71
6 93
25 93
78 93
28 93
79 93
21 93
20 93
40 93
6 19
6 28
6 22
6 36
62 65
55 62
62 98
62 86
1 62
26 62
17 62
62 72
62 84
10 62
30 62
62 78
21 72
38 72
10 72
28 72
19 28
28 29
21 28
24 28
28 95
1 84
1 29
1 90
1 59
9 59
38 59
30 59
59 71
20 59
59 92
58 92
25 92
54 92
30 92
79 92
54 84
20 54
21 54
40 54
26 31
26 84
26 78
25 58
19 25
20 25
25 38
25 36
21 25
25 53
29 58
10 58
19 88
19 29
19 38
20 88
10 88
71 96
24 96
31 96
90 96
84 96
20 96
31 86
31 94
31 71
24 31
20 31
23 31
31 78
23 84
22 23
23 36
17 23
0 23
23 38
21 23
13 23
13 53
13 95
13 79
13 24
84 95
22 95
24 95
40 95
38 95
24 57
53 57
36 57
57 80
22 57
38 57
9 80
10 80
21 80
22 80
79 80
22 79
40 79
45 86
86 94
38 86
40 45
21 45
45 71
40 90
17 40
20 40
21 40
40 53
32 78
32 71
32 90
32 36
32 53
78 90
29 78
10 78
36 78
22 78
9 97
47 67
30 47
21 47
47 94
36 47
38 47
10 47
9 36
36 71
36 38
4 53
4 94
4 9
53 98
9 53
0 53
30 53
38 53
9 98
29 98
48 98
22 98
84 98
20 98
29 48
22 48
21 48
10 48
17 48
17 90
9 17
17 30
67 82
20 82
30 82
22 82
10 82
67 71
67 90
29 67
21 67
38 67
29 90
29 71
29 84
29 38
20 29
55 71
21 55
55 84
39 90
65 90
20 64
9 64
20 63
20 71
10 20
63 84
63 94
24 63
71 84
30 84
70 74
30 74
74 94
24 74
21 74
65 74
10 74
38 74
71 74
30 65
65 94
38 65
9 50
21 38
9 99
0 38
10 15
15 71
0 71
24 51
10 51
9 24
0 24
10 89
9 89
10 94
0 10
10 30
9 69
30 94
9 94
9 43
9 33
0 9
