100 1485
36 43
16 43
36 98
16 98
43 76
76 98
25 36
16 25
25 76
43 87
87 98
25 87
36 85
16 85
76 85
85 87
43 51
51 98
25 51
51 85
32 36
16 32
32 76
32 87
32 51
43 46
46 98
25 46
46 85
32 46
43 93
25 93
36 93
16 93
76 93
51 93
87 93
7 43
7 98
7 25
7 85
7 32
7 93
7 76
22 43
22 98
22 25
22 85
22 32
22 93
22 76
22 36
16 22
22 87
22 51
43 96
96 98
25 96
85 96
32 96
93 96
76 96
22 96
43 97
97 98
25 97
85 97
32 97
93 97
76 97
22 97
36 97
16 97
51 97
87 97
43 54
54 98
25 54
54 85
32 54
54 93
54 76
22 54
54 97
12 76
12 36
12 16
12 87
12 51
7 12
12 96
12 46
43 91
91 98
25 91
85 91
32 91
91 93
76 91
22 91
91 97
12 91
19 43
19 98
19 25
19 85
19 32
19 93
19 76
19 22
19 97
12 19
19 36
16 19
19 51
19 87
19 54
19 46
7 19
19 96
19 91
21 43
21 98
21 25
21 85
21 32
21 93
21 76
21 22
21 97
12 21
19 21
15 36
15 16
15 87
15 51
15 96
15 91
15 54
15 46
7 15
15 21
43 99
98 99
25 99
85 99
32 99
93 99
76 99
22 99
97 99
12 99
19 99
15 99
3 93
3 76
3 22
3 97
3 15
3 36
3 16
3 87
3 51
3 7
3 96
3 46
3 91
3 54
76 79
19 79
3 79
36 95
16 95
87 95
51 95
95 96
7 95
91 95
54 95
46 95
66 76
19 66
15 66
66 95
34 36
16 34
34 51
34 87
15 42
42 95
34 42
1 93
1 76
1 22
1 12
1 19
43 70
70 98
25 70
70 85
32 70
70 93
70 76
22 70
70 97
19 70
3 70
36 70
16 70
51 70
70 87
7 70
70 96
46 70
70 91
54 70
3 57
57 70
6 36
6 16
6 87
6 51
60 76
12 60
19 60
36 64
16 64
51 64
64 87
15 28
28 64
6 28
82 93
76 82
22 82
12 82
15 82
64 82
6 82
36 82
16 82
18 76
18 22
18 97
12 18
15 18
18 70
43 72
72 98
25 72
32 72
72 93
72 76
22 72
12 72
15 72
72 95
6 72
36 72
16 72
45 76
12 45
19 45
45 95
45 72
45 82
11 15
11 70
11 34
11 72
7 11
11 36
11 16
11 52
11 30
30 36
16 30
6 69
1 69
7 69
30 69
43 67
67 98
25 67
67 85
32 67
67 93
67 76
22 67
67 97
19 67
15 67
3 67
34 67
67 82
11 67
76 78
22 78
78 97
12 78
3 78
78 95
6 78
78 82
7 78
36 78
16 78
51 78
78 91
78 83
18 83
36 44
16 44
44 54
41 43
41 98
25 41
41 85
32 41
41 93
41 76
22 41
41 97
12 41
15 41
41 70
6 41
41 72
7 41
18 41
41 44
3 89
89 95
72 89
1 89
7 89
30 89
18 89
36 89
16 89
19 88
64 88
6 88
1 88
7 88
18 88
67 88
88 89
53 67
23 67
23 36
16 23
48 72
48 82
7 48
48 78
23 48
48 89
36 48
33 44
36 62
16 62
28 62
50 76
50 97
19 50
50 70
50 64
1 50
50 78
30 50
50 67
50 62
49 75
49 53
36 49
16 49
3 10
10 95
10 72
10 82
10 11
10 18
10 44
10 62
10 49
38 49
36 38
15 73
70 73
72 73
1 73
11 73
73 78
18 73
23 73
92 98
25 92
92 93
76 92
22 92
19 92
3 92
70 92
6 92
82 92
7 92
18 92
75 92
89 92
53 92
36 92
11 13
13 18
13 23
13 89
13 92
13 38
6 90
1 90
11 90
78 90
75 90
62 90
48 90
43 74
74 98
25 74
32 74
74 93
74 76
22 74
12 74
15 74
74 95
72 74
1 74
11 74
18 74
67 74
23 74
53 74
45 74
56 75
56 62
48 56
56 74
61 98
25 61
61 76
22 61
61 97
12 61
3 61
61 70
6 61
61 82
7 61
30 61
44 61
23 61
48 61
61 74
61 81
61 90
60 61
61 91
40 65
65 90
61 65
35 92
35 38
35 40
35 90
35 99
35 46
35 88
5 53
49 58
58 74
51 58
54 58
39 67
39 89
39 48
39 58
27 76
27 97
19 27
27 70
27 34
1 27
7 27
18 27
27 75
27 89
27 48
27 58
76 84
12 84
19 84
64 84
34 84
82 84
11 84
30 84
75 84
84 89
53 84
74 84
27 84
8 72
1 8
7 8
8 78
8 67
8 23
8 92
8 74
8 58
8 90
8 91
43 77
25 77
77 93
76 77
22 77
19 77
15 77
77 95
34 77
1 77
7 77
77 78
44 77
62 77
48 77
38 77
40 77
8 77
77 99
75 86
62 86
49 86
38 86
40 86
8 86
61 86
3 17
17 64
6 17
17 72
7 17
17 30
17 67
17 23
17 53
17 38
17 27
69 80
45 80
57 80
80 90
16 80
5 80
60 80
36 80
55 75
23 55
49 55
55 74
27 55
55 80
8 55
55 87
49 94
38 94
81 94
90 94
8 94
86 94
65 94
17 94
29 43
29 98
25 29
29 32
29 76
22 29
29 97
19 29
3 29
29 70
29 72
29 82
7 29
18 29
29 75
29 62
29 48
29 74
29 81
43 71
32 71
71 93
71 76
71 97
12 71
19 71
71 95
71 72
1 71
71 78
30 71
67 71
62 71
53 71
38 71
27 71
2 43
2 32
2 93
2 76
2 22
2 97
2 3
2 70
2 72
1 2
2 7
2 18
2 75
2 62
2 49
2 38
2 27
2 71
2 99
34 68
1 68
7 68
18 68
68 75
68 89
48 68
68 74
40 68
68 90
68 99
68 87
68 96
2 68
45 68
37 93
37 76
37 97
12 37
15 37
37 95
6 37
1 37
37 78
18 37
37 44
23 37
37 49
37 58
27 37
8 37
37 99
37 87
37 68
9 43
9 98
9 25
9 32
9 93
9 76
9 97
9 12
3 9
9 70
9 72
1 9
7 9
9 78
9 44
9 89
9 48
9 58
9 40
9 90
8 9
9 99
9 66
9 21
9 37
9 55
4 15
4 70
4 34
1 4
4 11
4 30
4 67
4 53
4 48
4 38
4 27
4 90
4 61
4 87
4 66
4 9
4 28
4 83
26 76
26 95
26 34
26 82
11 26
18 26
26 44
26 89
26 92
26 58
26 27
26 71
26 61
26 35
26 94
10 26
26 33
26 83
26 73
26 69
26 36
26 79
26 45
11 59
30 59
44 59
23 59
49 59
59 92
58 59
59 71
8 59
59 86
59 94
13 59
33 59
57 59
26 59
55 59
29 59
59 96
46 59
51 59
36 59
0 59
54 59
17 59
4 26
26 52
26 91
14 25
14 32
14 76
14 22
14 97
12 14
3 14
14 64
14 72
14 82
11 14
14 30
14 44
14 23
14 48
14 92
14 27
14 80
14 99
14 35
14 66
13 14
14 41
31 43
31 98
25 31
31 85
31 32
31 93
31 76
22 31
31 97
19 31
3 31
31 95
31 64
1 31
31 78
30 31
31 44
31 89
31 53
31 58
27 31
31 71
31 99
31 86
31 66
10 31
28 31
31 73
2 31
31 52
25 47
32 47
47 93
47 76
47 97
12 47
15 47
47 70
6 47
1 47
11 47
18 47
47 67
47 62
47 49
47 92
40 47
47 71
47 61
35 47
47 94
63 67
63 89
48 63
38 63
40 63
63 71
63 99
35 63
63 66
28 63
54 63
63 79
21 63
56 63
33 63
42 63
17 63
10 63
5 63
63 88
63 77
47 63
28 47
31 47
47 65
39 47
47 79
21 47
47 69
47 96
29 47
0 47
47 52
4 47
14 31
31 51
31 84
31 77
31 56
31 46
29 31
14 26
14 55
14 73
14 16
14 51
2 14
24 43
24 98
24 25
24 85
24 32
24 93
24 76
22 24
24 97
19 24
15 24
24 70
24 34
1 24
7 24
24 30
24 67
24 89
24 48
24 74
24 58
24 90
8 24
24 87
24 66
13 24
24 28
24 83
24 65
20 76
12 20
3 20
20 70
6 20
20 82
20 78
20 30
20 75
20 53
20 48
20 74
20 27
20 71
8 20
20 35
20 68
13 20
20 41
20 83
20 88
20 37
20 69
20 96
20 24
16 20
2 20
20 46
5 20
20 45
24 73
24 84
24 69
24 56
14 24
17 24
5 24
24 50
14 17
5 14
14 52
4 39
4 16
4 84
4 37
4 56
4 29
4 5
4 45
0 9
9 29
9 54
9 73
9 41
9 65
9 28
9 79
9 36
28 37
37 57
37 88
37 79
37 84
29 37
37 77
37 46
37 52
17 37
0 68
68 77
36 68
5 68
52 68
42 68
68 91
68 73
46 68
2 94
2 10
2 13
2 88
2 16
2 42
2 69
2 91
2 46
2 77
2 17
71 96
29 71
39 71
28 71
52 71
33 71
21 71
71 83
50 71
71 99
29 60
29 99
29 94
29 41
29 39
29 73
21 29
29 77
29 46
29 45
88 94
39 94
50 94
84 94
94 96
55 94
83 94
41 55
55 57
55 91
52 55
55 77
55 84
45 55
36 55
16 55
42 55
17 80
13 80
51 80
80 88
79 80
46 80
8 17
17 86
17 33
17 65
17 88
17 79
17 42
17 45
17 91
0 86
86 87
66 86
39 86
51 86
57 86
41 86
77 86
13 86
50 86
86 91
33 77
77 88
73 77
42 77
77 91
0 77
5 77
8 41
8 84
8 57
8 21
8 46
61 84
84 87
13 84
41 84
65 84
79 84
36 84
51 84
84 96
5 84
27 33
27 41
27 60
21 27
27 42
27 39
10 27
39 60
13 39
28 39
39 83
39 65
39 56
21 39
39 73
39 42
39 50
39 79
41 58
58 83
36 58
5 58
58 87
16 58
52 58
5 40
5 99
5 35
5 28
5 83
5 65
5 16
5 51
5 46
16 35
28 35
35 45
35 42
35 65
35 69
33 35
33 65
57 65
65 79
0 65
21 65
50 65
61 73
0 61
41 61
42 61
28 61
52 61
54 61
16 61
57 81
54 81
81 83
46 81
81 91
45 81
56 81
73 81
28 81
0 81
50 81
36 81
81 87
56 90
56 60
56 87
10 56
28 56
56 88
56 73
42 56
51 56
56 96
54 56
36 56
50 74
66 74
52 74
60 74
74 88
74 99
74 90
46 74
40 90
0 90
54 90
42 90
66 90
10 90
73 90
40 66
40 99
40 88
40 96
40 79
40 51
13 40
40 69
13 99
13 66
10 13
13 96
13 57
13 46
13 45
13 91
42 92
52 92
54 92
73 92
0 92
69 92
33 92
87 92
92 96
21 92
28 92
38 73
73 87
28 73
50 73
73 96
54 73
38 57
38 91
38 42
0 38
16 38
10 38
38 79
10 99
10 87
10 66
10 69
10 83
10 50
10 16
10 91
10 51
10 52
41 49
49 60
49 66
49 69
49 50
21 49
49 87
45 49
50 60
41 50
50 57
21 50
50 51
50 96
50 54
36 50
50 52
60 62
62 83
57 62
33 62
52 62
54 62
62 99
33 48
33 60
33 66
0 33
33 83
33 51
16 33
33 69
33 96
33 88
46 48
48 51
16 48
48 96
23 45
23 53
21 23
23 46
23 42
23 51
23 91
23 96
36 53
16 53
0 53
28 53
53 88
53 83
53 57
53 91
53 79
53 99
60 88
57 88
16 88
54 88
51 88
42 88
69 89
79 89
41 89
66 89
87 89
45 89
41 66
21 41
41 79
36 41
41 57
41 52
41 54
44 83
44 51
44 52
44 87
60 83
83 87
83 91
69 83
16 83
36 83
45 83
78 79
57 78
66 78
78 99
42 78
54 78
67 78
67 75
36 67
16 67
67 69
21 67
66 67
46 67
67 99
28 67
60 69
66 69
16 69
42 69
36 69
54 69
69 96
30 66
30 91
30 51
30 57
30 52
30 96
21 30
30 79
52 87
16 52
21 52
52 96
52 91
11 21
11 54
11 28
11 46
11 99
11 45
11 18
18 45
45 60
28 45
21 45
45 51
45 96
36 45
46 72
72 79
72 87
1 72
21 72
18 72
51 72
57 72
18 82
18 36
16 18
18 46
18 60
18 28
18 87
82 87
82 96
21 82
54 82
7 82
79 82
46 82
60 82
82 91
28 82
28 46
28 42
7 64
64 96
64 91
60 64
54 64
46 64
6 60
7 60
60 75
60 66
60 79
51 60
36 60
60 87
60 99
6 57
6 96
6 7
6 99
6 54
57 75
57 66
21 57
0 57
54 57
57 96
42 57
70 99
1 70
1 36
1 16
1 42
1 99
1 51
1 66
7 42
42 75
42 91
42 54
34 91
34 66
16 66
51 66
21 95
79 95
75 79
79 87
46 79
79 91
51 79
0 79
3 99
3 21
96 99
54 99
21 87
16 21
0 21
21 46
75 91
54 91
46 91
12 54
36 54
0 54
96 97
46 97
7 97
7 96
75 96
22 46
7 22
7 36
7 16
7 87
46 93
46 76
0 46
51 76
0 51
76 87
36 87
36 76
16 76
16 75
36 75
0 36
0 75
