100 2475
43 74
29 43
74 75
29 75
9 43
9 75
42 74
29 42
9 42
35 74
29 35
9 35
35 43
35 75
35 42
61 74
29 61
9 61
35 61
10 74
10 29
9 10
10 35
10 43
10 23
10 61
63 74
29 63
9 63
35 63
10 63
19 43
19 75
19 63
19 42
19 23
19 61
57 74
29 57
9 57
35 57
10 57
19 57
23 57
4 74
4 29
4 9
4 35
4 10
4 23
4 43
4 75
4 42
4 63
4 61
4 57
49 74
29 49
9 49
35 49
10 49
19 49
23 49
4 49
4 13
13 43
13 42
13 75
13 61
13 63
13 57
45 74
29 45
9 45
35 45
10 45
19 45
23 45
4 45
13 45
12 74
12 29
9 12
12 35
10 12
12 19
12 23
4 12
12 13
12 43
12 42
12 75
12 61
12 63
12 57
74 85
29 85
9 85
35 85
10 85
19 85
23 85
4 85
13 85
12 85
43 83
75 83
63 83
42 83
61 83
57 83
49 83
45 83
83 85
56 74
29 56
9 56
35 56
10 56
19 56
23 56
4 56
13 56
12 56
56 83
10 66
23 66
13 66
12 66
43 66
63 66
42 66
61 66
66 75
57 66
49 66
66 85
45 66
56 66
7 74
7 29
7 9
7 35
7 10
7 19
7 23
4 7
7 13
7 12
7 83
7 66
7 49
74 79
29 79
9 79
35 79
10 79
19 79
23 79
4 79
13 79
12 79
49 79
43 79
63 79
42 79
61 79
75 79
57 79
79 85
56 79
45 79
60 74
29 60
9 60
35 60
10 60
19 60
23 60
4 60
13 60
12 60
60 83
60 66
49 60
60 79
49 96
43 96
63 96
61 96
42 96
75 96
57 96
45 96
85 96
56 96
74 97
29 97
9 97
35 97
10 97
19 97
23 97
4 97
13 97
12 97
83 97
66 97
49 97
79 97
96 97
40 43
40 75
40 63
40 42
40 61
40 57
40 85
40 45
40 56
7 40
40 60
15 74
15 29
9 15
15 35
10 15
15 19
15 23
4 15
13 15
12 15
15 83
15 66
15 49
15 79
15 96
15 40
27 74
27 29
9 27
27 35
10 27
19 27
23 27
4 27
13 27
12 27
27 83
27 66
27 49
27 79
27 96
27 40
27 43
27 75
27 61
27 63
27 42
27 57
27 56
27 45
27 85
71 83
71 96
27 71
49 77
77 96
40 77
43 77
42 77
63 77
61 77
75 77
57 77
45 77
56 77
77 85
60 77
2 74
2 29
2 9
2 35
2 10
2 19
2 23
2 4
2 13
2 12
2 83
2 66
2 49
2 79
2 40
2 77
74 93
29 93
9 93
35 93
10 93
19 93
23 93
4 93
13 93
12 93
83 93
66 93
49 93
93 96
27 93
66 98
96 98
40 98
77 98
43 98
42 98
61 98
75 98
63 98
57 98
45 98
85 98
56 98
19 38
23 38
13 38
38 83
38 49
38 96
27 38
38 98
69 74
29 69
35 69
19 69
23 69
12 69
49 69
69 96
27 69
69 77
43 69
69 75
42 69
63 69
61 69
57 69
68 74
29 68
9 68
35 68
10 68
19 68
23 68
4 68
13 68
12 68
68 83
66 68
49 68
68 79
68 96
40 68
27 68
68 98
68 69
43 92
42 92
75 92
61 92
63 92
57 92
69 90
90 92
42 90
11 23
11 12
11 49
11 96
11 40
11 98
11 69
11 42
11 43
11 63
11 61
11 75
27 73
73 98
69 73
73 92
11 73
52 74
29 52
9 52
35 52
10 52
19 52
4 52
12 52
49 52
52 96
27 52
52 77
52 93
42 52
11 52
43 52
52 75
52 63
52 61
13 82
12 82
49 82
79 82
27 82
77 82
82 93
82 92
53 74
29 53
9 53
35 53
10 53
19 53
23 53
4 53
13 53
12 53
53 83
53 66
49 53
53 79
40 53
53 98
53 69
42 53
43 53
53 61
53 63
53 75
53 57
2 53
53 82
50 74
29 50
9 50
35 50
10 50
19 50
23 50
4 50
13 50
12 50
50 83
50 96
40 50
50 98
50 93
42 50
50 53
50 52
49 64
64 79
27 64
64 98
64 69
42 64
53 64
31 43
31 75
31 61
31 63
72 74
35 72
19 72
23 72
4 72
12 72
49 72
72 79
40 72
27 72
69 72
42 72
11 72
31 72
74 80
35 80
10 80
23 80
4 80
80 83
49 80
79 80
80 96
80 98
69 80
42 80
53 80
52 80
64 80
43 80
59 66
59 79
27 59
59 98
59 93
59 92
53 59
11 59
59 80
74 99
29 99
9 99
35 99
19 99
23 99
4 99
13 99
49 99
96 99
27 99
98 99
93 99
69 99
11 99
52 99
80 99
43 99
16 98
16 42
16 53
11 16
16 80
16 99
74 86
29 86
35 86
10 86
19 86
23 86
4 86
83 86
66 86
79 86
27 86
77 86
86 93
42 86
11 86
31 86
64 86
86 99
43 86
11 18
18 52
18 31
25 29
25 35
10 25
23 25
13 25
25 83
25 49
25 96
25 40
25 77
25 69
25 92
25 53
25 31
25 80
25 43
55 74
29 55
9 55
35 55
10 55
19 55
23 55
4 55
13 55
12 55
55 66
55 79
40 55
55 77
55 93
55 69
11 55
31 55
55 64
25 55
27 65
65 98
65 93
65 92
53 65
52 65
64 65
25 65
43 65
74 76
29 76
9 76
35 76
10 76
19 76
23 76
4 76
13 76
12 76
76 83
66 76
49 76
76 96
27 76
76 77
76 93
76 92
11 76
31 76
76 80
25 76
65 76
49 67
67 96
27 67
67 77
67 93
67 92
42 67
11 67
31 67
67 99
67 86
43 67
45 67
15 67
70 74
29 70
9 70
35 70
10 70
19 70
23 70
4 70
13 70
70 83
49 70
70 79
40 70
70 77
69 70
42 70
11 70
52 70
64 70
25 70
70 99
67 70
28 74
28 29
9 28
28 35
10 28
19 28
23 28
4 28
13 28
12 28
28 83
28 66
28 49
28 79
28 96
28 77
28 98
28 42
28 53
28 52
28 80
25 28
28 65
28 67
84 93
42 84
53 84
52 84
31 84
25 84
84 86
43 84
2 84
35 44
19 44
4 44
13 44
44 66
44 79
40 44
44 77
44 69
44 92
11 44
44 52
44 64
44 99
44 65
44 84
44 71
44 59
43 44
37 74
35 37
10 37
19 37
23 37
12 37
37 49
37 79
37 40
37 98
37 69
37 42
37 53
31 37
37 64
37 99
37 65
37 67
37 71
32 69
32 42
11 32
32 52
32 64
32 99
32 65
32 84
28 32
32 59
32 37
3 74
3 29
3 9
3 35
3 10
3 23
3 4
3 12
3 66
3 79
3 96
3 77
3 69
3 42
3 53
3 52
3 64
3 99
3 65
3 67
3 84
3 32
3 43
3 37
1 74
1 29
1 9
1 35
1 10
1 19
1 23
1 4
1 13
1 83
1 66
1 79
1 27
1 77
1 93
1 42
1 53
1 31
1 80
1 25
1 86
1 67
1 71
1 59
1 43
23 95
83 95
49 95
95 96
40 95
77 95
93 95
42 95
11 95
52 95
80 95
25 95
65 95
67 95
71 95
59 95
43 95
0 95
14 98
14 42
14 53
14 31
14 80
14 25
14 65
14 67
14 84
14 32
8 74
8 29
8 9
8 35
8 10
8 19
8 23
4 8
8 13
8 12
8 83
8 66
8 49
8 96
8 40
8 98
8 69
8 42
8 53
8 31
8 64
8 25
8 86
8 84
8 28
8 59
8 18
7 8
23 51
51 83
51 66
51 96
40 51
51 77
51 93
51 69
51 53
31 51
51 64
51 99
51 86
51 67
51 84
32 51
8 51
43 51
47 99
47 67
47 71
47 59
8 47
37 47
47 51
1 47
47 68
0 47
7 47
39 74
29 39
9 39
35 39
10 39
19 39
23 39
4 39
13 39
12 39
39 83
39 66
39 49
39 79
27 39
39 77
39 69
39 92
39 42
31 39
39 64
39 80
39 86
39 67
28 39
39 71
8 39
39 95
39 51
21 31
21 80
21 86
21 65
21 28
21 32
21 43
21 37
1 21
13 78
12 78
66 78
78 79
27 78
77 78
78 93
42 78
53 78
52 78
78 80
25 78
78 86
67 78
28 78
32 78
43 78
78 95
51 78
21 78
0 78
33 86
33 67
33 71
33 59
8 33
33 37
33 51
33 56
33 68
48 93
48 69
48 53
31 48
48 64
48 80
48 86
48 67
48 71
32 48
8 48
48 95
48 51
48 56
21 48
33 48
39 48
48 97
22 66
22 96
22 27
22 98
22 69
22 92
22 53
22 52
22 80
22 25
22 65
22 67
22 71
22 59
8 22
22 95
22 51
22 56
0 22
5 74
5 29
5 9
5 35
5 10
5 19
5 23
4 5
5 13
5 12
5 49
5 96
5 27
5 98
5 93
5 69
5 11
5 52
5 64
5 25
5 86
5 84
5 71
5 59
5 43
5 37
5 51
5 21
0 5
26 74
26 29
26 35
10 26
19 26
23 26
4 26
13 26
26 66
26 79
26 40
26 98
26 69
26 42
26 53
26 52
26 31
25 26
26 86
26 84
26 28
26 59
26 32
26 43
1 26
26 56
0 26
5 26
26 33
26 97
10 30
23 30
4 30
12 30
30 66
30 79
30 40
30 77
30 98
30 92
30 42
30 52
30 64
30 99
30 65
30 67
30 71
30 32
8 30
30 37
30 51
21 30
0 30
30 33
30 39
30 97
66 87
79 87
27 87
87 98
69 87
42 87
53 87
31 87
64 87
87 99
86 87
84 87
71 87
59 87
8 87
87 95
1 87
21 87
0 87
5 87
39 87
10 58
23 58
13 58
12 58
58 66
58 79
40 58
58 77
58 93
58 92
11 58
52 58
58 80
25 58
58 99
58 84
58 71
32 58
8 58
58 95
51 58
56 58
0 58
5 58
7 58
58 97
58 78
74 94
35 94
19 94
23 94
13 94
12 94
83 94
79 94
27 94
94 98
69 94
92 94
11 94
52 94
31 94
25 94
65 94
84 94
71 94
59 94
32 94
43 94
1 94
21 94
0 94
5 94
7 94
58 94
30 94
22 94
23 41
41 83
41 49
41 79
27 41
41 77
41 69
41 42
41 53
31 41
41 80
41 99
41 86
41 84
28 41
41 59
41 43
37 41
1 41
21 41
41 68
5 41
7 41
39 41
22 41
36 74
29 36
9 36
35 36
10 36
19 36
23 36
4 36
13 36
36 83
36 66
36 79
36 40
36 98
36 93
36 92
36 53
36 52
36 64
36 80
36 86
36 67
28 36
36 59
36 43
36 37
36 51
36 56
21 36
0 36
36 39
36 97
36 58
36 85
36 61
36 72
36 50
13 81
12 81
66 81
81 96
40 81
77 81
81 93
42 81
53 81
52 81
80 81
81 99
81 86
65 81
28 81
32 81
8 81
37 81
1 81
21 81
0 81
5 81
39 81
81 97
22 81
36 81
24 64
24 25
24 86
24 84
24 28
24 59
24 43
24 95
1 24
24 56
24 68
24 33
7 24
24 58
22 24
24 47
24 75
24 44
6 35
6 19
6 23
6 83
6 49
6 96
6 27
6 77
6 93
6 92
6 11
6 31
6 80
6 99
6 86
6 84
6 71
6 32
6 8
6 95
6 37
6 21
6 68
6 33
6 7
6 97
6 22
6 24
6 48
6 73
4 20
12 20
20 49
20 96
20 27
20 77
20 93
20 42
11 20
20 52
20 64
20 25
20 65
20 67
20 84
20 59
20 43
20 95
20 51
20 56
0 20
20 33
7 20
20 39
20 30
20 22
20 41
20 73
20 72
20 70
20 94
10 89
23 89
4 89
12 89
49 89
79 89
27 89
77 89
89 93
42 89
53 89
52 89
64 89
89 99
65 89
84 89
28 89
59 89
8 89
89 95
1 89
56 89
68 89
5 89
33 89
58 89
22 89
36 89
41 89
17 74
17 29
9 17
17 35
10 17
17 19
17 23
4 17
13 17
12 17
17 83
17 66
17 49
17 96
17 27
17 77
17 93
17 42
11 17
17 31
17 80
17 25
17 65
17 84
17 71
17 59
17 43
17 95
1 17
17 56
17 68
17 33
7 17
17 97
17 30
17 24
17 48
17 73
17 85
17 72
17 61
16 17
17 87
17 18
17 26
17 90
17 47
17 45
49 91
91 96
40 91
77 91
91 93
91 92
53 91
11 91
64 91
25 91
86 91
65 91
28 91
32 91
8 91
91 95
51 91
56 91
0 91
5 91
7 91
58 91
30 91
22 91
48 91
17 91
20 91
50 91
70 91
91 94
76 91
44 91
78 91
82 91
2 91
57 91
15 91
85 91
54 74
29 54
35 54
10 54
19 54
23 54
4 54
54 83
54 66
54 96
40 54
54 98
54 93
54 92
53 54
31 54
54 64
54 99
54 65
54 84
28 54
32 54
8 54
54 95
37 54
1 54
0 54
5 54
39 54
54 97
22 54
24 54
41 54
54 73
54 81
54 75
54 89
54 94
54 76
54 61
54 78
6 54
2 54
54 57
62 74
29 62
9 62
35 62
10 62
19 62
23 62
4 62
13 62
12 62
62 83
62 66
49 62
62 79
40 62
62 98
62 93
42 62
11 62
52 62
62 80
25 62
62 86
62 84
62 71
32 62
8 62
37 62
51 62
56 62
21 62
33 62
39 62
62 97
58 62
36 62
48 62
62 73
62 81
50 62
62 89
19 34
23 34
13 34
12 34
34 49
34 79
34 40
34 77
34 93
34 42
34 53
34 52
34 64
34 99
34 86
34 67
28 34
34 59
8 34
34 95
34 51
21 34
34 68
5 34
33 34
34 58
30 34
34 36
34 48
34 73
17 34
34 50
34 89
34 45
34 38
34 62
29 88
35 88
10 88
19 88
23 88
83 88
66 88
88 96
40 88
88 98
69 88
88 92
11 88
52 88
80 88
88 99
86 88
84 88
71 88
59 88
43 88
37 88
1 88
56 88
68 88
0 88
7 88
88 97
22 88
36 88
24 88
73 88
17 88
50 88
70 88
34 88
60 88
44 88
6 88
82 88
26 88
2 88
62 88
15 88
72 88
46 64
46 99
46 86
46 67
46 84
32 46
8 46
37 46
1 46
46 56
46 68
5 46
7 46
46 58
22 46
24 46
41 46
17 46
46 81
46 75
46 70
46 94
46 76
46 61
6 46
38 46
2 46
16 46
3 46
46 85
46 47
46 63
46 55
46 88
45 46
46 91
55 88
63 88
45 88
87 88
3 34
34 82
34 76
15 34
34 78
34 44
34 61
34 72
2 34
34 47
16 34
62 76
44 62
6 62
62 82
2 62
16 62
3 62
54 62
62 63
62 87
15 62
18 62
55 62
54 85
47 54
54 91
54 87
14 54
54 63
54 72
18 91
90 91
87 91
14 91
17 78
17 89
17 55
17 60
20 89
50 89
78 89
45 89
16 89
6 89
89 94
82 89
38 89
76 89
63 89
3 89
57 89
2 89
87 89
18 20
20 85
20 61
15 20
6 20
20 44
20 45
2 20
20 82
20 63
20 55
20 50
20 76
6 75
6 94
6 60
6 61
6 90
6 45
6 87
6 16
2 6
6 26
6 72
6 15
24 90
2 24
14 24
18 24
24 48
16 24
24 26
24 45
24 41
24 81
24 85
24 87
24 50
41 81
38 81
26 81
16 81
81 90
76 81
75 81
14 81
50 81
55 81
60 81
3 81
78 81
47 81
81 87
57 81
36 82
36 38
36 78
3 36
36 87
36 73
36 60
36 76
15 36
36 55
36 41
36 70
38 41
41 75
41 70
41 60
41 45
41 94
41 44
41 55
41 47
18 41
2 41
41 73
41 50
41 57
73 94
50 94
70 94
85 94
55 94
87 94
57 94
60 94
63 94
90 94
26 94
18 94
14 94
58 87
14 58
45 58
58 61
58 73
58 70
58 76
22 58
38 58
3 58
15 58
58 85
2 58
30 87
75 87
76 87
61 87
38 87
26 87
16 87
85 87
55 87
14 87
63 87
30 57
30 38
30 55
30 45
30 82
26 30
15 30
3 30
14 30
30 63
30 50
30 44
30 76
30 78
30 75
30 70
26 48
26 75
26 70
26 60
26 61
26 38
26 45
26 47
26 72
16 26
3 26
26 85
14 26
26 63
5 7
5 16
5 15
5 76
5 82
5 90
5 73
5 70
5 44
5 50
5 38
2 5
5 22
5 75
7 22
22 47
22 72
18 22
16 22
22 60
22 73
22 90
22 61
22 48
22 57
22 63
48 63
48 90
48 72
14 48
3 48
48 61
48 76
15 48
48 57
48 82
2 48
16 48
48 78
48 73
33 60
14 33
33 57
3 33
33 97
33 63
33 72
33 61
18 33
33 55
33 85
33 78
33 75
33 70
33 45
7 78
75 78
60 78
44 78
55 78
3 78
14 78
57 78
63 78
47 78
38 78
78 85
78 82
18 78
2 21
21 70
21 39
21 38
18 21
21 76
21 72
16 21
0 21
21 75
21 60
21 55
21 61
21 73
21 44
39 68
0 39
7 39
18 39
39 82
2 39
39 50
16 39
38 39
39 61
39 60
39 73
39 76
15 39
39 47
39 75
39 55
47 75
47 70
47 60
44 47
38 47
16 47
3 47
15 47
47 90
45 47
14 47
18 47
51 97
51 70
44 51
0 51
51 61
51 60
51 82
51 90
18 51
15 51
16 51
45 51
14 51
38 51
8 70
8 15
8 90
8 61
8 55
8 14
8 72
8 60
0 8
8 97
8 63
14 95
1 14
14 68
7 14
14 73
14 50
14 70
14 76
14 61
14 82
14 16
3 14
14 85
14 90
14 45
90 95
63 95
1 95
68 95
61 95
15 95
2 95
82 95
73 95
56 95
57 95
16 95
50 95
1 37
1 55
1 73
1 56
1 72
1 57
1 68
1 85
1 7
1 75
1 76
1 3
1 44
1 97
3 56
3 68
3 7
3 73
3 50
3 60
3 44
3 38
3 57
3 72
3 90
3 85
3 45
32 56
32 61
32 63
32 38
32 60
16 32
32 68
32 76
7 32
32 90
32 55
32 57
32 75
37 43
37 97
37 55
37 45
37 72
37 44
7 37
37 70
37 76
37 38
37 85
37 60
2 37
37 50
37 63
7 44
44 97
44 73
44 75
44 70
44 76
44 57
16 44
44 61
18 44
44 82
2 44
44 85
84 85
16 84
61 84
71 84
82 84
73 84
68 84
72 84
28 84
63 84
28 43
28 70
28 75
2 28
28 97
28 60
28 68
0 28
28 72
28 82
28 38
28 73
28 90
15 28
28 55
28 85
7 28
70 71
68 70
70 73
70 75
55 70
70 85
70 72
61 70
18 70
60 70
15 70
70 90
7 67
67 97
38 67
67 75
67 90
59 67
55 67
67 76
63 67
60 67
0 67
71 76
43 76
68 76
73 76
45 76
38 76
72 76
76 85
76 90
61 76
57 76
65 82
59 65
65 73
60 65
65 90
65 97
63 65
61 65
55 65
45 65
0 65
56 65
18 65
57 65
50 65
55 68
7 55
55 60
55 61
55 82
2 55
16 55
55 85
55 72
55 63
18 55
25 57
25 56
25 75
25 90
18 25
25 61
2 25
25 68
0 25
25 72
25 71
25 97
25 85
18 86
18 71
18 59
18 43
0 18
18 97
18 50
18 60
18 82
2 18
18 57
15 18
18 72
18 90
18 63
50 86
57 86
15 86
71 86
16 86
7 86
56 86
2 86
85 86
16 71
16 43
16 68
16 97
16 50
16 60
16 38
16 85
16 45
16 57
82 99
15 99
50 99
59 99
60 99
63 99
73 99
45 99
7 99
38 99
75 99
72 99
68 99
59 71
45 59
59 82
15 59
59 85
59 75
50 59
59 73
57 59
0 59
43 59
61 80
63 80
75 80
57 80
80 97
80 85
72 80
71 80
60 80
80 90
45 80
38 80
71 72
68 72
7 72
72 97
72 75
61 72
38 72
57 72
72 85
45 72
72 90
31 56
31 57
31 68
0 31
31 85
31 60
31 64
31 38
7 31
43 64
61 64
63 64
64 75
15 64
64 82
50 64
2 64
0 64
64 68
64 73
56 64
50 71
43 50
50 56
0 50
50 97
50 61
50 57
50 60
50 85
50 75
50 63
53 97
53 85
53 71
53 68
52 82
43 82
56 82
68 82
82 97
73 82
75 82
60 82
15 82
38 82
45 82
82 90
2 82
7 52
52 73
2 52
45 52
38 52
15 52
43 73
56 73
38 73
63 73
73 75
15 73
11 56
11 60
11 57
11 15
11 38
11 45
7 11
11 90
11 71
11 97
56 90
0 90
7 90
90 97
75 90
61 90
2 90
57 90
15 90
45 90
85 92
0 92
92 97
2 92
68 92
7 92
60 92
71 92
45 92
43 68
56 68
45 68
7 68
63 68
0 68
15 68
60 68
68 97
7 69
56 69
69 85
45 69
38 69
69 97
15 69
38 42
38 43
0 38
38 75
38 60
38 85
38 63
38 57
15 98
7 98
93 98
0 98
71 98
43 93
61 93
63 93
75 93
42 93
57 93
85 93
56 93
45 93
0 93
2 93
60 93
2 71
2 43
0 2
2 97
2 75
2 60
2 57
2 15
71 77
77 97
61 71
45 71
57 71
43 71
56 71
71 97
27 97
27 60
7 27
15 27
0 27
15 42
15 56
15 75
15 60
15 61
15 57
15 45
15 63
40 97
7 97
57 97
60 97
85 97
63 97
7 96
60 96
60 63
7 79
0 79
7 56
7 57
7 85
7 63
0 66
49 56
42 56
43 56
45 56
56 57
56 85
56 63
56 61
0 83
49 85
43 85
0 85
12 45
12 49
45 49
43 45
0 45
45 75
45 61
13 49
43 49
49 75
42 49
49 61
49 63
49 57
42 57
0 57
57 63
23 63
42 63
61 63
10 75
10 42
23 61
42 61
23 35
23 42
42 43
42 75
0 42
9 23
23 75
43 75
0 75
23 29
23 43
23 74
0 23
