100 1485
23 91
31 91
23 31
62 91
31 62
23 47
47 62
0 47
86 91
31 86
47 86
79 91
31 79
23 79
62 79
0 79
79 86
25 91
25 31
25 47
25 79
15 91
15 31
15 47
15 79
15 23
15 62
0 15
15 86
15 25
43 91
31 43
43 47
43 79
15 43
23 49
49 62
0 49
49 86
43 49
25 49
44 91
31 44
44 47
44 79
15 44
44 49
39 91
31 39
39 47
15 39
23 39
39 62
0 39
39 86
25 39
39 43
39 44
28 91
28 31
28 47
28 79
15 28
28 49
28 39
11 23
11 62
0 11
11 86
11 43
11 25
11 28
91 93
31 93
47 93
79 93
15 93
49 93
39 93
11 93
21 23
21 62
0 21
21 86
21 25
21 43
21 44
21 28
67 91
31 67
47 67
67 79
15 67
49 67
39 67
11 67
21 67
80 91
31 80
47 80
79 80
15 80
49 80
39 80
11 80
21 80
23 80
62 80
0 80
80 86
25 80
43 80
60 91
31 60
47 60
60 79
15 60
49 60
39 60
60 80
3 91
3 31
7 80
7 23
7 62
0 7
7 86
7 43
7 25
74 91
31 74
47 74
74 79
15 74
49 74
39 74
21 74
7 74
23 89
62 89
0 89
86 89
7 63
63 89
8 23
8 62
0 8
53 91
31 53
53 79
15 53
39 53
53 80
3 53
53 89
8 53
53 93
3 70
23 99
62 99
0 99
86 99
9 91
9 31
9 47
9 79
9 15
9 49
9 39
9 80
9 99
23 90
62 90
0 90
33 91
21 33
7 33
33 90
23 56
56 62
0 56
56 67
9 56
51 91
31 51
47 51
51 79
15 51
49 51
39 51
51 80
3 51
23 45
45 62
0 45
45 86
3 61
45 61
61 90
61 93
42 91
31 42
3 42
42 99
8 42
16 91
16 31
16 79
15 16
16 49
16 21
3 16
16 45
16 90
16 93
16 23
16 62
14 91
14 31
7 14
14 99
8 14
14 16
6 91
6 31
6 79
6 15
6 39
6 21
6 80
6 99
6 56
6 93
6 23
6 62
68 91
31 68
68 79
15 68
39 68
21 68
3 68
68 99
56 68
6 68
68 70
51 68
91 92
31 92
39 92
21 92
7 92
89 92
90 92
6 92
26 70
23 26
26 92
5 91
5 31
5 39
5 80
3 5
5 89
5 8
5 93
5 26
5 51
5 92
36 91
31 36
3 36
36 45
8 36
6 36
36 42
24 91
24 31
24 47
24 79
15 24
24 49
24 39
21 24
7 24
24 45
24 90
16 24
24 70
23 24
3 69
69 89
56 69
69 93
42 69
24 69
67 69
25 69
26 85
51 85
67 85
76 91
31 76
47 76
76 79
15 76
49 76
39 76
76 80
7 76
76 99
56 76
16 76
42 76
76 92
67 76
34 80
34 89
8 34
16 34
26 34
34 92
34 76
73 91
31 73
39 73
73 80
7 73
73 99
73 90
6 73
42 73
51 73
64 92
37 91
31 37
37 47
37 79
37 39
37 80
7 37
37 99
37 90
16 37
37 42
24 37
37 64
36 37
37 73
19 91
19 31
19 79
15 19
19 39
19 21
7 19
19 45
19 90
19 93
19 42
19 24
19 67
19 36
30 99
30 89
8 30
16 30
30 42
30 51
30 76
30 36
30 85
56 57
57 93
42 57
24 57
57 92
57 76
30 57
38 90
16 38
6 38
38 51
38 64
36 38
38 73
38 74
71 91
31 71
15 71
21 71
7 71
71 99
56 71
16 71
70 71
51 71
67 71
71 76
19 71
38 71
82 90
82 93
42 82
24 82
67 82
73 82
30 82
38 82
13 91
13 31
13 49
13 80
3 13
13 45
8 13
13 16
13 42
13 51
13 67
13 36
13 85
13 38
13 82
13 71
75 91
31 75
39 75
21 75
75 99
45 75
8 75
6 75
70 75
24 75
75 92
73 75
75 85
0 75
69 75
27 70
26 27
27 67
27 76
27 30
0 27
27 69
40 91
31 40
3 40
40 89
40 56
40 93
40 42
40 51
40 67
36 40
30 40
19 40
40 82
27 40
8 48
6 48
48 70
48 51
48 67
36 48
48 85
19 48
48 71
27 48
48 75
50 73
0 50
50 82
50 71
48 50
3 81
81 89
81 90
81 93
70 81
26 81
81 92
73 81
19 81
74 81
81 82
71 81
42 96
24 96
92 96
25 96
73 96
38 96
63 96
66 76
25 66
66 73
66 74
66 69
66 71
35 91
31 35
35 80
35 45
35 90
35 93
35 70
35 51
35 67
35 76
30 35
19 35
35 82
35 66
14 35
35 81
9 35
35 40
22 64
22 25
22 73
0 22
22 69
22 66
22 96
22 81
3 12
12 99
12 90
12 16
12 70
12 92
12 67
12 76
12 85
12 38
12 71
12 27
12 75
7 18
18 45
18 56
6 18
18 26
18 24
18 64
18 25
18 85
18 38
18 69
18 66
14 18
18 34
18 57
12 18
90 95
93 95
6 95
24 95
67 95
25 95
85 95
0 95
69 95
66 95
75 95
18 95
1 42
1 26
1 67
1 76
1 30
0 1
1 82
1 71
1 96
55 91
31 55
47 55
55 79
15 55
49 55
39 55
55 80
3 55
55 99
55 56
55 93
42 55
26 55
55 67
55 76
55 85
55 74
55 63
27 55
55 75
78 91
31 78
47 78
78 79
15 78
49 78
39 78
21 78
7 78
45 78
56 78
78 93
70 78
24 78
67 78
73 78
30 78
38 78
69 78
66 78
48 78
55 78
12 78
57 78
22 78
54 91
31 54
47 54
54 79
15 54
49 54
39 54
54 80
7 54
54 89
8 54
54 93
54 70
54 92
54 64
25 54
19 54
54 74
54 63
54 71
54 75
18 54
40 54
54 57
46 85
38 46
46 82
46 66
14 46
46 81
9 46
40 46
34 46
23 46
28 46
46 53
46 54
30 87
0 87
82 87
27 87
14 87
81 87
40 87
84 91
31 84
47 84
79 84
11 84
80 84
3 84
45 84
56 84
16 84
42 84
24 84
64 84
25 84
73 84
0 84
63 84
71 84
14 84
81 84
1 84
29 90
16 29
6 29
29 51
29 67
29 36
29 73
19 29
29 63
29 71
14 29
29 55
9 29
29 84
29 95
77 91
31 77
47 77
77 79
39 77
21 77
7 77
45 77
8 77
16 77
42 77
26 77
76 77
36 77
19 77
0 77
77 82
77 96
48 77
55 77
12 77
40 77
29 77
65 91
65 80
3 65
65 99
65 90
6 65
65 70
26 65
65 92
25 65
65 73
38 65
63 65
27 65
65 75
18 65
9 65
65 84
29 65
65 86
14 88
55 88
9 88
84 88
29 88
65 88
90 98
16 98
70 98
51 98
64 98
73 98
85 98
38 98
63 98
96 98
75 98
55 98
12 98
20 91
20 31
3 20
20 99
8 20
6 20
20 70
20 26
20 64
20 36
19 20
20 38
20 63
20 66
20 48
20 81
9 20
52 56
16 52
6 52
51 52
52 64
36 52
52 73
0 52
52 82
52 96
52 75
52 55
9 52
20 52
22 52
43 52
2 92
2 73
2 30
0 2
2 63
2 71
2 48
2 18
2 12
2 57
2 29
2 43
2 50
2 95
58 74
58 96
48 58
55 58
1 58
58 84
46 58
54 58
2 58
44 58
58 60
32 70
26 32
32 64
25 32
30 32
32 74
32 63
32 71
32 96
32 81
12 32
32 84
22 32
32 43
32 50
32 86
32 58
41 64
25 41
30 41
41 74
41 63
41 96
41 48
41 81
1 41
41 84
41 57
41 65
33 41
59 91
31 59
47 59
59 79
15 59
59 80
7 59
59 89
56 59
59 93
26 59
24 59
59 92
36 59
19 59
59 74
59 82
59 66
59 96
59 81
1 59
20 59
46 59
43 59
33 59
44 59
70 97
26 97
64 97
76 97
30 97
19 97
69 97
66 97
75 97
9 97
12 97
57 97
22 97
54 97
97 98
59 97
37 97
4 19
4 74
4 69
4 96
4 14
4 48
4 9
4 20
4 29
4 54
4 50
4 59
4 60
4 88
4 97
4 87
4 34
4 28
4 77
4 61
91 94
31 94
15 94
21 94
7 94
45 94
90 94
6 94
26 94
51 94
92 94
25 94
30 94
0 94
74 94
66 94
48 94
18 94
12 94
40 94
46 94
54 94
33 94
94 98
37 94
32 94
94 97
34 94
68 94
87 94
13 94
62 94
78 97
87 97
17 85
0 17
17 82
17 71
17 48
17 81
17 40
17 57
17 22
17 54
17 98
17 44
17 60
83 91
31 83
15 83
80 83
3 83
83 99
83 90
83 93
26 83
24 83
64 83
76 83
30 83
74 83
69 83
71 83
14 83
81 83
12 83
20 83
22 83
65 83
83 98
59 83
37 83
10 42
10 51
10 64
10 25
10 19
10 74
10 69
10 71
10 75
9 10
1 10
10 57
10 22
10 54
10 98
10 86
10 37
10 83
10 28
10 17
10 68
10 62
10 77
10 53
17 83
23 83
5 83
78 83
53 83
13 83
17 97
17 34
17 35
17 78
17 87
23 97
64 72
36 72
72 85
72 74
69 72
66 72
48 72
55 72
12 72
72 84
29 72
50 72
72 98
72 86
60 72
52 72
72 97
35 72
53 72
72 88
41 72
72 78
34 59
28 59
23 59
53 59
41 59
41 58
32 41
28 41
34 41
5 41
41 95
41 87
32 35
32 77
32 53
5 32
32 61
58 78
13 58
58 62
58 68
58 95
2 35
2 34
2 78
2 52
2 23
2 28
2 87
44 52
37 52
23 52
52 77
52 53
52 95
52 68
52 62
20 33
20 68
20 98
20 44
13 20
20 95
20 22
20 43
20 28
57 98
54 98
88 98
44 98
37 98
78 98
44 88
60 88
28 88
61 88
77 88
78 88
68 88
65 87
65 77
34 65
33 65
65 68
61 65
28 65
33 77
77 86
35 77
5 77
77 95
22 29
29 37
29 43
29 60
29 33
84 86
61 84
50 84
53 84
84 87
5 84
46 87
86 87
60 87
87 95
78 87
46 62
13 46
46 50
43 54
37 54
23 54
54 78
5 78
9 55
28 55
1 55
43 55
55 60
55 86
33 55
1 12
1 61
1 86
1 28
1 23
1 62
1 43
1 95
1 60
43 95
86 95
28 95
35 95
23 95
18 44
18 62
18 37
5 18
18 68
13 18
18 23
12 53
12 40
12 22
12 50
5 22
22 86
22 61
22 35
35 43
35 86
35 37
28 35
35 53
66 96
9 66
34 66
23 66
28 66
37 96
5 96
75 96
34 96
81 96
33 96
50 81
53 81
40 81
61 81
43 50
50 60
13 50
50 62
50 61
50 68
5 50
40 48
23 48
48 57
48 61
5 40
40 44
40 68
37 40
40 62
34 40
27 43
27 33
27 75
27 68
27 53
27 62
14 27
27 61
27 60
27 57
27 86
28 75
9 75
43 75
13 75
60 75
9 13
13 33
13 44
13 28
13 61
13 53
13 62
13 23
69 82
61 82
28 82
82 86
9 82
71 82
34 71
44 71
9 38
38 63
34 38
38 61
38 69
38 57
38 86
57 63
9 57
57 60
37 57
23 57
57 68
44 57
0 30
30 63
23 30
19 30
30 74
19 62
19 53
9 19
19 34
14 19
19 37
37 63
14 37
33 37
34 37
37 61
23 64
63 64
64 73
44 64
64 86
60 64
25 73
34 73
62 73
61 73
73 86
9 34
34 61
5 34
23 34
0 76
14 76
74 76
53 76
60 76
9 76
28 76
76 85
44 85
33 85
28 85
60 85
43 85
5 85
68 85
69 85
23 69
68 69
44 69
33 69
53 69
24 74
24 25
24 92
24 60
24 36
24 62
24 53
24 33
24 28
36 92
25 36
36 53
36 86
36 74
36 63
33 36
5 36
0 36
0 5
5 63
5 14
5 43
5 44
5 60
5 23
26 86
26 28
14 26
0 26
26 43
23 92
67 92
25 92
62 92
68 92
9 92
61 92
25 68
0 68
14 68
44 68
61 68
62 68
23 68
6 28
6 44
6 70
0 6
6 14
6 43
6 9
6 74
14 25
0 14
14 63
14 44
14 62
14 53
14 86
16 74
16 51
16 86
16 42
16 33
16 43
16 60
23 42
42 51
42 62
42 63
42 61
42 60
0 42
51 61
25 61
61 86
61 62
45 51
43 45
45 93
25 45
28 45
45 67
45 60
51 56
23 51
9 51
51 86
51 63
51 67
44 51
56 86
43 56
33 56
33 70
33 67
33 74
9 33
33 62
33 86
33 53
33 60
86 90
9 90
74 90
90 93
9 93
43 99
25 99
70 99
44 99
8 70
23 70
62 70
44 70
53 70
25 70
67 70
53 74
43 53
53 62
8 63
8 60
8 44
8 28
8 25
63 93
60 63
43 63
62 63
74 89
43 74
28 74
44 74
7 44
3 7
7 67
7 93
3 23
3 62
0 3
3 86
3 25
3 43
3 28
3 60
0 60
44 60
28 60
80 93
67 80
44 80
28 80
67 93
23 67
28 67
43 67
21 93
23 93
62 93
0 93
25 93
11 44
25 44
43 44
25 43
23 25
62 86
0 62
0 31
0 23
0 91
