100 2475
59 66
4 66
22 59
4 22
62 66
59 69
4 69
62 69
40 66
22 40
2 59
2 4
2 62
2 40
14 66
14 22
2 14
14 69
59 89
4 89
62 89
40 89
14 89
66 89
44 69
22 44
2 44
44 89
54 59
4 54
54 62
40 54
14 54
54 66
44 54
54 69
11 66
11 69
11 22
2 11
11 89
11 54
48 59
4 48
48 62
40 48
14 48
48 66
44 48
48 69
11 48
4 38
38 66
38 69
11 38
2 38
22 38
38 89
38 54
59 76
4 76
62 76
40 76
14 76
66 76
44 76
69 76
11 76
38 76
22 23
2 23
23 89
23 54
59 74
4 74
62 74
40 74
14 74
66 74
44 74
69 74
11 74
38 74
23 74
24 59
4 24
24 40
14 24
24 66
24 69
24 38
2 24
22 24
24 89
24 54
59 81
4 81
62 81
40 81
14 81
66 81
44 81
69 81
11 81
38 81
23 81
24 81
74 81
66 68
68 69
23 68
24 68
68 74
22 68
2 68
68 89
54 68
48 68
68 81
68 76
53 59
4 53
53 62
40 53
14 53
53 66
44 53
53 69
11 53
38 53
23 53
24 53
53 74
53 68
53 81
59 86
4 86
62 86
40 86
14 86
66 86
44 86
69 86
11 86
38 86
23 86
74 86
68 86
2 86
22 86
86 89
54 86
48 86
76 86
27 59
4 27
27 62
27 40
14 27
27 66
27 44
27 69
11 27
27 38
23 27
24 27
27 74
27 68
27 81
27 86
57 59
4 57
57 62
40 57
14 57
57 66
44 57
57 69
11 57
38 57
23 57
24 57
57 74
57 68
57 81
57 86
22 57
2 57
57 89
54 57
48 57
57 76
27 57
9 59
4 9
9 62
9 40
9 14
9 66
9 44
9 69
9 11
9 38
9 23
9 24
9 74
9 68
9 81
9 86
9 57
21 59
4 21
21 40
14 21
21 66
21 69
11 21
21 38
21 23
21 24
21 74
21 81
2 21
21 22
21 89
21 54
21 48
21 76
59 92
4 92
62 92
40 92
14 92
66 92
44 92
69 92
11 92
38 92
23 92
24 92
74 92
68 92
81 92
86 92
57 92
21 92
89 92
59 80
4 80
40 80
14 80
66 80
69 80
11 80
38 80
23 80
74 80
68 80
80 86
21 80
80 89
22 80
2 80
54 80
48 80
76 80
59 91
4 91
62 91
40 91
14 91
66 91
44 91
69 91
11 91
38 91
23 91
24 91
74 91
68 91
81 91
86 91
57 91
80 91
27 91
22 34
2 34
34 54
34 48
34 76
36 59
4 36
36 40
14 36
36 66
36 69
11 36
36 38
23 36
24 36
36 74
36 86
36 57
36 89
36 80
34 36
15 59
4 15
15 62
15 40
14 15
15 66
15 69
11 15
15 38
15 74
15 68
15 81
15 21
15 89
1 4
1 66
1 69
1 11
1 24
1 74
1 68
1 86
1 57
1 21
1 80
1 22
1 2
1 54
1 48
1 76
12 66
12 69
12 38
12 24
12 68
12 81
12 21
12 89
1 12
12 27
12 15
33 59
4 33
33 62
33 40
14 33
33 66
33 44
33 69
11 33
33 38
24 33
33 74
33 68
33 86
33 57
33 80
1 33
27 33
1 61
34 61
22 61
2 61
54 61
61 76
48 61
4 75
66 75
69 75
38 75
23 75
24 75
74 75
75 86
57 75
75 89
1 75
27 75
61 75
66 84
69 84
68 84
81 84
21 84
84 89
1 84
27 84
15 84
22 84
2 84
54 84
48 84
8 59
4 8
8 62
8 40
8 14
8 66
8 69
8 38
8 23
8 74
8 68
8 81
8 57
8 89
8 80
8 27
8 15
8 84
47 59
4 47
40 47
14 47
47 66
47 69
11 47
38 47
24 47
47 74
47 68
47 81
47 57
47 89
27 47
34 47
15 47
33 47
47 84
22 47
2 47
59 94
4 94
62 94
40 94
14 94
66 94
69 94
11 94
24 94
74 94
81 94
86 94
57 94
89 94
80 94
27 94
61 94
84 94
47 94
12 94
28 59
4 28
28 62
28 40
14 28
28 66
28 44
28 69
11 28
28 38
23 28
24 28
28 74
28 68
28 81
28 86
28 57
28 89
1 28
28 34
15 28
28 84
43 61
33 43
43 84
22 43
2 43
43 54
41 59
4 41
41 62
40 41
14 41
41 66
41 69
11 41
23 41
24 41
41 81
41 86
21 41
41 89
41 80
27 41
15 41
33 41
41 43
21 99
89 99
80 99
27 99
15 99
33 99
43 99
12 99
22 99
2 99
59 73
4 73
62 73
40 73
14 73
66 73
69 73
11 73
38 73
24 73
68 73
73 86
21 73
73 89
1 73
27 73
61 73
73 84
47 73
73 99
28 73
59 65
4 65
40 65
65 66
65 69
11 65
38 65
65 74
65 81
65 86
57 65
65 89
1 65
34 65
61 65
65 84
47 65
65 99
28 65
2 65
22 65
65 76
66 71
69 71
24 71
71 74
68 71
71 81
21 71
71 89
71 80
34 71
15 71
71 84
43 71
12 71
71 99
65 71
32 99
32 75
32 65
22 32
2 32
0 32
59 85
4 85
62 85
40 85
14 85
66 85
44 85
69 85
11 85
38 85
23 85
24 85
81 85
85 86
21 85
85 89
1 85
34 85
61 85
33 85
47 85
12 85
28 85
65 85
32 85
37 66
37 69
24 37
37 74
37 68
37 86
21 37
37 89
37 80
27 37
37 61
33 37
37 43
12 37
28 37
37 65
14 70
66 70
69 70
11 70
38 70
24 70
68 70
70 81
21 70
70 89
1 70
34 70
61 70
70 84
47 70
12 70
31 59
4 31
31 40
31 66
31 69
11 31
31 38
31 74
31 81
31 86
21 31
31 89
31 80
31 34
15 31
31 84
31 43
31 47
31 99
22 31
2 31
5 43
5 99
5 31
5 75
5 65
5 37
10 15
10 33
10 47
10 12
10 31
10 75
10 65
84 97
97 99
31 97
75 97
70 97
32 97
22 97
2 97
15 95
84 95
43 95
47 95
28 95
31 95
70 95
95 97
52 74
52 81
21 52
52 89
52 80
34 52
52 61
52 84
47 52
52 99
31 52
52 75
52 70
32 52
2 52
22 52
7 59
4 7
7 62
7 40
7 14
7 66
7 44
7 69
7 11
7 38
7 23
7 24
7 74
7 68
7 81
7 86
7 57
7 89
1 7
7 34
7 61
7 15
7 43
7 12
7 28
7 31
7 70
7 37
7 52
58 59
4 58
58 62
40 58
14 58
58 66
44 58
58 69
11 58
38 58
23 58
24 58
58 74
58 68
58 81
58 86
57 58
21 58
58 80
27 58
15 58
58 84
43 58
47 58
58 99
58 65
58 70
32 58
10 58
54 58
42 66
42 69
23 42
42 74
42 68
42 81
42 57
42 89
27 42
34 42
42 61
33 42
42 43
42 99
28 42
42 75
42 70
42 97
42 52
42 58
66 77
69 77
38 77
74 77
68 77
77 81
21 77
77 80
1 77
27 77
15 77
33 77
43 77
12 77
31 77
75 77
70 77
77 97
10 77
58 77
39 57
39 89
39 80
27 39
15 39
33 39
39 84
12 39
28 39
39 75
39 65
39 97
39 52
10 39
39 77
16 43
16 47
16 31
16 65
16 32
16 97
16 52
16 58
9 16
50 66
50 69
50 74
50 81
50 57
50 89
1 50
27 50
50 61
50 84
47 50
50 99
28 50
50 75
50 70
37 50
50 97
50 73
50 77
49 59
4 49
40 49
49 66
49 69
11 49
38 49
49 74
49 68
49 81
21 49
49 89
49 80
27 49
15 49
33 49
49 84
12 49
31 49
49 75
49 70
37 49
49 97
49 73
9 49
49 50
30 81
30 86
30 57
30 89
30 80
27 30
30 61
30 33
30 47
30 99
28 30
30 75
30 65
30 37
10 30
30 73
30 77
9 30
26 66
26 74
26 81
26 86
26 57
21 26
26 80
26 34
26 61
26 33
26 43
12 26
26 31
26 75
26 32
26 37
26 52
26 73
26 77
16 26
26 30
66 96
81 96
57 96
80 96
1 96
34 96
61 96
33 96
43 96
47 96
96 99
31 96
32 96
96 97
52 96
58 96
9 96
16 96
2 96
95 96
18 59
4 18
18 40
18 66
18 69
18 38
18 24
18 74
18 68
18 86
18 21
18 89
18 80
18 34
18 61
18 33
18 43
18 99
18 28
18 65
18 70
18 37
18 97
18 58
18 77
16 18
18 30
18 96
18 26
7 18
4 98
66 98
69 98
11 98
23 98
74 98
81 98
86 98
21 98
89 98
27 98
34 98
15 98
84 98
43 98
98 99
31 98
75 98
65 98
37 98
10 98
58 98
77 98
50 98
30 98
95 98
26 98
7 98
52 83
58 83
77 83
50 83
2 83
83 95
59 60
4 60
60 62
40 60
14 60
60 66
44 60
60 69
11 60
38 60
24 60
60 74
60 68
60 81
57 60
21 60
60 80
34 60
60 61
60 84
43 60
47 60
28 60
60 75
60 65
37 60
60 97
58 60
9 60
16 60
2 60
60 95
63 66
63 69
38 63
63 74
63 68
63 86
57 63
21 63
1 63
27 63
61 63
33 63
47 63
63 99
28 63
31 63
63 70
32 63
52 63
10 63
63 73
50 63
16 63
63 96
60 63
7 63
63 71
63 92
42 63
39 63
13 43
13 99
13 31
13 75
13 70
13 32
13 52
13 73
9 13
13 16
2 13
13 95
13 60
32 67
67 97
52 67
67 73
67 77
16 67
2 67
67 96
26 67
67 83
6 66
6 86
6 57
6 89
1 6
6 34
6 15
6 33
6 84
6 47
6 28
6 75
6 65
6 37
6 97
6 10
6 9
6 16
2 6
6 30
6 26
6 67
6 71
6 92
6 42
6 18
17 59
4 17
17 62
17 40
14 17
17 66
17 44
17 69
11 17
17 38
17 23
17 24
17 74
17 68
17 81
17 86
17 21
17 89
1 17
17 34
15 17
17 33
17 43
12 17
17 28
17 31
17 32
17 37
17 52
17 73
17 77
17 50
2 17
17 96
17 60
17 67
17 71
17 98
6 17
17 39
13 17
17 36
57 82
80 82
27 82
34 82
61 82
15 82
43 82
12 82
31 82
65 82
70 82
37 82
10 82
58 82
77 82
16 82
30 82
82 96
26 82
67 82
71 82
41 82
42 82
53 82
22 82
5 82
59 79
4 79
62 79
40 79
14 79
66 79
44 79
69 79
11 79
38 79
23 79
24 79
74 79
68 79
79 81
79 86
57 79
21 79
79 89
79 80
1 79
27 79
61 79
33 79
43 79
79 99
28 79
75 79
70 79
32 79
10 79
58 79
77 79
50 79
16 79
79 95
60 79
26 79
71 79
41 79
42 79
53 79
22 79
36 79
79 82
20 59
4 20
20 62
20 40
14 20
20 66
20 69
11 20
20 24
20 74
20 68
20 81
20 21
20 89
1 20
20 27
20 61
20 33
20 43
20 47
20 28
20 31
20 70
20 37
10 20
20 58
20 77
9 20
2 20
20 96
20 60
7 20
20 98
20 41
20 42
20 53
20 22
5 20
66 88
81 88
21 88
88 89
1 88
34 88
61 88
33 88
47 88
12 88
88 99
75 88
70 88
37 88
88 97
10 88
9 88
50 88
30 88
88 95
26 88
67 88
88 98
88 92
6 88
39 88
22 88
5 88
82 88
76 88
1 19
19 27
19 61
19 33
19 47
12 19
19 28
19 31
19 65
19 37
10 19
19 73
9 19
19 50
2 19
19 30
19 95
19 67
19 98
19 41
19 42
19 39
13 19
19 36
19 88
35 59
4 35
35 40
35 66
35 69
11 35
35 38
24 35
35 81
35 86
21 35
35 89
1 35
27 35
35 61
35 84
35 43
12 35
28 35
31 35
35 70
32 35
10 35
35 73
9 35
35 50
30 35
35 95
26 35
7 35
35 98
35 41
35 42
6 35
22 35
35 36
19 35
20 35
35 83
4 51
51 66
51 69
11 51
23 51
24 51
51 68
51 86
51 57
51 89
1 51
34 51
51 61
33 51
47 51
12 51
51 99
51 65
51 70
51 97
51 52
51 58
51 77
50 51
2 51
30 51
26 51
7 51
51 71
41 51
42 51
51 53
22 51
5 51
51 88
20 51
3 21
3 80
1 3
3 34
3 61
3 15
3 43
3 47
3 28
3 75
3 65
3 32
3 10
3 73
3 9
3 50
2 3
3 95
3 60
3 7
3 71
3 92
3 6
3 53
3 13
3 36
3 82
3 19
64 66
64 81
57 64
64 89
1 64
27 64
15 64
33 64
64 84
47 64
31 64
64 75
32 64
37 64
64 97
58 64
9 64
50 64
16 64
64 96
26 64
64 67
64 98
41 64
6 64
39 64
22 64
5 64
64 82
20 64
3 64
59 78
4 78
62 78
40 78
14 78
66 78
69 78
11 78
23 78
74 78
78 81
78 86
57 78
78 89
78 80
27 78
15 78
33 78
78 84
78 99
28 78
65 78
32 78
78 97
52 78
58 78
9 78
50 78
2 78
30 78
26 78
67 78
78 98
78 92
6 78
39 78
22 78
5 78
78 88
19 78
3 78
66 90
69 90
74 90
81 90
57 90
89 90
1 90
27 90
34 90
15 90
84 90
12 90
28 90
65 90
70 90
37 90
52 90
58 90
77 90
16 90
2 90
90 96
60 90
7 90
90 98
41 90
6 90
53 90
13 90
36 90
88 90
19 90
78 90
51 90
70 87
87 97
10 87
73 87
9 87
16 87
2 87
87 96
87 95
67 87
71 87
87 92
6 87
53 87
13 87
36 87
82 87
20 87
3 87
51 87
17 87
18 87
64 87
25 59
4 25
14 25
25 66
25 69
11 25
24 25
25 74
25 68
25 86
25 57
21 25
1 25
25 27
25 61
15 25
25 47
25 99
25 31
25 75
25 65
25 97
25 52
25 73
25 77
16 25
2 25
25 96
25 95
7 25
25 71
25 92
6 25
25 53
13 25
25 36
25 88
19 25
25 83
25 51
25 87
25 48
8 25
17 25
25 76
25 54
25 64
15 45
33 45
45 84
12 45
28 45
45 75
45 70
45 97
45 52
45 58
9 45
45 50
2 45
45 96
26 45
45 67
7 45
41 45
42 45
39 45
22 45
5 45
45 88
19 45
3 45
45 51
45 79
45 48
29 59
4 29
14 29
29 66
29 69
11 29
29 38
24 29
29 74
29 86
21 29
29 80
1 29
27 29
15 29
29 33
29 47
12 29
28 29
29 65
29 32
29 37
10 29
29 58
9 29
29 50
16 29
29 96
29 60
29 67
29 71
29 92
6 29
29 39
13 29
29 36
29 82
20 29
29 83
29 51
29 79
29 90
18 29
0 29
66 72
69 72
38 72
24 72
68 72
72 86
21 72
72 80
1 72
34 72
15 72
72 84
43 72
12 72
72 99
72 75
32 72
72 97
10 72
72 73
9 72
16 72
30 72
72 96
72 95
26 72
71 72
72 98
42 72
53 72
36 72
5 72
72 82
19 72
3 72
51 72
72 79
72 90
29 72
18 72
46 57
46 89
46 80
34 46
15 46
46 84
43 46
46 47
31 46
46 65
32 46
37 46
10 46
46 73
9 46
16 46
2 46
46 96
26 46
46 67
46 98
41 46
46 92
46 53
22 46
36 46
46 82
19 46
3 46
46 51
46 79
46 90
8 46
17 46
35 46
46 85
56 99
56 75
32 56
37 56
10 56
56 58
56 77
50 56
30 56
56 95
56 60
7 56
56 71
56 98
42 56
39 56
22 56
5 56
56 88
19 56
3 56
51 56
56 79
48 56
29 56
17 56
46 56
56 72
45 56
54 56
56 91
56 76
49 56
56 85
46 72
4 93
66 93
69 93
38 93
23 93
24 93
68 93
81 93
57 93
21 93
80 93
34 93
61 93
15 93
43 93
12 93
28 93
31 93
70 93
37 93
10 93
58 93
9 93
50 93
30 93
93 95
60 93
67 93
71 93
41 93
6 93
53 93
22 93
5 93
82 93
20 93
83 93
51 93
79 93
90 93
29 93
18 93
46 93
35 93
63 93
45 93
0 93
85 93
76 93
49 93
46 91
46 64
55 59
4 55
55 62
40 55
14 55
55 66
44 55
55 69
11 55
38 55
24 55
55 74
55 68
55 86
55 57
55 89
55 80
34 55
55 61
33 55
47 55
12 55
31 55
55 75
32 55
55 97
10 55
55 73
55 77
50 55
30 55
55 96
55 60
7 55
55 98
41 55
6 55
39 55
22 55
36 55
55 88
19 55
55 83
55 78
55 79
55 87
8 55
18 55
25 55
46 55
55 63
54 55
55 85
49 55
55 76
55 64
35 72
54 72
72 94
49 72
72 76
63 72
29 85
29 54
29 91
29 45
8 29
18 45
25 45
35 45
45 91
45 54
45 64
45 85
25 94
25 63
25 91
54 87
0 87
87 94
49 87
87 90
63 87
8 87
90 91
18 90
63 90
8 90
0 90
49 90
64 90
54 78
78 85
48 78
78 91
76 78
8 78
78 79
17 78
0 78
18 78
64 78
48 64
17 64
54 64
64 94
49 64
64 91
3 83
3 51
3 49
3 91
3 18
3 48
3 54
51 63
49 51
35 51
51 94
35 79
35 48
8 35
17 35
0 35
35 76
35 85
35 63
19 76
8 19
19 49
19 91
18 19
54 88
8 88
83 88
85 88
63 88
20 88
20 94
20 85
20 83
20 54
17 20
20 48
20 79
0 20
20 63
79 83
79 85
76 79
48 79
79 91
17 82
48 82
0 82
18 82
82 91
82 94
49 82
17 83
17 48
8 17
17 63
17 54
0 17
17 85
6 94
6 49
0 6
6 83
6 48
6 36
36 67
67 92
13 67
41 67
54 67
49 67
7 67
67 91
22 67
67 71
13 98
13 92
13 42
13 53
13 22
13 76
13 63
0 13
13 36
13 94
8 13
13 18
13 49
13 85
5 13
5 63
63 83
8 63
0 63
49 63
63 94
48 60
26 60
54 60
60 83
60 76
22 60
39 60
53 60
5 60
42 60
36 60
60 91
60 85
83 98
83 92
53 83
22 83
5 83
8 83
0 83
83 94
76 83
83 85
85 98
18 98
53 98
76 98
36 98
48 98
39 98
5 98
18 41
18 39
5 18
18 76
18 94
18 91
0 18
18 49
71 96
54 96
7 96
39 96
49 96
36 96
92 96
22 96
26 96
7 26
26 49
26 92
8 26
26 41
26 94
26 71
0 26
26 76
30 42
30 49
30 36
30 53
30 76
30 39
30 54
30 41
0 30
30 91
30 94
30 85
49 71
41 49
39 49
5 49
48 49
8 49
49 94
16 50
36 50
50 92
7 50
41 50
50 53
0 50
42 50
50 94
16 91
16 71
16 76
16 95
16 22
16 39
16 85
2 16
16 48
7 39
39 92
39 42
39 53
39 94
39 91
39 85
22 39
5 39
0 39
42 77
22 77
48 77
76 77
5 77
2 77
77 92
77 94
41 77
36 77
7 77
42 95
7 42
42 71
41 42
42 54
42 53
42 91
42 76
8 42
5 42
42 85
53 58
58 85
58 73
41 58
7 58
22 58
58 94
8 58
58 92
2 7
5 7
7 8
7 48
7 85
7 94
0 7
7 53
7 22
9 52
0 52
52 95
8 52
52 53
52 91
52 71
52 73
10 52
52 85
48 52
52 76
10 95
9 95
2 95
48 95
5 95
76 95
53 95
8 95
91 95
0 95
41 95
94 95
9 97
71 97
53 97
10 97
0 97
91 97
92 97
2 10
10 41
10 22
10 94
10 54
5 10
10 36
5 73
5 9
2 5
5 92
5 94
5 8
0 5
9 31
31 91
31 70
31 41
31 76
8 31
31 36
70 75
2 70
22 70
70 92
70 91
36 70
37 70
8 70
48 70
70 73
70 94
2 37
22 37
37 94
36 37
37 85
37 48
8 37
37 76
37 41
37 54
73 85
2 85
41 85
36 85
48 85
85 94
85 91
32 54
9 32
32 71
32 41
32 76
32 73
32 92
71 73
9 71
2 71
8 71
54 71
71 91
0 71
71 92
71 94
41 71
9 65
8 65
65 73
0 65
48 65
54 65
53 65
0 73
36 73
73 76
2 73
9 73
73 91
48 73
8 73
54 73
9 99
76 99
54 99
91 99
41 99
53 99
28 99
0 99
41 75
36 41
22 41
41 92
41 53
8 41
28 43
43 53
43 76
43 75
43 91
12 28
2 28
22 28
28 92
28 54
28 48
28 94
28 36
28 75
75 94
92 94
48 94
8 94
54 94
0 94
8 47
36 47
0 47
47 54
47 48
12 47
8 12
8 9
2 8
8 53
8 76
84 91
0 84
75 84
9 84
84 92
12 84
12 75
2 75
22 75
75 92
75 91
53 75
0 61
61 91
53 61
33 61
22 33
2 33
33 54
33 92
33 76
12 33
33 53
9 33
33 36
12 22
2 12
12 53
12 92
12 48
12 36
0 12
1 53
1 9
1 27
1 15
1 92
15 34
2 15
15 22
15 54
15 76
15 92
15 36
15 48
9 15
36 53
36 76
36 91
36 48
36 54
0 34
34 91
9 91
91 92
22 91
0 91
76 91
53 80
27 80
80 92
9 80
0 80
27 92
2 92
76 92
48 92
54 92
0 92
22 92
9 21
21 27
21 53
9 89
9 27
9 53
0 9
9 54
53 57
0 57
27 89
22 27
2 27
27 54
27 48
27 76
27 53
53 86
0 86
53 89
48 53
53 54
53 76
22 81
2 81
81 89
54 81
76 81
48 81
0 81
24 76
24 74
24 48
0 24
22 74
2 74
74 89
54 74
74 76
48 74
23 48
23 76
0 23
76 89
48 76
0 76
38 48
0 38
48 89
2 48
22 48
48 54
0 11
54 89
22 54
0 54
0 44
69 89
22 89
2 89
0 89
0 14
2 66
2 69
2 22
40 69
0 40
66 69
22 69
0 69
22 62
0 62
22 66
0 4
0 66
0 59
