100 2475
5 78
5 51
5 39
39 51
5 31
31 51
31 39
31 78
5 20
20 51
20 31
51 65
31 65
65 78
39 65
5 85
51 85
31 85
65 85
51 59
31 59
59 65
59 78
39 59
59 85
20 59
5 76
51 76
31 76
65 76
59 76
68 78
39 68
20 68
68 85
68 76
5 72
51 72
31 72
65 72
59 72
68 72
3 5
3 51
3 31
3 65
3 59
3 68
3 39
3 78
3 85
3 20
3 76
5 74
51 74
31 74
65 74
59 74
68 74
3 74
24 51
24 78
24 39
20 24
24 85
24 76
5 79
51 79
31 79
65 79
59 79
68 79
3 79
24 79
5 98
51 98
31 98
65 98
59 98
68 98
3 98
24 98
78 98
39 98
20 98
85 98
76 98
79 98
5 28
28 51
28 31
28 65
28 59
28 68
3 28
24 28
28 98
5 19
19 51
19 31
19 65
19 59
19 68
3 19
19 24
19 98
19 39
19 78
19 20
19 85
19 76
19 28
19 72
19 74
19 79
5 9
9 51
9 31
9 65
9 59
9 68
3 9
9 24
9 98
9 19
5 23
23 51
23 65
23 59
3 23
23 98
23 39
23 78
23 85
20 23
23 76
23 79
23 72
23 28
23 74
5 87
51 87
31 87
65 87
59 87
68 87
3 87
24 87
87 98
19 87
23 87
35 51
35 98
35 78
35 39
20 35
35 85
35 76
35 79
35 74
35 72
28 35
35 87
5 33
33 51
31 33
33 65
33 59
33 68
3 33
24 33
33 98
19 33
23 33
33 35
41 51
41 98
23 41
41 78
39 41
20 41
41 85
41 76
41 74
28 41
41 79
41 72
33 41
41 87
9 41
5 52
51 52
31 52
52 65
52 59
52 68
3 52
24 52
52 98
19 52
23 52
35 52
41 52
52 74
5 12
12 51
12 31
12 65
12 59
3 12
12 24
12 98
12 35
12 41
12 39
12 78
12 20
12 85
12 76
12 72
12 28
12 79
12 33
12 52
9 12
12 87
0 12
5 25
25 51
25 31
25 65
25 59
25 68
3 25
24 25
25 98
19 25
23 25
25 35
25 41
25 74
12 25
5 92
51 92
65 92
59 92
3 92
19 92
35 92
74 92
12 92
39 92
78 92
85 92
20 92
76 92
79 92
28 92
72 92
9 92
52 92
87 92
33 92
5 38
38 51
31 38
38 65
38 59
38 68
3 38
24 38
38 98
19 38
23 38
35 38
38 41
38 74
12 38
38 92
38 72
9 38
14 23
14 41
14 74
14 72
14 39
14 78
14 20
14 85
14 76
14 79
14 28
14 52
14 87
14 33
5 48
48 51
31 48
48 65
48 59
48 68
3 48
24 48
48 98
19 48
35 48
48 74
48 92
48 72
14 48
5 66
51 66
31 66
65 66
59 66
66 68
3 66
24 66
66 98
19 66
23 66
35 66
41 66
66 74
12 66
66 72
14 66
66 78
39 66
20 66
66 85
66 76
28 66
66 79
66 87
33 66
52 66
66 88
51 53
3 53
24 53
19 53
23 53
53 74
12 53
53 72
9 53
39 53
53 78
53 85
20 53
53 76
28 53
53 79
53 87
52 53
33 53
5 22
22 51
22 31
22 65
22 59
22 68
3 22
22 24
22 98
19 22
22 23
22 41
22 92
9 22
14 22
22 53
22 78
22 39
22 85
20 22
22 76
22 28
22 79
51 86
86 98
23 86
74 86
86 92
9 86
66 86
22 86
39 86
5 27
27 51
27 31
27 65
27 59
27 68
3 27
27 98
23 27
27 74
27 92
27 72
9 27
27 66
27 39
5 69
51 69
31 69
65 69
59 69
68 69
3 69
24 69
69 98
19 69
35 69
69 74
69 92
9 69
14 69
22 69
39 69
69 78
20 69
69 85
69 76
69 79
28 69
9 91
53 91
39 91
69 91
51 99
98 99
35 99
74 99
92 99
72 99
14 99
22 99
39 99
27 99
78 99
85 99
20 99
76 99
28 99
79 99
5 37
37 51
31 37
37 65
37 59
3 37
24 37
19 37
23 37
37 41
37 92
37 72
9 37
37 53
22 37
37 39
37 99
12 36
36 92
14 36
36 53
22 36
36 69
36 99
36 78
36 85
20 36
36 76
36 87
51 71
59 71
3 71
19 71
41 71
71 74
12 71
9 71
66 71
22 71
39 71
69 71
71 99
36 71
45 51
45 68
3 45
19 45
35 45
41 45
12 45
45 72
14 45
45 53
39 45
27 45
49 99
49 78
20 49
49 85
49 76
5 82
51 82
31 82
65 82
59 82
68 82
3 82
24 82
82 98
19 82
23 82
35 82
41 82
74 82
12 82
9 82
14 82
53 82
22 82
69 82
49 82
36 82
45 82
39 81
27 81
81 99
36 81
5 94
51 94
31 94
65 94
59 94
68 94
3 94
24 94
94 98
19 94
23 94
35 94
41 94
74 94
12 94
72 94
9 94
66 94
22 94
69 94
49 94
36 94
78 94
20 94
85 94
76 94
39 77
27 77
77 99
36 77
77 94
45 77
28 77
5 62
51 62
31 62
3 62
24 62
62 98
35 62
62 74
12 62
9 62
14 62
53 62
39 62
62 69
27 62
36 62
62 94
10 51
10 98
10 23
10 74
10 92
10 72
10 14
10 53
10 22
10 27
10 49
10 36
10 94
10 81
10 78
10 85
10 20
10 76
51 70
70 98
23 70
70 74
70 92
70 72
14 70
53 70
22 70
69 70
70 99
42 78
42 85
20 42
42 76
23 34
34 74
34 92
9 34
34 66
34 53
34 39
34 69
34 99
34 42
34 94
10 34
28 34
34 62
34 91
16 51
16 19
16 35
16 74
12 16
9 16
14 16
16 66
16 39
16 69
16 49
16 42
16 45
10 16
16 52
16 91
51 93
31 93
65 93
3 93
93 98
19 93
35 93
41 93
92 93
9 93
14 93
53 93
39 93
27 93
93 99
42 93
93 94
10 93
52 93
62 93
91 93
78 93
20 93
85 93
5 32
32 51
31 32
3 32
24 32
19 32
32 35
32 74
32 92
32 72
9 32
32 66
22 32
27 32
32 99
32 42
32 94
32 81
32 52
57 78
20 57
57 85
32 57
5 97
51 97
31 97
65 97
59 97
68 97
3 97
24 97
97 98
19 97
23 97
35 97
41 97
74 97
12 97
72 97
66 97
53 97
22 97
27 97
97 99
36 97
94 97
10 97
52 97
57 97
93 97
16 97
5 46
46 51
31 46
46 65
46 59
3 46
24 46
46 98
35 46
46 74
12 46
46 72
46 66
46 53
39 46
27 46
46 49
42 46
45 46
10 46
46 52
46 57
46 93
16 46
46 78
46 70
0 46
5 75
51 75
31 75
65 75
59 75
68 75
3 75
24 75
75 98
19 75
23 75
35 75
41 75
74 75
12 75
9 75
14 75
66 75
39 75
69 75
49 75
42 75
75 94
10 75
28 75
57 75
75 93
46 75
2 39
2 69
2 99
2 42
2 45
2 81
2 52
2 57
2 93
2 46
2 78
2 75
2 76
16 43
5 64
51 64
31 64
3 64
24 64
64 98
35 64
41 64
12 64
64 72
9 64
22 64
39 64
64 69
64 99
42 64
64 94
10 64
52 64
57 64
64 93
16 64
64 78
64 85
20 64
37 64
64 79
5 47
47 51
31 47
47 65
47 59
47 68
3 47
24 47
47 98
19 47
23 47
47 74
12 47
47 72
9 47
47 66
22 47
47 69
47 99
42 47
47 94
10 47
28 47
47 57
47 93
47 64
61 91
61 64
46 61
61 78
51 83
83 98
35 83
74 83
12 83
72 83
14 83
66 83
39 83
27 83
49 83
36 83
45 83
81 83
52 83
57 83
83 91
64 83
61 83
5 84
51 84
31 84
65 84
59 84
68 84
3 84
24 84
84 98
19 84
23 84
35 84
41 84
74 84
84 92
9 84
14 84
53 84
39 84
27 84
84 99
42 84
45 84
81 84
52 84
57 84
84 91
64 84
2 84
61 84
51 58
19 58
23 58
41 58
12 58
58 72
14 58
22 58
39 58
58 69
58 99
42 58
58 94
58 81
52 58
58 62
58 93
16 58
2 58
58 84
54 93
16 54
46 54
26 28
26 57
26 93
26 46
26 61
26 78
26 38
5 90
51 90
31 90
65 90
59 90
3 90
90 98
19 90
35 90
41 90
90 92
72 90
14 90
66 90
39 90
69 90
90 99
36 90
90 94
81 90
28 90
57 90
90 91
16 90
46 90
26 90
37 90
47 90
5 15
15 51
15 31
15 65
15 59
15 68
15 24
15 19
15 35
15 74
15 92
15 72
9 15
15 66
15 22
15 27
15 99
15 36
15 94
15 81
15 52
15 62
15 16
15 64
15 61
15 26
15 37
15 47
5 29
29 51
29 31
29 65
29 59
29 68
3 29
29 98
23 29
29 41
12 29
29 72
14 29
22 29
29 39
29 69
29 99
29 36
29 45
29 81
29 52
29 62
29 91
29 64
29 61
29 84
29 54
29 70
15 29
0 29
29 76
51 89
19 89
23 89
41 89
89 92
9 89
66 89
53 89
39 89
27 89
49 89
42 89
45 89
10 89
28 89
62 89
89 93
46 89
2 89
26 89
37 89
70 89
21 51
21 68
21 24
21 98
21 23
21 41
21 92
21 72
14 21
21 53
21 39
21 69
21 49
21 42
21 94
10 21
21 52
21 57
21 93
21 46
2 21
21 61
21 54
21 37
15 21
21 71
14 63
63 66
39 63
27 63
49 63
42 63
45 63
10 63
52 63
57 63
63 91
16 63
61 63
26 63
37 63
63 70
21 63
63 83
63 76
5 7
7 51
7 31
7 65
7 59
7 68
3 7
7 24
7 98
7 19
7 35
7 41
7 74
7 92
7 14
7 53
7 39
7 69
7 99
7 49
7 45
7 81
7 52
7 62
7 91
7 64
7 46
7 61
7 54
7 47
7 70
0 7
7 76
7 78
5 56
51 56
31 56
56 65
56 59
56 68
3 56
24 56
56 98
19 56
23 56
35 56
41 56
56 74
12 56
56 72
9 56
53 56
22 56
27 56
49 56
36 56
56 94
10 56
52 56
56 62
56 93
56 64
46 56
56 61
54 56
47 56
21 56
0 56
30 74
30 72
30 66
30 53
22 30
30 69
30 49
30 36
30 94
10 30
28 30
30 62
30 93
30 64
2 30
26 30
30 37
30 70
15 30
0 30
30 76
30 75
2 50
26 50
37 50
47 50
15 50
0 50
30 50
50 89
50 56
11 94
11 81
11 28
11 62
11 91
11 64
2 11
11 26
11 37
11 47
11 21
0 11
11 76
7 11
4 94
4 81
4 28
4 62
4 93
4 16
4 61
4 26
4 84
4 47
4 15
0 4
4 30
4 89
4 11
4 90
4 86
4 29
51 67
67 98
23 67
41 67
67 92
67 72
14 67
66 67
39 67
67 69
49 67
36 67
67 94
67 81
52 67
62 67
67 93
64 67
46 67
26 67
37 67
47 67
67 70
0 67
67 76
67 89
4 67
11 67
67 97
67 82
34 67
43 67
5 6
6 51
6 65
3 6
6 24
6 98
6 23
6 74
6 92
6 72
6 9
6 22
6 39
6 27
6 49
6 36
6 94
6 10
6 28
6 57
6 91
6 16
6 46
6 26
6 84
6 47
6 70
6 83
6 76
6 7
4 6
6 78
6 97
6 82
5 13
13 51
13 31
13 65
13 59
13 68
3 13
13 24
13 98
13 19
13 23
13 35
13 41
13 74
12 13
13 92
13 72
9 13
13 14
13 53
13 39
13 69
13 99
13 42
13 45
10 13
13 52
13 62
13 16
13 46
13 61
13 84
13 54
13 47
13 15
13 21
13 76
7 13
13 56
13 78
13 20
13 75
8 12
8 92
8 9
8 53
8 22
8 69
8 49
8 36
8 45
8 81
8 28
8 62
8 93
8 64
8 46
8 26
8 84
8 70
8 15
8 83
8 30
8 89
8 56
8 78
8 97
8 13
8 34
8 29
6 8
8 75
22 60
27 60
49 60
42 60
45 60
10 60
28 60
60 62
16 60
46 60
2 60
60 84
54 60
60 70
15 60
0 60
30 60
60 89
56 60
60 78
20 60
60 71
34 60
43 60
5 40
40 51
31 40
40 65
40 59
40 68
3 40
24 40
40 98
19 40
23 40
40 74
40 92
40 72
14 40
40 53
39 40
40 69
40 99
40 42
40 45
10 40
40 52
40 57
40 91
40 46
40 61
40 84
40 54
40 47
15 40
0 40
40 76
7 40
4 40
40 56
40 97
40 82
13 40
29 40
6 40
40 50
12 80
9 80
14 80
66 80
39 80
27 80
80 99
42 80
45 80
10 80
52 80
57 80
80 91
16 80
2 80
26 80
37 80
47 80
21 80
80 83
30 80
7 80
80 89
11 80
20 80
80 82
13 80
77 80
40 80
75 80
32 80
8 80
80 85
58 80
25 80
48 80
33 80
5 44
44 51
31 44
44 65
44 59
3 44
24 44
19 44
35 44
41 44
12 44
44 72
44 66
44 53
22 44
44 69
27 44
42 44
44 94
10 44
28 44
44 62
44 93
44 64
44 61
44 84
44 54
37 44
44 70
0 44
30 44
7 44
44 56
44 78
20 44
44 82
34 44
43 44
6 44
40 44
44 60
8 44
38 44
55 92
55 72
9 55
55 66
22 55
27 55
55 99
36 55
45 55
55 81
28 55
55 57
55 93
55 64
2 55
26 55
54 55
55 70
15 55
21 55
55 83
55 89
4 55
11 55
55 97
55 71
13 55
29 55
6 55
40 55
18 51
18 98
18 35
18 41
18 74
18 72
9 18
18 53
18 39
18 69
18 49
18 36
18 94
10 18
18 28
18 62
18 91
16 18
18 61
18 26
18 54
18 47
15 18
18 83
18 30
7 18
4 18
18 78
18 97
18 82
18 34
18 77
6 18
18 75
18 50
5 17
17 51
17 31
17 65
17 59
3 17
17 24
17 19
17 23
17 74
12 17
17 92
17 66
17 53
17 22
17 69
17 49
17 42
17 45
17 81
17 28
17 62
17 93
16 17
17 61
17 84
17 54
17 47
17 21
0 17
17 76
7 17
17 56
17 78
17 20
17 71
13 17
17 43
17 40
17 18
17 32
17 38
17 85
17 50
17 90
17 25
1 35
1 41
1 12
1 9
1 14
1 66
1 39
1 27
1 99
1 42
1 45
1 81
1 28
1 62
1 91
1 16
1 61
1 26
1 84
1 70
1 21
1 83
1 76
1 7
1 56
1 78
1 20
1 71
1 13
1 43
1 6
1 18
1 60
1 8
1 38
1 50
1 55
1 25
66 95
53 95
39 95
69 95
49 95
42 95
45 95
81 95
52 95
57 95
93 95
64 95
2 95
84 95
37 95
70 95
15 95
83 95
76 95
89 95
4 95
78 95
95 97
82 95
34 95
77 95
29 95
18 95
32 95
8 95
38 95
50 95
55 95
1 95
63 95
44 95
17 95
67 95
5 73
51 73
31 73
59 73
3 73
19 73
23 73
41 73
12 73
72 73
66 73
53 73
39 73
27 73
49 73
36 73
73 94
10 73
52 73
57 73
16 73
64 73
46 73
26 73
37 73
70 73
21 73
0 73
30 73
7 73
73 89
11 73
20 73
71 73
34 73
43 73
6 73
73 75
60 73
8 73
38 73
58 73
73 90
25 73
33 73
44 73
73 80
73 95
67 73
73 86
86 95
1 79
5 96
51 96
31 96
65 96
59 96
3 96
24 96
96 98
35 96
74 96
12 96
9 96
14 96
66 96
39 96
69 96
96 99
36 96
94 96
10 96
52 96
62 96
91 96
64 96
2 96
26 96
54 96
70 96
15 96
21 96
30 96
7 96
4 96
78 96
20 96
71 96
34 96
77 96
29 96
75 96
60 96
32 96
58 96
50 96
90 96
48 96
1 96
87 96
17 96
88 96
79 96
86 96
1 17
1 63
1 87
17 44
17 80
17 67
18 88
18 33
18 63
18 25
18 38
18 86
18 48
18 55
32 55
55 85
55 58
55 86
44 55
55 63
25 55
55 87
33 55
44 90
25 44
44 63
44 67
44 80
79 80
80 88
40 48
40 79
40 60
40 67
40 58
40 85
40 86
40 87
60 75
50 60
33 60
60 88
8 60
60 67
60 85
60 79
60 90
8 87
8 38
8 48
8 86
8 58
8 63
13 58
13 29
13 85
13 33
13 34
13 63
13 43
13 79
13 48
6 13
6 77
6 29
6 33
6 90
6 25
6 67
6 63
6 58
32 67
38 67
58 67
67 90
48 67
33 67
67 79
4 25
4 38
4 58
4 82
4 85
4 87
4 20
4 33
4 97
11 78
11 63
11 77
11 85
11 34
11 25
11 71
11 50
11 97
11 79
11 90
11 33
11 29
11 20
11 75
20 50
50 82
34 50
43 50
32 50
50 85
48 50
33 50
25 50
50 90
50 87
30 38
30 82
30 90
30 88
30 89
25 30
30 78
30 32
30 56
30 33
30 97
7 56
56 71
56 77
56 78
56 63
56 75
43 56
34 56
56 88
48 56
56 79
32 56
56 82
7 82
7 38
7 63
7 79
7 71
7 58
7 88
7 86
20 63
63 82
63 77
63 75
63 85
58 63
48 63
63 79
33 63
63 86
21 78
21 58
21 87
21 33
21 83
21 34
21 89
21 76
21 97
21 85
21 48
21 38
0 89
34 89
89 90
43 89
87 89
32 89
25 89
20 89
48 89
77 89
29 89
85 89
75 89
29 97
29 71
29 77
29 90
29 75
29 86
29 85
29 38
29 88
29 32
29 87
15 32
15 25
15 82
15 20
15 75
15 38
15 90
15 86
15 43
15 79
15 88
0 90
90 97
71 90
34 90
75 90
32 90
85 90
88 90
48 90
79 90
26 54
26 33
0 26
26 77
26 47
26 32
20 26
26 70
20 54
54 97
54 78
54 82
54 87
54 71
34 54
54 58
54 77
48 54
37 54
54 85
54 88
0 54
47 58
0 58
58 83
58 78
58 97
43 58
58 77
32 58
58 86
25 58
58 79
58 88
71 84
84 85
84 87
75 84
83 84
78 84
84 97
34 84
82 84
48 84
84 86
79 84
38 84
43 84
37 83
47 83
78 83
82 83
83 88
34 83
43 83
83 97
32 83
25 83
79 83
48 83
77 83
33 83
20 83
83 87
61 71
20 61
47 61
43 61
61 86
61 79
61 76
61 88
37 61
25 61
37 47
38 47
0 47
47 76
25 47
43 47
47 77
33 47
47 79
47 75
64 77
64 88
64 76
43 64
48 64
64 86
2 43
43 76
43 78
20 43
43 71
43 86
25 43
43 87
38 43
43 48
43 88
33 43
2 34
2 32
2 85
2 86
2 70
2 82
2 48
2 77
2 38
2 79
2 88
0 2
37 75
0 75
75 82
34 75
75 77
32 75
75 79
48 75
38 75
25 75
46 82
46 85
20 46
33 46
25 46
37 46
46 87
46 97
70 97
76 97
20 97
82 97
85 97
88 97
77 97
32 97
86 97
71 97
38 57
57 87
37 57
25 57
57 88
57 82
57 70
57 86
32 93
16 32
32 37
32 70
32 78
32 71
32 34
32 77
32 87
32 88
32 85
79 93
77 93
38 93
16 93
82 93
16 78
16 85
16 20
16 86
16 34
16 33
16 38
16 71
16 25
16 87
34 70
34 76
20 34
34 82
34 38
34 88
34 77
42 70
42 79
42 86
38 42
70 94
10 70
28 70
70 91
37 70
70 78
70 85
70 71
70 87
48 70
0 70
70 77
10 79
10 62
10 88
0 10
10 48
28 62
62 78
62 85
20 62
62 76
33 62
62 71
62 79
62 91
48 62
0 62
62 77
76 77
77 82
77 79
77 87
25 77
77 86
77 85
38 94
81 94
0 94
91 94
86 94
78 81
20 81
81 85
76 81
81 91
33 81
81 82
37 81
38 81
81 87
28 81
81 86
25 81
52 81
71 81
52 82
37 82
82 87
25 82
79 82
38 82
71 82
33 49
45 49
49 87
49 79
48 49
28 49
25 49
38 49
49 86
49 91
36 45
45 78
45 85
20 45
45 76
45 79
45 52
45 88
33 45
45 48
28 45
45 87
25 45
45 71
37 45
52 71
71 91
0 71
71 76
71 86
33 71
48 71
71 87
71 88
71 85
36 48
36 88
36 37
0 36
25 36
28 36
36 52
33 36
37 52
37 91
33 37
37 76
25 37
37 86
37 88
20 37
88 99
91 99
0 99
52 99
28 91
78 91
20 91
85 91
25 91
88 91
76 91
48 91
0 91
87 91
33 91
48 69
0 69
27 69
27 78
20 27
27 85
27 76
27 28
27 79
25 27
27 87
27 38
27 88
27 52
27 86
27 33
28 86
0 86
76 86
78 86
25 86
48 86
86 87
86 88
22 33
22 38
22 87
22 52
22 25
22 48
0 53
53 88
39 88
28 88
78 88
38 88
25 88
33 88
87 88
79 88
0 66
48 66
28 48
48 76
48 78
20 48
48 85
33 48
48 87
14 25
14 38
38 39
38 52
38 78
20 38
38 79
33 38
25 38
25 92
0 92
25 72
9 25
25 39
25 52
20 25
52 72
9 52
39 52
52 78
52 85
20 52
52 76
0 41
33 74
33 72
9 33
33 39
28 33
33 76
20 33
33 85
33 87
9 35
0 35
74 87
72 87
9 87
39 87
28 87
0 87
78 87
85 87
79 87
9 23
0 23
9 74
9 72
9 78
9 39
9 20
9 85
9 76
9 79
9 28
0 9
0 19
28 74
28 72
28 39
28 78
28 85
20 28
28 76
28 79
0 28
74 98
72 98
0 98
74 79
72 79
39 79
76 79
20 79
79 85
24 72
24 74
0 24
39 74
74 78
20 74
74 85
74 76
72 74
0 74
3 72
0 3
39 72
72 78
72 85
20 72
72 76
0 72
0 68
39 76
0 76
76 85
0 59
39 85
0 85
20 65
0 65
20 39
0 20
0 31
39 78
0 39
51 78
0 51
0 5
