100 1980
7 21
21 89
7 36
36 89
21 57
36 57
7 50
50 89
50 57
36 50
22 36
21 22
22 50
7 35
35 89
35 57
35 36
22 35
21 63
50 63
35 63
7 58
58 89
57 58
36 58
22 58
58 63
36 56
22 56
21 56
50 56
56 58
35 56
7 62
62 89
57 62
36 62
22 62
62 63
56 62
6 7
6 89
6 57
6 36
6 22
6 63
6 21
6 50
6 35
6 58
6 62
7 60
60 89
57 60
36 60
22 60
60 63
56 60
6 60
21 75
50 75
58 75
35 75
62 75
7 95
89 95
57 95
36 95
22 95
63 95
56 95
6 95
75 95
7 25
25 89
25 57
25 36
22 25
25 63
25 56
6 25
25 75
21 25
25 50
25 35
25 58
25 62
25 60
25 95
7 31
31 89
31 57
31 36
22 31
31 63
31 56
6 31
31 75
25 31
21 98
50 98
58 98
35 98
62 98
31 98
95 98
60 98
7 16
16 89
16 57
16 36
16 22
16 63
16 56
6 16
16 75
16 25
16 98
7 90
89 90
57 90
36 90
56 90
6 90
90 98
21 65
50 65
58 65
35 65
62 65
31 65
60 65
65 95
7 97
89 97
57 97
36 97
22 97
63 97
56 97
6 97
75 97
25 97
97 98
65 97
7 46
46 89
46 57
36 46
22 46
46 63
46 56
46 75
46 98
46 90
21 46
46 50
35 46
46 58
46 62
46 95
46 60
31 46
68 75
68 90
46 68
50 68
15 50
15 21
15 35
15 58
15 62
17 36
6 17
17 25
17 65
17 46
36 38
38 98
21 38
38 50
35 38
38 58
38 62
31 38
7 54
54 89
54 57
36 54
22 54
54 63
54 56
6 54
54 75
25 54
54 98
54 90
38 54
50 54
15 54
7 85
57 85
36 85
63 85
56 85
75 85
85 98
65 85
85 90
50 85
7 51
51 89
51 57
36 51
22 51
51 56
6 51
51 75
25 51
51 98
38 51
50 51
21 51
35 51
51 58
51 62
7 30
30 57
30 36
22 30
6 30
30 75
25 30
30 65
30 90
30 50
30 51
7 82
82 89
36 82
63 82
56 82
6 82
25 82
82 90
46 82
38 82
15 82
21 82
58 82
35 82
25 71
65 71
38 71
50 71
15 71
71 82
9 21
9 35
9 58
44 46
44 50
15 44
44 51
9 44
7 59
59 89
57 59
36 59
22 59
59 63
56 59
6 59
25 59
59 98
46 59
38 59
15 59
59 85
59 82
7 77
57 77
36 77
22 77
56 77
75 77
25 77
77 98
46 77
50 77
15 77
77 85
73 82
21 73
35 73
58 73
73 77
30 73
36 80
75 80
80 98
65 80
80 90
50 80
51 80
80 82
73 80
59 80
19 36
19 63
19 56
6 19
19 25
19 98
19 46
19 38
15 19
19 82
19 73
19 59
19 21
16 19
19 80
36 67
67 90
46 67
50 67
15 67
51 67
67 82
67 77
19 67
67 68
36 39
6 39
25 39
39 65
39 90
39 50
15 39
39 51
9 39
39 77
9 32
32 77
21 32
32 35
32 58
36 53
22 53
53 56
6 53
25 53
53 65
46 53
38 53
15 53
53 85
53 82
32 53
19 53
34 36
22 34
34 56
6 34
25 34
34 65
34 46
34 38
34 51
34 85
34 73
34 59
19 34
21 34
7 28
28 89
28 57
28 36
22 28
28 63
28 56
6 28
28 75
25 28
28 98
28 90
28 38
28 50
15 28
28 82
28 73
28 59
19 28
28 34
28 31
36 84
22 84
6 84
75 84
25 84
84 98
46 84
50 84
15 84
84 85
82 84
77 84
36 79
6 79
25 79
65 79
46 79
38 79
15 79
79 85
73 79
59 79
32 79
21 79
58 79
35 79
7 23
23 89
23 57
23 36
22 23
23 63
23 56
23 75
23 25
23 65
23 90
23 50
23 51
23 85
23 73
23 59
23 79
23 34
7 64
57 64
36 64
22 64
56 64
6 64
25 64
64 65
46 64
38 64
51 64
64 82
64 73
59 64
19 64
64 68
31 64
21 64
23 64
9 81
59 81
79 81
19 81
64 81
7 11
11 89
11 57
11 36
11 22
11 63
11 56
6 11
11 25
11 65
11 46
11 38
11 15
11 82
11 73
11 32
11 79
11 34
11 31
11 84
11 21
11 17
7 96
89 96
57 96
36 96
22 96
63 96
56 96
75 96
25 96
65 96
46 96
38 96
51 96
82 96
9 96
59 96
79 96
68 96
31 96
11 96
7 61
61 89
57 61
36 61
22 61
61 63
56 61
61 75
25 61
61 90
46 61
38 61
50 61
51 61
61 82
61 77
32 61
34 61
39 61
11 61
21 61
7 92
89 92
57 92
36 92
22 92
56 92
6 92
75 92
25 92
90 92
46 92
50 92
15 92
85 92
73 92
77 92
32 92
34 92
39 92
64 92
61 92
36 45
6 45
45 75
45 98
45 90
38 45
45 50
45 51
45 73
45 59
45 79
45 68
39 45
45 64
16 45
9 74
74 77
32 74
34 74
31 74
74 84
11 74
45 74
9 42
32 42
42 79
19 42
39 42
42 64
42 61
5 36
5 65
5 90
5 38
5 51
5 85
5 73
5 77
5 79
5 19
5 39
5 11
5 16
5 45
5 42
26 36
22 26
26 56
26 75
26 98
26 65
26 90
26 50
26 51
26 85
26 73
26 59
26 79
19 26
26 31
11 26
16 26
5 26
32 48
19 48
31 48
48 64
11 48
16 48
44 48
7 18
18 89
18 57
18 36
18 22
18 63
18 56
6 18
18 75
18 25
18 98
18 65
18 46
18 38
18 50
18 82
18 73
18 77
18 79
18 19
18 31
18 84
16 18
18 45
18 48
36 83
63 83
56 83
6 83
83 98
83 90
46 83
50 83
15 83
51 83
73 83
77 83
32 83
68 83
39 83
83 84
11 83
45 83
42 83
36 52
6 52
52 75
52 98
52 90
50 52
51 52
52 85
9 52
52 59
52 79
34 52
31 52
52 84
52 61
45 52
5 52
52 83
52 71
52 97
52 54
52 81
13 61
13 45
5 13
13 52
13 97
13 17
29 36
6 29
25 29
29 90
29 46
29 50
15 29
29 51
29 82
29 59
29 32
29 34
29 68
11 29
29 61
29 30
29 42
29 48
15 99
85 99
9 99
59 99
32 99
34 99
39 99
84 99
11 99
30 99
42 99
48 99
36 93
22 93
56 93
75 93
93 98
65 93
90 93
38 93
50 93
51 93
73 93
77 93
79 93
68 93
39 93
84 93
61 93
30 93
5 93
93 99
93 97
36 91
22 91
56 91
6 91
25 91
65 91
90 91
38 91
50 91
85 91
73 91
59 91
79 91
34 91
39 91
64 91
16 91
45 91
5 91
52 91
91 99
17 91
28 91
12 19
12 68
12 31
12 84
12 16
12 45
12 42
12 83
12 99
12 91
7 78
78 89
57 78
36 78
22 78
63 78
56 78
6 78
75 78
25 78
78 98
65 78
46 78
50 78
15 78
51 78
78 82
77 78
78 79
34 78
39 78
64 78
61 78
45 78
42 78
78 83
78 99
78 91
19 69
34 69
39 69
69 84
16 69
45 69
48 69
69 83
69 99
1 51
1 85
1 73
1 77
1 79
1 68
1 31
1 64
1 61
1 45
1 5
1 48
87 90
38 87
15 87
85 87
82 87
77 87
79 87
34 87
64 87
84 87
61 87
30 87
42 87
52 87
1 87
17 87
69 87
78 87
15 86
51 86
82 86
77 86
79 86
19 86
31 86
64 86
16 86
45 86
42 86
86 99
86 97
86 91
29 86
86 93
26 86
27 51
27 85
27 82
27 59
27 32
27 34
27 39
11 27
27 61
27 30
27 48
27 52
27 97
1 27
27 29
27 93
27 86
0 27
23 27
27 28
8 36
6 8
8 98
8 65
8 46
8 38
8 50
8 85
8 73
8 77
8 79
8 34
8 39
8 84
8 16
8 30
8 42
8 83
8 97
8 91
8 69
8 71
8 86
3 69
3 71
3 86
2 7
2 89
2 57
2 36
2 22
2 63
2 56
2 6
2 75
2 25
2 98
2 65
2 46
2 50
2 15
2 85
2 9
2 59
2 32
2 19
2 39
2 84
2 16
2 45
2 5
2 83
2 97
2 17
2 69
2 78
2 86
2 3
7 47
47 89
47 57
36 47
22 47
47 63
47 56
6 47
47 75
25 47
47 98
47 65
46 47
38 47
47 50
47 51
47 82
47 77
32 47
47 68
31 47
47 64
11 47
30 47
47 48
47 83
47 99
17 47
29 47
47 78
26 47
42 43
43 48
43 99
1 43
43 91
43 78
26 43
43 47
11 40
30 40
40 48
40 52
1 40
17 40
40 69
40 93
40 86
0 40
28 40
8 40
40 67
15 72
51 72
9 72
72 77
32 72
19 72
39 72
72 84
11 72
30 72
48 72
72 83
72 99
17 72
29 72
71 72
72 86
3 72
40 72
28 72
27 72
53 72
36 70
70 98
46 70
50 70
51 70
70 85
70 82
70 77
32 70
68 70
31 70
11 70
16 70
5 70
48 70
70 83
1 70
17 70
69 70
70 78
70 86
0 70
23 70
70 95
27 70
70 72
24 50
24 51
9 24
24 59
24 79
19 24
24 39
24 64
16 24
24 30
5 24
24 52
24 99
1 24
24 69
24 93
24 26
24 47
24 40
24 95
18 24
24 72
24 80
20 32
20 34
20 31
20 64
20 61
20 45
20 42
20 83
20 99
20 91
20 78
20 71
20 26
0 20
20 23
20 40
18 20
20 72
20 24
20 92
2 20
20 96
20 58
9 10
10 59
10 19
10 34
10 31
10 64
10 16
10 30
10 42
10 83
10 99
10 91
10 69
10 93
10 12
0 10
10 23
10 28
10 18
76 79
34 76
31 76
76 84
61 76
30 76
42 76
52 76
76 97
76 91
69 76
76 78
26 76
0 76
47 76
27 76
76 87
31 41
41 64
41 61
41 45
41 42
41 48
41 97
41 91
29 41
41 93
12 41
0 41
41 47
40 41
41 76
36 55
55 90
46 55
38 55
51 55
55 85
55 82
55 59
55 79
19 55
55 68
55 84
55 61
30 55
42 55
48 55
55 97
55 91
55 78
55 71
55 86
3 55
23 55
55 95
27 55
41 55
24 55
55 92
8 55
44 55
55 67
4 36
4 65
4 90
4 38
4 51
4 82
4 73
4 77
4 19
4 68
4 31
4 84
4 16
4 45
4 42
4 52
4 97
1 4
4 78
4 93
4 12
0 4
4 23
4 28
4 27
4 72
4 21
4 8
2 4
4 44
4 55
31 33
33 64
16 33
33 45
33 48
33 52
33 97
1 33
33 78
33 71
33 86
3 33
23 33
33 95
18 33
33 41
24 33
8 33
33 60
33 44
33 54
4 33
7 94
89 94
57 94
36 94
22 94
63 94
56 94
6 94
75 94
25 94
94 98
65 94
90 94
50 94
51 94
85 94
9 94
59 94
79 94
34 94
68 94
84 94
61 94
5 94
42 94
48 94
94 97
1 94
91 94
78 94
26 94
3 94
47 94
40 94
76 94
41 94
24 94
66 69
66 78
66 86
12 66
47 66
66 95
18 66
41 66
24 66
10 66
66 96
62 66
2 66
53 66
49 50
49 82
9 49
49 77
32 49
49 68
31 49
49 84
16 49
30 49
42 49
49 52
49 97
17 49
49 69
49 93
12 49
0 49
23 49
28 49
49 76
21 49
49 66
49 92
2 49
44 49
49 55
10 49
12 88
3 88
40 88
88 95
27 88
72 88
21 88
66 88
2 88
88 96
54 88
33 88
88 94
87 88
43 88
20 88
49 88
14 73
14 77
14 32
14 68
14 31
14 84
14 61
14 45
5 14
14 83
1 14
14 17
14 69
14 71
14 26
3 14
14 23
14 28
14 27
14 72
14 21
14 92
2 14
14 96
14 55
10 14
14 88
14 62
14 70
14 49
14 43
14 81
20 49
35 49
4 49
49 67
7 37
37 89
36 37
22 37
37 56
37 75
37 98
37 65
37 90
37 38
37 50
37 85
37 73
37 59
37 79
34 37
37 39
11 37
16 37
30 37
5 37
37 48
1 37
37 91
29 37
37 78
26 37
12 37
37 47
28 37
27 37
37 72
37 66
8 37
37 60
37 54
37 55
10 37
37 94
20 37
35 37
13 37
37 81
37 80
13 66
66 94
66 74
2 94
44 94
54 94
33 94
70 94
67 94
4 94
81 94
33 43
33 81
33 87
33 53
4 53
4 20
4 81
4 13
53 55
55 70
55 80
41 87
41 96
8 41
13 41
41 44
35 41
41 54
21 41
41 58
43 76
8 76
76 80
76 96
60 76
76 92
67 76
2 76
62 76
10 76
10 92
8 10
10 96
10 54
10 70
10 20
10 35
10 80
20 62
20 81
24 60
24 67
24 44
24 81
24 70
8 24
70 74
8 70
70 96
53 70
43 70
70 80
13 70
72 74
72 92
72 81
72 80
43 72
40 43
40 60
40 87
13 40
40 80
40 74
18 40
43 95
21 43
43 74
8 43
43 96
43 58
43 62
35 43
43 67
47 74
47 96
47 92
47 58
47 54
47 81
47 95
2 47
44 47
47 80
2 28
2 27
2 92
2 35
2 87
2 54
2 60
3 35
3 58
0 3
3 23
3 54
3 53
3 95
3 18
3 21
3 8
8 27
8 92
8 81
8 53
8 96
18 27
27 58
27 67
27 74
21 86
53 86
62 86
60 86
86 87
54 86
86 92
12 87
28 87
21 87
74 87
44 87
58 87
62 87
13 87
80 87
35 87
53 87
1 95
1 18
1 35
1 74
1 17
1 69
1 96
1 23
1 71
1 92
1 26
21 69
23 69
69 78
67 69
69 80
69 71
29 69
0 69
26 78
62 78
12 78
60 78
54 78
78 95
12 71
12 26
12 74
12 44
12 13
12 58
12 81
12 18
12 92
12 67
12 80
62 91
60 91
91 95
29 91
91 93
18 91
80 91
29 93
28 93
71 93
26 93
54 93
60 93
67 93
0 93
81 93
23 93
93 96
13 93
53 99
80 99
44 99
0 99
23 99
96 99
29 99
92 99
21 99
67 99
29 92
29 96
29 58
18 29
29 53
29 44
29 35
29 81
29 74
13 29
28 29
29 95
0 13
13 23
13 18
13 74
13 60
13 44
13 54
13 58
13 53
13 80
26 52
52 62
52 74
52 60
52 80
52 67
52 95
44 52
23 83
35 83
53 83
0 83
83 92
21 83
58 83
18 83
83 96
28 83
17 83
18 71
18 23
18 62
18 81
18 21
18 53
18 35
18 54
18 44
35 48
48 95
48 81
0 48
48 62
26 48
48 97
26 97
26 67
23 26
26 96
26 35
26 95
26 80
26 28
0 26
5 62
5 95
5 23
5 81
5 60
5 58
5 28
5 53
5 80
5 92
5 54
42 96
21 42
42 71
42 67
42 74
17 42
23 42
17 74
71 74
23 74
21 74
58 74
74 80
53 74
54 74
62 74
67 74
21 45
45 71
35 45
45 67
45 92
45 58
44 45
71 92
28 92
21 92
44 92
60 92
92 96
35 92
54 61
44 61
17 61
61 81
61 67
0 61
61 96
23 61
61 95
30 96
0 96
95 96
81 96
62 96
53 96
11 30
11 23
11 71
11 62
11 81
11 44
11 53
11 97
11 28
81 97
17 81
0 81
81 95
60 81
58 81
53 81
58 64
35 64
64 80
64 84
0 64
60 64
64 95
16 64
54 64
23 35
23 62
23 53
21 23
62 79
54 79
79 84
68 79
34 84
39 84
21 84
84 97
58 84
53 84
35 84
67 84
28 84
28 30
28 97
0 28
28 62
28 44
28 67
28 95
28 58
34 97
34 44
34 80
34 35
34 68
17 34
34 53
39 53
30 53
17 53
53 71
53 95
53 67
32 62
0 32
30 32
32 95
32 97
32 60
17 32
32 39
19 39
21 39
17 39
39 62
39 67
16 39
39 60
31 39
39 54
30 39
17 67
60 67
54 67
58 67
35 67
67 80
19 44
19 58
19 71
19 35
19 31
19 54
31 80
16 80
30 80
71 80
60 80
44 80
62 80
68 73
16 73
62 73
54 73
0 73
21 77
58 77
35 77
17 77
30 77
71 77
60 77
54 77
59 77
21 59
58 59
35 59
59 97
31 59
59 95
16 59
44 59
44 68
17 44
44 71
0 44
44 60
44 58
9 71
9 31
9 60
9 95
0 9
9 68
68 71
31 71
16 71
71 97
21 71
35 71
58 71
62 71
62 82
30 82
0 82
68 82
17 82
82 97
30 68
16 30
21 30
17 30
30 97
30 54
0 30
30 60
51 95
51 85
21 85
35 85
58 85
62 85
60 85
85 95
85 97
31 85
54 85
17 85
16 85
54 97
17 54
54 95
21 54
35 54
54 62
38 95
38 60
16 38
38 97
17 38
15 17
17 97
17 35
0 17
17 21
17 58
0 15
15 60
15 68
15 31
15 16
21 68
0 68
16 68
60 68
31 68
58 68
68 95
62 68
68 97
46 97
16 46
50 97
62 97
60 97
58 97
65 90
0 65
21 90
50 90
58 90
35 90
62 90
60 90
90 95
31 90
16 90
0 90
16 21
16 60
16 58
16 35
16 62
0 98
31 50
21 31
0 31
31 95
0 25
50 95
60 95
21 95
35 95
60 75
0 75
50 60
0 60
21 60
58 60
60 62
0 6
50 62
0 62
58 62
35 62
0 56
50 58
21 58
35 58
0 63
35 50
21 35
0 22
21 50
0 50
0 57
21 36
0 36
0 89
0 7
