100 495
28 54
13 28
54 90
13 90
28 73
73 90
34 73
33 54
13 33
33 73
21 33
54 95
13 95
73 95
21 95
33 88
88 95
29 54
5 34
5 29
54 75
73 75
13 75
34 51
33 51
51 75
18 29
54 71
34 37
33 37
29 37
37 71
28 48
48 90
34 48
34 81
54 81
33 42
42 81
75 96
21 96
28 41
41 90
33 41
41 81
41 96
18 41
13 41
31 66
31 87
37 87
33 53
53 81
29 53
18 53
10 33
10 81
33 35
29 35
35 89
35 78
73 78
5 78
70 96
70 78
31 70
37 70
13 80
66 80
46 75
46 89
37 46
25 28
25 29
25 96
25 71
13 25
25 47
34 68
68 81
29 68
18 68
3 28
3 90
3 34
3 81
3 29
3 56
3 48
3 37
3 80
3 53
13 19
19 47
19 98
19 35
27 89
27 71
27 48
27 73
27 53
22 48
22 73
10 50
49 50
50 98
35 50
59 90
59 81
59 75
18 59
56 59
59 66
49 59
58 75
58 78
48 58
37 58
58 80
58 63
32 45
32 60
20 75
18 20
20 56
20 37
20 98
20 60
49 74
70 74
10 92
73 92
80 92
22 92
74 92
41 92
34 61
29 61
61 75
18 61
13 61
47 61
45 61
60 61
32 61
61 92
5 61
9 38
38 60
38 51
38 61
7 93
14 34
14 95
14 96
14 78
14 31
14 73
14 45
53 67
1 96
1 56
1 31
1 24
24 51
48 94
24 94
35 64
5 64
39 96
18 39
39 48
39 47
39 64
39 67
39 74
12 64
12 63
12 39
12 21
2 45
2 22
2 51
55 64
21 86
35 86
55 86
86 94
13 97
73 97
9 97
86 97
46 97
55 97
6 74
6 11
6 54
46 76
26 39
26 82
26 54
8 31
8 66
8 9
31 85
73 85
85 98
63 85
36 48
36 47
15 17
15 63
15 32
15 92
15 42
15 87
23 56
23 66
23 49
23 85
23 93
23 68
23 43
5 23
15 23
48 69
24 69
45 69
22 69
69 74
61 69
2 69
28 99
90 99
34 99
81 99
75 99
71 99
31 99
66 99
9 99
85 99
93 99
68 99
50 99
69 99
13 84
37 84
53 84
84 85
30 64
30 67
30 51
53 77
67 77
30 77
55 77
39 65
21 65
65 72
0 65
4 50
4 87
4 25
4 65
20 65
72 77
13 44
44 47
44 98
44 85
39 44
44 61
44 72
41 44
36 44
44 94
72 94
0 77
57 64
57 86
11 57
21 57
2 57
79 96
71 79
10 79
73 79
79 80
70 79
74 79
14 79
62 79
5 79
79 88
57 79
57 62
57 77
12 77
30 54
30 84
30 87
21 30
11 84
27 84
84 99
16 42
8 16
16 84
16 25
59 84
88 99
23 69
69 94
15 97
17 88
17 36
17 51
36 85
36 93
36 92
9 52
52 60
32 52
52 58
52 88
36 52
25 52
9 83
60 83
19 83
58 83
52 83
7 83
36 83
83 97
1 36
8 85
8 39
8 14
8 27
8 26
8 76
1 26
26 87
27 82
76 82
50 82
6 76
76 88
38 76
6 97
6 87
40 50
40 59
3 40
40 97
46 55
2 55
1 55
42 55
2 43
2 12
5 12
3 12
64 94
51 94
58 94
41 94
24 88
24 53
1 53
1 67
1 19
1 42
1 38
14 67
41 67
42 67
14 51
3 14
14 54
7 14
7 54
7 25
7 20
43 93
25 93
21 43
27 43
38 43
3 38
87 92
20 74
20 58
20 42
20 59
0 32
32 41
32 58
58 68
63 70
59 63
11 59
59 68
54 59
11 88
11 50
5 50
42 49
5 49
21 49
22 49
22 70
22 54
22 27
22 88
19 27
27 41
19 46
19 91
21 91
88 91
25 91
3 91
0 91
3 19
56 68
66 68
9 68
68 70
46 68
0 68
9 45
45 54
25 45
25 35
46 47
35 47
46 98
35 46
42 46
21 98
80 98
42 80
0 80
70 80
0 70
51 70
31 35
5 35
35 87
10 89
13 89
48 89
10 18
0 10
10 53
10 21
10 73
10 51
5 10
10 42
41 53
53 87
13 31
37 66
66 73
41 66
0 41
42 96
54 96
48 96
42 71
73 81
0 81
48 81
13 81
48 88
37 48
0 37
71 88
21 71
18 71
18 51
0 18
5 51
5 75
29 88
0 29
54 73
13 34
13 54
34 54
0 34
