100 1485
39 78
7 39
7 77
7 32
39 82
77 82
32 82
39 48
48 77
32 48
44 48
3 39
3 77
3 32
3 44
3 48
3 78
3 7
3 82
39 42
42 77
32 42
42 44
3 42
14 82
14 78
7 14
14 48
39 80
77 80
32 80
44 80
3 80
14 80
36 39
36 77
3 36
14 36
7 36
36 82
36 48
36 78
36 42
28 39
28 77
28 32
28 44
3 28
14 28
28 36
35 78
7 35
35 48
35 82
35 42
28 35
35 80
39 41
41 77
32 41
41 44
3 41
14 41
36 41
35 41
22 78
7 22
22 48
22 82
22 42
22 28
22 80
22 41
39 46
46 77
32 46
44 46
3 46
14 46
36 46
35 46
22 46
76 78
76 82
7 76
48 76
76 80
42 76
28 76
46 76
41 76
32 38
3 38
14 38
22 38
38 76
11 39
11 32
3 11
11 14
11 36
11 35
12 48
12 78
7 12
12 82
12 42
12 28
12 80
39 71
71 77
32 71
3 71
36 71
35 71
12 71
21 39
21 77
21 32
3 21
14 21
21 35
21 76
21 78
21 82
7 21
21 48
21 80
21 28
21 42
3 26
14 26
26 36
26 35
22 26
21 26
7 26
26 82
26 78
26 48
26 80
26 28
26 42
39 53
53 77
32 53
3 53
14 53
35 53
53 76
11 53
26 53
7 94
82 94
48 94
78 94
26 88
88 94
88 89
36 47
35 47
47 76
11 47
7 47
47 78
47 82
47 48
47 80
19 47
19 94
44 50
3 50
14 50
36 50
50 76
21 50
26 50
12 52
11 52
47 52
52 78
7 52
52 82
48 52
50 52
39 69
69 77
32 69
3 69
36 69
22 69
69 76
21 69
11 69
52 69
69 89
41 69
44 62
3 62
14 62
36 62
62 76
11 62
26 62
62 94
62 89
48 62
24 62
50 67
23 67
67 87
60 89
41 60
60 87
60 67
12 98
11 98
26 98
94 98
50 98
48 98
24 98
14 90
35 90
12 90
21 90
47 90
52 90
48 90
41 90
30 90
65 90
19 90
20 48
20 41
20 24
20 67
14 63
36 63
63 76
21 63
47 63
52 63
63 89
23 63
30 63
63 65
63 98
62 63
26 56
56 94
50 56
48 56
23 56
56 67
56 63
40 56
40 88
55 76
21 55
47 55
52 55
50 55
41 55
24 55
55 65
19 55
40 55
12 13
11 13
13 47
13 52
13 50
13 41
13 23
13 67
13 98
13 20
13 60
10 87
10 30
10 19
10 20
10 13
39 84
77 84
32 84
3 84
14 84
22 84
12 84
21 84
26 84
52 84
50 84
23 84
84 87
65 84
19 84
15 84
13 79
53 79
14 66
35 66
66 76
11 66
26 66
52 66
66 89
23 66
66 87
66 67
66 98
20 66
66 79
42 66
12 73
11 73
26 73
52 73
73 89
41 73
30 73
65 73
19 73
20 73
13 73
19 96
63 96
56 96
71 96
6 39
6 77
6 32
6 44
3 6
6 14
6 36
6 35
6 76
6 21
6 26
6 94
6 48
6 23
6 87
6 30
6 98
6 63
6 96
6 42
12 59
11 59
47 59
50 59
59 89
23 59
59 87
59 65
59 63
15 59
59 96
59 84
14 54
36 54
12 54
21 54
26 54
54 94
48 54
23 54
24 54
54 65
54 63
20 54
54 96
54 92
54 59
10 54
79 83
42 83
73 83
47 70
52 70
70 89
41 70
24 70
65 70
63 70
20 70
70 79
70 84
3 29
14 29
29 36
22 29
29 76
21 29
26 29
29 52
29 50
29 48
24 29
29 67
29 98
15 29
13 29
29 92
29 56
10 29
29 93
3 45
14 45
36 45
35 45
45 76
21 45
45 47
45 52
45 89
41 45
45 87
45 65
45 63
40 45
45 96
45 84
45 73
45 70
45 93
18 89
18 41
18 24
18 67
18 63
15 18
13 18
18 92
18 73
18 45
18 83
18 54
18 80
15 34
34 42
34 59
10 34
34 83
25 26
25 94
25 89
23 25
25 87
25 30
19 25
25 40
25 79
25 92
25 73
1 39
1 77
1 32
1 44
1 3
1 14
1 36
1 35
1 12
1 21
1 47
1 94
1 50
1 48
1 87
1 30
1 19
1 40
1 15
1 84
1 59
1 10
29 74
1 74
69 74
54 74
25 74
16 44
3 16
14 16
16 35
12 16
16 21
16 26
16 94
16 50
16 41
16 23
16 30
16 98
16 20
16 79
16 92
16 73
10 16
16 83
16 82
16 38
7 16
3 75
14 75
36 75
35 75
75 76
11 75
47 75
75 94
50 75
41 75
75 87
67 75
19 75
20 75
13 75
75 92
29 75
70 75
65 97
63 97
13 97
42 97
29 97
45 97
66 97
24 49
49 65
49 63
40 49
13 49
42 49
49 59
1 49
49 97
17 32
3 17
17 36
17 22
17 76
11 17
17 47
17 94
17 89
17 48
17 24
17 67
17 19
15 17
17 96
17 92
17 73
17 70
17 83
17 82
17 25
0 17
17 28
17 46
2 24
2 65
2 98
2 40
2 15
2 92
2 29
1 2
2 83
2 17
2 38
51 87
51 67
51 65
20 51
51 79
42 51
29 51
51 70
51 69
17 51
51 80
64 77
32 64
44 64
3 64
36 64
35 64
64 76
21 64
26 64
52 64
48 64
41 64
23 64
30 64
19 64
20 64
13 64
64 84
64 73
1 64
64 83
17 64
38 64
51 64
46 64
22 85
11 85
47 85
50 85
48 85
41 85
23 85
67 85
85 98
40 85
85 96
85 92
73 85
70 85
69 85
54 85
80 85
16 85
78 85
49 85
53 85
4 63
4 20
4 79
4 84
4 59
1 4
4 97
4 82
4 34
4 16
4 46
4 85
27 39
27 77
27 32
3 27
27 36
27 35
12 27
21 27
27 47
27 52
27 89
23 27
27 87
27 65
27 98
27 63
27 79
27 92
27 29
27 45
27 97
17 27
27 80
16 27
27 78
27 71
9 39
9 77
3 9
9 14
9 36
9 35
9 12
9 21
9 26
9 52
9 50
9 41
9 23
9 30
9 63
9 40
9 96
9 42
9 29
9 70
9 45
9 54
9 25
9 34
9 51
47 91
52 91
89 91
48 91
24 91
65 91
19 91
20 91
15 91
84 91
59 91
45 91
69 91
54 91
34 91
16 91
46 91
71 91
9 91
19 31
31 40
15 31
31 84
10 31
1 31
31 97
31 54
25 31
28 31
31 46
31 91
27 31
50 68
48 68
24 68
67 68
19 68
20 68
13 68
68 79
42 68
45 68
68 69
68 82
38 68
28 68
46 68
49 68
27 68
7 68
31 68
39 72
72 77
32 72
44 72
3 72
14 72
36 72
22 72
72 76
21 72
47 72
72 94
50 72
23 72
72 87
30 72
63 72
15 72
13 72
72 92
59 72
1 72
69 72
17 72
72 80
34 72
5 32
3 5
5 36
5 35
5 76
5 11
5 26
5 52
5 89
5 41
5 30
5 67
5 19
5 20
5 13
5 42
5 59
1 5
5 69
5 54
5 25
5 34
26 33
33 94
33 48
23 33
33 87
30 33
33 98
20 33
33 79
33 92
29 33
33 70
33 97
33 54
33 38
33 34
5 33
33 71
9 33
86 89
48 86
24 86
30 86
19 86
15 86
86 96
84 86
29 86
10 86
69 86
54 86
34 86
51 86
78 86
86 91
85 86
86 90
57 87
57 67
57 98
20 57
15 57
57 84
57 59
45 57
57 83
54 57
25 57
16 57
51 57
57 91
57 86
57 62
57 75
8 98
8 40
8 96
8 92
8 29
1 8
8 45
8 82
8 38
8 51
8 78
8 49
8 85
8 68
8 75
12 37
21 37
37 47
37 94
37 89
37 41
37 87
30 37
37 98
37 40
13 37
37 92
37 59
10 37
37 97
17 37
37 38
37 51
37 78
37 91
37 85
37 74
37 64
4 37
59 99
10 99
83 99
82 99
25 99
28 99
46 99
71 99
27 99
74 99
75 99
37 99
6 99
18 99
56 99
36 43
35 43
22 43
21 43
26 43
43 94
43 48
41 43
43 87
43 67
19 43
20 43
43 96
43 79
29 43
1 43
43 45
25 43
43 80
28 43
43 51
43 49
9 43
43 74
43 90
8 43
43 55
43 57
43 93
0 43
7 43
43 99
93 99
60 99
37 60
39 58
58 77
32 58
44 58
3 58
14 58
36 58
35 58
58 76
11 58
47 58
52 58
48 58
23 58
24 58
58 65
58 98
40 58
13 58
42 58
58 73
58 70
58 97
58 82
38 58
34 58
46 58
58 91
58 86
58 74
31 58
37 58
53 58
18 58
33 58
58 66
50 81
41 81
30 81
65 81
63 81
40 81
13 81
42 81
73 81
10 81
45 81
17 81
80 81
51 81
5 81
71 81
27 81
68 81
81 90
8 81
6 81
57 81
33 81
2 81
58 81
7 81
58 72
2 37
8 37
7 37
8 56
8 53
8 18
8 57
55 57
57 72
12 61
11 61
26 61
52 61
48 61
23 61
61 87
61 67
19 61
40 61
61 96
61 84
61 73
61 70
61 83
61 82
25 61
51 61
46 61
49 61
61 86
61 62
31 61
61 90
53 61
57 61
0 61
2 61
61 66
61 88
57 93
74 86
86 88
63 95
15 95
95 96
84 95
42 95
10 95
69 95
82 95
34 95
28 95
78 95
91 95
86 95
62 95
64 95
4 95
0 95
33 95
7 95
88 95
72 95
53 95
55 86
33 86
33 64
6 33
18 33
2 33
33 60
5 7
5 72
5 88
5 62
5 75
5 49
5 56
5 93
5 6
2 5
72 91
27 72
68 72
72 75
4 72
56 72
2 72
0 72
68 90
18 68
53 68
62 68
31 90
2 31
31 60
6 31
31 93
4 31
75 91
0 91
9 60
9 27
9 93
9 56
9 64
9 66
9 53
6 9
2 27
4 27
27 75
0 27
4 74
4 90
4 6
4 88
4 93
64 85
66 85
18 85
62 85
7 85
64 74
2 64
64 93
0 64
55 64
7 64
2 51
51 56
6 51
51 53
2 46
2 6
0 2
17 49
17 66
17 62
49 80
34 49
49 56
49 90
18 49
7 49
49 71
49 74
75 97
7 97
56 97
28 97
46 97
25 97
6 97
60 97
54 75
38 75
16 75
74 75
75 88
66 75
53 75
18 75
16 62
16 28
16 74
16 71
16 53
16 88
46 74
0 74
66 74
1 69
1 25
1 56
0 1
1 62
1 53
25 34
25 71
25 56
25 93
25 90
0 25
34 80
34 66
18 34
34 78
18 78
18 53
18 60
18 56
28 45
45 90
45 62
45 55
45 80
69 93
83 93
28 93
71 93
55 93
60 93
88 93
29 80
29 60
29 88
29 70
70 88
70 90
70 78
46 70
7 70
70 71
6 70
70 83
69 83
82 83
54 83
0 83
6 83
7 83
54 78
54 90
54 71
54 55
59 62
55 59
46 59
38 59
28 59
59 69
6 59
6 38
6 78
6 62
6 60
6 66
62 96
69 96
38 96
80 96
82 96
92 96
55 92
73 92
71 92
82 92
84 92
0 73
66 73
73 82
73 78
53 73
71 73
73 90
10 66
28 66
66 78
66 90
56 66
66 88
7 66
79 90
79 84
42 79
28 79
7 79
46 79
60 79
53 84
10 84
78 84
80 84
56 84
28 84
7 10
10 80
10 55
10 60
10 82
10 38
7 13
13 88
13 55
13 46
55 80
28 55
55 78
55 71
55 62
55 90
53 55
55 56
7 55
28 40
40 53
40 71
40 69
56 82
56 62
56 90
56 88
20 63
63 88
7 63
63 82
20 78
20 60
20 80
20 90
42 90
28 90
46 90
30 42
30 82
30 65
30 46
30 80
19 30
15 65
65 78
65 98
65 69
7 65
65 71
42 98
82 98
38 98
80 98
78 98
60 98
53 98
69 98
60 82
38 60
28 60
60 78
60 71
60 62
60 88
67 82
67 88
53 67
62 67
38 67
28 67
42 67
15 62
42 62
38 62
62 71
62 88
24 78
24 69
24 88
24 38
24 80
19 24
24 71
42 69
38 69
69 78
69 71
69 88
53 69
23 52
41 52
52 80
46 52
48 50
7 50
50 78
50 82
41 50
28 50
50 80
50 89
23 50
19 50
19 48
19 46
15 19
19 71
19 28
28 47
42 47
38 47
46 47
23 47
23 41
23 38
23 88
23 78
23 46
7 23
42 88
82 88
80 88
71 88
71 94
53 94
42 94
38 94
28 94
89 94
53 89
41 53
53 87
53 82
53 80
0 53
26 41
21 71
21 89
11 21
11 71
48 71
41 71
46 71
12 41
12 46
12 89
11 12
11 78
7 11
11 82
11 48
11 42
11 28
11 80
11 38
11 46
11 41
11 89
38 89
15 38
38 42
38 82
38 46
38 78
46 89
46 87
15 46
28 46
28 41
41 82
41 42
28 87
28 80
0 28
36 80
36 89
48 80
80 82
7 80
14 42
14 89
42 48
15 42
0 42
3 89
48 89
48 82
48 87
44 82
7 44
44 78
32 78
32 89
7 89
7 87
7 15
0 7
77 78
77 89
78 89
15 78
0 78
39 89
87 89
15 87
0 15
