100 990
36 65
44 65
0 44
16 36
16 44
22 36
22 44
22 65
0 22
16 22
36 93
44 93
22 93
14 22
14 65
0 14
14 16
19 36
19 44
19 22
14 19
16 19
19 65
0 19
19 93
7 36
7 44
7 22
7 14
7 16
7 19
43 65
0 43
7 43
43 93
36 94
44 94
22 94
14 94
16 94
19 94
43 94
44 73
22 73
14 73
16 73
19 73
43 73
65 73
0 73
73 93
7 73
73 94
27 36
22 27
14 27
16 27
19 27
27 43
27 73
46 65
0 46
46 93
7 46
46 94
27 46
6 36
6 44
6 22
6 14
6 16
6 19
6 43
6 73
6 46
18 65
0 18
7 18
18 93
18 94
18 27
22 90
14 90
16 90
19 90
43 90
73 90
46 90
18 90
65 78
0 78
78 93
7 78
78 94
40 78
46 57
57 65
0 57
7 57
57 93
45 57
59 65
0 59
59 93
7 59
22 56
14 56
16 56
19 56
56 73
46 56
47 65
0 47
47 93
7 47
47 94
27 47
47 56
22 64
14 64
16 64
19 64
43 64
64 73
47 64
65 70
0 70
4 78
4 70
8 73
12 65
0 12
12 93
7 12
36 48
44 48
22 48
14 48
16 48
19 48
43 48
48 73
46 48
18 48
47 48
12 48
8 48
65 85
0 85
40 85
22 26
14 26
16 26
19 26
26 43
26 73
26 47
12 26
26 93
26 85
26 65
26 64
26 56
22 50
14 50
16 50
19 50
50 73
50 57
8 50
26 50
65 83
16 25
19 25
18 25
25 59
8 25
25 85
25 83
25 90
36 91
44 91
22 91
14 91
16 91
19 91
43 91
73 91
46 91
18 91
57 91
12 91
8 91
91 93
65 84
82 84
82 90
82 91
17 45
8 69
1 65
0 1
22 60
14 60
16 60
19 60
47 60
12 60
16 31
19 31
31 47
12 31
31 65
0 31
22 39
14 39
16 39
19 39
39 73
39 59
31 39
39 93
65 95
22 99
14 99
16 99
19 99
46 99
57 99
8 99
85 99
95 99
56 99
22 53
14 53
16 53
19 53
43 53
53 73
53 57
53 70
31 53
26 53
53 95
33 53
13 73
13 70
13 31
1 13
13 83
13 53
16 20
19 20
20 46
20 59
20 31
20 26
20 95
20 90
20 28
17 20
20 99
46 79
70 79
79 93
26 79
45 79
56 79
28 79
6 79
79 82
52 95
52 53
28 52
30 93
26 30
30 84
30 53
7 37
0 37
30 37
37 51
51 64
0 2
2 64
73 75
59 75
8 75
26 75
45 75
56 75
75 91
6 75
2 75
80 99
24 78
24 59
24 31
24 93
24 90
24 33
24 28
11 22
11 14
11 16
11 19
11 43
11 73
11 46
11 18
11 47
11 57
11 93
11 85
11 45
11 56
11 28
11 30
22 88
14 88
16 88
19 88
18 88
59 88
31 88
1 88
83 88
88 90
0 88
11 88
28 32
17 32
32 99
63 95
53 63
28 63
17 63
32 63
63 80
23 46
23 59
23 31
1 23
23 83
23 56
23 37
23 30
81 84
33 81
28 81
64 81
81 99
34 37
30 34
34 81
34 80
34 94
26 87
33 87
87 91
30 87
87 99
79 87
23 87
20 87
16 89
19 89
57 89
59 89
89 93
26 89
83 89
33 89
37 89
17 89
81 89
48 89
16 58
19 58
46 58
57 58
58 93
58 85
58 83
53 58
58 91
30 58
2 58
58 79
37 77
64 77
77 81
48 77
35 77
0 41
30 41
41 81
41 48
35 41
41 60
24 41
68 83
68 90
0 68
64 68
68 81
68 82
29 46
29 57
8 29
1 29
29 83
29 53
0 29
11 29
29 81
29 79
29 35
29 68
13 29
0 9
6 9
9 82
9 79
9 29
9 20
9 87
4 9
9 41
5 18
5 57
5 93
5 85
5 84
5 56
0 5
5 17
2 5
5 79
5 58
5 20
5 51
5 68
45 74
74 90
28 74
30 74
74 99
74 82
29 74
20 74
14 96
16 96
78 96
12 96
31 96
93 96
84 96
53 96
37 96
6 96
2 96
23 96
77 96
60 96
7 96
45 66
33 66
0 66
17 66
66 99
66 79
58 66
60 66
66 96
21 22
16 21
21 73
21 70
8 21
1 21
21 95
21 33
21 91
21 30
2 21
21 82
21 94
21 60
21 24
22 76
14 76
16 76
19 76
43 76
73 76
46 76
18 76
47 76
12 76
31 76
1 76
45 76
56 76
76 91
6 76
76 81
76 82
58 76
60 76
40 76
21 76
52 76
13 76
25 76
34 76
57 98
12 98
31 98
1 98
45 98
90 98
28 98
11 98
32 98
48 98
94 98
39 98
24 98
35 67
20 67
67 96
4 67
67 88
28 86
17 86
32 86
79 86
35 86
86 87
24 86
67 86
3 83
3 56
3 28
3 64
3 99
3 48
3 35
18 38
12 38
8 38
1 38
38 95
38 90
38 91
6 38
32 38
38 82
29 38
45 72
56 72
37 72
30 72
2 72
72 82
29 72
38 72
72 96
67 72
41 72
37 61
0 61
2 61
61 80
61 77
38 61
61 96
21 61
41 61
27 61
61 75
61 88
61 72
2 62
23 62
35 62
60 62
51 62
62 67
3 62
61 62
47 49
49 59
49 93
1 49
49 84
33 49
37 49
49 64
32 49
49 79
35 49
38 49
49 51
49 89
49 52
5 49
22 55
14 55
16 55
19 55
43 55
55 73
55 57
55 59
8 55
1 55
55 84
55 90
55 91
30 55
32 55
23 55
55 58
38 55
51 55
55 89
55 66
11 97
48 97
94 97
39 97
7 97
68 97
52 97
27 97
50 97
55 97
71 81
48 71
71 77
39 71
40 71
71 89
71 74
71 97
71 75
42 58
42 87
24 42
21 42
3 42
42 76
42 71
84 92
56 92
53 92
11 92
81 92
80 92
77 92
38 92
51 92
4 92
74 92
27 92
15 87
15 68
15 52
5 15
13 15
10 22
10 14
10 16
10 19
10 43
10 73
10 78
10 70
10 31
10 85
10 45
10 90
10 91
6 10
10 11
10 82
10 94
10 39
7 10
4 10
10 74
5 10
10 15
10 55
10 42
10 50
15 92
15 88
55 92
65 92
42 92
42 62
34 71
50 71
86 97
49 55
55 98
49 62
13 49
54 58
20 54
40 54
21 54
3 54
27 54
49 54
54 63
54 72
54 88
34 62
50 62
72 86
69 72
9 72
38 63
38 88
38 52
3 38
3 51
3 68
3 86
3 65
3 98
75 86
86 98
9 86
67 98
67 69
76 98
25 98
88 98
21 66
21 27
21 25
41 66
66 88
66 69
34 66
66 75
68 96
69 96
74 96
4 74
5 74
63 74
52 74
5 69
5 9
9 65
9 25
27 29
29 51
29 75
68 87
65 68
63 68
41 68
13 41
25 41
35 88
4 35
58 77
25 77
60 77
69 77
39 77
58 89
20 58
40 58
87 89
40 89
50 89
13 89
65 89
75 89
25 87
34 87
24 34
4 34
34 69
34 88
23 81
81 82
23 48
23 39
4 23
13 23
23 65
23 27
23 63
40 63
27 63
13 63
63 65
50 63
32 94
32 69
4 32
32 65
32 88
80 88
40 88
11 24
11 60
7 11
11 52
11 40
11 39
24 99
24 80
24 94
24 39
7 24
24 27
69 80
25 80
60 80
7 80
75 80
60 75
7 75
25 75
69 75
2 27
2 50
2 51
2 60
51 82
39 51
7 51
51 52
27 37
37 39
6 30
30 52
30 94
52 79
52 94
4 52
50 52
48 79
20 79
20 27
20 69
4 20
6 28
13 28
13 64
13 99
13 39
7 13
13 65
53 94
7 53
53 91
53 99
4 53
53 64
6 99
48 99
25 99
39 95
0 95
39 90
39 64
7 39
39 65
6 31
31 60
31 90
31 94
7 31
1 60
60 83
33 60
60 91
50 60
40 60
1 69
1 27
1 7
26 69
33 69
69 91
17 69
25 69
0 33
17 33
33 65
33 40
0 17
17 64
17 65
17 82
7 17
17 25
82 94
84 90
84 91
7 84
91 94
25 91
40 91
25 40
50 83
64 83
6 83
50 56
0 50
6 50
48 50
50 94
7 50
4 26
0 26
26 40
26 45
85 90
48 85
85 94
6 85
45 48
48 56
0 48
48 64
40 48
8 12
8 65
0 8
8 93
8 45
8 64
4 8
8 40
4 45
4 56
4 6
4 40
27 70
70 93
6 70
64 70
70 94
7 70
56 64
6 64
27 64
6 47
56 59
56 93
45 56
27 56
45 59
45 93
45 65
45 94
57 94
40 57
57 90
6 40
27 78
78 90
65 90
27 90
6 90
6 18
27 93
27 65
7 94
65 94
14 93
16 93
65 93
0 93
16 65
0 16
0 65
0 36
