100 1980
30 91
18 30
23 91
18 23
9 30
55 91
18 55
9 55
65 91
18 65
9 65
30 65
23 65
55 65
19 91
18 19
9 19
19 65
30 73
19 73
55 73
23 73
89 91
18 89
9 89
65 89
73 89
9 94
30 94
23 94
55 94
19 94
89 94
70 91
18 70
9 70
65 70
70 73
70 94
83 91
18 83
9 83
65 83
73 83
83 94
30 83
23 83
19 83
55 83
83 89
70 83
54 91
18 54
9 54
54 65
54 73
54 94
54 83
30 66
19 66
55 66
23 66
66 89
66 70
54 66
64 91
18 64
9 64
64 65
64 73
64 94
64 83
64 66
84 91
18 84
9 84
65 84
73 84
84 94
66 84
30 84
19 84
55 84
23 84
84 89
70 84
64 84
54 84
53 91
18 53
9 53
53 65
53 73
53 94
53 83
53 66
53 84
5 30
5 19
5 23
5 55
5 89
5 70
5 53
5 64
5 54
80 91
18 80
9 80
65 80
73 80
80 94
80 83
66 80
80 84
5 80
85 91
18 85
9 85
65 85
73 85
85 94
83 85
30 85
55 85
19 85
23 85
85 89
70 85
54 85
64 85
53 85
38 91
18 38
9 38
38 65
38 73
38 94
38 83
38 66
38 84
5 38
38 85
12 91
9 12
12 65
12 94
12 83
12 85
12 30
12 19
12 55
12 23
12 89
12 70
12 54
12 53
12 64
37 91
18 37
9 37
37 65
37 73
37 94
37 83
37 66
37 84
5 37
37 85
12 37
27 30
23 27
19 27
27 55
27 89
27 70
27 54
27 64
27 53
27 38
63 91
18 63
9 63
63 65
63 73
63 83
63 66
63 85
27 63
37 63
0 63
91 98
18 98
65 98
73 98
66 98
84 98
85 98
37 98
55 98
30 98
23 98
19 98
89 98
70 98
54 98
64 98
65 97
94 97
84 97
85 97
27 97
37 97
55 97
97 98
42 91
18 42
42 65
42 94
42 66
5 42
42 85
37 42
0 42
42 98
30 42
19 42
23 42
42 89
42 70
42 54
42 64
81 85
53 81
55 81
81 98
42 81
4 30
4 19
4 23
4 89
4 70
4 67
36 91
18 36
9 36
36 65
36 73
36 94
36 83
36 66
36 84
5 36
36 85
12 36
27 36
36 37
36 55
43 53
0 43
30 43
19 43
23 43
43 89
43 70
43 54
43 64
36 43
51 66
51 85
27 51
51 53
0 51
43 51
42 51
36 51
31 91
18 31
9 31
31 65
31 83
5 31
12 31
31 37
0 31
31 43
31 42
4 31
6 84
6 85
6 12
6 37
0 6
6 43
6 42
6 30
6 23
6 19
6 89
25 91
18 25
9 25
25 65
25 73
25 94
25 66
5 25
25 85
25 37
25 55
25 98
25 42
6 25
25 31
50 84
5 50
27 50
50 53
50 55
0 50
24 91
18 24
9 24
24 65
24 73
24 94
24 83
24 66
24 84
5 24
24 85
24 37
24 53
0 24
24 30
19 24
23 24
24 89
24 70
59 66
59 85
27 59
37 59
55 59
59 98
24 59
36 59
6 59
75 91
75 83
66 75
75 85
12 75
27 75
0 75
43 75
24 75
36 75
31 75
30 75
23 75
19 75
43 86
36 86
75 86
2 43
2 36
2 31
2 30
2 23
2 19
16 83
5 16
12 16
16 37
16 53
16 98
16 24
16 36
6 16
2 16
16 81
16 25
3 65
3 94
3 66
3 84
3 27
3 53
3 55
3 98
3 42
3 4
3 31
3 50
3 51
35 91
35 65
35 83
35 84
27 35
35 53
35 55
35 43
35 42
4 35
43 52
6 52
30 52
19 52
23 52
52 89
9 95
94 95
84 95
5 95
12 95
27 95
53 95
0 95
24 95
36 95
52 95
50 95
81 95
35 95
48 91
18 48
48 65
48 73
48 83
48 85
12 48
27 48
48 55
48 98
24 48
36 48
6 48
48 50
20 30
0 78
78 98
24 78
4 78
52 78
50 78
20 78
25 78
3 78
55 87
43 87
4 87
36 87
31 87
2 87
81 87
25 87
35 87
32 53
0 32
24 32
32 36
6 32
32 75
32 50
32 35
32 48
32 87
58 91
18 58
9 58
58 65
58 73
58 94
58 83
58 66
58 84
5 58
12 58
53 58
0 58
43 58
42 58
4 58
31 58
58 75
20 58
35 58
3 58
33 91
18 33
9 33
33 65
33 73
33 94
33 83
33 66
33 84
33 85
27 33
33 37
33 55
33 43
24 33
4 33
33 52
33 75
33 81
33 51
33 35
33 58
46 52
46 75
20 46
25 46
46 48
15 91
15 18
9 15
15 65
15 73
15 94
15 83
15 66
15 84
15 85
12 15
15 37
15 55
15 98
15 24
6 15
15 52
2 15
15 81
15 25
15 48
26 85
26 53
26 55
26 43
26 42
6 26
26 31
2 26
26 50
26 51
26 35
15 26
26 46
26 59
20 40
25 40
3 40
15 40
40 58
40 59
31 82
50 82
20 82
25 82
48 82
82 87
27 68
37 68
55 68
43 68
42 68
6 68
31 68
2 68
68 81
51 68
35 68
58 68
14 65
14 94
14 83
5 14
12 14
14 37
14 55
14 98
14 43
14 36
14 31
14 50
14 20
14 25
14 48
14 15
14 68
90 91
9 90
65 90
90 94
83 90
5 90
12 90
37 90
55 90
43 90
24 90
6 90
52 90
75 90
20 90
25 90
35 90
15 90
58 90
59 90
41 91
18 41
41 65
41 94
41 83
41 85
12 41
41 53
41 55
0 41
4 41
36 41
6 41
2 41
41 50
25 41
35 41
15 41
41 46
41 90
40 41
41 64
69 91
18 69
65 69
69 83
66 69
69 84
12 69
37 69
55 69
0 69
24 69
36 69
6 69
69 75
20 69
51 69
48 69
69 87
58 69
69 90
21 83
21 84
12 21
21 53
21 55
0 21
21 42
21 36
21 52
2 21
21 81
21 25
3 21
21 87
21 58
21 90
21 63
16 21
21 80
12 56
53 56
0 56
56 98
24 56
6 56
31 56
56 75
20 56
25 56
48 56
15 56
46 56
56 90
21 56
56 64
8 91
8 18
8 9
8 65
8 73
8 94
8 83
8 66
8 84
5 8
8 85
8 12
8 27
8 53
0 8
8 98
8 42
8 36
8 31
8 75
8 50
8 35
3 8
8 48
8 46
8 59
8 40
8 64
66 93
85 93
12 93
37 93
55 93
43 93
24 93
6 93
52 93
2 93
50 93
51 93
35 93
15 93
68 93
90 93
54 93
64 93
16 93
67 93
65 72
72 83
66 72
5 72
72 85
53 72
55 72
0 72
24 72
4 72
31 72
2 72
20 72
25 72
48 72
72 87
68 72
46 72
21 72
55 62
43 62
42 62
36 62
52 62
62 75
20 62
51 62
3 62
15 62
58 62
59 62
40 62
62 64
11 91
11 18
11 65
11 94
11 83
11 85
11 12
11 37
11 53
11 43
11 24
11 36
11 52
2 11
11 81
11 25
11 35
11 15
11 68
11 46
11 54
11 62
11 93
8 11
11 23
4 13
6 13
13 52
13 75
13 50
13 51
3 13
13 15
13 68
13 40
13 54
13 62
13 93
13 19
13 32
13 26
44 91
9 44
44 65
44 94
44 83
44 85
12 44
44 53
44 55
44 98
42 44
4 44
31 44
44 50
20 44
25 44
44 48
44 87
44 58
44 59
21 44
44 62
44 69
19 44
32 44
13 44
22 91
22 65
22 66
5 22
22 85
22 53
0 22
22 98
22 24
4 22
22 31
2 22
22 81
22 25
22 48
15 22
22 68
22 90
22 54
22 62
8 22
19 22
22 32
13 22
57 68
57 59
54 57
57 64
57 93
8 57
23 57
22 57
57 70
57 82
68 96
59 96
54 96
64 96
69 96
10 55
10 43
10 42
10 36
10 31
2 10
10 81
10 51
10 48
10 87
10 58
10 46
10 40
10 54
10 69
10 72
10 96
10 89
10 23
10 38
34 91
18 34
9 34
34 65
34 73
34 94
34 83
5 34
12 34
34 53
34 55
34 98
34 42
4 34
31 34
34 75
34 81
25 34
34 35
15 34
34 68
34 90
21 34
34 64
34 93
10 34
23 34
16 34
34 70
34 82
55 88
0 88
42 88
6 88
52 88
2 88
81 88
51 88
35 88
48 88
68 88
88 90
21 88
62 88
69 88
10 88
32 88
22 88
70 88
82 88
88 97
47 55
0 47
24 47
36 47
47 52
2 47
47 51
25 47
3 47
47 87
47 68
47 59
40 47
47 62
47 93
19 47
32 47
16 47
47 70
47 88
47 86
31 71
71 75
71 81
51 71
3 71
48 71
68 71
71 90
40 71
64 71
69 71
71 72
23 71
13 71
70 71
71 82
71 86
71 80
11 71
60 65
60 94
60 66
60 84
12 60
27 60
55 60
60 98
43 60
4 60
52 60
2 60
50 60
35 60
3 60
15 60
58 60
40 60
54 60
60 64
60 93
60 72
23 60
13 60
66 74
74 84
12 74
53 74
55 74
74 98
42 74
4 74
52 74
74 75
74 81
51 74
3 74
15 74
58 74
74 90
54 74
62 74
8 74
19 74
23 74
32 74
7 91
7 18
7 9
7 65
7 73
7 94
7 83
7 84
7 27
7 53
7 55
7 98
7 42
4 7
7 52
7 75
7 50
7 35
3 7
7 58
7 68
7 90
7 21
7 62
7 8
7 72
7 23
7 32
7 74
9 76
73 76
76 84
5 76
12 76
37 76
53 76
76 98
42 76
36 76
31 76
2 76
20 76
51 76
48 76
76 87
46 76
59 76
54 76
62 76
76 93
72 76
10 76
16 76
74 76
42 79
4 79
31 79
75 79
79 81
25 79
35 79
15 79
68 79
46 79
21 79
64 79
8 79
72 79
32 79
16 79
74 79
76 79
79 88
91 99
18 99
9 99
65 99
73 99
94 99
83 99
84 99
27 99
37 99
53 99
0 99
24 99
6 99
52 99
2 99
81 99
35 99
3 99
15 99
46 99
90 99
21 99
62 99
69 99
19 99
23 99
13 99
74 99
76 99
86 99
71 99
26 99
24 29
6 29
29 52
2 29
29 81
25 29
3 29
15 29
29 68
29 59
29 40
29 62
8 29
19 29
23 29
22 29
29 70
29 88
29 96
29 99
29 47
29 41
29 63
29 89
29 97
29 67
3 92
15 92
68 92
46 92
21 92
54 92
92 93
72 92
10 92
16 92
70 92
82 92
86 92
71 92
41 92
60 92
63 92
34 92
92 97
67 92
39 93
39 72
10 39
13 39
22 39
39 76
39 86
39 71
33 39
39 41
39 63
39 89
39 57
28 55
28 98
28 42
28 36
28 52
2 28
28 81
28 51
28 35
15 28
28 68
28 59
21 28
28 64
28 69
8 28
10 28
16 28
28 74
28 88
28 96
28 80
28 99
28 41
28 63
3 49
49 87
46 49
49 59
21 49
49 64
49 69
49 72
32 49
13 49
49 70
49 88
49 96
49 99
47 49
14 49
49 89
34 49
1 91
1 18
1 9
1 65
1 73
1 94
1 83
1 66
1 84
1 85
1 27
1 53
1 55
1 98
1 24
1 4
1 52
1 50
1 81
1 51
1 48
1 15
1 68
1 59
1 40
1 69
1 93
1 72
1 32
1 16
1 70
1 88
1 96
1 71
1 41
1 14
1 89
1 49
1 97
1 28
77 84
5 77
27 77
37 77
55 77
77 98
24 77
36 77
31 77
50 77
51 77
35 77
48 77
77 87
58 77
77 90
54 77
62 77
77 93
72 77
32 77
22 77
70 77
77 82
77 86
77 99
33 77
60 77
38 77
77 89
57 77
17 91
17 18
9 17
17 94
17 83
5 17
12 17
17 37
0 17
17 98
17 24
4 17
6 17
2 17
17 50
17 51
3 17
17 87
17 46
17 59
17 21
17 62
8 17
17 72
10 17
16 17
17 74
17 76
17 96
17 80
17 99
17 41
17 38
17 49
17 57
17 77
17 39
11 17
61 66
61 84
27 61
37 61
53 61
43 61
42 61
36 61
6 61
2 61
20 61
51 61
48 61
58 61
46 61
59 61
40 61
61 69
61 93
19 61
32 61
16 61
22 61
61 82
61 86
61 80
47 61
14 61
60 61
49 61
28 61
61 67
39 61
44 61
17 61
61 95
7 61
1 61
1 17
17 30
17 29
77 79
77 78
1 77
7 77
56 77
30 77
1 44
1 26
45 91
18 45
9 45
45 73
45 84
5 45
27 45
45 53
0 45
43 45
24 45
6 45
45 52
45 75
20 45
45 51
3 45
15 45
45 46
45 90
45 54
45 69
45 93
45 72
10 45
13 45
45 74
45 70
45 96
45 80
45 47
14 45
38 45
45 89
45 57
28 45
39 45
45 78
45 56
1 45
29 45
30 45
26 49
44 49
49 78
28 49
49 57
7 28
28 30
28 44
28 95
28 39
39 92
39 79
39 95
26 92
78 92
44 92
11 92
29 92
11 29
29 78
26 29
79 99
30 99
34 99
14 99
33 99
63 99
33 79
60 79
38 79
34 79
79 97
11 79
56 79
7 79
79 95
26 79
76 96
11 76
63 76
14 76
38 76
76 86
41 76
7 76
33 76
26 76
76 80
7 88
7 80
7 47
7 60
7 63
7 89
7 67
7 78
7 95
7 30
74 96
11 74
74 95
67 74
14 74
60 74
74 89
74 97
74 86
60 82
60 96
60 71
47 60
41 60
57 60
60 78
38 60
30 60
60 97
67 71
44 71
33 71
71 78
41 71
47 71
11 47
41 47
47 56
44 47
34 47
14 47
67 88
38 88
88 89
11 88
33 88
34 88
14 34
34 38
34 67
34 97
34 95
30 34
11 34
34 56
10 26
10 80
10 41
10 14
10 33
10 97
23 96
22 96
86 96
80 96
78 96
95 96
57 96
63 96
30 96
57 80
33 57
57 63
56 57
57 78
57 95
57 67
22 82
22 33
22 44
22 41
22 30
22 78
22 63
22 38
22 70
44 82
44 86
14 44
44 63
44 97
11 44
44 56
44 95
13 67
13 78
13 33
13 97
13 63
13 95
13 30
11 13
11 14
11 63
11 97
11 67
11 30
23 62
14 62
62 72
62 86
38 62
19 62
62 70
72 93
19 72
16 72
72 78
41 72
30 72
56 72
8 93
32 93
33 93
30 93
8 70
8 80
8 26
8 19
8 89
8 63
8 56
8 82
8 67
8 32
32 56
16 56
56 70
56 82
56 86
56 80
41 56
38 56
56 67
56 78
30 56
21 67
21 69
21 86
21 64
21 54
21 97
21 82
69 89
32 69
38 69
14 69
69 78
41 69
69 95
23 69
69 97
69 86
16 41
41 86
41 89
41 67
26 41
14 90
38 90
19 90
90 97
23 90
33 90
80 90
78 90
14 40
14 19
14 16
14 86
14 89
14 97
14 63
14 95
68 80
64 68
68 89
19 68
68 78
68 82
40 82
54 82
19 82
23 82
70 82
82 95
30 82
82 89
67 82
78 82
40 86
40 89
26 40
40 78
30 40
19 40
32 40
40 70
38 40
26 54
19 26
26 70
26 86
26 33
26 89
26 97
26 67
26 78
26 95
15 30
15 64
15 19
15 46
46 58
23 46
46 59
46 63
33 46
46 70
46 67
46 64
32 46
33 54
33 64
19 33
33 78
33 38
33 95
33 97
30 33
33 67
23 58
16 58
32 58
58 97
30 58
38 58
54 58
58 86
58 95
58 67
23 32
32 78
32 95
32 70
32 63
38 87
80 87
59 87
87 89
54 87
67 87
87 97
86 87
63 87
70 87
16 87
78 87
87 95
64 78
38 78
20 23
20 89
20 59
20 67
19 20
20 48
35 48
19 48
48 86
23 48
48 63
48 67
48 95
48 64
48 54
59 95
54 95
64 95
19 95
80 95
63 95
35 52
38 52
52 70
52 67
50 52
35 75
35 50
25 35
35 86
30 35
35 97
35 63
3 35
3 38
3 70
3 59
3 30
3 16
3 89
3 80
3 97
16 59
16 64
16 23
16 70
16 86
16 80
16 38
16 89
2 86
2 63
2 80
2 64
2 38
51 86
19 86
23 86
86 97
75 89
51 75
59 75
75 81
70 75
67 75
50 75
54 75
25 59
30 59
59 63
54 59
59 70
59 89
24 36
24 50
24 64
24 54
36 50
30 50
19 50
23 50
50 89
25 50
50 97
50 54
50 51
38 50
25 81
25 30
25 70
25 80
25 89
25 54
6 38
6 70
6 80
6 63
6 81
6 31
30 31
23 31
19 31
31 89
31 51
31 64
31 54
31 97
30 51
23 51
38 51
19 51
51 64
51 67
38 43
43 63
30 36
23 36
19 36
36 89
36 70
36 67
36 63
54 67
23 67
38 67
4 54
4 80
4 64
4 81
4 97
30 81
19 81
23 81
64 81
80 81
70 81
81 97
63 81
42 80
42 97
54 97
19 97
80 97
30 97
63 98
38 98
63 64
19 63
63 80
38 63
0 27
27 37
27 80
30 37
19 37
37 55
23 37
37 89
37 70
37 64
37 53
37 54
0 37
37 80
12 38
12 80
38 53
38 55
23 38
38 80
38 89
80 85
53 80
0 80
64 80
19 80
70 80
80 89
0 5
30 53
53 55
23 53
19 53
53 89
53 70
53 54
53 64
0 84
55 64
0 64
54 64
30 64
0 66
54 55
0 54
23 54
0 83
55 70
0 70
19 70
0 94
55 89
0 89
23 89
30 89
0 73
19 55
0 19
0 65
30 55
23 55
0 55
9 23
0 9
0 23
23 30
0 18
0 30
0 91
