100 495
28 43
7 43
28 38
7 38
28 82
7 82
14 82
82 98
43 98
38 98
10 14
10 98
28 64
7 64
14 64
64 98
43 64
38 64
64 82
0 64
11 14
11 64
43 76
76 82
38 76
76 81
28 75
7 75
14 75
64 75
75 76
75 88
61 64
43 61
14 97
61 97
24 90
18 64
18 75
18 61
9 46
10 46
46 93
18 93
13 46
10 50
50 77
13 50
0 55
48 55
0 19
14 54
54 61
10 54
19 54
13 54
50 54
54 78
74 78
37 78
10 40
32 64
32 61
32 46
27 32
14 56
56 61
46 56
19 56
24 73
18 73
56 73
31 64
31 75
31 46
10 31
13 31
1 31
31 43
16 27
11 16
16 48
46 63
18 63
63 81
14 91
64 91
76 91
61 91
11 47
14 70
70 98
70 76
70 75
47 70
10 70
56 70
11 70
13 95
58 95
14 51
51 75
47 51
10 51
51 56
11 51
51 95
36 94
16 36
73 80
14 79
64 79
76 79
61 79
10 79
19 79
27 79
1 79
43 79
73 79
72 99
84 90
72 84
39 72
15 78
15 79
15 39
20 95
4 20
73 96
4 96
20 96
57 99
57 79
39 57
33 57
23 55
19 23
13 23
23 50
23 48
16 23
23 63
8 30
10 52
18 52
52 81
52 91
30 52
52 73
5 56
5 58
5 43
5 52
5 8
5 40
14 34
34 75
34 55
18 34
34 58
34 50
34 43
55 85
10 85
56 85
50 85
85 94
83 99
83 85
63 83
27 53
50 53
53 94
4 53
69 78
16 69
69 92
54 69
69 97
60 95
60 85
24 68
27 68
68 81
58 68
48 68
2 68
2 82
30 86
52 86
2 86
31 86
51 86
3 86
9 86
2 29
29 86
27 45
45 50
45 48
45 73
20 45
45 88
0 45
45 59
35 80
35 40
35 97
58 67
11 67
67 95
37 67
63 67
40 67
32 67
35 67
57 67
31 67
56 71
71 91
71 95
37 71
20 71
68 71
34 71
35 71
38 71
71 82
35 59
59 96
62 95
62 85
2 62
54 62
62 69
26 64
26 75
24 26
26 77
26 81
11 26
26 78
26 79
26 92
26 82
26 97
26 68
6 26
30 44
44 52
26 44
22 44
12 81
11 12
12 95
12 79
12 80
12 54
12 74
12 44
12 89
74 89
82 89
24 25
18 25
25 58
1 25
25 43
25 37
25 41
31 41
25 88
25 32
9 25
25 89
25 93
12 36
44 69
44 57
44 62
6 54
6 70
0 6
6 62
6 82
59 62
29 45
15 45
29 51
29 60
29 93
13 87
50 87
30 87
37 87
2 87
40 87
70 87
42 48
4 42
42 63
3 42
32 42
42 90
42 87
36 42
38 87
5 87
60 68
53 68
68 93
68 72
22 60
60 69
9 60
5 60
53 92
88 92
21 92
3 21
49 65
65 72
21 65
17 65
9 21
21 83
21 36
92 93
53 97
32 53
53 83
38 53
83 97
23 83
17 83
70 85
32 85
34 85
38 85
34 39
34 88
5 34
34 82
9 34
5 51
9 52
8 52
52 93
30 43
8 17
8 22
8 54
8 40
8 51
22 36
22 54
22 23
23 49
0 23
23 72
31 49
49 57
66 93
57 66
33 74
33 96
17 33
15 96
0 96
17 96
3 20
20 70
20 38
3 15
3 90
15 93
15 90
31 72
36 72
90 99
40 99
82 99
88 99
17 99
17 79
17 74
79 80
0 80
32 80
74 80
36 80
93 94
4 94
94 97
4 16
0 4
4 51
51 97
51 90
70 95
40 70
32 70
38 70
47 82
43 47
47 91
77 91
81 91
50 91
40 91
63 91
90 91
88 91
38 91
48 91
63 73
16 63
9 63
63 90
16 54
16 31
31 74
1 93
1 73
1 32
0 1
1 11
48 73
73 88
32 56
40 56
48 56
56 88
32 48
27 58
27 40
9 27
27 38
37 40
37 97
37 74
19 48
0 48
55 58
11 58
50 58
43 58
58 97
13 77
77 88
43 77
13 81
13 97
13 93
13 82
46 88
38 46
9 18
9 11
9 43
18 38
11 18
18 82
18 90
81 90
38 90
24 97
10 97
38 61
61 88
61 82
0 61
61 81
0 88
82 88
43 75
38 75
75 82
11 75
10 75
75 81
10 81
0 81
43 81
11 76
0 76
11 82
10 64
14 38
14 43
0 14
38 43
0 7
0 28
