100 1980
0 97
73 97
0 79
73 79
72 97
72 79
0 46
46 73
38 97
38 79
38 46
63 97
63 79
46 63
0 63
63 73
38 63
63 72
89 97
79 89
46 89
63 89
0 17
17 73
17 38
91 97
79 91
46 91
63 91
17 91
20 97
20 79
20 46
20 63
17 20
0 20
20 73
20 72
20 91
20 38
20 89
24 97
24 79
24 46
24 63
17 24
20 24
63 84
0 84
73 84
38 84
84 91
84 89
72 84
24 84
13 97
13 79
13 46
13 63
13 17
13 20
13 84
0 75
73 75
75 91
75 89
38 75
72 75
24 75
13 75
82 97
79 82
46 82
63 82
17 82
20 82
82 84
75 82
0 67
67 73
67 72
38 67
67 89
67 91
24 67
13 67
22 97
22 79
22 46
22 63
17 22
20 22
22 84
22 75
22 67
16 63
0 16
16 73
16 72
16 89
16 91
16 38
16 24
13 16
16 22
16 82
6 97
6 79
6 46
6 63
6 17
6 20
6 84
6 75
6 67
6 16
0 85
73 85
85 89
72 85
38 85
85 91
24 85
13 85
82 85
6 85
22 85
3 97
3 79
3 46
3 63
3 17
3 20
3 84
3 75
3 67
3 16
3 85
3 24
0 54
54 73
54 89
54 91
54 72
38 54
13 54
22 54
54 82
6 54
57 97
57 79
46 57
57 63
17 57
20 57
57 84
57 75
57 67
16 57
57 85
24 57
54 57
54 68
0 68
68 73
68 72
68 89
38 68
68 91
13 68
22 68
68 82
6 68
57 68
39 97
39 79
39 46
39 63
17 39
20 39
39 84
39 75
39 67
16 39
39 85
24 39
39 54
39 68
38 39
25 79
25 63
17 25
20 25
25 84
16 25
25 85
24 25
25 68
25 38
0 25
25 73
25 91
25 72
25 89
13 25
6 25
25 82
22 25
34 97
34 79
34 46
34 63
17 34
20 34
34 84
34 75
34 67
16 34
34 85
24 34
34 54
34 68
34 38
25 34
55 63
38 55
0 55
55 73
55 91
55 72
55 89
13 55
6 55
55 82
22 55
3 55
14 97
14 79
14 46
14 63
14 17
14 20
14 84
14 75
14 67
14 16
14 85
14 24
14 54
14 68
14 38
14 25
14 55
81 97
79 81
63 81
17 81
20 81
81 84
67 81
16 81
81 85
24 81
54 81
38 81
25 81
0 81
73 81
72 81
81 89
81 91
13 81
81 82
6 81
22 81
14 81
57 81
39 81
3 81
34 81
7 63
7 24
7 54
7 68
7 81
0 56
56 73
56 89
56 91
56 72
13 56
56 82
6 56
22 56
34 56
8 81
8 56
27 63
20 27
27 84
24 27
27 54
27 38
27 55
0 69
69 73
69 89
69 91
69 72
13 69
22 69
69 82
6 69
3 69
34 69
39 69
57 69
14 69
40 97
40 79
40 46
40 63
17 40
20 40
40 84
40 75
40 67
16 40
40 85
24 40
40 54
40 68
38 40
25 40
40 55
40 69
26 81
26 56
26 27
0 26
26 73
26 72
26 91
26 89
13 26
6 26
26 82
22 26
26 74
0 21
21 73
21 91
21 72
21 89
13 21
21 43
51 54
38 51
25 51
51 56
27 51
0 51
51 73
51 72
51 89
13 51
40 51
43 51
42 55
42 69
27 42
42 51
22 42
26 41
41 51
18 63
18 24
18 54
18 25
18 55
18 69
18 26
18 91
0 18
18 73
18 72
18 89
18 41
18 36
36 41
0 92
73 92
11 97
11 79
11 46
11 63
11 17
11 20
11 84
11 75
11 67
11 16
11 85
11 24
11 54
11 68
11 38
11 25
11 81
11 69
11 21
11 91
11 22
11 41
11 92
63 99
24 99
54 99
38 99
55 99
56 99
27 99
51 99
22 99
30 63
30 85
30 68
30 38
25 30
30 81
27 30
30 51
22 30
30 41
0 30
30 73
19 97
19 79
19 46
19 63
17 19
19 20
19 84
16 19
19 85
19 24
19 68
19 38
19 25
19 69
19 27
19 21
19 22
19 30
8 19
21 23
23 51
15 79
15 63
15 17
15 20
15 16
15 24
15 68
15 38
15 25
15 69
15 26
15 91
15 22
0 15
15 73
15 72
15 89
13 15
27 60
51 60
15 60
18 60
60 92
60 99
3 60
19 60
63 98
38 98
25 98
69 98
27 98
91 98
22 98
30 98
92 98
98 99
87 97
79 87
63 87
17 87
20 87
84 87
67 87
16 87
85 87
24 87
68 87
25 87
81 87
69 87
26 87
51 87
18 87
41 87
23 87
87 99
0 87
26 83
83 91
22 83
18 83
30 83
23 83
83 87
96 97
79 96
63 96
17 96
20 96
84 96
16 96
24 96
54 96
38 96
55 96
81 96
26 96
91 96
18 96
30 96
92 96
6 96
8 93
6 93
0 93
19 93
59 97
59 79
46 59
59 63
17 59
20 59
59 84
59 75
59 67
16 59
59 85
24 59
54 59
59 68
38 59
25 59
55 59
56 59
26 59
59 91
15 59
41 59
8 59
23 59
59 93
19 59
13 59
0 59
2 79
2 63
2 17
2 20
2 16
2 24
2 68
2 38
2 55
2 56
2 27
2 91
2 18
2 41
2 92
2 23
2 3
2 19
0 2
15 76
41 76
76 92
23 76
3 76
76 96
13 76
25 48
48 56
27 48
48 91
48 51
41 48
48 92
48 99
48 93
48 96
13 48
48 76
2 48
4 21
4 91
4 18
4 30
4 8
4 99
4 93
4 96
4 13
0 4
2 4
4 83
50 79
50 63
17 50
20 50
50 84
16 50
50 85
24 50
50 54
38 50
25 50
50 69
21 50
50 51
22 50
18 50
50 92
50 99
3 50
50 87
13 50
0 50
2 50
4 50
5 63
5 24
5 54
5 38
5 81
5 69
5 26
5 91
5 18
5 41
5 8
5 6
5 93
5 96
5 98
5 76
5 73
4 5
1 26
1 91
1 22
1 30
1 92
1 23
1 87
1 96
1 19
0 1
1 34
1 11
1 5
1 36
1 39
37 79
37 63
17 37
20 37
37 84
16 37
37 85
24 37
37 54
37 38
37 55
37 56
21 37
37 51
15 37
18 37
8 37
6 37
37 93
37 87
37 98
37 76
2 37
11 37
7 37
5 37
61 97
61 79
61 63
17 61
20 61
61 84
61 75
16 61
61 85
24 61
54 61
38 61
61 81
56 61
27 61
51 61
15 61
18 61
61 92
23 61
61 93
61 87
19 61
34 61
2 61
8 78
23 78
3 78
78 96
78 98
0 78
34 78
95 97
79 95
46 95
63 95
17 95
20 95
84 95
75 95
67 95
16 95
85 95
24 95
54 95
38 95
55 95
69 95
26 95
91 95
22 95
30 95
92 95
23 95
93 95
87 95
0 95
76 95
73 95
78 95
5 95
39 95
61 95
12 63
12 38
12 25
12 56
12 26
12 21
12 22
12 41
12 92
12 99
12 93
12 19
12 13
12 76
2 12
12 78
11 12
12 42
63 88
20 88
84 88
24 88
68 88
38 88
55 88
69 88
21 88
88 91
18 88
30 88
23 88
6 88
3 88
88 96
19 88
0 88
2 88
4 88
5 88
42 88
57 88
33 79
33 63
20 33
33 85
33 54
25 33
33 55
33 81
27 33
33 51
15 33
18 33
30 33
6 33
33 93
33 87
19 33
33 76
33 73
4 33
11 33
33 36
33 88
12 33
86 97
79 86
46 86
63 86
17 86
20 86
84 86
75 86
67 86
16 86
85 86
24 86
54 86
25 86
55 86
81 86
27 86
51 86
15 86
30 86
8 86
6 86
3 86
86 96
13 86
34 86
73 86
4 86
7 86
36 86
61 86
37 86
1 86
63 80
24 80
68 80
38 80
55 80
56 80
27 80
80 91
18 80
30 80
8 80
6 80
3 80
80 87
19 80
34 80
73 80
4 80
7 80
36 80
61 80
37 80
80 86
27 71
51 71
15 71
30 71
8 71
6 71
71 93
71 96
13 71
0 71
2 71
71 78
7 71
42 71
61 71
12 71
63 65
20 65
16 65
24 65
65 68
38 65
55 65
65 69
21 65
51 65
15 65
30 65
8 65
6 65
65 93
65 87
65 98
34 65
65 73
65 78
11 65
39 65
65 88
12 65
77 81
69 77
26 77
77 91
22 77
18 77
77 92
23 77
3 77
77 87
0 77
76 77
2 77
77 78
5 77
42 77
77 88
1 77
65 77
71 77
13 31
31 34
2 31
31 78
5 31
31 42
31 61
31 37
31 65
31 77
94 97
79 94
46 94
63 94
17 94
20 94
84 94
75 94
67 94
16 94
85 94
24 94
54 94
38 94
25 94
81 94
21 94
51 94
22 94
18 94
8 94
94 99
3 94
94 96
13 94
76 94
2 94
4 94
11 94
36 94
61 94
37 94
1 94
71 94
77 94
9 79
9 63
9 84
9 24
9 68
9 38
9 55
9 56
9 26
9 91
9 15
9 41
9 23
9 99
9 87
9 19
9 98
9 76
9 34
4 9
5 9
9 36
9 39
9 88
9 86
9 95
9 94
9 43
9 80
9 31
9 14
9 60
9 83
9 33
10 22
10 41
10 92
10 99
3 10
10 87
10 98
0 10
2 10
10 78
5 10
10 42
10 61
10 12
10 86
10 95
10 94
63 66
16 66
66 68
38 66
55 66
66 69
27 66
21 66
15 66
41 66
66 92
6 66
66 93
19 66
66 98
66 76
66 73
66 78
7 66
42 66
61 66
37 66
65 66
66 95
66 94
57 66
26 53
21 53
15 53
41 53
53 92
6 53
53 93
53 87
13 53
53 76
34 53
4 53
11 53
5 53
39 53
12 53
53 65
53 95
53 66
81 90
56 90
26 90
51 90
18 90
41 90
90 92
90 99
6 90
19 90
90 98
0 90
73 90
78 90
7 90
42 90
39 90
12 90
86 90
71 90
90 94
28 93
19 28
13 28
28 34
2 28
11 28
7 28
28 36
28 61
28 37
28 65
28 71
28 77
28 90
28 82
28 31
14 28
28 50
28 83
28 48
15 62
41 62
62 92
6 62
62 87
62 96
13 62
34 62
2 62
4 62
11 62
36 62
39 62
12 62
1 62
62 71
62 77
22 58
18 58
8 58
6 58
3 58
58 87
13 58
34 58
58 73
58 78
11 58
36 58
58 88
37 58
58 86
58 95
58 77
48 58
43 58
58 83
58 74
58 82
58 62
58 72
21 64
64 91
15 64
41 64
23 64
64 99
3 64
64 96
64 98
64 76
2 64
64 78
11 64
36 64
39 64
64 88
1 64
64 71
64 66
58 64
43 64
31 64
59 64
50 64
40 64
57 64
10 64
26 44
44 91
15 44
18 44
44 92
44 99
3 44
44 96
44 98
0 44
44 73
4 44
11 44
5 44
44 61
37 44
44 65
44 95
44 77
44 58
43 44
44 59
14 44
52 97
52 79
46 52
52 63
17 52
20 52
52 84
52 75
16 52
52 85
24 52
52 54
52 68
38 52
52 81
52 69
27 52
52 91
22 52
30 52
52 92
52 99
3 52
52 87
19 52
52 76
52 73
11 52
7 52
42 52
52 61
12 52
52 65
52 71
52 94
52 58
43 52
52 74
52 57
15 35
18 35
8 35
35 99
35 93
19 35
13 35
35 76
2 35
35 78
7 35
35 36
35 88
12 35
1 35
35 95
35 66
35 58
35 82
35 80
35 52
35 60
33 35
35 48
35 62
7 32
32 42
32 88
1 32
32 65
32 86
32 94
32 90
32 80
32 74
32 59
32 50
32 33
32 57
10 32
9 32
32 35
45 79
45 63
17 45
20 45
45 84
24 45
45 68
25 45
45 55
45 81
45 56
45 91
22 45
41 45
23 45
45 99
45 87
19 45
45 98
45 76
34 45
4 45
7 45
42 45
39 45
45 88
1 45
45 95
45 77
45 90
43 45
45 74
45 52
45 60
40 45
45 48
45 62
32 45
45 53
28 45
49 63
20 49
49 84
24 49
49 68
25 49
49 55
49 56
26 49
49 91
15 49
30 49
49 92
23 49
49 93
49 96
13 49
34 49
49 73
11 49
5 49
42 49
39 49
37 49
1 49
49 86
49 66
49 90
43 49
31 49
14 49
49 60
49 83
48 49
49 62
32 49
45 49
70 79
63 70
17 70
20 70
16 70
24 70
68 70
38 70
55 70
70 81
26 70
70 91
22 70
18 70
8 70
23 70
70 93
19 70
13 70
34 70
70 73
4 70
5 70
42 70
61 70
37 70
1 70
70 86
70 94
43 70
70 80
70 74
14 70
50 70
33 70
48 70
10 70
44 70
49 70
70 89
70 72
35 70
35 49
49 72
29 79
29 63
20 29
29 84
16 29
24 29
29 54
29 38
29 81
29 56
26 29
29 51
15 29
29 41
8 29
29 99
29 93
19 29
29 98
29 76
29 73
29 78
7 29
29 36
29 88
12 29
29 65
29 95
29 94
29 90
29 43
29 74
29 52
29 60
29 33
29 57
9 29
29 44
29 45
29 64
29 89
28 29
32 72
47 68
25 47
47 81
47 69
47 56
47 51
22 47
30 47
8 47
6 47
3 47
47 96
47 98
0 47
47 73
47 78
7 47
42 47
47 88
12 47
47 86
47 95
47 66
47 90
47 80
31 47
47 59
47 50
40 47
47 57
10 47
9 47
35 47
47 72
47 64
47 89
28 35
52 62
10 52
33 52
52 83
52 89
44 52
40 44
44 48
9 44
44 53
28 44
44 64
28 64
53 64
58 80
58 59
62 80
31 62
60 62
62 83
48 62
53 62
28 62
62 72
53 90
31 90
50 90
57 90
60 90
14 90
89 90
43 53
31 53
14 53
50 53
53 83
53 57
53 89
53 72
14 66
66 89
60 66
66 83
10 66
40 66
33 66
10 82
10 74
10 60
10 83
10 33
9 10
10 89
9 89
74 94
72 94
82 94
31 94
40 94
31 43
31 57
14 31
31 48
31 89
40 77
48 77
50 77
43 77
77 80
59 77
33 77
65 95
65 82
65 71
57 65
60 65
43 65
59 65
71 86
71 80
33 71
71 83
71 72
14 71
57 71
71 74
80 82
80 89
40 80
59 80
74 80
60 80
40 86
33 86
72 86
82 86
59 86
33 82
33 74
33 60
33 40
33 89
14 88
88 89
40 88
12 88
50 88
60 88
12 83
12 48
12 57
12 43
12 14
12 95
60 95
50 95
48 95
89 95
43 95
61 78
11 78
78 89
14 78
42 78
39 78
60 78
5 61
39 61
61 83
60 61
61 74
61 72
37 61
43 61
37 72
1 37
37 74
37 40
37 82
37 89
37 59
1 48
1 50
1 83
1 14
1 74
1 89
5 50
5 89
5 40
5 83
5 60
5 42
5 43
42 50
39 50
43 50
50 74
50 59
50 72
48 50
40 50
4 59
4 48
4 40
4 72
4 43
4 7
4 74
11 48
42 48
39 48
48 82
48 59
40 48
34 76
57 76
14 76
76 83
74 76
2 76
73 76
2 83
2 11
2 40
2 89
2 14
2 59
7 59
36 59
39 59
59 82
59 83
14 59
40 59
59 89
89 93
39 93
93 96
13 93
7 93
57 93
87 96
0 96
43 96
83 96
82 96
36 96
19 96
14 96
57 96
7 96
13 83
39 83
82 83
14 83
40 83
72 83
87 98
74 87
72 87
34 87
11 87
87 89
13 87
19 98
40 98
73 98
60 98
42 98
0 98
82 98
13 98
39 98
74 98
14 98
36 98
0 60
34 60
42 60
60 82
14 60
57 60
15 57
15 74
15 39
15 23
7 15
8 15
23 30
8 23
0 23
23 73
23 34
23 72
3 23
23 39
19 23
23 82
6 23
23 42
23 99
19 39
19 40
0 19
19 42
19 73
30 99
30 34
30 72
30 74
30 89
7 30
8 30
6 30
13 30
8 99
0 99
40 99
43 99
72 99
36 99
11 99
3 99
89 99
14 99
3 11
11 13
11 34
11 36
11 82
11 57
11 43
11 72
40 92
36 92
57 92
3 36
0 36
34 36
7 36
36 42
36 39
36 82
36 40
14 36
36 72
18 39
13 18
14 18
18 57
0 41
41 73
41 72
41 89
41 82
41 42
3 41
40 41
41 43
6 41
8 42
6 42
0 42
34 42
42 89
51 82
34 51
7 51
6 51
14 51
22 43
8 43
3 43
0 43
34 43
43 73
43 74
21 22
6 21
21 82
21 74
8 74
6 74
3 74
73 74
7 74
39 74
40 74
72 74
7 26
26 40
22 40
3 40
34 40
40 57
27 69
0 27
27 73
27 91
27 89
27 72
13 27
6 27
22 27
27 82
3 27
27 39
14 27
27 34
27 57
8 27
8 91
0 8
8 73
8 89
8 14
7 8
8 82
3 56
56 57
14 56
39 56
7 56
6 7
7 13
0 7
7 73
7 57
7 82
7 14
7 39
14 91
3 14
14 82
14 72
34 55
39 55
55 57
22 34
6 34
3 34
13 34
34 39
25 39
3 25
25 57
39 91
6 39
39 73
39 57
39 82
3 68
38 57
57 91
6 57
0 57
57 73
57 82
57 72
57 89
3 54
3 38
3 91
3 22
0 3
3 73
3 72
6 24
6 38
6 91
0 6
6 73
6 13
6 82
22 24
22 38
22 91
0 22
22 73
22 72
22 89
13 22
22 82
67 82
24 82
38 82
0 82
73 82
72 82
13 24
13 38
13 91
13 72
13 89
0 24
24 73
24 91
24 38
24 72
24 89
38 91
0 91
73 91
89 91
72 91
17 89
17 72
38 89
0 89
0 38
38 73
38 72
46 72
0 72
72 73
