100 1485
23 28
23 44
44 69
23 85
69 85
28 85
44 85
23 27
27 69
27 85
28 39
39 44
27 39
23 75
69 75
75 85
39 75
31 44
28 31
27 31
31 75
0 31
23 87
69 87
85 87
39 87
31 87
44 70
28 70
27 70
70 75
0 70
23 47
47 69
47 85
39 47
31 47
47 70
28 48
44 48
27 48
0 48
48 75
48 87
47 48
23 84
69 84
84 85
39 84
31 84
70 84
48 84
23 93
85 93
31 93
70 93
28 93
44 93
27 93
75 93
0 93
23 63
63 69
63 85
39 63
31 63
63 70
48 63
63 93
20 28
20 44
20 27
20 75
0 20
20 63
20 84
20 47
20 87
23 49
49 69
49 85
39 49
31 49
49 70
48 49
49 93
20 49
35 44
28 35
27 35
0 35
35 75
35 63
35 87
35 47
35 84
35 49
23 61
61 69
61 85
39 61
31 61
61 70
48 61
61 93
20 61
35 61
23 30
30 69
30 85
30 39
30 31
30 70
30 48
30 93
30 44
28 30
27 30
30 75
0 30
30 47
30 87
30 63
30 84
18 30
28 73
44 73
27 73
0 73
73 75
63 73
73 84
47 73
73 87
23 91
69 91
85 91
39 91
31 91
48 91
35 91
73 91
0 91
27 91
23 26
26 69
26 85
26 39
26 70
26 48
20 26
26 30
0 26
26 27
26 28
26 44
23 64
64 69
64 85
39 64
31 64
64 70
48 64
64 93
20 64
36 44
28 36
27 36
0 36
36 75
36 87
36 84
36 63
36 47
20 22
22 36
23 50
50 69
50 85
39 50
31 50
50 70
48 50
50 93
35 50
36 50
28 50
44 50
27 50
50 75
0 50
47 50
50 84
23 38
38 69
38 85
38 39
31 38
38 70
38 48
38 93
20 38
38 50
15 44
15 28
15 27
15 75
15 89
27 89
26 89
11 85
11 93
11 20
11 30
0 11
11 27
30 62
36 62
50 62
27 62
28 62
44 62
62 75
62 87
58 85
58 93
30 58
36 58
0 58
58 62
3 23
3 69
3 85
3 39
3 31
3 70
3 48
3 93
3 20
3 36
0 3
3 15
3 62
3 44
3 28
23 54
54 85
31 54
48 54
20 54
36 54
15 54
27 54
3 54
11 54
3 51
19 50
19 27
19 26
19 28
19 44
18 19
19 75
43 62
19 43
43 51
23 45
45 69
45 85
39 45
31 45
45 48
45 93
45 73
0 45
27 45
3 45
26 45
32 44
28 32
23 33
33 69
33 85
33 48
20 33
33 36
33 50
27 33
26 33
32 33
3 60
11 60
44 60
28 60
23 94
85 94
31 94
48 94
35 94
36 94
50 94
62 94
26 94
19 94
60 94
42 85
42 50
0 42
27 42
3 42
11 42
42 60
42 45
85 95
93 95
30 95
36 95
50 95
15 95
62 95
19 95
51 95
42 95
23 76
69 76
76 85
39 76
31 76
48 76
30 76
50 76
0 76
15 76
3 76
19 76
60 76
28 53
44 53
53 63
3 83
11 83
51 83
53 83
30 65
36 65
50 65
27 65
62 65
11 65
60 65
53 65
65 76
41 65
41 75
12 81
23 59
59 69
59 85
39 59
31 59
59 70
48 59
59 93
35 59
30 59
0 59
59 62
26 59
19 59
51 59
45 59
42 59
59 75
59 81
16 20
16 30
0 16
16 62
16 26
11 16
16 60
16 53
16 76
16 38
7 26
7 19
7 51
7 42
7 76
7 75
7 81
50 99
27 99
62 99
19 99
51 99
45 99
42 99
22 99
7 99
59 99
16 99
83 99
15 68
62 68
3 68
11 68
32 68
45 68
68 76
22 68
68 81
65 67
67 75
24 85
24 70
24 35
24 36
0 24
24 27
24 62
19 24
24 60
24 53
24 65
24 75
22 29
29 38
24 29
29 67
5 23
5 69
5 85
5 93
5 20
5 73
0 5
5 27
5 26
5 19
5 32
5 42
5 65
5 22
5 24
23 57
57 85
31 57
57 93
30 57
36 57
0 57
27 57
26 57
19 57
51 57
42 57
57 76
22 57
57 75
28 57
77 85
48 77
20 77
30 77
50 77
27 77
26 77
19 77
51 77
53 77
42 77
75 77
7 77
57 77
5 77
21 24
21 67
23 92
85 92
31 92
92 93
30 92
36 92
50 92
15 92
3 92
11 92
60 92
45 92
65 92
38 92
81 92
67 92
10 60
10 45
10 76
10 75
10 81
7 10
10 92
10 21
4 49
4 29
4 94
35 40
40 73
0 40
27 40
40 62
11 40
40 60
40 53
40 65
38 40
40 81
40 57
40 92
21 40
4 40
40 54
71 93
71 73
50 71
15 71
3 71
32 71
51 71
53 71
71 76
38 71
24 71
59 71
16 71
24 86
67 86
86 92
13 86
56 85
48 56
20 56
36 56
50 56
56 62
3 56
26 56
56 60
45 56
42 56
38 56
24 56
56 57
56 92
5 56
56 87
5 79
21 79
56 79
41 79
56 74
54 74
47 74
32 96
45 96
42 96
22 96
7 96
57 96
5 96
83 96
56 96
41 96
74 96
33 96
12 96
26 72
11 72
60 72
53 72
65 72
22 72
24 72
7 72
57 72
72 83
72 99
6 93
6 73
0 6
6 62
6 26
6 11
6 60
6 42
6 76
6 75
6 81
6 67
5 6
6 21
6 99
6 84
51 90
45 90
65 90
75 90
7 90
59 90
16 90
13 90
6 90
7 25
25 59
25 92
25 83
6 25
25 54
23 88
69 88
85 88
48 88
20 88
30 88
0 88
27 88
3 88
19 88
32 88
60 88
76 88
75 88
24 88
57 88
16 88
13 88
4 88
25 88
74 88
87 88
14 50
14 27
3 14
11 14
14 51
14 45
14 22
14 38
14 81
14 67
14 57
14 83
14 56
6 14
14 71
23 55
55 69
55 85
39 55
31 55
55 70
30 55
55 73
0 55
15 55
3 55
26 55
32 55
53 55
22 55
38 55
7 55
55 59
5 55
13 55
4 55
54 55
55 71
46 93
30 46
0 46
27 46
3 46
19 46
46 60
42 46
46 76
46 75
46 81
46 67
46 57
46 83
46 56
46 54
46 84
46 55
12 46
29 46
16 34
13 34
6 34
34 41
34 84
34 87
34 44
34 72
10 34
80 92
21 80
4 80
25 80
71 80
80 87
66 93
66 73
0 66
27 66
26 66
11 66
60 66
45 66
66 76
66 75
24 66
59 66
16 66
66 83
4 66
41 66
66 74
33 66
49 66
66 80
26 78
11 78
51 78
53 78
76 78
22 78
24 78
67 78
57 78
13 78
4 78
41 78
71 78
33 78
66 78
77 78
34 78
61 78
17 81
17 59
17 92
17 83
17 56
6 17
17 84
17 33
14 17
17 29
17 34
8 51
8 53
8 42
8 22
8 24
7 8
8 92
8 13
8 56
8 25
8 84
8 44
8 66
8 29
8 58
8 10
9 23
9 69
9 85
9 39
9 31
9 70
9 48
9 93
9 30
9 36
0 9
9 27
3 9
9 11
9 60
9 45
9 42
9 22
7 9
9 67
9 92
9 83
4 9
9 25
9 84
9 55
9 12
9 72
24 97
67 97
92 97
13 97
4 97
54 97
74 97
87 97
14 97
12 97
47 97
9 97
64 97
1 23
1 85
1 70
1 48
1 20
1 36
1 50
1 62
1 26
1 11
1 51
1 53
1 76
1 38
1 81
1 67
1 16
1 21
1 56
1 54
1 87
1 33
1 44
1 72
1 97
1 49
23 82
69 82
82 85
39 82
31 82
70 82
48 82
82 93
35 82
30 82
0 82
27 82
62 82
11 82
51 82
53 82
65 82
75 82
81 82
67 82
82 92
13 82
82 99
41 82
74 82
82 87
66 82
72 82
34 82
49 82
28 82
82 86
1 82
43 82
82 95
4 37
37 54
37 71
37 55
37 66
37 77
10 37
8 37
37 82
37 95
37 68
37 63
1 37
37 79
37 78
37 47
63 82
2 20
2 30
0 2
2 27
2 26
2 19
2 32
2 53
2 65
2 75
2 24
2 59
2 16
2 21
2 4
2 54
2 71
2 44
2 12
2 77
2 97
2 61
2 28
2 82
50 98
15 98
26 98
19 98
32 98
53 98
65 98
22 98
7 98
59 98
92 98
83 98
98 99
6 98
84 98
55 98
14 98
77 98
58 98
61 98
94 98
2 98
68 98
80 98
1 98
43 98
47 98
9 98
2 46
2 78
2 90
2 18
2 96
52 76
38 52
52 81
52 59
5 52
52 83
52 99
52 54
52 84
52 87
44 52
52 72
10 52
49 52
17 52
52 91
40 52
52 86
52 88
9 52
47 52
1 52
1 86
1 89
1 40
1 90
58 97
40 97
28 97
96 97
94 97
8 9
9 17
9 63
9 88
9 79
9 46
9 96
8 79
8 80
8 49
8 17
8 47
8 46
17 88
17 79
17 78
17 28
17 46
17 94
68 78
78 89
78 90
43 78
78 91
66 95
29 66
18 66
12 66
66 79
58 66
77 80
34 80
80 94
80 95
80 86
80 88
47 80
79 80
80 96
34 61
34 46
34 95
34 68
34 91
46 86
46 88
46 90
46 79
46 91
55 89
55 86
55 91
55 58
44 55
55 77
43 55
33 55
14 55
14 47
14 77
14 61
10 14
14 89
14 28
14 90
14 88
14 68
29 88
58 88
61 88
86 88
43 88
88 96
25 63
25 28
25 68
25 94
25 44
25 61
12 25
25 90
25 71
25 95
74 90
33 90
29 90
10 90
61 90
28 90
18 90
63 90
43 90
6 10
6 95
6 58
6 33
6 54
6 72
6 49
6 41
71 72
33 72
12 72
10 72
43 72
72 94
47 72
72 96
40 72
49 96
28 96
63 96
64 96
91 96
58 74
64 74
44 74
74 86
74 91
74 89
74 79
33 79
29 79
10 79
79 95
68 79
79 89
56 77
12 56
54 56
56 91
56 86
56 61
33 56
54 86
12 86
77 86
58 86
10 86
40 86
43 86
13 71
13 54
13 84
12 13
13 58
71 99
54 71
40 71
29 71
10 71
71 94
49 71
43 71
40 87
40 44
40 61
40 94
40 89
40 47
40 64
40 91
4 43
4 44
4 10
10 33
10 89
10 64
10 18
33 92
92 94
28 92
87 92
91 92
21 92
21 47
21 94
21 68
21 77
21 28
21 89
21 64
21 29
21 41
21 61
41 77
77 84
61 77
64 77
77 95
68 77
49 77
57 89
57 61
41 57
57 94
57 63
57 84
5 57
49 57
57 83
5 16
5 89
5 61
5 58
5 54
5 29
5 95
5 18
5 91
5 33
5 87
29 41
29 87
29 89
29 58
18 29
28 29
29 63
24 54
24 61
24 67
24 84
24 89
24 94
24 83
43 67
18 67
67 68
54 67
67 83
49 67
67 91
16 68
68 99
68 84
33 68
61 68
68 94
68 95
18 68
64 68
41 99
95 99
47 99
89 99
18 99
63 99
58 99
28 99
64 99
7 16
7 91
7 43
7 49
7 64
7 44
7 63
7 28
16 59
16 84
16 43
16 63
16 64
16 47
12 16
16 41
16 44
47 59
44 59
59 64
12 59
59 87
58 59
59 95
33 59
12 87
12 44
12 43
12 94
12 64
12 91
81 87
58 81
41 81
81 95
41 43
41 91
41 47
41 89
41 84
41 64
47 65
64 65
33 65
43 65
65 94
61 65
65 83
65 84
65 75
28 65
22 83
83 95
49 83
43 83
18 83
63 83
44 83
53 54
53 76
44 76
18 76
76 87
63 76
76 95
49 76
76 89
54 76
38 95
33 95
61 95
43 95
89 95
64 95
33 42
42 91
42 94
42 49
28 42
42 58
42 61
42 44
22 42
22 94
87 94
49 94
91 94
89 94
64 94
60 64
22 60
60 87
38 60
33 60
47 60
33 38
33 75
33 84
33 49
32 75
32 89
32 45
32 84
32 61
44 45
28 45
38 45
22 45
45 84
45 75
45 87
45 89
18 45
43 45
45 64
38 43
43 58
43 49
43 64
19 64
19 58
19 91
19 51
19 84
19 61
44 51
28 51
51 63
51 58
49 51
18 51
51 91
51 54
47 51
38 54
54 87
18 54
3 22
3 63
3 58
3 87
3 61
3 49
3 18
22 58
38 58
58 89
58 63
49 58
18 58
22 62
62 64
11 62
47 62
38 62
62 84
11 44
11 28
11 63
11 89
11 22
11 49
11 38
11 47
22 89
18 89
89 91
15 64
15 61
15 18
15 38
15 49
15 84
27 38
22 38
38 47
38 63
38 87
38 64
38 44
38 91
50 87
50 63
49 50
22 50
22 91
22 84
18 22
36 64
36 61
36 49
26 64
64 87
63 64
47 64
26 75
26 91
26 87
44 91
49 91
18 91
18 73
18 27
18 75
18 84
18 44
18 28
18 63
18 47
30 61
30 49
27 61
61 75
61 84
61 87
28 61
49 75
49 63
0 63
27 63
63 84
63 87
44 63
28 63
87 93
47 93
84 93
0 84
28 84
0 47
27 47
47 75
44 47
28 47
70 87
0 87
0 75
27 75
28 75
0 39
0 27
27 28
27 44
0 85
0 44
28 44
28 69
0 69
0 28
0 23
