100 495
42 80
32 80
32 98
80 95
95 98
42 95
33 80
33 98
33 95
34 80
34 95
34 42
32 34
33 34
40 80
40 98
40 95
34 40
42 96
32 96
33 96
40 96
44 80
44 95
34 44
44 96
21 40
37 95
34 37
21 37
0 29
74 80
34 74
73 82
29 73
5 82
80 92
34 92
77 92
39 82
42 50
50 54
39 54
75 85
32 75
7 84
73 84
44 52
16 52
16 64
4 31
31 64
71 95
67 71
71 92
39 71
0 24
24 42
17 80
17 95
17 34
17 96
17 21
17 61
17 24
17 32
17 83
17 49
31 49
49 73
4 69
23 50
23 92
23 39
23 45
5 23
82 88
88 92
24 88
23 88
80 94
94 95
34 94
94 96
21 94
29 94
39 94
20 94
20 64
20 83
60 86
60 77
76 95
76 96
21 76
76 92
4 76
32 76
82 99
61 99
15 82
15 92
4 15
15 99
15 51
80 90
90 95
34 90
67 90
50 90
39 90
85 90
73 90
18 39
18 90
7 18
18 73
2 77
2 18
2 31
24 65
64 65
23 65
65 71
2 65
7 81
60 81
42 79
9 79
79 86
43 80
43 95
43 50
43 92
43 52
32 43
43 91
30 43
52 58
15 58
89 95
34 89
50 89
39 89
52 89
32 89
55 89
3 51
21 56
56 61
4 56
56 90
56 83
3 56
17 56
51 56
12 94
12 90
10 26
68 95
34 68
21 68
61 68
4 68
15 68
13 68
48 68
42 68
68 75
11 21
11 92
11 52
11 45
11 23
11 19
11 62
11 99
11 65
11 68
11 54
11 84
28 50
28 39
24 28
28 32
7 28
28 49
50 72
29 72
4 72
15 72
72 91
19 72
58 72
17 72
54 72
5 72
72 76
28 72
28 77
5 28
36 55
3 36
9 36
12 36
47 80
47 95
34 47
47 67
47 50
47 92
4 47
47 90
47 91
1 47
1 25
1 16
57 82
57 92
57 94
45 57
23 57
1 57
22 83
22 71
22 62
22 37
22 57
22 88
16 22
6 22
6 77
6 36
6 40
6 30
70 89
31 70
6 70
68 70
51 57
54 57
26 53
53 74
17 53
53 75
53 54
37 53
53 57
71 87
19 87
86 87
87 88
87 89
53 87
2 38
8 83
8 74
8 17
8 88
43 59
59 73
59 62
8 59
35 59
40 59
14 23
14 48
9 14
14 99
40 63
31 63
14 63
10 63
14 59
14 84
14 38
56 59
8 30
66 71
66 74
9 66
8 66
66 84
40 66
35 66
10 66
8 38
38 99
38 87
38 84
84 87
56 57
57 76
47 62
12 47
36 47
69 78
78 88
78 89
54 78
47 78
31 78
25 47
44 47
36 41
0 36
30 41
28 41
41 58
28 68
16 28
7 93
73 93
42 93
69 93
89 93
65 93
56 93
68 93
10 48
48 54
44 48
33 48
10 17
10 65
10 20
10 76
26 86
12 26
12 49
12 62
12 51
12 99
12 20
35 62
18 35
35 56
30 35
3 89
9 89
77 89
55 58
55 69
19 58
33 58
0 58
94 97
45 97
43 97
74 97
86 97
81 97
0 97
37 97
58 97
16 97
44 58
19 30
0 19
2 30
13 27
27 74
27 79
27 81
27 99
27 65
27 30
20 27
0 43
43 44
25 43
37 43
25 79
25 51
5 25
18 25
16 25
40 79
9 81
76 81
65 81
16 81
18 33
18 40
18 76
71 90
33 90
51 90
0 90
51 91
51 69
51 77
15 54
15 42
15 32
15 74
45 99
91 99
74 99
42 99
40 91
46 94
46 64
46 91
46 60
46 69
33 46
5 46
20 46
16 46
37 46
76 91
60 76
5 76
20 60
20 86
20 31
32 94
13 94
77 94
74 94
13 45
13 16
13 88
13 42
13 74
5 13
13 54
71 88
54 88
0 88
23 77
23 83
45 77
45 69
49 69
42 69
0 69
17 44
24 71
24 83
31 71
42 71
5 71
31 75
64 86
64 83
40 64
37 52
52 86
84 86
33 86
7 75
73 75
42 75
33 75
5 75
40 85
54 85
32 50
50 83
33 50
61 83
33 83
73 83
40 61
33 61
39 61
39 77
33 39
37 77
5 92
42 92
4 5
4 73
40 73
74 82
29 74
37 74
29 44
29 32
29 37
32 37
37 44
21 42
21 44
32 44
33 44
0 44
40 67
33 67
32 95
32 67
42 67
0 67
