100 495
58 91
41 91
58 92
41 92
6 92
6 91
37 58
37 41
6 37
44 92
44 91
37 44
52 58
41 52
44 52
91 93
92 93
58 60
41 60
44 60
60 93
42 92
42 91
42 60
42 83
49 65
44 72
70 91
70 92
37 70
31 44
31 70
21 44
21 93
21 91
21 92
12 58
12 41
6 12
12 70
12 21
12 49
21 81
6 75
70 75
21 75
24 75
42 57
57 85
57 92
21 88
57 88
81 88
8 13
13 24
8 27
27 85
27 73
81 90
5 12
57 99
5 99
16 57
16 60
16 66
66 75
80 94
22 91
13 22
53 65
55 73
13 55
53 55
35 98
1 57
16 17
17 72
17 43
5 43
35 43
68 73
13 68
58 63
41 63
6 63
63 93
49 63
63 85
57 63
14 41
14 93
8 14
14 24
14 16
14 61
14 31
6 95
93 95
42 95
24 95
81 95
14 95
45 95
73 82
82 90
22 82
30 82
30 66
30 99
73 89
14 89
45 89
30 89
52 89
41 67
6 67
44 67
67 70
8 67
24 67
67 91
67 90
63 67
67 68
67 86
12 67
3 49
3 24
3 81
3 13
23 42
23 49
17 23
13 23
23 83
3 23
10 23
10 82
10 37
10 27
73 78
78 90
78 98
53 71
22 71
6 47
47 93
21 47
47 85
47 91
47 75
47 63
47 71
37 47
50 86
47 50
21 34
34 49
16 34
34 75
34 63
34 71
34 65
34 50
16 36
17 36
35 36
2 37
29 91
17 29
29 63
2 29
7 72
7 29
29 67
1 29
29 89
54 61
10 54
3 54
1 15
6 9
9 70
9 21
9 85
9 91
9 75
9 45
9 83
9 94
23 33
4 33
33 62
36 62
23 76
30 76
62 76
33 76
76 92
38 81
5 38
38 80
38 68
38 66
33 38
38 92
38 76
29 38
20 63
4 20
62 97
39 97
33 39
77 81
17 77
45 77
77 83
62 77
47 77
3 77
39 77
25 63
25 83
25 37
25 60
25 77
25 88
57 84
14 84
53 84
4 84
37 84
50 84
40 52
40 47
40 84
81 87
75 87
45 87
83 87
86 87
78 87
40 87
74 80
30 74
61 74
10 74
74 92
74 87
74 95
6 64
64 70
21 64
64 85
64 91
64 90
45 64
22 64
64 66
33 64
36 64
64 74
64 72
27 69
64 69
77 96
43 96
69 96
31 96
35 56
56 71
56 97
47 56
18 73
18 75
18 35
18 68
18 94
28 81
14 28
28 35
4 28
28 52
28 78
18 28
46 94
28 46
1 46
46 88
20 46
27 46
28 89
28 31
18 36
51 91
13 51
51 53
51 68
51 61
51 60
18 51
19 21
19 49
19 91
5 19
19 35
19 71
19 52
19 60
19 40
26 93
24 26
26 57
14 26
26 63
2 26
26 66
61 79
26 79
60 79
55 79
79 88
59 65
59 79
18 59
59 76
0 59
27 48
39 48
48 84
48 59
3 26
19 26
11 34
11 32
11 12
11 99
9 32
32 87
26 32
26 56
19 55
19 51
51 99
51 89
18 56
43 56
56 69
87 99
40 55
9 84
25 84
25 89
39 88
39 99
20 97
43 97
92 97
20 50
20 88
20 38
20 54
0 76
62 78
9 33
9 27
9 15
12 15
15 54
29 54
2 36
2 52
2 60
36 78
36 92
34 36
34 72
0 34
0 50
1 47
71 78
27 71
10 78
31 78
10 95
23 37
23 52
23 92
3 83
3 65
3 67
3 95
67 89
67 99
65 82
82 95
61 82
82 92
82 83
94 95
55 95
31 95
14 63
14 37
63 68
4 68
43 68
1 68
37 43
1 43
31 43
17 92
1 17
17 75
1 98
1 65
31 98
4 35
4 55
4 88
55 61
12 55
22 53
53 60
12 53
22 27
22 94
22 31
22 72
37 94
94 99
72 80
66 80
61 80
65 66
60 66
12 66
16 61
16 31
16 45
13 45
45 88
45 99
5 90
65 90
83 90
60 90
27 90
27 52
13 73
73 81
73 83
13 52
13 88
65 88
57 65
57 75
75 92
72 75
24 91
24 31
24 81
12 81
12 83
12 72
21 31
31 52
70 72
8 72
49 72
60 72
0 72
8 37
8 85
8 92
60 85
52 85
65 85
37 85
61 85
49 91
49 83
42 52
52 93
37 93
61 93
52 91
44 61
37 91
6 61
86 92
41 61
58 61
61 86
0 86
