100 1980
4 78
22 78
4 79
22 79
25 78
25 79
4 31
22 31
25 31
4 60
60 78
31 60
60 79
4 63
22 63
25 63
60 63
4 41
22 41
25 41
41 60
41 78
41 79
31 41
41 63
4 73
22 73
25 73
60 73
41 73
41 67
67 78
31 67
67 79
63 67
67 73
4 16
16 22
16 25
16 60
16 41
16 67
78 95
31 95
79 95
63 95
73 95
4 11
11 22
11 25
11 60
11 41
11 67
11 95
78 85
31 85
79 85
63 85
73 85
11 85
16 85
4 54
22 54
25 54
54 60
41 54
54 67
54 95
54 85
4 75
22 75
25 75
60 75
41 75
67 75
75 85
75 78
31 75
75 79
63 75
73 75
16 75
11 75
4 29
22 29
25 29
29 60
29 41
29 67
29 95
29 85
29 75
49 78
49 79
31 49
49 63
49 73
16 49
11 49
49 54
29 49
4 28
22 28
25 28
28 60
28 41
28 67
28 95
28 85
28 75
28 49
28 47
4 27
27 41
27 75
27 49
27 78
27 31
27 79
27 63
27 73
16 27
11 27
27 54
4 9
9 22
9 25
9 60
9 41
9 67
9 95
9 85
9 75
9 49
9 47
9 27
4 96
22 96
25 96
60 96
41 96
67 96
95 96
47 96
78 96
31 96
79 96
63 96
73 96
11 96
16 96
94 95
49 94
94 96
14 41
14 75
14 27
14 78
14 79
14 31
14 63
14 73
11 14
14 16
66 96
14 66
4 35
22 35
25 35
35 60
35 41
35 67
35 85
35 47
27 35
35 78
31 35
35 79
35 63
35 73
16 35
11 35
24 75
24 49
24 96
24 35
82 85
75 82
27 82
35 82
78 82
79 82
31 82
63 82
73 82
16 82
11 82
4 98
25 98
60 98
41 98
95 98
49 98
27 98
35 98
82 98
4 38
25 38
38 41
38 67
38 95
38 47
38 96
35 38
38 82
38 78
31 38
38 79
38 63
38 73
29 38
4 48
41 48
48 75
48 49
27 48
35 48
48 82
38 48
27 52
52 96
52 82
30 35
30 38
30 78
30 79
30 31
30 63
30 73
4 45
22 45
25 45
45 60
41 45
45 67
45 95
45 85
45 75
45 49
27 45
35 45
45 82
30 45
45 52
67 72
72 75
72 96
14 72
23 72
44 96
35 44
23 44
44 78
31 44
44 79
44 63
44 73
29 44
44 89
38 89
4 20
20 41
20 75
20 49
20 27
14 20
20 23
20 44
20 52
20 78
20 31
20 79
20 63
4 69
22 69
25 69
60 69
41 69
67 69
69 95
69 85
69 75
49 69
47 69
35 69
69 82
38 69
20 69
69 72
21 96
14 21
21 23
21 44
21 52
21 48
21 78
21 79
21 31
4 13
13 25
13 41
13 67
13 85
13 75
13 96
13 35
13 82
13 44
13 20
13 21
13 79
8 27
8 96
8 82
8 38
8 20
8 21
4 97
22 97
25 97
60 97
41 97
67 97
95 97
85 97
75 97
47 97
27 97
96 97
35 97
44 97
20 97
48 97
78 97
79 97
31 97
2 4
2 22
2 25
2 60
2 41
2 67
2 95
2 85
2 75
2 49
2 47
2 14
2 82
2 44
2 30
2 20
2 97
2 8
82 90
38 90
30 90
72 90
90 97
8 90
29 90
78 90
47 87
35 87
23 87
44 87
30 87
48 87
79 87
65 78
4 71
22 71
25 71
60 71
41 71
67 71
71 95
49 71
27 71
35 71
23 71
44 71
20 71
48 71
71 79
65 71
71 90
15 78
41 43
43 67
43 75
43 49
27 43
43 96
23 43
43 44
43 52
43 72
21 43
43 79
43 90
15 43
43 73
47 59
14 59
23 59
38 59
20 59
59 72
21 59
59 79
29 59
15 59
11 59
4 80
22 80
25 80
60 80
41 80
67 80
80 95
80 85
75 80
47 80
27 80
14 80
80 82
38 80
20 80
72 80
80 97
8 80
29 80
15 80
40 41
40 49
40 47
14 40
23 40
38 40
40 52
40 48
21 40
8 40
40 90
15 40
7 30
7 72
7 97
7 79
7 90
20 57
57 72
57 97
8 57
57 78
31 57
4 51
22 51
25 51
51 60
41 51
51 67
51 95
49 51
47 51
14 51
23 51
38 51
30 51
48 51
21 51
8 51
51 57
11 51
51 73
4 74
41 74
74 85
47 74
74 96
35 74
74 82
44 74
52 74
72 74
74 79
65 74
29 74
15 74
61 74
59 74
66 74
4 77
22 77
25 77
60 77
41 77
67 77
77 95
77 85
75 77
47 77
27 77
77 96
35 77
30 77
52 77
48 77
77 97
8 77
29 77
57 77
73 77
61 77
2 77
4 50
41 50
50 85
50 75
27 50
35 50
50 82
38 50
30 50
50 72
50 97
8 50
50 90
15 50
50 73
50 61
50 66
50 77
45 50
27 42
14 42
35 42
38 42
42 52
21 42
42 79
8 42
29 42
15 42
11 42
42 61
4 84
22 84
25 84
60 84
41 84
67 84
84 95
49 84
27 84
84 96
23 84
38 84
30 84
48 84
79 84
65 84
8 84
57 84
40 84
61 84
4 5
5 25
5 60
5 41
5 67
5 95
5 85
5 49
5 47
5 96
5 82
5 38
5 20
5 72
5 21
5 8
5 29
5 57
5 40
5 84
2 5
5 98
5 80
5 42
23 36
36 44
36 52
36 48
36 79
36 65
36 90
11 36
36 73
36 59
36 66
36 77
36 80
36 42
36 94
36 51
4 17
17 22
17 25
17 60
17 41
17 67
17 95
17 85
17 75
17 49
17 96
14 17
17 35
17 44
17 52
17 48
17 21
17 79
17 29
17 57
17 73
17 59
2 17
26 52
26 72
26 97
26 65
26 90
15 26
26 73
26 59
26 84
7 26
26 89
26 87
9 26
17 26
26 45
4 55
22 55
25 55
55 60
41 55
55 67
55 95
55 85
55 75
49 55
47 55
14 55
55 82
44 55
30 55
55 72
55 97
55 65
55 90
55 57
40 55
55 59
55 66
26 55
55 80
42 55
36 55
13 55
2 92
26 92
45 92
0 92
29 46
11 46
46 73
46 61
2 46
26 46
45 46
42 46
4 62
22 62
25 62
60 62
41 62
62 67
62 95
49 62
27 62
14 62
23 62
44 62
52 62
62 72
62 97
62 65
8 62
15 62
62 73
61 62
62 66
26 62
62 98
46 62
36 62
31 62
62 74
16 62
17 62
18 85
18 75
18 47
14 18
18 82
18 44
18 20
18 48
18 97
18 65
18 29
11 18
18 73
18 59
18 66
18 77
18 45
18 42
18 36
18 50
18 74
18 62
18 71
4 93
25 93
60 93
41 93
93 95
75 93
47 93
35 93
23 93
44 93
30 93
72 93
93 97
65 93
29 93
57 93
73 93
61 93
66 93
77 93
45 93
46 93
36 93
50 93
92 93
62 93
18 93
4 6
6 22
6 25
6 60
6 41
6 67
6 85
6 75
6 96
6 14
6 23
6 44
6 20
6 72
6 21
6 8
6 90
6 15
6 73
6 61
6 66
6 77
6 98
6 42
6 46
6 31
6 92
6 62
6 63
6 18
6 17
76 90
15 76
40 76
76 84
66 76
76 77
76 80
0 76
27 91
35 91
23 91
30 91
52 91
20 91
21 91
79 91
90 91
57 91
40 91
61 91
2 91
91 98
80 91
0 91
36 91
43 91
64 82
30 64
52 64
48 64
64 97
8 64
57 64
11 64
40 64
59 64
64 84
64 77
45 64
46 64
64 91
31 64
64 92
63 64
64 71
55 64
64 69
1 4
1 41
1 95
1 49
1 27
1 35
1 44
1 38
1 20
1 48
1 79
1 8
1 29
1 57
1 11
1 61
1 66
1 77
1 80
0 1
1 36
1 50
3 75
3 47
3 96
3 14
3 82
3 44
3 52
3 48
3 97
3 65
3 90
3 57
3 40
3 61
2 3
3 26
3 80
0 3
3 91
3 50
3 31
4 12
12 22
12 25
12 60
12 41
12 67
12 95
12 85
12 75
12 49
12 96
12 14
12 82
12 44
12 30
12 72
12 97
12 79
12 90
12 57
12 40
12 59
12 66
12 77
12 98
12 42
12 91
12 50
3 12
12 62
9 12
6 12
37 95
37 49
37 47
35 37
23 37
37 38
37 52
37 48
37 97
37 65
37 90
11 37
37 73
37 59
2 37
26 37
37 45
37 42
37 91
31 37
37 74
37 62
9 37
37 55
37 89
12 37
37 93
37 87
37 76
67 70
49 70
27 70
14 70
23 70
30 70
20 70
48 70
21 70
65 70
29 70
15 70
40 70
61 70
66 70
70 98
45 70
42 70
46 70
13 70
70 74
62 70
70 71
6 70
69 70
37 70
7 70
56 60
41 56
56 75
47 56
27 56
35 56
56 82
30 56
52 56
20 56
56 79
8 56
29 56
15 56
40 56
56 59
2 56
26 56
56 80
0 56
46 56
13 56
56 92
3 56
9 56
6 56
56 69
81 96
35 81
81 82
44 81
30 81
72 81
81 97
65 81
81 90
11 81
40 81
59 81
2 81
77 81
45 81
0 81
36 81
50 81
74 81
62 81
9 81
18 81
69 81
4 32
32 60
32 41
32 67
32 85
32 75
32 47
14 32
32 82
32 44
32 52
32 72
32 97
8 32
29 32
11 32
32 40
32 61
32 66
26 32
32 45
32 42
32 46
13 32
32 74
32 63
9 32
18 32
32 69
32 81
12 32
83 98
0 83
83 91
13 83
83 92
3 83
9 83
6 83
83 89
1 83
12 83
33 82
33 38
33 52
33 72
33 97
33 65
33 90
33 57
11 33
33 84
2 33
33 77
33 45
0 33
33 36
13 33
33 92
3 33
9 33
6 33
33 89
33 81
4 58
22 58
25 58
58 60
41 58
58 67
58 95
49 58
27 58
58 96
58 82
38 58
20 58
21 58
58 79
8 58
58 90
15 58
40 58
58 84
2 58
26 58
45 58
42 58
58 91
50 58
31 58
58 62
9 58
55 58
58 89
1 58
12 58
58 94
51 58
33 58
54 58
4 99
22 99
25 99
60 99
41 99
67 99
95 99
75 99
96 99
14 99
23 99
30 99
52 99
72 99
21 99
65 99
57 99
11 99
73 99
84 99
2 99
77 99
45 99
42 99
36 99
13 99
92 99
63 99
71 99
6 99
69 99
37 99
58 99
56 99
10 57
10 15
10 11
10 59
10 84
10 26
10 98
10 46
10 91
10 50
10 31
10 63
10 71
10 55
10 89
10 37
10 12
10 56
10 99
34 47
14 34
23 34
34 38
30 34
34 48
21 34
8 34
29 34
15 34
34 40
34 59
2 34
34 66
34 80
34 42
34 91
13 34
34 92
34 62
34 71
18 34
34 89
34 81
12 34
34 83
10 34
5 34
34 43
27 68
14 68
68 82
30 68
52 68
20 68
21 68
8 68
29 68
57 68
40 68
59 68
2 68
68 98
45 68
42 68
46 68
13 68
68 92
63 68
9 68
55 68
68 89
37 68
12 68
56 68
68 99
68 76
34 68
68 78
68 70
32 68
19 60
19 41
19 95
19 47
19 96
14 19
19 82
19 38
19 30
19 48
19 79
19 65
19 29
15 19
19 73
19 59
2 19
19 77
19 80
19 46
19 91
19 50
19 74
3 19
9 19
6 19
19 89
19 81
1 19
19 83
4 88
22 88
25 88
60 88
41 88
67 88
88 95
47 88
27 88
35 88
23 88
44 88
20 88
72 88
79 88
8 88
29 88
57 88
73 88
84 88
66 88
26 88
45 88
42 88
88 91
31 88
74 88
62 88
9 88
55 88
69 88
81 88
7 88
83 88
47 86
14 86
23 86
30 86
20 86
48 86
21 86
79 86
8 86
15 86
11 86
59 86
66 86
86 98
80 86
42 86
86 91
50 86
74 86
3 86
63 86
55 86
69 86
37 86
58 86
56 86
86 88
76 86
54 86
78 86
64 86
20 39
39 72
39 97
8 39
39 57
15 39
39 40
39 61
39 66
26 39
39 80
0 39
36 39
13 39
31 39
39 62
9 39
18 39
39 69
37 39
39 58
39 56
39 88
10 39
34 39
33 39
39 64
32 39
16 39
19 39
39 86
28 39
86 93
17 86
43 86
53 97
53 79
29 53
53 57
53 73
53 84
53 66
53 77
45 53
42 53
36 53
13 53
31 53
3 53
9 53
53 55
53 89
53 81
53 58
53 83
53 99
5 53
53 76
53 87
53 64
53 86
43 53
28 53
16 53
24 53
33 88
88 94
87 88
76 88
19 88
17 88
43 88
64 88
5 19
19 54
19 33
19 70
19 51
19 68
19 28
17 19
17 68
16 68
68 93
34 87
24 34
32 34
34 94
34 54
10 93
10 24
10 78
10 16
10 33
10 43
10 70
28 99
16 99
51 99
24 99
5 99
54 99
70 99
17 58
58 76
58 87
33 83
33 87
33 70
24 33
16 33
28 33
17 33
32 83
83 94
5 83
83 93
28 83
51 83
32 56
32 76
32 78
32 64
16 32
32 43
32 94
5 81
12 81
81 93
24 81
56 81
81 94
78 81
1 56
56 70
56 87
56 64
16 56
56 78
54 70
51 70
70 94
17 70
70 93
1 37
16 37
37 51
12 93
7 12
12 28
12 24
12 78
12 43
3 9
1 3
3 5
3 51
3 63
3 7
3 78
3 71
3 24
3 94
1 62
1 71
1 18
1 89
1 54
1 76
1 7
1 43
1 17
1 87
1 28
1 64
7 64
5 64
64 76
64 78
24 64
28 64
87 91
24 91
78 91
54 91
63 91
76 91
50 91
31 76
76 92
62 76
63 76
6 76
7 76
5 76
17 76
76 94
28 76
6 93
6 94
6 89
6 43
6 54
5 93
54 93
78 93
93 94
28 93
24 93
18 55
18 69
18 43
16 18
5 18
18 78
18 94
18 89
9 62
62 87
24 46
9 46
46 63
46 74
46 71
31 46
16 46
13 46
46 89
46 92
31 92
74 92
17 92
71 92
87 92
55 92
43 92
28 92
51 92
55 63
7 55
55 69
51 55
28 55
24 55
54 55
55 87
26 43
26 78
13 26
16 26
26 28
17 80
0 17
17 36
13 17
17 71
17 89
7 17
17 54
17 51
16 17
36 74
7 36
9 36
28 36
5 36
36 69
5 13
5 63
5 71
5 69
5 7
5 54
5 87
5 51
2 84
13 84
24 84
84 94
84 87
54 84
80 84
69 84
16 84
45 84
0 84
84 98
42 84
63 84
42 77
42 98
42 89
16 42
42 50
42 78
7 50
50 78
50 94
16 50
31 50
50 74
50 54
50 51
28 50
69 77
77 94
74 77
77 80
77 98
51 77
24 77
31 77
74 80
31 74
74 94
63 74
74 78
74 89
54 74
16 74
69 74
0 61
61 69
61 63
61 98
16 61
51 61
61 78
54 61
45 61
51 66
51 98
0 51
9 51
51 69
51 54
51 87
51 94
43 51
24 51
13 57
45 57
57 87
2 57
0 57
7 57
16 57
7 40
7 59
2 7
7 45
0 7
7 31
7 71
7 89
7 16
7 78
7 54
7 24
7 43
31 40
40 69
40 80
16 40
13 40
40 87
40 98
40 66
0 40
59 80
80 98
31 80
80 89
0 80
16 80
78 80
45 80
43 80
9 59
28 59
59 66
43 59
31 59
59 71
59 89
43 66
0 43
13 43
43 63
9 43
43 78
43 94
16 43
15 66
15 94
9 15
15 71
15 31
15 73
11 71
66 71
71 98
45 71
13 71
31 71
54 71
28 71
71 78
16 71
71 89
71 94
11 65
29 65
16 65
65 87
65 98
31 65
0 65
65 94
54 65
87 90
2 87
45 87
0 87
13 87
63 87
16 87
28 87
87 94
78 87
0 90
90 94
63 90
2 90
54 90
66 90
24 90
73 90
2 73
2 89
2 94
2 24
2 28
2 13
2 31
89 97
8 97
0 97
24 97
66 97
73 97
8 78
8 13
8 45
8 28
8 89
8 24
11 13
13 98
0 13
13 24
13 63
13 89
21 94
21 24
21 69
21 54
21 63
21 28
9 21
11 21
21 98
16 21
69 79
29 69
11 69
69 98
0 69
31 69
63 69
69 78
16 69
24 69
20 29
16 20
20 89
20 28
20 72
20 54
72 89
29 89
11 89
73 89
63 89
28 89
28 44
11 44
0 44
44 72
72 78
72 79
31 72
63 72
0 72
45 72
29 72
48 72
45 79
11 45
45 73
45 54
28 45
28 30
30 52
11 30
30 54
0 30
52 78
52 79
31 52
52 63
52 66
24 52
9 52
48 52
52 94
52 98
52 73
48 78
31 48
48 79
16 48
48 63
28 48
9 48
48 73
48 66
48 98
11 48
38 94
38 66
38 54
38 98
9 38
24 38
16 38
29 98
11 98
0 98
54 98
9 98
94 98
63 98
24 98
24 82
11 24
24 73
24 31
9 24
24 94
24 28
28 35
23 35
35 94
23 78
23 31
23 79
23 63
23 73
9 23
16 23
23 54
0 23
11 23
23 66
66 79
9 66
66 78
63 66
14 54
14 29
14 94
9 14
79 94
73 94
0 94
28 96
54 96
9 96
29 96
0 96
9 79
9 29
9 11
9 31
27 29
27 28
28 29
11 28
28 73
0 28
28 63
29 47
29 79
29 78
16 29
11 29
54 75
47 54
11 54
54 73
0 54
54 63
54 78
11 47
11 63
11 78
16 95
16 47
47 67
47 73
73 79
63 73
73 78
41 47
47 63
63 79
47 60
31 47
31 79
0 31
25 47
47 79
78 79
47 78
4 47
0 47
