100 1980
8 20
20 49
20 61
8 96
49 96
61 96
49 71
61 71
20 71
71 96
6 8
6 49
6 61
6 71
2 20
2 96
2 6
8 29
29 49
29 61
29 71
2 29
3 8
3 49
3 71
2 3
3 96
3 20
3 6
5 8
5 49
5 61
5 71
2 5
3 5
20 75
75 96
6 75
5 75
29 75
8 19
19 49
19 61
19 71
2 19
3 19
19 75
49 92
92 96
20 92
6 92
19 92
29 92
8 76
49 76
61 76
71 76
2 76
3 76
75 76
76 92
20 76
7 49
7 71
3 7
7 20
7 96
6 7
7 76
5 7
7 19
7 29
8 32
32 49
32 61
32 71
2 32
3 32
32 75
32 92
20 32
7 32
8 30
30 49
30 61
30 71
2 30
3 30
30 75
30 92
20 30
7 30
30 96
6 30
30 76
19 30
5 30
29 30
30 32
8 26
26 49
26 61
26 71
2 26
3 26
26 75
26 92
20 26
7 26
26 30
75 83
83 92
7 83
30 83
83 96
6 83
76 83
19 83
5 83
29 83
32 83
26 83
8 27
27 49
27 61
27 71
2 27
3 27
27 75
27 92
20 27
7 27
27 30
27 83
8 93
49 93
61 93
71 93
2 93
3 93
75 93
92 93
20 93
83 93
93 96
6 93
29 93
76 93
5 93
19 93
26 93
32 93
49 94
2 94
3 94
92 94
20 94
30 94
93 94
6 38
5 38
38 76
19 38
29 38
26 38
32 38
49 53
53 71
53 75
20 53
7 53
30 53
53 96
38 53
49 79
2 79
3 79
79 92
20 79
79 83
79 96
79 93
6 79
49 55
55 71
55 75
55 92
7 55
55 83
55 96
55 70
55 79
8 99
49 99
61 99
71 99
2 99
3 99
75 99
92 99
20 99
7 99
30 99
83 99
96 99
93 99
49 50
50 61
50 71
2 50
3 50
20 50
7 50
50 83
50 96
38 50
50 70
6 50
29 50
50 76
5 50
19 50
8 58
49 58
58 61
58 71
2 58
3 58
58 75
20 58
7 58
30 58
58 96
6 85
5 85
19 85
29 85
76 85
8 37
37 49
37 61
37 71
2 37
3 37
37 75
20 37
7 37
30 37
37 83
37 85
37 50
37 99
37 55
3 47
47 92
20 47
47 83
47 96
38 47
47 50
47 99
47 53
3 73
73 92
7 73
30 73
73 96
38 73
70 73
73 99
47 73
55 77
20 89
83 89
89 93
38 89
50 89
79 89
55 89
77 89
53 65
65 77
65 84
6 65
70 97
97 99
55 97
84 97
65 97
20 42
30 42
42 96
38 42
42 70
42 79
42 53
42 77
42 65
24 79
24 99
24 47
24 84
24 42
3 69
20 69
7 69
69 83
69 96
69 93
50 69
53 69
47 69
69 77
8 15
15 49
15 61
15 71
2 15
3 15
15 75
15 92
15 20
7 15
15 30
15 83
15 96
15 93
15 50
15 53
15 47
15 77
40 49
40 71
3 40
20 40
7 40
40 83
40 93
38 40
40 50
40 79
40 47
40 77
15 40
8 91
49 91
61 91
71 91
2 91
3 91
75 91
91 92
20 91
7 91
30 91
83 91
91 96
91 93
50 91
53 91
55 91
84 91
65 91
42 91
1 8
1 49
1 61
1 71
1 2
1 3
1 75
1 92
1 20
1 7
1 30
1 83
1 96
1 38
1 50
1 99
1 53
1 77
1 65
1 91
12 70
12 79
12 55
12 47
12 15
12 42
12 91
43 49
43 71
43 75
43 92
20 43
30 43
43 93
38 43
43 50
43 79
43 47
43 77
15 43
42 43
12 43
41 65
41 69
59 96
59 93
59 70
59 79
55 59
59 84
59 65
42 59
59 91
59 73
33 49
33 92
20 33
30 33
33 96
33 38
33 50
33 99
33 47
33 77
15 33
33 69
33 59
33 41
33 40
29 33
46 50
46 53
46 55
46 77
46 65
42 46
46 59
41 46
40 46
29 46
12 48
8 81
49 81
61 81
71 81
2 81
3 81
75 81
81 92
20 81
7 81
30 81
81 83
81 96
38 81
70 81
79 81
55 81
47 81
65 81
42 81
12 81
8 63
49 63
61 63
63 71
2 63
20 63
7 63
30 63
63 96
63 70
63 79
53 63
55 63
63 77
63 65
42 63
59 63
63 81
63 94
26 63
46 63
43 63
4 49
4 61
4 71
2 4
3 4
4 92
4 20
4 30
4 96
4 93
4 50
4 53
4 47
4 84
4 65
4 69
4 12
4 81
7 31
30 31
31 93
31 70
31 79
31 99
31 55
31 77
15 31
31 42
31 59
31 41
6 31
5 31
49 88
71 88
3 88
20 88
30 88
83 88
88 96
88 93
50 88
79 88
53 88
77 88
15 88
42 88
59 88
31 88
40 88
29 88
24 88
20 98
30 98
96 98
38 98
70 98
98 99
55 98
84 98
15 98
42 98
91 98
41 98
31 98
26 98
21 96
21 93
21 50
21 99
21 53
21 84
15 21
21 69
12 21
21 41
21 94
21 29
21 98
5 21
4 21
6 21
20 54
30 54
54 83
38 54
54 70
54 79
47 54
54 84
15 54
42 54
54 91
54 81
54 94
40 54
24 54
5 54
4 54
6 54
54 73
16 49
16 71
16 75
16 92
7 16
16 83
16 96
16 93
16 79
16 53
16 55
16 77
15 16
16 69
16 91
16 41
16 31
16 29
16 98
16 43
8 60
49 60
60 61
60 71
2 60
3 60
60 75
60 92
20 60
7 60
30 60
60 83
60 96
38 60
60 70
53 60
55 60
60 84
60 65
60 69
60 91
60 81
40 60
26 60
46 60
43 60
4 60
32 60
8 86
49 86
61 86
71 86
3 86
75 86
20 86
30 86
86 96
38 86
50 86
53 86
55 86
84 86
65 86
86 91
12 86
81 86
86 94
40 86
24 86
86 98
60 86
8 57
49 57
57 61
57 71
2 57
3 57
57 75
57 92
20 57
30 57
57 96
57 85
50 57
57 99
53 57
57 77
15 57
57 69
57 59
41 57
57 94
26 57
24 57
5 57
6 57
1 56
45 91
45 81
31 45
26 45
45 46
5 45
43 45
45 56
45 54
19 45
82 96
82 93
50 82
53 82
47 82
77 82
15 82
82 91
59 82
81 82
31 82
40 82
46 82
5 82
60 82
56 82
73 82
19 82
39 55
39 84
15 39
39 69
39 91
39 41
39 94
29 39
39 46
39 43
39 60
6 39
39 54
39 63
14 55
14 84
14 65
14 42
14 59
14 81
14 94
14 26
14 46
14 43
14 60
14 57
14 32
14 63
14 39
23 70
23 99
23 53
23 84
15 23
23 91
12 23
23 41
23 31
23 29
23 24
23 98
23 60
23 56
23 54
23 32
9 70
9 53
9 55
9 84
9 15
9 42
9 12
9 81
9 94
9 29
9 24
9 98
4 9
6 9
9 54
9 63
9 39
49 62
2 62
3 62
20 62
7 62
30 62
62 93
38 62
62 79
62 99
47 62
62 84
62 65
42 62
62 91
62 81
40 62
26 62
46 62
62 98
60 62
6 62
32 62
19 62
9 62
23 62
36 93
36 38
36 79
36 53
36 55
36 84
15 36
36 42
36 91
36 81
36 94
36 46
36 98
5 36
4 36
36 57
36 54
32 36
36 82
23 36
50 78
78 99
47 78
77 78
65 78
69 78
12 78
41 78
31 78
26 78
46 78
43 78
4 78
6 78
73 78
63 78
39 78
36 78
37 78
76 78
10 49
10 61
10 71
2 10
10 75
10 92
10 20
10 83
10 93
10 70
10 50
10 99
10 55
10 47
10 84
10 69
10 12
10 31
10 40
10 26
10 24
10 43
10 60
10 56
10 57
10 63
10 39
10 23
31 52
29 52
46 52
52 98
43 52
52 57
52 73
52 63
39 52
21 52
37 52
52 76
8 44
44 49
44 61
44 71
2 44
3 44
44 75
44 92
20 44
44 83
44 96
38 44
44 70
44 53
44 47
44 77
44 65
44 69
12 44
41 44
44 94
29 44
44 46
44 98
4 44
44 56
32 44
19 44
9 44
21 44
44 52
44 78
55 74
74 77
65 74
69 74
74 91
74 81
31 74
40 74
74 98
5 74
4 74
57 74
73 74
19 74
74 82
36 74
37 74
74 78
20 68
30 68
68 96
68 93
50 68
68 99
47 68
68 77
15 68
42 68
68 91
68 81
68 94
26 68
24 68
43 68
60 68
6 68
68 73
19 68
68 82
21 68
37 68
68 78
27 68
80 91
80 81
31 80
29 80
24 80
5 80
43 80
56 80
73 80
19 80
39 80
21 80
37 80
68 80
10 80
76 80
14 80
16 80
80 97
17 55
17 47
15 17
17 69
17 59
17 41
17 94
17 29
17 24
17 43
4 17
17 57
17 54
17 32
9 17
17 23
17 37
17 52
17 68
17 80
14 17
0 17
1 17
17 58
2 95
20 95
7 95
83 95
93 95
70 95
50 95
79 95
53 95
84 95
15 95
91 95
12 95
41 95
40 95
29 95
95 98
43 95
4 95
57 95
73 95
63 95
9 95
23 95
36 95
78 95
10 95
76 95
8 67
49 67
61 67
67 71
2 67
3 67
67 75
67 92
20 67
7 67
30 67
67 83
67 93
38 67
50 67
67 99
47 67
67 84
15 67
67 91
59 67
41 67
67 94
40 67
24 67
43 67
4 67
57 67
67 73
63 67
9 67
67 82
52 67
67 86
10 67
67 76
62 67
70 72
72 99
55 72
72 84
65 72
42 72
12 72
41 72
31 72
26 72
46 72
43 72
4 72
56 72
57 72
19 72
39 72
23 72
52 72
72 86
72 74
67 72
0 72
72 88
58 72
72 89
27 72
72 97
12 64
41 64
31 64
26 64
24 64
43 64
60 64
57 64
32 64
19 64
9 64
64 82
37 64
64 78
64 68
64 80
14 64
64 88
1 64
58 64
64 95
45 64
22 91
22 81
22 40
22 26
22 24
5 22
4 22
22 56
22 54
19 22
22 39
22 82
22 37
22 52
22 68
22 76
14 22
0 22
1 22
7 87
83 87
87 93
70 87
50 87
79 87
47 87
77 87
65 87
69 87
59 87
81 87
31 87
40 87
46 87
5 87
60 87
57 87
32 87
63 87
9 87
82 87
37 87
86 87
74 87
80 87
67 87
11 49
11 61
11 71
2 11
3 11
11 92
7 11
11 83
11 93
11 70
11 50
11 99
11 53
11 84
11 15
11 91
11 59
11 81
11 31
11 26
11 98
5 11
6 11
11 57
11 73
11 19
9 11
11 21
11 52
11 86
11 68
11 76
0 11
11 89
11 48
11 95
11 97
11 45
11 44
66 75
20 66
7 66
30 66
66 96
66 70
50 66
66 79
47 66
66 84
65 66
66 69
59 66
41 66
40 66
29 66
24 66
5 66
43 66
56 66
66 73
19 66
66 82
23 66
36 66
66 86
66 68
10 66
0 66
11 66
44 66
66 87
48 66
66 97
64 66
8 51
49 51
51 61
51 71
2 51
3 51
51 75
51 92
7 51
30 51
51 96
51 93
51 70
51 79
51 55
47 51
51 84
51 69
51 91
51 81
51 94
26 51
51 98
5 51
4 51
51 56
51 73
19 51
39 51
51 82
36 51
51 86
51 68
51 80
14 51
51 88
1 51
51 58
48 51
17 51
51 72
7 28
28 83
28 96
28 85
28 79
28 53
28 55
28 84
15 28
28 69
12 28
28 59
28 31
28 29
24 28
28 43
28 60
6 28
28 54
28 63
28 82
21 28
28 37
28 86
28 68
28 67
14 28
11 28
28 58
28 87
28 95
28 45
28 64
28 51
53 90
77 90
65 90
42 90
90 91
59 90
40 90
26 90
46 90
90 98
60 90
57 90
73 90
63 90
82 90
23 90
52 90
86 90
74 90
76 90
67 90
11 90
1 90
87 90
90 95
17 90
45 90
8 34
34 49
34 71
2 34
3 34
34 92
7 34
30 34
34 96
34 93
34 70
34 99
34 55
34 84
15 34
34 69
12 34
34 81
34 94
29 34
34 46
5 34
4 34
34 57
32 34
34 63
34 82
21 34
34 52
34 86
10 34
34 76
14 34
34 88
34 44
34 89
27 34
34 97
34 72
13 49
13 92
13 20
13 83
13 96
13 93
13 50
13 99
13 53
13 47
13 84
13 69
12 13
13 81
13 40
13 26
13 24
5 13
13 60
13 57
13 73
13 32
13 39
13 21
13 52
13 86
13 74
13 80
0 13
13 88
13 44
13 89
13 48
13 17
13 64
13 34
35 49
35 71
2 35
35 92
20 35
35 83
35 96
35 70
35 79
35 99
35 47
35 77
15 35
35 42
12 35
35 41
31 35
26 35
24 35
35 98
4 35
35 57
35 54
32 35
9 35
35 82
35 36
35 86
10 35
35 80
14 35
35 88
35 58
35 89
35 95
35 45
35 72
34 35
35 66
13 35
8 25
25 49
25 61
25 71
3 25
25 92
7 25
25 30
25 96
25 38
25 70
25 99
25 55
25 77
15 25
25 42
25 59
25 41
25 94
25 40
25 46
25 98
25 60
25 56
25 73
25 63
25 39
23 25
25 36
25 78
25 74
10 25
14 25
25 88
25 44
25 87
25 48
17 25
25 72
25 51
25 66
25 35
25 62
18 94
18 29
18 46
5 18
6 18
18 56
18 54
18 19
18 39
18 82
18 36
18 78
18 74
18 67
14 18
18 88
1 18
18 87
18 27
18 97
18 45
18 34
18 66
18 25
18 22
18 28
16 35
13 22
13 33
13 28
33 34
34 90
28 90
33 90
22 90
16 90
28 33
16 51
22 51
51 66
62 66
11 87
1 11
1 87
87 95
33 87
22 87
27 87
22 48
17 22
22 64
22 62
33 64
64 72
62 72
67 88
27 67
1 67
67 95
67 97
33 67
58 95
48 95
27 95
17 95
95 97
17 27
16 17
80 89
1 80
33 80
0 68
62 68
68 76
68 74
58 68
44 74
48 74
33 74
45 74
74 88
27 74
1 74
10 44
14 44
44 97
44 48
44 89
44 62
44 58
44 45
10 52
16 52
33 52
1 52
52 58
10 78
10 16
10 97
10 14
10 89
10 48
10 76
45 78
16 78
0 78
62 78
14 78
78 97
0 36
36 86
1 36
14 36
36 45
36 88
36 37
36 62
0 62
62 88
58 62
27 62
62 97
45 62
16 62
9 88
9 23
9 97
9 33
9 58
9 37
9 48
9 76
21 23
23 58
14 23
0 23
23 33
1 23
16 23
23 97
14 45
14 16
39 89
39 86
21 39
1 39
27 39
39 82
16 82
45 82
0 82
21 45
45 76
45 89
45 48
16 45
0 56
33 56
19 56
56 89
56 58
56 97
56 57
32 57
57 88
48 57
57 86
73 86
19 86
21 86
48 86
86 88
86 89
33 86
60 88
60 97
60 76
6 60
19 60
16 60
6 16
16 54
16 32
0 16
1 16
16 89
16 27
16 33
21 54
54 97
0 54
54 89
27 54
19 54
1 54
37 54
21 63
21 27
21 37
21 48
21 89
21 88
21 76
76 98
1 98
19 98
89 98
73 98
97 98
88 98
33 98
73 88
63 88
76 88
58 88
27 88
27 31
4 31
1 31
31 89
31 32
31 73
19 31
4 40
4 24
4 43
1 4
4 37
4 63
4 27
0 4
4 73
6 63
32 63
19 63
63 97
0 63
33 63
81 97
81 94
29 81
0 81
41 81
19 81
48 81
40 48
46 48
24 48
43 48
6 48
48 73
32 48
37 48
0 48
48 89
33 48
32 46
5 46
33 46
27 46
46 97
46 73
6 33
33 73
0 33
1 33
33 97
6 59
41 59
19 59
5 59
26 59
27 59
32 59
37 59
59 89
24 59
41 73
26 41
41 76
40 41
41 43
41 58
1 41
43 94
40 43
24 43
32 43
27 43
43 58
12 94
12 76
12 24
0 12
12 89
12 37
1 12
12 32
12 40
1 29
1 5
1 32
1 27
40 91
58 91
29 91
27 91
91 97
40 94
40 76
29 40
40 58
40 89
15 58
15 69
5 15
15 26
15 19
42 69
69 73
5 69
37 69
24 69
0 69
19 69
27 69
29 69
69 89
24 94
24 26
24 37
0 24
6 24
24 58
42 97
42 94
42 58
32 42
6 42
42 76
26 42
94 97
26 97
37 97
89 97
27 97
65 89
27 65
65 94
37 65
29 65
0 65
65 73
5 89
6 89
19 89
37 89
0 89
58 89
73 77
26 77
58 77
32 77
6 77
5 77
76 77
29 73
6 73
73 76
47 84
47 58
6 47
29 47
47 94
0 47
27 47
19 84
37 84
32 84
76 84
37 94
29 37
5 37
6 37
32 37
37 58
27 37
58 85
32 85
50 58
58 79
26 58
6 58
32 58
19 58
58 76
0 58
50 99
79 99
6 99
94 99
55 99
29 99
0 99
19 99
76 99
32 99
26 99
6 55
19 55
27 55
5 55
55 76
5 79
79 94
32 79
19 79
76 79
53 79
29 79
26 79
27 79
6 53
5 53
0 53
53 94
29 53
32 53
26 53
38 94
27 38
38 70
26 94
6 94
5 94
0 94
27 93
27 70
26 27
6 27
27 32
27 76
26 96
26 70
26 29
26 76
26 32
30 70
32 96
32 76
19 32
76 96
70 76
5 76
6 76
0 76
5 92
70 92
19 20
19 96
19 70
19 29
5 19
5 20
5 96
5 70
5 29
0 5
5 6
3 29
3 70
20 29
29 96
29 70
6 29
0 29
6 20
6 96
6 70
70 71
20 96
70 96
20 70
8 49
49 70
0 70
