100 1980
62 93
51 62
51 93
62 90
51 90
4 93
4 90
62 84
51 84
4 84
62 67
51 67
4 67
67 93
67 90
67 84
49 62
49 51
4 49
49 67
62 81
51 81
4 81
67 81
81 93
81 90
81 84
49 81
62 92
51 92
4 92
67 92
81 92
68 93
68 90
68 84
19 62
19 51
4 19
19 67
19 81
19 68
17 51
17 93
17 90
17 84
17 49
17 19
17 92
62 85
51 85
4 85
67 85
81 85
68 85
17 85
69 93
69 90
69 84
69 92
49 69
19 69
25 62
25 51
4 25
25 67
25 81
25 68
17 25
25 69
25 90
20 93
20 84
19 20
20 92
20 49
8 62
8 51
4 8
8 67
8 81
8 68
8 17
8 69
8 90
8 20
21 93
21 84
21 49
21 92
19 21
21 25
52 62
51 52
4 52
52 67
52 81
52 68
17 52
52 69
52 90
20 52
21 52
51 94
90 94
21 94
93 94
84 94
49 94
19 94
92 94
25 94
52 94
85 94
8 94
56 62
51 56
4 56
56 67
56 81
56 68
17 56
56 69
56 90
20 56
21 56
56 94
60 93
60 84
60 92
49 60
19 60
8 60
56 60
60 85
52 60
25 60
12 62
12 51
4 12
12 67
12 81
12 68
12 17
12 69
12 90
12 20
12 21
12 94
12 60
12 85
3 62
3 51
3 67
3 81
3 17
3 90
3 21
3 94
3 93
3 84
3 92
3 49
3 19
3 56
3 25
3 52
3 8
3 12
62 66
51 66
4 66
66 67
66 81
66 68
17 66
66 69
66 90
20 66
21 66
66 94
60 66
66 85
3 66
48 90
48 60
48 93
48 84
19 48
48 92
48 49
8 48
25 48
48 56
48 52
12 48
48 66
62 86
51 86
4 86
67 86
81 86
68 86
17 86
69 86
86 90
20 86
21 86
86 94
60 86
85 86
48 86
86 92
3 35
35 92
35 93
35 84
35 49
19 35
62 76
51 76
4 76
67 76
76 81
68 76
17 76
69 76
76 90
20 76
21 76
76 94
60 76
76 85
48 76
38 62
38 51
4 38
38 67
38 81
38 68
17 38
38 69
38 90
20 38
21 38
38 60
38 48
38 93
38 84
38 49
38 92
19 38
8 38
38 52
25 38
38 56
12 38
38 66
32 94
32 60
3 32
32 38
16 93
16 84
16 19
16 49
16 25
16 56
8 16
16 52
16 65
65 93
51 53
53 90
21 53
53 94
48 53
38 53
35 53
53 93
53 84
57 62
51 57
4 57
57 67
57 81
57 68
17 57
57 69
57 90
57 60
48 57
57 92
16 57
57 76
53 57
18 94
18 60
18 48
18 92
46 93
46 84
46 49
19 46
25 46
46 52
46 56
8 46
30 62
30 51
30 67
30 81
30 68
17 30
30 69
30 90
21 30
30 60
3 30
30 38
30 46
30 93
36 76
36 84
36 49
19 36
31 90
31 85
3 31
31 48
31 35
31 93
31 36
18 31
31 86
3 87
87 92
35 87
87 93
53 87
18 87
39 92
39 93
39 76
18 39
62 98
51 98
4 98
67 98
81 98
68 98
17 98
69 98
90 98
20 98
21 98
94 98
60 98
85 98
48 98
38 98
46 98
93 98
76 98
62 91
51 91
67 91
81 91
68 91
17 91
69 91
90 91
21 91
60 91
48 91
38 91
46 91
91 93
36 91
84 91
36 71
71 91
71 98
3 78
78 92
35 78
78 93
36 78
18 78
39 78
31 78
50 51
50 81
50 68
50 90
50 94
50 85
3 50
38 50
35 50
50 93
50 53
18 50
50 98
50 78
14 46
14 93
14 76
14 98
14 86
14 31
14 84
0 14
15 51
15 67
15 81
15 90
15 21
15 94
3 15
15 92
15 46
15 93
15 53
15 98
15 39
15 86
14 15
62 72
51 72
67 72
72 81
17 72
72 90
72 94
72 85
3 72
72 92
16 72
35 72
72 76
72 91
39 72
31 72
14 72
72 96
57 72
0 72
51 83
67 83
17 83
83 90
20 83
83 94
3 83
83 92
46 83
83 93
36 83
18 83
39 83
83 86
25 83
65 83
47 85
38 47
46 47
47 76
36 47
18 47
47 98
31 47
25 47
14 47
47 83
0 47
47 84
23 47
10 86
10 31
10 25
10 65
10 57
64 90
64 85
3 64
64 92
46 64
64 93
64 76
18 64
39 64
64 86
52 64
64 65
64 83
43 62
43 51
4 43
43 67
43 81
43 68
17 43
43 69
43 90
20 43
21 43
43 94
43 60
43 85
43 48
43 92
16 43
43 93
43 53
18 43
39 43
43 86
25 43
43 96
43 64
53 99
18 99
86 99
25 99
52 99
96 99
57 99
35 97
76 97
36 97
91 97
39 97
78 97
14 97
96 97
83 97
97 99
45 62
45 51
45 67
45 81
45 69
45 90
20 45
45 85
45 48
45 92
16 45
45 93
36 45
18 45
45 86
45 78
25 45
45 65
45 64
0 45
62 77
51 77
4 77
67 77
77 81
68 77
17 77
77 90
21 77
77 85
48 77
38 77
16 77
77 93
36 77
53 77
39 77
77 78
14 77
65 77
64 77
77 99
45 77
10 77
28 62
28 51
4 28
28 67
28 81
28 68
17 28
28 69
28 90
20 28
21 28
28 60
28 85
28 92
16 28
28 76
28 53
28 91
28 98
28 78
28 52
28 96
28 64
28 99
0 28
23 28
19 28
2 51
2 67
2 81
2 90
2 20
2 60
2 85
2 92
2 46
2 76
2 36
2 91
2 98
2 78
2 14
2 96
2 83
0 2
2 84
6 36
6 18
6 39
6 78
6 52
6 14
6 83
6 99
6 45
6 15
3 63
38 63
16 63
63 93
53 63
63 91
63 98
63 78
25 63
14 63
57 63
63 99
0 63
6 63
28 63
61 94
60 61
48 61
61 92
16 61
61 93
36 61
18 61
39 61
31 61
52 61
14 61
61 83
0 61
61 84
23 61
61 71
61 72
20 37
37 94
3 37
37 38
35 37
37 93
37 53
37 91
37 86
31 37
25 37
14 37
37 57
37 99
37 45
6 37
28 37
37 61
37 72
51 58
58 67
58 81
58 90
20 58
58 60
48 58
38 58
35 58
58 76
36 58
18 58
39 58
31 58
52 58
58 65
57 58
0 58
58 84
10 58
58 71
19 58
3 7
7 38
7 46
7 93
7 76
7 18
7 98
7 78
7 25
7 65
7 83
7 99
7 23
6 7
7 71
7 43
16 74
74 93
53 74
18 74
74 86
74 78
25 74
74 96
74 83
64 74
74 84
6 74
71 74
61 74
7 74
58 74
12 74
27 85
27 38
27 35
27 76
27 36
27 91
27 98
27 31
14 27
27 65
27 57
27 99
27 84
6 27
10 27
27 43
27 72
27 58
27 32
27 77
27 97
41 51
41 67
41 81
41 90
21 41
41 60
3 41
38 41
16 41
41 93
41 76
18 41
39 41
41 78
41 52
41 65
41 83
0 41
23 41
6 41
41 71
41 61
41 72
41 49
12 41
27 41
54 62
51 54
4 54
54 67
54 81
54 68
54 69
54 90
21 54
54 85
48 54
54 92
46 54
54 93
53 54
54 98
39 54
54 78
25 54
14 54
54 64
0 54
45 54
23 54
54 71
43 54
7 54
49 54
12 54
3 13
13 92
13 16
13 35
13 36
13 18
13 39
13 78
13 25
13 14
13 65
13 99
13 84
10 13
13 19
13 43
13 72
13 58
12 13
13 63
62 73
51 73
4 73
67 73
73 81
68 73
17 73
69 73
73 90
20 73
21 73
73 94
60 73
73 85
3 73
73 92
35 73
73 93
53 73
73 91
73 86
31 73
14 73
73 96
73 83
73 99
0 73
23 73
71 73
61 73
72 73
49 73
76 89
18 89
39 89
78 89
25 89
65 89
83 89
89 99
23 89
6 89
71 89
19 89
15 89
58 89
44 62
44 51
4 44
44 67
44 81
44 68
17 44
44 69
20 44
44 85
44 48
44 92
35 44
44 93
44 53
44 98
39 44
44 78
25 44
44 65
44 57
0 44
23 44
6 44
28 44
44 61
7 44
44 58
44 89
32 44
20 55
55 85
3 55
38 55
46 55
55 76
36 55
18 55
39 55
55 86
14 55
55 96
55 64
55 99
45 55
6 55
28 55
55 61
7 55
15 55
32 55
27 55
26 51
26 67
17 26
26 90
26 94
26 85
3 26
26 48
26 46
26 35
26 36
18 26
26 98
26 31
26 52
14 26
26 83
26 99
26 84
23 26
26 71
19 26
7 26
26 49
12 26
13 26
22 62
22 51
22 67
22 81
22 69
22 90
20 22
22 94
22 48
22 92
22 46
22 93
22 76
22 91
22 39
22 78
22 52
22 65
22 57
22 64
22 45
22 23
22 28
22 43
7 22
22 58
22 32
22 26
22 55
9 62
9 51
4 9
9 67
9 81
9 68
9 17
9 69
9 90
9 20
9 21
9 94
3 9
9 38
9 46
9 35
9 76
9 91
9 86
9 78
9 52
9 65
9 83
9 99
9 84
9 10
9 19
9 43
9 72
9 15
9 89
9 27
9 26
9 97
62 95
51 95
4 95
67 95
81 95
68 95
17 95
69 95
90 95
20 95
21 95
94 95
60 95
85 95
48 95
92 95
46 95
35 95
53 95
91 95
86 95
78 95
25 95
95 96
65 95
64 95
45 95
10 95
28 95
61 95
7 95
49 95
89 95
13 95
55 95
9 95
32 33
13 33
33 54
33 97
5 62
5 51
4 5
5 67
5 81
5 68
5 17
5 69
5 90
5 20
5 21
5 94
5 60
5 85
3 5
5 38
5 16
5 35
5 36
5 18
5 98
5 31
5 52
5 14
5 57
0 5
5 84
5 23
5 28
5 19
5 43
5 15
5 89
5 13
5 54
1 62
1 51
1 4
1 67
1 81
1 68
1 17
1 69
1 90
1 20
1 21
1 94
1 60
1 85
1 48
1 38
1 46
1 93
1 36
1 91
1 98
1 31
1 52
1 96
1 64
1 99
1 84
1 6
1 71
1 19
1 7
1 15
1 12
1 13
1 55
70 86
31 70
25 70
70 96
70 83
0 70
70 84
10 70
28 70
19 70
15 70
49 70
32 70
27 70
26 70
1 70
5 70
62 80
51 80
67 80
80 81
69 80
80 90
20 80
80 85
48 80
80 92
35 80
80 93
53 80
80 98
39 80
78 80
52 80
65 80
57 80
0 80
45 80
6 80
71 80
43 80
72 80
15 80
80 89
27 80
55 80
9 80
5 80
29 51
29 81
29 69
29 90
29 94
29 60
29 85
29 92
29 35
29 93
29 36
29 91
29 98
29 31
29 52
29 65
29 83
29 64
23 29
10 29
29 71
29 43
7 29
15 29
12 29
29 32
29 55
29 97
5 29
29 44
88 92
76 88
53 88
88 91
88 98
25 88
52 88
88 96
57 88
64 88
45 88
10 88
28 88
43 88
72 88
49 88
12 88
32 88
26 88
88 97
5 88
29 88
19 59
43 59
59 72
15 59
59 89
13 59
26 59
59 97
5 59
33 59
59 63
62 75
51 75
67 75
75 81
17 75
69 75
21 75
75 85
3 75
75 92
16 75
75 93
36 75
75 98
39 75
75 78
25 75
65 75
57 75
0 75
45 75
6 75
19 75
61 75
43 75
49 75
12 75
13 75
54 75
75 97
9 75
29 75
59 75
75 88
75 77
50 75
75 95
70 75
8 75
73 75
63 75
2 75
47 59
2 59
11 62
11 51
4 11
11 67
11 81
11 68
11 17
11 69
11 90
11 20
11 21
11 60
11 48
11 38
11 16
11 76
11 36
11 53
11 98
11 31
11 52
11 96
11 57
11 64
11 45
10 11
11 71
11 61
11 72
11 49
11 32
11 27
11 55
11 97
35 79
79 93
76 79
79 91
39 79
31 79
25 79
14 79
64 79
79 99
79 84
6 79
28 79
43 79
72 79
49 79
79 89
27 79
55 79
1 79
56 79
50 79
11 79
66 79
30 79
8 79
2 79
44 79
42 62
42 51
42 67
42 81
42 68
17 42
42 69
42 90
21 42
42 94
42 85
42 92
42 46
42 93
42 53
42 91
42 98
31 42
25 42
14 42
42 57
42 99
42 84
10 42
42 71
42 43
42 72
42 58
32 42
26 42
42 55
1 42
42 79
42 80
51 82
67 82
81 82
82 90
21 82
82 85
3 82
38 82
16 82
35 82
53 82
82 91
39 82
78 82
52 82
65 82
82 83
0 82
82 84
23 82
28 82
19 82
72 82
58 82
82 89
13 82
54 82
82 97
9 82
29 82
73 82
40 86
40 78
40 52
40 65
40 57
40 99
40 45
6 40
10 40
40 61
15 40
40 49
40 89
27 40
40 54
9 40
40 79
33 40
40 82
40 88
40 77
34 53
34 91
34 39
34 86
34 52
34 96
34 83
34 99
34 45
6 34
34 71
19 34
7 34
34 49
34 89
13 34
34 54
1 34
5 34
34 80
34 88
34 44
34 37
34 47
34 63
8 34
34 40
34 41
34 73
2 34
40 66
24 83
24 64
24 45
10 24
24 71
24 43
7 24
15 24
24 89
13 24
24 55
24 54
24 79
24 29
24 59
24 88
24 47
24 41
24 66
24 56
22 24
24 40
24 42
24 87
40 74
8 40
40 70
22 40
82 87
41 82
42 82
66 82
74 82
70 82
50 82
22 82
42 88
42 44
42 50
41 42
2 42
42 73
22 42
42 87
79 87
11 33
11 59
11 56
11 30
11 37
2 11
11 95
11 47
11 63
11 41
11 70
59 88
30 59
59 95
44 59
56 88
37 88
73 88
50 88
29 80
2 29
29 77
29 41
29 56
29 87
74 80
66 80
22 80
37 80
80 95
70 80
8 80
77 80
37 70
41 70
66 70
63 70
8 70
70 87
1 74
1 73
1 5
1 47
1 63
1 77
1 66
1 37
1 56
5 9
5 77
5 47
5 37
5 73
5 33
22 33
33 95
8 33
33 63
30 33
33 50
33 47
33 73
37 95
47 95
66 95
74 95
63 95
8 95
87 95
9 30
8 9
9 22
9 41
9 74
9 63
22 44
22 47
22 50
22 66
22 63
22 30
26 47
26 77
26 55
26 30
26 74
26 73
2 26
26 54
55 63
55 66
55 87
44 55
44 97
44 77
44 74
44 66
8 44
44 87
30 44
73 89
37 89
50 89
77 89
2 89
13 73
73 77
41 73
73 74
73 87
56 73
13 66
13 54
13 56
54 56
50 54
37 54
41 54
8 54
54 97
41 97
37 41
2 41
41 56
27 47
27 50
27 87
27 30
27 74
74 77
50 74
63 74
2 74
30 74
7 58
7 15
2 7
7 66
7 63
7 50
7 12
8 58
30 58
47 58
37 58
2 58
49 58
58 97
32 58
58 87
32 37
2 37
37 66
37 47
37 87
49 61
43 61
61 87
32 61
30 61
56 61
2 61
61 63
49 63
12 63
63 77
30 63
6 71
2 6
6 97
6 56
6 12
2 28
2 32
2 97
2 56
2 8
15 28
28 32
12 28
28 66
28 77
28 49
28 30
19 77
72 77
49 77
8 77
56 77
50 77
45 56
32 45
43 45
45 71
8 45
45 97
30 45
45 50
10 97
43 97
72 97
12 97
87 97
50 97
43 99
84 99
23 99
32 99
23 43
43 71
8 43
43 50
49 64
56 64
64 71
10 64
50 64
19 64
30 64
15 64
10 84
10 30
10 87
10 66
10 72
10 71
10 47
10 56
19 47
15 47
12 47
47 56
47 50
47 66
71 83
19 83
0 83
83 84
12 83
23 83
23 84
23 72
8 23
23 32
19 23
23 50
23 49
19 72
8 72
72 87
56 72
56 96
57 96
15 96
0 96
87 96
32 96
65 96
8 96
84 96
15 57
15 84
15 19
15 30
15 49
15 32
15 56
12 15
14 32
14 50
14 71
12 14
14 30
50 65
50 57
19 50
49 50
50 87
30 50
78 84
0 78
8 78
71 78
52 71
71 87
8 71
0 91
49 91
12 91
66 91
32 91
86 91
65 91
91 98
19 91
84 98
30 98
39 98
56 98
49 98
19 98
86 98
25 39
39 57
39 66
39 87
31 87
52 87
57 87
0 87
84 87
32 87
56 87
25 31
31 66
12 31
19 31
30 31
31 57
31 56
31 65
36 56
12 36
30 36
36 66
30 86
30 52
30 57
30 32
30 66
8 30
30 56
12 46
18 46
18 93
18 76
18 53
18 84
18 56
8 18
18 25
18 57
18 52
52 57
8 57
32 57
56 57
57 66
25 53
52 53
8 53
53 65
53 86
49 53
19 53
65 86
25 65
19 65
49 65
65 66
16 32
0 16
32 93
32 76
32 86
25 32
12 32
8 32
38 76
0 38
35 76
76 93
76 84
49 76
19 76
52 76
12 76
0 76
35 52
35 86
25 35
8 35
35 56
35 66
86 93
0 86
84 86
8 86
52 86
12 86
49 86
0 48
66 92
66 93
52 66
0 66
66 84
19 66
49 66
12 66
12 92
12 25
0 12
12 84
12 19
8 12
12 56
56 85
56 92
56 93
25 56
52 85
52 92
25 52
49 52
19 52
8 21
21 85
8 85
8 92
8 93
8 25
0 8
20 85
20 25
0 20
25 85
25 92
25 93
69 85
85 90
85 93
84 85
85 92
19 85
49 85
0 85
0 17
19 90
19 92
19 93
0 19
49 68
68 92
0 68
90 92
92 93
84 92
49 92
0 81
49 90
49 93
0 49
49 84
0 67
84 90
84 93
0 4
90 93
0 90
0 51
0 93
0 62
