100 1980
57 88
87 88
57 87
12 88
12 87
21 88
21 87
21 58
21 57
12 21
33 88
33 87
21 33
78 88
78 87
21 78
58 78
12 78
57 78
33 78
25 88
25 87
21 25
25 78
12 20
20 57
20 58
20 33
20 25
79 88
79 87
21 79
78 79
20 79
57 99
58 99
12 99
33 99
25 99
79 99
26 88
26 87
21 26
26 78
20 26
26 99
88 93
87 93
21 93
78 93
20 93
93 99
12 93
58 93
57 93
33 93
79 93
25 93
30 88
30 87
21 30
30 78
20 30
30 99
30 93
0 30
44 87
21 44
20 44
44 93
44 58
12 44
44 57
33 44
25 44
44 79
30 44
26 44
41 88
41 87
21 41
41 78
20 41
41 99
41 93
0 41
41 44
50 88
50 87
21 50
50 78
20 50
50 99
50 93
0 50
44 50
12 50
50 57
50 58
33 50
25 50
50 79
30 50
26 50
41 50
66 88
66 87
21 66
66 78
20 66
66 99
66 93
0 66
44 66
50 66
80 87
21 80
78 80
80 93
44 80
57 80
12 80
58 80
33 80
25 80
79 80
30 80
26 80
41 80
68 88
68 87
21 68
68 78
20 68
68 99
68 93
0 68
44 68
50 68
68 80
12 63
58 63
57 63
33 63
63 79
25 63
30 63
26 63
41 63
88 92
87 92
21 92
78 92
20 92
92 99
92 93
0 92
44 92
50 92
80 92
63 92
79 92
87 90
21 90
20 90
90 93
50 90
80 90
79 90
12 90
57 90
58 90
33 90
25 90
30 90
26 90
41 90
90 92
66 90
68 90
88 95
87 95
21 95
78 95
95 99
93 95
44 95
80 95
63 95
90 95
28 50
28 80
28 79
37 44
37 50
37 63
37 90
12 37
37 58
37 57
33 37
25 37
26 37
30 37
37 41
37 68
37 92
37 66
6 87
6 21
6 20
6 93
6 44
6 50
6 63
6 37
58 98
57 98
12 98
33 98
25 98
26 98
30 98
41 98
68 98
92 98
66 98
55 88
55 87
21 55
55 78
20 55
55 99
44 55
55 80
55 79
55 90
55 98
25 55
7 58
7 57
7 12
7 33
7 30
7 26
7 41
20 59
59 93
0 59
59 80
59 79
59 90
59 98
7 59
12 59
57 59
58 59
33 59
26 59
30 59
15 44
15 50
15 79
15 37
15 28
7 15
15 59
85 87
21 85
85 99
85 93
44 85
50 85
63 85
85 90
85 98
12 17
17 57
17 58
17 33
17 25
17 26
17 30
17 41
61 93
50 61
61 79
61 90
17 61
25 61
7 61
34 88
34 87
21 34
34 78
20 34
34 99
34 93
0 34
34 44
34 80
34 79
34 37
17 34
25 34
34 59
12 34
34 58
34 57
33 34
30 34
26 34
52 88
52 87
21 52
52 78
20 52
52 93
44 52
50 52
52 79
37 52
28 52
25 52
7 52
34 52
8 78
8 93
8 44
8 80
8 79
8 90
8 98
8 25
8 59
8 85
3 57
3 58
3 12
3 33
84 87
21 84
78 84
84 93
44 84
50 84
63 84
79 84
28 84
25 84
84 85
3 84
8 84
54 88
54 87
21 54
54 78
20 54
54 99
54 93
0 54
44 54
50 54
54 79
37 54
28 54
25 54
54 85
3 54
8 54
54 58
54 57
12 54
33 54
44 46
46 80
46 63
46 90
28 46
17 46
46 85
3 46
8 46
46 54
15 46
39 78
39 93
39 44
39 50
39 63
37 39
39 98
25 39
39 59
34 39
8 39
74 88
74 87
21 74
74 78
20 74
74 99
44 74
50 74
74 79
74 90
37 74
17 74
7 74
74 85
68 74
54 74
12 74
57 74
58 74
33 74
40 78
40 99
0 40
40 80
40 63
40 90
28 40
17 40
7 40
40 85
3 40
40 74
15 40
39 40
97 98
17 97
7 97
34 97
8 97
74 97
16 88
16 87
16 21
16 78
16 20
16 99
16 93
0 16
16 50
16 80
16 79
16 37
16 98
16 17
16 59
16 85
16 68
15 16
16 58
12 16
16 57
87 94
21 94
20 94
93 94
0 94
80 94
79 94
90 94
94 98
17 94
7 94
85 94
8 94
54 94
16 94
26 94
45 68
45 74
23 88
23 87
21 23
23 78
20 23
23 99
23 93
0 23
23 44
23 50
23 80
23 63
23 79
23 90
17 23
23 25
23 59
23 85
23 68
23 74
15 23
12 23
23 57
23 58
23 33
44 91
50 91
79 91
90 91
28 91
25 91
59 91
34 91
68 91
74 91
23 91
26 91
91 94
18 85
18 34
8 18
18 74
16 18
18 39
18 94
18 30
76 87
21 76
76 78
20 76
76 99
76 93
0 76
50 76
63 76
76 79
37 76
25 76
76 85
34 76
8 76
74 76
16 76
39 76
28 60
25 60
7 60
34 60
60 68
15 60
23 60
16 60
35 88
35 87
21 35
35 78
20 35
35 99
35 93
0 35
35 50
35 63
35 79
35 37
28 35
25 35
35 59
3 35
8 35
35 74
15 35
35 60
35 94
33 35
7 56
56 85
56 68
56 74
23 56
39 56
56 60
18 56
77 98
25 77
7 77
34 77
3 77
54 77
23 77
39 77
77 94
18 77
56 77
41 77
13 58
23 70
26 70
60 70
33 70
49 68
15 49
23 49
26 49
49 94
8 9
9 74
9 15
9 60
9 97
9 33
5 50
5 80
5 63
5 79
5 28
5 25
5 7
3 5
5 68
5 54
5 15
5 39
5 97
5 9
5 49
5 41
5 58
5 35
53 95
53 76
53 70
29 78
29 93
0 29
29 50
29 63
29 90
29 37
25 29
29 59
29 85
8 29
29 54
23 29
26 29
29 60
18 29
29 56
87 96
21 96
20 96
96 99
0 96
80 96
79 96
90 96
28 96
25 96
59 96
34 96
3 96
74 96
23 96
39 96
94 96
18 96
49 96
41 96
40 96
92 96
3 42
42 54
16 42
39 42
42 94
18 42
42 56
42 96
1 88
1 87
1 21
1 78
1 20
1 99
1 93
0 1
1 44
1 50
1 80
1 63
1 79
1 90
1 28
1 17
1 59
1 34
1 68
1 15
1 16
1 26
1 94
1 33
1 9
1 49
0 81
80 81
63 81
81 90
17 81
25 81
7 81
81 85
3 81
54 81
15 81
39 81
81 94
33 81
9 81
41 81
1 81
42 81
50 69
63 69
69 79
69 90
28 69
17 69
59 69
69 85
68 69
69 74
16 69
39 69
69 94
33 69
9 69
69 96
58 69
35 69
6 69
15 82
26 82
60 82
33 82
56 82
82 96
1 82
69 82
53 82
73 88
73 87
21 73
73 78
20 73
73 93
0 73
50 73
63 73
37 73
73 98
17 73
73 85
34 73
8 73
73 74
15 73
26 73
60 73
18 73
56 73
73 96
58 73
42 73
57 73
68 72
72 74
23 72
26 72
72 97
33 72
56 72
49 72
13 72
42 72
53 72
5 72
55 72
72 73
64 87
64 93
0 64
64 80
64 79
37 64
64 98
25 64
59 64
34 64
3 64
64 74
16 64
26 64
64 97
33 64
9 64
64 96
13 64
42 64
64 69
64 72
61 64
10 78
10 93
10 50
10 80
10 79
10 90
10 98
10 17
7 10
10 34
8 10
10 74
10 16
10 26
10 60
10 18
10 56
10 96
10 58
10 42
10 53
10 72
10 73
65 88
65 87
21 65
65 78
20 65
65 93
0 65
65 80
63 65
37 65
28 65
25 65
7 65
34 65
8 65
54 65
16 65
26 65
60 65
33 65
49 65
41 65
1 65
13 65
65 69
65 70
65 81
10 65
65 82
11 88
11 87
11 21
11 78
11 99
11 93
0 11
11 80
11 79
11 90
11 37
7 11
11 59
11 85
3 11
11 54
11 23
11 39
11 97
11 33
9 11
11 96
11 58
11 13
11 53
11 57
11 73
10 11
67 97
33 67
9 67
41 67
1 67
35 67
53 67
67 70
67 73
29 67
51 60
33 51
49 51
41 51
13 51
35 51
51 53
51 73
51 61
51 67
11 51
51 65
14 44
14 50
14 79
14 90
14 28
14 25
14 85
14 34
14 68
14 74
14 16
14 60
14 97
9 14
14 49
14 96
14 58
13 14
14 53
14 70
14 81
10 14
14 67
16 48
39 48
48 97
18 48
48 56
41 48
48 58
42 48
48 69
48 70
48 61
29 48
11 48
45 48
6 48
63 89
37 89
28 89
7 89
59 89
85 89
68 89
54 89
23 89
60 89
89 97
18 89
56 89
41 89
1 89
13 89
69 89
70 89
81 89
10 89
67 89
48 89
7 83
3 83
68 83
74 83
16 83
39 83
60 83
83 97
56 83
83 96
1 83
35 83
69 83
72 83
81 83
29 83
67 83
65 83
83 89
4 87
4 78
4 20
4 99
0 4
4 80
4 79
4 37
4 28
4 25
4 85
4 34
4 8
4 54
4 16
4 39
4 97
4 18
4 56
4 41
4 13
4 35
4 57
4 70
4 73
4 29
4 82
4 65
4 14
4 83
4 40
4 30
4 95
4 5
4 92
4 55
36 59
36 85
3 36
36 54
23 36
26 36
36 60
18 36
36 56
36 41
36 58
13 36
36 69
36 57
36 81
36 61
36 82
36 45
14 36
36 46
0 75
75 80
75 79
37 75
17 75
25 75
59 75
34 75
3 75
54 75
23 75
26 75
75 97
33 75
9 75
58 75
1 75
35 75
57 75
70 75
73 75
67 75
75 82
48 75
14 75
32 88
32 87
21 32
32 78
20 32
32 99
32 93
0 32
32 44
32 50
32 80
32 63
32 79
32 37
28 32
7 32
32 59
32 34
32 68
32 74
15 32
16 32
32 97
32 33
32 49
32 96
32 58
32 42
32 53
32 72
32 81
10 32
32 67
32 48
32 65
32 46
32 89
47 97
18 47
47 56
41 47
13 47
42 47
47 53
47 70
47 73
29 47
47 67
47 48
14 47
32 47
47 75
40 47
22 23
22 26
22 97
22 33
22 56
22 49
1 22
22 35
22 57
22 72
22 81
22 29
22 67
22 48
22 65
22 46
22 84
22 40
22 47
22 76
22 92
27 88
27 87
21 27
27 78
20 27
27 99
27 93
0 27
27 44
27 50
27 79
27 90
27 37
17 27
27 59
3 27
8 27
27 54
15 27
27 39
27 94
27 97
27 49
27 41
27 58
13 27
27 57
27 72
27 61
10 27
11 27
27 45
12 27
27 83
27 84
27 30
27 47
5 27
27 92
27 36
59 71
34 71
8 71
71 74
16 71
39 71
60 71
33 71
9 71
49 71
58 71
35 71
57 71
71 72
61 71
10 71
67 71
48 71
65 71
71 83
71 75
40 71
47 71
5 71
27 71
55 71
44 86
80 86
63 86
37 86
28 86
17 86
59 86
34 86
68 86
15 86
16 86
26 86
86 94
18 86
9 86
41 86
58 86
35 86
69 86
70 86
81 86
29 86
11 86
45 86
12 86
46 86
84 86
30 86
86 95
38 79
37 38
38 98
25 38
38 59
34 38
8 38
38 54
16 38
38 39
38 60
18 38
38 56
38 96
38 58
38 42
38 69
38 57
38 61
10 38
38 82
38 48
14 38
38 46
38 84
38 40
38 95
38 91
5 38
38 77
38 92
36 38
38 86
23 24
24 60
24 94
9 24
24 56
24 49
24 58
24 35
24 53
24 72
24 73
24 61
24 82
24 45
24 65
24 46
24 84
24 64
24 47
24 38
6 24
19 88
19 87
19 21
19 78
19 20
19 99
19 93
0 19
19 44
19 50
19 80
19 63
19 79
19 90
19 28
19 25
19 59
19 85
8 19
15 19
16 19
19 26
19 97
19 33
9 19
19 41
13 19
19 35
19 69
19 57
19 61
10 19
19 82
19 48
14 19
19 83
19 84
19 40
19 47
19 38
19 92
19 24
19 86
19 22
19 66
62 88
62 87
21 62
62 78
20 62
62 99
62 93
0 62
44 62
50 62
62 63
62 90
28 62
25 62
59 62
62 85
62 68
62 74
23 62
26 62
62 97
33 62
9 62
62 96
13 62
42 62
62 69
62 70
62 73
29 62
62 67
45 62
62 65
62 83
62 75
30 62
47 62
62 76
6 62
24 62
19 62
62 89
52 62
4 62
62 66
2 94
2 33
2 9
2 41
1 2
2 35
2 69
2 72
2 61
2 10
2 82
2 65
2 14
2 46
2 84
2 30
2 95
2 5
2 6
2 55
2 86
2 51
2 52
31 87
21 31
31 78
20 31
31 99
31 93
31 44
31 50
31 63
31 79
28 31
25 31
7 31
3 31
31 68
15 31
16 31
26 31
31 60
31 97
9 31
31 96
1 31
31 42
31 57
31 72
31 61
29 31
11 31
31 45
14 31
31 32
31 75
31 64
31 95
31 76
31 92
31 55
31 36
31 51
31 91
22 31
31 66
2 31
2 77
2 62
19 52
19 71
15 43
39 43
43 97
18 43
9 43
43 49
43 58
42 43
43 69
43 57
43 81
43 61
43 67
11 43
12 43
43 46
32 43
43 64
43 47
5 43
6 43
24 43
36 43
43 89
4 43
22 43
43 66
43 71
24 66
24 52
24 36
24 89
38 66
86 92
27 86
36 86
77 86
71 86
86 91
71 91
4 71
71 77
27 91
27 51
27 55
22 27
22 89
22 91
22 77
47 89
6 47
47 52
32 51
32 75
32 40
32 92
6 32
32 76
32 91
32 95
30 75
75 89
55 75
66 75
36 75
51 75
75 84
5 75
36 64
36 95
36 51
4 36
36 89
4 51
4 91
76 83
55 83
64 83
66 83
83 84
83 95
52 83
46 83
30 89
76 89
6 89
66 89
52 89
48 64
12 48
40 48
46 48
14 48
14 65
12 14
14 55
14 64
14 51
5 14
30 51
51 95
51 76
51 92
51 77
51 91
67 84
67 95
11 67
40 67
12 67
11 91
11 45
11 92
11 46
6 11
5 11
11 84
11 77
11 65
30 65
65 92
6 65
65 66
10 77
10 55
10 30
5 10
10 66
10 91
10 64
64 82
64 84
40 64
64 77
64 76
64 91
52 64
6 64
64 92
66 72
61 72
72 77
40 72
72 92
46 72
73 82
73 81
73 95
73 77
73 92
73 91
61 73
5 73
46 73
61 82
29 82
55 82
77 82
52 82
82 95
76 82
30 82
66 82
69 77
69 84
69 81
57 69
46 69
45 69
70 81
76 81
30 81
55 81
12 81
40 81
29 81
81 84
52 81
1 55
1 42
1 40
1 30
1 95
1 12
1 35
1 91
1 92
1 52
1 46
1 76
42 84
42 46
42 57
42 95
42 61
30 42
42 77
42 76
42 92
6 96
84 96
70 96
55 96
57 96
29 96
45 96
13 29
29 35
29 53
29 70
12 29
29 40
29 46
29 45
29 76
6 29
29 52
53 66
5 53
53 61
52 53
53 92
53 55
5 45
5 46
5 40
5 6
5 76
5 92
5 77
9 84
9 49
9 58
9 91
9 61
9 95
9 76
45 49
49 70
40 49
49 57
6 49
49 84
49 92
12 49
49 76
49 95
30 49
13 70
35 70
45 70
6 70
70 91
12 70
70 95
30 70
70 76
13 57
13 61
13 77
13 66
13 35
13 91
12 77
46 77
40 77
6 77
55 77
52 77
56 58
55 56
41 56
46 56
30 56
35 56
56 66
52 56
35 41
12 35
35 52
35 55
35 40
35 45
12 60
58 60
55 60
60 95
57 60
60 76
46 60
6 60
18 76
45 76
12 76
76 95
55 76
76 91
52 76
18 61
18 52
18 40
18 45
18 91
18 46
12 18
6 18
41 91
57 91
45 91
12 91
46 91
55 91
23 52
23 45
23 95
23 30
23 66
23 41
23 26
26 45
45 94
45 58
45 61
45 55
45 84
45 52
45 95
45 66
94 97
30 94
66 94
84 94
52 94
33 94
12 94
55 94
61 94
41 94
57 94
16 39
16 33
16 61
16 97
16 30
26 97
58 97
95 97
92 97
40 97
41 97
40 57
12 40
40 84
6 40
30 40
39 74
74 95
61 74
39 58
12 39
39 57
39 52
39 84
39 66
39 92
33 39
39 46
41 46
12 46
30 46
54 84
30 54
54 55
26 54
52 54
41 54
54 92
6 54
15 54
15 84
58 84
57 84
12 84
84 92
52 84
3 26
3 30
3 6
3 41
3 8
8 58
8 12
8 57
8 33
6 8
8 30
8 15
8 26
8 68
8 52
41 52
52 57
12 52
6 52
52 66
34 68
34 92
34 55
34 61
61 68
26 61
41 61
61 66
6 61
61 92
17 92
17 85
6 17
12 85
57 85
58 85
33 85
30 85
26 85
15 85
85 95
66 85
15 58
15 57
12 15
15 33
15 66
15 55
15 92
6 15
41 59
59 68
7 66
7 55
6 7
7 95
7 92
55 68
33 55
30 55
55 95
55 92
6 98
28 98
6 26
6 58
6 57
6 66
28 37
28 58
12 28
28 57
28 33
25 28
28 30
26 28
28 41
28 95
28 66
28 68
25 95
68 95
33 95
12 95
30 95
66 95
25 92
68 92
33 92
12 92
63 66
63 68
68 79
25 68
58 68
57 68
12 68
33 68
41 68
66 68
66 80
66 79
25 66
33 66
41 66
58 66
30 66
41 79
25 41
26 41
41 58
30 79
25 30
30 57
12 30
26 93
0 26
26 79
25 26
26 58
12 26
26 57
0 79
57 79
12 79
58 79
33 79
25 79
0 25
12 25
25 57
25 58
25 33
0 33
33 57
0 12
12 58
12 57
58 87
0 57
58 88
0 58
