100 2475
48 85
66 85
44 85
44 66
85 99
66 99
44 99
48 99
7 85
7 66
7 99
30 66
30 48
30 44
7 30
77 85
66 77
77 99
30 77
76 85
66 76
76 99
30 76
48 76
44 76
7 76
76 77
35 85
35 66
35 99
30 35
35 76
81 85
66 81
81 99
30 81
76 81
44 81
48 81
7 81
35 81
5 85
5 66
5 99
5 30
5 76
5 81
5 44
5 48
5 7
5 77
5 35
47 85
47 66
47 99
30 47
47 76
47 81
5 47
85 93
66 93
93 99
30 93
76 93
81 93
5 93
44 93
48 93
7 93
47 93
77 93
35 93
31 85
31 66
31 99
30 31
31 76
31 81
5 31
31 93
31 44
76 84
81 84
5 84
44 84
48 84
7 84
47 84
35 84
77 84
31 84
8 85
8 66
8 99
8 30
8 76
8 81
5 8
8 93
8 44
8 84
14 48
7 14
14 35
14 47
14 77
8 14
52 85
52 66
52 99
30 52
52 76
52 81
5 52
52 93
44 52
52 84
14 52
22 85
22 66
22 99
22 30
22 76
22 81
5 22
22 93
22 44
22 84
14 22
22 48
7 22
22 77
22 47
22 35
22 31
29 85
29 66
29 99
29 30
29 76
29 81
5 29
29 93
29 44
29 84
14 29
22 29
48 59
7 59
35 59
47 59
59 77
15 85
15 66
15 99
15 30
15 76
15 81
5 15
15 93
15 44
15 84
14 15
15 22
15 59
17 85
17 66
17 99
17 30
17 76
17 81
5 17
17 93
17 44
17 84
14 17
17 22
17 59
17 48
7 17
17 47
17 35
17 77
17 29
15 17
17 52
17 31
8 17
85 98
66 98
98 99
30 98
76 98
81 98
5 98
93 98
44 98
84 98
14 98
22 98
59 98
17 98
8 98
77 98
27 99
5 27
27 93
27 44
14 27
27 59
17 27
27 48
7 27
27 47
27 35
15 27
27 29
27 31
27 52
27 98
85 95
66 95
95 99
30 95
76 95
81 95
5 95
93 95
44 95
84 95
14 95
22 95
59 95
17 95
8 95
77 95
27 95
16 66
16 81
5 16
16 93
16 84
16 17
8 16
16 27
16 48
7 16
16 35
16 47
16 52
16 31
16 29
15 16
16 95
16 98
10 85
10 66
10 99
10 30
10 76
10 81
5 10
10 93
10 44
10 84
10 14
10 22
10 59
10 17
8 10
10 77
10 27
10 16
45 48
7 45
35 45
45 47
45 52
15 45
29 45
31 45
45 98
45 95
85 87
66 87
87 99
30 87
76 87
81 87
5 87
87 93
44 87
84 87
14 87
22 87
59 87
17 87
8 87
77 87
27 87
16 87
45 87
48 87
64 76
64 81
5 64
64 93
44 64
22 64
8 64
64 77
45 64
48 64
7 64
47 64
35 64
52 64
29 64
31 64
15 64
33 64
39 85
39 66
39 99
30 39
39 76
39 81
5 39
39 93
39 44
39 84
14 39
22 39
39 59
17 39
8 39
39 77
27 39
73 76
5 73
73 93
44 73
73 84
22 73
17 73
73 77
45 73
48 73
7 73
35 73
47 73
29 73
15 73
31 73
52 73
73 98
73 95
5 34
34 44
14 34
34 59
17 34
34 77
16 34
34 73
2 16
2 48
2 7
2 35
2 47
2 52
2 29
2 31
2 15
2 98
2 95
5 94
93 94
44 94
22 94
17 94
77 94
45 94
73 94
2 94
33 94
8 88
77 88
16 88
73 88
2 88
40 85
40 66
40 99
30 40
40 76
5 40
40 93
40 44
40 84
22 40
8 40
27 40
40 45
40 73
40 64
7 40
40 47
35 40
31 40
15 40
29 40
40 52
55 85
55 66
55 99
30 55
55 76
55 81
5 55
44 55
14 55
22 55
17 55
55 77
16 55
48 55
2 55
40 55
60 85
60 66
60 99
60 81
5 60
44 60
14 60
22 60
8 60
60 77
16 60
48 60
2 60
60 64
60 88
7 60
35 60
47 60
56 85
56 66
56 99
30 56
56 76
56 81
5 56
56 93
44 56
56 84
14 56
22 56
17 56
56 77
16 56
56 73
2 56
33 56
56 60
8 32
32 77
16 32
32 48
2 32
32 33
32 88
7 32
32 35
32 47
78 85
66 78
78 99
30 78
76 78
78 81
5 78
44 78
78 84
22 78
8 78
77 78
27 78
48 78
2 78
64 78
60 78
32 78
7 78
8 46
46 77
16 46
46 48
46 64
40 46
46 88
80 99
80 81
80 93
44 80
80 84
22 80
8 80
27 80
16 80
48 80
64 80
40 80
80 88
7 80
35 80
47 80
86 88
80 86
7 86
17 20
20 27
20 45
20 48
20 73
20 64
20 60
20 32
7 20
38 85
38 66
38 99
30 38
38 76
38 81
5 38
38 93
38 44
38 84
14 38
22 38
38 59
17 38
8 38
38 77
27 38
16 38
38 45
38 48
2 38
33 38
38 60
38 80
38 56
20 38
85 90
66 90
90 99
30 90
76 90
81 90
5 90
90 93
44 90
84 90
14 90
22 90
59 90
17 90
8 90
27 90
45 90
73 90
64 90
40 90
88 90
32 90
56 90
46 90
23 60
23 80
7 23
23 46
23 52
18 44
18 22
8 18
18 27
18 45
18 48
2 18
18 40
18 88
18 32
7 18
18 20
18 23
18 47
44 74
22 74
8 74
74 77
48 74
73 74
64 74
40 74
60 74
32 74
56 74
7 74
74 90
47 74
35 74
5 67
44 67
67 84
22 67
17 67
27 67
16 67
48 67
64 67
40 67
60 67
67 80
56 67
20 67
23 67
33 75
75 80
56 75
20 75
75 90
16 43
43 48
43 73
40 43
43 60
32 43
43 56
7 43
43 46
43 75
43 47
6 85
6 66
6 99
6 30
6 76
6 81
5 6
6 93
6 44
6 84
6 14
6 22
6 59
6 17
6 8
6 77
6 27
6 16
6 45
6 48
6 64
6 40
6 33
6 32
6 56
6 20
6 23
6 75
6 43
6 86
65 73
40 65
60 65
32 65
65 80
20 65
65 90
47 65
65 74
65 86
65 94
8 9
9 27
9 16
9 48
9 64
9 40
9 88
9 80
9 56
9 46
9 90
9 47
9 74
9 65
49 99
49 81
5 49
44 49
14 49
22 49
17 49
49 77
45 49
48 49
2 49
33 49
49 60
49 80
49 56
20 49
46 49
47 49
49 74
49 65
49 52
66 72
72 99
72 76
72 81
5 72
44 72
72 84
22 72
17 72
72 77
45 72
48 72
2 72
33 72
60 72
32 72
7 72
46 72
72 90
72 75
72 74
72 86
49 72
51 85
51 66
51 99
30 51
51 76
51 81
5 51
51 93
44 51
51 84
14 51
51 59
51 77
27 51
16 51
51 73
51 64
40 51
51 88
51 80
51 56
46 51
51 90
47 51
51 74
51 86
49 51
51 55
5 79
44 79
79 84
17 79
8 79
77 79
16 79
48 79
73 79
33 79
60 79
32 79
7 79
46 79
79 90
75 79
43 79
65 79
49 79
51 79
6 79
35 79
39 79
44 61
22 61
8 61
27 61
16 61
48 61
2 61
33 61
61 88
32 61
56 61
7 61
46 61
47 61
61 74
61 86
49 61
69 85
66 69
69 99
30 69
69 76
69 81
5 69
44 69
69 84
59 69
8 69
27 69
16 69
48 69
2 69
40 69
60 69
69 80
7 69
46 69
69 90
69 75
69 74
69 86
63 85
63 66
63 99
30 63
63 76
63 81
5 63
63 93
44 63
63 84
14 63
22 63
63 77
27 63
45 63
48 63
63 73
63 64
60 63
32 63
56 63
20 63
63 90
47 63
43 63
63 86
24 43
24 74
24 63
24 51
4 85
4 66
4 99
4 30
4 76
4 81
4 5
4 93
4 44
4 84
4 14
4 22
4 59
4 17
4 8
4 77
4 27
4 16
4 45
4 48
4 73
4 33
4 88
4 32
4 80
4 20
4 90
4 75
4 43
4 86
4 63
4 69
4 55
36 85
36 66
36 99
30 36
36 76
5 36
36 93
36 44
14 36
36 59
17 36
27 36
36 48
36 73
2 36
36 64
36 88
36 80
36 56
20 36
36 90
36 47
36 74
36 65
36 49
36 69
4 36
35 36
36 78
36 61
36 95
36 79
44 97
59 97
8 97
77 97
16 97
73 97
2 97
40 97
88 97
60 97
56 97
46 97
23 97
90 97
47 97
86 97
63 97
69 97
6 97
17 26
26 77
26 45
26 48
26 64
26 33
26 88
26 32
7 26
26 46
26 90
26 75
26 43
26 74
26 49
26 69
4 26
26 78
26 35
49 68
51 68
26 68
35 68
68 78
68 94
85 91
66 91
91 99
30 91
76 91
81 91
5 91
91 93
44 91
84 91
14 91
59 91
8 91
77 91
16 91
73 91
64 91
40 91
33 91
32 91
56 91
7 91
23 91
47 91
43 91
65 91
63 91
51 91
4 91
35 91
0 91
91 94
85 96
66 96
96 99
30 96
76 96
81 96
5 96
93 96
44 96
84 96
14 96
22 96
59 96
17 96
8 96
27 96
45 96
48 96
2 96
64 96
88 96
32 96
80 96
20 96
23 96
75 96
43 96
65 96
49 96
51 96
6 96
35 96
78 96
94 96
91 96
95 96
15 96
67 96
38 96
3 64
3 40
3 88
3 80
3 7
3 20
3 90
3 47
3 43
3 86
3 63
3 51
3 4
3 35
3 39
3 61
3 91
3 79
3 15
3 96
3 31
50 85
50 66
50 99
30 50
50 76
50 81
5 50
44 50
50 84
22 50
8 50
27 50
16 50
48 50
50 64
33 50
50 60
32 50
50 56
46 50
50 90
50 75
50 74
50 65
50 63
50 51
6 50
0 50
39 50
50 61
50 95
50 79
50 97
50 96
24 50
3 50
44 53
53 59
8 53
53 77
48 53
53 73
2 53
40 53
53 88
53 80
7 53
20 53
53 90
53 75
47 53
53 86
49 53
53 69
6 53
35 53
53 78
39 53
53 94
53 95
53 97
53 96
53 87
3 53
14 70
22 70
17 70
70 77
16 70
48 70
70 73
33 70
70 88
32 70
56 70
7 70
23 70
70 75
70 74
70 86
63 70
69 70
4 70
35 70
0 70
61 70
70 94
70 95
70 97
31 70
24 70
53 70
8 42
42 77
42 45
42 48
2 42
33 42
42 88
42 80
42 56
20 42
23 42
42 47
42 74
42 86
42 65
42 69
6 42
26 42
42 78
42 61
42 94
42 95
42 97
42 67
31 42
3 42
23 83
75 83
43 83
74 83
63 83
51 83
4 83
26 83
39 83
61 83
83 91
83 95
83 97
67 83
83 87
3 83
42 83
11 44
11 59
11 17
11 27
11 45
11 48
2 11
11 40
11 33
11 32
7 11
11 20
11 23
11 47
11 74
11 65
11 49
11 69
6 11
11 35
0 11
11 39
11 91
11 79
11 15
11 67
11 31
3 11
11 42
11 98
85 92
66 92
92 99
30 92
76 92
81 92
5 92
92 93
44 92
84 92
14 92
59 92
17 92
27 92
45 92
73 92
2 92
33 92
60 92
80 92
56 92
46 92
23 92
90 92
43 92
86 92
49 92
51 92
4 92
26 92
0 92
61 92
92 94
92 95
15 92
67 92
31 92
53 92
42 92
11 92
19 85
19 66
19 99
19 30
19 76
19 81
5 19
19 93
19 44
19 84
14 19
19 22
19 59
17 19
8 19
19 77
19 27
16 19
19 45
19 48
19 73
19 40
19 88
19 80
7 19
19 20
19 46
19 75
19 43
19 65
19 63
19 51
6 19
19 35
19 78
19 61
19 94
19 95
19 97
19 96
19 87
19 24
19 53
54 85
54 66
54 99
30 54
54 76
54 81
5 54
54 93
44 54
54 84
14 54
54 59
8 54
54 77
45 54
48 54
54 64
40 54
54 60
32 54
7 54
20 54
23 54
54 75
54 74
54 86
49 54
51 54
6 54
26 54
54 78
39 54
54 91
54 79
54 97
31 54
24 54
3 54
42 54
36 54
1 90
1 47
1 43
1 65
1 63
1 69
1 6
1 26
0 1
1 39
1 94
1 79
1 97
1 31
1 87
1 53
1 54
1 98
1 18
12 85
12 66
12 99
12 30
12 76
12 81
5 12
12 93
12 44
12 84
12 14
12 22
8 12
12 77
12 16
12 73
12 64
12 40
12 88
12 32
12 56
12 20
12 46
12 90
12 43
12 86
12 63
12 51
4 12
12 26
0 12
12 39
12 94
12 15
12 97
12 67
12 87
12 53
12 42
12 54
12 18
82 85
66 82
82 99
30 82
76 82
5 82
82 93
44 82
22 82
59 82
17 82
77 82
16 82
48 82
2 82
40 82
60 82
80 82
7 82
20 82
46 82
82 90
43 82
65 82
49 82
69 82
6 82
35 82
78 82
39 82
82 91
82 95
67 82
82 96
82 87
3 82
54 82
82 98
18 82
82 83
21 23
21 75
21 47
21 86
21 49
21 69
6 21
21 26
21 78
21 39
21 91
21 79
15 21
21 96
21 87
3 21
21 54
21 98
19 21
21 82
21 68
21 92
21 55
21 38
21 70
28 85
28 66
28 99
28 30
28 76
28 81
5 28
28 93
28 44
28 84
14 28
17 28
28 77
27 28
28 45
28 48
2 28
28 64
28 33
28 32
28 56
20 28
23 28
28 90
28 74
28 65
28 49
28 51
6 28
28 35
0 28
28 94
28 91
28 79
15 28
28 67
24 28
3 28
28 42
11 28
19 28
28 82
28 68
37 44
22 37
17 37
27 37
37 48
37 73
2 37
33 37
37 88
32 37
7 37
37 46
23 37
37 75
37 43
37 65
37 63
37 69
4 37
26 37
37 78
37 39
37 94
37 79
37 97
37 96
31 37
37 53
37 54
11 37
19 37
37 82
41 73
33 41
41 60
32 41
41 56
41 46
41 90
41 75
41 74
41 86
41 49
41 69
6 41
0 41
41 78
39 41
41 94
41 79
41 97
31 41
41 87
41 53
41 54
11 41
18 41
12 41
41 55
41 70
10 41
25 30
25 81
5 25
25 44
14 25
22 25
8 25
25 77
25 45
25 48
25 64
25 40
25 33
25 32
7 25
20 25
25 90
25 75
25 74
25 65
25 49
25 69
4 25
25 26
25 78
25 39
25 94
25 95
15 25
25 96
25 87
24 25
25 53
11 25
19 25
25 82
25 41
25 92
25 29
48 57
57 73
2 57
33 57
57 60
57 80
7 57
20 57
23 57
57 90
57 74
57 65
49 57
51 57
4 57
35 57
0 57
57 94
57 91
57 95
15 57
57 67
31 57
24 57
53 57
11 57
19 57
57 82
57 68
37 57
13 85
13 66
13 99
13 30
13 76
13 81
5 13
13 44
13 84
13 22
8 13
13 27
13 45
13 48
2 13
13 40
13 60
13 80
7 13
13 20
13 90
13 75
13 47
13 65
13 63
13 69
4 13
13 26
0 13
13 61
13 94
13 79
13 97
13 96
13 24
3 13
13 42
13 98
13 19
13 82
13 41
13 55
13 57
13 38
13 70
62 85
62 66
62 76
5 62
62 93
44 62
22 62
59 62
8 62
62 77
27 62
62 73
2 62
62 64
62 88
32 62
56 62
46 62
23 62
47 62
43 62
62 65
49 62
62 69
6 62
35 62
62 78
61 62
62 95
15 62
62 67
62 96
62 87
24 62
42 62
11 62
19 62
12 62
62 68
37 62
29 62
57 62
62 83
62 72
44 58
58 59
17 58
58 77
45 58
58 73
58 64
40 58
58 88
58 80
7 58
20 58
58 90
58 75
43 58
58 86
58 63
58 69
4 58
26 58
58 78
39 58
58 94
58 95
58 97
31 58
58 87
53 58
54 58
58 98
11 58
12 58
58 68
58 92
55 58
57 58
58 83
58 62
10 58
34 58
1 58
58 72
66 89
89 99
81 89
5 89
89 93
44 89
22 89
17 89
8 89
27 89
16 89
48 89
2 89
40 89
88 89
32 89
56 89
20 89
89 90
47 89
74 89
86 89
49 89
51 89
4 89
0 89
78 89
39 89
89 95
79 89
15 89
31 89
87 89
53 89
54 89
89 98
18 89
82 89
41 89
37 89
57 89
83 89
70 89
62 89
36 89
71 85
66 71
71 99
30 71
71 76
5 71
71 93
44 71
71 84
17 71
8 71
71 77
16 71
48 71
64 71
33 71
71 88
71 80
7 71
46 71
23 71
71 75
71 74
65 71
63 71
69 71
6 71
26 71
71 78
61 71
71 91
71 95
15 71
67 71
24 71
3 71
53 71
54 71
11 71
12 71
41 71
71 92
57 71
38 71
71 83
36 71
10 71
9 71
21 71
71 72
71 89
50 71
1 89
58 89
9 89
72 89
52 58
13 62
9 62
34 62
36 62
13 25
13 34
1 13
13 52
13 72
9 13
50 57
52 57
57 70
25 57
28 57
25 83
25 28
9 25
25 50
1 25
25 34
10 25
37 41
36 41
9 41
29 41
41 83
37 92
37 72
37 83
36 37
37 70
28 37
1 37
37 38
28 29
28 70
28 52
28 72
28 34
28 36
21 28
28 50
10 21
21 34
21 50
9 21
21 52
10 82
52 82
12 82
29 82
82 92
12 36
9 12
1 12
12 38
12 72
12 68
12 50
12 34
1 68
1 29
1 83
1 70
1 36
1 10
1 9
54 68
54 55
10 54
9 54
19 54
18 19
9 19
19 55
19 92
19 29
19 38
10 19
68 92
50 92
38 92
29 92
10 92
9 92
55 92
11 29
11 83
11 70
10 11
11 68
18 83
55 83
38 83
9 83
34 83
42 98
42 52
42 70
9 42
34 42
38 42
29 42
18 42
18 70
68 70
29 70
50 70
10 70
9 70
53 68
34 53
50 53
53 72
50 98
18 50
50 55
38 50
34 50
50 52
50 72
3 29
3 36
3 72
3 9
3 55
3 52
36 96
52 96
96 98
31 96
55 96
9 96
10 96
91 98
15 91
79 91
68 91
87 91
24 91
31 91
18 91
10 91
52 91
29 91
72 91
68 79
67 68
31 68
68 87
18 68
68 72
34 68
52 68
55 68
10 26
18 26
26 94
26 98
26 95
26 87
26 97
26 52
0 26
9 26
0 97
39 97
94 97
15 97
52 97
34 97
31 97
36 97
97 98
18 97
29 97
24 36
36 98
18 36
29 36
36 38
36 52
10 36
36 72
4 39
4 9
4 10
4 18
4 24
4 6
4 95
4 61
4 31
4 98
4 87
24 35
0 24
24 61
24 79
15 24
24 67
24 87
24 34
9 24
24 38
10 24
18 24
24 98
63 98
29 63
55 63
63 87
38 63
10 63
34 63
63 78
31 63
0 63
63 67
63 69
35 63
69 78
15 69
61 69
69 98
0 69
29 69
18 69
39 69
31 69
35 61
61 78
9 61
61 95
55 61
18 61
61 79
61 98
61 67
61 72
61 87
15 61
31 61
79 95
55 79
79 87
18 79
79 98
15 79
52 79
6 51
34 51
51 87
51 67
51 95
10 51
51 94
51 52
38 51
9 51
51 72
6 72
35 72
72 78
72 95
15 72
67 72
31 72
72 98
18 72
29 72
38 72
9 49
18 49
49 95
49 94
39 49
15 49
35 49
9 78
9 94
9 15
9 67
9 55
35 65
65 78
31 65
0 65
39 65
65 67
34 65
6 65
6 29
6 34
6 67
6 52
0 6
6 38
6 94
6 15
43 86
43 98
43 87
10 43
43 78
34 43
38 43
43 55
43 95
0 43
43 52
34 75
0 75
15 75
47 75
52 75
75 95
75 87
10 75
67 75
75 98
67 74
35 67
0 67
67 94
67 95
10 67
67 87
34 67
29 67
18 67
39 74
74 94
18 74
31 74
29 74
74 98
18 86
0 18
18 87
18 98
18 52
18 34
23 35
23 34
23 94
23 47
23 95
23 87
23 39
23 55
15 23
10 23
23 29
23 31
23 90
78 90
38 90
90 98
55 90
38 47
38 86
35 38
0 38
38 39
38 94
38 95
15 38
31 38
38 98
38 55
38 52
10 38
20 86
20 46
0 20
20 87
20 34
20 55
20 52
20 29
46 86
47 86
55 86
86 87
10 86
86 95
15 86
29 86
52 86
55 80
80 98
39 80
80 94
46 80
80 95
31 80
34 80
10 80
7 46
46 47
46 78
46 95
39 46
35 46
31 46
46 98
10 46
46 94
0 46
47 78
35 78
15 78
52 78
55 78
78 95
31 78
32 52
32 87
29 32
15 32
32 56
7 56
35 56
47 56
29 56
15 56
34 56
56 98
0 56
55 56
52 56
29 60
60 87
60 95
55 60
34 60
52 60
60 98
15 60
31 60
0 60
35 55
55 94
15 55
55 87
55 98
52 55
34 55
29 55
40 95
33 40
40 88
40 98
7 88
47 88
35 88
52 88
29 88
31 88
15 88
88 94
10 88
39 88
7 94
47 94
39 94
34 94
2 10
2 34
33 34
34 35
0 34
34 39
34 95
34 98
29 34
34 52
33 73
39 73
39 64
33 39
7 39
39 47
35 39
0 39
29 39
10 39
39 52
64 98
64 95
64 87
33 87
7 87
0 87
31 87
29 87
52 87
10 45
10 48
10 33
7 10
0 10
10 15
10 31
10 29
10 52
48 95
7 95
31 95
27 33
48 98
0 98
31 98
52 98
17 33
8 15
15 77
15 48
15 33
7 15
15 47
0 15
15 29
29 59
52 59
8 59
31 59
8 29
29 77
29 48
29 33
29 47
29 35
0 29
8 22
22 52
8 52
52 77
48 52
33 52
14 31
14 33
8 48
7 8
8 35
8 47
8 77
8 31
8 33
33 84
31 77
31 48
31 33
7 31
31 47
31 35
33 93
44 47
47 77
47 48
33 47
7 47
35 47
5 33
77 81
33 81
35 44
35 77
35 48
33 35
7 35
33 76
44 77
48 77
7 77
33 77
30 33
7 44
7 48
7 33
33 99
44 48
33 44
48 66
33 66
33 85
0 33
