100 2475
87 95
3 95
37 87
3 37
1 87
1 3
1 95
1 37
15 87
3 15
1 15
74 87
1 74
74 95
37 74
15 74
32 87
3 32
1 32
32 74
72 87
1 72
72 95
37 72
15 72
32 72
6 87
3 6
1 6
6 74
6 72
39 95
15 39
37 39
32 39
8 87
3 8
1 8
8 74
8 72
8 39
14 87
3 14
1 14
14 74
14 72
14 39
14 95
14 15
14 37
14 32
6 14
8 14
79 87
3 79
1 79
74 79
72 79
39 79
14 79
55 95
15 55
37 55
32 55
8 55
6 55
21 87
3 21
1 21
21 74
21 72
21 39
14 21
21 55
21 32
45 87
45 95
15 45
37 45
8 45
6 45
84 87
3 84
1 84
74 84
72 84
39 84
14 84
55 84
32 84
45 84
9 95
9 15
9 37
8 9
6 9
9 21
9 79
9 84
56 87
3 56
1 56
56 74
56 72
39 56
14 56
55 56
32 56
45 56
9 56
77 87
77 95
37 77
15 77
6 77
8 77
77 79
77 84
21 77
56 77
61 87
3 61
1 61
61 74
61 72
39 61
14 61
55 61
32 61
45 61
9 61
61 77
2 87
2 3
1 2
2 74
2 72
2 39
2 14
2 55
2 32
2 45
2 9
2 77
2 95
2 37
2 15
2 6
2 8
2 79
2 21
2 84
2 61
2 56
78 87
3 78
1 78
74 78
72 78
39 78
14 78
55 78
32 78
45 78
9 78
77 78
2 78
47 87
1 47
47 72
14 47
32 47
45 47
47 77
47 95
37 47
15 47
8 47
6 47
21 47
47 79
47 84
47 56
47 61
47 78
69 87
3 69
1 69
69 74
69 72
39 69
14 69
55 69
32 69
45 69
9 69
69 77
2 69
47 69
87 90
1 90
72 90
14 90
32 90
9 90
77 90
2 90
90 95
37 90
15 90
8 90
6 90
79 90
21 90
84 90
56 90
61 90
69 90
78 90
30 87
3 30
1 30
30 74
30 72
30 39
14 30
30 55
30 32
30 45
9 30
30 77
2 30
30 47
30 90
87 92
3 92
1 92
74 92
72 92
39 92
14 92
55 92
32 92
45 92
9 92
77 92
2 92
47 92
90 92
92 95
15 92
37 92
8 92
6 92
79 92
21 92
84 92
56 92
61 92
78 92
69 92
33 87
3 33
1 33
33 74
33 72
33 39
14 33
33 55
32 33
33 45
9 33
33 77
2 33
33 47
33 90
33 92
33 79
32 35
2 35
35 90
35 79
35 95
15 35
35 37
6 35
8 35
35 84
21 35
35 56
35 61
35 69
35 78
62 92
35 62
94 95
15 94
37 94
8 94
6 94
84 94
21 94
56 94
61 94
78 94
69 94
12 87
1 12
12 74
12 72
12 14
12 55
12 32
9 12
12 77
12 47
12 90
12 35
12 94
48 87
1 48
14 48
32 48
2 48
47 48
48 92
48 79
48 94
48 95
15 48
37 48
8 48
6 48
48 84
21 48
48 61
48 56
43 92
43 79
43 48
17 87
3 17
1 17
17 74
17 72
17 39
14 17
17 55
17 32
17 45
17 77
17 47
17 90
17 79
36 95
15 36
36 37
6 36
8 36
21 36
36 84
36 61
36 56
36 69
36 78
51 87
1 51
51 74
51 72
14 51
51 55
32 51
45 51
51 77
2 51
51 92
35 51
36 51
48 51
87 98
3 98
1 98
74 98
72 98
14 98
55 98
32 98
45 98
9 98
77 98
2 98
92 98
79 98
94 98
17 98
84 98
95 98
37 98
15 98
6 98
8 98
21 98
61 98
56 98
36 60
48 60
60 98
83 84
83 95
15 83
37 83
8 83
6 83
21 83
56 83
4 87
3 4
1 4
4 74
4 72
4 14
4 32
4 45
4 77
2 4
4 92
4 79
4 94
4 48
4 83
23 87
3 23
1 23
23 74
23 72
23 39
14 23
23 55
23 32
9 23
23 77
23 90
23 92
23 35
23 94
17 23
23 98
23 95
23 37
15 23
6 23
8 23
21 23
41 90
35 41
41 94
41 48
41 84
23 41
42 87
32 42
42 77
2 42
42 90
42 79
42 94
42 48
42 98
36 93
17 93
84 93
83 93
93 95
37 93
15 93
6 93
8 93
21 93
76 87
3 76
1 76
74 76
72 76
14 76
32 76
45 76
2 76
47 76
76 92
76 79
76 94
17 76
76 83
76 93
31 87
3 31
1 31
31 74
31 72
14 31
31 55
31 32
31 45
31 77
2 31
31 47
31 92
31 79
31 36
17 31
31 83
23 31
31 93
31 95
31 37
15 31
6 31
8 31
21 31
87 88
1 88
14 88
32 88
77 88
2 88
88 92
35 88
88 94
17 88
84 88
23 88
31 88
42 88
61 88
26 87
26 32
26 92
26 35
26 94
26 48
26 84
23 26
26 93
26 42
15 26
26 37
53 87
1 53
53 74
53 72
14 53
53 55
32 53
45 53
2 53
47 53
53 90
53 79
36 53
48 53
53 84
53 93
42 53
53 95
26 53
53 88
71 87
32 71
71 90
35 71
36 71
17 71
71 84
71 83
31 71
42 71
38 87
3 38
1 38
38 74
38 72
14 38
38 55
32 38
38 45
38 77
2 38
38 47
38 90
35 38
36 38
17 38
38 98
38 93
38 42
38 61
15 38
37 38
8 38
6 38
33 38
87 91
3 91
1 91
74 91
72 91
14 91
55 91
32 91
45 91
9 91
2 91
47 91
90 91
79 91
36 91
17 91
91 98
23 91
42 91
91 95
38 91
88 91
37 89
15 89
54 92
54 79
36 54
48 54
54 84
23 54
42 54
54 61
38 54
26 54
54 89
30 54
81 90
79 81
81 94
48 81
81 84
23 81
31 81
81 95
38 81
81 88
49 87
3 49
1 49
49 74
14 49
49 55
32 49
45 49
49 77
47 49
49 92
35 49
49 94
48 49
49 84
23 49
31 49
49 95
26 49
49 88
37 49
15 49
49 78
4 49
30 49
66 87
1 66
66 72
14 66
32 66
45 66
66 77
47 66
66 90
66 79
66 94
66 84
66 98
23 66
66 93
61 66
38 66
49 66
66 89
30 66
66 81
40 87
1 40
40 72
14 40
32 40
40 45
40 77
40 47
40 90
40 79
40 94
17 40
40 84
40 83
31 40
40 61
38 40
26 40
40 89
30 40
40 81
37 40
15 40
85 98
23 85
42 85
61 85
38 85
85 88
71 85
30 85
81 85
40 85
82 87
3 82
1 82
74 82
72 82
39 82
14 82
55 82
32 82
45 82
9 82
77 82
2 82
47 82
82 90
82 92
79 82
35 82
82 94
17 82
82 84
82 93
42 82
82 95
61 82
26 82
82 89
64 87
1 64
14 64
32 64
64 77
47 64
64 92
35 64
64 94
17 64
64 83
23 64
64 93
42 64
38 64
64 88
64 89
15 64
37 64
64 82
86 92
79 86
35 86
17 86
86 98
86 93
31 86
86 95
38 86
26 86
71 86
64 86
42 59
59 95
38 59
49 59
59 89
30 59
15 59
37 59
51 59
12 59
19 92
19 79
19 36
19 48
19 84
19 23
19 31
19 42
19 61
19 88
19 49
19 64
19 59
29 87
3 29
1 29
29 74
29 72
29 39
14 29
29 55
29 32
29 45
9 29
29 77
2 29
29 47
29 90
29 92
29 79
29 35
29 94
29 48
29 84
29 83
29 31
29 95
29 38
26 29
29 71
29 64
29 59
29 81
15 29
29 37
25 87
1 25
14 25
25 32
2 25
25 47
25 90
25 79
25 36
17 25
25 98
25 83
25 93
25 61
25 26
25 49
25 89
25 64
25 81
25 29
46 90
46 79
46 94
46 48
46 84
23 46
42 46
46 95
26 46
46 49
46 71
30 46
46 64
29 46
46 82
0 46
65 84
65 83
65 93
65 95
61 65
26 65
65 71
64 65
59 65
40 65
46 65
44 87
1 44
32 44
44 47
44 92
35 44
36 44
17 44
44 98
44 83
44 93
44 95
44 61
26 44
44 89
44 64
44 59
29 44
44 46
4 44
22 87
1 22
22 74
14 22
22 32
22 45
22 77
22 47
22 92
22 35
22 36
17 22
22 98
22 83
22 31
22 95
22 61
22 49
22 71
22 64
22 81
22 29
22 46
22 44
22 41
67 98
67 93
31 67
42 67
38 67
67 88
49 67
67 71
67 81
29 67
46 67
44 67
22 67
6 67
60 67
34 87
3 34
1 34
34 74
34 72
34 39
14 34
34 55
32 34
34 45
2 34
34 47
34 90
34 79
34 36
17 34
34 84
34 83
34 93
34 95
34 38
26 34
34 89
34 71
34 59
29 34
34 82
4 34
70 87
1 70
14 70
55 70
32 70
45 70
2 70
47 70
70 79
35 70
36 70
17 70
70 84
70 83
31 70
70 95
61 70
70 88
70 71
64 70
70 81
29 70
46 70
44 70
70 76
11 84
11 23
11 93
11 95
11 38
11 88
11 89
11 71
11 81
11 40
11 46
11 70
8 11
6 11
11 67
73 87
3 73
1 73
73 74
72 73
14 73
55 73
32 73
45 73
9 73
73 77
47 73
73 92
35 73
36 73
17 73
73 98
73 83
31 73
73 95
61 73
73 88
73 89
30 73
59 73
40 73
73 82
44 73
70 73
8 73
60 73
73 78
33 73
52 92
52 79
52 94
48 52
52 98
52 83
42 52
52 95
38 52
49 52
52 71
52 64
52 59
52 81
46 52
4 52
52 70
8 52
52 73
52 56
15 52
52 85
28 98
28 83
28 31
28 95
28 61
26 28
28 49
28 64
28 81
28 40
28 82
4 28
22 28
6 28
28 60
28 56
15 28
28 85
11 28
21 28
28 76
0 28
12 28
58 87
1 58
14 58
55 58
32 58
9 58
2 58
47 58
58 90
58 79
35 58
58 84
58 98
58 83
31 58
58 61
38 58
26 58
49 58
30 58
58 81
29 58
46 58
44 58
22 58
6 58
58 60
56 58
15 58
54 58
28 58
94 96
48 96
96 98
23 96
93 96
95 96
61 96
88 96
49 96
30 96
64 96
29 96
82 96
4 96
70 96
6 96
60 96
56 96
24 31
24 95
24 61
24 88
24 71
24 30
24 81
24 40
4 24
24 44
24 70
6 24
24 60
15 24
13 87
1 13
13 74
13 14
13 32
13 45
13 77
13 47
13 92
13 35
13 36
13 48
13 98
13 83
13 31
13 95
13 38
13 88
13 49
13 30
13 59
13 29
13 82
4 13
13 22
8 13
13 60
13 56
13 24
13 54
75 87
3 75
1 75
74 75
72 75
39 75
14 75
55 75
32 75
45 75
2 75
47 75
75 90
75 79
36 75
48 75
75 98
75 83
31 75
42 75
61 75
75 88
71 75
30 75
59 75
29 75
46 75
4 75
8 75
6 75
67 75
73 75
24 75
75 85
28 75
27 87
3 27
1 27
27 74
27 72
14 27
27 32
9 27
27 77
27 90
27 92
27 79
27 94
17 27
27 98
27 93
27 42
27 95
27 38
26 27
27 89
27 30
27 59
27 40
27 46
4 27
27 70
8 27
27 67
15 27
24 27
27 54
27 75
27 96
27 58
68 87
1 68
32 68
47 68
68 92
35 68
68 94
17 68
68 84
23 68
68 93
68 95
38 68
26 68
49 68
68 71
59 68
40 68
68 82
44 68
68 70
8 68
67 68
68 73
24 68
54 68
12 68
68 96
58 68
87 99
1 99
32 99
2 99
92 99
79 99
35 99
48 99
83 99
23 99
42 99
95 99
61 99
88 99
49 99
64 99
59 99
40 99
46 99
4 99
70 99
6 99
67 99
56 99
24 99
85 99
75 99
12 99
58 99
68 99
43 99
36 50
48 50
50 98
50 83
31 50
50 95
50 61
50 88
50 71
30 50
50 59
29 50
50 82
4 50
22 50
8 50
50 67
50 73
15 50
50 85
50 75
12 50
50 58
50 76
43 50
16 87
3 16
1 16
16 74
16 72
16 39
14 16
16 55
16 32
16 45
9 16
16 77
2 16
16 47
16 92
16 79
16 36
16 48
16 98
16 23
16 42
16 95
16 61
16 26
16 71
16 30
16 59
16 40
16 82
16 44
16 22
8 16
16 67
16 56
15 16
16 54
16 28
12 16
7 87
3 7
1 7
7 74
7 72
7 39
7 14
7 55
7 32
7 45
7 9
7 77
2 7
7 90
7 79
7 35
7 94
7 48
7 84
7 23
7 93
7 95
7 26
7 49
7 89
7 71
7 64
7 40
7 82
4 7
7 22
7 8
7 60
7 73
7 15
7 54
7 75
7 96
94 97
17 97
97 98
83 97
93 97
95 97
26 97
49 97
89 97
64 97
81 97
29 97
82 97
44 97
22 97
60 97
67 97
73 97
15 97
54 97
28 97
12 97
7 97
68 97
52 97
50 97
20 87
3 20
1 20
20 74
20 72
20 39
14 20
20 55
20 32
20 45
9 20
20 77
2 20
20 47
20 90
20 35
20 36
20 48
20 84
20 93
20 31
20 95
20 38
20 26
20 71
20 64
20 59
20 40
20 82
4 20
20 22
20 60
20 67
20 56
15 20
20 54
20 75
12 20
7 20
20 76
20 52
20 69
20 62
20 86
13 20
20 97
20 99
20 27
18 87
1 18
18 74
18 72
14 18
18 55
18 32
18 45
2 18
18 90
18 92
18 79
18 48
17 18
18 84
18 23
18 31
18 95
18 26
18 88
18 71
18 30
18 59
18 40
18 82
4 18
18 22
6 18
18 67
18 56
15 18
18 85
18 28
18 96
18 58
18 76
18 52
18 69
18 20
31 57
57 95
57 61
57 88
49 57
57 64
57 81
40 57
46 57
44 57
22 57
6 57
57 60
57 73
24 57
54 57
57 75
12 57
7 57
57 76
43 57
50 57
20 57
57 65
34 57
37 57
21 57
18 57
57 86
53 57
0 57
10 87
1 10
10 74
10 72
10 14
10 55
10 32
9 10
2 10
10 47
10 92
10 79
10 94
10 17
10 83
10 93
10 31
10 42
10 61
10 26
10 71
10 30
10 81
10 29
10 82
4 10
10 70
8 10
10 60
10 73
10 24
10 85
10 75
10 96
10 58
10 68
10 52
10 50
10 16
10 57
10 91
10 37
63 87
1 63
63 72
14 63
32 63
45 63
2 63
47 63
63 79
35 63
48 63
17 63
63 98
63 83
63 93
61 63
26 63
63 88
63 71
63 64
59 63
40 63
63 82
4 63
22 63
8 63
63 67
63 73
24 63
63 85
63 75
12 63
58 63
63 68
43 63
50 63
20 63
16 63
63 91
63 99
37 63
34 63
27 63
63 65
5 87
3 5
1 5
5 74
5 72
5 39
5 14
5 55
5 32
5 45
5 77
2 5
5 90
5 79
5 35
5 48
5 84
5 23
5 93
5 42
5 38
5 88
5 89
5 64
5 81
5 29
5 82
5 44
5 70
5 6
5 67
5 56
5 15
5 85
5 75
5 96
5 7
5 68
5 52
5 69
5 62
5 16
5 53
5 99
5 63
5 21
5 97
5 33
5 78
5 86
5 25
5 18
5 51
5 11
19 63
63 66
10 63
41 63
13 63
10 19
10 51
10 86
10 13
10 18
10 66
10 34
10 78
10 41
25 57
57 91
11 57
19 57
18 91
18 53
18 33
18 86
18 78
0 18
18 34
80 87
32 80
80 90
35 80
36 80
80 84
80 98
23 80
80 93
80 95
61 80
80 88
80 89
64 80
80 81
40 80
4 80
44 80
22 80
6 80
60 80
56 80
24 80
54 80
75 80
12 80
7 80
76 80
52 80
50 80
62 80
16 80
53 80
80 99
33 80
80 97
51 80
11 80
0 80
21 80
34 80
66 80
27 80
18 80
18 65
18 27
19 20
20 25
20 33
20 34
20 53
16 97
53 97
97 99
19 97
66 97
51 97
27 97
21 97
78 97
86 97
25 97
7 41
7 66
0 7
7 65
7 69
7 51
7 62
7 13
7 91
7 11
7 78
7 16
7 53
16 76
16 43
16 50
16 62
16 99
16 33
16 66
16 27
16 78
13 16
16 41
16 51
50 99
50 51
37 50
50 78
50 69
33 50
19 50
50 62
27 50
91 99
0 99
25 99
86 99
27 99
33 99
66 99
19 99
19 68
43 68
25 68
27 68
65 68
37 68
62 68
68 69
68 76
66 68
0 68
21 68
27 43
27 91
27 33
27 86
27 78
13 27
27 34
27 41
43 75
75 91
65 75
75 78
41 75
75 96
13 75
19 75
34 75
13 96
13 76
13 52
13 69
13 53
13 37
13 19
13 86
0 13
13 21
13 66
13 41
13 25
24 33
24 53
24 51
12 24
24 86
21 24
19 24
24 54
24 37
24 76
24 96
0 24
24 25
54 96
37 96
51 96
65 96
86 96
58 96
53 96
91 96
41 96
78 96
76 96
11 96
33 96
58 76
21 58
19 58
43 58
25 58
53 58
52 58
58 86
37 58
34 58
33 58
28 53
28 33
28 69
28 66
28 51
28 62
25 28
28 52
28 37
28 86
12 52
52 76
37 52
52 86
52 69
52 62
52 66
21 52
33 52
52 65
52 53
73 85
69 73
19 73
12 73
41 73
73 91
0 73
54 73
11 73
15 73
51 73
73 86
11 15
11 54
11 76
11 43
11 69
11 62
11 53
11 37
11 33
11 51
11 41
0 11
11 65
11 78
11 25
11 34
70 78
69 70
51 70
54 70
12 70
70 86
70 91
33 70
53 70
34 70
19 70
6 70
66 70
0 70
70 85
8 34
34 67
34 56
15 34
34 85
12 34
34 76
34 43
34 69
34 53
34 37
19 34
34 86
21 34
34 41
66 67
51 67
67 91
0 67
21 67
67 86
54 67
25 67
62 67
19 67
22 60
22 56
21 22
8 22
22 37
22 25
15 22
22 62
22 43
22 69
22 78
22 76
44 54
44 60
41 44
44 86
44 53
43 44
0 44
44 65
44 51
44 66
6 44
15 44
12 44
25 44
8 65
6 65
60 65
56 65
15 65
54 65
65 69
62 65
53 65
37 65
33 65
51 65
65 78
0 65
21 65
65 66
25 65
43 46
46 86
46 51
46 78
12 46
21 46
33 46
15 46
4 46
8 46
37 46
46 62
25 46
6 46
8 25
25 56
25 85
12 25
25 43
25 69
25 91
19 25
0 25
21 25
25 66
25 41
29 62
29 82
0 29
21 29
29 53
19 29
6 29
29 33
29 43
12 29
8 29
19 82
4 19
6 19
19 85
12 19
19 43
19 53
19 33
19 21
19 41
19 86
0 59
59 86
8 59
21 59
59 82
56 59
59 69
59 60
4 59
40 86
6 86
54 86
76 86
69 86
53 86
21 86
66 86
64 76
8 64
64 69
53 64
56 64
41 64
64 91
64 81
15 82
37 82
56 82
66 82
69 82
82 85
82 91
54 82
76 82
53 82
60 82
4 85
8 85
60 85
15 85
85 91
62 85
76 85
69 85
21 85
0 85
33 85
66 85
12 85
40 54
40 51
40 91
40 56
40 78
40 69
40 76
40 60
40 66
4 40
6 66
56 66
15 66
12 66
66 69
62 66
53 66
51 66
41 66
12 49
33 49
0 49
6 49
49 60
49 81
49 56
21 49
43 49
49 51
30 81
37 81
15 81
43 81
53 81
76 81
54 81
6 81
62 81
33 81
78 81
41 81
8 54
54 78
37 54
53 54
41 54
43 54
54 91
51 54
12 89
89 91
62 89
6 89
41 89
76 89
60 89
33 89
71 91
4 91
6 91
76 91
43 91
69 91
62 91
37 91
0 91
78 91
51 91
41 91
21 91
38 78
38 51
21 38
38 69
38 71
4 38
38 41
38 56
38 76
26 71
37 71
15 71
4 71
0 71
30 71
71 78
53 71
8 71
69 71
43 71
8 53
53 60
53 56
43 53
33 53
26 62
0 26
8 26
26 30
6 26
26 60
26 76
26 88
37 88
15 88
41 88
51 88
21 88
56 88
62 88
69 88
43 88
8 88
31 78
4 31
31 43
31 61
31 76
31 60
31 42
76 95
6 76
60 76
56 76
33 76
76 78
41 76
51 76
42 93
56 93
30 93
33 93
51 93
42 95
37 42
15 42
8 42
6 42
0 42
41 42
21 42
42 69
12 42
42 62
4 42
42 51
42 78
41 95
30 41
4 41
8 41
41 60
15 41
41 43
41 69
41 62
37 41
41 51
23 56
23 69
23 33
4 23
23 61
23 62
23 30
0 23
12 23
4 30
4 33
4 62
4 37
4 8
4 21
4 56
61 83
43 83
51 83
60 83
78 83
60 95
30 60
8 60
43 60
60 69
56 60
12 60
37 60
15 60
30 98
51 98
33 98
69 98
30 51
6 51
43 51
51 62
37 51
33 51
0 51
17 36
33 36
30 36
17 95
15 17
17 37
6 17
8 17
17 84
17 21
17 61
17 56
17 33
17 43
17 78
17 30
17 62
43 84
43 95
43 61
6 43
43 56
15 43
12 43
0 43
43 78
48 78
48 69
0 48
12 48
12 84
12 95
12 61
12 30
8 12
12 62
0 12
12 69
12 21
0 94
62 94
62 84
62 95
30 62
6 62
56 62
15 62
21 62
0 62
37 62
62 78
30 35
33 35
33 95
30 33
8 33
33 56
33 78
0 33
30 92
30 79
30 95
30 37
15 30
0 30
30 78
21 30
6 30
0 90
69 79
69 84
61 69
8 69
15 69
0 69
21 69
78 79
78 84
6 78
56 78
15 78
37 78
21 78
0 78
0 2
61 79
61 84
61 95
15 61
37 61
8 61
6 61
56 61
0 77
56 79
56 84
8 56
37 56
21 56
79 84
84 95
15 84
37 84
8 84
6 84
21 84
0 84
21 45
45 79
21 79
21 95
6 21
21 37
55 79
32 79
79 95
15 79
37 79
6 79
8 79
0 79
8 32
8 95
8 37
6 39
6 32
6 95
6 15
0 6
32 95
15 32
32 37
0 32
15 95
37 95
0 37
0 95
0 87
