100 495
16 70
13 16
70 90
13 90
16 91
90 91
70 76
76 91
13 76
16 31
31 90
31 76
31 75
70 84
84 91
13 84
10 16
10 76
10 84
70 87
16 96
87 96
71 96
32 71
40 76
40 87
54 70
15 54
15 31
15 39
33 39
60 84
16 35
35 90
35 75
35 70
13 35
35 91
35 63
63 87
63 77
10 92
3 51
75 80
35 80
51 80
49 51
24 49
49 97
16 62
62 90
25 70
13 25
25 91
25 62
8 16
8 90
8 25
57 70
16 29
29 57
29 54
1 91
16 83
83 90
76 83
75 83
83 84
83 87
77 83
1 83
20 74
25 43
43 57
43 77
31 43
43 74
54 72
4 72
72 73
60 72
16 37
35 37
37 77
24 37
19 37
11 16
11 87
11 51
1 11
11 74
11 44
11 80
78 94
60 78
29 78
10 52
30 52
52 61
8 61
61 86
43 86
86 93
7 86
7 30
7 93
45 84
45 57
31 99
45 99
58 99
31 58
1 58
19 56
56 94
16 85
35 85
77 85
31 85
19 85
56 85
37 85
0 85
79 80
0 79
23 79
7 79
28 73
28 44
27 74
27 44
27 83
27 46
50 99
4 50
50 73
50 56
27 50
8 50
2 76
2 35
2 77
2 24
2 97
69 80
75 81
35 81
54 81
31 81
81 94
69 81
37 81
0 81
33 81
81 91
48 74
48 69
37 48
8 48
33 48
48 91
45 48
10 48
48 58
48 81
68 83
17 52
17 78
17 67
54 95
31 95
19 95
21 33
12 75
12 35
12 54
12 31
12 97
12 21
12 27
19 41
41 56
29 41
12 41
17 41
20 41
13 41
11 41
26 94
26 60
9 20
9 91
8 9
22 71
22 31
19 22
22 56
9 22
22 78
3 22
22 63
22 28
22 58
10 22
1 14
14 56
14 80
0 14
14 40
14 20
14 45
29 59
12 59
5 23
52 89
64 89
5 89
89 95
13 89
89 93
10 89
14 89
65 74
60 65
27 65
0 65
5 65
65 95
65 85
58 65
40 82
20 82
34 61
34 82
34 49
34 59
65 82
81 82
15 82
38 74
21 38
29 38
38 62
38 83
38 63
83 98
46 98
58 98
6 37
6 50
6 83
6 98
6 85
6 59
6 42
41 42
6 79
15 98
38 98
38 65
38 79
2 38
5 59
5 58
5 28
33 36
30 36
36 59
18 36
36 43
36 72
59 93
14 59
14 22
9 13
9 45
9 26
66 74
60 66
9 66
12 66
40 66
47 80
47 78
23 47
47 91
47 66
47 61
47 95
47 63
13 66
66 67
66 68
66 72
26 50
17 26
18 26
26 45
26 70
26 67
26 41
53 74
53 56
37 53
12 53
40 53
46 53
43 53
53 70
53 68
53 93
12 83
12 33
12 43
13 21
21 95
21 83
27 95
64 95
3 95
67 95
49 95
28 67
67 72
13 17
17 18
17 40
18 68
2 18
18 28
68 81
85 88
68 88
72 88
43 88
49 81
2 69
32 69
69 96
69 91
20 69
2 44
2 50
2 40
2 13
2 30
2 32
50 58
46 50
32 50
33 46
46 63
32 46
15 46
27 70
27 28
8 28
28 96
28 79
30 79
23 85
15 23
20 23
20 85
11 85
56 58
3 56
8 58
32 58
4 45
19 45
10 55
49 55
29 55
45 55
45 62
3 45
7 45
45 96
7 13
49 93
86 91
86 96
43 61
61 70
30 61
52 63
30 64
30 96
64 78
15 64
63 64
78 96
11 78
78 91
11 83
11 91
10 11
11 32
37 44
44 70
8 44
29 44
33 37
37 49
37 72
62 72
33 72
72 96
29 73
40 73
32 73
73 94
63 73
13 94
94 96
40 94
43 94
60 94
43 80
32 43
19 74
19 83
10 19
10 83
1 29
1 3
1 70
29 32
29 40
15 29
8 57
13 57
8 54
4 8
8 97
8 10
8 70
35 62
54 62
4 62
62 97
60 62
62 80
40 62
49 62
3 62
13 62
91 97
60 97
80 97
3 49
15 49
24 80
24 96
13 24
24 31
10 24
3 80
80 96
3 92
3 32
3 63
60 92
63 92
60 63
63 96
33 35
35 60
60 71
15 60
15 70
40 54
4 40
4 32
4 70
87 91
31 87
10 87
13 87
10 20
31 84
31 33
20 31
75 91
77 91
70 91
13 75
70 75
70 77
33 70
33 75
33 77
20 77
0 20
