100 495
44 52
44 57
51 52
51 57
7 44
7 51
35 52
36 44
36 51
35 36
4 44
4 51
4 52
44 62
4 62
52 54
54 62
54 99
4 91
75 91
47 52
32 47
19 52
19 62
4 97
19 97
40 62
46 54
11 52
31 44
31 51
31 47
11 31
31 40
31 91
15 40
8 98
46 98
62 98
97 98
15 98
65 72
65 98
4 95
11 95
75 95
91 95
93 95
44 45
45 51
35 45
4 45
45 47
11 45
45 60
45 72
4 89
19 89
40 89
4 20
11 20
20 60
20 81
40 50
20 50
50 93
50 62
44 61
4 61
54 61
61 75
61 72
20 61
15 61
58 97
28 58
4 21
21 75
21 60
21 91
21 58
21 39
21 61
42 85
16 60
16 20
79 84
73 79
36 73
44 55
4 55
54 55
55 75
55 60
55 89
15 55
55 73
55 85
50 55
55 99
33 68
6 47
6 11
6 60
6 91
6 93
6 39
6 31
6 33
6 46
61 83
6 83
12 79
12 67
9 60
9 72
9 93
9 87
45 87
32 87
65 87
1 47
1 19
1 60
1 20
1 15
1 67
1 70
5 15
53 72
20 53
53 58
52 53
47 80
19 80
40 80
80 91
53 80
67 80
58 74
39 74
15 59
59 62
59 74
23 85
7 23
23 97
29 75
29 91
29 89
29 73
29 74
23 29
29 81
21 29
30 31
30 50
30 45
30 77
17 30
17 82
17 57
17 36
17 33
17 28
30 95
31 37
37 61
30 37
14 74
6 14
14 37
14 33
2 51
2 35
2 47
2 19
2 60
2 91
2 89
2 39
2 85
2 5
2 99
2 14
2 46
2 7
25 80
6 25
85 86
6 86
86 92
3 70
3 42
3 99
3 21
15 18
18 62
18 61
5 18
18 99
3 18
13 89
13 39
13 74
5 13
13 81
34 89
34 67
31 34
6 34
27 80
66 80
15 24
24 67
24 80
24 66
24 92
3 24
24 29
24 52
63 79
53 63
9 63
23 63
63 81
3 63
8 63
24 63
18 63
25 63
15 88
53 88
70 88
50 88
88 99
76 89
62 76
70 76
59 76
12 76
9 96
66 96
37 96
38 96
83 96
8 96
95 96
76 96
76 88
0 76
76 77
76 82
77 88
24 88
10 12
10 45
49 56
16 56
10 49
0 49
12 41
14 41
41 49
41 55
8 26
26 41
26 95
26 82
32 41
7 10
43 85
43 50
37 43
38 43
43 46
28 43
10 43
43 82
10 88
16 88
27 66
61 71
66 71
37 71
45 71
33 71
8 71
1 71
7 71
0 66
66 84
66 95
27 81
27 46
8 27
27 84
27 34
27 65
21 34
34 57
13 34
16 34
32 34
13 69
13 86
36 64
64 86
32 64
13 64
65 90
55 90
90 95
13 90
32 69
69 97
18 69
18 28
29 78
78 83
18 78
33 78
3 86
36 48
48 55
25 48
48 86
82 86
52 92
25 92
25 36
25 97
2 25
2 84
14 28
7 14
37 97
30 32
29 77
57 77
46 77
29 82
16 23
23 59
23 81
59 99
36 59
32 59
5 59
28 59
74 80
74 99
45 74
74 82
36 80
65 80
8 80
46 53
7 53
53 81
5 53
8 53
5 9
1 5
5 8
5 57
1 21
1 38
1 97
0 1
1 57
9 70
46 70
70 95
31 70
9 12
9 81
9 97
9 28
12 42
12 81
12 83
12 38
65 83
0 83
83 95
33 52
16 33
38 68
38 50
38 84
38 55
7 55
73 99
62 73
16 73
46 73
73 97
73 84
61 84
8 84
84 97
32 84
16 79
8 79
16 85
16 99
16 28
52 85
42 82
42 65
42 50
42 52
21 42
7 21
21 65
57 58
0 58
58 99
28 39
28 46
31 39
39 61
7 61
50 61
45 50
20 52
20 89
20 57
20 82
20 91
89 99
32 89
36 89
45 89
45 52
36 45
45 46
36 60
32 60
60 82
82 93
67 82
0 67
67 95
65 95
65 93
52 65
15 62
15 31
0 31
31 57
31 32
11 46
7 11
40 46
7 40
40 97
40 99
36 97
19 57
19 32
8 19
32 91
8 47
7 47
36 47
47 81
8 72
57 72
52 72
72 91
7 72
0 91
36 91
75 99
52 75
36 54
54 57
52 62
62 81
57 62
7 62
4 57
4 36
4 7
35 57
7 35
52 57
0 57
52 94
81 94
22 81
0 81
0 22
