100 990
14 87
14 84
74 87
12 14
12 74
41 87
12 41
41 84
14 24
24 74
24 41
12 24
14 85
85 87
84 85
14 79
74 79
41 79
12 79
79 85
14 53
53 74
41 53
12 53
53 85
53 87
53 84
53 79
24 53
14 88
74 88
41 88
12 88
85 88
53 88
43 87
43 84
43 79
24 43
14 30
30 74
30 41
12 30
30 85
30 53
30 43
73 87
73 84
24 73
73 79
30 73
73 88
14 40
40 74
12 40
40 53
40 73
14 48
43 48
48 73
44 87
44 84
3 12
3 53
3 44
20 87
20 84
20 30
14 36
36 41
12 36
36 53
20 36
87 90
84 90
24 90
79 90
23 90
12 95
53 95
90 95
48 95
14 19
19 41
19 85
19 53
19 73
19 94
19 87
19 88
14 98
41 98
12 98
53 98
32 87
32 84
32 79
24 32
32 66
48 66
19 66
14 72
72 74
41 72
12 72
72 85
53 72
72 90
72 94
0 72
57 72
14 81
41 81
12 81
81 85
32 81
44 81
19 81
14 96
85 96
73 96
48 96
87 89
14 60
60 74
12 60
60 85
20 60
48 60
60 89
60 79
19 45
45 96
39 89
39 79
39 45
20 51
44 51
19 51
14 63
41 63
12 63
63 85
63 90
48 63
19 63
77 89
63 77
51 77
67 77
6 23
6 63
6 57
6 77
1 62
4 14
4 53
4 44
4 94
4 96
4 57
4 45
25 51
22 25
25 36
14 21
21 74
21 41
12 21
21 85
21 53
21 44
21 48
21 23
21 57
21 91
21 25
9 12
9 53
9 20
9 48
9 96
9 63
9 45
9 22
9 38
4 9
44 69
23 69
69 96
69 79
45 69
22 69
62 69
51 78
67 78
14 97
74 97
41 97
12 97
85 97
43 97
90 97
48 97
89 97
63 97
45 97
22 97
12 92
85 92
90 92
23 92
19 92
92 96
45 92
92 97
0 65
63 65
65 91
65 67
65 97
3 65
65 81
31 90
31 94
0 31
31 57
31 86
14 58
41 58
12 58
53 58
58 73
58 94
19 58
58 96
58 86
58 67
44 75
75 94
75 89
57 75
75 91
67 75
14 55
41 55
12 55
53 55
55 73
48 55
0 55
55 63
55 91
25 55
55 75
38 55
31 55
55 66
41 52
52 85
44 52
48 52
52 89
52 57
51 52
22 52
52 65
52 78
14 59
53 59
20 59
23 59
19 59
59 79
59 91
22 59
59 65
4 59
59 64
64 66
16 73
16 48
0 16
16 79
16 86
16 25
16 75
16 21
37 86
37 77
37 65
37 78
1 37
30 37
36 37
32 61
44 61
23 61
61 79
61 86
25 61
15 96
15 79
15 51
15 77
15 75
7 45
7 67
7 15
7 21
7 72
7 69
7 30
28 52
14 26
26 74
12 26
26 43
26 32
23 26
26 89
26 96
26 51
26 77
26 75
26 38
26 98
26 66
71 72
12 99
85 99
43 99
94 99
89 99
79 99
45 99
67 99
97 99
21 99
37 99
0 5
5 79
5 57
5 25
5 15
5 38
5 31
5 99
5 16
5 92
34 90
34 48
34 89
34 96
34 51
25 34
15 34
4 34
34 59
34 99
34 71
16 34
56 59
56 95
56 84
50 91
22 50
50 75
38 50
50 98
50 95
50 52
50 56
8 14
8 43
8 32
8 23
8 89
8 57
8 51
8 22
8 15
8 21
8 37
8 66
8 84
8 50
8 87
11 14
11 85
11 73
11 23
0 11
11 96
11 51
11 77
11 15
11 72
11 98
11 69
11 30
11 50
11 34
8 11
47 51
22 47
47 75
21 47
47 98
47 95
47 52
47 50
40 47
11 47
47 60
47 55
29 31
29 88
29 30
90 93
93 94
19 93
63 93
91 93
77 93
38 93
78 93
37 93
66 93
71 93
3 93
40 93
20 33
33 48
33 89
33 79
33 45
33 67
15 33
33 72
33 69
33 66
33 88
33 93
1 33
9 33
14 80
53 80
43 80
80 94
0 80
63 80
80 91
77 80
15 80
21 80
31 80
69 80
52 80
50 80
40 80
11 80
61 80
18 23
18 63
18 91
18 25
18 75
18 78
18 98
18 99
18 84
1 18
18 24
11 18
18 80
17 73
17 44
0 17
17 79
17 91
17 22
17 75
17 78
17 59
17 69
17 52
17 50
17 24
17 39
65 70
70 72
69 70
66 70
70 84
70 93
56 70
11 70
70 81
76 86
76 97
75 76
4 76
59 76
66 76
30 76
28 76
40 76
11 76
70 76
33 76
14 46
46 74
41 46
12 46
46 85
46 53
32 46
46 94
0 46
46 79
45 46
46 77
46 62
46 78
46 59
46 99
46 71
46 92
24 46
13 96
13 63
13 45
13 25
13 97
13 72
13 31
13 95
13 16
13 50
13 34
13 46
13 61
13 64
13 36
13 60
9 13
44 83
83 94
0 83
63 83
45 83
25 83
75 83
21 83
83 98
83 88
30 83
28 83
40 83
13 83
12 27
27 53
27 90
23 27
0 27
27 79
27 91
27 67
27 97
27 38
27 98
27 99
27 30
27 92
27 34
8 27
27 60
27 36
14 35
35 41
12 35
35 43
32 35
35 94
19 35
35 57
35 51
22 35
35 62
35 78
35 72
35 95
30 35
28 35
1 35
35 39
27 35
35 36
5 35
2 60
2 17
2 81
2 47
2 35
2 6
35 58
7 35
10 14
10 74
10 41
10 12
10 85
10 43
10 44
10 23
10 89
10 57
10 86
10 67
10 65
10 21
10 31
10 88
10 84
10 92
10 24
10 39
10 27
10 33
10 81
10 18
10 26
44 54
48 54
54 89
54 63
54 86
54 67
54 65
4 54
54 98
54 99
16 54
54 92
34 54
9 54
54 70
54 55
29 54
3 54
26 54
10 54
27 83
23 68
68 79
45 68
68 77
68 75
4 68
59 68
68 99
68 71
1 68
40 68
8 68
27 68
36 68
68 83
6 68
16 82
82 93
56 82
9 82
60 82
17 82
5 82
68 82
76 82
82 83
58 68
12 49
49 53
49 73
23 49
19 49
49 79
49 86
49 67
49 97
49 72
37 49
49 88
49 52
28 49
40 49
9 49
49 70
49 58
33 49
49 83
5 49
46 49
3 83
76 83
46 61
7 46
46 58
26 46
46 76
47 76
55 70
17 70
17 29
17 18
42 57
42 97
15 42
42 72
42 98
42 88
42 52
42 50
34 42
39 42
42 80
17 42
29 42
42 47
6 42
42 58
5 18
7 18
18 26
64 80
33 80
6 80
26 33
6 33
29 93
36 93
87 93
64 93
29 87
29 39
29 60
29 47
29 64
11 81
6 8
8 55
8 60
3 8
24 50
1 56
34 56
55 56
56 81
24 56
56 87
5 34
7 34
5 39
5 61
5 81
71 99
1 99
61 99
81 99
6 71
24 71
71 81
1 71
71 84
26 71
26 28
24 26
9 26
26 61
6 28
28 81
7 28
9 28
7 87
7 61
7 36
7 64
15 40
15 98
15 84
15 95
15 61
61 78
37 61
16 61
1 61
24 61
58 61
31 37
16 37
37 88
24 37
16 66
16 30
16 60
16 64
16 92
64 87
55 64
3 64
6 64
59 66
52 59
59 84
59 92
59 69
52 66
52 55
52 58
36 52
55 92
55 81
36 55
58 75
30 75
72 75
4 58
58 72
58 88
58 92
40 58
39 58
36 86
30 86
3 86
31 77
31 65
4 31
31 60
6 31
3 31
31 81
31 39
65 92
4 65
39 65
65 87
21 92
69 92
1 92
39 92
95 97
87 97
30 97
78 97
60 97
66 97
4 78
78 98
69 78
66 78
3 78
9 69
69 84
69 87
40 69
9 95
9 88
9 87
3 9
21 38
38 60
24 38
30 38
38 88
21 72
21 84
21 40
21 81
25 40
3 25
25 88
4 25
4 87
4 39
4 36
1 4
1 60
1 6
24 62
62 88
36 62
6 62
6 72
6 88
77 84
66 77
77 98
24 77
51 63
63 98
24 63
30 63
63 95
51 84
51 88
51 66
51 95
51 67
22 67
67 72
60 67
22 81
22 39
39 95
39 84
39 40
24 45
45 60
40 45
60 88
60 87
24 89
89 96
87 96
79 96
88 96
3 96
40 96
81 96
81 91
3 81
72 91
87 91
72 95
57 84
57 87
57 66
57 98
3 66
32 98
94 98
19 98
40 98
95 98
87 98
19 95
19 36
3 19
19 84
88 95
36 95
30 95
24 95
23 44
23 87
23 84
23 36
23 88
36 79
36 87
3 36
20 94
20 24
20 79
48 94
87 94
3 94
79 94
24 94
30 94
3 30
3 24
44 88
44 48
48 87
48 84
40 48
0 40
40 84
0 30
30 84
43 88
0 79
24 85
12 87
12 84
74 84
84 87
0 87
