100 495
43 88
76 88
43 79
41 79
43 53
41 53
53 76
6 79
6 53
1 43
1 76
1 41
1 6
79 87
1 87
6 87
0 87
6 33
43 85
41 85
76 85
37 79
37 53
37 85
43 68
10 79
1 10
10 85
10 68
10 33
17 43
17 62
67 79
67 68
14 79
14 53
6 14
14 85
14 35
35 40
33 60
37 60
59 60
59 63
59 86
6 22
22 68
22 35
22 40
22 86
22 41
22 87
6 80
68 80
17 80
63 80
43 78
32 78
32 63
20 32
32 41
32 87
32 43
43 66
35 49
49 91
25 60
25 91
25 41
42 49
25 42
6 54
33 54
54 60
12 54
54 66
42 54
35 52
52 63
60 75
40 75
48 75
29 48
29 80
11 20
11 29
11 87
4 17
4 63
4 75
44 75
36 44
27 79
27 53
6 27
27 85
27 33
12 27
45 97
42 45
45 47
16 17
16 63
16 91
16 42
2 6
2 85
2 33
2 40
2 91
2 29
2 46
2 80
71 75
37 71
61 71
19 75
87 99
19 99
5 33
5 40
5 97
5 99
5 27
6 84
68 84
33 84
40 84
84 91
37 84
27 84
18 48
18 84
2 18
15 97
15 37
15 48
15 43
6 69
33 69
60 69
69 91
69 97
42 69
27 69
69 76
2 69
26 35
26 63
26 75
26 62
27 58
55 58
16 55
55 77
18 55
61 81
81 84
16 81
22 81
55 81
48 93
25 93
15 93
6 92
0 92
60 92
12 92
86 92
37 92
46 92
65 92
59 92
7 35
7 63
7 86
7 29
7 87
7 80
7 77
7 92
7 11
66 74
41 74
74 87
74 76
5 74
32 74
47 89
80 89
59 89
89 90
60 95
91 95
95 97
62 95
58 95
25 95
3 25
3 65
3 5
20 23
23 62
23 48
4 23
3 23
23 92
21 47
4 21
34 77
14 34
50 86
50 62
50 61
50 80
34 50
32 50
11 50
45 50
2 9
9 92
34 94
51 79
51 53
6 51
0 51
51 60
40 51
20 51
37 51
47 51
25 51
15 51
64 75
62 64
48 64
25 64
16 64
51 64
60 82
82 91
41 82
36 82
27 82
43 82
77 82
64 82
55 82
57 82
45 57
67 98
57 98
50 57
72 82
52 72
38 77
38 92
21 38
38 74
38 71
38 72
8 69
8 18
8 54
13 20
13 62
13 30
13 43
5 13
13 32
13 89
61 96
76 96
2 96
51 96
31 35
31 63
31 75
31 62
31 46
31 65
2 31
31 44
11 31
31 45
31 96
28 30
28 43
5 28
28 51
28 31
24 94
24 28
24 95
47 73
73 84
59 73
44 73
55 73
24 73
73 95
67 73
10 28
9 28
70 96
13 96
71 96
13 45
8 13
8 26
8 72
82 93
32 64
49 64
64 70
51 71
51 94
54 94
26 94
9 94
9 14
9 50
21 34
34 54
21 90
21 23
21 95
14 21
14 23
10 23
23 71
3 67
3 95
3 49
39 48
39 76
3 39
15 39
39 89
39 70
39 49
56 79
56 85
17 56
40 56
20 56
36 56
30 56
4 56
56 59
18 56
39 56
56 81
19 56
7 56
90 95
26 95
11 90
71 89
74 89
49 74
7 74
7 19
92 93
14 93
81 93
67 93
10 81
10 55
26 58
26 80
26 69
22 26
26 70
15 69
44 69
69 70
15 54
15 18
18 52
52 84
16 84
5 84
77 84
5 10
5 45
37 99
19 30
19 76
19 59
19 44
19 54
19 52
30 65
30 48
65 67
65 71
14 65
54 65
2 71
16 46
16 45
16 52
16 22
44 45
62 97
27 97
67 97
27 37
27 80
27 70
27 44
44 76
22 44
36 76
36 70
4 36
4 25
4 49
4 80
4 43
4 11
11 59
11 67
29 67
48 49
52 75
37 75
37 52
52 61
52 54
49 52
10 61
43 61
54 61
25 47
10 25
43 91
14 91
49 66
49 70
47 66
41 66
47 62
14 47
47 77
32 77
14 32
20 76
20 80
22 80
10 22
22 67
10 86
41 59
59 87
59 76
60 70
40 70
41 70
43 70
40 87
40 41
14 40
14 37
35 43
35 67
12 67
67 87
12 62
12 76
43 62
17 63
17 76
10 63
37 63
10 41
41 68
37 68
33 85
33 43
33 76
33 41
33 87
41 87
76 87
6 43
6 76
6 41
43 83
41 83
0 41
76 79
0 76
0 43
