100 1485
8 39
39 48
39 90
8 90
48 90
28 39
28 90
8 49
48 49
28 49
12 39
12 90
12 49
8 12
12 48
12 28
39 57
57 90
49 57
12 57
9 39
9 90
9 49
9 12
8 9
9 48
9 28
9 57
14 39
14 90
14 49
12 14
9 14
9 56
8 56
48 56
28 56
14 56
39 94
90 94
49 94
12 94
9 94
56 94
29 39
12 29
9 29
8 29
29 48
28 29
29 94
14 29
29 57
39 75
75 90
49 75
12 75
9 75
56 75
29 75
8 84
48 84
28 84
57 84
14 84
84 94
26 39
26 90
26 49
12 26
9 26
26 56
26 29
26 84
39 87
87 90
12 87
9 87
29 87
8 87
48 87
28 87
14 87
57 87
87 94
39 83
83 90
49 83
12 83
9 83
56 83
29 83
83 84
83 87
8 68
48 68
28 68
68 94
14 68
57 68
39 97
90 97
49 97
12 97
9 97
56 97
29 97
84 97
87 97
68 97
21 97
39 78
12 78
29 78
78 87
21 78
8 78
48 78
28 78
57 78
14 78
78 94
39 96
90 96
49 96
12 96
9 96
56 96
29 96
84 96
87 96
68 96
21 96
78 96
3 39
3 90
3 12
3 9
3 56
3 84
3 21
3 8
3 48
3 28
3 94
3 57
3 14
39 99
90 99
12 99
9 99
29 99
84 99
3 99
4 39
4 90
4 49
4 12
4 9
4 56
4 29
4 84
3 4
4 96
4 8
4 48
4 28
4 94
4 14
4 57
38 90
12 38
38 56
38 84
21 38
4 38
8 22
22 48
22 28
22 94
14 22
22 57
22 33
8 34
34 48
28 34
35 90
12 35
29 35
35 84
35 78
4 35
32 39
32 90
12 32
9 32
32 56
32 84
21 32
4 32
8 32
32 48
28 32
39 44
12 44
44 56
44 84
44 78
4 44
32 44
8 30
30 48
28 30
39 45
45 90
12 45
9 45
29 45
45 87
45 78
45 96
32 45
30 45
2 8
2 48
37 78
4 37
22 37
32 91
34 91
8 91
48 91
28 91
37 91
62 90
12 62
56 62
62 84
62 78
62 96
62 73
62 91
2 62
33 62
18 32
18 91
8 71
48 71
28 71
18 71
12 82
9 82
56 82
82 87
21 82
82 96
73 82
82 91
71 82
8 60
48 60
57 60
12 23
9 23
23 56
23 68
23 78
23 96
23 73
23 30
23 60
23 33
23 45
71 74
13 39
13 90
13 49
12 13
9 13
13 56
13 29
13 87
3 13
4 13
13 32
13 34
2 13
8 13
69 78
4 69
32 69
69 91
60 69
13 69
18 69
32 36
30 36
36 71
33 36
36 83
36 41
36 37
12 43
9 43
29 43
43 87
43 78
3 43
43 73
30 43
43 91
13 43
43 45
41 43
39 47
47 90
47 49
12 47
9 47
47 68
21 47
4 47
22 47
34 47
47 91
13 47
47 83
47 74
21 66
3 66
66 73
34 66
2 66
33 66
66 83
55 66
37 66
39 53
53 90
49 53
12 53
9 53
53 56
29 53
53 87
53 78
4 53
53 73
30 53
53 91
13 53
45 53
41 53
37 53
12 31
9 31
29 31
31 87
3 31
31 96
22 31
31 34
31 91
31 33
31 45
39 93
90 93
12 93
9 93
29 93
87 93
3 93
93 96
32 93
30 93
2 93
13 93
16 93
41 93
47 93
12 15
9 15
15 29
15 87
15 21
15 96
15 32
15 30
15 71
13 15
15 83
15 16
15 55
15 26
39 77
77 90
12 77
9 77
56 77
77 87
21 77
77 96
32 77
30 77
2 77
13 77
45 77
16 77
55 77
15 77
60 95
33 95
83 95
41 95
55 95
43 95
40 56
40 84
21 40
4 40
22 40
34 40
40 71
33 40
40 83
40 74
40 55
40 53
40 95
40 69
23 40
53 70
15 70
70 95
70 93
23 70
22 51
30 51
51 60
13 51
45 51
41 51
47 51
28 51
51 95
51 69
18 59
59 74
47 59
28 59
20 71
20 60
18 20
16 20
20 47
20 28
20 43
73 85
30 85
71 85
33 85
83 85
16 85
37 85
43 85
20 85
14 85
9 98
87 98
3 98
4 98
32 98
73 98
60 98
33 98
18 98
16 98
55 98
15 98
95 98
10 69
10 44
10 97
29 67
67 87
3 67
4 67
32 67
67 73
67 91
13 67
67 83
16 67
37 67
28 67
20 67
10 67
23 67
39 61
61 90
49 61
12 61
9 61
56 61
29 61
61 87
3 61
61 96
22 61
30 61
61 91
33 61
61 83
16 61
53 61
28 61
43 61
61 93
61 98
36 61
54 56
54 84
54 78
4 54
54 73
54 91
54 71
54 60
45 54
41 54
47 54
15 54
54 95
86 95
86 93
26 86
52 78
4 52
52 73
52 91
2 52
33 52
52 83
41 52
37 52
52 53
14 52
52 86
23 52
24 55
24 28
20 24
24 93
24 86
24 70
24 35
1 39
1 12
1 56
1 87
1 3
1 4
1 22
1 30
1 2
1 60
1 45
1 74
1 55
1 28
1 20
1 93
1 86
1 24
88 90
12 88
9 88
84 88
3 88
4 88
22 88
30 88
88 91
18 88
45 88
74 88
55 88
28 88
43 88
69 88
88 98
70 88
22 42
34 42
42 71
13 42
42 45
42 55
42 47
28 42
42 43
42 93
42 59
42 61
42 66
60 64
33 64
18 64
16 64
47 64
15 64
43 64
10 64
64 98
61 64
42 64
18 58
58 74
55 58
28 58
43 58
58 93
58 98
24 58
14 17
10 17
17 86
17 24
11 43
11 93
11 59
11 70
11 17
11 64
11 51
32 79
34 79
2 79
33 79
18 79
16 79
55 79
15 79
79 95
79 86
79 98
70 79
42 79
50 95
14 50
23 50
50 61
50 88
21 65
65 96
32 65
65 73
65 71
13 65
16 65
65 74
47 65
53 65
14 65
10 65
59 65
61 65
50 65
65 66
51 65
65 94
9 81
81 84
21 81
81 96
22 81
30 81
71 81
13 81
45 81
74 81
55 81
43 81
81 95
69 81
23 81
24 81
17 81
58 81
51 81
65 81
62 81
5 39
5 90
5 12
5 9
5 56
5 84
5 21
5 96
5 22
5 30
5 91
5 33
5 18
5 74
5 37
5 53
5 20
5 93
5 86
5 61
5 50
5 64
5 26
5 65
5 44
5 31
5 38
5 8
5 81
5 52
5 77
5 99
5 94
5 35
81 82
27 39
27 90
27 49
12 27
9 27
27 56
27 29
27 84
27 87
27 68
21 27
27 78
3 27
4 27
27 32
27 34
27 91
27 60
27 83
27 74
27 47
27 53
20 27
27 86
27 59
24 27
27 42
27 58
27 51
27 65
27 44
1 27
6 60
6 13
6 83
6 41
6 37
6 28
6 20
6 69
6 23
6 61
6 50
6 64
6 26
6 79
6 44
6 82
6 27
0 6
6 97
45 72
72 74
55 72
28 72
72 95
10 72
59 72
24 72
50 72
58 72
19 78
19 96
19 32
19 73
2 19
18 19
19 45
19 74
19 47
19 28
14 19
19 69
19 59
19 61
17 19
19 58
19 66
7 29
7 68
7 21
7 96
7 32
7 73
7 91
7 33
7 83
7 16
7 53
7 28
7 43
7 93
7 59
7 70
7 88
7 58
7 19
7 85
7 44
7 82
7 31
22 25
25 30
2 25
25 33
18 25
16 25
25 37
25 53
20 25
25 69
25 86
25 70
25 88
25 66
25 51
25 79
25 54
25 82
25 31
25 97
25 52
18 80
16 80
37 80
43 80
80 95
69 80
23 80
70 80
17 80
50 80
19 80
79 80
62 80
1 80
6 80
25 80
46 78
46 96
32 46
46 73
2 46
13 46
46 83
41 46
46 47
15 46
14 46
46 86
46 98
46 70
17 46
46 64
26 46
46 54
44 46
36 46
6 46
46 94
8 46
46 97
46 81
9 76
76 87
76 78
4 76
22 76
30 76
71 76
60 76
16 76
41 76
37 76
15 76
14 76
10 76
59 76
61 76
42 76
50 76
66 76
76 79
62 76
36 76
76 99
27 76
46 76
76 81
52 76
76 97
76 80
11 76
46 80
46 75
39 92
90 92
49 92
12 92
9 92
56 92
29 92
84 92
87 92
68 92
21 92
78 92
3 92
92 96
22 92
34 92
71 92
18 92
45 92
74 92
47 92
53 92
14 92
92 93
92 98
24 92
42 92
58 92
26 92
54 92
62 92
1 92
82 92
92 94
39 63
63 90
12 63
9 63
29 63
63 87
3 63
4 63
63 73
34 63
2 63
13 63
18 63
63 74
37 63
15 63
20 63
14 63
59 63
24 63
63 88
58 63
26 63
63 85
62 63
63 82
6 63
25 63
8 63
0 63
11 63
38 63
63 92
63 77
81 92
80 92
92 97
35 92
38 92
77 80
72 80
48 80
25 38
8 25
7 25
7 94
7 81
7 40
7 67
7 72
22 89
34 89
89 91
33 89
83 89
74 89
55 89
28 89
14 89
89 93
23 89
61 89
88 89
66 89
19 89
85 89
54 89
1 89
6 89
89 94
81 89
7 89
72 89
35 89
40 89
11 89
19 54
19 97
0 19
19 82
19 72
19 57
19 79
19 52
65 72
54 72
72 82
6 72
72 94
72 81
72 75
72 97
8 27
27 57
27 67
27 48
27 81
27 94
38 65
57 65
31 65
62 65
36 65
65 99
50 82
36 50
50 99
50 79
50 51
50 85
50 54
40 79
67 79
48 79
8 79
11 79
75 79
52 79
11 44
1 11
11 99
11 57
11 75
11 52
0 11
17 99
17 77
17 36
0 17
17 31
17 26
17 97
17 94
17 58
44 58
57 58
40 58
58 64
58 82
58 75
48 64
64 77
0 64
64 67
52 64
26 64
8 64
38 64
42 52
35 42
42 75
42 54
42 57
42 67
42 62
42 88
44 88
48 88
8 88
51 88
1 88
40 88
85 88
38 88
1 66
1 26
1 85
1 62
1 97
1 67
1 57
1 75
24 62
24 75
0 24
24 31
24 52
52 54
52 99
8 52
38 52
48 52
52 97
54 86
35 86
77 86
0 86
82 86
75 86
54 98
54 61
54 85
31 54
36 54
40 54
54 62
26 61
61 94
61 67
61 97
26 67
44 67
31 67
8 67
67 77
35 67
40 67
48 67
10 98
10 36
10 57
8 98
85 98
57 98
36 98
31 98
35 98
97 98
94 98
23 85
26 85
0 85
85 97
35 85
77 85
82 85
44 85
20 69
20 57
20 38
20 44
20 62
20 59
20 66
20 35
59 93
48 59
59 62
59 77
59 66
51 59
59 99
44 59
51 70
51 62
38 51
35 51
36 51
40 51
51 75
31 51
70 82
70 99
40 70
38 70
48 70
70 77
36 40
31 40
40 57
8 40
40 77
0 40
23 95
75 95
94 95
36 95
77 95
0 95
82 95
26 77
36 77
77 99
57 77
75 77
0 77
15 38
15 93
15 44
8 15
15 43
15 23
15 48
0 15
15 57
43 93
69 93
48 93
75 93
93 94
16 31
14 16
16 75
16 99
16 62
0 16
16 82
31 53
31 43
14 31
31 69
31 66
31 99
31 38
31 94
31 48
53 57
8 53
53 66
53 97
53 75
53 99
53 82
53 94
66 69
23 66
35 66
66 97
66 94
62 66
44 66
66 99
28 55
26 55
47 55
37 55
55 99
23 47
35 47
47 48
47 97
43 47
47 69
47 94
36 43
43 48
26 43
14 43
36 75
36 82
36 57
0 36
36 48
28 41
41 57
41 94
37 41
41 69
35 41
8 41
28 69
8 69
69 99
62 69
38 69
69 82
0 13
13 44
13 37
13 74
13 83
13 28
13 57
18 74
48 74
26 74
38 74
44 74
74 97
23 74
14 23
23 38
23 26
23 57
23 44
8 23
35 60
18 60
60 82
60 75
45 60
82 83
37 82
0 82
48 82
71 83
44 71
33 71
38 71
71 97
8 18
18 48
18 99
18 26
18 38
18 62
18 44
37 62
28 62
8 62
38 62
62 97
26 91
0 91
14 91
2 37
37 45
37 44
0 37
37 75
14 37
37 38
2 99
2 28
2 75
2 94
2 35
2 26
2 45
8 45
35 45
45 48
14 45
45 94
45 99
0 45
30 44
30 99
44 99
44 94
35 44
32 83
32 57
32 94
32 73
14 32
8 73
48 73
28 73
73 75
73 99
35 73
38 73
73 83
14 73
34 35
28 35
35 99
35 57
8 35
35 75
0 35
33 34
34 94
34 75
0 34
34 57
34 97
8 33
33 48
33 94
33 97
33 38
14 33
22 38
22 97
0 22
22 26
38 75
0 38
38 48
4 99
14 99
57 99
75 99
3 97
3 26
3 75
3 83
3 96
0 3
8 96
48 96
28 96
14 96
57 96
94 96
83 96
75 96
96 97
26 96
78 83
26 78
75 78
78 97
83 97
14 97
48 97
68 83
68 75
26 68
21 83
8 83
75 83
26 83
57 83
28 83
26 87
75 87
21 26
8 26
26 94
26 48
75 84
21 75
57 75
21 94
48 94
56 57
14 21
14 28
8 14
0 14
21 57
0 57
21 28
21 48
8 21
0 21
