100 1485
19 20
6 19
14 19
14 20
19 81
14 81
10 19
10 14
10 20
19 75
14 75
10 75
16 19
14 16
10 16
16 20
6 16
16 75
16 81
19 68
14 68
10 68
16 68
19 94
14 94
10 94
16 94
20 94
81 94
18 19
14 18
10 18
16 18
18 94
8 19
8 14
8 10
8 16
8 94
8 20
8 75
8 18
6 8
8 81
8 68
19 44
14 44
10 44
16 44
44 94
8 44
44 92
20 96
81 96
18 96
6 96
75 96
68 96
44 96
19 54
14 54
10 54
16 54
54 94
8 54
54 92
54 96
19 38
14 38
10 38
16 38
38 92
20 38
38 81
38 75
38 68
6 38
18 38
19 30
14 30
10 30
16 30
30 94
8 30
30 92
30 96
30 38
20 99
75 99
81 99
18 99
6 99
68 99
44 99
54 99
19 85
14 85
10 85
16 85
85 94
8 85
85 92
85 96
38 85
85 99
19 62
14 62
10 62
16 62
62 94
8 62
62 92
62 96
38 62
62 99
20 62
62 75
62 68
6 62
18 62
62 81
54 62
30 62
44 62
62 85
19 27
14 27
10 27
27 94
8 27
27 38
27 62
19 82
14 82
10 82
82 94
82 92
82 96
82 99
20 35
6 35
35 75
35 81
35 68
18 35
7 14
7 10
7 16
7 94
7 92
7 38
90 99
20 90
68 90
18 90
81 90
6 90
75 90
85 90
30 90
44 90
54 90
19 98
14 98
10 98
16 98
94 98
8 98
92 98
38 98
90 98
44 98
82 98
4 19
4 14
4 10
4 16
4 94
4 8
4 92
4 38
4 90
4 35
4 85
4 20
4 75
4 81
4 18
4 68
4 6
19 61
14 61
10 61
16 61
61 94
8 61
61 92
61 96
38 61
61 99
61 62
44 61
4 61
5 19
5 14
5 10
5 16
5 94
5 8
5 92
5 38
5 99
5 44
5 85
5 20
5 68
5 6
5 75
5 81
5 18
85 88
5 88
8 40
40 96
40 62
40 44
40 85
5 40
20 40
3 20
3 68
3 18
3 75
3 6
3 81
3 66
4 66
40 66
14 64
16 64
64 96
38 64
64 90
35 64
3 64
5 64
40 64
34 92
34 96
34 90
34 35
34 82
5 34
20 34
69 90
44 69
3 69
20 77
68 77
10 42
16 42
8 42
42 96
42 62
42 44
42 82
42 77
34 42
42 64
27 87
1 20
34 76
1 76
34 59
22 59
25 85
4 25
25 34
1 25
23 25
19 48
14 48
10 48
16 48
48 94
8 48
48 92
48 96
48 62
44 48
48 85
4 48
27 48
48 64
22 48
89 90
35 89
82 89
77 89
40 89
64 89
12 22
24 92
24 96
24 62
24 44
24 85
5 24
24 34
22 24
12 24
24 48
6 24
27 63
34 63
22 63
48 63
26 63
14 97
10 97
16 97
94 97
8 97
96 97
97 99
82 97
85 97
77 97
40 97
64 97
87 97
12 97
26 97
16 58
58 94
58 92
38 58
58 62
44 58
58 85
27 58
40 58
1 58
25 58
48 58
26 58
14 41
16 41
8 41
38 41
41 62
35 41
41 82
4 41
27 41
22 41
41 87
41 89
8 71
71 99
71 90
44 71
71 82
5 71
27 71
34 71
25 71
12 71
11 25
11 71
11 26
11 58
26 39
39 58
49 99
35 49
4 49
5 49
27 49
49 64
49 87
48 49
19 37
14 37
10 37
16 37
37 96
37 38
37 99
37 44
37 85
37 77
27 37
37 64
22 37
37 89
26 37
19 21
14 21
10 21
16 21
21 94
8 21
21 92
21 96
21 38
21 99
21 62
21 35
4 21
21 77
21 40
21 64
21 25
12 21
21 37
21 58
21 39
8 93
38 93
90 93
44 93
82 93
5 93
27 93
64 93
87 93
89 93
71 93
37 93
47 85
4 47
40 47
1 47
25 47
47 89
6 47
47 58
62 79
79 90
4 79
77 79
34 79
64 79
25 79
12 79
6 79
58 79
47 79
32 92
32 96
32 62
32 35
32 82
32 77
32 40
32 34
32 87
32 89
6 32
32 41
0 32
32 75
20 32
32 76
12 51
51 89
6 51
51 63
47 51
32 51
83 99
83 90
83 85
5 83
40 83
64 83
25 83
12 83
71 83
41 83
0 83
83 93
51 83
76 83
63 80
66 80
54 80
11 70
39 52
52 66
52 54
52 70
52 80
23 52
19 56
14 56
10 56
56 94
8 56
38 56
56 62
35 56
3 56
5 56
27 56
1 56
56 87
12 56
6 56
56 58
39 56
56 93
54 56
20 56
19 28
14 28
10 28
28 94
8 28
28 38
28 90
28 44
28 82
4 28
27 28
1 28
28 87
28 89
6 28
28 41
28 39
28 93
13 25
12 13
13 71
13 58
13 63
13 32
13 75
39 45
45 66
13 45
26 73
63 73
47 73
66 73
13 73
4 65
5 65
27 65
1 65
65 87
65 89
65 71
41 65
39 65
65 66
65 73
65 70
65 95
23 65
18 65
62 78
35 78
78 85
77 78
40 78
34 78
25 78
78 89
26 78
58 78
39 78
0 78
54 78
76 78
78 95
23 78
56 78
19 60
14 60
10 60
16 60
8 60
38 60
60 90
44 60
3 60
60 77
34 60
60 64
22 60
48 60
60 71
37 60
47 60
60 66
51 60
60 70
60 95
33 82
5 33
27 33
1 33
33 87
33 48
26 33
33 58
33 39
32 33
13 33
20 33
28 33
19 55
14 55
10 55
16 55
55 94
8 55
55 92
55 96
38 55
55 99
55 90
55 82
3 55
4 55
40 55
55 64
25 55
12 55
55 71
55 63
39 55
0 55
54 55
20 55
28 55
55 98
33 55
2 85
2 77
2 27
2 34
2 87
2 89
2 71
2 41
2 63
2 93
2 51
2 73
2 76
2 55
2 18
2 83
17 99
17 44
17 82
5 17
17 40
17 34
17 87
12 17
17 71
17 41
17 47
17 32
17 73
17 20
17 95
17 23
17 18
2 17
43 82
43 77
34 43
1 43
25 43
12 43
6 43
43 63
39 43
32 43
43 51
43 73
43 76
42 43
43 56
43 78
43 45
43 79
76 86
23 86
18 86
78 86
43 86
11 86
25 36
12 36
26 36
36 37
0 36
36 93
36 51
36 76
36 80
36 55
36 42
2 36
36 86
17 36
36 49
36 79
24 36
25 67
12 67
67 71
58 67
47 67
67 93
13 67
67 70
67 80
55 67
18 67
67 78
22 46
46 48
46 71
37 46
46 47
46 93
46 54
20 46
46 80
46 55
42 46
46 78
46 61
9 14
9 10
9 16
9 94
8 9
9 96
9 62
9 44
9 85
9 77
9 27
1 9
9 22
9 48
9 26
9 58
9 63
9 66
9 54
9 20
9 95
9 33
9 56
2 9
9 46
9 86
9 36
9 21
9 11
14 50
50 94
8 50
50 96
50 62
35 50
3 50
50 77
40 50
50 64
22 50
50 89
26 50
41 50
0 50
50 66
50 51
50 73
50 95
33 50
18 50
50 60
45 50
50 59
9 50
31 37
31 41
31 47
31 32
31 54
20 31
31 95
23 31
18 31
31 60
31 86
17 31
9 31
10 53
16 53
8 53
53 96
53 62
35 53
53 85
53 77
27 53
34 53
22 53
48 53
37 53
41 53
47 53
0 53
51 53
53 73
53 80
28 53
53 56
53 78
46 53
53 59
49 53
31 53
53 68
53 83
52 53
53 65
53 69
21 53
10 29
29 94
29 92
29 99
29 62
29 35
29 82
5 29
29 40
29 64
29 87
29 48
6 29
29 58
29 63
29 93
13 29
20 29
28 29
29 55
29 56
29 88
29 45
29 59
29 49
29 31
19 84
14 84
10 84
16 84
84 92
84 96
84 99
35 84
3 84
77 84
40 84
34 84
84 87
84 89
6 84
41 84
0 84
84 93
13 84
20 84
80 84
55 84
84 88
2 84
46 84
8 15
15 96
15 90
15 44
4 15
5 15
15 27
15 64
15 22
15 48
6 15
15 37
15 39
15 93
13 15
15 70
15 76
15 23
15 18
15 78
15 86
15 69
15 75
19 72
14 72
10 72
16 72
72 94
8 72
72 96
72 99
72 90
35 72
4 72
72 77
27 72
64 72
22 72
48 72
71 72
37 72
0 72
66 72
51 72
72 73
28 72
33 72
18 72
72 88
46 72
15 72
49 72
31 72
52 72
72 75
74 95
33 74
74 88
60 74
46 74
74 86
7 74
11 74
52 74
61 74
8 91
38 91
91 99
82 91
85 91
77 91
40 91
1 91
87 91
12 91
6 91
37 91
63 91
32 91
54 91
73 91
28 91
33 91
18 91
78 91
86 91
59 91
9 91
11 91
84 91
29 91
91 98
65 91
30 91
74 91
74 83
69 74
72 74
50 72
69 72
72 79
15 84
15 30
15 79
15 81
15 24
15 61
36 84
8 57
57 99
57 62
44 57
57 85
4 57
27 57
1 57
57 87
12 57
26 57
57 58
39 57
32 57
54 57
57 70
57 80
55 57
56 57
57 60
46 57
57 59
36 57
31 57
57 75
57 84
57 97
30 57
57 98
57 79
65 84
29 84
50 84
24 84
52 84
29 61
29 30
29 83
29 69
31 61
31 50
31 98
50 61
50 81
50 67
50 68
9 75
9 97
46 67
46 97
45 46
17 67
36 67
11 67
52 67
61 67
67 81
21 67
30 67
36 52
65 86
7 86
21 43
43 59
43 98
43 83
43 81
43 69
17 43
17 21
17 65
17 83
17 49
7 17
17 68
2 45
2 61
2 11
2 21
2 7
2 52
55 69
49 55
55 56
45 55
18 33
33 60
33 81
33 61
7 33
33 68
21 33
60 88
60 78
60 79
60 98
60 97
24 60
30 60
49 60
68 78
69 78
65 78
49 65
65 81
24 65
65 68
65 98
21 73
42 73
45 73
73 97
28 73
73 79
68 73
45 95
45 56
45 49
45 52
45 68
45 75
24 45
30 45
13 18
13 95
13 28
13 24
13 30
13 23
13 69
13 98
28 76
28 69
28 79
28 56
28 61
28 49
28 42
11 28
56 61
56 59
56 68
52 56
7 56
52 59
52 61
52 81
30 70
70 75
70 80
70 95
70 88
18 70
7 70
68 80
80 81
80 98
24 80
21 80
80 83
23 80
23 83
42 83
7 83
83 97
83 98
24 83
68 83
51 81
51 59
11 51
7 51
51 97
20 51
49 51
51 54
32 88
32 81
24 32
32 79
32 95
32 69
54 79
23 79
79 88
11 79
75 79
79 98
21 79
30 79
47 93
47 95
7 47
47 81
23 47
47 54
47 66
47 76
47 97
66 93
42 93
21 93
7 93
68 93
49 93
61 93
21 76
21 88
21 97
21 75
21 81
21 69
37 68
37 49
37 81
37 41
37 66
0 37
37 42
37 95
37 75
49 58
39 49
20 49
49 88
49 68
49 69
7 49
39 98
11 39
24 39
39 59
30 39
11 66
11 95
11 42
11 59
11 24
11 30
11 81
61 71
6 71
66 71
30 71
41 71
71 98
20 71
71 75
41 68
23 41
41 59
41 58
7 41
30 41
41 54
41 69
58 97
58 63
58 81
58 76
66 97
76 97
23 97
18 97
59 97
7 97
75 97
69 97
68 97
7 26
26 42
26 88
26 61
23 26
63 98
61 63
63 88
20 63
24 63
18 63
63 69
0 63
20 24
23 24
24 42
24 75
24 98
24 69
12 89
12 81
12 95
12 68
12 20
42 89
6 89
7 89
75 89
0 89
88 89
48 89
89 98
69 89
48 54
30 48
48 66
18 48
48 76
48 59
48 81
23 48
0 23
23 76
23 75
23 88
25 88
25 54
20 25
25 69
6 25
25 59
25 30
25 95
6 59
59 66
20 59
59 95
42 59
59 88
59 98
22 54
20 22
22 30
22 61
22 75
22 76
6 76
54 76
61 76
76 98
18 76
76 88
1 61
1 88
1 75
1 18
0 1
1 6
1 87
0 87
66 87
68 87
18 87
42 87
7 87
87 98
0 42
20 42
30 42
42 75
42 88
42 81
42 69
42 98
27 77
69 77
77 81
18 77
75 77
34 69
64 69
6 69
20 69
34 54
34 75
6 34
34 81
34 64
34 68
20 64
64 66
64 95
7 64
64 98
66 98
30 66
18 66
54 66
3 54
3 95
5 95
40 95
6 95
30 95
7 95
75 95
7 40
40 61
18 40
40 68
0 40
40 88
0 88
54 88
81 88
75 88
5 30
5 54
5 61
0 61
54 61
7 61
61 81
4 30
0 4
4 98
4 7
27 98
7 98
0 90
7 90
7 35
7 85
7 30
7 81
35 54
35 82
20 82
81 82
68 82
18 82
6 82
75 82
82 85
27 82
30 82
0 82
27 85
20 27
6 27
27 81
27 30
44 85
20 85
75 85
68 85
81 85
6 85
18 85
30 99
30 44
18 30
30 68
38 44
38 54
0 38
44 54
6 54
54 68
20 44
18 44
44 68
44 81
6 44
44 75
0 44
18 92
6 18
0 18
75 94
6 94
68 94
68 92
0 68
68 75
75 92
0 75
10 81
6 10
81 92
20 81
6 14
6 92
0 6
20 92
0 20
0 92
