100 495
48 71
48 70
56 71
56 70
45 48
45 56
34 48
34 71
34 70
34 45
6 34
10 71
10 70
10 45
48 58
56 58
34 58
10 58
33 50
33 71
12 33
50 57
57 71
17 48
71 74
70 74
45 74
20 34
20 74
20 50
20 88
57 65
65 70
16 71
16 65
71 78
70 78
48 83
10 83
78 83
83 88
66 71
38 48
10 38
38 57
38 70
38 66
29 66
29 94
29 68
50 60
60 88
25 48
25 34
25 78
25 88
25 71
56 81
10 81
57 81
39 71
57 80
39 80
16 80
80 94
53 71
53 70
53 87
48 67
56 67
34 67
50 67
57 67
67 88
67 71
33 79
67 79
65 79
13 78
13 39
13 65
13 44
34 86
10 86
33 86
70 86
17 32
32 86
50 89
67 89
32 89
89 94
83 89
25 96
86 96
29 96
25 47
22 57
22 39
22 25
22 36
36 44
36 58
36 96
36 87
58 76
76 81
23 66
23 44
23 80
19 23
3 34
3 74
3 33
3 70
3 25
6 40
40 45
14 33
14 88
14 32
14 40
14 83
14 80
14 23
24 66
24 86
24 83
18 65
18 24
18 58
1 32
1 13
1 29
54 71
35 54
35 86
35 79
79 97
62 79
62 64
62 87
17 63
24 73
64 73
2 48
2 34
2 33
2 70
2 65
2 94
2 24
2 81
2 72
72 95
9 95
27 31
27 95
30 79
30 81
30 31
12 30
21 72
21 82
9 82
6 82
46 82
47 82
25 43
13 43
43 79
52 79
52 84
24 93
81 93
3 93
52 93
89 93
54 90
90 94
58 90
81 90
90 93
28 79
28 81
28 87
28 52
28 90
28 68
11 67
11 22
11 58
11 80
11 97
11 28
54 92
13 92
65 77
77 86
77 85
64 77
77 97
26 77
6 26
37 56
34 37
37 57
37 70
32 37
13 37
37 80
37 96
21 37
26 37
37 60
17 49
49 73
7 93
24 42
42 84
31 42
42 76
42 89
7 42
42 46
5 48
5 34
5 78
5 88
5 66
5 13
5 83
5 96
5 38
5 42
25 59
22 59
29 59
59 97
59 93
59 73
59 90
5 59
14 59
59 91
15 54
15 22
15 83
15 84
15 87
12 15
15 62
15 99
15 91
8 15
47 91
45 91
5 68
61 78
39 61
61 67
61 86
61 85
61 96
61 97
61 95
60 61
54 55
22 55
29 55
1 55
23 55
12 55
52 55
55 61
55 89
47 55
41 54
41 86
24 41
41 96
31 41
28 41
6 41
41 49
41 61
5 41
5 61
7 71
0 7
7 49
7 89
51 56
10 51
33 51
51 70
51 67
44 51
51 58
4 99
4 87
83 98
4 98
31 98
73 98
51 98
14 98
77 98
36 98
4 20
4 51
3 4
17 51
51 76
0 51
47 51
51 75
46 75
49 75
18 75
37 49
37 99
2 37
8 26
60 77
14 77
36 77
85 92
60 85
81 92
72 92
63 92
6 92
8 92
35 92
11 92
11 14
11 90
11 71
27 90
8 90
52 71
20 52
45 52
43 84
8 84
0 84
3 43
43 63
0 43
27 43
43 82
35 43
21 47
21 46
9 21
30 46
46 71
27 30
30 60
30 68
27 35
95 99
2 95
2 62
2 20
2 89
72 87
72 73
73 76
63 73
62 63
60 63
62 99
20 62
38 64
64 97
45 64
35 97
0 97
3 35
12 35
35 99
31 54
31 44
31 80
1 31
3 31
1 71
1 17
1 9
1 18
1 12
18 38
18 76
0 18
8 18
18 71
9 24
9 14
0 9
9 47
3 40
3 29
3 23
3 45
23 68
23 76
23 60
36 76
6 36
20 36
22 47
17 22
12 22
22 87
29 47
47 96
89 96
45 89
13 86
8 86
58 86
13 81
13 60
0 44
44 79
44 99
71 79
67 87
12 67
58 67
45 67
65 87
80 87
6 87
53 99
39 99
65 99
80 99
38 99
8 80
39 58
39 81
25 81
58 81
25 60
0 25
19 60
6 19
19 68
20 68
45 68
29 38
38 94
71 94
20 94
8 38
17 38
20 38
6 66
66 83
17 83
20 83
0 83
8 78
8 88
8 16
20 65
65 71
17 74
17 57
17 70
12 17
17 71
57 88
6 57
71 88
6 88
12 88
12 58
12 45
33 70
33 58
33 45
6 10
6 69
45 69
45 50
45 70
50 70
70 71
0 70
50 71
0 50
