100 2475
37 85
8 85
8 37
32 85
8 32
8 82
37 82
85 99
8 99
82 99
8 93
82 93
37 93
93 99
32 93
7 85
7 8
7 82
7 93
9 37
9 99
9 32
7 9
34 85
8 34
34 82
34 93
9 34
37 42
42 99
32 42
7 42
34 42
59 85
8 59
59 82
59 93
9 59
42 59
59 99
57 85
8 57
57 82
57 93
42 57
57 99
37 57
32 57
7 57
41 85
8 41
41 82
41 93
9 41
41 42
41 99
41 57
38 85
8 38
38 82
38 93
9 38
38 42
38 99
38 57
37 38
32 38
7 38
38 59
48 85
8 48
48 82
48 93
9 48
42 48
48 99
48 57
38 48
7 48
22 85
22 93
22 99
22 57
22 38
7 22
22 37
22 32
22 41
22 48
70 85
8 70
70 82
70 93
9 70
42 70
70 99
57 70
38 70
7 70
22 70
62 99
57 62
38 62
7 62
37 62
32 62
55 85
8 55
55 82
55 93
9 55
42 55
55 99
55 57
38 55
7 55
22 55
55 62
39 85
8 39
39 82
39 93
39 99
39 57
38 39
39 62
37 39
32 39
34 39
39 70
39 55
39 59
39 48
39 41
85 91
8 91
82 91
91 93
9 91
42 91
91 99
57 91
38 91
7 91
22 91
62 91
39 91
77 85
8 77
77 82
77 93
42 77
77 99
57 77
38 77
7 77
22 77
62 77
39 77
37 77
32 77
34 77
41 77
59 77
48 77
70 77
55 77
61 85
8 61
61 82
61 93
9 61
42 61
61 99
57 61
38 61
7 61
22 61
61 62
39 61
61 77
34 61
62 79
77 79
37 79
32 79
70 79
48 79
41 79
55 79
59 79
79 91
24 85
8 24
24 82
24 93
9 24
24 42
24 99
24 57
24 38
7 24
22 24
24 62
24 39
24 77
24 34
24 79
37 60
32 60
60 70
41 60
55 60
48 60
59 60
13 38
7 13
13 77
13 34
13 60
13 41
16 85
8 16
16 82
16 93
9 16
16 42
16 99
16 57
16 38
7 16
16 22
16 62
16 39
16 77
16 34
16 79
16 60
16 41
19 85
8 19
19 82
19 93
19 42
19 99
19 57
19 38
7 19
19 22
19 62
19 39
19 77
19 34
19 79
19 37
19 32
6 42
6 99
6 38
6 22
6 62
6 34
6 41
6 19
36 37
32 36
8 20
20 93
20 42
20 99
20 38
7 20
20 39
20 34
20 60
37 74
32 74
70 74
59 74
55 74
48 74
85 98
8 98
82 98
93 98
98 99
57 98
7 98
22 98
39 98
79 98
60 98
74 98
36 98
16 98
85 86
8 86
86 99
57 86
7 86
22 86
62 86
77 86
60 86
74 86
36 86
31 60
31 74
31 36
16 31
31 37
31 32
85 87
8 87
82 87
87 93
42 87
87 99
7 87
22 87
39 87
77 87
79 87
41 87
19 87
31 87
39 72
72 77
60 72
41 72
36 72
16 72
37 72
32 72
78 85
8 78
78 82
78 93
42 78
78 99
7 78
22 78
62 78
34 78
78 79
41 78
19 78
72 78
78 86
38 63
62 63
39 63
63 77
60 63
41 63
36 63
16 63
63 72
37 63
32 63
50 85
8 50
50 82
50 93
42 50
50 99
50 57
38 50
7 50
22 50
50 62
50 79
50 60
50 74
19 50
31 50
50 63
8 30
30 82
30 99
30 57
7 30
22 30
30 39
30 79
30 60
30 74
19 30
16 30
30 86
30 63
30 37
30 32
85 94
8 94
42 94
94 99
7 94
22 94
39 94
34 94
79 94
19 94
36 94
16 94
72 94
30 94
19 21
21 31
21 72
21 63
12 39
12 34
12 79
12 74
12 19
12 31
12 72
12 30
12 37
12 32
19 80
16 80
72 80
63 80
12 80
2 57
2 22
2 39
2 77
2 41
2 74
2 36
2 31
2 86
2 30
2 12
2 37
46 85
8 46
46 82
46 93
42 46
46 99
46 57
38 46
7 46
22 46
46 62
39 46
46 77
34 46
46 79
41 46
16 46
46 72
46 86
46 63
12 46
2 46
8 88
82 88
42 88
88 99
38 88
7 88
77 88
34 88
60 88
41 88
19 88
16 88
86 88
30 88
12 88
38 67
7 67
39 67
34 67
60 67
41 67
16 67
31 67
67 86
30 67
21 67
37 67
53 77
34 53
53 79
53 74
36 53
53 72
53 86
53 63
12 53
53 67
54 85
8 54
54 82
54 93
9 54
42 54
54 99
54 57
38 54
7 54
22 54
54 62
39 54
54 77
34 54
54 79
54 60
41 54
19 54
31 54
54 72
30 54
21 54
2 54
37 54
29 85
8 29
29 99
29 57
7 29
22 29
29 62
29 77
29 41
29 74
19 29
16 29
29 86
29 63
21 29
2 29
29 54
29 78
10 85
8 10
10 82
10 93
9 10
10 42
10 99
10 57
10 38
7 10
10 22
10 62
10 39
10 77
10 34
10 79
10 60
10 41
10 19
10 16
10 86
10 63
10 12
2 10
10 54
10 88
10 37
10 29
10 11
11 37
3 21
2 3
3 54
3 88
3 11
0 3
19 65
31 65
65 72
30 65
21 65
65 67
54 65
65 78
10 65
64 85
8 64
64 82
64 93
42 64
64 99
38 64
22 64
39 64
64 77
64 79
64 74
36 64
16 64
64 86
63 64
21 64
64 67
64 88
64 78
11 64
37 64
47 99
47 57
38 47
7 47
39 47
47 77
47 60
41 47
36 47
31 47
47 72
30 47
12 47
2 47
47 54
71 85
8 71
71 82
71 93
42 71
71 99
38 71
7 71
71 77
34 71
60 71
41 71
19 71
16 71
71 72
30 71
21 71
67 71
71 88
71 78
37 71
24 71
55 71
18 57
7 18
18 62
18 79
18 60
18 41
18 19
18 31
18 86
18 30
18 21
2 18
18 88
18 71
11 18
18 64
18 65
13 18
42 96
96 99
38 96
62 96
77 96
34 96
60 96
41 96
36 96
31 96
86 96
63 96
21 96
2 96
54 96
78 96
11 96
0 96
65 96
13 96
37 96
61 96
41 92
74 92
19 92
31 92
86 92
30 92
21 92
2 92
88 92
78 92
11 92
0 92
65 92
23 85
8 23
23 82
23 93
9 23
23 42
23 99
23 57
23 38
7 23
22 23
23 62
23 39
23 77
23 34
23 79
23 60
23 74
19 23
23 31
23 86
23 30
12 23
2 23
23 54
23 78
11 23
23 64
23 65
23 37
19 66
16 66
66 72
30 66
21 66
66 67
54 66
66 78
10 66
0 66
23 66
13 66
37 66
66 91
50 66
19 68
16 68
68 72
63 68
12 68
2 68
54 68
68 71
10 68
64 68
55 68
13 68
29 68
66 68
5 85
5 8
5 82
5 93
5 99
5 57
5 38
5 7
5 39
5 77
5 79
5 74
5 19
5 31
5 86
5 63
5 12
2 5
5 54
5 78
5 11
0 5
5 55
5 23
5 96
17 62
17 77
17 79
17 74
17 19
17 31
17 86
17 63
17 21
17 67
17 54
17 88
11 17
0 17
17 64
13 17
17 29
17 37
85 95
8 95
82 95
93 95
42 95
95 99
57 95
38 95
7 95
22 95
62 95
39 95
77 95
79 95
60 95
74 95
19 95
16 95
72 95
63 95
21 95
2 95
54 95
71 95
10 95
64 95
65 95
23 95
29 95
17 95
38 69
22 69
39 69
34 69
60 69
41 69
36 69
31 69
69 72
63 69
12 69
67 69
69 88
69 78
10 69
64 69
65 69
13 69
29 69
66 69
37 69
56 86
30 56
12 56
2 56
56 88
56 78
11 56
56 64
56 65
13 56
29 56
17 56
56 69
56 92
73 85
8 73
73 82
73 93
42 73
73 99
38 73
7 73
62 73
34 73
60 73
73 74
16 73
31 73
73 86
63 73
21 73
2 73
67 73
71 73
10 73
64 73
55 73
23 73
73 96
17 73
5 73
73 92
70 73
50 73
27 85
8 27
27 82
27 93
27 42
27 99
27 57
27 38
7 27
22 27
27 62
27 39
27 77
27 34
27 79
27 41
27 36
16 27
27 72
27 30
21 27
27 67
27 54
27 78
11 27
0 27
27 65
23 27
27 96
27 66
27 69
27 61
27 73
76 85
8 76
76 82
76 93
42 76
76 99
38 76
7 76
76 77
34 76
60 76
19 76
16 76
31 76
76 86
63 76
12 76
2 76
76 88
71 76
10 76
64 76
65 76
13 76
29 76
66 76
69 76
76 92
4 85
4 8
4 82
4 93
4 9
4 42
4 99
4 57
4 38
4 7
4 22
4 62
4 39
4 77
4 34
4 79
4 41
4 74
4 36
4 16
4 86
4 30
4 12
2 4
4 88
4 71
4 10
4 64
4 65
4 23
4 96
4 17
4 69
4 61
4 73
4 68
3 4
33 85
8 33
33 82
33 93
33 42
33 57
33 38
22 33
33 77
33 34
33 79
19 33
33 36
16 33
33 86
30 33
12 33
21 33
33 54
33 71
11 33
0 33
33 55
13 33
33 96
17 33
33 69
33 92
4 33
33 76
33 37
15 85
8 15
15 82
15 93
15 42
15 99
15 57
15 38
7 15
15 22
15 62
15 39
15 77
15 34
15 60
15 74
15 16
15 31
15 86
15 63
12 15
2 15
15 88
15 78
10 15
15 64
15 65
13 15
15 29
15 17
15 69
15 61
15 73
15 76
15 27
15 68
25 63
25 30
21 25
2 25
25 88
25 71
10 25
0 25
25 55
23 25
25 29
25 66
25 61
25 92
4 25
25 76
15 25
20 25
18 25
25 50
1 85
1 8
1 82
1 93
1 99
1 57
1 38
1 7
1 39
1 34
1 79
1 41
1 36
1 16
1 72
1 63
1 12
1 2
1 54
1 71
1 11
1 64
1 65
1 13
1 96
1 17
1 69
1 92
1 73
1 46
1 37
1 20
44 88
44 71
11 44
0 44
44 55
23 44
29 44
44 66
44 69
44 61
4 44
44 76
37 44
15 44
18 44
33 44
43 86
43 63
21 43
2 43
43 54
43 71
11 43
0 43
43 55
23 43
29 43
43 66
43 69
43 61
4 43
43 46
37 43
20 43
43 44
14 85
8 14
14 82
14 93
9 14
14 42
14 99
14 57
14 38
7 14
14 22
14 62
14 39
14 77
14 34
14 79
14 60
14 74
14 16
14 31
14 86
14 30
12 14
14 67
14 88
14 71
11 14
0 14
14 55
14 23
14 96
14 66
14 69
14 92
14 73
14 37
14 27
14 15
14 44
35 85
8 35
35 82
35 93
35 42
35 99
35 38
7 35
35 62
34 35
35 60
35 41
19 35
31 35
35 72
35 63
21 35
2 35
35 67
35 78
11 35
0 35
35 55
13 35
29 35
35 66
35 69
35 92
35 73
35 46
27 35
18 35
35 44
54 83
78 83
10 83
0 83
55 83
13 83
83 96
66 83
5 83
83 92
4 83
46 83
27 83
18 83
35 83
14 83
26 99
26 57
7 26
22 26
26 62
26 34
26 41
26 74
26 36
16 26
26 86
26 63
21 26
2 26
26 88
26 78
10 26
0 26
26 65
13 26
26 29
26 66
26 69
26 61
26 73
26 46
26 37
20 26
18 26
26 35
1 26
26 80
51 77
34 51
51 79
41 51
19 51
31 51
51 86
51 63
21 51
2 51
51 54
51 78
11 51
51 64
51 65
13 51
29 51
51 66
17 51
51 92
4 51
46 51
27 51
20 51
44 51
14 51
26 51
51 83
45 85
8 45
45 82
45 93
42 45
45 99
45 57
38 45
7 45
22 45
45 62
34 45
41 45
19 45
36 45
31 45
45 86
45 63
12 45
45 67
45 54
45 78
11 45
45 64
45 55
23 45
29 45
45 66
5 45
45 61
4 45
45 76
27 45
20 45
44 45
45 50
26 45
45 51
45 70
40 42
40 99
38 40
22 40
39 40
40 77
40 41
40 74
36 40
31 40
40 72
30 40
12 40
2 40
40 67
40 78
10 40
0 40
40 65
23 40
29 40
17 40
40 69
40 92
40 73
40 46
27 40
20 40
40 44
14 40
26 40
40 83
40 70
40 95
40 98
40 87
85 89
8 89
89 99
57 89
38 89
7 89
62 89
34 89
79 89
41 89
19 89
16 89
72 89
30 89
12 89
67 89
88 89
78 89
10 89
0 89
65 89
23 89
89 96
17 89
69 89
61 89
73 89
76 89
37 89
18 89
44 89
14 89
50 89
1 89
40 89
56 89
75 88
71 75
10 75
64 75
55 75
13 75
75 96
66 75
69 75
61 75
73 75
75 76
37 75
20 75
18 75
35 75
26 75
51 75
40 75
56 75
53 75
79 90
74 90
19 90
31 90
86 90
30 90
12 90
67 90
54 90
71 90
11 90
0 90
65 90
13 90
90 96
17 90
5 90
61 90
4 90
46 90
37 90
15 90
18 90
14 90
50 90
83 90
70 90
56 90
75 90
43 90
47 90
25 90
48 90
36 58
58 72
58 86
30 58
21 58
58 67
54 58
58 78
11 58
58 64
55 58
23 58
58 96
17 58
5 58
58 92
58 73
46 58
27 58
15 58
18 58
35 58
50 58
58 83
58 70
58 80
24 58
58 90
47 58
3 58
58 87
58 89
58 94
58 68
84 85
8 84
82 84
84 93
42 84
84 99
7 84
22 84
39 84
34 84
41 84
74 84
19 84
16 84
72 84
63 84
21 84
2 84
84 88
78 84
10 84
64 84
65 84
13 84
84 96
66 84
5 84
84 92
4 84
46 84
27 84
20 84
18 84
35 84
50 84
1 84
70 84
40 84
80 84
43 84
33 84
3 84
53 84
84 89
59 84
85 97
8 97
82 97
93 97
42 97
97 99
57 97
38 97
7 97
22 97
62 97
39 97
77 97
34 97
79 97
41 97
19 97
31 97
72 97
63 97
21 97
67 97
88 97
71 97
11 97
0 97
65 97
13 97
96 97
66 97
5 97
61 97
73 97
76 97
37 97
15 97
44 97
14 97
26 97
51 97
70 97
80 97
75 97
24 97
47 97
3 97
25 97
59 97
94 97
84 97
45 97
49 62
49 79
49 60
41 49
36 49
31 49
49 86
30 49
12 49
49 67
49 88
49 78
11 49
49 64
49 55
29 49
49 96
17 49
5 49
49 61
4 49
49 76
27 49
20 49
44 49
14 49
49 50
1 49
49 70
49 56
49 75
43 49
33 49
47 49
25 49
49 53
49 68
49 97
39 52
34 52
52 60
41 52
16 52
31 52
52 72
52 63
21 52
52 67
52 88
52 78
52 71
52 64
52 55
23 52
29 52
52 66
52 69
52 61
4 52
52 76
37 52
20 52
18 52
50 52
1 52
52 83
51 52
52 56
52 75
24 52
47 52
3 52
52 87
52 89
52 68
52 97
49 52
52 91
6 52
52 95
28 85
8 28
28 82
28 93
9 28
28 42
28 99
28 57
28 38
7 28
22 28
28 62
28 39
28 34
28 79
28 41
19 28
16 28
28 72
28 30
12 28
28 67
28 54
28 71
10 28
28 64
28 65
23 28
28 29
17 28
5 28
28 92
4 28
28 46
27 28
15 28
28 44
14 28
26 28
28 83
28 51
28 40
28 80
24 28
28 90
28 47
28 87
28 59
28 94
28 68
28 52
28 91
28 58
28 98
6 28
81 85
8 81
81 82
81 93
9 81
42 81
81 99
57 81
38 81
7 81
22 81
62 81
39 81
77 81
34 81
79 81
60 81
74 81
36 81
16 81
72 81
30 81
21 81
2 81
81 88
71 81
10 81
0 81
55 81
13 81
81 96
17 81
69 81
61 81
73 81
46 81
27 81
20 81
18 81
35 81
50 81
81 83
51 81
40 81
75 81
24 81
47 81
81 87
25 81
81 89
59 81
68 81
49 81
81 91
48 81
6 81
45 81
28 81
32 52
49 98
32 49
6 49
45 49
97 98
32 97
91 97
84 95
6 84
84 98
48 84
58 84
45 84
58 91
58 98
32 58
58 95
59 90
68 90
90 95
33 90
90 91
53 90
6 90
75 91
33 75
6 75
25 75
75 89
75 95
75 94
68 75
24 89
33 89
3 89
53 89
6 89
89 95
48 89
45 89
68 89
40 94
32 40
40 68
40 45
6 40
40 43
24 40
45 80
43 45
33 45
45 87
25 45
45 59
45 48
45 95
32 45
33 51
47 51
43 51
51 59
6 51
51 80
51 56
51 70
48 51
51 53
6 26
26 83
3 26
26 87
26 48
26 56
26 43
26 47
26 95
26 32
53 83
80 83
70 83
25 83
68 83
24 83
83 94
59 83
48 83
83 87
3 35
32 35
35 56
24 35
35 48
35 98
35 91
35 80
35 87
35 59
14 35
35 68
35 70
14 53
3 14
6 14
14 32
1 14
14 95
14 50
14 33
14 43
14 94
1 43
43 80
24 43
43 94
32 43
43 91
43 53
43 98
6 43
43 95
43 87
44 80
44 59
44 48
44 95
44 94
1 44
44 70
44 87
1 24
1 33
1 68
1 25
1 98
1 47
1 91
1 95
1 56
1 32
1 3
1 6
25 70
25 80
25 33
3 25
25 87
25 32
25 98
25 94
25 59
25 91
15 94
15 18
3 15
15 20
15 33
6 15
15 91
15 56
15 48
15 98
15 59
15 50
15 24
33 70
33 56
24 33
33 47
3 33
33 94
33 48
33 98
32 33
4 98
4 48
4 59
4 94
4 24
4 18
4 76
4 6
4 37
46 76
68 76
76 87
76 95
24 76
56 76
76 80
76 98
18 76
20 76
70 76
37 76
27 76
27 37
27 32
27 87
27 91
27 53
27 47
27 59
27 80
27 50
27 95
73 91
46 73
20 73
73 80
32 73
73 95
56 73
53 73
47 73
37 56
50 56
56 59
3 56
56 80
56 87
56 98
56 95
47 56
53 56
48 56
69 70
48 69
69 92
69 95
24 69
69 80
5 69
6 69
92 95
20 95
3 95
53 95
94 95
91 95
48 95
95 98
17 92
3 17
17 48
17 32
17 18
17 98
6 17
5 17
17 47
17 61
17 53
5 61
3 5
5 91
5 50
5 87
5 37
5 18
5 59
5 68
5 53
5 98
5 47
5 94
5 32
5 46
5 20
61 68
20 68
18 68
68 70
24 68
3 68
53 68
68 94
68 91
48 68
46 66
66 94
66 70
66 87
66 80
20 66
24 66
59 66
23 47
23 61
23 80
23 98
23 92
23 50
23 94
20 23
23 53
23 24
23 46
6 23
92 96
50 92
53 92
48 92
87 92
59 92
46 92
24 92
6 92
20 92
80 92
47 96
48 96
91 96
32 96
6 96
24 96
20 96
18 96
70 96
18 61
18 37
18 32
18 47
18 53
18 98
6 18
18 50
18 91
59 71
70 71
71 94
20 71
47 71
61 71
46 71
71 87
71 80
50 71
71 91
10 47
47 64
47 55
47 61
46 47
20 47
47 50
24 47
47 87
47 53
47 48
47 59
6 47
61 64
53 64
6 64
64 91
46 64
64 80
64 87
64 65
32 64
37 65
46 65
3 65
53 65
65 98
55 65
13 65
50 65
61 65
65 80
3 13
3 29
3 61
3 46
3 37
3 70
3 80
3 24
3 87
3 32
3 91
11 55
0 11
6 11
11 98
11 80
11 32
11 48
11 50
10 59
10 13
10 24
10 94
10 70
10 20
10 46
10 61
10 87
10 53
0 29
29 55
13 29
29 37
29 98
29 53
29 94
29 87
29 80
29 59
29 50
29 46
24 54
54 88
54 61
0 54
50 54
53 54
54 91
54 80
54 94
32 54
13 54
53 78
46 53
20 53
50 53
53 87
6 53
53 98
53 59
53 91
67 88
59 67
67 91
32 67
61 67
24 67
67 94
20 67
48 67
13 67
0 67
55 67
67 70
67 87
37 88
6 88
48 88
88 98
55 88
78 88
46 88
59 88
20 88
88 91
46 87
46 59
46 48
6 46
32 46
46 94
46 91
2 87
2 50
2 98
2 6
2 78
2 70
2 80
20 80
80 91
80 87
32 80
59 80
48 80
24 80
12 59
12 24
12 98
12 61
12 55
0 12
12 87
12 70
12 21
12 20
21 37
21 78
21 32
21 48
13 21
21 94
21 50
6 21
21 91
0 94
55 94
61 94
20 94
50 94
70 94
87 94
59 94
48 94
32 94
6 94
30 70
6 30
30 61
30 50
30 48
24 30
30 91
30 87
50 78
37 50
24 50
50 91
50 98
50 59
50 70
59 63
13 63
63 78
0 63
20 63
55 63
63 98
37 78
0 78
32 78
13 78
6 78
48 78
78 98
70 72
20 72
72 87
72 86
61 72
72 91
55 72
0 72
48 72
55 87
13 87
20 87
87 98
48 87
31 48
31 91
24 31
20 31
13 31
31 59
31 86
31 61
37 86
32 86
86 98
24 86
59 86
13 86
6 86
0 98
61 98
37 98
24 98
59 98
32 98
20 74
24 74
20 36
0 20
20 55
20 37
20 70
36 59
24 36
6 36
36 61
36 70
0 36
36 55
6 16
6 55
6 37
6 48
6 32
19 70
19 59
19 55
19 48
16 19
19 91
16 37
16 32
16 48
13 16
0 16
16 70
16 55
0 13
13 37
13 32
13 48
13 59
13 91
13 70
60 61
60 91
0 60
24 60
0 24
24 55
24 37
24 70
24 59
61 79
0 79
41 61
61 70
37 61
32 61
61 91
77 91
34 91
41 91
55 91
70 91
48 91
34 55
41 55
0 55
37 55
32 55
55 70
55 59
48 55
41 62
62 70
59 62
48 62
34 62
0 62
34 70
41 70
0 70
37 70
32 70
22 59
22 34
0 22
34 48
41 48
0 48
37 48
38 41
34 38
0 38
7 41
34 41
37 41
32 41
41 59
0 41
57 59
34 57
0 57
7 59
34 59
0 59
32 59
0 42
34 99
7 34
34 37
32 34
7 99
7 37
7 32
0 7
0 93
37 99
32 99
0 99
32 82
0 82
0 8
0 37
0 85
