100 990
26 45
45 68
26 79
68 79
45 47
47 79
26 47
68 86
45 69
69 79
26 69
69 86
64 68
47 64
64 69
45 48
48 79
26 48
48 86
48 64
26 76
68 76
47 76
69 76
48 76
45 91
79 91
26 91
86 91
64 91
76 91
68 83
47 83
69 83
48 83
45 82
79 82
26 82
82 86
64 82
76 82
82 83
44 45
44 79
26 44
44 86
44 64
44 76
44 68
44 47
44 69
44 91
44 48
45 50
50 79
26 50
50 86
50 64
50 76
50 83
44 50
39 68
39 69
39 47
39 82
39 91
39 48
39 50
45 78
78 79
26 78
78 86
64 78
76 78
78 83
44 78
39 78
42 79
26 42
42 64
42 76
42 44
42 68
42 47
42 69
42 48
42 50
42 82
42 91
1 26
1 42
45 73
26 73
73 86
73 76
44 73
68 73
69 73
47 73
48 73
73 91
50 73
26 55
55 73
54 68
54 69
47 54
4 26
4 76
4 39
4 73
4 54
27 68
27 47
27 69
45 53
53 79
26 53
53 86
53 64
44 53
39 53
42 53
41 68
41 47
41 69
41 91
41 99
27 99
71 99
12 45
12 79
12 26
12 44
12 39
12 73
12 54
12 41
68 77
26 30
30 83
29 68
29 69
29 47
29 91
29 50
29 48
29 82
45 59
59 79
26 59
59 86
59 64
44 59
29 59
59 73
41 59
68 81
26 63
42 63
41 63
63 81
63 77
12 63
63 68
63 82
13 14
12 13
13 33
66 71
37 71
28 45
26 28
28 86
28 76
28 44
28 42
28 73
68 94
28 94
26 36
36 42
36 73
36 94
36 77
36 37
16 45
16 79
16 26
16 86
16 64
16 83
16 44
16 42
16 54
16 81
16 77
16 37
13 16
16 99
52 73
41 52
52 71
12 52
16 52
28 52
54 67
67 94
67 71
37 67
67 68
26 34
34 83
34 44
34 42
34 54
27 34
14 34
12 34
21 45
21 79
21 26
21 86
21 64
21 76
21 83
21 44
21 39
21 29
21 54
21 94
14 21
14 22
21 22
13 22
22 58
40 69
40 58
6 40
69 98
28 98
14 96
21 96
16 96
58 96
8 96
69 89
58 89
82 89
62 79
26 62
62 64
62 76
39 62
42 62
62 73
27 62
62 71
37 62
16 62
62 66
62 89
62 98
61 79
26 61
61 86
61 76
44 61
29 61
61 73
61 94
14 61
12 61
16 61
28 61
61 96
3 71
3 12
3 68
3 66
3 96
3 89
17 54
17 94
17 71
12 17
13 17
17 66
5 17
3 17
17 61
35 45
26 35
35 64
35 76
35 44
35 42
35 73
35 81
35 77
12 35
35 69
35 58
5 35
5 92
89 92
14 18
18 21
13 18
18 68
18 96
18 92
7 71
7 21
7 69
7 66
7 40
7 98
45 46
46 79
26 46
44 46
39 46
29 46
46 73
46 81
46 94
37 46
46 69
46 66
46 96
46 98
7 46
6 46
18 46
46 52
56 67
56 89
7 56
46 56
8 56
82 97
89 97
54 75
75 94
14 75
37 75
68 75
58 75
40 75
53 75
16 38
38 82
38 40
38 92
38 75
51 77
37 51
16 51
28 51
51 82
51 92
7 51
10 26
10 27
10 14
10 21
10 13
10 58
10 96
10 89
10 51
10 56
32 96
32 92
32 61
22 32
9 77
9 12
9 16
9 82
9 96
9 98
9 61
9 22
26 31
31 81
12 31
21 31
31 69
28 31
31 82
31 53
31 75
31 56
31 55
9 31
20 71
20 21
20 68
20 28
20 82
20 92
20 75
20 35
20 31
20 36
0 20
4 20
15 98
15 22
15 32
15 47
15 50
4 15
15 95
16 88
28 88
88 96
53 88
14 25
25 37
25 69
25 82
25 40
25 98
14 80
12 80
13 80
80 82
67 80
3 80
25 80
46 80
68 85
66 85
5 85
85 92
7 85
46 85
2 16
2 28
2 67
2 89
2 51
2 35
2 18
2 85
68 70
58 70
70 96
3 70
61 70
51 70
2 70
47 70
50 70
52 70
45 93
79 93
26 93
76 93
44 93
42 93
54 93
81 93
71 93
21 93
16 93
68 93
5 93
3 93
61 93
56 93
2 93
24 26
24 27
24 94
24 37
24 68
24 28
5 24
24 53
24 25
24 51
24 85
24 78
23 69
23 66
23 96
23 92
23 61
23 51
2 23
23 24
10 23
31 74
47 74
74 99
40 65
53 65
61 65
22 65
2 65
36 65
54 84
84 94
77 84
37 84
13 84
66 84
5 84
84 92
7 84
22 84
9 84
24 84
10 84
26 43
42 43
41 43
43 94
14 43
21 43
13 43
43 82
5 43
43 89
43 75
22 43
43 85
24 43
43 84
43 52
43 93
6 43
43 70
40 90
89 90
25 90
56 90
32 90
5 49
3 49
49 75
35 49
9 49
36 49
19 40
19 53
19 61
19 46
19 85
19 49
19 99
19 74
5 60
60 92
60 75
56 60
2 60
60 78
10 60
4 60
19 60
60 65
59 60
57 68
28 57
57 67
57 89
25 57
22 57
31 57
49 57
57 99
57 63
57 60
1 57
26 87
87 94
14 87
12 87
13 87
66 87
67 87
87 98
25 87
51 87
85 87
78 87
87 99
4 87
23 87
1 87
57 87
87 95
87 97
34 87
19 57
69 72
28 72
72 82
72 98
7 72
56 72
31 72
47 72
50 72
8 72
15 72
59 72
57 72
55 72
72 97
72 91
17 57
55 60
0 11
11 74
11 33
11 60
11 17
11 30
11 80
11 18
19 43
19 91
19 62
19 48
4 49
49 90
49 88
49 97
0 49
10 49
50 90
8 90
33 90
43 90
34 90
70 90
90 95
6 90
43 91
63 84
62 84
48 84
65 84
59 84
84 91
65 74
1 65
38 65
65 80
65 97
30 65
23 74
74 91
74 80
63 74
18 23
23 33
23 38
23 93
6 23
1 24
17 24
24 30
24 91
24 93
93 99
4 93
70 93
48 93
80 93
34 93
20 70
70 80
34 70
2 34
2 47
2 59
85 99
63 85
85 91
6 85
80 85
78 80
50 80
17 80
80 95
25 47
25 63
25 35
25 78
25 99
25 88
25 91
46 88
32 88
0 88
8 88
63 88
88 97
17 88
88 95
34 88
59 88
20 95
15 62
15 91
15 20
15 30
20 59
20 38
18 20
4 31
17 31
31 33
31 50
9 52
9 32
9 30
0 9
9 36
9 48
9 97
32 38
32 78
10 32
32 62
1 32
8 32
10 52
0 10
10 30
4 10
10 18
0 51
38 51
51 62
36 51
48 51
36 38
38 50
8 38
38 48
38 55
18 38
22 75
8 75
6 75
33 75
75 97
52 75
56 97
0 97
52 97
63 97
30 97
33 56
56 91
34 46
46 59
46 50
7 36
7 18
1 7
7 59
7 55
4 7
18 78
18 52
1 18
18 48
47 92
55 92
35 92
22 35
35 99
4 35
35 55
35 78
30 35
17 35
1 35
0 17
17 52
17 33
17 91
3 52
3 48
3 34
3 50
3 61
3 98
3 99
48 61
50 61
30 61
61 62
47 62
52 62
1 62
55 62
6 62
62 91
0 89
8 89
63 89
8 36
8 99
8 59
8 48
8 33
47 96
96 98
30 96
91 98
59 98
6 98
34 98
6 78
6 50
4 6
6 30
6 48
40 91
4 40
1 40
22 40
40 59
40 67
22 53
22 47
0 22
22 63
0 21
21 59
21 48
21 78
21 68
21 69
21 91
21 34
34 58
34 67
34 78
34 99
34 63
34 55
0 58
50 58
58 67
48 58
55 58
53 67
50 67
0 67
52 67
67 99
67 78
48 67
36 52
52 55
16 69
16 50
16 36
16 59
36 66
5 36
36 53
36 59
36 48
36 47
47 94
82 94
48 94
69 94
1 94
14 28
28 37
28 69
28 59
28 82
28 47
28 30
1 37
37 50
37 91
4 37
37 55
37 66
66 69
5 66
33 66
1 66
66 91
66 99
5 33
33 53
33 78
33 50
1 33
33 55
5 13
13 68
13 30
13 82
0 13
1 13
5 55
5 63
63 78
1 63
30 63
59 81
55 81
1 81
59 71
30 59
48 59
29 30
30 42
30 41
27 30
30 77
12 30
30 53
48 77
12 77
53 77
77 82
69 77
12 82
12 99
12 47
12 53
47 99
1 99
41 50
41 53
14 41
27 53
53 69
53 68
1 53
4 53
53 78
27 91
27 78
27 50
4 27
4 14
4 68
4 82
0 4
54 82
54 55
48 54
55 71
55 68
47 55
0 55
73 82
1 73
73 78
14 73
14 42
42 78
71 78
69 78
78 82
50 71
47 50
44 82
14 44
83 91
14 91
14 76
48 68
47 69
47 86
14 47
26 68
68 71
14 26
14 71
0 71
