100 1980
38 50
38 42
38 90
42 90
46 50
38 76
42 76
46 76
50 81
76 81
81 90
38 93
42 93
46 93
81 93
4 90
4 50
4 76
4 93
26 38
26 42
26 46
26 81
4 26
7 90
7 76
7 50
7 93
7 26
38 92
42 92
46 92
81 92
4 92
7 92
24 38
24 42
24 46
24 81
4 24
7 24
24 76
24 90
24 50
24 93
9 38
9 42
9 46
9 81
4 9
7 9
9 24
38 82
7 82
76 82
50 82
82 90
82 93
26 82
9 82
82 92
2 38
2 42
2 46
2 81
2 4
2 7
2 24
2 82
38 66
42 66
46 66
66 81
4 66
7 66
24 66
66 82
50 66
66 90
66 76
66 93
66 92
9 66
26 66
2 66
38 39
39 42
39 46
39 81
4 39
7 39
24 39
39 82
39 66
65 66
65 90
50 65
65 76
65 93
9 65
26 65
65 92
38 69
42 69
46 69
69 81
4 69
7 69
24 69
69 82
66 69
65 69
38 64
42 64
46 64
64 81
4 64
24 64
64 66
64 65
50 64
64 76
64 90
64 93
26 64
64 92
9 64
64 69
39 64
2 64
25 38
25 42
25 46
25 81
4 25
7 25
24 25
25 82
25 66
25 65
25 64
25 76
38 56
42 56
46 56
24 56
56 82
56 65
56 76
56 90
50 56
56 93
9 56
26 56
56 92
2 56
56 69
39 56
38 79
42 79
46 79
79 81
4 79
7 79
24 79
79 82
66 79
65 79
64 79
76 79
56 79
38 71
42 71
46 71
71 81
4 71
7 71
24 71
71 82
66 71
65 71
64 71
71 76
56 71
71 90
50 71
71 93
26 71
71 92
9 71
39 71
69 71
2 71
13 38
13 42
13 46
13 81
4 13
7 13
13 24
13 82
13 66
13 64
13 56
13 71
35 76
35 71
17 65
17 64
17 56
17 39
17 50
17 90
17 93
17 26
9 17
17 92
17 69
2 17
42 88
24 88
82 88
65 88
76 88
71 88
17 88
4 43
24 43
43 66
43 65
43 56
39 43
35 43
14 17
17 48
48 50
48 90
48 93
26 48
9 48
48 92
34 76
34 71
34 48
34 43
65 68
64 68
68 76
39 68
17 68
48 68
68 90
50 68
68 93
34 68
38 91
42 91
46 91
81 91
4 91
7 91
24 91
82 91
66 91
65 91
64 91
76 91
56 91
71 91
35 91
43 91
68 91
34 91
86 90
50 86
86 93
37 38
37 42
37 46
7 37
24 37
37 64
37 76
37 39
17 37
14 37
37 43
32 38
32 42
32 46
32 81
4 32
7 32
24 32
32 82
32 66
32 64
32 76
32 39
32 35
32 48
32 68
32 50
32 90
32 93
6 42
6 24
6 66
6 76
6 56
6 71
6 35
6 48
40 50
40 90
40 93
38 83
42 83
46 83
81 83
4 83
7 83
82 83
65 83
56 83
71 83
39 83
43 83
40 83
68 83
43 80
34 80
80 86
50 80
80 90
80 93
44 82
44 64
44 56
44 71
17 44
14 44
44 68
32 44
44 80
10 38
10 42
10 46
10 81
4 10
7 10
10 24
10 82
10 65
10 76
10 56
10 71
10 17
10 14
10 43
10 32
10 80
12 38
12 42
12 46
12 81
4 12
7 12
12 24
12 82
12 66
12 65
12 64
12 76
12 56
12 39
12 17
12 48
12 40
12 32
12 86
12 50
12 90
12 93
66 74
64 74
74 76
39 74
17 74
48 74
68 74
32 74
74 86
12 74
10 74
38 57
42 57
4 57
7 57
57 66
57 64
57 76
39 57
35 57
14 57
40 57
34 57
57 86
12 57
50 57
57 90
57 93
20 38
20 42
20 46
20 81
4 20
7 20
20 24
20 82
20 66
20 65
20 64
20 76
20 56
20 71
20 35
20 48
20 40
20 34
20 80
12 20
20 57
20 44
20 87
58 80
10 58
28 38
24 28
28 82
28 65
28 76
28 71
28 39
28 48
28 68
28 32
28 80
27 38
7 27
27 82
27 65
27 76
27 39
27 35
14 27
27 40
27 32
27 80
27 90
27 50
27 93
38 54
42 54
46 54
54 81
4 54
7 54
24 54
54 82
54 66
54 64
54 76
54 56
39 54
14 54
43 54
32 54
27 54
12 54
76 96
71 96
35 96
48 96
68 96
32 96
80 96
12 96
10 96
50 96
90 96
93 96
38 63
42 63
46 63
24 63
63 66
63 64
56 63
39 63
17 63
48 63
43 63
34 63
63 80
27 63
63 96
57 63
75 96
75 87
50 75
75 90
38 89
42 89
46 89
81 89
4 89
24 89
66 89
64 89
56 89
39 89
17 89
48 89
40 89
34 89
86 89
12 89
28 89
57 89
75 89
38 41
41 42
41 46
24 41
41 82
41 65
41 76
39 41
35 41
41 48
41 43
34 41
27 41
10 41
28 41
41 57
19 66
19 64
19 76
19 39
19 35
14 19
19 43
19 68
19 80
10 19
19 96
19 87
19 90
19 50
19 22
22 58
22 25
9 22
31 38
31 42
31 46
31 81
4 31
7 31
31 66
31 65
31 76
31 71
17 31
31 43
31 68
31 32
31 34
27 31
28 31
31 44
31 87
31 58
9 31
17 21
21 48
21 68
21 32
21 27
12 21
21 28
21 57
21 75
92 98
63 98
21 98
93 98
69 98
42 78
7 78
78 82
64 78
76 78
71 78
35 78
14 78
40 78
34 78
78 80
10 78
28 78
78 87
19 78
78 98
78 79
9 78
17 36
36 48
36 68
34 36
36 86
10 36
28 36
36 44
19 36
36 58
25 36
21 36
36 78
42 47
24 47
47 82
47 64
47 56
47 71
39 47
43 47
47 68
32 47
47 86
12 47
28 47
47 87
19 47
41 47
47 79
20 47
47 78
42 84
24 84
66 84
64 84
56 84
71 84
35 84
48 84
40 84
32 84
80 84
27 84
10 84
84 87
75 84
58 84
79 84
20 84
31 84
47 84
83 84
33 76
33 71
33 35
14 33
33 40
33 34
33 80
27 33
28 33
33 44
33 87
33 75
33 79
20 33
38 70
42 70
46 70
70 81
4 70
7 70
24 70
70 82
66 70
65 70
64 70
70 76
56 70
39 70
17 70
14 70
40 70
32 70
70 86
12 70
70 96
44 70
70 87
58 70
25 70
21 70
69 70
0 70
23 38
23 42
23 46
23 81
4 23
23 24
23 82
23 65
23 76
23 56
23 35
14 23
23 43
23 32
23 86
10 23
23 96
23 57
23 75
23 41
23 25
21 23
23 70
23 31
23 83
17 95
14 95
68 95
34 95
80 95
27 95
10 95
44 95
75 95
95 98
41 95
9 95
31 95
47 95
13 95
38 45
42 45
45 46
45 81
4 45
24 45
45 65
45 76
45 56
45 71
17 45
14 45
45 68
32 45
34 45
27 45
45 96
44 45
45 87
41 45
25 45
21 45
45 70
45 47
45 95
33 45
22 45
8 76
8 71
8 35
8 14
8 40
8 68
8 86
8 27
8 10
8 57
8 19
8 41
8 25
8 21
8 70
8 47
8 13
8 95
8 22
0 8
6 8
40 85
34 85
85 86
12 85
28 85
44 85
19 85
58 85
25 85
20 85
78 85
47 85
66 94
65 94
76 94
71 94
17 94
48 94
68 94
32 94
86 94
12 94
28 94
57 94
19 94
41 94
25 94
21 94
20 94
92 94
38 67
42 67
46 67
7 67
66 67
67 76
56 67
39 67
17 67
14 67
43 67
34 67
27 67
10 67
67 96
57 67
67 75
67 98
25 67
20 67
67 78
67 94
13 67
30 76
30 71
30 35
30 48
30 43
30 32
30 80
10 30
30 96
30 44
30 87
30 58
9 30
21 30
30 78
30 94
13 30
30 95
30 54
3 68
3 32
3 80
3 27
3 96
3 57
3 19
3 58
3 25
3 20
3 70
3 31
3 13
3 30
3 89
3 8
3 93
3 67
3 84
35 60
14 60
43 60
34 60
60 80
10 60
60 96
57 60
60 87
58 60
25 60
20 60
60 78
31 60
60 83
30 60
0 60
8 60
66 73
73 76
56 73
39 73
35 73
14 73
40 73
68 73
27 73
12 73
73 96
44 73
19 73
41 73
9 73
21 73
20 73
47 73
73 83
30 73
33 73
0 73
73 93
16 79
16 21
16 70
16 31
13 16
16 95
16 33
0 16
16 73
1 65
1 64
1 76
1 39
1 17
1 14
1 68
1 32
1 80
1 27
1 96
1 57
1 87
1 41
1 79
1 9
1 20
1 94
1 13
1 33
1 89
1 88
1 73
1 6
62 68
32 62
62 80
27 62
62 96
57 62
62 87
41 62
25 62
21 62
62 78
47 62
62 94
30 62
62 89
0 62
6 62
1 62
62 85
3 62
38 77
42 77
46 77
77 81
4 77
7 77
24 77
77 82
66 77
65 77
76 77
71 77
17 77
14 77
43 77
34 77
77 86
27 77
10 77
44 77
77 87
58 77
25 77
9 77
77 78
31 77
13 77
77 95
77 89
8 77
73 77
67 77
77 84
60 77
11 75
11 98
11 25
9 11
11 70
11 47
11 83
11 30
11 22
11 88
11 93
11 67
11 84
3 11
52 82
52 76
52 56
39 52
35 52
48 52
43 52
32 52
52 80
10 52
28 52
44 52
19 52
52 75
9 52
20 52
52 70
31 52
13 52
52 95
22 52
0 52
52 93
52 67
52 85
52 54
11 52
52 74
38 51
42 51
46 51
51 81
4 51
7 51
24 51
51 82
51 66
51 65
51 64
51 76
51 56
51 71
39 51
14 51
43 51
34 51
51 86
12 51
28 51
51 57
51 75
41 51
51 79
21 51
51 70
51 94
13 51
33 51
0 51
8 51
51 73
6 51
51 85
51 60
51 74
16 51
45 51
50 51
51 52
51 92
51 69
35 61
48 61
43 61
61 68
61 86
12 61
61 96
44 61
61 75
58 61
9 61
20 61
61 70
31 61
13 61
61 95
61 89
8 61
6 61
61 67
61 84
60 61
61 77
38 72
24 72
66 72
65 72
72 76
39 72
17 72
48 72
68 72
32 72
27 72
12 72
28 72
57 72
72 75
58 72
72 79
9 72
72 78
47 72
72 94
33 72
72 89
8 72
72 73
6 72
72 85
60 72
11 72
63 72
61 72
5 35
5 14
5 43
5 34
5 86
5 27
5 28
5 57
5 75
5 41
5 25
5 20
5 78
5 31
5 13
5 95
5 89
5 88
5 6
5 67
5 84
3 5
5 74
5 72
19 55
55 58
55 79
21 55
55 78
47 55
13 55
30 55
0 55
55 88
55 73
55 67
55 85
54 55
55 77
16 55
51 55
23 55
15 35
14 15
15 40
15 32
15 80
12 15
15 28
15 44
15 19
15 41
15 79
15 20
15 70
15 94
15 83
15 95
15 22
8 15
15 93
6 15
15 60
15 54
11 15
15 74
15 55
15 90
15 45
15 23
15 92
2 15
76 99
71 99
39 99
48 99
43 99
34 99
27 99
12 99
10 99
57 99
19 99
98 99
41 99
21 99
78 99
47 99
94 99
95 99
89 99
0 99
73 99
1 99
84 99
60 99
74 99
72 99
26 99
5 99
45 99
43 53
53 68
53 86
12 53
28 53
44 53
19 53
41 53
25 53
21 53
53 78
53 94
13 53
33 53
53 89
53 88
6 53
1 53
53 60
3 53
53 77
53 72
53 55
53 90
53 62
53 99
18 19
18 58
18 41
9 18
18 31
18 47
13 18
18 33
18 22
0 18
18 88
1 18
18 60
18 54
11 18
18 74
18 55
5 18
18 52
18 53
18 92
18 63
18 50
18 36
19 49
49 58
41 49
9 49
31 49
49 94
49 83
49 95
22 49
8 49
49 73
6 49
49 85
49 54
49 77
49 74
26 49
5 49
49 52
23 49
2 49
49 63
79 97
21 97
70 97
31 97
83 97
30 97
89 97
88 97
93 97
1 97
84 97
3 97
77 97
72 97
26 97
90 97
62 97
23 97
92 97
63 97
50 97
49 97
61 97
69 97
49 91
18 49
29 42
24 29
29 82
29 64
29 76
29 71
17 29
29 48
29 40
29 34
29 80
10 29
29 96
29 57
29 75
29 41
29 79
9 29
29 78
29 94
29 83
29 33
22 29
29 88
29 93
1 29
29 84
29 60
29 77
16 29
26 29
29 55
29 45
29 53
29 37
29 99
15 29
29 91
18 29
29 49
53 63
37 53
53 91
36 53
92 99
36 99
91 99
38 59
42 59
46 59
24 59
59 82
59 65
56 59
39 59
17 59
48 59
40 59
34 59
59 80
12 59
28 59
59 87
19 59
58 59
9 59
20 59
59 78
47 59
13 59
59 95
59 89
0 59
6 59
59 67
59 85
54 59
59 77
59 72
26 59
5 59
45 59
23 59
37 59
2 59
59 99
59 69
36 59
59 61
15 99
15 61
15 69
55 62
5 55
55 90
55 63
5 50
5 37
5 36
5 61
5 92
26 72
16 72
37 72
72 91
51 61
45 61
23 61
37 61
2 61
36 61
51 90
2 51
36 51
52 90
52 92
23 52
2 52
52 91
50 52
52 69
11 36
11 63
11 37
11 77
11 91
11 69
11 16
11 74
45 77
62 77
23 77
2 77
16 62
62 90
45 62
62 63
37 62
36 62
2 62
62 69
1 2
1 23
1 74
1 54
1 16
1 50
1 45
1 92
16 84
3 16
16 92
16 69
2 16
16 90
16 36
16 23
60 73
73 85
45 73
73 92
54 73
69 73
67 73
60 67
23 60
50 60
3 60
26 60
45 60
3 91
3 23
3 74
3 69
3 37
3 54
22 30
30 67
30 90
30 89
0 30
26 30
30 33
2 30
30 69
30 36
67 89
0 67
26 67
67 90
37 67
67 91
67 85
63 67
6 94
2 94
91 94
37 94
22 94
50 94
69 94
54 94
85 94
33 85
85 89
8 85
74 85
2 85
85 90
54 85
37 85
69 85
36 85
8 36
8 92
8 69
8 23
8 45
8 88
45 84
26 45
45 90
45 69
2 45
63 95
6 95
37 95
23 95
93 95
91 95
74 95
22 23
23 93
23 90
23 92
23 50
2 70
54 70
33 70
50 70
70 74
70 92
70 83
63 70
70 89
33 47
33 83
33 88
33 50
6 33
33 92
33 63
33 84
33 93
33 36
84 89
0 84
84 88
6 84
63 84
84 91
26 84
84 92
26 47
47 89
36 47
47 88
13 47
47 69
47 74
36 83
36 93
6 36
36 54
36 92
36 50
78 88
78 93
31 78
26 78
78 90
13 78
78 91
41 98
54 98
74 98
91 98
21 25
9 21
13 21
21 31
21 63
21 89
6 21
21 74
21 69
6 31
22 31
31 54
31 90
31 83
0 31
31 93
31 63
22 83
2 22
22 37
22 92
22 91
22 26
0 22
6 22
22 88
22 50
19 41
19 79
9 19
19 54
19 69
19 93
19 26
41 89
26 41
41 79
41 50
41 83
37 41
41 90
79 89
83 89
89 90
74 89
54 89
63 89
2 75
75 91
58 75
74 75
75 92
13 75
75 83
6 75
63 75
9 75
25 63
0 63
63 93
54 63
26 63
37 63
50 63
63 69
87 96
92 96
91 96
83 96
26 96
54 96
69 96
28 96
13 96
44 54
54 79
9 54
54 88
50 54
54 92
54 90
2 54
6 27
13 27
25 27
27 91
27 69
27 79
27 28
28 50
28 90
28 93
28 88
9 28
28 44
25 28
2 28
28 58
28 79
57 58
58 90
50 58
13 58
0 58
20 58
2 58
25 58
6 58
58 88
20 79
0 20
2 20
20 83
20 93
20 26
20 50
20 90
20 37
37 57
57 74
57 83
6 57
57 88
44 57
74 79
74 83
74 88
6 74
74 90
74 92
50 74
26 74
12 88
6 12
9 12
2 12
10 12
12 37
12 83
10 50
10 90
10 93
10 92
10 44
10 87
10 13
10 26
6 10
10 37
44 90
44 50
44 93
25 44
26 44
9 44
44 92
44 79
44 91
44 87
69 80
80 83
80 87
26 80
25 83
83 91
50 83
83 92
83 93
0 83
26 83
13 40
26 40
25 40
40 88
40 87
6 40
9 40
6 32
6 79
6 93
6 90
6 69
32 37
32 34
13 32
32 87
37 86
37 87
25 37
9 37
13 37
0 37
37 93
26 37
37 50
37 91
86 88
25 86
86 91
79 86
86 92
9 86
2 86
79 91
9 91
0 91
91 93
26 91
90 91
50 91
69 91
68 69
68 92
26 68
9 68
68 88
34 50
34 90
34 93
25 34
2 34
34 69
34 79
34 92
2 48
48 69
48 87
14 48
14 90
14 50
14 93
14 26
14 92
9 14
14 25
13 14
14 79
14 43
43 50
43 90
43 93
9 43
43 88
26 43
43 92
43 79
2 43
87 88
79 88
9 88
13 88
50 88
88 90
26 88
88 93
2 88
17 87
17 35
35 50
35 90
35 93
26 35
9 35
35 92
13 35
35 79
2 35
35 69
25 35
13 87
13 25
2 13
13 90
71 79
79 93
69 79
2 79
79 92
0 79
25 56
25 39
25 87
25 90
9 25
25 26
64 87
69 76
39 69
69 87
0 69
2 69
2 65
39 65
39 76
39 90
39 50
39 93
26 39
39 92
9 39
2 39
39 87
66 87
2 76
2 87
2 93
2 92
82 87
9 76
9 50
9 92
24 26
24 92
24 87
76 92
7 87
26 76
26 93
26 50
4 87
76 93
87 93
50 93
81 87
50 76
76 90
76 87
46 90
46 87
87 90
42 50
42 87
50 87
38 87
0 87
