100 495
43 76
13 43
21 76
13 21
40 43
21 40
76 92
13 92
40 92
2 92
33 43
21 33
33 92
74 76
13 74
2 74
33 74
74 89
38 43
21 38
38 92
33 69
38 69
17 43
17 21
17 56
31 76
13 31
2 31
43 75
21 75
2 68
68 75
15 43
15 21
0 15
76 96
13 96
2 96
38 96
15 96
2 64
64 89
42 43
22 42
22 31
1 67
3 75
3 31
42 94
44 94
36 94
45 94
61 94
21 61
6 61
37 76
13 37
2 37
37 89
15 37
37 44
75 90
44 90
16 90
45 90
1 48
45 48
16 79
68 79
48 79
61 79
43 54
7 33
7 38
7 54
7 31
7 64
64 98
86 98
41 76
13 41
2 41
41 89
15 41
28 42
28 31
13 50
2 50
33 50
50 89
17 50
28 50
50 64
50 77
2 60
60 89
42 60
28 60
39 52
39 68
17 26
26 31
26 52
26 50
26 96
26 85
41 55
55 85
16 51
50 51
48 51
51 55
72 74
21 72
51 72
27 72
27 60
84 97
63 84
57 63
18 26
18 98
36 59
59 68
26 59
59 61
30 53
30 69
30 60
10 81
81 98
30 81
74 81
2 14
14 38
14 15
14 44
14 45
14 50
10 14
14 61
14 84
14 74
42 87
44 87
16 87
68 87
87 96
37 87
43 87
67 87
14 87
64 82
45 82
82 96
37 82
30 82
2 23
23 89
23 42
23 44
23 52
3 23
0 83
23 83
66 83
16 25
3 25
25 96
25 37
10 46
25 46
46 56
46 57
8 46
41 78
0 78
43 78
74 78
52 62
45 62
62 96
52 95
3 95
48 95
0 95
24 26
24 95
9 19
19 79
26 99
98 99
43 99
33 70
70 75
17 70
31 70
64 70
50 70
70 96
61 70
53 70
12 33
12 89
12 17
12 31
12 64
12 86
12 41
12 98
12 56
12 70
52 80
68 80
48 80
25 80
21 80
23 80
6 80
80 82
12 80
1 91
86 91
41 91
25 91
56 91
90 91
80 91
69 91
24 91
9 34
23 34
34 91
18 47
47 82
4 48
4 55
4 59
30 65
65 71
9 35
35 57
35 51
18 35
35 65
5 9
5 74
5 35
5 34
21 29
29 60
29 99
24 29
21 32
32 67
14 32
20 76
2 20
20 33
20 89
17 20
20 28
20 52
20 50
10 20
20 55
20 77
20 90
20 62
19 20
20 32
20 39
29 32
32 65
5 29
46 93
5 93
4 65
22 65
4 71
51 71
71 92
4 8
4 47
73 96
0 73
21 73
70 73
73 92
4 73
73 94
2 88
75 88
42 88
28 88
45 88
68 88
48 88
0 88
53 88
79 88
62 88
24 88
73 88
63 88
34 47
7 34
12 97
12 63
12 87
70 85
66 70
70 99
19 99
11 99
11 81
11 46
11 85
10 49
49 95
49 56
49 79
49 99
49 81
27 49
6 49
19 39
19 51
9 39
9 24
24 60
22 24
67 95
62 95
90 95
7 95
62 84
62 67
62 97
62 78
53 58
58 67
14 58
58 78
51 58
27 58
46 78
69 78
25 66
25 77
25 94
66 77
66 92
66 97
27 66
51 66
77 83
22 83
67 83
23 55
23 59
23 90
23 94
23 82
39 82
82 87
22 87
14 81
81 85
53 59
22 53
6 59
43 59
18 59
18 60
18 94
18 63
63 69
57 97
6 97
84 90
8 84
8 79
7 8
8 27
55 92
55 60
77 85
85 92
7 85
26 37
26 39
39 98
39 67
7 39
52 96
21 52
52 60
50 60
60 96
7 60
43 50
22 50
28 77
28 43
28 41
0 28
28 68
28 92
41 64
41 68
41 98
41 69
41 43
41 92
21 98
74 98
37 86
56 86
7 86
7 10
7 77
54 74
54 77
1 77
56 77
77 79
69 79
48 74
10 48
10 90
56 90
6 90
16 37
16 56
16 74
0 37
37 69
37 56
6 37
6 94
56 61
43 94
69 94
36 64
3 36
3 45
3 67
3 69
3 92
3 74
3 96
43 67
1 68
1 69
1 45
0 1
22 45
0 22
22 74
22 92
21 42
42 64
44 64
64 92
43 64
21 44
44 96
44 69
15 68
0 68
21 68
75 92
31 75
0 75
17 31
31 92
31 43
31 56
31 74
17 69
38 74
89 92
21 92
2 40
2 21
21 89
2 13
2 43
43 89
0 43
2 76
2 89
0 89
