100 1980
2 94
2 9
9 94
2 47
9 47
2 50
9 50
50 94
47 50
2 40
9 40
40 50
13 94
13 47
13 40
2 37
9 37
37 50
13 37
2 69
9 69
50 69
13 69
69 94
47 69
40 69
37 69
2 39
9 39
39 50
13 39
39 69
39 94
39 47
39 40
37 39
1 2
1 9
1 50
1 13
1 69
1 39
8 94
8 47
8 40
8 37
2 44
9 44
44 50
13 44
44 69
39 44
8 44
11 94
11 47
11 40
11 37
2 10
9 10
10 50
10 13
10 69
10 39
8 10
10 11
39 70
11 70
70 94
47 70
40 70
37 70
1 70
44 70
10 70
2 76
9 76
50 76
13 76
69 76
39 76
8 76
11 76
70 76
94 98
47 98
40 98
37 98
44 98
10 98
1 98
2 23
9 23
23 50
13 23
23 69
23 39
8 23
11 23
23 70
23 98
2 92
9 92
50 92
69 92
39 92
70 92
92 94
47 92
40 92
37 92
10 92
44 92
1 92
76 92
23 92
2 52
9 52
50 52
13 52
52 69
39 52
8 52
11 52
52 70
52 98
52 92
74 94
47 74
40 74
37 74
10 74
44 74
1 74
23 74
74 76
52 74
2 36
9 36
36 50
13 36
36 69
36 39
8 36
11 36
36 70
36 98
36 92
36 74
2 46
9 46
46 50
13 46
46 69
39 46
8 46
46 98
46 74
46 94
46 47
40 46
37 46
1 46
10 46
44 46
46 52
46 76
23 46
36 46
2 58
9 58
50 58
13 58
58 69
39 58
8 58
11 58
58 70
58 98
58 92
58 74
46 58
58 76
2 6
6 9
6 50
6 69
6 39
6 70
6 92
6 46
6 94
6 47
6 40
6 37
6 44
1 6
6 10
6 23
6 52
6 58
6 36
2 28
9 28
28 50
13 28
28 69
28 39
8 28
11 28
28 70
28 98
28 92
28 74
28 46
28 76
6 28
2 61
9 61
50 61
13 61
61 69
39 61
8 61
61 70
61 92
61 76
61 94
47 61
40 61
37 61
1 61
44 61
10 61
23 61
52 61
36 61
58 61
28 61
2 12
12 69
12 39
11 12
12 74
12 46
12 61
9 65
65 69
8 65
65 98
65 74
65 76
2 35
35 50
35 39
35 98
35 92
35 46
6 35
35 94
35 47
35 40
35 37
35 44
10 35
1 35
35 52
23 35
35 36
21 39
11 21
21 92
6 21
21 35
21 65
21 23
10 21
21 40
2 42
9 42
42 50
13 42
39 42
42 70
42 74
42 46
42 61
6 27
27 65
27 94
27 47
27 40
27 37
10 27
27 44
1 27
23 27
27 52
39 97
97 98
46 97
76 97
61 97
27 97
3 50
3 69
3 39
3 70
3 74
3 76
3 35
3 65
3 23
3 94
3 47
3 40
3 37
3 44
1 3
3 10
3 28
2 18
9 18
18 50
18 69
18 39
18 70
18 92
18 46
18 61
18 27
3 18
53 94
47 53
40 53
37 53
10 53
1 53
8 56
56 70
46 56
6 56
35 56
27 56
53 56
10 56
40 56
28 56
42 56
2 77
9 77
50 77
69 77
39 77
77 98
74 77
76 77
35 77
23 77
2 78
9 78
50 78
13 78
69 78
39 78
8 78
11 78
70 78
78 98
78 92
74 78
46 78
6 78
61 78
65 78
78 94
47 78
40 78
37 78
1 78
10 78
44 78
42 78
39 91
11 91
74 91
76 91
61 91
65 91
78 91
10 91
2 55
9 55
50 55
13 55
55 69
39 55
8 55
11 55
55 70
55 98
46 55
55 76
35 55
27 55
3 55
53 55
55 94
47 55
40 55
37 55
2 31
9 31
31 50
13 31
31 69
31 39
8 31
11 31
31 70
31 98
31 92
31 74
31 46
31 76
6 31
23 31
3 31
31 55
31 60
94 96
47 96
35 64
27 64
3 64
10 64
60 64
64 96
2 54
9 54
50 54
13 54
54 69
11 54
54 98
46 54
35 54
27 54
23 54
10 54
54 55
28 54
54 94
47 54
30 54
30 77
6 62
27 62
23 62
55 62
40 62
28 62
20 39
11 20
20 98
20 76
20 61
20 65
3 20
10 20
20 60
20 96
20 54
20 94
20 47
20 77
2 4
4 9
4 50
4 69
4 39
4 70
4 92
4 46
4 65
4 27
3 4
4 10
4 40
4 28
4 20
61 83
65 83
78 83
55 83
60 83
83 96
42 83
83 94
47 83
9 75
69 75
39 75
70 75
75 92
75 76
6 75
27 75
3 75
53 75
60 75
28 75
42 75
75 83
62 75
31 75
46 63
6 63
61 63
27 63
3 63
55 63
40 63
42 63
20 63
63 77
18 63
41 94
41 63
26 54
26 83
18 26
26 41
2 86
9 86
50 86
13 86
69 86
39 86
8 86
11 86
70 86
86 98
86 92
74 86
46 86
76 86
61 86
65 86
78 86
10 86
60 86
28 86
54 86
83 86
62 86
31 86
24 39
11 24
24 92
24 76
6 24
24 27
24 78
24 55
24 60
24 96
20 24
24 77
39 90
11 90
90 92
76 90
35 90
23 90
3 90
10 90
55 90
90 96
54 90
77 90
62 90
90 94
37 90
2 79
9 79
50 79
13 79
69 79
39 79
8 79
11 79
70 79
79 98
79 92
6 79
35 79
65 79
3 79
53 79
60 79
42 79
54 79
79 83
79 90
41 79
31 79
47 79
37 79
5 98
5 46
5 35
5 65
5 78
5 53
5 55
5 28
5 54
5 83
5 18
82 94
3 7
7 53
7 60
7 42
7 20
7 77
7 62
7 82
7 24
7 86
3 68
55 68
40 68
42 68
54 68
68 77
62 68
31 68
24 68
1 68
5 68
2 66
9 66
50 66
13 66
66 69
39 66
8 66
66 98
66 92
66 76
35 66
27 66
66 78
53 66
60 66
66 96
54 66
66 83
66 90
66 82
63 66
66 86
66 68
2 99
9 99
50 99
13 99
69 99
39 99
8 99
98 99
92 99
76 99
35 99
65 99
3 99
10 99
40 99
28 99
54 99
77 99
90 99
41 99
24 99
1 99
68 99
91 99
14 92
14 76
6 14
14 27
14 78
14 53
14 55
14 28
14 54
14 18
14 62
14 31
14 24
14 86
14 47
14 99
7 14
39 45
11 45
45 92
45 76
35 45
23 45
45 78
45 53
45 60
45 96
42 45
45 83
45 62
31 45
45 63
1 45
45 47
61 80
27 80
78 80
53 80
55 80
28 80
42 80
18 80
62 80
80 82
24 80
1 80
47 80
22 50
22 69
8 22
22 70
22 98
22 46
22 61
22 23
22 78
10 22
22 60
22 96
22 54
22 77
18 22
22 41
22 24
22 86
22 37
22 80
34 39
34 70
34 98
34 76
34 35
27 34
3 34
34 53
34 55
34 96
20 34
18 34
34 62
34 82
34 63
34 86
34 47
34 99
7 34
2 84
9 84
50 84
69 84
39 84
70 84
74 84
76 84
6 84
65 84
23 84
10 84
55 84
42 84
54 84
83 84
62 84
84 90
24 84
84 86
37 84
84 99
34 84
4 84
56 84
2 16
9 16
16 50
16 69
16 39
16 70
16 98
16 76
16 61
16 27
16 23
16 53
16 60
16 96
16 42
16 18
16 90
16 31
16 63
16 47
16 37
16 99
16 34
16 45
16 91
2 95
69 95
39 95
95 98
92 95
6 95
35 95
23 95
78 95
53 95
60 95
95 96
42 95
18 95
90 95
82 95
24 95
1 95
68 95
95 99
7 95
43 61
43 65
3 43
10 43
43 60
28 43
43 54
43 77
43 90
31 43
43 86
1 43
43 47
5 43
34 43
4 43
43 56
43 95
22 43
26 43
43 52
43 64
36 43
8 59
11 59
59 74
46 59
59 61
23 59
59 78
53 59
55 59
28 59
54 59
59 77
18 59
41 59
31 59
47 59
37 59
5 59
59 80
43 59
56 59
16 59
58 59
92 93
46 93
6 93
23 93
78 93
10 93
60 93
28 93
20 93
83 93
62 93
82 93
63 93
86 93
68 93
93 99
34 93
45 93
56 93
18 49
31 49
24 49
49 86
49 68
49 80
7 49
4 49
49 56
44 49
19 74
19 46
19 61
19 27
3 19
19 55
19 60
19 96
19 20
19 77
19 62
19 82
19 63
1 19
19 68
19 80
19 34
19 45
19 91
19 49
38 61
23 38
38 78
38 55
38 40
38 96
38 54
38 77
18 38
38 82
31 38
38 86
37 38
38 99
7 38
38 45
38 43
15 61
15 27
15 78
15 53
15 60
15 96
15 20
15 83
15 62
15 31
15 63
15 47
15 68
5 15
15 80
15 45
15 43
15 49
15 64
12 15
23 71
55 71
40 71
28 71
20 71
71 83
18 71
31 71
24 71
1 71
68 71
71 99
34 71
45 71
43 71
15 71
58 71
71 84
25 35
23 25
25 78
10 25
25 60
25 42
25 54
18 25
25 62
25 82
25 63
1 25
25 37
5 25
25 34
4 25
25 91
25 49
25 38
25 84
2 88
9 88
50 88
13 88
69 88
39 88
8 88
70 88
74 88
76 88
6 88
65 88
23 88
53 88
60 88
28 88
20 88
83 88
18 88
82 88
24 88
1 88
68 88
5 88
7 88
45 88
88 91
16 88
15 88
25 88
59 88
64 88
75 88
0 88
12 88
9 57
57 69
39 57
57 70
46 57
57 76
6 57
57 65
57 78
10 57
57 60
28 57
54 57
57 83
57 62
31 57
24 57
47 57
57 68
57 80
34 57
4 57
56 57
49 57
15 57
57 93
25 57
57 64
8 48
48 98
48 92
48 76
6 48
48 65
3 48
48 55
40 48
42 48
48 54
18 48
48 62
48 82
48 63
1 48
37 48
5 48
7 48
45 48
48 56
16 48
38 48
48 84
14 48
48 64
48 75
48 52
48 57
22 48
26 48
0 48
29 98
6 29
29 61
29 65
29 78
10 29
29 40
29 42
20 29
18 29
29 90
29 41
29 63
29 86
29 37
29 80
29 34
29 45
29 91
16 29
29 58
29 84
25 29
35 67
65 67
67 78
10 67
40 67
28 67
20 67
18 67
67 90
67 82
31 67
67 86
37 67
5 67
67 80
4 67
67 91
16 67
58 67
67 93
14 67
68 72
72 80
34 72
4 72
43 72
16 72
38 72
72 84
25 72
67 72
21 72
0 72
2 32
9 32
32 50
13 32
32 69
32 39
8 32
11 32
32 74
32 76
32 35
27 32
3 32
32 53
32 60
32 40
20 32
32 83
32 90
31 32
32 63
32 86
32 47
32 80
7 32
4 32
32 56
16 32
32 38
32 93
14 32
32 67
32 75
0 32
32 71
32 72
32 79
26 32
29 32
22 32
89 92
76 89
6 89
65 89
78 89
10 89
40 89
42 89
54 89
77 89
89 90
41 89
63 89
1 89
68 89
89 99
7 89
45 89
89 91
16 89
58 89
89 93
59 89
64 89
21 89
89 97
32 89
57 89
36 89
33 78
10 33
33 40
33 96
33 42
33 83
33 90
33 41
33 86
33 47
33 37
33 99
33 80
33 45
33 43
16 33
33 58
33 84
14 33
33 64
33 75
33 97
12 33
17 40
17 96
17 42
17 77
17 90
17 82
17 24
17 86
17 37
5 17
7 17
4 17
17 56
16 17
17 58
17 84
17 59
17 67
17 48
17 97
12 17
17 33
17 52
17 95
17 30
17 71
17 19
17 29
17 88
17 36
33 36
19 33
33 52
29 33
33 89
2 73
9 73
50 73
13 73
69 73
39 73
8 73
11 73
70 73
73 98
73 92
73 74
46 73
6 73
35 73
23 73
3 73
10 73
60 73
28 73
20 73
18 73
62 73
73 82
24 73
1 73
68 73
5 73
34 73
4 73
56 73
49 73
58 73
73 93
59 73
67 73
21 73
0 73
32 73
57 73
73 95
33 73
8 81
70 81
74 81
76 81
35 81
65 81
23 81
53 81
40 81
42 81
20 81
77 81
62 81
81 90
24 81
1 81
37 81
81 99
7 81
45 81
81 91
49 81
38 81
81 84
25 81
14 81
48 81
81 97
12 81
57 81
81 95
61 85
27 85
23 85
53 85
40 85
85 96
20 85
18 85
62 85
41 85
24 85
47 85
68 85
80 85
7 85
45 85
85 91
49 85
58 85
38 85
14 85
67 85
21 85
0 85
85 94
57 85
36 85
72 85
26 85
51 61
27 51
3 51
10 51
40 51
28 51
42 51
51 83
51 62
51 82
51 63
47 51
37 51
5 51
51 80
4 51
51 56
49 51
15 51
38 51
51 59
51 67
48 51
0 51
51 94
51 57
51 85
19 51
51 89
51 52
44 51
26 51
51 88
29 51
81 85
79 85
22 85
85 88
81 89
71 81
73 81
79 81
81 88
52 81
22 73
71 73
73 79
29 73
66 73
26 33
87 92
76 87
6 87
65 87
23 87
55 87
60 87
42 87
20 87
77 87
18 87
41 87
63 87
86 87
37 87
5 87
34 87
45 87
87 91
16 87
15 87
84 87
59 87
64 87
75 87
87 97
12 87
57 87
87 95
33 87
87 89
52 87
44 87
66 87
87 88
79 87
30 89
88 89
29 89
32 94
32 36
72 94
19 72
26 72
66 72
44 72
72 79
22 72
52 72
21 67
29 67
67 95
0 67
36 67
44 67
22 67
29 48
29 97
29 36
22 29
29 71
29 88
12 48
48 79
0 57
57 94
36 57
57 79
57 88
26 88
22 25
21 25
25 66
25 95
0 25
25 44
25 79
25 52
25 71
14 71
71 75
0 71
71 95
19 71
22 71
44 71
30 71
15 38
15 97
15 30
15 36
15 95
0 15
14 15
15 44
15 26
12 38
38 79
38 64
22 38
19 38
30 38
38 66
26 38
36 38
19 84
14 19
19 64
19 75
0 19
19 94
19 95
19 66
19 44
19 30
22 49
49 66
36 49
49 75
49 52
49 94
0 49
49 93
58 93
93 94
14 93
79 93
44 93
30 93
21 93
59 93
93 97
0 93
52 93
26 59
12 59
59 94
22 59
59 97
30 59
59 75
14 59
43 91
43 75
0 43
30 43
12 43
91 95
16 95
84 95
75 95
95 97
12 95
30 95
44 95
52 95
16 84
16 26
16 58
16 21
16 79
58 84
66 84
12 84
75 84
64 84
34 58
4 34
34 91
34 75
34 45
22 34
34 44
22 56
21 22
22 94
22 36
22 30
22 26
80 94
45 80
64 80
0 80
30 80
79 80
66 80
36 80
12 45
30 45
14 45
45 91
44 45
14 91
14 56
14 64
14 36
12 14
14 79
14 26
52 99
44 99
75 99
97 99
36 99
12 99
5 99
58 99
66 99
4 66
56 66
64 66
66 75
21 66
12 66
66 94
36 66
52 66
66 79
30 66
0 68
68 94
58 68
7 68
12 68
68 75
56 68
5 7
7 26
7 52
7 21
7 56
7 94
7 64
7 12
7 97
4 82
44 82
82 97
12 82
5 82
30 82
31 82
21 82
5 63
5 86
0 5
5 21
5 79
5 91
5 30
4 5
5 26
5 56
4 79
56 79
79 97
36 79
30 79
47 90
24 90
64 90
31 90
90 91
44 90
36 90
12 90
58 90
24 31
24 94
24 86
24 47
24 52
24 44
12 24
0 24
21 24
26 86
86 94
86 97
36 86
52 86
12 86
1 26
26 47
26 91
21 26
26 94
26 44
26 30
41 58
41 91
41 47
37 41
1 41
0 41
63 94
56 63
37 63
4 63
36 63
63 64
63 75
63 91
1 63
1 75
4 75
58 75
64 75
21 75
36 75
75 94
4 83
37 83
0 83
31 83
83 91
36 83
77 83
21 83
44 83
4 18
1 4
4 37
4 58
0 4
4 94
4 97
4 21
20 62
20 52
20 37
1 20
20 91
20 44
20 21
62 77
62 94
30 62
52 62
1 62
62 97
56 62
30 31
30 47
30 37
30 64
21 30
30 97
12 30
54 58
54 64
12 54
36 54
18 54
54 97
18 64
31 64
47 64
37 64
64 91
64 94
52 64
64 97
52 96
28 96
12 96
91 96
31 96
31 42
31 94
31 36
31 52
31 56
31 58
44 55
28 55
55 58
0 55
36 55
1 55
55 60
60 94
47 60
40 60
37 60
60 91
47 91
44 91
52 91
58 91
77 78
0 78
52 78
53 77
40 77
28 77
77 94
1 77
18 77
58 77
12 77
77 97
52 77
47 77
56 77
47 56
56 97
21 56
56 94
36 56
44 53
53 97
52 53
18 53
18 40
18 28
18 94
18 21
0 18
3 58
3 97
3 36
40 97
28 97
1 97
37 97
58 97
21 97
44 97
94 97
27 42
27 36
10 42
40 42
28 42
42 94
42 47
42 58
36 42
21 42
0 42
1 21
21 37
21 58
21 44
21 36
35 65
28 35
35 58
65 94
47 65
40 65
37 65
10 65
1 65
44 65
23 65
52 65
0 65
12 65
12 23
10 12
12 40
0 12
12 44
12 52
0 61
23 28
28 40
28 94
28 47
28 44
28 37
1 28
23 58
40 58
47 58
52 58
58 94
0 46
36 76
10 36
36 37
52 76
23 52
40 52
37 52
0 52
44 52
23 76
23 94
23 47
23 40
23 37
1 23
23 44
10 23
76 98
0 98
76 94
47 76
40 76
37 76
44 76
10 76
1 76
0 70
10 94
10 47
10 40
10 37
0 10
1 10
1 11
11 44
40 44
1 44
44 47
44 94
1 8
0 8
1 47
1 94
0 1
0 39
0 69
37 40
37 47
0 13
40 94
40 47
0 40
0 50
0 9
0 2
