100 495
51 98
1 85
1 14
52 85
14 52
1 35
35 52
76 85
14 76
35 76
1 90
17 85
17 90
1 42
61 85
61 90
42 61
1 28
82 85
35 82
28 82
1 97
82 97
42 93
93 97
85 89
14 89
89 90
56 89
24 85
14 24
24 35
24 90
24 28
24 56
24 98
21 98
15 21
21 95
72 95
54 98
54 66
66 72
46 89
46 66
37 82
37 55
55 72
9 11
19 66
1 86
86 92
92 95
37 39
39 72
57 66
57 95
57 61
70 80
70 72
57 70
51 70
8 52
50 85
38 76
38 72
38 50
1 38
79 85
38 79
79 98
58 79
74 85
14 74
35 74
74 90
42 74
74 97
74 98
74 79
37 74
50 74
80 91
91 95
71 89
71 79
59 87
50 59
59 91
20 53
13 89
13 79
13 87
13 91
13 57
64 87
64 72
11 64
64 93
85 99
38 99
56 99
15 99
52 99
50 99
82 99
64 99
41 62
41 49
20 69
59 69
20 22
22 64
63 85
38 63
63 89
58 63
63 80
34 37
34 83
20 34
7 87
7 83
7 9
7 77
16 85
14 16
16 42
16 38
16 56
15 16
16 37
16 40
16 39
16 96
10 85
10 38
10 58
10 66
10 86
10 50
9 10
10 77
60 80
40 60
9 60
2 91
2 60
6 52
6 40
6 20
2 6
6 41
6 53
6 17
6 61
6 21
30 56
30 58
30 87
30 40
30 39
13 30
24 30
30 93
6 30
30 34
21 30
30 60
32 57
2 32
24 32
8 32
32 92
27 57
27 71
73 98
66 73
73 80
50 73
73 82
73 96
54 73
73 92
23 70
2 23
23 73
21 23
84 89
79 84
52 84
24 25
25 46
25 50
25 93
25 84
65 89
58 65
37 65
25 65
39 65
65 71
41 65
18 54
18 24
18 65
18 46
17 18
18 51
70 88
71 88
51 88
88 92
81 82
81 88
23 81
8 81
36 89
36 79
36 52
36 72
9 36
2 36
36 54
36 53
3 36
36 81
33 62
33 55
33 36
27 33
7 33
87 94
94 95
82 94
94 96
24 94
43 91
43 59
43 54
19 43
63 68
43 68
51 68
0 68
26 98
26 79
26 80
25 26
26 39
26 64
16 26
26 69
39 45
45 96
16 45
43 45
0 48
45 48
31 82
31 59
10 31
31 99
31 48
44 89
44 66
44 80
44 95
20 44
44 59
16 44
8 44
44 76
32 44
5 10
5 93
5 76
5 44
22 29
29 93
29 45
29 34
7 29
5 29
5 68
31 44
31 81
19 31
12 63
12 24
12 48
12 46
12 21
12 74
26 45
27 45
26 61
26 84
26 68
7 43
43 94
3 94
33 94
61 94
81 94
19 36
57 75
13 75
22 75
69 75
4 10
52 67
40 67
20 67
59 67
67 73
1 67
67 84
67 92
8 67
4 67
4 51
4 75
4 34
4 46
1 75
75 81
46 75
54 88
63 88
3 88
3 99
23 78
8 78
3 78
0 78
65 78
46 78
3 65
49 65
65 74
25 62
39 84
59 84
23 84
84 92
27 84
74 84
23 76
73 74
27 73
27 55
27 32
47 92
32 47
19 47
17 47
1 2
2 55
10 60
55 60
60 92
1 60
21 60
10 16
10 61
16 93
7 16
7 76
7 17
34 77
24 77
34 54
34 55
0 34
63 83
61 83
63 70
63 82
22 63
51 63
24 63
22 46
22 55
22 69
69 99
21 69
49 69
49 51
17 49
19 49
41 99
19 41
53 99
0 99
13 64
17 64
19 64
13 61
13 71
13 53
13 46
53 54
53 76
53 61
20 96
59 96
62 96
8 96
50 87
71 87
71 91
11 71
21 71
71 74
71 76
21 91
74 91
24 91
74 93
51 74
79 93
76 79
50 79
1 79
17 38
50 89
21 50
8 50
1 50
8 70
8 62
46 70
70 82
1 57
39 57
39 92
40 86
51 86
86 93
40 72
17 40
40 82
19 40
9 19
9 17
9 62
11 76
11 93
11 55
55 93
37 46
66 80
17 66
54 95
54 72
54 82
15 52
15 24
15 82
24 52
17 56
82 89
89 93
1 89
28 76
28 61
28 52
61 98
58 61
52 61
1 61
42 52
42 72
17 42
17 58
17 62
52 90
76 90
76 98
52 76
72 76
1 76
52 98
52 80
14 72
1 62
72 85
58 72
51 72
51 58
58 80
80 98
62 80
0 62
