100 1980
3 18
18 87
36 87
12 18
12 36
3 12
12 87
18 45
36 45
12 45
64 87
3 64
45 64
14 18
14 36
12 14
14 64
3 14
14 87
14 45
18 19
19 36
12 19
19 64
14 19
54 87
3 54
45 54
19 54
18 73
36 73
12 73
64 73
14 73
54 73
18 57
36 57
12 57
57 64
14 57
54 57
57 87
3 57
45 57
19 57
57 73
11 18
11 36
11 12
11 64
11 14
11 54
11 57
33 87
3 33
33 45
19 33
11 33
33 73
18 90
36 90
12 90
64 90
14 90
54 90
57 90
33 90
15 90
33 63
63 87
3 63
45 63
19 63
63 73
11 63
63 90
18 49
36 49
12 49
49 64
14 49
49 54
49 57
33 49
15 49
49 63
82 87
3 82
45 82
19 82
73 82
11 82
18 66
36 66
12 66
64 66
14 66
54 66
57 66
33 66
15 66
63 66
66 82
69 87
3 69
45 69
19 69
69 73
11 69
69 90
66 69
49 69
18 27
27 36
12 27
27 64
14 27
27 54
27 57
27 33
15 27
27 63
27 82
27 69
27 73
27 87
3 27
27 45
19 27
11 27
18 22
22 36
12 22
22 64
14 22
22 54
15 22
22 63
22 69
22 27
41 73
3 47
47 87
45 47
19 47
11 47
47 90
47 49
47 66
41 47
18 20
20 36
12 20
20 64
14 20
20 57
15 20
20 63
18 58
36 58
12 58
14 58
54 58
57 58
15 58
58 82
58 73
3 58
58 87
45 58
19 58
11 58
58 90
49 58
58 66
46 57
46 82
46 58
27 46
41 46
32 58
32 47
12 21
14 21
21 54
21 57
15 21
21 63
21 73
21 27
21 87
3 21
21 45
19 21
11 21
15 96
69 96
73 96
27 96
21 96
32 96
12 53
14 53
53 54
53 57
53 63
53 82
53 69
47 53
21 53
14 37
37 57
15 37
37 82
37 73
37 58
37 41
32 37
37 87
3 37
37 45
19 37
12 30
14 30
30 54
30 57
15 30
30 82
30 69
30 47
21 30
30 37
30 53
12 16
14 16
15 16
16 69
16 73
16 58
16 21
16 37
16 97
16 87
3 16
16 45
12 77
14 77
33 77
63 77
73 77
27 77
41 77
77 97
58 67
27 67
41 67
32 67
67 97
3 67
67 87
45 67
18 48
36 48
12 48
48 64
14 48
48 57
33 48
48 63
48 73
27 48
41 48
32 48
48 67
58 93
27 93
21 93
32 93
67 93
87 93
3 93
45 93
36 71
12 71
14 71
57 71
33 71
69 71
58 71
47 71
41 71
37 71
71 97
71 93
5 93
5 87
3 5
5 45
15 89
63 89
73 89
27 89
21 89
32 89
53 89
89 93
5 89
18 29
29 36
12 29
29 64
14 29
29 57
15 29
29 82
29 58
29 47
29 41
29 97
29 53
16 29
12 43
43 64
14 43
43 57
43 63
43 69
43 73
43 58
41 43
37 43
43 97
16 43
3 43
43 87
43 48
30 43
43 45
18 80
36 80
12 80
64 80
14 80
54 80
57 80
33 80
15 80
63 80
73 80
27 80
21 80
37 80
80 97
16 80
43 80
58 65
27 65
41 65
37 65
53 65
16 65
43 65
65 87
3 65
17 69
17 47
17 41
17 32
17 53
17 93
17 65
17 29
2 97
2 93
2 43
2 65
2 3
2 87
2 13
52 73
27 52
32 52
37 52
52 97
16 52
5 52
12 25
14 25
15 25
25 82
25 73
25 27
21 25
25 37
25 97
25 67
25 93
25 65
25 87
3 25
25 66
22 25
8 21
8 32
8 67
8 16
8 65
8 25
95 97
93 95
5 95
25 95
87 95
3 95
18 61
36 61
12 61
61 64
14 61
54 61
57 61
33 61
15 61
61 63
61 82
61 69
61 73
58 61
41 61
37 61
61 97
61 93
43 61
61 65
61 95
52 61
23 53
23 93
23 43
23 65
23 95
23 52
12 86
14 86
63 86
82 86
69 86
47 86
21 86
37 86
53 86
86 93
43 86
29 86
2 86
52 86
86 87
3 86
0 86
78 95
78 86
18 26
26 36
12 26
26 64
14 26
26 54
26 57
26 33
15 26
26 63
26 82
26 69
26 73
26 47
26 41
26 37
26 53
26 93
5 26
26 29
2 26
26 86
23 26
18 92
36 92
12 92
64 92
14 92
57 92
33 92
63 92
58 92
27 92
41 92
32 92
67 92
16 92
5 92
65 92
2 92
52 92
26 92
30 92
9 43
9 65
9 95
9 52
9 26
9 30
9 71
9 13
27 81
32 81
67 81
16 81
65 81
25 81
81 95
18 38
36 38
12 38
14 38
38 54
38 57
33 38
38 63
38 69
38 58
38 41
32 38
38 97
38 93
5 38
29 38
38 87
3 38
38 80
18 83
36 83
12 83
64 83
14 83
54 83
63 83
82 83
73 83
27 83
21 83
37 83
53 83
16 83
5 83
65 83
38 83
52 83
23 83
30 83
71 83
13 83
20 83
48 83
36 39
12 39
14 39
39 57
15 39
39 82
39 58
39 47
39 41
39 97
39 53
39 93
39 43
25 39
29 39
38 39
26 39
39 78
2 91
52 91
23 91
30 91
70 91
43 94
25 94
94 95
86 94
23 94
78 94
70 94
36 68
12 68
14 68
57 68
15 68
68 69
68 73
58 68
32 68
68 97
53 68
67 68
5 68
29 68
68 95
38 68
26 68
30 68
68 94
68 89
29 44
44 52
23 44
30 44
44 70
44 94
20 44
15 55
55 69
55 73
55 58
41 55
32 55
55 97
55 93
43 55
55 65
55 95
38 55
26 55
30 55
55 70
13 55
44 55
48 55
12 85
14 85
15 85
82 85
69 85
27 85
21 85
37 85
67 85
85 93
65 85
25 85
85 95
52 85
23 85
71 85
9 85
85 89
13 85
48 85
18 79
36 79
12 79
64 79
14 79
57 79
15 79
63 79
73 79
27 79
41 79
32 79
79 97
67 79
79 93
25 79
79 95
79 86
78 79
30 79
70 79
79 89
13 79
1 18
1 36
1 12
1 64
1 14
1 54
1 57
1 33
1 15
1 63
1 73
1 58
1 21
1 37
1 97
1 16
1 5
1 29
1 2
1 52
1 23
1 71
1 9
1 89
1 44
1 48
12 60
14 60
54 60
57 60
15 60
60 63
58 60
27 60
41 60
37 60
60 67
60 93
43 60
60 65
29 60
38 60
60 78
30 60
60 71
60 94
13 60
1 60
60 79
18 35
35 36
12 35
35 64
14 35
35 54
35 57
33 35
15 35
35 82
35 73
27 35
21 35
32 35
35 97
16 35
35 93
29 35
2 35
35 38
35 86
35 71
35 70
13 35
35 44
35 48
35 39
31 36
12 31
14 31
31 57
31 33
31 82
31 73
31 58
21 31
31 32
31 67
16 31
31 43
31 65
29 31
31 86
26 31
31 71
31 94
31 89
13 31
1 31
31 46
31 35
21 84
37 84
84 97
16 84
43 84
29 84
84 95
38 84
23 84
71 84
70 84
84 94
44 84
46 84
39 84
6 18
6 36
6 12
6 64
6 14
6 54
6 57
6 33
6 15
6 63
6 69
6 47
6 41
6 32
6 67
6 16
6 43
6 25
2 6
6 52
6 23
6 78
6 70
6 89
6 20
6 48
6 39
6 85
6 80
6 84
6 68
6 90
6 49
18 72
36 72
12 72
64 72
14 72
54 72
57 72
33 72
15 72
63 72
58 72
47 72
21 72
32 72
53 72
72 93
5 72
65 72
2 72
38 72
72 86
30 72
9 72
72 94
20 72
48 72
72 85
6 72
65 74
25 74
29 74
52 74
26 74
30 74
9 74
74 94
20 74
48 74
74 79
6 74
72 74
61 74
74 91
31 74
74 81
0 74
12 76
14 76
33 76
63 76
73 76
47 76
41 76
37 76
53 76
16 76
43 76
25 76
76 95
76 86
26 76
76 78
71 76
76 89
44 76
48 76
39 76
35 76
72 76
61 76
59 97
16 59
43 59
25 59
29 59
59 86
26 59
30 59
9 59
59 89
20 59
1 59
59 79
59 85
59 72
21 40
32 40
40 53
40 67
40 43
25 40
40 95
40 52
40 78
40 71
9 40
40 94
13 40
40 46
40 85
6 40
40 72
22 40
40 80
21 98
37 98
97 98
93 98
5 98
29 98
95 98
38 98
23 98
78 98
9 98
94 98
20 98
1 98
79 98
35 98
84 98
40 98
91 98
31 98
19 98
49 98
7 12
7 64
7 14
7 57
7 63
7 82
7 73
7 27
7 41
7 37
7 53
7 67
7 43
7 29
7 95
7 38
7 23
7 30
7 71
7 89
7 44
7 46
7 39
6 7
28 73
28 58
28 41
28 37
28 67
16 28
28 43
28 29
2 28
28 52
23 28
28 30
9 28
28 94
20 28
1 28
28 46
28 35
28 92
10 12
10 64
10 14
10 54
10 15
10 63
10 73
10 58
10 41
10 97
10 53
10 93
5 10
10 25
2 10
10 86
10 23
10 78
9 10
10 94
10 44
10 46
10 79
10 35
10 28
10 40
10 59
10 31
10 83
0 10
7 10
10 11
10 45
10 92
10 68
12 62
14 62
15 62
62 82
62 69
58 62
21 62
32 62
53 62
16 62
5 62
29 62
2 62
38 62
26 62
30 62
62 70
62 89
44 62
46 62
39 62
35 62
6 62
40 62
62 91
31 62
62 81
42 73
42 58
21 42
32 42
42 67
16 42
5 42
42 65
42 95
42 86
26 42
42 78
42 70
42 94
42 44
1 42
42 46
35 42
42 72
42 61
42 91
31 42
42 81
42 96
17 42
42 62
24 26
24 78
24 71
24 89
20 24
24 48
24 85
24 35
24 72
24 40
24 61
18 50
36 50
12 50
50 64
14 50
50 54
50 57
33 50
15 50
50 63
50 73
27 50
41 50
32 50
50 53
50 67
43 50
50 65
2 50
50 86
26 50
50 71
9 50
50 89
20 50
46 50
39 50
50 85
6 50
50 84
50 59
31 50
45 50
17 50
51 58
47 51
41 51
32 51
51 53
16 51
5 51
25 51
51 95
38 51
23 51
51 78
51 70
51 89
20 51
46 51
39 51
35 51
6 51
51 61
51 91
50 51
51 83
0 51
49 51
3 51
45 51
51 55
51 68
51 60
51 90
8 51
51 96
51 98
17 51
51 74
50 92
24 50
50 87
50 60
50 76
50 90
3 50
50 68
50 77
49 50
50 66
19 24
24 42
24 76
3 24
12 75
14 75
63 75
75 82
58 75
27 75
21 75
32 75
75 97
75 93
43 75
65 75
2 75
38 75
75 78
30 75
9 75
75 94
13 75
1 75
75 79
35 75
28 75
61 75
75 91
75 83
75 81
0 75
49 75
3 75
55 75
4 57
4 82
4 69
4 27
4 21
4 37
4 53
4 67
4 43
4 29
4 95
4 52
4 26
4 30
4 9
4 13
4 20
1 4
4 85
4 6
4 72
4 40
4 59
4 31
4 81
4 49
4 76
4 75
4 45
4 92
4 77
4 68
4 90
4 10
4 22
4 24
21 88
37 88
53 88
67 88
5 88
65 88
2 88
38 88
26 88
78 88
70 88
13 88
44 88
1 88
39 88
6 88
72 88
40 88
88 91
83 88
19 88
0 88
7 88
3 88
66 88
88 92
15 34
34 63
34 73
27 34
34 41
34 97
34 53
34 67
5 34
25 34
34 95
34 38
23 34
34 78
34 70
34 89
34 44
34 46
34 79
34 35
28 34
34 40
34 59
34 83
34 81
19 34
34 76
11 34
34 75
34 66
34 80
22 34
34 90
34 88
17 34
8 34
34 98
34 87
68 88
80 88
74 88
22 88
4 88
8 88
41 56
32 56
53 56
56 93
5 56
25 56
56 95
38 56
56 78
56 71
56 70
13 56
44 56
48 56
56 79
35 56
56 72
56 61
56 91
31 56
56 83
42 56
7 56
3 56
56 66
56 92
56 77
56 62
56 80
10 56
56 96
56 88
8 56
24 56
18 99
36 99
12 99
64 99
14 99
54 99
57 99
33 99
15 99
63 99
82 99
69 99
73 99
27 99
21 99
37 99
53 99
16 99
5 99
65 99
2 99
86 99
26 99
71 99
70 99
94 99
44 99
46 99
39 99
35 99
28 99
84 99
59 99
83 99
19 99
0 99
7 99
3 99
75 99
55 99
77 99
62 99
90 99
74 99
87 99
4 99
17 99
60 99
75 80
75 98
75 87
24 75
75 90
60 75
24 92
24 77
24 62
24 90
24 87
24 98
17 24
42 55
42 45
42 66
7 42
8 42
42 92
22 42
3 42
7 62
3 62
45 62
55 62
62 77
62 74
10 62
62 87
22 62
10 87
10 22
10 60
8 10
28 61
11 28
28 96
28 90
28 83
19 28
28 60
7 28
28 66
28 87
28 91
17 28
28 49
7 84
7 59
7 83
7 19
7 49
7 77
7 68
7 98
7 90
7 92
7 74
66 98
92 98
80 98
87 98
96 98
17 98
60 98
31 40
40 81
40 59
40 92
40 91
40 83
3 40
40 61
59 66
59 76
59 68
22 59
11 59
59 87
8 59
59 81
59 80
55 59
76 83
49 76
45 76
76 87
76 96
17 76
76 92
55 76
60 76
74 76
76 80
66 74
74 92
74 77
74 87
74 96
17 74
72 77
22 72
72 81
55 72
45 72
0 72
3 72
68 72
72 84
6 87
3 6
6 91
6 8
31 84
80 84
77 84
0 84
68 84
11 84
55 84
45 84
8 84
17 84
84 96
19 84
66 84
31 91
31 96
0 31
22 31
8 31
11 31
31 80
31 81
35 45
35 60
35 55
17 35
35 92
22 35
60 61
60 91
60 83
0 60
11 60
55 60
60 68
60 90
22 60
8 60
1 46
1 81
1 79
1 80
1 39
1 96
1 87
1 91
1 49
1 8
1 19
39 79
17 79
79 96
3 79
79 85
0 79
22 79
8 79
45 79
19 79
49 79
79 87
85 91
55 85
81 85
77 85
66 85
83 85
11 85
0 85
85 96
19 85
61 85
8 85
55 83
55 81
45 55
55 87
55 77
55 68
55 90
17 55
44 61
44 96
44 68
22 44
44 92
39 44
44 49
44 91
48 68
39 68
68 81
0 68
11 68
45 68
22 68
17 68
68 80
48 94
89 94
61 94
81 94
17 94
11 94
13 94
19 94
91 94
45 91
0 91
90 91
91 96
49 91
19 91
3 70
8 70
11 70
39 70
70 87
70 77
17 70
61 70
20 70
13 39
39 46
11 39
39 66
39 81
39 77
39 92
39 83
39 90
61 83
19 83
83 92
83 87
0 83
11 38
38 90
38 45
38 46
38 52
22 38
38 89
38 81
8 38
81 86
78 81
9 81
13 81
19 81
81 90
22 81
11 81
17 81
77 81
9 80
0 9
9 45
9 66
9 46
9 22
9 96
9 92
9 49
89 92
46 92
61 92
45 92
8 92
92 96
26 49
17 26
26 87
26 90
26 46
26 45
26 78
26 89
26 96
3 78
11 78
78 80
45 78
19 78
78 87
78 90
17 78
11 86
20 86
71 86
66 86
77 86
19 86
13 86
48 86
23 86
3 23
23 87
0 23
23 66
23 61
8 23
23 71
20 23
23 30
22 23
61 71
48 61
46 61
61 87
49 61
61 90
61 77
17 61
3 61
66 95
46 95
8 95
20 95
45 95
0 95
8 30
8 13
8 48
8 19
8 49
3 8
8 66
8 80
8 96
25 96
25 71
25 77
11 25
25 52
25 45
25 48
25 29
29 52
52 87
3 52
19 52
17 52
48 52
52 80
30 52
52 77
13 52
52 96
49 52
13 30
13 46
13 90
13 77
13 22
13 96
13 20
13 80
2 22
2 19
2 17
2 90
2 48
2 89
2 77
2 30
2 96
2 71
17 20
17 46
11 17
17 66
17 87
22 65
46 65
20 65
49 65
19 65
65 80
71 80
80 89
46 80
19 80
0 80
66 80
77 80
80 90
22 80
43 49
29 43
0 43
3 29
29 87
29 89
29 46
29 90
0 29
29 30
29 49
30 89
49 89
0 89
48 89
3 89
87 89
45 89
66 89
5 66
5 19
5 77
5 71
5 11
5 96
5 20
46 71
3 71
11 71
20 71
71 96
0 71
19 71
71 90
48 93
0 93
93 96
20 93
90 93
30 48
20 48
48 77
45 48
0 48
22 48
48 90
48 66
11 48
49 67
19 67
46 67
20 67
67 90
67 77
66 67
11 67
16 77
30 77
46 77
49 77
11 77
45 77
77 96
16 49
16 30
16 90
16 46
16 19
16 22
22 30
30 49
30 66
37 90
37 53
37 66
37 97
37 49
53 87
3 53
45 53
19 53
22 53
53 96
11 53
53 66
19 96
3 96
45 96
90 96
22 96
21 97
21 32
21 66
21 49
32 87
3 32
32 45
19 32
11 32
20 32
32 46
20 46
45 46
3 46
20 58
20 47
20 27
20 87
0 20
20 66
11 20
20 90
3 20
19 20
47 97
3 41
41 87
41 45
19 41
11 41
22 41
41 90
22 97
22 49
11 22
22 66
27 49
27 66
27 90
69 97
66 73
19 66
49 66
11 66
45 66
82 90
49 82
49 73
19 49
0 49
3 49
11 49
73 90
0 90
11 90
15 33
11 15
11 73
11 97
0 11
3 11
11 87
15 57
15 73
73 87
3 73
45 73
19 73
73 97
15 54
15 19
19 97
19 45
3 19
14 15
15 64
15 45
45 97
3 45
12 15
15 87
87 97
0 87
3 36
15 36
3 15
3 97
15 18
15 97
0 97
